0.0000000000e+00 0.0000000000e+00 0.0000000000e+00 3.1415900000e+08 0.0000000000e+00 0.0000000000e+00 0.0000000000e+00 -1.1784984552e+03 2.2614462446e+02 -4.6638893045e+09 -1.0017236869e+07 1.9222293079e+06 1.0000000000e+01
1.0000000000e+01 2.8740014438e-22 6.8962987489e-28 3.1414721481e+08 2.2614462441e+03 5.7480747656e-23 2.0689284317e-28 -1.1785388405e+03 2.2614462431e+02 -4.6638893045e+09 -1.0017236869e+07 1.9222293079e+06 5.0000000000e+01
6.0000000000e+01 1.0347699235e-20 1.4900197565e-25 3.1408828282e+08 1.3568677363e+04 3.4494919328e-22 7.4509374655e-27 -1.1787408124e+03 2.2614461922e+02 -4.6638893045e+09 -1.0017236869e+07 1.9222293079e+06 2.5000000000e+02
3.1000000000e+02 2.7639898817e-19 2.0579502322e-23 3.1379347128e+08 7.0104819122e+04 1.7839115283e-21 1.9927245929e-25 -1.1797518104e+03 2.2614448445e+02 -4.6638893045e+09 -1.0017236869e+07 1.9222293079e+06 1.2500000000e+03
1.5600000000e+03 7.0214359100e-18 2.6411488182e-21 3.1231560923e+08 3.5278375851e+05 9.0195312726e-21 5.0941147945e-24 -1.1848354717e+03 2.2614104539e+02 -4.6638893045e+09 -1.0017236869e+07 1.9222293079e+06 3.6000000000e+03
5.1600000000e+03 7.7526385657e-17 9.7570747607e-20 3.0802347884e+08 1.1668377101e+06 3.0247735880e-20 5.7291205828e-23 -1.1997501585e+03 2.2610437233e+02 -4.6638893044e+09 -1.0017236869e+07 1.9222293079e+06 3.6000000000e+03
8.7600000000e+03 2.2552884642e-16 4.8753617097e-19 3.0367689962e+08 1.9806843730e+06 5.2079119653e-20 1.6983709206e-22 -1.2150886319e+03 2.2602529891e+02 -4.6638893043e+09 -1.0017236869e+07 1.9222293079e+06 3.6000000000e+03
1.2360000000e+04 4.5326030704e-16 1.3991123611e-18 2.9927430373e+08 2.7941645584e+06 7.4547481560e-20 3.4799745892e-22 -1.2308746387e+03 2.2590012553e+02 -4.6638893041e+09 -1.0017236869e+07 1.9222293079e+06 3.6000000000e+03
1.5960000000e+04 7.6307886707e-16 3.0788247711e-18 2.9481403442e+08 3.6071050602e+06 9.7689410020e-20 5.9760177803e-22 -1.2471338854e+03 2.2572475648e+02 -4.6638893040e+09 -1.0017236869e+07 1.9222293079e+06 3.6000000000e+03
1.9560000000e+04 1.1574798213e-15 5.7953099800e-18 2.9029433851e+08 4.4193171377e+06 1.2154459091e-19 9.2511790483e-22 -1.2638942548e+03 2.2549464750e+02 -4.6638893038e+09 -1.0017236869e+07 1.9222293079e+06 3.6000000000e+03
2.3160000000e+04 1.6391074286e-15 9.8417657945e-18 2.8571335818e+08 5.2305947935e+06 1.4615615856e-19 1.3377386510e-21 -1.2811860527e+03 2.2520474502e+02 -4.6638893036e+09 -1.0017236869e+07 1.9222293079e+06 3.6000000000e+03
2.6760000000e+04 2.2107680322e-15 1.5538737925e-17 2.8106912173e+08 6.0407128160e+06 1.7157109716e-19 1.8434826182e-21 -1.2990422895e+03 2.2484941526e+02 -4.6638893034e+09 -1.0017236869e+07 1.9222293079e+06 3.6000000000e+03
3.0360000000e+04 2.8754447292e-15 2.3237299442e-17 2.7635953326e+08 6.8494245453e+06 1.9784070122e-19 2.4513120900e-21 -1.3174990043e+03 2.2442236142e+02 -4.6638893032e+09 -1.0017236869e+07 1.9222293079e+06 3.6000000000e+03
3.3960000000e+04 3.6363138193e-15 3.3322690394e-17 2.7158236115e+08 7.6564593163e+06 2.2502110595e-19 3.1712714224e-21 -1.3365956369e+03 2.2391652646e+02 -4.6638893029e+09 -1.0017236869e+07 1.9222293079e+06 3.6000000000e+03
3.7560000000e+04 4.4967633081e-15 4.6218498770e-17 2.6673522503e+08 8.4615195210e+06 2.5317390031e-19 4.0146501857e-21 -1.3563754590e+03 2.2332397847e+02 -4.6638893025e+09 -1.0017236869e+07 1.9222293079e+06 3.6000000000e+03
4.1160000000e+04 5.4604137891e-15 6.2391481077e-17 2.6181558110e+08 9.2642772220e+06 2.8236683870e-19 4.9941763464e-21 -1.3768860741e+03 2.2263577491e+02 -4.6638893021e+09 -1.0017236869e+07 1.9222293079e+06 3.6000000000e+03
4.4760000000e+04 6.5311420941e-15 8.2357142134e-17 2.5682070555e+08 1.0064370231e+07 3.1267467057e-19 6.1242461054e-21 -1.3981800002e+03 2.2184180119e+02 -4.6638893016e+09 -1.0017236869e+07 1.9222293079e+06 3.6000000000e+03
4.8360000000e+04 7.7131081773e-15 1.0668622046e-16 2.5174767565e+08 1.0861397555e+07 3.4418011201e-19 7.4211987232e-21 -1.4203153527e+03 2.2093057754e+02 -4.6638893010e+09 -1.0017236869e+07 1.9222293079e+06 3.6000000000e+03
5.1960000000e+04 9.0107857969e-15 1.3601225944e-16 2.4659334818e+08 1.1654914073e+07 3.7697498908e-19 8.9036468911e-21 -1.4433566475e+03 2.1988902690e+02 -4.6638893003e+09 -1.0017236869e+07 1.9222293079e+06 3.6000000000e+03
5.5560000000e+04 1.0428997676e-14 1.7104048756e-16 2.4135433476e+08 1.2444424300e+07 4.1116159026e-19 1.0592876132e-20 -1.4673757513e+03 2.1870219431e+02 -4.6638892994e+09 -1.0017236869e+07 1.9222293079e+06 3.6000000000e+03
5.9160000000e+04 1.1972955977e-14 2.1255828600e-16 2.3602697338e+08 1.3229375032e+07 4.4685427493e-19 1.2513330577e-20 -1.4924530116e+03 2.1735290561e+02 -4.6638892984e+09 -1.0017236869e+07 1.9222293079e+06 3.6000000000e+03
6.2760000000e+04 1.3648309117e-14 2.6144759338e-16 2.3060729554e+08 1.4009146628e+07 4.8418139779e-19 1.4693207617e-20 -1.5186786090e+03 2.1582134964e+02 -4.6638892971e+09 -1.0017236869e+07 1.9222293079e+06 3.6000000000e+03
6.6360000000e+04 1.5461196188e-14 3.1869969011e-16 2.2509098797e+08 1.4783042626e+07 5.2328762542e-19 1.7165190882e-20 -1.5461541845e+03 2.1408456329e+02 -4.6638892954e+09 -1.0017236869e+07 1.9222293079e+06 3.6000000000e+03
6.9960000000e+04 1.7418310571e-14 3.8543292706e-16 2.1947334799e+08 1.5550277287e+07 5.6433674407e-19 1.9967360419e-20 -1.5749948123e+03 2.1211579194e+02 -4.6638892934e+09 -1.0017236869e+07 1.9222293079e+06 3.6000000000e+03
7.3560000000e+04 1.9526974726e-14 4.6291412532e-16 2.1374923092e+08 1.6309960557e+07 6.0751508710e-19 2.3144331978e-20 -1.6053314081e+03 2.0988368909e+02 -4.6638892909e+09 -1.0017236869e+07 1.9222293079e+06 3.6000000000e+03
7.7160000000e+04 2.1795228683e-14 5.5258459135e-16 2.0791298794e+08 1.7061079790e+07 6.5303575182e-19 2.6748695356e-20 -1.6373136916e+03 2.0735130579e+02 -4.6638892876e+09 -1.0017236869e+07 1.9222293079e+06 3.6000000000e+03
8.0760000000e+04 2.4231935469e-14 6.5609198692e-16 2.0195839198e+08 1.7802477360e+07 7.0114383111e-19 3.0842847276e-20 -1.6711138622e+03 2.0447480282e+02 -4.6638892835e+09 -1.0017236869e+07 1.9222293079e+06 3.6000000000e+03
8.4360000000e+04 2.6846907628e-14 7.7532969870e-16 1.9587854887e+08 1.8532822994e+07 7.5212296376e-19 3.5501350720e-20 -1.7069312010e+03 2.0120179310e+02 -4.6638892781e+09 -1.0017236869e+07 1.9222293079e+06 3.6000000000e+03
8.7960000000e+04 2.9651060301e-14 9.1248591614e-16 1.8966578975e+08 1.9250579298e+07 8.0630361752e-19 4.0814005510e-20 -1.7449978909e+03 1.9746918435e+02 -4.6638892709e+09 -1.0017236869e+07 1.9222293079e+06 3.6000000000e+03
9.1560000000e+04 3.2656598075e-14 1.0701054229e-15 1.8331153983e+08 1.9953958334e+07 8.6407367765e-19 4.6889892880e-20 -1.7855864555e+03 1.9320033736e+02 -4.6638892614e+09 -1.0017236869e+07 1.9222293079e+06 3.6000000000e+03
9.5160000000e+04 3.5877245257e-14 1.2511682492e-15 1.7680615657e+08 2.0640866371e+07 9.2589214470e-19 5.3862773862e-20 -1.8290193832e+03 1.8830127322e+02 -4.6638892484e+09 -1.0017236869e+07 1.9222293079e+06 3.6000000000e+03
9.8760000000e+04 3.9328532713e-14 1.4591909979e-15 1.7013872817e+08 2.1308832683e+07 9.9230708822e-19 6.1898400376e-20 -1.8756817412e+03 1.8265553657e+02 -4.6638892305e+09 -1.0017236869e+07 1.9222293079e+06 3.6000000000e+03
1.0236000000e+05 4.3028159404e-14 1.6983591376e-15 1.6329681955e+08 2.1954916610e+07 1.0639795235e-18 7.1204578123e-20 -1.9260379510e+03 1.7611712557e+02 -4.6638892053e+09 -1.0017236869e+07 1.9222293079e+06 3.6000000000e+03
1.0596000000e+05 4.6996454085e-14 1.9737023149e-15 1.5626614795e+08 2.2575584381e+07 1.1417156829e-18 8.2045269038e-20 -1.9806544620e+03 1.6850058367e+02 -4.6638891690e+09 -1.0017236869e+07 1.9222293079e+06 3.6000000000e+03
1.0956000000e+05 5.1256973655e-14 2.2913305967e-15 1.4903016258e+08 2.3166543135e+07 1.2265114314e-18 9.4760759231e-20 -2.0402309573e+03 1.5956682985e+02 -4.6638891154e+09 -1.0017236869e+07 1.9222293079e+06 3.6000000000e+03
1.1316000000e+05 5.5837291599e-14 2.6587588876e-15 1.4156949064e+08 2.3722512988e+07 1.3196146607e-18 1.0979716942e-19 -2.1056441909e+03 1.4900242496e+02 -4.6638890340e+09 -1.0017236869e+07 1.9222293079e+06 3.3298398022e+03
1.1615408066e+05 5.9913570199e-14 3.0089475861e-15 1.3517702582e+08 2.4153569775e+07 1.4045051276e-18 1.2449334926e-19 -2.1652872343e+03 1.3867706189e+02 -4.6638889852e+09 -1.0017236869e+07 1.9222293079e+06 3.0134572617e+03
1.1916753792e+05 6.4284683381e-14 3.4094495035e-15 1.2855457840e+08 2.4553659001e+07 1.4980196953e-18 1.4177790049e-19 -2.2309894694e+03 1.2653313955e+02 -4.6638889098e+09 -1.0017236869e+07 1.9222293079e+06 2.7213757579e+03
1.2161319076e+05 6.8048263750e-14 3.7756410207e-15 1.2302813302e+08 2.4849448392e+07 1.5808793729e-18 1.5805851682e-19 -2.2892057040e+03 1.1509457005e+02 -4.6638888706e+09 -1.0017236869e+07 1.9222293079e+06 2.4622384043e+03
1.2407542917e+05 7.2050912250e-14 4.1875071965e-15 1.1731417512e+08 2.5116898041e+07 1.6716776828e-18 1.7694759089e-19 -2.3529995283e+03 1.0182332883e+02 -4.6638888116e+09 -1.0017236869e+07 1.9222293079e+06 2.2224104375e+03
1.2606943796e+05 7.5462815915e-14 4.5574413107e-15 1.1256707546e+08 2.5307921054e+07 1.7514866418e-18 1.9446217165e-19 -2.4090723639e+03 8.9517790445e+01 -4.6638887820e+09 -1.0017236869e+07 1.9222293079e+06 2.0088973091e+03
1.2787611522e+05 7.8696697769e-14 4.9246417756e-15 1.0816582176e+08 2.5458500678e+07 1.8293812337e-18 2.1238488388e-19 -2.4638001878e+03 7.6925503684e+01 -4.6638887569e+09 -1.0017236869e+07 1.9222293079e+06 1.8206617235e+03
1.2950736104e+05 8.1741751562e-14 5.2856308128e-15 1.0410398210e+08 2.5573771502e+07 1.9049027769e-18 2.3054817320e-19 -2.5168607356e+03 6.4164190298e+01 -4.6638887362e+09 -1.0017236869e+07 1.9222293079e+06 1.6454369664e+03
1.3097253901e+05 8.4585363781e-14 5.6365174558e-15 1.0037938363e+08 2.5658584796e+07 1.9774863863e-18 2.4873981871e-19 -2.5678571256e+03 5.1382954184e+01 -4.6638887199e+09 -1.0017236869e+07 1.9222293079e+06 1.4802523234e+03
1.3227686646e+05 8.7209104173e-14 5.9724579514e-15 9.6998826624e+07 2.5717523596e+07 2.0463515642e-18 2.6667015428e-19 -2.6162409895e+03 3.8785311355e+01 -4.6638887079e+09 -1.0017236869e+07 1.9222293079e+06 1.3215117806e+03
1.3341904729e+05 8.9582596387e-14 6.2867449558e-15 9.3985180573e+07 2.5755007300e+07 2.1103207040e-18 2.8391479529e-19 -2.6611849545e+03 2.6669429461e+01 -4.6638886998e+09 -1.0017236869e+07 1.9222293079e+06 1.1642389414e+03
1.3438396743e+05 9.1646153098e-14 6.5682438798e-15 9.1398193004e+07 2.5775440972e+07 2.1673062048e-18 2.9975781917e-19 -2.7012222969e+03 1.5538307270e+01 -4.6638886954e+09 -1.0017236869e+07 1.9222293079e+06 1.0005348964e+03
1.3510318556e+05 9.3220778388e-14 6.7883405769e-15 8.9444282350e+07 2.5783450934e+07 2.2116910778e-18 3.1241350315e-19 -2.7324065865e+03 6.6465725943e+00 -4.6638886942e+09 -1.0017236869e+07 1.9222293079e+06 8.2360979170e+02
1.3583783434e+05 9.4862798845e-14 7.0228522289e-15 8.7424835636e+07 2.5784822680e+07 2.2588445086e-18 3.2616329663e-19 -2.7655360323e+03 -3.0138705393e+00 -4.6638886925e+09 -1.0017236869e+07 1.9222293079e+06 6.9844629126e+02
1.3653628064e+05 9.6456665965e-14 7.2554691469e-15 8.5481885473e+07 2.5779338645e+07 2.3054989054e-18 3.4007814857e-19 -2.7983148626e+03 -1.2790281813e+01 -4.6638886910e+09 -1.0017236869e+07 1.9222293079e+06 8.6194809694e+02
1.3739822873e+05 9.8469622620e-14 7.5564338606e-15 8.3051801309e+07 2.5762809306e+07 2.3657216937e-18 3.5849933344e-19 -2.8406266851e+03 -2.5732789582e+01 -4.6638886858e+09 -1.0017236869e+07 1.9222293079e+06 9.4437050403e+02
1.3834259924e+05 1.0073630889e-13 7.9052012373e-15 8.0346315021e+07 2.5731333764e+07 2.4353640757e-18 3.8045209258e-19 -2.8895566034e+03 -4.1156539883e+01 -4.6638886752e+09 -1.0017236869e+07 1.9222293079e+06 9.8463409471e+02
1.3932723333e+05 1.0317182008e-13 8.2919785364e-15 7.7474763751e+07 2.5682258291e+07 2.5124819233e-18 4.0558204742e-19 -2.9437386958e+03 -5.8812550511e+01 -4.6638886582e+09 -1.0017236869e+07 1.9222293079e+06 9.9944744444e+02
1.4032668078e+05 1.0572418901e-13 8.7111867076e-15 7.4503652099e+07 2.5613747229e+07 2.5960112196e-18 4.3378407874e-19 -3.0024253968e+03 -7.8626965922e+01 -4.6638886338e+09 -1.0017236869e+07 1.9222293079e+06 9.9732015802e+02
1.4132400093e+05 1.0835724175e-13 9.1591279566e-15 7.1478359960e+07 2.5524567570e+07 2.6852928097e-18 4.6507099348e-19 -3.0651535916e+03 -1.0060878414e+02 -4.6638886010e+09 -1.0017236869e+07 1.9222293079e+06 9.8336195218e+02
1.4230736289e+05 1.1104379776e-13 9.6330830549e-15 6.8431926774e+07 2.5413954313e+07 2.7798860085e-18 4.9952363161e-19 -3.1316136602e+03 -1.2481480236e+02 -4.6638885589e+09 -1.0017236869e+07 1.9222293079e+06 9.6097241588e+02
1.4326833530e+05 1.1376244106e-13 1.0130896637e-14 6.5389335468e+07 2.5281515093e+07 2.8794810204e-18 5.3726853294e-19 -3.2015879439e+03 -1.5133392598e+02 -4.6638885067e+09 -1.0017236869e+07 1.9222293079e+06 9.3256439237e+02
1.4420089969e+05 1.1649577696e-13 1.0650763007e-14 6.2369900126e+07 2.5127157522e+07 2.9838520753e-18 5.7846684967e-19 -3.2749178191e+03 -1.8027937863e+02 -4.6638884434e+09 -1.0017236869e+07 1.9222293079e+06 8.9992308342e+02
1.4510082278e+05 1.1922939846e-13 1.1191106556e-14 5.9388731851e+07 2.4951031269e+07 3.0928298431e-18 6.2330855783e-19 -3.3514843167e+03 -2.1178463524e+02 -4.6638883681e+09 -1.0017236869e+07 1.9222293079e+06 8.6440515905e+02
1.4596522794e+05 1.2195122717e-13 1.1750511455e-14 5.6457706881e+07 2.4753480549e+07 3.2062839307e-18 6.7200945534e-19 -3.4311958239e+03 -2.4600131287e+02 -4.6638882799e+09 -1.0017236869e+07 1.9222293079e+06 8.2705906639e+02
1.4679228700e+05 1.2465106707e-13 1.2327678969e-14 5.3586143295e+07 2.4535004405e+07 3.3241110491e-18 7.2480976383e-19 -3.5139797711e+03 -2.8309818844e+02 -4.6638881778e+09 -1.0017236869e+07 1.9222293079e+06 7.8870288939e+02
1.4758098989e+05 1.2732028683e-13 1.2921401126e-14 5.0781295759e+07 2.4296223122e+07 3.4462265456e-18 7.8197373216e-19 -3.5997766823e+03 -3.2326092007e+02 -4.6638880609e+09 -1.0017236869e+07 1.9222293079e+06 7.4997761290e+02
1.4833096751e+05 1.2995158320e-13 1.3530544459e-14 4.8048730424e+07 2.4037849588e+07 3.5725580050e-18 8.4378991682e-19 -3.6885356794e+03 -3.6669224416e+02 -4.6638879281e+09 -1.0017236869e+07 1.9222293079e+06 7.1138524415e+02
1.4904235275e+05 1.3253879809e-13 1.4154040192e-14 4.5392617274e+07 2.3760664770e+07 3.7030401496e-18 9.1057195846e-19 -3.7802108991e+03 -4.1361252095e+02 -4.6638877783e+09 -1.0017236869e+07 1.9222293079e+06 6.7331709870e+02
1.4971566985e+05 1.3507677213e-13 1.4790878605e-14 4.2815963409e+07 2.3465496635e+07 3.8376105518e-18 9.8265975245e-19 -3.8747584805e+03 -4.6426055691e+02 -4.6638876106e+09 -1.0017236869e+07 1.9222293079e+06 6.3607541489e+02
1.5035174526e+05 1.3756122430e-13 1.5440106204e-14 4.0320802650e+07 2.3153201998e+07 3.9762058363e-18 1.0604209587e-18 -3.9721338969e+03 -5.1889466558e+02 -4.6638874236e+09 -1.0017236869e+07 1.9222293079e+06 5.9989025371e+02
1.5095163552e+05 1.3998865038e-13 1.6100824772e-14 3.7908351907e+07 2.2824650862e+07 4.1187581449e-18 1.1442528250e-18 -4.0722894718e+03 -5.7779394856e+02 -4.6638872164e+09 -1.0017236869e+07 1.9222293079e+06 5.6493295231e+02
1.5151656847e+05 1.4235623578e-13 1.6772191729e-14 3.5579141649e+07 2.2480712886e+07 4.2651916928e-18 1.2345843182e-18 -4.1751719598e+03 -6.4125979299e+02 -4.6638869876e+09 -1.0017236869e+07 1.9222293079e+06 5.3132699197e+02
1.5204789546e+05 1.4466177947e-13 1.7453421428e-14 3.3333125738e+07 2.2122245657e+07 4.4154192779e-18 1.3318785740e-18 -4.2807200937e+03 -7.0961759244e+02 -4.6638867362e+09 -1.0017236869e+07 1.9222293079e+06 4.9915686749e+02
1.5254705233e+05 1.4690362686e-13 1.8143787132e-14 3.1169774534e+07 2.1750084478e+07 4.5693386225e-18 1.4366356860e-18 -4.3888620144e+03 -7.8321870694e+02 -4.6638864607e+09 -1.0017236869e+07 1.9222293079e+06 4.6847538976e+02
1.5301552772e+05 1.4908061007e-13 1.8842623562e-14 2.9088154222e+07 2.1365033415e+07 4.7268284315e-18 1.5493958714e-18 -4.4995125014e+03 -8.6244268659e+02 -4.6638861599e+09 -1.0017236869e+07 1.9222293079e+06 4.3930973339e+02
1.5345483745e+05 1.5119199433e-13 1.9549329930e-14 2.7086994635e+07 2.0967857370e+07 4.8877440509e-18 1.6707430573e-18 -4.6125699225e+03 -9.4769979178e+02 -4.6638858326e+09 -1.0017236869e+07 1.9222293079e+06 4.1166647127e+02
1.5386650392e+05 1.5323742993e-13 2.0263373478e-14 2.5164747350e+07 2.0559274933e+07 5.0519125991e-18 1.8013089524e-18 -4.7279128130e+03 -1.0394338536e+03 -4.6638854774e+09 -1.0017236869e+07 1.9222293079e+06 3.8553577578e+02
1.5425203970e+05 1.5521690876e-13 2.0984293568e-14 2.3319635492e+07 2.0139951802e+07 5.2191274248e-18 1.9417776799e-18 -4.8453959823e+03 -1.1381255290e+03 -4.6638850931e+09 -1.0017236869e+07 1.9222293079e+06 3.6089493750e+02
1.5461293464e+05 1.5713072531e-13 2.1711706419e-14 2.1549696373e+07 1.9710494541e+07 5.3891417210e-18 2.0928910720e-18 -4.9648460267e+03 -1.2442960205e+03 -4.6638846785e+09 -1.0017236869e+07 1.9222293079e+06 3.3771131822e+02
1.5495064595e+05 1.5897944143e-13 2.2445310673e-14 1.9852817910e+07 1.9271444422e+07 5.5616610855e-18 2.2554547514e-18 -5.0860561025e+03 -1.3585113491e+03 -4.6638842323e+09 -1.0017236869e+07 1.9222293079e+06 3.1594483285e+02
1.5526659079e+05 1.6076385481e-13 2.3184893984e-14 1.8226769565e+07 1.8823271115e+07 5.7363347667e-18 2.4303451611e-18 -5.2087797759e+03 -1.4813872935e+03 -4.6638837534e+09 -1.0017236869e+07 1.9222293079e+06 2.9555004380e+02
1.5556214083e+05 1.6248497083e-13 2.3930340958e-14 1.6669228427e+07 1.8366365894e+07 5.9127452657e-18 2.6185177459e-18 -5.3327237171e+03 -1.6135951377e+03 -4.6638832411e+09 -1.0017236869e+07 1.9222293079e+06 2.7647793752e+02
1.5583861877e+05 1.6414397767e-13 2.4681642822e-14 1.5177800920e+07 1.7901034043e+07 6.0903958675e-18 2.8210165542e-18 -5.4575389399e+03 -1.7558684181e+03 -4.6638826944e+09 -1.0017236869e+07 1.9222293079e+06 2.5867744259e+02
1.5609729621e+05 1.6574222455e-13 2.5438909378e-14 1.3750040499e+07 1.7427485983e+07 6.2686955425e-18 3.0389856080e-18 -5.5828101940e+03 -1.9090109109e+03 -4.6638821129e+09 -1.0017236869e+07 1.9222293079e+06 2.4209674634e+02
1.5633939296e+05 1.6728120313e-13 2.6202383952e-14 1.2383461612e+07 1.6945826607e+07 6.4469404755e-18 3.2736825020e-18 -5.7080429869e+03 -2.0739061876e+03 -4.6638814965e+09 -1.0017236869e+07 1.9222293079e+06 2.2668446348e+02
1.5656607742e+05 1.6876253204e-13 2.6972462337e-14 1.1075550058e+07 1.6456042066e+07 6.6242912142e-18 3.5264948527e-18 -5.8326475294e+03 -2.2515291709e+03 -4.6638808457e+09 -1.0017236869e+07 1.9222293079e+06 2.1239071014e+02
1.5677846813e+05 1.7018794470e-13 2.7749717089e-14 9.8237697702e+06 1.5957983039e+07 6.7997440522e-18 3.7989604383e-18 -5.9559186292e+03 -2.4429602858e+03 -4.6638801615e+09 -1.0017236869e+07 1.9222293079e+06 1.9916814439e+02
1.5697763628e+05 1.7155928073e-13 2.8534929099e-14 8.6255658551e+06 1.5451343124e+07 6.9720947025e-18 4.0927921927e-18 -6.0770101685e+03 -2.6494030196e+03 -4.6638794459e+09 -1.0017236869e+07 1.9222293079e+06 1.8697304256e+02
1.5716460932e+05 1.7287848136e-13 2.9329129177e-14 7.4783635700e+06 1.4935630441e+07 7.1398914802e-18 4.4099096791e-18 -6.1949022104e+03 -2.8722060348e+03 -4.6638787022e+09 -1.0017236869e+07 1.9222293079e+06 1.7576650360e+02
1.5734037582e+05 1.7414758946e-13 3.0133653643e-14 6.3795626012e+06 1.4410129666e+07 7.3013739252e-18 4.7524793530e-18 -6.3083578765e+03 -3.1128914575e+03 -4.6638779351e+09 -1.0017236869e+07 1.9222293079e+06 1.6551590587e+02
1.5750589173e+05 1.7536875521e-13 3.0950219820e-14 5.3265256723e+06 1.3873850409e+07 7.4543907704e-18 5.1229669425e-18 -6.4158657117e+03 -3.3731916791e+03 -4.6638771518e+09 -1.0017236869e+07 1.9222293079e+06 1.5619679564e+02
1.5766208852e+05 1.7654424881e-13 3.1781030349e-14 4.3165600149e+06 1.3325455771e+07 7.5962878778e-18 5.5242067939e-18 -6.5155609500e+03 -3.6550980783e+03 -4.6638763624e+09 -1.0017236869e+07 1.9222293079e+06 1.4779547016e+02
1.5780988399e+05 1.7767648190e-13 3.2628920029e-14 3.3468896314e+06 1.2763161608e+07 7.7237512988e-18 5.9594952821e-18 -6.6051152501e+03 -3.9609266490e+03 -4.6638755810e+09 -1.0017236869e+07 1.9222293079e+06 1.4031263659e+02
1.5795019663e+05 1.7876803971e-13 3.3497566479e-14 2.4146157313e+06 1.2184591781e+07 7.8325812373e-18 6.4327185722e-18 -6.6815778845e+03 -4.2934077654e+03 -4.6638748273e+09 -1.0017236869e+07 1.9222293079e+06 1.3100097713e+02
1.5805979235e+05 1.7963050018e-13 3.4225025278e-14 1.6795027637e+06 1.1698272270e+07 7.9038563456e-18 6.8501537383e-18 -6.7316549371e+03 -4.5866928020e+03 -4.6638745682e+09 -1.0017236869e+07 1.9222293079e+06 1.1226392864e+02
1.5815267708e+05 1.8036691946e-13 3.4879197180e-14 1.0526387315e+06 1.1259664169e+07 7.9502309682e-18 7.2416502758e-18 -6.7642372013e+03 -4.8617536635e+03 -4.6638744439e+09 -1.0017236869e+07 1.9222293079e+06 9.5902237231e+01
1.5822744187e+05 1.8096231861e-13 3.5433281865e-14 5.4620810990e+05 1.0887278443e+07 7.9748676694e-18 7.5848038765e-18 -6.7815466577e+03 -5.1028493462e+03 -4.6638744001e+09 -1.0017236869e+07 1.9222293079e+06 7.9908946042e+01
1.5825593816e+05 1.8118965956e-13 3.5651375538e-14 3.5289819739e+05 1.0740492677e+07 7.9805909660e-18 7.7226814528e-18 -6.7855677785e+03 -5.1997205092e+03 -4.6638743997e+09 -1.0017236869e+07 1.9222293079e+06 7.0982640445e+01
1.5829848036e+05 1.8152927956e-13 3.5984423869e-14 6.4149260945e+04 1.0516117529e+07 7.9847490445e-18 7.9361904327e-18 -6.7884891956e+03 -5.3497294066e+03 -4.6638743970e+09 -1.0017236869e+07 1.9222293079e+06 4.9496472000e+01
1.5834797683e+05 1.8192446625e-13 3.6383628621e-14 -2.7183577506e+05 1.0246834328e+07 7.9820892999e-18 8.1966530256e-18 -6.7866204904e+03 -5.5327273601e+03 -4.6638743916e+09 -1.0017236869e+07 1.9222293079e+06 6.4466411054e+01
1.5841244325e+05 1.8243856712e-13 3.6923503456e-14 -7.0901056476e+05 9.8821033525e+06 7.9644249891e-18 8.5563211556e-18 -6.7742097534e+03 -5.7854259569e+03 -4.6638743738e+09 -1.0017236869e+07 1.9222293079e+06 7.5909307568e+01
1.5848835255e+05 1.8304159339e-13 3.7590048634e-14 -1.2221487328e+06 9.4309630343e+06 7.9186840053e-18 9.0110721893e-18 -6.7420726763e+03 -6.1049286831e+03 -4.6638743424e+09 -1.0017236869e+07 1.9222293079e+06 8.2060070777e+01
1.5857041262e+05 1.8368812304e-13 3.8351014927e-14 -1.7731005252e+06 8.9148745135e+06 7.8314999770e-18 9.5425237350e-18 -6.6808182037e+03 -6.4783202868e+03 -4.6638743069e+09 -1.0017236869e+07 1.9222293079e+06 8.6045924099e+01
1.5865645855e+05 1.8435621228e-13 3.9197713407e-14 -2.3438971490e+06 8.3394529453e+06 7.6870471721e-18 1.0145429315e-17 -6.5793273624e+03 -6.9019146546e+03 -4.6638742469e+09 -1.0017236869e+07 1.9222293079e+06 8.9757378274e+01
1.5874621593e+05 1.8503676729e-13 4.0138396187e-14 -2.9278260259e+06 7.6988384399e+06 7.4634209926e-18 1.0823196243e-17 -6.4222102396e+03 -7.3781057241e+03 -4.6638740339e+09 -1.0017236869e+07 1.9222293079e+06 9.5529067566e+01
1.5884174499e+05 1.8573440866e-13 4.1208765178e-14 -3.5305615029e+06 6.9684131640e+06 7.1228559486e-18 1.1593708508e-17 -6.1829332464e+03 -7.9194585767e+03 -4.6638731313e+09 -1.0017236869e+07 1.9222293079e+06 1.0595445392e+02
1.5894769945e+05 1.8646254715e-13 4.2484420041e-14 -4.1670102017e+06 6.0961140956e+06 6.5920166864e-18 1.2490883760e-17 -5.8099718259e+03 -8.5498033535e+03 -4.6638689963e+09 -1.0017236869e+07 1.9222293079e+06 9.5589829043e+01
1.5903179814e+05 1.8699441040e-13 4.3565291651e-14 -4.6398012484e+06 5.3557248864e+06 6.0351186427e-18 1.3213275960e-17 -5.4187018122e+03 -9.0573476144e+03 -4.6638661186e+09 -1.0017236869e+07 1.9222293079e+06 8.4139472936e+01
1.5911593762e+05 1.8747410684e-13 4.4706915846e-14 -5.0759885623e+06 4.5726608474e+06 5.3443721298e-18 1.3917543433e-17 -4.9333914386e+03 -9.5521576560e+03 -4.6638614656e+09 -1.0017236869e+07 1.9222293079e+06 7.7157707780e+01
1.5919309533e+05 1.8785809501e-13 4.5804328709e-14 -5.4367043694e+06 3.8190802815e+06 4.5898295707e-18 1.4518814283e-17 -4.4032587135e+03 -9.9746034815e+03 -4.6638574412e+09 -1.0017236869e+07 1.9222293079e+06 7.2677206803e+01
1.5925531117e+05 1.8812257196e-13 4.6721396012e-14 -5.6958440411e+06 3.1888293616e+06 3.9006622463e-18 1.4952209748e-17 -3.9190578592e+03 -1.0279102036e+04 -4.6638559488e+09 -1.0017236869e+07 1.9222293079e+06 6.3097900592e+01
1.5931137173e+05 1.8832252463e-13 4.7569345080e-14 -5.9023957154e+06 2.6057481172e+06 3.2248381789e-18 1.5289623792e-17 -3.4442318204e+03 -1.0516165174e+04 -4.6638551671e+09 -1.0017236869e+07 1.9222293079e+06 5.6519736652e+01
1.5936789147e+05 1.8848449601e-13 4.8441696155e-14 -6.0828033271e+06 2.0056261494e+06 2.5003763315e-18 1.5568216506e-17 -2.9352334495e+03 -1.0711901137e+04 -4.6638546306e+09 -1.0017236869e+07 1.9222293079e+06 5.1783911302e+01
1.5941967538e+05 1.8859616189e-13 4.9253166250e-14 -6.2222857164e+06 1.4472074604e+06 1.8088813713e-18 1.5762207982e-17 -2.4493972257e+03 -1.0848197266e+04 -4.6638545271e+09 -1.0017236869e+07 1.9222293079e+06 4.8379105154e+01
1.5946805448e+05 1.8866773925e-13 5.0018965500e-14 -6.3295898350e+06 9.2010659143e+05 1.1486585426e-18 1.5886745049e-17 -1.9855324336e+03 -1.0935695544e+04 -4.6638546355e+09 -1.0017236869e+07 1.9222293079e+06 4.3984389661e+01
1.5950604014e+05 1.8870146260e-13 5.0623653176e-14 -6.3980494996e+06 5.0385039727e+05 6.2687431954e-19 1.5945151291e-17 -1.6189329771e+03 -1.0976731082e+04 -4.6638547103e+09 -1.0017236869e+07 1.9222293079e+06 3.9054244438e+01
1.5953297915e+05 1.8871337402e-13 5.1053514403e-14 -6.4381659056e+06 2.0792706885e+05 2.5774541293e-19 1.5965635534e-17 -1.3595873500e+03 -1.0991123071e+04 -4.6638547284e+09 -1.0017236869e+07 1.9222293079e+06 3.3009448403e+01
1.5956598860e+05 1.8871446216e-13 5.1580631639e-14 -6.4778320042e+06 -1.5495439056e+05 -1.9095040045e-19 1.5967513029e-17 -1.0443389503e+03 -1.0992442177e+04 -4.6638547897e+09 -1.0017236869e+07 1.9222293079e+06 3.1516940364e+01
1.5959750554e+05 1.8870176960e-13 5.2083601024e-14 -6.5060570322e+06 -5.0120737623e+05 -6.1331619354e-19 1.5946207466e-17 -7.4758971307e+02 -1.0977473139e+04 -4.6638548443e+09 -1.0017236869e+07 1.9222293079e+06 3.9714025578e+01
1.5963721957e+05 1.8866702885e-13 5.2715860022e-14 -6.5284515036e+06 -9.3644399649e+05 -1.1337536452e-18 1.5888897511e-17 -3.8193648232e+02 -1.0937207838e+04 -4.6638550311e+09 -1.0017236869e+07 1.9222293079e+06 3.5870079989e+01
1.5966326437e+05 1.8863315413e-13 5.3128997086e-14 -6.5353452766e+06 -1.2208193462e+06 -1.4662370762e-18 1.5834022454e-17 -1.4833753529e+02 -1.0898653269e+04 -4.6638550534e+09 -1.0017236869e+07 1.9222293079e+06 3.0797613300e+01
1.5969406198e+05 1.8858207427e-13 5.3615440100e-14 -6.5357521076e+06 -1.5556237707e+06 -1.8488957352e-18 1.5752792869e-17 1.2051393666e+02 -1.0841582318e+04 -4.6638551037e+09 -1.0017236869e+07 1.9222293079e+06 3.0634855578e+01
1.5972469683e+05 1.8851976126e-13 5.4096578697e-14 -6.5280748543e+06 -1.8867381805e+06 -2.2170480186e-18 1.5655836955e-17 3.7917339977e+02 -1.0773462234e+04 -4.6638551496e+09 -1.0017236869e+07 1.9222293079e+06 4.0185932187e+01
1.5976488277e+05 1.8842129579e-13 5.4722806835e-14 -6.5062532296e+06 -2.3176308702e+06 -2.6794276325e-18 1.5506817578e-17 7.0403587677e+02 -1.0668762973e+04 -4.6638553115e+09 -1.0017236869e+07 1.9222293079e+06 4.8069106310e+01
1.5981295187e+05 1.8827984464e-13 5.5463361011e-14 -6.4635206820e+06 -2.8270649517e+06 -3.1998088388e-18 1.5300622853e-17 1.0696495902e+03 -1.0523892985e+04 -4.6638556457e+09 -1.0017236869e+07 1.9222293079e+06 5.6345303482e+01
1.5986929718e+05 1.8808345597e-13 5.6317930866e-14 -6.3919431703e+06 -3.4147334911e+06 -3.7624857630e-18 1.5027788575e-17 1.4649797774e+03 -1.0332202831e+04 -4.6638562161e+09 -1.0017236869e+07 1.9222293079e+06 6.5792563981e+01
1.5993508974e+05 1.8781606152e-13 5.7295294485e-14 -6.2816114091e+06 -4.0865390365e+06 -4.3542918564e-18 1.4678084766e-17 1.8807757762e+03 -1.0086505049e+04 -4.6638570731e+09 -1.0017236869e+07 1.9222293079e+06 7.6141606080e+01
1.6001123135e+05 1.8746112070e-13 5.8396629963e-14 -6.1219669281e+06 -4.8431053718e+06 -4.9540792711e-18 1.4247142407e-17 2.3021793574e+03 -9.7837300175e+03 -4.6638581545e+09 -1.0017236869e+07 1.9222293079e+06 8.4794295018e+01
1.6009602564e+05 1.8701624954e-13 5.9583780696e-14 -5.9093356295e+06 -5.6580077360e+06 -5.5221960928e-18 1.3752389357e-17 2.7013315526e+03 -9.4361223453e+03 -4.6638591366e+09 -1.0017236869e+07 1.9222293079e+06 8.8935236552e+01
1.6018496088e+05 1.8650239947e-13 6.0783731947e-14 -5.6531206585e+06 -6.4809671421e+06 -6.0173973376e-18 1.3233663135e-17 3.0492541213e+03 -9.0716714042e+03 -4.6638597389e+09 -1.0017236869e+07 1.9222293079e+06 9.0452201855e+01
1.6027541308e+05 1.8593881413e-13 6.1957339739e-14 -5.3637500087e+06 -7.2850748908e+06 -6.4300589877e-18 1.2719129464e-17 3.3391853418e+03 -8.7101660999e+03 -4.6638600685e+09 -1.0017236869e+07 1.9222293079e+06 9.2204769782e+01
1.6036761785e+05 1.8532963729e-13 6.3106743926e-14 -5.0444127040e+06 -8.0717811366e+06 -6.7713502059e-18 1.2216614259e-17 3.5789725365e+03 -8.3571048293e+03 -4.6638602951e+09 -1.0017236869e+07 1.9222293079e+06 9.5073895622e+01
1.6046269174e+05 1.8467192158e-13 6.4244694799e-14 -4.6943538215e+06 -8.8497915818e+06 -7.0539320102e-18 1.1726642147e-17 3.7775111877e+03 -8.0128561874e+03 -4.6638605094e+09 -1.0017236869e+07 1.9222293079e+06 9.9102266730e+01
1.6056179401e+05 1.8396082856e-13 6.5382866308e-14 -4.3115401015e+06 -9.6270460492e+06 -7.2874331869e-18 1.1248626473e-17 3.9415663675e+03 -7.6770079984e+03 -4.6638607540e+09 -1.0017236869e+07 1.9222293079e+06 1.0423513021e+02
1.6066602914e+05 1.8319081151e-13 6.6530733574e-14 -3.8933761187e+06 -1.0409951872e+07 -7.4789366092e-18 1.0782059616e-17 4.0761144190e+03 -7.3492036137e+03 -4.6638610504e+09 -1.0017236869e+07 1.9222293079e+06 1.0941776859e+02
1.6077544691e+05 1.8236368662e-13 6.7685442109e-14 -3.4411965752e+06 -1.1196492263e+07 -7.6325410187e-18 1.0330729066e-17 4.1840350700e+03 -7.0321040793e+03 -4.6638613942e+09 -1.0017236869e+07 1.9222293079e+06 1.1197908198e+02
1.6088742599e+05 1.8150208793e-13 6.8818193937e-14 -2.9678146473e+06 -1.1967026903e+07 -7.7501239636e-18 9.9069240595e-18 4.2666474637e+03 -6.7343436677e+03 -4.6638617306e+09 -1.0017236869e+07 1.9222293079e+06 1.1469264436e+02
1.6100211864e+05 1.8060788814e-13 6.9931313714e-14 -2.4747255025e+06 -1.2723154639e+07 -7.8380093332e-18 9.5094356700e-18 4.3283946905e+03 -6.4550730015e+03 -4.6638620500e+09 -1.0017236869e+07 1.9222293079e+06 1.1707540108e+02
1.6111919404e+05 1.7968632224e-13 7.1022581707e-14 -1.9652173198e+06 -1.3463390719e+07 -7.9011689739e-18 9.1382123612e-18 4.3727699110e+03 -6.1942558721e+03 -4.6638623407e+09 -1.0017236869e+07 1.9222293079e+06 1.1860267550e+02
1.6123779671e+05 1.7874650744e-13 7.2085688044e-14 -1.4446875695e+06 -1.4183495367e+07 -7.9437970176e-18 8.7940295352e-18 4.4027198730e+03 -5.9524370678e+03 -4.6638625908e+09 -1.0017236869e+07 1.9222293079e+06 1.1843801821e+02
1.6135623473e+05 1.7780398595e-13 7.3108308287e-14 -9.2206208124e+05 -1.4875192198e+07 -7.9696022365e-18 8.4789069058e-18 4.4208503162e+03 -5.7310356157e+03 -4.6638627890e+09 -1.0017236869e+07 1.9222293079e+06 1.1497060583e+02
1.6147120534e+05 1.7688689421e-13 7.4066732791e-14 -4.1321689145e+05 -1.5522569995e+07 -7.9820707709e-18 8.1973845066e-18 4.4296105617e+03 -5.5332412901e+03 -4.6638629253e+09 -1.0017236869e+07 1.9222293079e+06 1.0382251621e+02
1.6154212219e+05 1.7632071572e-13 7.4642246176e-14 -9.9001945304e+04 -1.5910881463e+07 -7.9847439281e-18 8.0345819790e-18 4.4314886905e+03 -5.4188581495e+03 -4.6638629354e+09 -1.0017236869e+07 1.9222293079e+06 8.1832587786e+01
1.6162395477e+05 1.7566731275e-13 7.5292369839e-14 2.6363171951e+05 -1.6349144701e+07 -7.9838605882e-18 7.8561580795e-18 4.4308680663e+03 -5.2934996168e+03 -4.6638629532e+09 -1.0017236869e+07 1.9222293079e+06 1.0325545289e+02
1.6172721023e+05 1.7484321234e-13 7.6092502473e-14 7.2094857871e+05 -1.6887957810e+07 -7.9776324135e-18 7.6443328004e-18 4.4264922241e+03 -5.1446736678e+03 -4.6638630012e+09 -1.0017236869e+07 1.9222293079e+06 1.3188018374e+02
1.6185909041e+05 1.7379201468e-13 7.7083859989e-14 1.3040870948e+06 -1.7554649944e+07 -7.9629565532e-18 7.3933523976e-18 4.4161811373e+03 -4.9683377895e+03 -4.6638631318e+09 -1.0017236869e+07 1.9222293079e+06 1.5676334477e+02
1.6201585376e+05 1.7254558182e-13 7.8221131857e-14 1.9950707948e+06 -1.8318232591e+07 -7.9379581856e-18 7.1203618289e-18 4.3986175783e+03 -4.7765378276e+03 -4.6638633693e+09 -1.0017236869e+07 1.9222293079e+06 1.8228029437e+02
1.6219813405e+05 1.7110187926e-13 7.9492391029e-14 2.7945821866e+06 -1.9170182620e+07 -7.9013833715e-18 6.8330544983e-18 4.3729205442e+03 -4.5746790772e+03 -4.6638637409e+09 -1.0017236869e+07 1.9222293079e+06 2.1031916617e+02
1.6240845322e+05 1.6944512123e-13 8.0897675966e-14 3.7107400731e+06 -2.0109956735e+07 -7.8523370755e-18 6.5359657038e-18 4.3384611937e+03 -4.3659479853e+03 -4.6638642803e+09 -1.0017236869e+07 1.9222293079e+06 2.3564913138e+02
1.6264410235e+05 1.6760175807e-13 8.2402298072e-14 4.7281532077e+06 -2.1113795741e+07 -7.7919153135e-18 6.2400032115e-18 4.2960095745e+03 -4.1580082202e+03 -4.6638649354e+09 -1.0017236869e+07 1.9222293079e+06 2.5153611077e+02
1.6289563846e+05 1.6565031396e-13 8.3935960270e-14 5.8027799589e+06 -2.2134445219e+07 -7.7238844984e-18 5.9600004577e-18 4.2482119242e+03 -3.9612815795e+03 -4.6638655500e+09 -1.0017236869e+07 1.9222293079e+06 2.6933951246e+02
1.6316497797e+05 1.6357999063e-13 8.5504723275e-14 6.9399485793e+06 -2.3175729968e+07 -7.6493048531e-18 5.6943223546e-18 4.1958131428e+03 -3.7746192699e+03 -4.6638661327e+09 -1.0017236869e+07 1.9222293079e+06 2.8866365675e+02
1.6345364163e+05 1.6138348933e-13 8.7111324885e-14 8.1429948766e+06 -2.4239229623e+07 -7.5691935941e-18 5.4420827139e-18 4.1395279147e+03 -3.5973986658e+03 -4.6638666848e+09 -1.0017236869e+07 1.9222293079e+06 3.0964306795e+02
1.6376328470e+05 1.5905290958e-13 8.8758576729e-14 9.4155189093e+06 -2.5326545274e+07 -7.4844239704e-18 5.2024532480e-18 4.0799697744e+03 -3.4290378222e+03 -4.6638672080e+09 -1.0017236869e+07 1.9222293079e+06 3.3240060738e+02
1.6409568530e+05 1.5657989611e-13 9.0449250967e-14 1.0761295478e+07 -2.6439222493e+07 -7.3957540239e-18 4.9746782225e-18 4.0176713131e+03 -3.2690057690e+03 -4.6638677039e+09 -1.0017236869e+07 1.9222293079e+06 3.5707194470e+02
1.6445275725e+05 1.5395559831e-13 9.2186109788e-14 1.2184287508e+07 -2.7578769166e+07 -7.3038443223e-18 4.7580638653e-18 3.9530966381e+03 -3.1168150701e+03 -4.6638681738e+09 -1.0017236869e+07 1.9222293079e+06 3.8380507030e+02
1.6483656232e+05 1.5117063697e-13 9.3971924546e-14 1.3688654899e+07 -2.8746666152e+07 -7.2092725000e-18 4.5519706537e-18 3.8866515884e+03 -2.9720164042e+03 -4.6638686193e+09 -1.0017236869e+07 1.9222293079e+06 4.1276104493e+02
1.6524932336e+05 1.4821506946e-13 9.5809492096e-14 1.5278763602e+07 -2.9944375802e+07 -7.1125451082e-18 4.3558069346e-18 3.8186920609e+03 -2.8341940830e+03 -4.6638690415e+09 -1.0017236869e+07 1.9222293079e+06 4.4411480394e+02
1.6569343817e+05 1.4507835355e-13 9.7701648749e-14 1.6959194690e+07 -3.1173348631e+07 -7.0141073809e-18 4.1690236229e-18 3.7495308718e+03 -2.7029623257e+03 -4.6638694418e+09 -1.0017236869e+07 1.9222293079e+06 4.7805606654e+02
1.6617149423e+05 1.4174930960e-13 9.9651282424e-14 1.8734753467e+07 -3.2435028505e+07 -6.9143513591e-18 3.9911097438e-18 3.6794434644e+03 -2.5779621273e+03 -4.6638698211e+09 -1.0017236869e+07 1.9222293079e+06 5.1479033709e+02
1.6668628457e+05 1.3821608120e-13 1.0166134335e-13 2.0610478557e+07 -3.3730856595e+07 -6.8136227048e-18 3.8215886513e-18 3.6086726970e+03 -2.4588586021e+03 -4.6638701807e+09 -1.0017236869e+07 1.9222293079e+06 5.5454000371e+02
1.6724082457e+05 1.3446609390e-13 1.0373485365e-13 2.2591650976e+07 -3.5062274295e+07 -6.7122264605e-18 3.6600147891e-18 3.5374328886e+03 -2.3453387074e+03 -4.6638705216e+09 -1.0017236869e+07 1.9222293079e+06 5.9754552252e+02
1.6783837010e+05 1.3048601216e-13 1.0587491599e-13 2.4683803111e+07 -3.6430725214e+07 -6.6104319508e-18 3.5059708938e-18 3.4659132637e+03 -2.2371092788e+03 -4.6638708446e+09 -1.0017236869e+07 1.9222293079e+06 6.4406670364e+02
1.6848243680e+05 1.2626169418e-13 1.0808472153e-13 2.6892727607e+07 -3.7837656366e+07 -6.5084769793e-18 3.3590655596e-18 3.3942809002e+03 -2.1338953193e+03 -4.6638711508e+09 -1.0017236869e+07 1.9222293079e+06 6.9438408162e+02
1.6917682088e+05 1.2177814488e-13 1.1036755718e-13 2.9224486032e+07 -3.9284518607e+07 -6.4065714444e-18 3.2189311047e-18 3.3226832703e+03 -2.0354385000e+03 -4.6638714410e+09 -1.0017236869e+07 1.9222293079e+06 7.4880038587e+02
1.6992562127e+05 1.1701946661e-13 1.1272681236e-13 3.1685417303e+07 -4.0772766358e+07 -6.3049004686e-18 3.0852216875e-18 3.2512504388e+03 -1.9414958364e+03 -4.6638717160e+09 -1.0017236869e+07 1.9222293079e+06 8.0764210276e+02
1.7073326337e+05 1.1196880789e-13 1.1516598528e-13 3.4282145732e+07 -4.2303856634e+07 -6.2036271210e-18 2.9576116343e-18 3.1800969762e+03 -1.8518385144e+03 -4.6638719766e+09 -1.0017236869e+07 1.9222293079e+06 8.7126113857e+02
1.7160452451e+05 1.0660830992e-13 1.1768868875e-13 3.7021588629e+07 -4.3879247395e+07 -6.1028947954e-18 2.8357939466e-18 3.1093236293e+03 -1.7662508401e+03 -4.6638722235e+09 -1.0017236869e+07 1.9222293079e+06 9.4003657551e+02
1.7254456108e+05 1.0091905107e-13 1.2029865563e-13 3.9910963312e+07 -4.5500395197e+07 -6.0028292962e-18 2.7194789607e-18 3.0390187868e+03 -1.6845292995e+03 -4.6638724575e+09 -1.0017236869e+07 1.9222293079e+06 1.0143765238e+03
1.7280000000e+05 9.9389002339e-14 1.2098955811e-13 4.0684923186e+07 -4.5928049014e+07 -5.9770266196e-18 2.6902072688e-18 3.0208901298e+03 -1.6639633531e+03 -4.6638724577e+09 -1.0017236869e+07 1.9222293079e+06 1.0694419721e+03
1.7280000000e+05 9.9389002339e-14 1.2098955811e-13 4.0684923186e+07 -4.5928049014e+07 -5.9770266196e-18 2.6902072688e-18 3.0208901298e+03 -1.6639633531e+03 -4.6638724577e+09 -1.0017236869e+07 1.9222293079e+06 1.0694419721e+03
