0.0000000000e+00 0.0000000000e+00 0.0000000000e+00 3.1415900000e+08 0.0000000000e+00 0.0000000000e+00 0.0000000000e+00 -1.1784984552e+03 2.2614462446e+02 -4.6638893045e+09 -1.0017236869e+07 1.9222293079e+06 1.0000000000e+01
1.0000000000e+01 2.8740014438e-22 6.8962987489e-28 3.1414721481e+08 2.2614462441e+03 5.7480747656e-23 2.0689284317e-28 -1.1785388405e+03 2.2614462431e+02 -4.6638893045e+09 -1.0017236869e+07 1.9222293079e+06 5.0000000000e+01
6.0000000000e+01 1.0347699235e-20 1.4900197565e-25 3.1408828282e+08 1.3568677363e+04 3.4494919328e-22 7.4509374655e-27 -1.1787408124e+03 2.2614461922e+02 -4.6638893045e+09 -1.0017236869e+07 1.9222293079e+06 2.5000000000e+02
3.1000000000e+02 2.7639898817e-19 2.0579502322e-23 3.1379347128e+08 7.0104819122e+04 1.7839115283e-21 1.9927245929e-25 -1.1797518104e+03 2.2614448445e+02 -4.6638893045e+09 -1.0017236869e+07 1.9222293079e+06 1.2500000000e+03
1.5600000000e+03 7.0214359100e-18 2.6411488182e-21 3.1231560923e+08 3.5278375851e+05 9.0195312726e-21 5.0941147945e-24 -1.1848354717e+03 2.2614104539e+02 -4.6638893045e+09 -1.0017236869e+07 1.9222293079e+06 3.6000000000e+03
5.1600000000e+03 7.7526385657e-17 9.7570747607e-20 3.0802347884e+08 1.1668377101e+06 3.0247735880e-20 5.7291205828e-23 -1.1997501585e+03 2.2610437233e+02 -4.6638893044e+09 -1.0017236869e+07 1.9222293079e+06 3.6000000000e+03
8.7600000000e+03 2.2552884642e-16 4.8753617097e-19 3.0367689962e+08 1.9806843730e+06 5.2079119653e-20 1.6983709206e-22 -1.2150886319e+03 2.2602529891e+02 -4.6638893043e+09 -1.0017236869e+07 1.9222293079e+06 3.6000000000e+03
1.2360000000e+04 4.5326030704e-16 1.3991123611e-18 2.9927430373e+08 2.7941645584e+06 7.4547481560e-20 3.4799745892e-22 -1.2308746387e+03 2.2590012553e+02 -4.6638893041e+09 -1.0017236869e+07 1.9222293079e+06 3.6000000000e+03
1.5960000000e+04 7.6307886707e-16 3.0788247711e-18 2.9481403442e+08 3.6071050602e+06 9.7689410020e-20 5.9760177803e-22 -1.2471338854e+03 2.2572475648e+02 -4.6638893040e+09 -1.0017236869e+07 1.9222293079e+06 3.6000000000e+03
1.9560000000e+04 1.1574798213e-15 5.7953099800e-18 2.9029433851e+08 4.4193171377e+06 1.2154459091e-19 9.2511790483e-22 -1.2638942548e+03 2.2549464750e+02 -4.6638893038e+09 -1.0017236869e+07 1.9222293079e+06 3.6000000000e+03
2.3160000000e+04 1.6391074286e-15 9.8417657945e-18 2.8571335818e+08 5.2305947935e+06 1.4615615856e-19 1.3377386510e-21 -1.2811860527e+03 2.2520474502e+02 -4.6638893036e+09 -1.0017236869e+07 1.9222293079e+06 3.6000000000e+03
2.6760000000e+04 2.2107680322e-15 1.5538737925e-17 2.8106912173e+08 6.0407128160e+06 1.7157109716e-19 1.8434826182e-21 -1.2990422895e+03 2.2484941526e+02 -4.6638893034e+09 -1.0017236869e+07 1.9222293079e+06 3.6000000000e+03
3.0360000000e+04 2.8754447292e-15 2.3237299442e-17 2.7635953326e+08 6.8494245453e+06 1.9784070122e-19 2.4513120900e-21 -1.3174990043e+03 2.2442236142e+02 -4.6638893032e+09 -1.0017236869e+07 1.9222293079e+06 3.6000000000e+03
3.3960000000e+04 3.6363138193e-15 3.3322690394e-17 2.7158236115e+08 7.6564593163e+06 2.2502110595e-19 3.1712714224e-21 -1.3365956369e+03 2.2391652646e+02 -4.6638893029e+09 -1.0017236869e+07 1.9222293079e+06 3.6000000000e+03
3.7560000000e+04 4.4967633081e-15 4.6218498770e-17 2.6673522503e+08 8.4615195210e+06 2.5317390031e-19 4.0146501857e-21 -1.3563754590e+03 2.2332397847e+02 -4.6638893025e+09 -1.0017236869e+07 1.9222293079e+06 3.6000000000e+03
4.1160000000e+04 5.4604137891e-15 6.2391481077e-17 2.6181558110e+08 9.2642772220e+06 2.8236683870e-19 4.9941763464e-21 -1.3768860741e+03 2.2263577491e+02 -4.6638893021e+09 -1.0017236869e+07 1.9222293079e+06 3.6000000000e+03
4.4760000000e+04 6.5311420941e-15 8.2357142134e-17 2.5682070555e+08 1.0064370231e+07 3.1267467057e-19 6.1242461054e-21 -1.3981800002e+03 2.2184180119e+02 -4.6638893016e+09 -1.0017236869e+07 1.9222293079e+06 3.6000000000e+03
4.8360000000e+04 7.7131081773e-15 1.0668622046e-16 2.5174767565e+08 1.0861397555e+07 3.4418011201e-19 7.4211987232e-21 -1.4203153527e+03 2.2093057754e+02 -4.6638893010e+09 -1.0017236869e+07 1.9222293079e+06 3.6000000000e+03
5.1960000000e+04 9.0107857969e-15 1.3601225944e-16 2.4659334818e+08 1.1654914073e+07 3.7697498908e-19 8.9036468911e-21 -1.4433566475e+03 2.1988902690e+02 -4.6638893003e+09 -1.0017236869e+07 1.9222293079e+06 3.6000000000e+03
5.5560000000e+04 1.0428997676e-14 1.7104048756e-16 2.4135433476e+08 1.2444424300e+07 4.1116159026e-19 1.0592876132e-20 -1.4673757513e+03 2.1870219431e+02 -4.6638892994e+09 -1.0017236869e+07 1.9222293079e+06 3.6000000000e+03
5.9160000000e+04 1.1972955977e-14 2.1255828600e-16 2.3602697338e+08 1.3229375032e+07 4.4685427493e-19 1.2513330577e-20 -1.4924530116e+03 2.1735290561e+02 -4.6638892984e+09 -1.0017236869e+07 1.9222293079e+06 3.6000000000e+03
6.2760000000e+04 1.3648309117e-14 2.6144759338e-16 2.3060729554e+08 1.4009146628e+07 4.8418139779e-19 1.4693207617e-20 -1.5186786090e+03 2.1582134964e+02 -4.6638892971e+09 -1.0017236869e+07 1.9222293079e+06 3.6000000000e+03
6.6360000000e+04 1.5461196188e-14 3.1869969011e-16 2.2509098797e+08 1.4783042626e+07 5.2328762542e-19 1.7165190882e-20 -1.5461541845e+03 2.1408456329e+02 -4.6638892954e+09 -1.0017236869e+07 1.9222293079e+06 3.6000000000e+03
6.9960000000e+04 1.7418310571e-14 3.8543292706e-16 2.1947334799e+08 1.5550277287e+07 5.6433674407e-19 1.9967360419e-20 -1.5749948123e+03 2.1211579194e+02 -4.6638892934e+09 -1.0017236869e+07 1.9222293079e+06 3.6000000000e+03
7.3560000000e+04 1.9526974726e-14 4.6291412532e-16 2.1374923092e+08 1.6309960557e+07 6.0751508710e-19 2.3144331978e-20 -1.6053314081e+03 2.0988368909e+02 -4.6638892909e+09 -1.0017236869e+07 1.9222293079e+06 3.6000000000e+03
7.7160000000e+04 2.1795228683e-14 5.5258459135e-16 2.0791298794e+08 1.7061079790e+07 6.5303575182e-19 2.6748695356e-20 -1.6373136916e+03 2.0735130579e+02 -4.6638892876e+09 -1.0017236869e+07 1.9222293079e+06 3.6000000000e+03
8.0760000000e+04 2.4231935469e-14 6.5609198692e-16 2.0195839198e+08 1.7802477360e+07 7.0114383111e-19 3.0842847276e-20 -1.6711138622e+03 2.0447480282e+02 -4.6638892835e+09 -1.0017236869e+07 1.9222293079e+06 3.6000000000e+03
8.4360000000e+04 2.6846907628e-14 7.7532969870e-16 1.9587854887e+08 1.8532822994e+07 7.5212296376e-19 3.5501350720e-20 -1.7069312010e+03 2.0120179310e+02 -4.6638892781e+09 -1.0017236869e+07 1.9222293079e+06 3.6000000000e+03
8.7960000000e+04 2.9651060301e-14 9.1248591614e-16 1.8966578975e+08 1.9250579298e+07 8.0630361752e-19 4.0814005510e-20 -1.7449978909e+03 1.9746918435e+02 -4.6638892709e+09 -1.0017236869e+07 1.9222293079e+06 3.6000000000e+03
9.1560000000e+04 3.2656598075e-14 1.0701054229e-15 1.8331153983e+08 1.9953958334e+07 8.6407367765e-19 4.6889892880e-20 -1.7855864555e+03 1.9320033736e+02 -4.6638892614e+09 -1.0017236869e+07 1.9222293079e+06 3.6000000000e+03
9.5160000000e+04 3.5877245257e-14 1.2511682492e-15 1.7680615657e+08 2.0640866371e+07 9.2589214470e-19 5.3862773862e-20 -1.8290193832e+03 1.8830127322e+02 -4.6638892484e+09 -1.0017236869e+07 1.9222293079e+06 3.6000000000e+03
9.8760000000e+04 3.9328532713e-14 1.4591909979e-15 1.7013872817e+08 2.1308832683e+07 9.9230708822e-19 6.1898400376e-20 -1.8756817412e+03 1.8265553657e+02 -4.6638892305e+09 -1.0017236869e+07 1.9222293079e+06 3.6000000000e+03
1.0236000000e+05 4.3028159404e-14 1.6983591376e-15 1.6329681955e+08 2.1954916610e+07 1.0639795235e-18 7.1204578123e-20 -1.9260379510e+03 1.7611712557e+02 -4.6638892053e+09 -1.0017236869e+07 1.9222293079e+06 3.6000000000e+03
1.0596000000e+05 4.6996454085e-14 1.9737023149e-15 1.5626614795e+08 2.2575584381e+07 1.1417156829e-18 8.2045269038e-20 -1.9806544620e+03 1.6850058367e+02 -4.6638891690e+09 -1.0017236869e+07 1.9222293079e+06 3.6000000000e+03
1.0956000000e+05 5.1256973655e-14 2.2913305967e-15 1.4903016258e+08 2.3166543135e+07 1.2265114314e-18 9.4760759231e-20 -2.0402309573e+03 1.5956682985e+02 -4.6638891154e+09 -1.0017236869e+07 1.9222293079e+06 3.6000000000e+03
1.1316000000e+05 5.5837291599e-14 2.6587588876e-15 1.4156949064e+08 2.3722512988e+07 1.3196146607e-18 1.0979716942e-19 -2.1056441909e+03 1.4900242496e+02 -4.6638890340e+09 -1.0017236869e+07 1.9222293079e+06 3.6000000000e+03
1.1676000000e+05 6.0770056686e-14 3.0853621424e-15 1.3386119349e+08 2.4236907209e+07 1.4226150041e-18 1.2775077854e-19 -2.1780110204e+03 1.3638843040e+02 -4.6638889061e+09 -1.0017236869e+07 1.9222293079e+06 3.6000000000e+03
1.2036000000e+05 6.6094445710e-14 3.5830301385e-15 1.2587774596e+08 2.4701372177e+07 1.5375763299e-18 1.4943662956e-19 -2.2587814954e+03 1.2115220661e+02 -4.6638886976e+09 -1.0017236869e+07 1.9222293079e+06 3.6000000000e+03
1.2396000000e+05 7.1858207636e-14 4.1671368674e-15 1.1758560020e+08 2.5105106310e+07 1.6672385767e-18 1.7599850612e-19 -2.3498806646e+03 1.0249014462e+02 -4.6638883411e+09 -1.0017236869e+07 1.9222293079e+06 3.6000000000e+03
1.2756000000e+05 7.8120625989e-14 4.8580253592e-15 1.0894310431e+08 2.5433816831e+07 1.8153366319e-18 2.0909266841e-19 -2.4539326158e+03 7.9238575542e+01 -4.6638876972e+09 -1.0017236869e+07 1.9222293079e+06 3.6000000000e+03
1.3116000000e+05 8.4956965383e-14 5.6833764978e-15 9.9897378236e+07 2.5668055479e+07 1.9871264886e-18 2.5121041173e-19 -2.5746301481e+03 4.9647144588e+01 -4.6638864516e+09 -1.0017236869e+07 1.9222293079e+06 3.6000000000e+03
1.3476000000e+05 9.2465435857e-14 6.6821804950e-15 9.0379420777e+07 2.5780428190e+07 2.1903003971e-18 3.0627969555e-19 -2.7173777459e+03 1.0956113651e+01 -4.6638838246e+09 -1.0017236869e+07 1.9222293079e+06 3.6000000000e+03
1.3836000000e+05 1.0077869062e-13 7.9118213616e-15 8.0296031346e+07 2.5730617631e+07 2.4366860750e-18 3.8087572768e-19 -2.8904854246e+03 -4.1454180921e+01 -4.6638776253e+09 -1.0017236869e+07 1.9222293079e+06 3.6000000000e+03
1.4196000000e+05 1.1008412322e-13 9.4617651466e-15 6.9515549436e+07 2.5455766011e+07 2.7456757148e-18 4.8690790350e-19 -3.1075779103e+03 -1.1595114022e+02 -4.6638605877e+09 -1.0017236869e+07 1.9222293079e+06 3.6000000000e+03
1.4556000000e+05 1.2066300302e-13 1.1482999879e-14 5.7840358506e+07 2.4849790915e+07 3.1519502494e-18 6.4842817752e-19 -3.3930216186e+03 -2.2943338451e+02 -4.6638023232e+09 -1.0017236869e+07 1.9222293079e+06 3.6000000000e+03
1.4916000000e+05 1.3297570572e-13 1.4261799822e-14 4.4947004007e+07 2.3711559415e+07 3.7257417989e-18 9.2250645469e-19 -3.7961608108e+03 -4.2199755759e+02 -4.6635222934e+09 -1.0017236869e+07 1.9222293079e+06 3.6000000000e+03
1.5276000000e+05 1.4788376464e-13 1.8454566219e-14 3.0230182763e+07 2.1579891719e+07 4.6393106296e-18 1.4860663344e-18 -4.4380235234e+03 -8.1794809894e+02 -4.6610593322e+09 -1.0017236869e+07 1.9222293079e+06 3.6000000000e+03
1.5499795423e+05 1.5924287561e-13 2.2552200383e-14 1.9611979427e+07 1.9207043481e+07 5.5870423550e-18 2.2802884405e-18 -5.1038886839e+03 -1.3759592069e+03 -4.6585561225e+09 -1.0017236869e+07 1.9222293079e+06 2.4440216950e+03
1.5655430235e+05 1.6868437431e-13 2.6930595397e-14 1.1144339664e+07 1.6482794416e+07 6.6148986784e-18 3.5127600499e-18 -5.8260484443e+03 -2.2418792600e+03 -4.6545503288e+09 -1.0017236869e+07 1.9222293079e+06 1.6720505268e+03
1.5743263507e+05 1.7482500187e-13 3.0580962765e-14 5.7948932280e+06 1.4116719472e+07 7.3867901642e-18 4.9529849633e-18 -6.3683703211e+03 -3.2537643403e+03 -4.6530362224e+09 -1.0017236869e+07 1.9222293079e+06 1.1823845942e+03
1.5818926386e+05 1.8065804042e-13 3.5146943319e-14 8.0498310734e+05 1.1079822787e+07 7.9638039419e-18 7.4067476238e-18 -6.7737734129e+03 -4.9777491178e+03 -4.6507755674e+09 -1.0017236869e+07 1.9222293079e+06 7.0802622924e+02
1.5882474306e+05 1.8561288098e-13 4.1012925040e-14 -3.4251408365e+06 7.1021632462e+06 7.1917490256e-18 1.1453882193e-17 -6.2313367118e+03 -7.8212182529e+03 -4.6571745902e+09 -1.0017236869e+07 1.9222293079e+06 6.2925428865e+02
1.5929177444e+05 1.8825656307e-13 4.7271097667e-14 -5.8329565348e+06 2.8108614201e+06 3.4654650322e-18 1.5179129409e-17 -3.6132934166e+03 -1.0438533120e+04 -4.6489366493e+09 -1.0017236869e+07 1.9222293079e+06 5.5650866585e+02
1.5952052521e+05 1.8870843286e-13 5.0855241237e-14 -6.4200173510e+06 3.4441506993e+05 4.2670844604e-19 1.5959339662e-17 -1.4782987893e+03 -1.0986699665e+04 -4.6492704101e+09 -1.0017236869e+07 1.9222293079e+06 2.3147224783e+02
1.5975199746e+05 1.8845382964e-13 5.4523377607e-14 -6.5139258149e+06 -2.1804281843e+06 -2.5357379770e-18 1.5557820655e-17 6.0308121526e+02 -1.0704597135e+04 -4.6508140969e+09 -1.0017236869e+07 1.9222293079e+06 2.5960401479e+02
1.6001160147e+05 1.8745770766e-13 5.8402723043e-14 -6.1200051577e+06 -4.8473025958e+06 -4.9589124153e-18 1.4245190190e-17 2.3055750677e+03 -9.7823584128e+03 -4.6521097772e+09 -1.0017236869e+07 1.9222293079e+06 4.8966823522e+02
1.6050126971e+05 1.8439523810e-13 6.4694136859e-14 -4.5454233341e+06 -9.1568400872e+06 -7.1535200837e-18 1.1535969192e-17 3.8474805966e+03 -7.8788916126e+03 -4.6570991680e+09 -1.0017236869e+07 1.9222293079e+06 6.4535580296e+02
1.6114662551e+05 1.7946545040e-13 7.1272276541e-14 -1.8423633093e+06 -1.3632619893e+07 -7.9144276434e-18 9.0549152006e-18 4.3820852962e+03 -6.1357322671e+03 -4.6602310993e+09 -1.0017236869e+07 1.9222293079e+06 6.4574089296e+02
1.6179236640e+05 1.7431863589e-13 7.6585883746e-14 1.0127233665e+06 -1.7219866970e+07 -7.9726098444e-18 7.5166767417e-18 4.4229634261e+03 -5.0549840227e+03 -4.6610136693e+09 -1.0017236869e+07 1.9222293079e+06 7.8679819741e+02
1.6257916460e+05 1.6810231141e-13 8.1993156532e-14 4.4529993521e+06 -2.0841023032e+07 -7.8101340474e-18 6.3169892371e-18 4.3088098426e+03 -4.2120976960e+03 -4.6615522004e+09 -1.0017236869e+07 1.9222293079e+06 1.3903268842e+03
1.6396949148e+05 1.5750785798e-13 8.9813225078e-14 1.0258039610e+07 -2.6020896240e+07 -7.4299934092e-18 5.0568549191e-18 4.0417275025e+03 -3.3267421493e+03 -4.6633393012e+09 -1.0017236869e+07 1.9222293079e+06 1.8605540265e+03
1.6583004551e+05 1.4411325220e-13 9.8262416649e-14 1.7476272003e+07 -3.1536444544e+07 -6.9856744178e-18 4.1149185932e-18 3.7295542064e+03 -2.6649487683e+03 -4.6644059049e+09 -1.0017236869e+07 1.9222293079e+06 2.6362536552e+03
1.6846629917e+05 1.2635621375e-13 1.0802262875e-13 2.6845337446e+07 -3.7797680147e+07 -6.5114913274e-18 3.3615760815e-18 3.3963987457e+03 -2.1356591824e+03 -4.6652515457e+09 -1.0017236869e+07 1.9222293079e+06 3.6000000000e+03
1.7206629917e+05 1.0378961331e-13 1.1897310624e-13 3.8457770987e+07 -4.4677236151e+07 -6.0531186939e-18 2.7759849506e-18 3.0743515260e+03 -1.7242297432e+03 -4.6658040356e+09 -1.0017236869e+07 1.9222293079e+06 3.6000000000e+03
1.7280000000e+05 9.9376495843e-14 1.2097756690e-13 4.0693710103e+07 -4.5919624132e+07 -5.9774290921e-18 2.6893253541e-18 3.0211729022e+03 -1.6633437302e+03 -4.6658040929e+09 -1.0017236869e+07 1.9222293079e+06 3.6000000000e+03
1.7280000000e+05 9.9376495843e-14 1.2097756690e-13 4.0693710103e+07 -4.5919624132e+07 -5.9774290921e-18 2.6893253541e-18 3.0211729022e+03 -1.6633437302e+03 -4.6658040929e+09 -1.0017236869e+07 1.9222293079e+06 3.6000000000e+03
