0.0000000000e+00 0.0000000000e+00 0.0000000000e+00 3.1415900000e+08 0.0000000000e+00 0.0000000000e+00 0.0000000000e+00 -1.1784984552e+03 2.2614462446e+02 -4.6638893045e+09 -1.0017236869e+07 1.9222293079e+06 1.0000000000e+01
1.0000000000e+01 2.8740014438e-22 6.8962987489e-28 3.1414721481e+08 2.2614462441e+03 5.7480747656e-23 2.0689284317e-28 -1.1785388405e+03 2.2614462431e+02 -4.6638893045e+09 -1.0017236869e+07 1.9222293079e+06 5.0000000000e+01
6.0000000000e+01 1.0347699235e-20 1.4900197565e-25 3.1408828282e+08 1.3568677363e+04 3.4494919328e-22 7.4509374655e-27 -1.1787408124e+03 2.2614461922e+02 -4.6638893045e+09 -1.0017236869e+07 1.9222293079e+06 2.5000000000e+02
3.1000000000e+02 2.7639898817e-19 2.0579502322e-23 3.1379347128e+08 7.0104819122e+04 1.7839115283e-21 1.9927245929e-25 -1.1797518104e+03 2.2614448445e+02 -4.6638893045e+09 -1.0017236869e+07 1.9222293079e+06 1.2500000000e+03
1.5600000000e+03 7.0214359100e-18 2.6411488182e-21 3.1231560923e+08 3.5278375851e+05 9.0195312726e-21 5.0941147945e-24 -1.1848354717e+03 2.2614104539e+02 -4.6638893045e+09 -1.0017236869e+07 1.9222293079e+06 3.6000000000e+03
5.1600000000e+03 7.7526385657e-17 9.7570747607e-20 3.0802347884e+08 1.1668377101e+06 3.0247735880e-20 5.7291205828e-23 -1.1997501585e+03 2.2610437233e+02 -4.6638893044e+09 -1.0017236869e+07 1.9222293079e+06 3.6000000000e+03
8.7600000000e+03 2.2552884642e-16 4.8753617097e-19 3.0367689962e+08 1.9806843730e+06 5.2079119653e-20 1.6983709206e-22 -1.2150886319e+03 2.2602529891e+02 -4.6638893043e+09 -1.0017236869e+07 1.9222293079e+06 3.6000000000e+03
1.2360000000e+04 4.5326030704e-16 1.3991123611e-18 2.9927430373e+08 2.7941645584e+06 7.4547481560e-20 3.4799745892e-22 -1.2308746387e+03 2.2590012553e+02 -4.6638893041e+09 -1.0017236869e+07 1.9222293079e+06 3.6000000000e+03
1.5960000000e+04 7.6307886707e-16 3.0788247711e-18 2.9481403442e+08 3.6071050602e+06 9.7689410020e-20 5.9760177803e-22 -1.2471338854e+03 2.2572475648e+02 -4.6638893040e+09 -1.0017236869e+07 1.9222293079e+06 3.6000000000e+03
1.9560000000e+04 1.1574798213e-15 5.7953099800e-18 2.9029433851e+08 4.4193171377e+06 1.2154459091e-19 9.2511790483e-22 -1.2638942548e+03 2.2549464750e+02 -4.6638893038e+09 -1.0017236869e+07 1.9222293079e+06 3.6000000000e+03
2.3160000000e+04 1.6391074286e-15 9.8417657945e-18 2.8571335818e+08 5.2305947935e+06 1.4615615856e-19 1.3377386510e-21 -1.2811860527e+03 2.2520474502e+02 -4.6638893036e+09 -1.0017236869e+07 1.9222293079e+06 3.6000000000e+03
2.6760000000e+04 2.2107680322e-15 1.5538737925e-17 2.8106912173e+08 6.0407128160e+06 1.7157109716e-19 1.8434826182e-21 -1.2990422895e+03 2.2484941526e+02 -4.6638893034e+09 -1.0017236869e+07 1.9222293079e+06 3.6000000000e+03
3.0360000000e+04 2.8754447292e-15 2.3237299442e-17 2.7635953326e+08 6.8494245453e+06 1.9784070122e-19 2.4513120900e-21 -1.3174990043e+03 2.2442236142e+02 -4.6638893032e+09 -1.0017236869e+07 1.9222293079e+06 3.6000000000e+03
3.3960000000e+04 3.6363138193e-15 3.3322690394e-17 2.7158236115e+08 7.6564593163e+06 2.2502110595e-19 3.1712714224e-21 -1.3365956369e+03 2.2391652646e+02 -4.6638893029e+09 -1.0017236869e+07 1.9222293079e+06 3.6000000000e+03
3.7560000000e+04 4.4967633081e-15 4.6218498770e-17 2.6673522503e+08 8.4615195210e+06 2.5317390031e-19 4.0146501857e-21 -1.3563754590e+03 2.2332397847e+02 -4.6638893025e+09 -1.0017236869e+07 1.9222293079e+06 3.6000000000e+03
4.1160000000e+04 5.4604137891e-15 6.2391481077e-17 2.6181558110e+08 9.2642772220e+06 2.8236683870e-19 4.9941763464e-21 -1.3768860741e+03 2.2263577491e+02 -4.6638893021e+09 -1.0017236869e+07 1.9222293079e+06 3.6000000000e+03
4.4760000000e+04 6.5311420941e-15 8.2357142134e-17 2.5682070555e+08 1.0064370231e+07 3.1267467057e-19 6.1242461054e-21 -1.3981800002e+03 2.2184180119e+02 -4.6638893016e+09 -1.0017236869e+07 1.9222293079e+06 3.6000000000e+03
4.8360000000e+04 7.7131081773e-15 1.0668622046e-16 2.5174767565e+08 1.0861397555e+07 3.4418011201e-19 7.4211987232e-21 -1.4203153527e+03 2.2093057754e+02 -4.6638893010e+09 -1.0017236869e+07 1.9222293079e+06 3.6000000000e+03
5.1960000000e+04 9.0107857969e-15 1.3601225944e-16 2.4659334818e+08 1.1654914073e+07 3.7697498908e-19 8.9036468911e-21 -1.4433566475e+03 2.1988902690e+02 -4.6638893003e+09 -1.0017236869e+07 1.9222293079e+06 3.6000000000e+03
5.5560000000e+04 1.0428997676e-14 1.7104048756e-16 2.4135433476e+08 1.2444424300e+07 4.1116159026e-19 1.0592876132e-20 -1.4673757513e+03 2.1870219431e+02 -4.6638892994e+09 -1.0017236869e+07 1.9222293079e+06 3.6000000000e+03
5.9160000000e+04 1.1972955977e-14 2.1255828600e-16 2.3602697338e+08 1.3229375032e+07 4.4685427493e-19 1.2513330577e-20 -1.4924530116e+03 2.1735290561e+02 -4.6638892984e+09 -1.0017236869e+07 1.9222293079e+06 3.6000000000e+03
6.2760000000e+04 1.3648309117e-14 2.6144759338e-16 2.3060729554e+08 1.4009146628e+07 4.8418139779e-19 1.4693207617e-20 -1.5186786090e+03 2.1582134964e+02 -4.6638892971e+09 -1.0017236869e+07 1.9222293079e+06 3.6000000000e+03
6.6360000000e+04 1.5461196188e-14 3.1869969011e-16 2.2509098797e+08 1.4783042626e+07 5.2328762542e-19 1.7165190882e-20 -1.5461541845e+03 2.1408456329e+02 -4.6638892954e+09 -1.0017236869e+07 1.9222293079e+06 3.6000000000e+03
6.9960000000e+04 1.7418310571e-14 3.8543292706e-16 2.1947334799e+08 1.5550277287e+07 5.6433674407e-19 1.9967360419e-20 -1.5749948123e+03 2.1211579194e+02 -4.6638892934e+09 -1.0017236869e+07 1.9222293079e+06 3.6000000000e+03
7.3560000000e+04 1.9526974726e-14 4.6291412532e-16 2.1374923092e+08 1.6309960557e+07 6.0751508710e-19 2.3144331978e-20 -1.6053314081e+03 2.0988368909e+02 -4.6638892909e+09 -1.0017236869e+07 1.9222293079e+06 3.6000000000e+03
7.7160000000e+04 2.1795228683e-14 5.5258459135e-16 2.0791298794e+08 1.7061079790e+07 6.5303575182e-19 2.6748695356e-20 -1.6373136916e+03 2.0735130579e+02 -4.6638892876e+09 -1.0017236869e+07 1.9222293079e+06 3.6000000000e+03
8.0760000000e+04 2.4231935469e-14 6.5609198692e-16 2.0195839198e+08 1.7802477360e+07 7.0114383111e-19 3.0842847276e-20 -1.6711138622e+03 2.0447480282e+02 -4.6638892835e+09 -1.0017236869e+07 1.9222293079e+06 3.6000000000e+03
8.4360000000e+04 2.6846907628e-14 7.7532969870e-16 1.9587854887e+08 1.8532822994e+07 7.5212296376e-19 3.5501350720e-20 -1.7069312010e+03 2.0120179310e+02 -4.6638892781e+09 -1.0017236869e+07 1.9222293079e+06 3.6000000000e+03
8.7960000000e+04 2.9651060301e-14 9.1248591614e-16 1.8966578975e+08 1.9250579298e+07 8.0630361752e-19 4.0814005510e-20 -1.7449978909e+03 1.9746918435e+02 -4.6638892709e+09 -1.0017236869e+07 1.9222293079e+06 3.6000000000e+03
9.1560000000e+04 3.2656598075e-14 1.0701054229e-15 1.8331153983e+08 1.9953958334e+07 8.6407367765e-19 4.6889892880e-20 -1.7855864555e+03 1.9320033736e+02 -4.6638892614e+09 -1.0017236869e+07 1.9222293079e+06 3.6000000000e+03
9.5160000000e+04 3.5877245257e-14 1.2511682492e-15 1.7680615657e+08 2.0640866371e+07 9.2589214470e-19 5.3862773862e-20 -1.8290193832e+03 1.8830127322e+02 -4.6638892484e+09 -1.0017236869e+07 1.9222293079e+06 3.6000000000e+03
9.8760000000e+04 3.9328532713e-14 1.4591909979e-15 1.7013872817e+08 2.1308832683e+07 9.9230708822e-19 6.1898400376e-20 -1.8756817412e+03 1.8265553657e+02 -4.6638892305e+09 -1.0017236869e+07 1.9222293079e+06 3.6000000000e+03
1.0236000000e+05 4.3028159404e-14 1.6983591376e-15 1.6329681955e+08 2.1954916610e+07 1.0639795235e-18 7.1204578123e-20 -1.9260379510e+03 1.7611712557e+02 -4.6638892053e+09 -1.0017236869e+07 1.9222293079e+06 3.6000000000e+03
1.0596000000e+05 4.6996454085e-14 1.9737023149e-15 1.5626614795e+08 2.2575584381e+07 1.1417156829e-18 8.2045269038e-20 -1.9806544620e+03 1.6850058367e+02 -4.6638891690e+09 -1.0017236869e+07 1.9222293079e+06 3.6000000000e+03
1.0956000000e+05 5.1256973655e-14 2.2913305967e-15 1.4903016258e+08 2.3166543135e+07 1.2265114314e-18 9.4760759231e-20 -2.0402309573e+03 1.5956682985e+02 -4.6638891154e+09 -1.0017236869e+07 1.9222293079e+06 3.6000000000e+03
1.1316000000e+05 5.5837291599e-14 2.6587588876e-15 1.4156949064e+08 2.3722512988e+07 1.3196146607e-18 1.0979716942e-19 -2.1056441909e+03 1.4900242496e+02 -4.6638890340e+09 -1.0017236869e+07 1.9222293079e+06 3.6000000000e+03
1.1676000000e+05 6.0770056686e-14 3.0853621424e-15 1.3386119349e+08 2.4236907209e+07 1.4226150041e-18 1.2775077854e-19 -2.1780110204e+03 1.3638843040e+02 -4.6638889061e+09 -1.0017236869e+07 1.9222293079e+06 3.6000000000e+03
1.2036000000e+05 6.6094445710e-14 3.5830301385e-15 1.2587774596e+08 2.4701372177e+07 1.5375763299e-18 1.4943662956e-19 -2.2587814954e+03 1.2115220661e+02 -4.6638886976e+09 -1.0017236869e+07 1.9222293079e+06 3.6000000000e+03
1.2396000000e+05 7.1858207636e-14 4.1671368674e-15 1.1758560020e+08 2.5105106310e+07 1.6672385767e-18 1.7599850612e-19 -2.3498806646e+03 1.0249014462e+02 -4.6638883411e+09 -1.0017236869e+07 1.9222293079e+06 3.6000000000e+03
1.2699147647e+05 7.7095643370e-14 4.7407960627e-15 1.1033324913e+08 2.5387612216e+07 1.7905309089e-18 2.0334322070e-19 -2.4365044067e+03 8.3278069865e+01 -4.6638880825e+09 -1.0017236869e+07 1.9222293079e+06 3.0933465125e+03
1.2957315854e+05 8.1867192389e-14 5.3008254649e-15 1.0393830659e+08 2.5577975670e+07 1.9080617087e-18 2.3132487585e-19 -2.5190801639e+03 6.3618488154e+01 -4.6638878917e+09 -1.0017236869e+07 1.9222293079e+06 2.6444540504e+03
1.3173940968e+05 8.6117075000e-14 5.8311907642e-15 9.8399465452e+07 2.5695233300e+07 2.0174601874e-18 2.5906794501e-19 -2.5959422480e+03 4.4126534147e+01 -4.6638877661e+09 -1.0017236869e+07 1.9222293079e+06 2.2376593450e+03
1.3348981942e+05 8.9732091872e-14 6.3068774611e-15 9.3796741961e+07 2.5756867175e+07 2.1144054109e-18 2.8503531368e-19 -2.6640548215e+03 2.5882166424e+01 -4.6638877010e+09 -1.0017236869e+07 1.9222293079e+06 1.8537007350e+03
1.3468507002e+05 9.2301492917e-14 6.6592818777e-15 9.0582910029e+07 2.5779571476e+07 2.1856817507e-18 3.0496369633e-19 -2.7141327393e+03 1.1880719225e+01 -4.6638876876e+09 -1.0017236869e+07 1.9222293079e+06 1.4951677823e+03
1.3598047774e+05 9.5185675418e-14 7.0695742907e-15 8.7029881328e+07 2.5784254348e+07 2.2682240648e-18 3.2893593069e-19 -2.7721259981e+03 -4.9618906101e+00 -4.6638876608e+09 -1.0017236869e+07 1.9222293079e+06 1.2063071416e+03
1.3718678489e+05 9.7970999742e-14 7.4811247506e-15 8.3651314123e+07 2.5767903712e+07 2.3506652183e-18 3.5384508203e-19 -2.8300481827e+03 -2.2462767295e+01 -4.6638876351e+09 -1.0017236869e+07 1.9222293079e+06 1.4880938368e+03
1.3867487872e+05 1.0154974921e-13 8.0329738790e-15 7.9383210565e+07 2.5716705428e+07 2.4608500812e-18 3.8866127013e-19 -2.9074627710e+03 -4.6924211456e+01 -4.6638875305e+09 -1.0017236869e+07 1.9222293079e+06 1.5955027652e+03
1.4027038149e+05 1.0557817151e-13 8.6868116564e-15 7.4672590907e+07 2.5618141072e+07 2.5911546137e-18 4.3211617527e-19 -2.9990132026e+03 -7.7455116569e+01 -4.6638873013e+09 -1.0017236869e+07 1.9222293079e+06 1.6100230152e+03
1.4188040450e+05 1.0986589970e-13 9.4231295243e-15 6.9762673884e+07 2.5464910851e+07 2.7379610107e-18 4.8408704776e-19 -3.1021576499e+03 -1.1396924016e+02 -4.6638869100e+09 -1.0017236869e+07 1.9222293079e+06 1.5714354660e+03
1.4345183997e+05 1.1429266001e-13 1.0230193631e-14 6.4800549900e+07 2.5253248788e+07 2.8993848387e-18 5.4499458206e-19 -3.2155721324e+03 -1.5676215720e+02 -4.6638863209e+09 -1.0017236869e+07 1.9222293079e+06 1.5011951793e+03
1.4495303515e+05 1.1877368571e-13 1.1099563035e-14 5.9883077760e+07 2.4981927292e+07 3.0743276706e-18 6.1556258119e-19 -3.3384849080e+03 -2.0634240317e+02 -4.6638854985e+09 -1.0017236869e+07 1.9222293079e+06 1.4124809550e+03
1.4636551610e+05 1.2324576064e-13 1.2024407268e-14 5.5076443904e+07 2.4651567590e+07 3.2620960967e-18 6.9673472117e-19 -3.4704087951e+03 -2.6337299376e+02 -4.6638844063e+09 -1.0017236869e+07 1.9222293079e+06 1.3139710990e+03
1.4767948720e+05 1.2766051572e-13 1.2998799432e-14 5.0426176016e+07 2.4264118619e+07 3.4622183464e-18 7.8964687352e-19 -3.6110123333e+03 -3.2865197892e+02 -4.6638830064e+09 -1.0017236869e+07 1.9222293079e+06 1.2115607129e+03
1.4889104792e+05 1.3198068678e-13 1.4017401572e-14 4.5963052226e+07 2.3822448682e+07 3.6743402628e-18 8.9562314610e-19 -3.7600466963e+03 -4.0310966125e+02 -4.6638812592e+09 -1.0017236869e+07 1.9222293079e+06 1.1092832800e+03
1.5000033120e+05 1.3617775281e-13 1.5075327697e-14 4.1706954379e+07 2.3330020683e+07 3.8981566338e-18 1.0161844324e-18 -3.9172974454e+03 -4.8781460265e+02 -4.6638791233e+09 -1.0017236869e+07 1.9222293079e+06 1.0098690523e+03
1.5101020025e+05 1.4023028964e-13 1.6168093787e-14 3.7669560560e+07 2.2790632542e+07 4.1333586311e-18 1.1530651643e-18 -4.0825476016e+03 -5.8398539451e+02 -4.6638765550e+09 -1.0017236869e+07 1.9222293079e+06 9.1511325966e+02
1.5192531351e+05 1.4412273079e-13 1.7291612562e-14 3.3856317641e+07 2.2208209413e+07 4.3795875189e-18 1.3082367011e-18 -4.2555451214e+03 -6.9300709074e+02 -4.6638735092e+09 -1.0017236869e+07 1.9222293079e+06 8.2613308395e+02
1.5275144659e+05 1.4784438183e-13 1.8442212307e-14 3.0267932839e+07 2.1586637125e+07 4.6363886465e-18 1.4839370984e-18 -4.4359705725e+03 -8.1645212280e+02 -4.6638699396e+09 -1.0017236869e+07 1.9222293079e+06 7.4355368088e+02
1.5341909251e+05 1.5101752430e-13 1.9489796168e-14 2.7251700587e+07 2.1001601564e+07 4.8741272829e-18 1.6602260511e-18 -4.6030029415e+03 -9.4031066700e+02 -4.6638676116e+09 -1.0017236869e+07 1.9222293079e+06 6.7018440589e+02
1.5408927692e+05 1.5437334637e-13 2.0673313633e-14 2.4104128195e+07 2.0321634718e+07 5.1468283767e-18 1.8800844125e-18 -4.7945995217e+03 -1.0947805652e+03 -4.6638631153e+09 -1.0017236869e+07 1.9222293079e+06 6.0570904809e+02
1.5463194729e+05 1.5723327460e-13 2.1751577659e-14 2.1455240070e+07 1.9686781086e+07 5.3984942304e-18 2.1014592966e-18 -4.9714169898e+03 -1.2503159543e+03 -4.6638601571e+09 -1.0017236869e+07 1.9222293079e+06 5.4485961801e+02
1.5517680691e+05 1.6025112262e-13 2.2969046901e-14 1.8692819341e+07 1.8954618593e+07 5.6853017200e-18 2.3781222494e-18 -5.1729245578e+03 -1.4446960900e+03 -4.6638544549e+09 -1.0017236869e+07 1.9222293079e+06 4.9168019625e+02
1.5561698791e+05 1.6281020299e-13 2.4074993852e-14 1.6376086945e+07 1.8277137845e+07 5.9469788357e-18 2.6564805709e-18 -5.3567758206e+03 -1.6402673719e+03 -4.6638507709e+09 -1.0017236869e+07 1.9222293079e+06 4.4197013056e+02
1.5605895804e+05 1.6550241539e-13 2.5323058122e-14 1.3963709067e+07 1.7500211741e+07 6.2414963133e-18 3.0047060252e-18 -5.5637003356e+03 -1.8849264794e+03 -4.6638437598e+09 -1.0017236869e+07 1.9222293079e+06 3.9897339432e+02
1.5641670312e+05 1.6778190207e-13 2.6458627379e-14 1.1940566525e+07 1.6783276266e+07 6.5062747561e-18 3.3559697573e-18 -5.7497305544e+03 -2.1317202450e+03 -4.6638392679e+09 -1.0017236869e+07 1.9222293079e+06 3.5911464350e+02
1.5677581776e+05 1.7016992502e-13 2.7739651748e-14 9.8395536452e+06 1.5964455462e+07 6.7975006496e-18 3.7953191177e-18 -5.9543424409e+03 -2.4404019368e+03 -4.6638309642e+09 -1.0017236869e+07 1.9222293079e+06 3.2505839102e+02
1.5710087615e+05 1.7242527634e-13 2.9051703519e-14 7.8718895258e+06 1.5116133531e+07 7.0821291200e-18 4.2968047910e-18 -6.1543190557e+03 -2.7927398711e+03 -4.6638217284e+09 -1.0017236869e+07 1.9222293079e+06 2.9284425089e+02
1.5739372040e+05 1.7453839415e-13 3.0390186493e-14 6.0421213133e+06 1.4241956294e+07 7.3507368900e-18 4.8663647854e-18 -6.3430397148e+03 -3.1929060224e+03 -4.6638120377e+09 -1.0017236869e+07 1.9222293079e+06 2.6482966458e+02
1.5765855007e+05 1.7651737508e-13 3.1761498867e-14 4.3396112428e+06 1.3338378158e+07 7.5931332217e-18 5.5144916220e-18 -6.5133445257e+03 -3.6482723128e+03 -4.6638022308e+09 -1.0017236869e+07 1.9222293079e+06 2.4101276399e+02
1.5789956283e+05 1.7837238385e-13 3.3176400099e-14 2.7522707402e+06 1.2398788939e+07 7.7951547972e-18 6.2545400320e-18 -6.6552825080e+03 -4.1682216192e+03 -4.6637928385e+09 -1.0017236869e+07 1.9222293079e+06 2.2137216101e+02
1.5806781438e+05 1.7969392376e-13 3.4280106092e-14 1.6254881529e+06 1.1661387277e+07 7.9084374252e-18 6.8825386809e-18 -6.7348735496e+03 -4.6094460817e+03 -4.6637907530e+09 -1.0017236869e+07 1.9222293079e+06 1.7954140065e+02
1.5819020171e+05 1.8066552115e-13 3.5154086297e-14 7.9862197483e+05 1.1075016304e+07 7.9642175974e-18 7.4105992613e-18 -6.7740640424e+03 -4.9804552330e+03 -4.6637902692e+09 -1.0017236869e+07 1.9222293079e+06 1.4196044071e+02
1.5828598302e+05 1.8142949505e-13 3.5885641002e-14 1.4898477445e+05 1.0582695003e+07 7.9841060832e-18 7.8724994091e-18 -6.7880374586e+03 -5.3049808427e+03 -4.6637901247e+09 -1.0017236869e+07 1.9222293079e+06 9.5027569989e+01
1.5838101059e+05 1.8218804323e-13 3.6657372986e-14 -4.9595209616e+05 1.0061975165e+07 7.9752153012e-18 8.3779971474e-18 -6.7817908998e+03 -5.6601376067e+03 -4.6637900021e+09 -1.0017236869e+07 1.9222293079e+06 1.1470586247e+02
1.5849571646e+05 1.8309988367e-13 3.7656574472e-14 -1.2717811414e+06 9.3858880701e+06 7.9125897564e-18 9.0570512293e-18 -6.7377909287e+03 -6.1372330157e+03 -4.6637898091e+09 -1.0017236869e+07 1.9222293079e+06 1.3176694069e+02
1.5862748340e+05 1.8413265694e-13 3.8906778223e-14 -2.1526826326e+06 8.5373080081e+06 7.7425552139e-18 9.9371867647e-18 -6.6183266596e+03 -6.7556058884e+03 -4.6637897163e+09 -1.0017236869e+07 1.9222293079e+06 1.4051968836e+02
1.5876800309e+05 1.8519864869e-13 4.0376068400e-14 -3.0672381270e+06 7.5367797876e+06 7.3958835364e-18 1.0994799024e-17 -6.3747592174e+03 -7.4986718192e+03 -4.6637885844e+09 -1.0017236869e+07 1.9222293079e+06 1.5155301535e+02
1.5891955610e+05 1.8627476395e-13 4.2136282698e-14 -4.0019090421e+06 6.3343468300e+06 6.7505308253e-18 1.2249747606e-17 -5.9213419950e+03 -8.3803839289e+03 -4.6637754768e+09 -1.0017236869e+07 1.9222293079e+06 1.6712003253e+02
1.5905707037e+05 1.8714451709e-13 4.3901942189e-14 -4.7750477277e+06 5.1249133578e+06 5.8420635554e-18 1.3428143489e-17 -5.2830635790e+03 -9.2083110126e+03 -4.6637453032e+09 -1.0017236869e+07 1.9222293079e+06 1.3757537555e+02
1.5917584173e+05 1.8777735370e-13 4.5554939580e-14 -5.3596431507e+06 3.9903963432e+06 4.7684714452e-18 1.4389609433e-17 -4.5287703929e+03 -9.8838256737e+03 -4.6637162445e+09 -1.0017236869e+07 1.9222293079e+06 1.1903607379e+02
1.5927200510e+05 1.8818605644e-13 4.6971903952e-14 -5.7601212568e+06 3.0166006733e+06 3.7044625559e-18 1.5058484125e-17 -3.7812102650e+03 -1.0353769163e+04 -4.6637039873e+09 -1.0017236869e+07 1.9222293079e+06 9.9050215942e+01
1.5935512732e+05 1.8845151255e-13 4.8243345227e-14 -6.0445870108e+06 2.1420986353e+06 2.6671791454e-18 1.5511174004e-17 -3.0524271442e+03 -1.0671823746e+04 -4.6636996773e+09 -1.0017236869e+07 1.9222293079e+06 8.4565762447e+01
1.5942991584e+05 1.8861397245e-13 4.9414743592e-14 -6.2468675795e+06 1.3360009469e+06 1.6699419960e-18 1.5793225472e-17 -2.3517800552e+03 -1.0869989789e+04 -4.6636991859e+09 -1.0017236869e+07 1.9222293079e+06 7.6089037057e+01
1.5949165584e+05 1.8869102177e-13 5.0394421494e-14 -6.3737620195e+06 6.6165294725e+05 8.2446968195e-19 1.5927123154e-17 -1.7577611541e+03 -1.0964064725e+04 -4.6636998029e+09 -1.0017236869e+07 1.9222293079e+06 6.5198788765e+01
1.5953165380e+05 1.8871301748e-13 5.1032359370e-14 -6.4363534759e+06 2.2249062422e+05 2.7585266531e-19 1.5965035823e-17 -1.3723092925e+03 -1.0990701721e+04 -4.6636999295e+09 -1.0017236869e+07 1.9222293079e+06 5.2852441918e+01
1.5958450624e+05 1.8870861375e-13 5.1876237965e-14 -6.4955459901e+06 -3.5845625300e+05 -4.3997961392e-19 1.5957671440e-17 -8.6937395465e+02 -1.0985527592e+04 -4.6637006248e+09 -1.0017236869e+07 1.9222293079e+06 5.9232502008e+01
1.5964373874e+05 1.8865936017e-13 5.2819407528e-14 -6.5307464210e+06 -1.0077209799e+06 -1.2176944068e-18 1.5876407493e-17 -3.2296069076e+02 -1.0928432499e+04 -4.6637020387e+09 -1.0017236869e+07 1.9222293079e+06 5.4832559260e+01
1.5969857130e+05 1.8857360879e-13 5.3686450202e-14 -6.5351185901e+06 -1.6044948736e+06 -1.9039027066e-18 1.5739500407e-17 1.5916118765e+02 -1.0832243191e+04 -4.6637029780e+09 -1.0017236869e+07 1.9222293079e+06 5.0852782359e+01
1.5974942408e+05 1.8846136372e-13 5.4482629108e-14 -6.5161864523e+06 -2.1523807231e+06 -2.5044297022e-18 1.5566885687e-17 5.8108438974e+02 -1.0710966119e+04 -4.6637035486e+09 -1.0017236869e+07 1.9222293079e+06 7.0992410340e+01
1.5982041649e+05 1.8825566439e-13 5.5577452342e-14 -6.4553289725e+06 -2.9055360946e+06 -3.2773217015e-18 1.5266234986e-17 1.1241092156e+03 -1.0499732474e+04 -4.6637060180e+09 -1.0017236869e+07 1.9222293079e+06 8.9871592058e+01
1.5991028809e+05 1.8792140473e-13 5.6929578903e-14 -6.3263955943e+06 -3.8352003319e+06 -4.1393955821e-18 1.4813082866e-17 1.7297921820e+03 -1.0181353125e+04 -4.6637114048e+09 -1.0017236869e+07 1.9222293079e+06 1.1338741842e+02
1.6002367550e+05 1.8739890414e-13 5.8573482158e-14 -6.0929197298e+06 -4.9645454636e+06 -5.0438132862e-18 1.4175103818e-17 2.3652254207e+03 -9.7331165521e+03 -4.6637204313e+09 -1.0017236869e+07 1.9222293079e+06 1.3754007482e+02
1.6016121558e+05 1.8664383000e-13 6.0467868211e-14 -5.7245042856e+06 -6.2644148693e+06 -5.8944753847e-18 1.3371349176e-17 2.9628906033e+03 -9.1684079968e+03 -4.6637298374e+09 -1.0017236869e+07 1.9222293079e+06 1.4643179175e+02
1.6030764737e+05 1.8572945350e-13 6.2364453743e-14 -5.2546437532e+06 -7.5638187881e+06 -6.5577498637e-18 1.2540620824e-17 3.4288994491e+03 -8.5847480301e+03 -4.6637343935e+09 -1.0017236869e+07 1.9222293079e+06 1.4910291250e+02
1.6045675028e+05 1.8471377518e-13 6.4174939683e-14 -4.7167576703e+06 -8.8021260878e+06 -7.0380877694e-18 1.1756371432e-17 3.7663792106e+03 -8.0337436332e+03 -4.6637369872e+09 -1.0017236869e+07 1.9222293079e+06 1.5648607075e+02
1.6061323635e+05 1.8358328990e-13 6.5955449226e-14 -4.1069106060e+06 -1.0017702662e+07 -7.3881360598e-18 1.1013781321e-17 4.0123190212e+03 -7.5120085580e+03 -4.6637396141e+09 -1.0017236869e+07 1.9222293079e+06 1.6872823150e+02
1.6078196459e+05 1.8231390210e-13 6.7752696674e-14 -3.4138996267e+06 -1.1242270592e+07 -7.6403963457e-18 1.0305033641e-17 4.1895541303e+03 -7.0140507762e+03 -4.6637428584e+09 -1.0017236869e+07 1.9222293079e+06 1.7493443822e+02
1.6095689902e+05 1.8096161642e-13 6.9497877956e-14 -2.6699595843e+06 -1.2428853947e+07 -7.8068022156e-18 9.6619553895e-18 4.3064689368e+03 -6.5622315621e+03 -4.6637459202e+09 -1.0017236869e+07 1.9222293079e+06 1.8088625298e+02
1.6113778528e+05 1.7953934027e-13 7.1191956142e-14 -1.8838592645e+06 -1.3578186896e+07 -7.9091429115e-18 9.0822297642e-18 4.3783723057e+03 -6.1549231581e+03 -4.6637485986e+09 -1.0017236869e+07 1.9222293079e+06 1.8457891788e+02
1.6132236419e+05 1.7807380838e-13 7.2819654156e-14 -1.0717197711e+06 -1.4680046841e+07 -7.9637084420e-18 8.5662950672e-18 4.4167094055e+03 -5.7924335098e+03 -4.6637507039e+09 -1.0017236869e+07 1.9222293079e+06 1.8097191258e+02
1.6147306563e+05 1.7687202892e-13 7.4081983046e-14 -4.0496506692e+05 -1.5532863948e+07 -7.9821901916e-18 8.1930108081e-18 4.4296944653e+03 -5.5301683810e+03 -4.6637512515e+09 -1.0017236869e+07 1.9222293079e+06 1.6232328096e+02
1.6163538891e+05 1.7557600968e-13 7.5382064444e-14 3.1430506271e+05 -1.6409577306e+07 -7.9834382919e-18 7.8319904892e-18 4.4305713659e+03 -5.2765197522e+03 -4.6637518380e+09 -1.0017236869e+07 1.9222293079e+06 1.6656910826e+02
1.6180195802e+05 1.7424715046e-13 7.6658449273e-14 1.0516444829e+06 -1.7268681562e+07 -7.9701369328e-18 7.4995305837e-18 4.4212259875e+03 -5.0429373339e+03 -4.6637523242e+09 -1.0017236869e+07 1.9222293079e+06 2.2946020037e+02
1.6203141822e+05 1.7242203541e-13 7.8331759950e-14 2.0635303527e+06 -1.8392438767e+07 -7.9351167862e-18 7.0946273015e-18 4.3966212445e+03 -4.7584570514e+03 -4.6637539975e+09 -1.0017236869e+07 1.9222293079e+06 2.8726912454e+02
1.6231868735e+05 1.7015095217e-13 8.0305511636e-14 3.3206204980e+06 -1.9714209113e+07 -7.8739862153e-18 6.6586259885e-18 4.3536716246e+03 -4.4521276583e+03 -4.6637572355e+09 -1.0017236869e+07 1.9222293079e+06 3.5429506464e+02
1.6267298241e+05 1.6737681702e-13 8.2582022045e-14 4.8521590303e+06 -2.1233536619e+07 -7.7842477109e-18 6.2060949677e-18 4.2906224071e+03 -4.1341846870e+03 -4.6637625954e+09 -1.0017236869e+07 1.9222293079e+06 3.9307141660e+02
1.6306605383e+05 1.6433802950e-13 8.4936810330e-14 6.5239413344e+06 -2.2799092177e+07 -7.6767929795e-18 5.7881962561e-18 4.2151259770e+03 -3.8405739687e+03 -4.6637675669e+09 -1.0017236869e+07 1.9222293079e+06 4.3631266129e+02
1.6350236649e+05 1.6101498587e-13 8.7375521708e-14 8.3444788974e+06 -2.4413832338e+07 -7.5557498951e-18 5.4024013481e-18 4.1300825299e+03 -3.5695190051e+03 -4.6637721324e+09 -1.0017236869e+07 1.9222293079e+06 4.8536896320e+02
1.6398773545e+05 1.5737977693e-13 8.9908430985e-14 1.0326527358e+07 -2.6083661015e+07 -7.4242458950e-18 5.0456438681e-18 4.0376893666e+03 -3.3188653967e+03 -4.6637763306e+09 -1.0017236869e+07 1.9222293079e+06 5.4085384241e+02
1.6452858929e+05 1.5340242972e-13 9.2545296819e-14 1.2483569300e+07 -2.7813980739e+07 -7.2848088093e-18 4.7153109911e-18 3.9397225106e+03 -3.0867774036e+03 -4.6637801927e+09 -1.0017236869e+07 1.9222293079e+06 6.0353496452e+02
1.6513212426e+05 1.4905020067e-13 9.5295890495e-14 1.4830129205e+07 -2.9610029307e+07 -7.1394909575e-18 4.4091037931e-18 3.8376238976e+03 -2.8716398288e+03 -4.6637837472e+09 -1.0017236869e+07 1.9222293079e+06 6.7428169543e+02
1.6580640595e+05 1.4428732298e-13 9.8170114544e-14 1.7381831096e+07 -3.1476940129e+07 -6.9899711695e-18 4.1249841081e-18 3.7325730535e+03 -2.6720206807e+03 -4.6637870197e+09 -1.0017236869e+07 1.9222293079e+06 7.5407930137e+02
1.6656048526e+05 1.3907470520e-13 1.0117811500e-13 2.0155473735e+07 -3.3419794881e+07 -6.8376296964e-18 3.8611316011e-18 3.6255397268e+03 -2.4866410134e+03 -4.6637900331e+09 -1.0017236869e+07 1.9222293079e+06 8.4404058285e+02
1.6740452584e+05 1.3336961184e-13 1.0433037187e-13 2.3169104686e+07 -3.5443658229e+07 -6.6836051185e-18 3.6159108303e-18 3.5173238705e+03 -2.3143517848e+03 -4.6637928084e+09 -1.0017236869e+07 1.9222293079e+06 9.4541959247e+02
1.6834994543e+05 1.2712532167e-13 1.0763777549e-13 2.6442093973e+07 -3.7553599549e+07 -6.5288383247e-18 3.3878452919e-18 3.4085865419e+03 -2.1541156206e+03 -4.6637953646e+09 -1.0017236869e+07 1.9222293079e+06 1.0596270912e+03
1.6940957252e+05 1.2029076178e-13 1.1111169270e-13 2.9995206452e+07 -3.9754703938e+07 -6.3741070477e-18 3.1755965820e-18 3.2998741671e+03 -2.0049921741e+03 -4.6637977191e+09 -1.0017236869e+07 1.9222293079e+06 1.1882477848e+03
1.7059782031e+05 1.1281011634e-13 1.1476402512e-13 3.3850671753e+07 -4.2052073881e+07 -6.2200533546e-18 2.9779473838e-18 3.1916378547e+03 -1.8661261727e+03 -4.6637998876e+09 -1.0017236869e+07 1.9222293079e+06 1.3330593730e+03
1.7193087968e+05 1.0462240888e-13 1.1860726135e-13 3.8032250273e+07 -4.4450822226e+07 -6.0672057913e-18 2.7937873656e-18 3.0842489549e+03 -1.7367375105e+03 -4.6638018847e+09 -1.0017236869e+07 1.9222293079e+06 1.4960534470e+03
1.7280000000e+05 9.9388957938e-14 1.2098955987e-13 4.0684954382e+07 -4.5928050254e+07 -5.9770289058e-18 2.6902082489e-18 3.0208917361e+03 -1.6639640417e+03 -4.6638020229e+09 -1.0017236869e+07 1.9222293079e+06 1.6467991167e+03
1.7280000000e+05 9.9388957938e-14 1.2098955987e-13 4.0684954382e+07 -4.5928050254e+07 -5.9770289058e-18 2.6902082489e-18 3.0208917361e+03 -1.6639640417e+03 -4.6638020229e+09 -1.0017236869e+07 1.9222293079e+06 1.6467991167e+03
