0.0000000000e+00 0.0000000000e+00 0.0000000000e+00 3.1415900000e+08 0.0000000000e+00 0.0000000000e+00 0.0000000000e+00 -1.1784984552e+03 2.2614462446e+02 -4.6638893045e+09 -1.0017236869e+07 1.9222293079e+06 1.0000000000e+01
1.0000000000e+01 2.8740014438e-22 6.8962987489e-28 3.1414721481e+08 2.2614462441e+03 5.7480747656e-23 2.0689284317e-28 -1.1785388405e+03 2.2614462431e+02 -4.6638893045e+09 -1.0017236869e+07 1.9222293079e+06 5.0000000000e+01
6.0000000000e+01 1.0347699235e-20 1.4900197565e-25 3.1408828282e+08 1.3568677363e+04 3.4494919328e-22 7.4509374655e-27 -1.1787408124e+03 2.2614461922e+02 -4.6638893045e+09 -1.0017236869e+07 1.9222293079e+06 2.5000000000e+02
3.1000000000e+02 2.7639898817e-19 2.0579502322e-23 3.1379347128e+08 7.0104819122e+04 1.7839115283e-21 1.9927245929e-25 -1.1797518104e+03 2.2614448445e+02 -4.6638893045e+09 -1.0017236869e+07 1.9222293079e+06 1.2500000000e+03
1.5600000000e+03 7.0214359100e-18 2.6411488182e-21 3.1231560923e+08 3.5278375851e+05 9.0195312726e-21 5.0941147945e-24 -1.1848354717e+03 2.2614104539e+02 -4.6638893045e+09 -1.0017236869e+07 1.9222293079e+06 3.6000000000e+03
5.1600000000e+03 7.7526385657e-17 9.7570747607e-20 3.0802347884e+08 1.1668377101e+06 3.0247735880e-20 5.7291205828e-23 -1.1997501585e+03 2.2610437233e+02 -4.6638893044e+09 -1.0017236869e+07 1.9222293079e+06 3.6000000000e+03
8.7600000000e+03 2.2552884642e-16 4.8753617097e-19 3.0367689962e+08 1.9806843730e+06 5.2079119653e-20 1.6983709206e-22 -1.2150886319e+03 2.2602529891e+02 -4.6638893043e+09 -1.0017236869e+07 1.9222293079e+06 3.6000000000e+03
1.2360000000e+04 4.5326030704e-16 1.3991123611e-18 2.9927430373e+08 2.7941645584e+06 7.4547481560e-20 3.4799745892e-22 -1.2308746387e+03 2.2590012553e+02 -4.6638893041e+09 -1.0017236869e+07 1.9222293079e+06 3.6000000000e+03
1.5960000000e+04 7.6307886707e-16 3.0788247711e-18 2.9481403442e+08 3.6071050602e+06 9.7689410020e-20 5.9760177803e-22 -1.2471338854e+03 2.2572475648e+02 -4.6638893040e+09 -1.0017236869e+07 1.9222293079e+06 3.6000000000e+03
1.9560000000e+04 1.1574798213e-15 5.7953099800e-18 2.9029433851e+08 4.4193171377e+06 1.2154459091e-19 9.2511790483e-22 -1.2638942548e+03 2.2549464750e+02 -4.6638893038e+09 -1.0017236869e+07 1.9222293079e+06 3.6000000000e+03
2.3160000000e+04 1.6391074286e-15 9.8417657945e-18 2.8571335818e+08 5.2305947935e+06 1.4615615856e-19 1.3377386510e-21 -1.2811860527e+03 2.2520474502e+02 -4.6638893036e+09 -1.0017236869e+07 1.9222293079e+06 3.6000000000e+03
2.6760000000e+04 2.2107680322e-15 1.5538737925e-17 2.8106912173e+08 6.0407128160e+06 1.7157109716e-19 1.8434826182e-21 -1.2990422895e+03 2.2484941526e+02 -4.6638893034e+09 -1.0017236869e+07 1.9222293079e+06 3.6000000000e+03
3.0360000000e+04 2.8754447292e-15 2.3237299442e-17 2.7635953326e+08 6.8494245453e+06 1.9784070122e-19 2.4513120900e-21 -1.3174990043e+03 2.2442236142e+02 -4.6638893032e+09 -1.0017236869e+07 1.9222293079e+06 3.6000000000e+03
3.3960000000e+04 3.6363138193e-15 3.3322690394e-17 2.7158236115e+08 7.6564593163e+06 2.2502110595e-19 3.1712714224e-21 -1.3365956369e+03 2.2391652646e+02 -4.6638893029e+09 -1.0017236869e+07 1.9222293079e+06 3.6000000000e+03
3.7560000000e+04 4.4967633081e-15 4.6218498770e-17 2.6673522503e+08 8.4615195210e+06 2.5317390031e-19 4.0146501857e-21 -1.3563754590e+03 2.2332397847e+02 -4.6638893025e+09 -1.0017236869e+07 1.9222293079e+06 3.6000000000e+03
4.1160000000e+04 5.4604137891e-15 6.2391481077e-17 2.6181558110e+08 9.2642772220e+06 2.8236683870e-19 4.9941763464e-21 -1.3768860741e+03 2.2263577491e+02 -4.6638893021e+09 -1.0017236869e+07 1.9222293079e+06 3.6000000000e+03
4.4760000000e+04 6.5311420941e-15 8.2357142134e-17 2.5682070555e+08 1.0064370231e+07 3.1267467057e-19 6.1242461054e-21 -1.3981800002e+03 2.2184180119e+02 -4.6638893016e+09 -1.0017236869e+07 1.9222293079e+06 3.6000000000e+03
4.8360000000e+04 7.7131081773e-15 1.0668622046e-16 2.5174767565e+08 1.0861397555e+07 3.4418011201e-19 7.4211987232e-21 -1.4203153527e+03 2.2093057754e+02 -4.6638893010e+09 -1.0017236869e+07 1.9222293079e+06 3.6000000000e+03
5.1960000000e+04 9.0107857969e-15 1.3601225944e-16 2.4659334818e+08 1.1654914073e+07 3.7697498908e-19 8.9036468911e-21 -1.4433566475e+03 2.1988902690e+02 -4.6638893003e+09 -1.0017236869e+07 1.9222293079e+06 3.6000000000e+03
5.5560000000e+04 1.0428997676e-14 1.7104048756e-16 2.4135433476e+08 1.2444424300e+07 4.1116159026e-19 1.0592876132e-20 -1.4673757513e+03 2.1870219431e+02 -4.6638892994e+09 -1.0017236869e+07 1.9222293079e+06 3.6000000000e+03
5.9160000000e+04 1.1972955977e-14 2.1255828600e-16 2.3602697338e+08 1.3229375032e+07 4.4685427493e-19 1.2513330577e-20 -1.4924530116e+03 2.1735290561e+02 -4.6638892984e+09 -1.0017236869e+07 1.9222293079e+06 3.6000000000e+03
6.2760000000e+04 1.3648309117e-14 2.6144759338e-16 2.3060729554e+08 1.4009146628e+07 4.8418139779e-19 1.4693207617e-20 -1.5186786090e+03 2.1582134964e+02 -4.6638892971e+09 -1.0017236869e+07 1.9222293079e+06 3.6000000000e+03
6.6360000000e+04 1.5461196188e-14 3.1869969011e-16 2.2509098797e+08 1.4783042626e+07 5.2328762542e-19 1.7165190882e-20 -1.5461541845e+03 2.1408456329e+02 -4.6638892954e+09 -1.0017236869e+07 1.9222293079e+06 3.6000000000e+03
6.9960000000e+04 1.7418310571e-14 3.8543292706e-16 2.1947334799e+08 1.5550277287e+07 5.6433674407e-19 1.9967360419e-20 -1.5749948123e+03 2.1211579194e+02 -4.6638892934e+09 -1.0017236869e+07 1.9222293079e+06 3.6000000000e+03
7.3560000000e+04 1.9526974726e-14 4.6291412532e-16 2.1374923092e+08 1.6309960557e+07 6.0751508710e-19 2.3144331978e-20 -1.6053314081e+03 2.0988368909e+02 -4.6638892909e+09 -1.0017236869e+07 1.9222293079e+06 3.6000000000e+03
7.7160000000e+04 2.1795228683e-14 5.5258459135e-16 2.0791298794e+08 1.7061079790e+07 6.5303575182e-19 2.6748695356e-20 -1.6373136916e+03 2.0735130579e+02 -4.6638892876e+09 -1.0017236869e+07 1.9222293079e+06 3.6000000000e+03
8.0760000000e+04 2.4231935469e-14 6.5609198692e-16 2.0195839198e+08 1.7802477360e+07 7.0114383111e-19 3.0842847276e-20 -1.6711138622e+03 2.0447480282e+02 -4.6638892835e+09 -1.0017236869e+07 1.9222293079e+06 3.6000000000e+03
8.4360000000e+04 2.6846907628e-14 7.7532969870e-16 1.9587854887e+08 1.8532822994e+07 7.5212296376e-19 3.5501350720e-20 -1.7069312010e+03 2.0120179310e+02 -4.6638892781e+09 -1.0017236869e+07 1.9222293079e+06 3.6000000000e+03
8.7960000000e+04 2.9651060301e-14 9.1248591614e-16 1.8966578975e+08 1.9250579298e+07 8.0630361752e-19 4.0814005510e-20 -1.7449978909e+03 1.9746918435e+02 -4.6638892709e+09 -1.0017236869e+07 1.9222293079e+06 3.6000000000e+03
9.1560000000e+04 3.2656598075e-14 1.0701054229e-15 1.8331153983e+08 1.9953958334e+07 8.6407367765e-19 4.6889892880e-20 -1.7855864555e+03 1.9320033736e+02 -4.6638892614e+09 -1.0017236869e+07 1.9222293079e+06 3.6000000000e+03
9.5160000000e+04 3.5877245257e-14 1.2511682492e-15 1.7680615657e+08 2.0640866371e+07 9.2589214470e-19 5.3862773862e-20 -1.8290193832e+03 1.8830127322e+02 -4.6638892484e+09 -1.0017236869e+07 1.9222293079e+06 3.6000000000e+03
9.8760000000e+04 3.9328532713e-14 1.4591909979e-15 1.7013872817e+08 2.1308832683e+07 9.9230708822e-19 6.1898400376e-20 -1.8756817412e+03 1.8265553657e+02 -4.6638892305e+09 -1.0017236869e+07 1.9222293079e+06 3.6000000000e+03
1.0236000000e+05 4.3028159404e-14 1.6983591376e-15 1.6329681955e+08 2.1954916610e+07 1.0639795235e-18 7.1204578123e-20 -1.9260379510e+03 1.7611712557e+02 -4.6638892053e+09 -1.0017236869e+07 1.9222293079e+06 3.6000000000e+03
1.0596000000e+05 4.6996454085e-14 1.9737023149e-15 1.5626614795e+08 2.2575584381e+07 1.1417156829e-18 8.2045269038e-20 -1.9806544620e+03 1.6850058367e+02 -4.6638891690e+09 -1.0017236869e+07 1.9222293079e+06 3.6000000000e+03
1.0956000000e+05 5.1256973655e-14 2.2913305967e-15 1.4903016258e+08 2.3166543135e+07 1.2265114314e-18 9.4760759231e-20 -2.0402309573e+03 1.5956682985e+02 -4.6638891154e+09 -1.0017236869e+07 1.9222293079e+06 3.6000000000e+03
1.1316000000e+05 5.5837291599e-14 2.6587588876e-15 1.4156949064e+08 2.3722512988e+07 1.3196146607e-18 1.0979716942e-19 -2.1056441909e+03 1.4900242496e+02 -4.6638890340e+09 -1.0017236869e+07 1.9222293079e+06 3.6000000000e+03
1.1676000000e+05 6.0770056686e-14 3.0853621424e-15 1.3386119349e+08 2.4236907209e+07 1.4226150041e-18 1.2775077854e-19 -2.1780110204e+03 1.3638843040e+02 -4.6638889061e+09 -1.0017236869e+07 1.9222293079e+06 3.6000000000e+03
1.2036000000e+05 6.6094445710e-14 3.5830301385e-15 1.2587774596e+08 2.4701372177e+07 1.5375763299e-18 1.4943662956e-19 -2.2587814954e+03 1.2115220661e+02 -4.6638886976e+09 -1.0017236869e+07 1.9222293079e+06 3.6000000000e+03
1.2396000000e+05 7.1858207636e-14 4.1671368674e-15 1.1758560020e+08 2.5105106310e+07 1.6672385767e-18 1.7599850612e-19 -2.3498806646e+03 1.0249014462e+02 -4.6638883411e+09 -1.0017236869e+07 1.9222293079e+06 3.6000000000e+03
1.2756000000e+05 7.8120625989e-14 4.8580253592e-15 1.0894310431e+08 2.5433816831e+07 1.8153366319e-18 2.0909266841e-19 -2.4539326158e+03 7.9238575542e+01 -4.6638876972e+09 -1.0017236869e+07 1.9222293079e+06 3.6000000000e+03
1.3116000000e+05 8.4956965383e-14 5.6833764978e-15 9.9897378236e+07 2.5668055479e+07 1.9871264886e-18 2.5121041173e-19 -2.5746301481e+03 4.9647144588e+01 -4.6638864516e+09 -1.0017236869e+07 1.9222293079e+06 3.6000000000e+03
1.3361745394e+05 9.0002433616e-14 6.3433869292e-15 9.3456385943e+07 2.5760079913e+07 2.1218091160e-18 2.8707224115e-19 -2.6692565776e+03 2.4451045141e+01 -4.6638861119e+09 -1.0017236869e+07 1.9222293079e+06 2.9346510528e+03
1.3525482333e+05 9.3556877458e-14 6.8359227183e-15 8.9029438224e+07 2.5784312348e+07 2.2212695492e-18 3.1518112618e-19 -2.7391363078e+03 4.7020732117e+00 -4.6638860418e+09 -1.0017236869e+07 1.9222293079e+06 1.9798330061e+03
1.3723465633e+05 9.8083609365e-14 7.4980882271e-15 8.3515779502e+07 2.5766811243e+07 2.3540576189e-18 3.5489092146e-19 -2.8324316434e+03 -2.3197561775e+01 -4.6638857600e+09 -1.0017236869e+07 1.9222293079e+06 2.4148725164e+03
1.3964952885e+05 1.0398580709e-13 8.4241015136e-15 7.6523041290e+07 2.5662315640e+07 2.5388108211e-18 4.1436072356e-19 -2.9622370697e+03 -6.4980345083e+01 -4.6638843913e+09 -1.0017236869e+07 1.9222293079e+06 2.6176107631e+03
1.4226713961e+05 1.1093205835e-13 9.6130182697e-15 6.8557836635e+07 2.5418955318e+07 2.7758783418e-18 4.9803659818e-19 -3.1287979207e+03 -1.2377003017e+02 -4.6638800418e+09 -1.0017236869e+07 1.9222293079e+06 2.5493106645e+03
1.4481645028e+05 1.1835492897e-13 1.1015963862e-14 6.0338256383e+07 2.5009775153e+07 3.0574468798e-18 6.0854313597e-19 -3.3266246630e+03 -2.0141062355e+02 -4.6638707952e+09 -1.0017236869e+07 1.9222293079e+06 2.3425331177e+03
1.4689206780e+05 1.2498348395e-13 1.2400336268e-14 5.3234999593e+07 2.4506521132e+07 3.3390057108e-18 7.3164824432e-19 -3.5244445852e+03 -2.8790282438e+02 -4.6638625310e+09 -1.0017236869e+07 1.9222293079e+06 2.0824752749e+03
1.4872038771e+05 1.3135633423e-13 1.3865952887e-14 4.6602837773e+07 2.3890260857e+07 3.6426008316e-18 8.7926300849e-19 -3.7377469453e+03 -3.9161522104e+02 -4.6638516647e+09 -1.0017236869e+07 1.9222293079e+06 1.8375142491e+03
1.5031324060e+05 1.3740828162e-13 1.5399364875e-14 4.0473636060e+07 2.3173118754e+07 3.9674686695e-18 1.0554117472e-18 -3.9659952662e+03 -5.1537525252e+02 -4.6638378461e+09 -1.0017236869e+07 1.9222293079e+06 1.6035107134e+03
1.5169045741e+05 1.4310202820e-13 1.6989488957e-14 3.4850228815e+07 2.2367366461e+07 4.3129346519e-18 1.2649888058e-18 -4.2087156012e+03 -6.6262162827e+02 -4.6638206666e+09 -1.0017236869e+07 1.9222293079e+06 1.3882644821e+03
1.5287483615e+05 1.4841901984e-13 1.8627144369e-14 2.9718784524e+07 2.1484609920e+07 4.6780948413e-18 1.5138848929e-18 -4.4652728542e+03 -8.3749309090e+02 -4.6637996685e+09 -1.0017236869e+07 1.9222293079e+06 1.1950824841e+03
1.5388965632e+05 1.5335449707e-13 2.0305160918e-14 2.5055212290e+07 2.0535151360e+07 5.0615707439e-18 1.8092134075e-18 -4.7346985120e+03 -1.0449874308e+03 -4.6637743460e+09 -1.0017236869e+07 1.9222293079e+06 1.0247141640e+03
1.5475730442e+05 1.5791391931e-13 2.2018617973e-14 2.0829293925e+07 1.9527510543e+07 5.4612094263e-18 2.1596283719e-18 -5.0154799486e+03 -1.2911848623e+03 -4.6637441522e+09 -1.0017236869e+07 1.9222293079e+06 8.7646045538e+02
1.5549857004e+05 1.6211033127e-13 2.3765236356e-14 1.7007363860e+07 1.8467990253e+07 5.8736713528e-18 2.5757802458e-18 -5.3052708456e+03 -1.5835682729e+03 -4.6637085177e+09 -1.0017236869e+07 1.9222293079e+06 7.4885561156e+02
1.5613236105e+05 1.6596246893e-13 2.5546021235e-14 1.3553975529e+07 1.7360160177e+07 6.2938176634e-18 3.0709969193e-18 -5.6004607006e+03 -1.9315016817e+03 -4.6636668941e+09 -1.0017236869e+07 1.9222293079e+06 6.4009880692e+02
1.5667569494e+05 1.6949354571e-13 2.7366377159e-14 1.0432764378e+07 1.6204071559e+07 6.7137356051e-18 3.6623626018e-18 -5.8954901062e+03 -2.3469882529e+03 -4.6636188509e+09 -1.0017236869e+07 1.9222293079e+06 5.4833991816e+02
1.5714390142e+05 1.7273082053e-13 2.9238188388e-14 7.6065125673e+06 1.4994841388e+07 7.1210681026e-18 4.3725665033e-18 -6.1816771268e+03 -2.8459691588e+03 -4.6635642997e+09 -1.0017236869e+07 1.9222293079e+06 4.7189535562e+02
1.5755105906e+05 1.7570638554e-13 3.1184080347e-14 5.0360809454e+06 1.3719757103e+07 7.4958597922e-18 5.2334212021e-18 -6.4450013585e+03 -3.4507955425e+03 -4.6635040560e+09 -1.0017236869e+07 1.9222293079e+06 4.0947960845e+02
1.5790920623e+05 1.7844759089e-13 3.3236869152e-14 2.6880664231e+06 1.2358484896e+07 7.8024632969e-18 6.2878154321e-18 -6.6604173739e+03 -4.1916005238e+03 -4.6634429554e+09 -1.0017236869e+07 1.9222293079e+06 3.6067146692e+02
1.5809466656e+05 1.7990648095e-13 3.4466387642e-14 1.4445027141e+06 1.1536580528e+07 7.9230302477e-18 6.9928643036e-18 -6.7451262951e+03 -4.6869595663e+03 -4.6634395435e+09 -1.0017236869e+07 1.9222293079e+06 2.7485237541e+02
1.5825613463e+05 1.8119122744e-13 3.5652890117e-14 3.5156507873e+05 1.0739472983e+07 7.9806210442e-18 7.7236603998e-18 -6.7855889112e+03 -5.2004083059e+03 -4.6634377077e+09 -1.0017236869e+07 1.9222293079e+06 1.8587947775e+02
1.5844201411e+05 1.8267388095e-13 3.7179066505e-14 -9.0918851459e+05 9.7092350532e+06 7.9501153107e-18 8.7293744664e-18 -6.7641559417e+03 -5.9070111771e+03 -4.6634354260e+09 -1.0017236869e+07 1.9222293079e+06 2.0396850478e+02
1.5864598261e+05 1.8427557345e-13 3.9091831088e-14 -2.2748953887e+06 8.4114755409e+06 7.7079728618e-18 1.0069545875e-17 -6.5940295058e+03 -6.8485998418e+03 -4.6634379447e+09 -1.0017236869e+07 1.9222293079e+06 2.2594866651e+02
1.5887193128e+05 1.8594744163e-13 4.1562539980e-14 -3.7158104535e+06 6.7266816171e+06 6.9893980065e-18 1.1845851806e-17 -6.0891672664e+03 -8.0966114916e+03 -4.6634205127e+09 -1.0017236869e+07 1.9222293079e+06 2.5682749989e+02
1.5909917708e+05 1.8738327365e-13 4.4474812075e-14 -4.9924179647e+06 4.7319439214e+06 5.4929600211e-18 1.3780260120e-17 -5.0377875430e+03 -9.4557040149e+03 -4.6631151305e+09 -1.0017236869e+07 1.9222293079e+06 2.3113241749e+02
1.5925430725e+05 1.8811864021e-13 4.6706406259e-14 -5.6918985212e+06 3.1991339548e+06 3.9122963233e-18 1.4945709883e-17 -3.9272318249e+03 -1.0274535307e+04 -4.6629982793e+09 -1.0017236869e+07 1.9222293079e+06 1.7168263657e+02
1.5937950267e+05 1.8851262698e-13 4.8622769516e-14 -6.1162515961e+06 1.8810319474e+06 2.3472137754e-18 1.5617043638e-17 -2.8276232395e+03 -1.0746206505e+04 -4.6629707909e+09 -1.0017236869e+07 1.9222293079e+06 1.3163614335e+02
1.5947518996e+05 1.8867556931e-13 5.0132399114e-14 -6.3435002848e+06 8.4202311798e+05 1.0506665363e-18 1.5900403028e-17 -1.9166844028e+03 -1.0945291479e+04 -4.6629735722e+09 -1.0017236869e+07 1.9222293079e+06 1.0889227050e+02
1.5953037738e+05 1.8871263838e-13 5.1012003900e-14 -6.4345828748e+06 2.3650348402e+05 2.9327060695e-19 1.5964443224e-17 -1.3845469334e+03 -1.0990285367e+04 -4.6629741809e+09 -1.0017236869e+07 1.9222293079e+06 8.4528210059e+01
1.5961490559e+05 1.8868907218e-13 5.2360921601e-14 -6.5176419034e+06 -6.9211462287e+05 -8.4320060676e-19 1.5925187442e-17 -5.8607562886e+02 -1.0962704717e+04 -4.6629822262e+09 -1.0017236869e+07 1.9222293079e+06 9.4496140153e+01
1.5970940173e+05 1.8855225573e-13 5.3856763568e-14 -6.5328798365e+06 -1.7217057971e+06 -2.0349141713e-18 1.5706188772e-17 2.5120830142e+02 -1.0808838828e+04 -4.6629973806e+09 -1.0017236869e+07 1.9222293079e+06 8.7493737404e+01
1.5979689547e+05 1.8832983412e-13 5.5217140901e-14 -6.4797202583e+06 -2.6577046678e+06 -3.0301106915e-18 1.5372566596e-17 9.5042166829e+02 -1.0574439812e+04 -4.6630055574e+09 -1.0017236869e+07 1.9222293079e+06 1.3070678085e+02
1.5992760225e+05 1.8784838884e-13 5.7185274598e-14 -6.2955002096e+06 -4.0109336130e+06 -4.2904979178e-18 1.4719201152e-17 1.8359549055e+03 -1.0115392938e+04 -4.6630437025e+09 -1.0017236869e+07 1.9222293079e+06 1.8419625602e+02
1.6011179851e+05 1.8692835001e-13 5.9800004200e-14 -5.8661667594e+06 -5.8063568771e+06 -5.6171913184e-18 1.3659961073e-17 2.7680740805e+03 -9.3711833198e+03 -4.6631251289e+09 -1.0017236869e+07 1.9222293079e+06 2.3178430260e+02
1.6034358281e+05 1.8549135221e-13 6.2811614503e-14 -5.1297064487e+06 -7.8698620708e+06 -6.6893514641e-18 1.2345142875e-17 3.5213611853e+03 -8.4474075225e+03 -4.6631902141e+09 -1.0017236869e+07 1.9222293079e+06 2.4507656758e+02
1.6058865938e+05 1.8376424247e-13 6.5683433056e-14 -4.2050818191e+06 -9.8321452521e+06 -7.3416529357e-18 1.1124846538e-17 3.9796605251e+03 -7.5900416729e+03 -4.6632231812e+09 -1.0017236869e+07 1.9222293079e+06 2.6280729039e+02
1.6085146667e+05 1.8178009379e-13 6.8459616595e-14 -3.1207602911e+06 -1.1723226689e+07 -7.7162039022e-18 1.0038996977e-17 4.2428156277e+03 -6.8271365456e+03 -4.6632544761e+09 -1.0017236869e+07 1.9222293079e+06 2.7434228350e+02
1.6112580895e+05 1.7963395338e-13 7.1082992408e-14 -1.9362192458e+06 -1.3504338640e+07 -7.9040967209e-18 9.1181914525e-18 4.3748269116e+03 -6.1801894172e+03 -4.6632792713e+09 -1.0017236869e+07 1.9222293079e+06 2.8428551328e+02
1.6141009447e+05 1.7737443638e-13 7.3561353407e-14 -6.8373921715e+05 -1.5181316280e+07 -7.9768403462e-18 8.3441859324e-18 4.4259357269e+03 -5.6363822448e+03 -4.6632966735e+09 -1.0017236869e+07 1.9222293079e+06 2.6601685163e+02
1.6167611132e+05 1.7525085005e-13 7.5699287592e-14 4.9476710267e+05 -1.6623245405e+07 -7.9813922386e-18 7.7473704436e-18 4.4291338329e+03 -5.2170667037e+03 -4.6633038931e+09 -1.0017236869e+07 1.9222293079e+06 2.8619463774e+02
1.6196230596e+05 1.7297077620e-13 7.7837462564e-14 1.7594402271e+06 -1.8060780606e+07 -7.9473051781e-18 7.2107183779e-18 4.4051846653e+03 -4.8400212759e+03 -4.6633100119e+09 -1.0017236869e+07 1.9222293079e+06 4.2053910576e+02
1.6238284506e+05 1.6964615625e-13 8.0729874030e-14 3.5996744056e+06 -1.9997852216e+07 -7.8586284460e-18 6.5703513650e-18 4.3428814365e+03 -4.3901069464e+03 -4.6633323011e+09 -1.0017236869e+07 1.9222293079e+06 5.6232535040e+02
1.6294517041e+05 1.6526793011e-13 8.4229898184e-14 6.0130650239e+06 -2.2329761155e+07 -7.7102684530e-18 5.9086718202e-18 4.2386454509e+03 -3.9252186826e+03 -4.6633744129e+09 -1.0017236869e+07 1.9222293079e+06 6.4835038717e+02
1.6359352080e+05 1.6032725787e-13 8.7864656812e-14 8.7202432901e+06 -2.4736878850e+07 -7.5307066083e-18 5.3302069197e-18 4.1124874113e+03 -3.5187960490e+03 -4.6634089902e+09 -1.0017236869e+07 1.9222293079e+06 7.6087745725e+02
1.6435439826e+05 1.5467505220e-13 9.1715306054e-14 1.1794723585e+07 -2.7270231359e+07 -7.3288103403e-18 4.8151284908e-18 3.9706374686e+03 -3.1569080046e+03 -4.6634395474e+09 -1.0017236869e+07 1.9222293079e+06 8.9507052145e+02
1.6524946878e+05 1.4821385080e-13 9.5810102435e-14 1.5279448448e+07 -2.9944771735e+07 -7.1125281600e-18 4.3557359644e-18 3.8186801532e+03 -2.8341442202e+03 -4.6634664375e+09 -1.0017236869e+07 1.9222293079e+06 1.0559047128e+03
1.6630537349e+05 1.4082522278e-13 1.0018247322e-13 1.9226229496e+07 -3.2777960836e+07 -6.8875250543e-18 3.9449910773e-18 3.6605956182e+03 -2.5455596948e+03 -4.6634901492e+09 -1.0017236869e+07 1.9222293079e+06 1.2482613516e+03
1.6755363484e+05 1.3237475385e-13 1.0486658131e-13 2.3692355478e+07 -3.5786672476e+07 -6.6580372384e-18 3.5770225332e-18 3.4993601787e+03 -2.2870293247e+03 -4.6635110782e+09 -1.0017236869e+07 1.9222293079e+06 1.4781041175e+03
1.6903173896e+05 1.2270887881e-13 1.0989848309e-13 2.8741542146e+07 -3.8987762171e+07 -6.4272383572e-18 3.2468170548e-18 3.3372036000e+03 -2.0550308404e+03 -4.6635295632e+09 -1.0017236869e+07 1.9222293079e+06 1.7525331852e+03
1.7078427214e+05 1.1165226465e-13 1.1531659729e-13 3.4444431524e+07 -4.2398139506e+07 -6.1975108298e-18 2.9500551392e-18 3.1757997420e+03 -1.8465294098e+03 -4.6635458951e+09 -1.0017236869e+07 1.9222293079e+06 2.0799901078e+03
1.7280000000e+05 9.9388717183e-14 1.2098949202e-13 4.0685123533e+07 -4.5928002579e+07 -5.9770396781e-18 2.6902062837e-18 3.0208993045e+03 -1.6639626610e+03 -4.6635583894e+09 -1.0017236869e+07 1.9222293079e+06 2.4652993283e+03
1.7280000000e+05 9.9388717183e-14 1.2098949202e-13 4.0685123533e+07 -4.5928002579e+07 -5.9770396781e-18 2.6902062837e-18 3.0208993045e+03 -1.6639626610e+03 -4.6635583894e+09 -1.0017236869e+07 1.9222293079e+06 2.4652993283e+03
