0.0000000000e+00 0.0000000000e+00 0.0000000000e+00 3.1415900000e+08 0.0000000000e+00 0.0000000000e+00 0.0000000000e+00 -1.1784984552e+03 2.2614462446e+02 -4.6638893045e+09 -1.0017236869e+07 1.9222293079e+06 1.0000000000e+01
1.0000000000e+01 2.8740014438e-22 6.8962987489e-28 3.1414721481e+08 2.2614462441e+03 5.7480747656e-23 2.0689284317e-28 -1.1785388405e+03 2.2614462431e+02 -4.6638893045e+09 -1.0017236869e+07 1.9222293079e+06 5.0000000000e+01
6.0000000000e+01 1.0347699235e-20 1.4900197565e-25 3.1408828282e+08 1.3568677363e+04 3.4494919328e-22 7.4509374655e-27 -1.1787408124e+03 2.2614461922e+02 -4.6638893045e+09 -1.0017236869e+07 1.9222293079e+06 2.5000000000e+02
3.1000000000e+02 2.7639898817e-19 2.0579502322e-23 3.1379347128e+08 7.0104819122e+04 1.7839115283e-21 1.9927245929e-25 -1.1797518104e+03 2.2614448445e+02 -4.6638893045e+09 -1.0017236869e+07 1.9222293079e+06 1.2500000000e+03
1.5600000000e+03 7.0214359100e-18 2.6411488182e-21 3.1231560923e+08 3.5278375851e+05 9.0195312726e-21 5.0941147945e-24 -1.1848354717e+03 2.2614104539e+02 -4.6638893045e+09 -1.0017236869e+07 1.9222293079e+06 3.6000000000e+03
5.1600000000e+03 7.7526385657e-17 9.7570747607e-20 3.0802347884e+08 1.1668377101e+06 3.0247735880e-20 5.7291205828e-23 -1.1997501585e+03 2.2610437233e+02 -4.6638893044e+09 -1.0017236869e+07 1.9222293079e+06 3.6000000000e+03
8.7600000000e+03 2.2552884642e-16 4.8753617097e-19 3.0367689962e+08 1.9806843730e+06 5.2079119653e-20 1.6983709206e-22 -1.2150886319e+03 2.2602529891e+02 -4.6638893043e+09 -1.0017236869e+07 1.9222293079e+06 3.6000000000e+03
1.2360000000e+04 4.5326030704e-16 1.3991123611e-18 2.9927430373e+08 2.7941645584e+06 7.4547481560e-20 3.4799745892e-22 -1.2308746387e+03 2.2590012553e+02 -4.6638893041e+09 -1.0017236869e+07 1.9222293079e+06 3.6000000000e+03
1.5960000000e+04 7.6307886707e-16 3.0788247711e-18 2.9481403442e+08 3.6071050602e+06 9.7689410020e-20 5.9760177803e-22 -1.2471338854e+03 2.2572475648e+02 -4.6638893040e+09 -1.0017236869e+07 1.9222293079e+06 3.6000000000e+03
1.9560000000e+04 1.1574798213e-15 5.7953099800e-18 2.9029433851e+08 4.4193171377e+06 1.2154459091e-19 9.2511790483e-22 -1.2638942548e+03 2.2549464750e+02 -4.6638893038e+09 -1.0017236869e+07 1.9222293079e+06 3.6000000000e+03
2.3160000000e+04 1.6391074286e-15 9.8417657945e-18 2.8571335818e+08 5.2305947935e+06 1.4615615856e-19 1.3377386510e-21 -1.2811860527e+03 2.2520474502e+02 -4.6638893036e+09 -1.0017236869e+07 1.9222293079e+06 3.6000000000e+03
2.6760000000e+04 2.2107680322e-15 1.5538737925e-17 2.8106912173e+08 6.0407128160e+06 1.7157109716e-19 1.8434826182e-21 -1.2990422895e+03 2.2484941526e+02 -4.6638893034e+09 -1.0017236869e+07 1.9222293079e+06 3.6000000000e+03
3.0360000000e+04 2.8754447292e-15 2.3237299442e-17 2.7635953326e+08 6.8494245453e+06 1.9784070122e-19 2.4513120900e-21 -1.3174990043e+03 2.2442236142e+02 -4.6638893032e+09 -1.0017236869e+07 1.9222293079e+06 3.6000000000e+03
3.3960000000e+04 3.6363138193e-15 3.3322690394e-17 2.7158236115e+08 7.6564593163e+06 2.2502110595e-19 3.1712714224e-21 -1.3365956369e+03 2.2391652646e+02 -4.6638893029e+09 -1.0017236869e+07 1.9222293079e+06 3.6000000000e+03
3.7560000000e+04 4.4967633081e-15 4.6218498770e-17 2.6673522503e+08 8.4615195210e+06 2.5317390031e-19 4.0146501857e-21 -1.3563754590e+03 2.2332397847e+02 -4.6638893025e+09 -1.0017236869e+07 1.9222293079e+06 3.6000000000e+03
4.1160000000e+04 5.4604137891e-15 6.2391481077e-17 2.6181558110e+08 9.2642772220e+06 2.8236683870e-19 4.9941763464e-21 -1.3768860741e+03 2.2263577491e+02 -4.6638893021e+09 -1.0017236869e+07 1.9222293079e+06 3.6000000000e+03
4.4760000000e+04 6.5311420941e-15 8.2357142134e-17 2.5682070555e+08 1.0064370231e+07 3.1267467057e-19 6.1242461054e-21 -1.3981800002e+03 2.2184180119e+02 -4.6638893016e+09 -1.0017236869e+07 1.9222293079e+06 3.6000000000e+03
4.8360000000e+04 7.7131081773e-15 1.0668622046e-16 2.5174767565e+08 1.0861397555e+07 3.4418011201e-19 7.4211987232e-21 -1.4203153527e+03 2.2093057754e+02 -4.6638893010e+09 -1.0017236869e+07 1.9222293079e+06 3.6000000000e+03
5.1960000000e+04 9.0107857969e-15 1.3601225944e-16 2.4659334818e+08 1.1654914073e+07 3.7697498908e-19 8.9036468911e-21 -1.4433566475e+03 2.1988902690e+02 -4.6638893003e+09 -1.0017236869e+07 1.9222293079e+06 3.6000000000e+03
5.5560000000e+04 1.0428997676e-14 1.7104048756e-16 2.4135433476e+08 1.2444424300e+07 4.1116159026e-19 1.0592876132e-20 -1.4673757513e+03 2.1870219431e+02 -4.6638892994e+09 -1.0017236869e+07 1.9222293079e+06 3.6000000000e+03
5.9160000000e+04 1.1972955977e-14 2.1255828600e-16 2.3602697338e+08 1.3229375032e+07 4.4685427493e-19 1.2513330577e-20 -1.4924530116e+03 2.1735290561e+02 -4.6638892984e+09 -1.0017236869e+07 1.9222293079e+06 3.6000000000e+03
6.2760000000e+04 1.3648309117e-14 2.6144759338e-16 2.3060729554e+08 1.4009146628e+07 4.8418139779e-19 1.4693207617e-20 -1.5186786090e+03 2.1582134964e+02 -4.6638892971e+09 -1.0017236869e+07 1.9222293079e+06 3.6000000000e+03
6.6360000000e+04 1.5461196188e-14 3.1869969011e-16 2.2509098797e+08 1.4783042626e+07 5.2328762542e-19 1.7165190882e-20 -1.5461541845e+03 2.1408456329e+02 -4.6638892954e+09 -1.0017236869e+07 1.9222293079e+06 3.6000000000e+03
6.9960000000e+04 1.7418310571e-14 3.8543292706e-16 2.1947334799e+08 1.5550277287e+07 5.6433674407e-19 1.9967360419e-20 -1.5749948123e+03 2.1211579194e+02 -4.6638892934e+09 -1.0017236869e+07 1.9222293079e+06 3.6000000000e+03
7.3560000000e+04 1.9526974726e-14 4.6291412532e-16 2.1374923092e+08 1.6309960557e+07 6.0751508710e-19 2.3144331978e-20 -1.6053314081e+03 2.0988368909e+02 -4.6638892909e+09 -1.0017236869e+07 1.9222293079e+06 3.6000000000e+03
7.7160000000e+04 2.1795228683e-14 5.5258459135e-16 2.0791298794e+08 1.7061079790e+07 6.5303575182e-19 2.6748695356e-20 -1.6373136916e+03 2.0735130579e+02 -4.6638892876e+09 -1.0017236869e+07 1.9222293079e+06 3.6000000000e+03
8.0760000000e+04 2.4231935469e-14 6.5609198692e-16 2.0195839198e+08 1.7802477360e+07 7.0114383111e-19 3.0842847276e-20 -1.6711138622e+03 2.0447480282e+02 -4.6638892835e+09 -1.0017236869e+07 1.9222293079e+06 3.6000000000e+03
8.4360000000e+04 2.6846907628e-14 7.7532969870e-16 1.9587854887e+08 1.8532822994e+07 7.5212296376e-19 3.5501350720e-20 -1.7069312010e+03 2.0120179310e+02 -4.6638892781e+09 -1.0017236869e+07 1.9222293079e+06 3.6000000000e+03
8.7960000000e+04 2.9651060301e-14 9.1248591614e-16 1.8966578975e+08 1.9250579298e+07 8.0630361752e-19 4.0814005510e-20 -1.7449978909e+03 1.9746918435e+02 -4.6638892709e+09 -1.0017236869e+07 1.9222293079e+06 3.6000000000e+03
9.1560000000e+04 3.2656598075e-14 1.0701054229e-15 1.8331153983e+08 1.9953958334e+07 8.6407367765e-19 4.6889892880e-20 -1.7855864555e+03 1.9320033736e+02 -4.6638892614e+09 -1.0017236869e+07 1.9222293079e+06 3.6000000000e+03
9.5160000000e+04 3.5877245257e-14 1.2511682492e-15 1.7680615657e+08 2.0640866371e+07 9.2589214470e-19 5.3862773862e-20 -1.8290193832e+03 1.8830127322e+02 -4.6638892484e+09 -1.0017236869e+07 1.9222293079e+06 3.6000000000e+03
9.8760000000e+04 3.9328532713e-14 1.4591909979e-15 1.7013872817e+08 2.1308832683e+07 9.9230708822e-19 6.1898400376e-20 -1.8756817412e+03 1.8265553657e+02 -4.6638892305e+09 -1.0017236869e+07 1.9222293079e+06 3.6000000000e+03
1.0236000000e+05 4.3028159404e-14 1.6983591376e-15 1.6329681955e+08 2.1954916610e+07 1.0639795235e-18 7.1204578123e-20 -1.9260379510e+03 1.7611712557e+02 -4.6638892053e+09 -1.0017236869e+07 1.9222293079e+06 3.6000000000e+03
1.0596000000e+05 4.6996454085e-14 1.9737023149e-15 1.5626614795e+08 2.2575584381e+07 1.1417156829e-18 8.2045269038e-20 -1.9806544620e+03 1.6850058367e+02 -4.6638891690e+09 -1.0017236869e+07 1.9222293079e+06 3.6000000000e+03
1.0956000000e+05 5.1256973655e-14 2.2913305967e-15 1.4903016258e+08 2.3166543135e+07 1.2265114314e-18 9.4760759231e-20 -2.0402309573e+03 1.5956682985e+02 -4.6638891154e+09 -1.0017236869e+07 1.9222293079e+06 3.6000000000e+03
1.1316000000e+05 5.5837291599e-14 2.6587588876e-15 1.4156949064e+08 2.3722512988e+07 1.3196146607e-18 1.0979716942e-19 -2.1056441909e+03 1.4900242496e+02 -4.6638890340e+09 -1.0017236869e+07 1.9222293079e+06 3.6000000000e+03
1.1676000000e+05 6.0770056686e-14 3.0853621424e-15 1.3386119349e+08 2.4236907209e+07 1.4226150041e-18 1.2775077854e-19 -2.1780110204e+03 1.3638843040e+02 -4.6638889061e+09 -1.0017236869e+07 1.9222293079e+06 3.6000000000e+03
1.2036000000e+05 6.6094445710e-14 3.5830301385e-15 1.2587774596e+08 2.4701372177e+07 1.5375763299e-18 1.4943662956e-19 -2.2587814954e+03 1.2115220661e+02 -4.6638886976e+09 -1.0017236869e+07 1.9222293079e+06 3.6000000000e+03
1.2396000000e+05 7.1858207636e-14 4.1671368674e-15 1.1758560020e+08 2.5105106310e+07 1.6672385767e-18 1.7599850612e-19 -2.3498806646e+03 1.0249014462e+02 -4.6638883411e+09 -1.0017236869e+07 1.9222293079e+06 3.6000000000e+03
1.2756000000e+05 7.8120625989e-14 4.8580253592e-15 1.0894310431e+08 2.5433816831e+07 1.8153366319e-18 2.0909266841e-19 -2.4539326158e+03 7.9238575542e+01 -4.6638876972e+09 -1.0017236869e+07 1.9222293079e+06 3.6000000000e+03
1.3116000000e+05 8.4956965383e-14 5.6833764978e-15 9.9897378236e+07 2.5668055479e+07 1.9871264886e-18 2.5121041173e-19 -2.5746301481e+03 4.9647144588e+01 -4.6638864516e+09 -1.0017236869e+07 1.9222293079e+06 3.6000000000e+03
1.3476000000e+05 9.2465435857e-14 6.6821804950e-15 9.0379420777e+07 2.5780428190e+07 2.1903003971e-18 3.0627969555e-19 -2.7173777459e+03 1.0956113651e+01 -4.6638838246e+09 -1.0017236869e+07 1.9222293079e+06 3.6000000000e+03
1.3836000000e+05 1.0077869062e-13 7.9118213616e-15 8.0296031346e+07 2.5730617631e+07 2.4366860750e-18 3.8087572768e-19 -2.8904854246e+03 -4.1454180921e+01 -4.6638776253e+09 -1.0017236869e+07 1.9222293079e+06 3.6000000000e+03
1.4196000000e+05 1.1008412322e-13 9.4617651466e-15 6.9515549436e+07 2.5455766011e+07 2.7456757148e-18 4.8690790350e-19 -3.1075779103e+03 -1.1595114022e+02 -4.6638605877e+09 -1.0017236869e+07 1.9222293079e+06 3.6000000000e+03
1.4556000000e+05 1.2066300302e-13 1.1482999879e-14 5.7840358506e+07 2.4849790915e+07 3.1519502494e-18 6.4842817752e-19 -3.3930216186e+03 -2.2943338451e+02 -4.6638023232e+09 -1.0017236869e+07 1.9222293079e+06 3.6000000000e+03
1.4864066329e+05 1.3106647703e-13 1.3796123652e-14 4.6900443133e+07 2.3921292808e+07 3.6280010917e-18 8.7179961754e-19 -3.7274893398e+03 -3.8637153036e+02 -4.6636925988e+09 -1.0017236869e+07 1.9222293079e+06 3.1105722603e+03
1.5108839060e+05 1.4055419597e-13 1.6258673096e-14 3.7349840570e+07 2.2744674914e+07 4.1530619313e-18 1.1650290508e-18 -4.0963909085e+03 -5.9239108038e+02 -4.6635394291e+09 -1.0017236869e+07 1.9222293079e+06 2.4983008171e+03
1.5301389038e+05 1.4907281655e-13 1.8840032381e-14 2.9095559458e+07 2.1366483673e+07 4.7262661973e-18 1.5489899314e-18 -4.4991174822e+03 -8.6215747792e+02 -4.6633310796e+09 -1.0017236869e+07 1.9222293079e+06 1.9750549278e+03
1.5451791313e+05 1.5662078874e-13 2.1514778416e-14 2.2019954510e+07 1.9827365236e+07 5.3430288638e-18 2.0510536651e-18 -4.9324476757e+03 -1.2149015506e+03 -4.6630552496e+09 -1.0017236869e+07 1.9222293079e+06 1.5470299206e+03
1.5569094264e+05 1.6325169637e-13 2.4273334835e-14 1.5978743350e+07 1.8154510269e+07 5.9939315345e-18 2.7093694621e-18 -5.3897642345e+03 -1.6774264847e+03 -4.6626968023e+09 -1.0017236869e+07 1.9222293079e+06 1.2070836542e+03
1.5660989969e+05 1.6905356425e-13 2.7128098147e-14 1.0819429774e+07 1.6356604348e+07 6.6597754836e-18 3.5797033223e-18 -5.8575783596e+03 -2.2889128156e+03 -4.6622384308e+09 -1.0017236869e+07 1.9222293079e+06 9.4326921603e+02
1.5733969984e+05 1.7414263303e-13 3.0130380029e-14 6.3838415734e+06 1.4412276798e+07 7.3007563697e-18 4.7511382491e-18 -6.3079239893e+03 -3.1119492136e+03 -4.6616657227e+09 -1.0017236869e+07 1.9222293079e+06 7.4392227603e+02
1.5788069216e+05 1.7822541286e-13 3.3058934698e-14 2.8777698769e+06 1.2477051248e+07 7.7806203768e-18 6.1904193445e-18 -6.6450707952e+03 -4.1231711785e+03 -4.6612814566e+09 -1.0017236869e+07 1.9222293079e+06 6.0385200269e+02
1.5819054021e+05 1.8066820986e-13 3.5156571500e-14 7.9633399441e+05 1.1073346779e+07 7.9643217418e-18 7.4122336266e-18 -6.7741372131e+03 -4.9816035189e+03 -4.6612406310e+09 -1.0017236869e+07 1.9222293079e+06 3.8015455572e+02
1.5857069477e+05 1.8369033974e-13 3.8353707169e-14 -1.7749904552e+06 8.9130467815e+06 7.8310923623e-18 9.5445199609e-18 -6.6805318184e+03 -6.4797228116e+03 -4.6612858055e+09 -1.0017236869e+07 1.9222293079e+06 3.6559172956e+02
1.5893628650e+05 1.8638694064e-13 4.2342470957e-14 -4.1004398140e+06 6.1932648745e+06 6.6578463987e-18 1.2393065672e-17 -5.8562230073e+03 -8.4810775156e+03 -4.6613689896e+09 -1.0017236869e+07 1.9222293079e+06 3.9479692697e+02
1.5922952884e+05 1.8801814006e-13 4.6338185699e-14 -5.5920869847e+06 3.4522378845e+06 4.1944212023e-18 1.4779533869e-17 -4.1254494458e+03 -1.0157781995e+04 -4.6597668324e+09 -1.0017236869e+07 1.9222293079e+06 3.2303074856e+02
1.5929810395e+05 1.8827858618e-13 4.7367077220e-14 -5.8558890262e+06 2.7448586993e+06 3.3888770294e-18 1.5215116835e-17 -3.5594835869e+03 -1.0463817463e+04 -4.6597646014e+09 -1.0017236869e+07 1.9222293079e+06 2.3200831247e+02
1.5943344973e+05 1.8861970775e-13 4.9470694137e-14 -6.2550618180e+06 1.2974899218e+06 1.6216852899e-18 1.5803545570e-17 -2.3178754612e+03 -1.0877240569e+04 -4.6597498073e+09 -1.0017236869e+07 1.9222293079e+06 1.9345409344e+02
1.5957484857e+05 1.8871212661e-13 5.1722237516e-14 -6.4866325345e+06 -2.5244138029e+05 -3.1062690381e-19 1.5963937757e-17 -9.6025564698e+02 -1.0989930232e+04 -4.6598326374e+09 -1.0017236869e+07 1.9222293079e+06 1.3524004277e+02
1.5971008861e+05 1.8855073244e-13 5.3867688401e-14 -6.5326190673e+06 -1.7292261225e+06 -2.0433987575e-18 1.5704118725e-17 2.5716947187e+02 -1.0807384437e+04 -4.6599291635e+09 -1.0017236869e+07 1.9222293079e+06 1.3661693430e+02
1.5984670554e+05 1.8816580579e-13 5.5977329727e-14 -6.4231769804e+06 -3.1805401135e+06 -3.5433800369e-18 1.5140766148e-17 1.3110386719e+03 -1.0411579544e+04 -4.6600022455e+09 -1.0017236869e+07 1.9222293079e+06 2.3358616264e+02
1.6008029171e+05 1.8710211512e-13 5.9366872480e-14 -5.9511213637e+06 -5.5091687203e+06 -5.4245367313e-18 1.3844618625e-17 2.6327172342e+03 -9.5009215437e+03 -4.6604459867e+09 -1.0017236869e+07 1.9222293079e+06 3.3799477455e+02
1.6041828648e+05 1.8498208963e-13 6.3719190933e-14 -4.8599427137e+06 -8.4906207597e+06 -6.9301090724e-18 1.1951684380e-17 3.6905146484e+03 -8.1709682128e+03 -4.6609752043e+09 -1.0017236869e+07 1.9222293079e+06 4.1421866429e+02
1.6083250515e+05 1.8192582319e-13 6.8268713180e-14 -3.2008019237e+06 -1.1593388242e+07 -7.6971045356e-18 1.0110070885e-17 4.2293966373e+03 -6.8770722373e+03 -4.6613984027e+09 -1.0017236869e+07 1.9222293079e+06 4.1894322258e+02
1.6125144837e+05 1.7863745415e-13 7.2205592865e-14 -1.3841564675e+06 -1.4264651835e+07 -7.9477470097e-18 8.7562118836e-18 4.4054950909e+03 -5.9258668307e+03 -4.6615963699e+09 -1.0017236869e+07 1.9222293079e+06 4.3023412054e+02
1.6168168249e+05 1.7520583198e-13 7.5742459165e-14 5.1983065708e+05 -1.6652317354e+07 -7.9811898969e-18 7.7358812770e-18 4.4289916700e+03 -5.2089945504e+03 -4.6616930158e+09 -1.0017236869e+07 1.9222293079e+06 4.3794712574e+02
1.6211962961e+05 1.7172209396e-13 7.8951305336e-14 2.4513439924e+06 -1.8807775534e+07 -7.9181080660e-18 6.9530221560e-18 4.3846711178e+03 -4.6589669421e+03 -4.6617382198e+09 -1.0017236869e+07 1.9222293079e+06 7.3518721472e+02
1.6285481683e+05 1.6596499826e-13 8.3691719411e-14 5.6297947005e+06 -2.1972076057e+07 -7.7352099536e-18 6.0031032661e-18 4.2561690558e+03 -3.9915651056e+03 -4.6619607487e+09 -1.0017236869e+07 1.9222293079e+06 9.6752051349e+02
1.6382233734e+05 1.5861043837e-13 8.9064364876e-14 9.6568005228e+06 -2.5528033990e+07 -7.4685876545e-18 5.1598372390e-18 4.0688433651e+03 -3.3990963157e+03 -4.6622039534e+09 -1.0017236869e+07 1.9222293079e+06 1.2132844654e+03
1.6503562181e+05 1.4973919291e-13 9.4867937388e-14 1.4459779350e+07 -2.9331178000e+07 -7.1620825273e-18 4.4542976878e-18 3.8534964687e+03 -2.9033925275e+03 -4.6623971141e+09 -1.0017236869e+07 1.9222293079e+06 1.5425110897e+03
1.6657813290e+05 1.3895286043e-13 1.0124577973e-13 2.0220282720e+07 -3.3463344403e+07 -6.8343246238e-18 3.8554455000e-18 3.6232176217e+03 -2.4826460256e+03 -4.6625577763e+09 -1.0017236869e+07 1.9222293079e+06 1.9683021442e+03
1.6854643504e+05 1.2584408032e-13 1.0829867778e-13 2.7110716364e+07 -3.7973506654e+07 -6.4988304671e-18 3.3453514101e-18 3.3875033742e+03 -2.1242599192e+03 -4.6626912315e+09 -1.0017236869e+07 1.9222293079e+06 2.5199173417e+03
1.7106635238e+05 1.0990748815e-13 1.1614226285e-13 3.5337859840e+07 -4.2914451481e+07 -6.1642077977e-18 2.9092143943e-18 3.1524014234e+03 -1.8178351829e+03 -4.6628023919e+09 -1.0017236869e+07 1.9222293079e+06 3.2332117516e+03
1.7280000000e+05 9.9387310944e-14 1.2098871325e-13 4.0686111540e+07 -4.5927455427e+07 -5.9770949098e-18 2.6901593003e-18 3.0209381097e+03 -1.6639296510e+03 -4.6628078346e+09 -1.0017236869e+07 1.9222293079e+06 3.6000000000e+03
1.7280000000e+05 9.9387310944e-14 1.2098871325e-13 4.0686111540e+07 -4.5927455427e+07 -5.9770949098e-18 2.6901593003e-18 3.0209381097e+03 -1.6639296510e+03 -4.6628078346e+09 -1.0017236869e+07 1.9222293079e+06 3.6000000000e+03
