0.0000000000e+00 0.0000000000e+00 0.0000000000e+00 3.1415900000e+08 0.0000000000e+00 0.0000000000e+00 0.0000000000e+00 -1.1785615610e+03 2.2581551680e+02 -4.6638893015e+09 -1.0017773269e+07 1.9194318928e+06 1.0000000000e+01 0.0000000000e+00 -0.0000000000e+00
1.0000000000e+01 2.8740014476e-22 6.8862626049e-28 3.1414721418e+08 2.2581551675e+03 5.7480747771e-23 2.0659175340e-28 -1.1786019463e+03 2.2581551665e+02 -4.6638893015e+09 -1.0017773269e+07 1.9194318928e+06 5.0000000000e+01 0.0000000000e+00 -0.0000000000e+00
6.0000000000e+01 1.0347699318e-20 1.4878513617e-25 3.1408827904e+08 1.3548930903e+04 3.4494919744e-22 7.4400943159e-27 -1.1788039182e+03 2.2581551157e+02 -4.6638893015e+09 -1.0017773269e+07 1.9194318928e+06 2.5000000000e+02 0.0000000000e+00 -0.0000000000e+00
3.1000000000e+02 2.7639899967e-19 2.0549554951e-23 3.1379345172e+08 7.0002795770e+04 1.7839116397e-21 1.9898248345e-25 -1.1798149163e+03 2.2581537700e+02 -4.6638893015e+09 -1.0017773268e+07 1.9194318928e+06 1.2500000000e+03 0.0000000000e+00 -0.0000000000e+00
1.5600000000e+03 7.0214373905e-18 2.6373064120e-21 3.1231551079e+08 3.5227035327e+05 9.0195341323e-21 5.0867045640e-24 -1.1848985796e+03 2.2581194294e+02 -4.6638893015e+09 -1.0017773269e+07 1.9194318928e+06 3.6000000000e+03 0.0000000000e+00 -0.0000000000e+00
5.1600000000e+03 7.7526440919e-17 9.7428909159e-20 3.0802315318e+08 1.1651396143e+06 3.0247768488e-20 5.7207952840e-23 -1.1998132873e+03 2.2577532317e+02 -4.6638893014e+09 -1.0017773269e+07 1.9194318928e+06 3.6000000000e+03 0.0000000000e+00 -0.0000000000e+00
8.7600000000e+03 2.2552912547e-16 4.8682801258e-19 3.0367634662e+08 1.9778018875e+06 5.2079217683e-20 1.6959056182e-22 -1.2151518066e+03 2.2569636447e+02 -4.6638893013e+09 -1.0017773269e+07 1.9194318928e+06 3.6000000000e+03 0.0000000000e+00 -0.0000000000e+00
1.2360000000e+04 4.5326111646e-16 1.3970818296e-18 2.9927352318e+08 2.7900982144e+06 7.4547685320e-20 3.4749289678e-22 -1.2309378877e+03 2.2557137238e+02 -4.6638893012e+09 -1.0017773269e+07 1.9194318928e+06 3.6000000000e+03 0.0000000000e+00 -0.0000000000e+00
1.5960000000e+04 7.6308066785e-16 3.0743604138e-18 2.9481302599e+08 3.6018556387e+06 9.7689765080e-20 5.9673636275e-22 -1.2471972407e+03 2.2539625685e+02 -4.6638893010e+09 -1.0017773269e+07 1.9194318928e+06 3.6000000000e+03 0.0000000000e+00 -0.0000000000e+00
1.9560000000e+04 1.1574832490e-15 5.7869144236e-18 2.9029310175e+08 4.4128856906e+06 1.2154514883e-19 9.2377990879e-22 -1.2639577526e+03 2.2516647990e+02 -4.6638893009e+09 -1.0017773269e+07 1.9194318928e+06 3.6000000000e+03 0.0000000000e+00 -0.0000000000e+00
2.3160000000e+04 1.6391133164e-15 9.8275220116e-18 2.8571189251e+08 5.2229826677e+06 1.4615697774e-19 1.3358064931e-21 -1.2812497341e+03 2.2487699487e+02 -4.6638893007e+09 -1.0017773269e+07 1.9194318928e+06 3.6000000000e+03 0.0000000000e+00 -0.0000000000e+00
2.6760000000e+04 2.2107774374e-15 1.5516271874e-17 2.8106742641e+08 6.0319216795e+06 1.7157224380e-19 1.8408237926e-21 -1.2991062010e+03 2.2452217566e+02 -4.6638893005e+09 -1.0017773269e+07 1.9194318928e+06 3.6000000000e+03 0.0000000000e+00 -0.0000000000e+00
3.0360000000e+04 2.8754589630e-15 2.3203738596e-17 2.7635760737e+08 6.8394564163e+06 1.9784225052e-19 2.4477819518e-21 -1.3175631987e+03 2.2409573400e+02 -4.6638893002e+09 -1.0017773269e+07 1.9194318928e+06 3.6000000000e+03 0.0000000000e+00 -0.0000000000e+00
3.3960000000e+04 3.6363344820e-15 3.3274617613e-17 2.7158020356e+08 7.6453165957e+06 2.2502314340e-19 3.1667118066e-21 -1.3366601742e+03 2.2359062234e+02 -4.6638892999e+09 -1.0017773269e+07 1.9194318928e+06 3.6000000000e+03 0.0000000000e+00 -0.0000000000e+00
3.7560000000e+04 4.4967923284e-15 4.6151900851e-17 2.6673283438e+08 8.4492050284e+06 2.5317652333e-19 4.0088878318e-21 -1.3564404077e+03 2.2299891937e+02 -4.6638892996e+09 -1.0017773269e+07 1.9194318928e+06 3.6000000000e+03 0.0000000000e+00 -0.0000000000e+00
4.1160000000e+04 5.4604534708e-15 6.2301691242e-17 2.6181295578e+08 9.2507942362e+06 2.8237015849e-19 4.9870210961e-21 -1.3769515124e+03 2.2231169445e+02 -4.6638892992e+09 -1.0017773269e+07 1.9194318928e+06 3.6000000000e+03 0.0000000000e+00 -0.0000000000e+00
4.4760000000e+04 6.5311951695e-15 8.2238775559e-17 2.5681784364e+08 1.0049722536e+07 3.1267881438e-19 6.1154888337e-21 -1.3982460174e+03 2.2151884629e+02 -4.6638892987e+09 -1.0017773269e+07 1.9194318928e+06 3.6000000000e+03 0.0000000000e+00 -0.0000000000e+00
4.8360000000e+04 7.7131778694e-15 1.0653310181e-16 2.5174457488e+08 1.0845589488e+07 3.4418522575e-19 7.4106089550e-21 -1.4203820514e+03 2.2060891013e+02 -4.6638892981e+09 -1.0017773269e+07 1.9194318928e+06 3.6000000000e+03 0.0000000000e+00 -0.0000000000e+00
5.1960000000e+04 9.0108758924e-15 1.3581734117e-16 2.4659000590e+08 1.1637950587e+07 3.7698124058e-19 8.8909700458e-21 -1.4434241456e+03 2.1956882585e+02 -4.6638892973e+09 -1.0017773269e+07 1.9194318928e+06 3.6000000000e+03 0.0000000000e+00 -0.0000000000e+00
5.5560000000e+04 1.0429112611e-14 1.7079575751e-16 2.4135074785e+08 1.2426311024e+07 4.1116917310e-19 1.0577830326e-20 -1.4674441847e+03 2.1838365766e+02 -4.6638892965e+09 -1.0017773269e+07 1.9194318928e+06 3.6000000000e+03 0.0000000000e+00 -0.0000000000e+00
5.9160000000e+04 1.1973100937e-14 2.1225466260e-16 2.3602313819e+08 1.3210118345e+07 4.4686341314e-19 1.2495602897e-20 -1.4925225379e+03 2.1703625321e+02 -4.6638892954e+09 -1.0017773269e+07 1.9194318928e+06 3.6000000000e+03 0.0000000000e+00 -0.0000000000e+00
6.2760000000e+04 1.3648490159e-14 2.6107480629e-16 2.3060320782e+08 1.3988753747e+07 4.8419235153e-19 1.4672449763e-20 -1.5187494108e+03 2.1550682621e+02 -4.6638892941e+09 -1.0017773269e+07 1.9194318928e+06 3.6000000000e+03 0.0000000000e+00 -0.0000000000e+00
6.6360000000e+04 1.5461420379e-14 3.1824614383e-16 2.2508664275e+08 1.4761521698e+07 5.2330069804e-19 1.7141014039e-20 -1.5462264750e+03 2.1377244200e+02 -4.6638892925e+09 -1.0017773269e+07 1.9194318928e+06 3.6000000000e+03 0.0000000000e+00 -0.0000000000e+00
6.9960000000e+04 1.7418586162e-14 3.8488554454e-16 2.1946873948e+08 1.5527637500e+07 5.6435229076e-19 1.9939329215e-20 -1.5750688410e+03 2.1180637867e+02 -4.6638892905e+09 -1.0017773269e+07 1.9194318928e+06 3.6000000000e+03 0.0000000000e+00 -0.0000000000e+00
7.3560000000e+04 1.9527311354e-14 4.6225816779e-16 2.1374435235e+08 1.6286212265e+07 6.0753352573e-19 2.3111957304e-20 -1.6054074687e+03 2.0957732750e+02 -4.6638892879e+09 -1.0017773269e+07 1.9194318928e+06 3.6000000000e+03 0.0000000000e+00 -0.0000000000e+00
7.7160000000e+04 2.1795637624e-14 5.5180344991e-16 2.0790783138e+08 1.7036234664e+07 6.5305757649e-19 2.6711425810e-20 -1.6373921312e+03 2.0704838328e+02 -4.6638892847e+09 -1.0017773269e+07 1.9194318928e+06 3.6000000000e+03 0.0000000000e+00 -0.0000000000e+00
8.0760000000e+04 2.4232429939e-14 6.5516694041e-16 2.0195294815e+08 1.7776548552e+07 7.0116962943e-19 3.0800058906e-20 -1.6711950936e+03 2.0417575777e+02 -4.6638892805e+09 -1.0017773269e+07 1.9194318928e+06 3.6000000000e+03 0.0000000000e+00 -0.0000000000e+00
8.4360000000e+04 2.6847503159e-14 7.7423963098e-16 1.9587280685e+08 1.8505825341e+07 7.5215343887e-19 3.5452334669e-20 -1.7070157183e+03 2.0090712355e+02 -4.6638892751e+09 -1.0017773269e+07 1.9194318928e+06 3.6000000000e+03 0.0000000000e+00 -0.0000000000e+00
8.7960000000e+04 2.9651775208e-14 9.1120698430e-16 1.8965973668e+08 1.9222529551e+07 8.0633961660e-19 4.0757953033e-20 -1.7450862893e+03 1.9717945850e+02 -4.6638892679e+09 -1.0017773269e+07 1.9194318928e+06 3.6000000000e+03 0.0000000000e+00 -0.0000000000e+00
9.1560000000e+04 3.2657454033e-14 1.0686106660e-15 1.8330516048e+08 1.9924875436e+07 8.6411622926e-19 4.6825877099e-20 -1.7856794576e+03 1.9291620644e+02 -4.6638892584e+09 -1.0017773269e+07 1.9194318928e+06 3.6000000000e+03 0.0000000000e+00 -0.0000000000e+00
9.5160000000e+04 3.5878268043e-14 1.2494271240e-15 1.7679943283e+08 2.0610771781e+07 9.2594250816e-19 5.3789727400e-20 -1.8291178738e+03 1.8802348715e+02 -4.6638892454e+09 -1.0017773269e+07 1.9194318928e+06 3.6000000000e+03 0.0000000000e+00 -0.0000000000e+00
9.8760000000e+04 3.9329753151e-14 1.4571688254e-15 1.7013163837e+08 2.1277750766e+07 9.9236682008e-19 6.1815087820e-20 -1.8757868139e+03 1.8238496333e+02 -4.6638892275e+09 -1.0017773269e+07 1.9194318928e+06 3.6000000000e+03 0.0000000000e+00 -0.0000000000e+00
1.0236000000e+05 4.3029614588e-14 1.6960164386e-15 1.6328933764e+08 2.1922875103e+07 1.0640505681e-18 7.1109561957e-20 -1.9261509719e+03 1.7585477515e+02 -4.6638892022e+09 -1.0017773269e+07 1.9194318928e+06 3.6000000000e+03 0.0000000000e+00 -0.0000000000e+00
1.0596000000e+05 4.6998188987e-14 1.9709940098e-15 1.5625824233e+08 2.2542614957e+07 1.1418004983e-18 8.1936867387e-20 -1.9807771582e+03 1.6824763774e+02 -4.6638891659e+09 -1.0017773269e+07 1.9194318928e+06 3.6000000000e+03 0.0000000000e+00 -0.0000000000e+00
1.0956000000e+05 5.1259043280e-14 2.2882050341e-15 1.4902179462e+08 2.3132682084e+07 1.2266131675e-18 9.4636993434e-20 -2.0403655417e+03 1.5932467859e+02 -4.6638891122e+09 -1.0017773269e+07 1.9194318928e+06 3.6000000000e+03 0.0000000000e+00 -0.0000000000e+00
1.1316000000e+05 5.5839763906e-14 2.6551566638e-15 1.4156061258e+08 2.3687802046e+07 1.3197374172e-18 1.0965569931e-19 -2.1057935440e+03 1.4877271253e+02 -4.6638890307e+09 -1.0017773269e+07 1.9194318928e+06 3.3290026877e+03 0.0000000000e+00 -0.0000000000e+00
1.1615328284e+05 5.9915320599e-14 3.0047979272e-15 1.3516940630e+08 2.4118077919e+07 1.4046257974e-18 1.2433084135e-19 -2.1654351213e+03 1.3846213039e+02 -4.6638889819e+09 -1.0017773269e+07 1.9194318928e+06 3.0126578778e+03 0.0000000000e+00 -0.0000000000e+00
1.1916594071e+05 6.4285635018e-14 3.4046675971e-15 1.2854827203e+08 2.4517439088e+07 1.4981385740e-18 1.4159052236e-19 -2.2311360980e+03 1.2633568156e+02 -4.6638889066e+09 -1.0017773269e+07 1.9194318928e+06 2.7206458294e+03 0.0000000000e+00 -0.0000000000e+00
1.2161092875e+05 6.8048480802e-14 3.7702732014e-15 1.2302297194e+08 2.4812685129e+07 1.5809964957e-18 1.5784748170e-19 -2.2893510989e+03 1.1491373319e+02 -4.6638888674e+09 -1.0017773269e+07 1.9194318928e+06 2.4615704396e+03 0.0000000000e+00 -0.0000000000e+00
1.2407249919e+05 7.2050329906e-14 4.1814750881e-15 1.1731020754e+08 2.5079640322e+07 1.6717933624e-18 1.7670898696e-19 -2.3531439092e+03 1.0166186149e+02 -4.6638888083e+09 -1.0017773269e+07 1.9194318928e+06 2.2217991364e+03 0.0000000000e+00 -0.0000000000e+00
1.2606595024e+05 7.5461508249e-14 4.5508048976e-15 1.1256414898e+08 2.5270305722e+07 1.7516007727e-18 1.9419774433e-19 -2.4092156569e+03 8.9374466311e+01 -4.6638887787e+09 -1.0017773269e+07 1.9194318928e+06 2.0083369387e+03 0.0000000000e+00 -0.0000000000e+00
1.2787211435e+05 7.8694676336e-14 4.9173999263e-15 1.0816388753e+08 2.5420600249e+07 1.8294938711e-18 2.1209384522e-19 -2.4639424314e+03 7.6800876372e+01 -4.6638887536e+09 -1.0017773269e+07 1.9194318928e+06 1.8201462319e+03 0.0000000000e+00 -0.0000000000e+00
1.2950288828e+05 8.1739031678e-14 5.2777881923e-15 1.0410299181e+08 2.5535649753e+07 1.9050139133e-18 2.3022996437e-19 -2.5170019245e+03 6.4058652423e+01 -4.6638887330e+09 -1.0017773269e+07 1.9194318928e+06 1.6449629072e+03 0.0000000000e+00 -0.0000000000e+00
1.3096763259e+05 8.4581963837e-14 5.6280851568e-15 1.0037928978e+08 2.5620297220e+07 1.9775959154e-18 2.4839417063e-19 -2.5679971854e+03 5.1296694802e+01 -4.6638887167e+09 -1.0017773269e+07 1.9194318928e+06 1.4798167039e+03 0.0000000000e+00 -0.0000000000e+00
1.3227156178e+05 8.7205044686e-14 5.9634548704e-15 9.6999583215e+07 2.5679117848e+07 2.0464592080e-18 2.6629718816e-19 -2.6163797245e+03 3.8718245310e+01 -4.6638887046e+09 -1.0017773269e+07 1.9194318928e+06 1.3211119534e+03 0.0000000000e+00 -0.0000000000e+00
1.3341337648e+05 8.9577897544e-14 6.2772002970e-15 9.3986745797e+07 2.5716523479e+07 2.1104258468e-18 2.8351518515e-19 -2.6613219324e+03 2.6621083188e+01 -4.6638886965e+09 -1.0017773268e+07 1.9194318928e+06 1.1638723996e+03 0.0000000000e+00 -0.0000000000e+00
1.3437795565e+05 9.1640824564e-14 6.5582023474e-15 9.1400541609e+07 2.5736911689e+07 2.1674073762e-18 2.9933309368e-19 -2.7013564846e+03 1.5507606748e+01 -4.6638886921e+09 -1.0017773268e+07 1.9194318928e+06 1.0001990977e+03 0.0000000000e+00 -0.0000000000e+00
1.3509680720e+05 9.3214716411e-14 6.7778736647e-15 8.9447532913e+07 2.5744901039e+07 2.2117821386e-18 3.1196658695e-19 -2.7325336706e+03 6.6314630048e+00 -4.6638886909e+09 -1.0017773268e+07 1.9194318928e+06 8.2331715702e+02 0.0000000000e+00 -0.0000000000e+00
1.3583142103e+05 9.4856729706e-14 7.0120393738e-15 8.7428086065e+07 2.5746266169e+07 2.2589468321e-18 3.2569859611e-19 -2.7656710294e+03 -3.0164850790e+00 -4.6638886893e+09 -1.0017773268e+07 1.9194318928e+06 6.9856434398e+02 0.0000000000e+00 -0.0000000000e+00
1.3652998538e+05 9.6450945311e-14 7.2443658778e-15 8.5484707853e+07 2.5740782969e+07 2.3056233307e-18 3.3959873381e-19 -2.7984653882e+03 -1.2782558297e+01 -4.6638886877e+09 -1.0017773269e+07 1.9194318928e+06 8.6187290653e+02 0.0000000000e+00 -0.0000000000e+00
1.3739185828e+05 9.8463839640e-14 7.5448809954e-15 8.3054701700e+07 2.5724268858e+07 2.3658604074e-18 3.5799610422e-19 -2.8407872496e+03 -2.5708334303e+01 -4.6638886825e+09 -1.0017773268e+07 1.9194318928e+06 9.4420684085e+02 0.0000000000e+00 -0.0000000000e+00
1.3833606512e+05 1.0073026943e-13 7.8930988095e-15 8.0349528908e+07 2.5692831674e+07 2.4355144456e-18 3.7991886706e-19 -2.8897253574e+03 -4.1111009566e+01 -4.6638886719e+09 -1.0017773269e+07 1.9194318928e+06 9.8442015008e+02 0.0000000000e+00 -0.0000000000e+00
1.3932048527e+05 1.0316540456e-13 8.2792500796e-15 7.7478431862e+07 2.5643823680e+07 2.5126429852e-18 4.0501360039e-19 -2.9439149619e+03 -5.8742273970e+01 -4.6638886549e+09 -1.0017773269e+07 1.9194318928e+06 9.9920196838e+02 0.0000000000e+00 -0.0000000000e+00
1.4031968724e+05 1.0571731261e-13 8.6977675755e-15 7.4507870260e+07 2.5575413520e+07 2.5961827692e-18 4.3317549777e-19 -3.0026090313e+03 -7.8528491750e+01 -4.6638886305e+09 -1.0017773268e+07 1.9194318928e+06 9.9705427760e+02 0.0000000000e+00 -0.0000000000e+00
1.4131674152e+05 1.0834983960e-13 9.1449605731e-15 7.1483197921e+07 2.5486371308e+07 2.6854750959e-18 4.6441740671e-19 -3.0653447695e+03 -1.0047868942e+02 -4.6638885976e+09 -1.0017773268e+07 1.9194318928e+06 9.8308301668e+02 0.0000000000e+00 -0.0000000000e+00
1.4229982454e+05 1.1103581812e-13 9.6181145810e-15 6.8437437159e+07 2.5375934268e+07 2.7800796088e-18 4.9882006173e-19 -3.1318127873e+03 -1.2464959010e+02 -4.6638885555e+09 -1.0017773268e+07 1.9194318928e+06 9.6068559727e+02 0.0000000000e+00 -0.0000000000e+00
1.4326051013e+05 1.1375384161e-13 1.0115077677e-14 6.5395558715e+07 2.5243711558e+07 2.8796867874e-18 5.3650980378e-19 -3.2017956192e+03 -1.5112995946e+02 -4.6638885033e+09 -1.0017773268e+07 1.9194318928e+06 9.3227346922e+02 0.0000000000e+00 -0.0000000000e+00
1.4419278360e+05 1.1648652260e-13 1.0634046826e-14 6.2376867524e+07 2.5089611754e+07 2.9840711172e-18 5.7764751715e-19 -3.2751348212e+03 -1.8003283290e+02 -4.6638884400e+09 -1.0017773268e+07 1.9194318928e+06 8.9963087610e+02 0.0000000000e+00 -0.0000000000e+00
1.4509241448e+05 1.1921945988e-13 1.1173448566e-14 5.9396467575e+07 2.4913785049e+07 3.0930635219e-18 6.2242285296e-19 -3.3517116025e+03 -2.1149145707e+02 -4.6638883646e+09 -1.0017773268e+07 1.9194318928e+06 8.6411379409e+02 0.0000000000e+00 -0.0000000000e+00
1.4595652827e+05 1.2194057981e-13 1.1731868860e-14 5.6466229422e+07 2.4716575824e+07 3.2065338722e-18 6.7105123275e-19 -3.4314345357e+03 -2.4565718461e+02 -4.6638882764e+09 -1.0017773268e+07 1.9194318928e+06 8.2677015001e+02 0.0000000000e+00 -0.0000000000e+00
1.4678329842e+05 1.2463969044e-13 1.2308010503e-14 5.3595466531e+07 2.4498483012e+07 3.3243791619e-18 7.2377245237e-19 -3.5142312498e+03 -2.8269849326e+02 -4.6638881743e+09 -1.0017773268e+07 1.9194318928e+06 7.8841762565e+02 0.0000000000e+00 -0.0000000000e+00
1.4757171605e+05 1.2730816387e-13 1.2900666838e-14 5.0791429782e+07 2.4260126577e+07 3.4465150470e-18 7.8085028519e-19 -3.6000424858e+03 -3.2280070710e+02 -4.6638880573e+09 -1.0017773269e+07 1.9194318928e+06 7.4969689072e+02 0.0000000000e+00 -0.0000000000e+00
1.4832141294e+05 1.2993869988e-13 1.3508705536e-14 4.8059682194e+07 2.4002218932e+07 3.5728694539e-18 8.4257276065e-19 -3.6888176056e+03 -3.6616619222e+02 -4.6638879244e+09 -1.0017773268e+07 1.9194318928e+06 7.1110970074e+02 0.0000000000e+00 -0.0000000000e+00
1.4903252264e+05 1.3252514295e-13 1.4131058793e-14 4.5404391160e+07 2.3725540460e+07 3.7033774865e-18 9.0925293765e-19 -3.7805110139e+03 -4.1301490010e+02 -4.6638877746e+09 -1.0017773269e+07 1.9194318928e+06 6.7304716802e+02 0.0000000000e+00 -0.0000000000e+00
1.4970556981e+05 1.3506233602e-13 1.4766717701e-14 4.2828561639e+07 2.3430918484e+07 3.8379771454e-18 9.8123007077e-19 -3.8750791507e+03 -4.6358518704e+02 -4.6638876068e+09 -1.0017773269e+07 1.9194318928e+06 6.3581136620e+02 0.0000000000e+00 -0.0000000000e+00
1.5034138117e+05 1.3754600002e-13 1.5414729414e-14 4.0334225693e+07 2.3119209150e+07 3.9766055388e-18 1.0588711147e-18 -3.9724778289e+03 -5.1813487111e+02 -4.6638874197e+09 -1.0017773269e+07 1.9194318928e+06 5.9963222080e+02 0.0000000000e+00 -0.0000000000e+00
1.5094101340e+05 1.3997263245e-13 1.6074196197e-14 3.7922598813e+07 2.2791281807e+07 4.1191953565e-18 1.1425725412e-18 -4.0726597573e+03 -5.7694250864e+02 -4.6638872124e+09 -1.0017773269e+07 1.9194318928e+06 5.6468095858e+02 0.0000000000e+00 -0.0000000000e+00
1.5150569435e+05 1.4233942017e-13 1.6744275769e-14 3.5594210333e+07 2.2448005505e+07 4.2656714365e-18 1.2327624625e-18 -4.1755721279e+03 -6.4030888627e+02 -4.6638869835e+09 -1.0017773269e+07 1.9194318928e+06 5.3108096828e+02 0.0000000000e+00 -0.0000000000e+00
1.5203677532e+05 1.4464416339e-13 1.7424182583e-14 3.3349013248e+07 2.2090237299e+07 4.4159472871e-18 1.3299030715e-18 -4.2811541726e+03 -7.0855873531e+02 -4.6638867319e+09 -1.0017773269e+07 1.9194318928e+06 4.9891666790e+02 0.0000000000e+00 -0.0000000000e+00
1.5253569199e+05 1.4688520853e-13 1.8113189788e-14 3.1186477286e+07 2.1718812069e+07 4.5699214426e-18 1.4344934207e-18 -4.3893346028e+03 -7.8204268418e+02 -4.6638864562e+09 -1.0017773269e+07 1.9194318928e+06 4.6824080270e+02 0.0000000000e+00 -0.0000000000e+00
1.5300393279e+05 1.4906138852e-13 1.8810631742e-14 2.9105668221e+07 2.1334533596e+07 4.7274735389e-18 1.5470725741e-18 -4.5000288521e+03 -8.6113947289e+02 -4.6638861553e+09 -1.0017773269e+07 1.9194318928e+06 4.3908049247e+02 0.0000000000e+00 -0.0000000000e+00
1.5344301329e+05 1.5117196919e-13 1.9515907025e-14 2.7105315678e+07 2.0938166667e+07 4.8884599931e-18 1.6682231792e-18 -4.6131360409e+03 -9.4625846278e+02 -4.6638858278e+09 -1.0017773269e+07 1.9194318928e+06 4.1144226037e+02 0.0000000000e+00 -0.0000000000e+00
1.5385445555e+05 1.5321660123e-13 2.0228481939e-14 2.5183871226e+07 2.0530429963e+07 5.0527091592e-18 1.7985755200e-18 -4.7285355726e+03 -1.0378424838e+03 -4.6638854724e+09 -1.0017773269e+07 1.9194318928e+06 3.8531623451e+02 0.0000000000e+00 -0.0000000000e+00
1.5423977178e+05 1.5519527677e-13 2.0947894546e-14 2.3339558172e+07 2.0111989513e+07 5.2200158159e-18 1.9388121275e-18 -4.8460832613e+03 -1.1363710744e+03 -4.6638850878e+09 -1.0017773269e+07 1.9194318928e+06 3.6067966488e+02 0.0000000000e+00 -0.0000000000e+00
1.5460045144e+05 1.5710829027e-13 2.1673759368e-14 2.1570414201e+07 1.9683452494e+07 5.3901348183e-18 2.0896730488e-18 -4.9656068710e+03 -1.2423641829e+03 -4.6638846728e+09 -1.0017773269e+07 1.9194318928e+06 3.3749987223e+02 0.0000000000e+00 -0.0000000000e+00
1.5493795132e+05 1.5895620340e-13 2.2405772873e-14 1.9874327799e+07 1.9245361125e+07 5.5627737027e-18 2.2519618957e-18 -5.0869009201e+03 -1.3563864174e+03 -4.6638842262e+09 -1.0017773269e+07 1.9194318928e+06 3.1573672981e+02 0.0000000000e+00 -0.0000000000e+00
1.5525368805e+05 1.6073981343e-13 2.3143719993e-14 1.8249069208e+07 1.8798186413e+07 5.7375839897e-18 2.4265528345e-18 -5.2097205712e+03 -1.4790519571e+03 -4.6638837470e+09 -1.0017773269e+07 1.9194318928e+06 2.9534475539e+02 0.0000000000e+00 -0.0000000000e+00
1.5554903280e+05 1.6246012506e-13 2.3887481959e-14 1.6692316516e+07 1.8342321435e+07 5.9141508568e-18 2.6143987191e-18 -5.3337743747e+03 -1.6110302656e+03 -4.6638832341e+09 -1.0017773269e+07 1.9194318928e+06 2.7627488515e+02 0.0000000000e+00 -0.0000000000e+00
1.5582530769e+05 1.6411832556e-13 2.4637045848e-14 1.5201677392e+07 1.7878073821e+07 6.0919807592e-18 2.8165406305e-18 -5.4587155721e+03 -1.7530527944e+03 -4.6638826868e+09 -1.0017773269e+07 1.9194318928e+06 2.5847598857e+02 0.0000000000e+00 -0.0000000000e+00
1.5608378368e+05 1.6571576294e-13 2.5392516372e-14 1.3774706821e+07 1.7405657008e+07 6.2704864473e-18 3.0341191685e-18 -5.5841315685e+03 -1.9059209155e+03 -4.6638821047e+09 -1.0017773269e+07 1.9194318928e+06 2.4189618209e+02 0.0000000000e+00 -0.0000000000e+00
1.5632567986e+05 1.6725392728e-13 2.6154130619e-14 1.2408921108e+07 1.6925179709e+07 6.4489686445e-18 3.2683879508e-18 -5.7095310604e+03 -2.0705154058e+03 -4.6638814875e+09 -1.0017773269e+07 1.9194318928e+06 2.2648399298e+02 0.0000000000e+00 -0.0000000000e+00
1.5655216385e+05 1.6873443525e-13 2.6922276726e-14 1.1101808299e+07 1.6436632891e+07 6.6265933937e-18 3.5207299313e-18 -5.8343281195e+03 -2.2478079126e+03 -4.6638808358e+09 -1.0017773269e+07 1.9194318928e+06 2.1218942714e+02 0.0000000000e+00 -0.0000000000e+00
1.5676435328e+05 1.7015901781e-13 2.7697517812e-14 9.8508350473e+06 1.5939873290e+07 6.8023637033e-18 3.7926773692e-18 -5.9578222711e+03 -2.4388749830e+03 -4.6638801504e+09 -1.0017773269e+07 1.9194318928e+06 1.9896500148e+02 0.0000000000e+00 -0.0000000000e+00
1.5696331828e+05 1.7152951154e-13 2.8480623064e-14 8.6534497713e+06 1.5434602138e+07 6.9750835798e-18 4.0859365936e-18 -6.0791732243e+03 -2.6449154641e+03 -4.6638794335e+09 -1.0017773269e+07 1.9194318928e+06 1.8676680829e+02 0.0000000000e+00 -0.0000000000e+00
1.5715008509e+05 1.7284785387e-13 2.9272608657e-14 7.5070817848e+06 1.4920337220e+07 7.1433117056e-18 4.4024191675e-18 -6.1973683264e+03 -2.8672723971e+03 -4.6638786881e+09 -1.0017773269e+07 1.9194318928e+06 1.7555570332e+02 0.0000000000e+00 -0.0000000000e+00
1.5732564079e+05 1.7411608289e-13 3.0074792419e-14 6.4091357886e+06 1.4396375549e+07 7.3053007643e-18 4.7442817235e-18 -6.3111799333e+03 -3.1074610070e+03 -4.6638779191e+09 -1.0017773269e+07 1.9194318928e+06 1.6529873899e+02 0.0000000000e+00 -0.0000000000e+00
1.5749093953e+05 1.7533634284e-13 3.0888868013e-14 5.3569807664e+06 1.3861742634e+07 7.4589164235e-18 5.1139777499e-18 -6.4191084882e+03 -3.3672050859e+03 -4.6638771333e+09 -1.0017773269e+07 1.9194318928e+06 1.5597101708e+02 0.0000000000e+00 -0.0000000000e+00
1.5764691055e+05 1.7651089633e-13 3.1717007363e-14 4.3479318549e+06 1.3315122345e+07 7.6015267762e-18 5.5143260943e-18 -6.5193048442e+03 -3.6484851226e+03 -4.6638763409e+09 -1.0017773269e+07 1.9194318928e+06 1.4755821971e+02 0.0000000000e+00 -0.0000000000e+00
1.5779446877e+05 1.7764214536e-13 3.2562004708e-14 3.3792231490e+06 1.2754758087e+07 7.7298476992e-18 5.9486031696e-18 -6.6094616151e+03 -3.9536030866e+03 -4.6638755557e+09 -1.0017773269e+07 1.9194318928e+06 1.4006019199e+02 0.0000000000e+00 -0.0000000000e+00
1.5793452896e+05 1.7873266284e-13 3.3427483097e-14 2.4479688433e+06 1.2178310918e+07 7.8397204304e-18 6.4206690016e-18 -6.6866569034e+03 -4.2852709865e+03 -4.6638747972e+09 -1.0017773269e+07 1.9194318928e+06 1.3143517916e+02 0.0000000000e+00 -0.0000000000e+00
1.5804455022e+05 1.7959933464e-13 3.4156520138e-14 1.7093885980e+06 1.1690942578e+07 7.9124035341e-18 6.8396250997e-18 -6.7377231970e+03 -4.5796246121e+03 -4.6638745283e+09 -1.0017773269e+07 1.9194318928e+06 1.1266979989e+02 0.0000000000e+00 -0.0000000000e+00
1.5813790502e+05 1.8034033744e-13 3.4813117803e-14 1.0787443777e+06 1.1250705744e+07 7.9600286742e-18 7.2333090013e-18 -6.7711840601e+03 -4.8562222898e+03 -4.6638743981e+09 -1.0017773269e+07 1.9194318928e+06 9.6316618290e+01 1.0232711853e-291 -7.2475124800e-284
1.5821339654e+05 1.8094230389e-13 3.5372099308e-14 5.6683842039e+05 1.0875019073e+07 7.9856945099e-18 7.5802972437e-18 -6.7892165743e+03 -5.1000121467e+03 -4.6638743509e+09 -1.0017773269e+07 1.9194318928e+06 8.0400150094e+01 5.9958486577e-267 -4.3276090359e-259
1.5825299934e+05 1.8125872716e-13 3.5676098159e-14 2.9784881621e+05 1.0670375984e+07 7.9934214288e-18 7.7734101287e-18 -6.7946454166e+03 -5.2356909877e+03 -4.6638743490e+09 -1.0017773269e+07 1.9194318928e+06 6.8296078689e+01 5.0314859638e-254 -3.6685470942e-246
1.5831202127e+05 1.8173065003e-13 3.6143747096e-14 -1.0327961105e+05 1.0355139409e+07 7.9961372378e-18 8.0762869603e-18 -6.7965535121e+03 -5.4484886863e+03 -4.6638743355e+09 -1.0017773269e+07 1.9194318928e+06 5.3783099181e+01 7.0442644030e-235 -5.2157390652e-227
1.5836580436e+05 1.8216053468e-13 3.6585908794e-14 -4.6869819997e+05 1.0056626860e+07 7.9878643819e-18 8.3688171098e-18 -6.7907411008e+03 -5.6540169279e+03 -4.6638743274e+09 -1.0017773269e+07 1.9194318928e+06 7.0649468495e+01 1.4029761719e-217 -1.0537677080e-209
1.5843645383e+05 1.8272396284e-13 3.7191456860e-14 -9.4782094958e+05 9.6471296589e+06 7.9582173680e-18 8.7784224498e-18 -6.7699114577e+03 -5.9418008209e+03 -4.6638743015e+09 -1.0017773269e+07 1.9194318928e+06 7.8963411212e+01 3.9964969114e-195 -3.0598988644e-187
1.5851541724e+05 1.8335007998e-13 3.7903866355e-14 -1.4807867239e+06 9.1644302924e+06 7.8941485661e-18 9.2720703396e-18 -6.7248974712e+03 -6.2886320206e+03 -4.6638742676e+09 -1.0017773269e+07 1.9194318928e+06 8.3771373961e+01 1.7300956420e-170 -1.3539824848e-162
1.5859918862e+05 1.8400702174e-13 3.8704025462e-14 -2.0410759950e+06 8.6211647939e+06 7.7814281084e-18 9.8388023338e-18 -6.6457014037e+03 -6.6868112523e+03 -4.6638742266e+09 -1.0017773269e+07 1.9194318928e+06 8.7380166418e+01 4.8662388601e-145 -3.8995224014e-137
1.5868656878e+05 1.8467963633e-13 3.9591298047e-14 -2.6166299996e+06 8.0175093118e+06 7.6019223375e-18 1.0477532688e-17 -6.5195827609e+03 -7.1355756848e+03 -4.6638741216e+09 -1.0017773269e+07 1.9194318928e+06 9.1650522242e+01 1.8046637283e-119 -1.4826491752e-111
1.5877821931e+05 1.8536455570e-13 4.0584171944e-14 -3.2058620733e+06 7.3406239027e+06 7.3281577598e-18 1.1196953287e-17 -6.3272389894e+03 -7.6410321340e+03 -4.6638736995e+09 -1.0017773269e+07 1.9194318928e+06 1.0024042242e+02 4.9270109978e-94 -4.1547285002e-86
1.5887845973e+05 1.8607906477e-13 4.1748054370e-14 -3.8260072518e+06 6.5455296457e+06 6.9036632357e-18 1.2031879912e-17 -6.0289941309e+03 -8.2276417576e+03 -4.6638717598e+09 -1.0017773269e+07 1.9194318928e+06 1.0096685304e+02 2.6465982126e-68 -2.2946321791e-60
1.5896793878e+05 1.8667489371e-13 4.2859036473e-14 -4.3500862251e+06 5.7851724480e+06 6.3912800572e-18 1.2802376821e-17 -5.6689997377e+03 -8.7689838213e+03 -4.6638690664e+09 -1.0017773269e+07 1.9194318928e+06 8.9486245770e+01 1.1321138259e-47 -1.0048176949e-39
1.5905742502e+05 1.8721854287e-13 4.4039177733e-14 -4.8375127744e+06 4.9762264654e+06 5.7337541838e-18 1.3570460189e-17 -5.2070297946e+03 -9.3086301595e+03 -4.6638640498e+09 -1.0017773269e+07 1.9194318928e+06 8.0714545968e+01 9.1384090469e-30 -8.2849802623e-22
1.5913813957e+05 1.8765286702e-13 4.5161506650e-14 -5.2377908713e+06 4.2059179696e+06 5.0067725825e-18 1.4231662107e-17 -4.6962610743e+03 -9.7731828484e+03 -4.6638595009e+09 -1.0017773269e+07 1.9194318928e+06 7.4322948024e+01 2.1440478226e-16 -1.9760666987e-08
1.5921246252e+05 1.8799659413e-13 4.6240242048e-14 -5.5668836691e+06 3.4647944447e+06 4.2254243753e-18 1.4785524109e-17 -4.1472950139e+03 -1.0162319769e+04 -4.6638564286e+09 -1.0017773250e+07 1.9194319393e+06 6.7466661558e+01 9.2418908733e-07 -8.6223224901e+01
1.5922339889e+05 1.8804213120e-13 4.6402355816e-14 -5.6117666681e+06 3.3533648221e+06 4.1018586571e-18 1.4860887852e-17 -4.0604791742e+03 -1.0215269399e+04 -4.6638614258e+09 -1.0017773080e+07 1.9194323615e+06 4.5008011830e+01 1.4103682959e-05 -1.3178179512e+03
1.5923617030e+05 1.8809358243e-13 4.6592700225e-14 -5.6629675877e+06 3.2225150665e+06 3.9549267908e-18 1.4946580964e-17 -3.9572461517e+03 -1.0275475285e+04 -4.6639703810e+09 -1.0017769495e+07 1.9194415889e+06 2.7637556080e+01 2.8343443551e-04 -2.6527956524e+04
1.5924809854e+05 1.8813992675e-13 4.6771452072e-14 -5.7095866904e+06 3.0996197712e+06 3.8152047997e-18 1.5024251374e-17 -3.8590732322e+03 -1.0330029975e+04 -4.6655351067e+09 -1.0017719410e+07 1.9195744169e+06 1.6720114809e+01 3.9052559137e-03 -3.6604857605e+05
1.5925786643e+05 1.8817662723e-13 4.6918510656e-14 -5.7468838737e+06 2.9985044368e+06 3.6990504842e-18 1.5086077363e-17 -3.7774216617e+03 -1.0373351372e+04 -4.6772087985e+09 -1.0017354633e+07 1.9205673561e+06 1.1168500932e+01 2.9365719277e-02 -2.7556082502e+06
1.5926564455e+05 1.8820503555e-13 4.7036039462e-14 -5.7760092924e+06 2.9176890333e+06 3.6054705555e-18 1.5134123394e-17 -3.7114906073e+03 -1.0406599163e+04 -4.7279690914e+09 -1.0015800005e+07 1.9248920245e+06 8.2548639803e+00 1.3448159415e-01 -1.2629630304e+07
1.5927202256e+05 1.8822778468e-13 4.7132688578e-14 -5.7995065446e+06 2.8512328666e+06 3.5280346437e-18 1.5172714983e-17 -3.6565337274e+03 -1.0432151261e+04 -4.8835735040e+09 -1.0011113791e+07 1.9381681638e+06 6.5747935426e+00 4.4244116034e-01 -4.1572877420e+07
1.5927743668e+05 1.8824670684e-13 4.7214922878e-14 -5.8191746265e+06 2.7946992640e+06 3.4618168769e-18 1.5204892334e-17 -3.6086780192e+03 -1.0450925778e+04 -5.2648995398e+09 -9.9997927745e+06 1.9707479022e+06 5.5092584992e+00 1.1671843116e+00 -1.0969147229e+08
1.5928217383e+05 1.8826296802e-13 4.7287016465e-14 -5.8361668307e+06 2.7451620986e+06 3.4035213450e-18 1.5232600419e-17 -3.5649405973e+03 -1.0462282370e+04 -6.0705696697e+09 -9.9761656045e+06 2.0396895549e+06 4.7879404361e+00 2.6423091758e+00 -2.4824560259e+08
1.5928643162e+05 1.8827734745e-13 4.7351926044e-14 -5.8512569696e+06 2.7006083016e+06 3.3508453848e-18 1.5257144702e-17 -3.5226734426e+03 -1.0463992643e+04 -7.6105484016e+09 -9.9314756241e+06 2.1717306976e+06 4.2858082308e+00 5.3628990178e+00 -5.0330145122e+08
1.5929071743e+05 1.8829159444e-13 4.7417367562e-14 -5.8662543347e+06 2.6557844941e+06 3.2975607044e-18 1.5281502369e-17 -3.4747440616e+03 -1.0449725218e+04 -1.0711887810e+10 -9.8422919968e+06 2.4384677948e+06 3.9340668417e+00 1.0638291680e+01 -9.9579189838e+08
1.5929465149e+05 1.8830447068e-13 4.7477529482e-14 -5.8798243257e+06 2.6147407498e+06 3.2484222864e-18 1.5303550789e-17 -3.4221740865e+03 -1.0410603121e+04 -1.6082753750e+10 -9.6889018410e+06 2.9026787818e+06 3.7685362842e+00 1.9406124012e+01 -1.8076512482e+09
1.5929842003e+05 1.8831662347e-13 4.7535240824e-14 -5.8926063582e+06 2.5756392519e+06 3.2011522392e-18 1.5324391489e-17 -3.3586634464e+03 -1.0332509354e+04 -2.5131552619e+10 -9.4313581221e+06 3.6909364652e+06 4.0347543143e+00 3.3510566433e+01 -3.0946947250e+09
1.5930245478e+05 1.8832943688e-13 4.7597115484e-14 -5.9059837979e+06 2.5342339156e+06 3.1503324900e-18 1.5346400478e-17 -3.2675145723e+03 -1.0176268004e+04 -4.1659389873e+10 -8.9600882339e+06 5.1504256165e+06 3.6401239897e+00 5.7772681959e+01 -5.2485265912e+09
1.5930511624e+05 1.8833777661e-13 4.7637978362e-14 -5.9145786813e+06 2.5073555172e+06 3.1166944370e-18 1.5360747181e-17 -3.1882730952e+03 -1.0012406289e+04 -5.8109739246e+10 -8.4874221317e+06 6.6289287081e+06 2.7263133308e+00 8.0406982746e+01 -7.1816380682e+09
1.5930749989e+05 1.8834516973e-13 4.7674608205e-14 -5.9220771017e+06 2.4837181505e+06 3.0864919233e-18 1.5373482194e-17 -3.1003186838e+03 -9.8109465517e+03 -7.7620079875e+10 -7.9201790459e+06 8.4173899718e+06 2.3998498879e+00 1.0556241716e+02 -9.2322558927e+09
1.5930989974e+05 1.8835254029e-13 4.7711517532e-14 -5.9293920895e+06 2.4604787508e+06 3.0560142442e-18 1.5386196543e-17 -2.9924264531e+03 -9.5450895379e+03 -1.0246460348e+11 -7.1851077853e+06 1.0753104685e+07 2.2050594834e+00 1.3515078074e+02 -1.1491454574e+10
1.5931210480e+05 1.8835924805e-13 4.7745457805e-14 -5.9358636680e+06 2.4397586020e+06 3.0279507716e-18 1.5397786172e-17 -2.8741621197e+03 -9.2376656257e+03 -1.3011244544e+11 -6.3474560099e+06 1.3435421200e+07 2.0999952169e+00 1.6499127828e+02 -1.3567720027e+10
1.5931420479e+05 1.8836557863e-13 4.7777804601e-14 -5.9417654622e+06 2.4207193873e+06 3.0011735656e-18 1.5408743421e-17 -2.7437104520e+03 -8.8851726554e+03 -1.6052070750e+11 -5.3985303077e+06 1.6497048137e+07 2.0771713894e+00 1.9409205563e+02 -1.5341579068e+10
1.5931628197e+05 1.8837178503e-13 4.7809822394e-14 -5.9473160971e+06 2.4026748929e+06 2.9746408244e-18 1.5419507375e-17 -2.5980648989e+03 -8.4798112366e+03 -1.9387840489e+11 -4.3189966372e+06 2.0006902535e+07 2.1499676993e+00 2.2144692015e+02 -1.6693893764e+10
1.5931843193e+05 1.8837815085e-13 4.7842985746e-14 -5.9527257667e+06 2.3849435984e+06 2.9471320383e-18 1.5430574242e-17 -2.4318933559e+03 -8.0062186705e+03 -2.3074499822e+11 -3.0708209922e+06 2.4098530674e+07 2.4264967005e+00 2.4585436523e+02 -1.7485907892e+10
1.5932085843e+05 1.8838526434e-13 4.7880443051e-14 -5.9583842204e+06 2.3662196156e+06 2.9160322416e-18 1.5442978772e-17 -2.2299342259e+03 -7.4188680528e+03 -2.7338964659e+11 -1.5398963739e+06 2.9165090777e+07 3.1624804464e+00 2.6584056666e+02 -1.7504914315e+10
1.5932311936e+05 1.8839182447e-13 4.7915371502e-14 -5.9632050257e+06 2.3500975704e+06 2.8870078042e-18 1.5454460563e-17 -2.0337584754e+03 -6.8390068570e+03 -3.1220112406e+11 -4.5736434250e+04 3.4162480200e+07 2.3541644798e+00 2.7545670951e+02 -1.6705754772e+10
1.5932547352e+05 1.8839858535e-13 4.7951767845e-14 -5.9677503085e+06 2.3347218939e+06 2.8567425947e-18 1.5466343829e-17 -1.8280311343e+03 -6.2232958896e+03 -3.4987326866e+11 1.5222021336e+06 3.9466990284e+07 2.4265614086e+00 2.7579384231e+02 -1.5205316838e+10
1.5932790008e+05 1.8840547951e-13 4.7989312668e-14 -5.9719335032e+06 2.3203832418e+06 2.8255040827e-18 1.5478522509e-17 -1.6212169596e+03 -5.5981343107e+03 -3.8442200061e+11 3.0935662252e+06 4.4853594781e+07 2.4777406111e+00 2.6688876948e+02 -1.3221499455e+10
1.5932975498e+05 1.8841069837e-13 4.8018032334e-14 -5.9747995891e+06 2.3104283915e+06 2.8015984447e-18 1.5487788528e-17 -1.4703308734e+03 -5.1388859383e+03 -4.0743747921e+11 4.2333334877e+06 4.8812542613e+07 1.8855883387e+00 2.5509974469e+02 -1.1590021291e+10
1.5933164057e+05 1.8841595810e-13 4.8047244780e-14 -5.9774340169e+06 2.3011602660e+06 2.7772758076e-18 1.5497172729e-17 -1.3255072429e+03 -4.6960825524e+03 -4.2773941771e+11 5.3190795580e+06 5.2632413845e+07 1.6977463209e+00 2.4003100811e+02 -9.9555999981e+09
1.5933333831e+05 1.8842065461e-13 4.8073562200e-14 -5.9795796725e+06 2.2935085989e+06 2.7553591492e-18 1.5505594328e-17 -1.2035294215e+03 -4.3219164470e+03 -4.4345222049e+11 6.2250047561e+06 5.5863119525e+07 1.5948732738e+00 2.2480100395e+02 -8.5725789749e+09
1.5933493319e+05 1.8842503263e-13 4.8098297952e-14 -5.9814129179e+06 2.2868806868e+06 2.7347569184e-18 1.5513483657e-17 -1.0966562468e+03 -3.9933985640e+03 -4.5616121851e+11 7.0103902189e+06 5.8702636603e+07 1.5337348554e+00 2.0978120702e+02 -7.3844157040e+09
1.5933646692e+05 1.8842921182e-13 4.8122097329e-14 -5.9830206738e+06 2.2809842786e+06 2.7149329249e-18 1.5521052059e-17 -1.0010340373e+03 -3.6991027737e+03 -4.6668482387e+11 7.7047901101e+06 6.1249349318e+07 1.4956987675e+00 1.9519021107e+02 -6.3579967294e+09
1.5933796262e+05 1.8843325808e-13 4.8145317657e-14 -5.9844523583e+06 2.2756534108e+06 2.6955904006e-18 1.5528416640e-17 -9.1445096165e+02 -3.4324866944e+03 -4.7551680298e+11 8.3252326983e+06 6.3559567271e+07 1.4726090026e+00 1.8117701315e+02 -5.4704175242e+09
1.5933943523e+05 1.8843721360e-13 4.8168190273e-14 -5.9857400622e+06 2.2707801415e+06 2.6765373094e-18 1.5535653143e-17 -8.3543116572e+02 -3.1891846886e+03 -4.8299502242e+11 8.8831159029e+06 6.5670850714e+07 1.4596489654e+00 1.6783456073e+02 -4.7031843695e+09
1.5934089488e+05 1.8844110662e-13 4.8190872100e-14 -5.9869058958e+06 2.2662900080e+06 2.6576434851e-18 1.5542812918e-17 -7.6292455627e+02 -2.9660882411e+03 -4.8936515553e+11 9.3865881646e+06 6.7609928694e+07 1.4540144373e+00 1.5521934275e+02 -4.0407316709e+09
1.5934234889e+05 1.8844495718e-13 4.8213476752e-14 -5.9879660042e+06 2.2621284927e+06 2.6388147702e-18 1.5549933098e-17 -6.9613230612e+02 -2.7608268716e+03 -4.9481498968e+11 9.8418772055e+06 6.9397172051e+07 1.4539117947e+00 1.4335985823e+02 -3.4695271146e+09
1.5934380281e+05 1.8844878009e-13 4.8236090152e-14 -5.9889326629e+06 2.2582539874e+06 2.6199800344e-18 1.5557041719e-17 -6.3441844823e+02 -2.5715063116e+03 -4.9949278069e+11 1.0253963956e+07 7.1048849497e+07 1.4581113301e+00 1.3226370982e+02 -2.9776766348e+09
1.5934526092e+05 1.8845258654e-13 4.8258779242e-14 -5.9898154899e+06 2.2546337395e+06 2.6010839349e-18 1.5564160582e-17 -5.7725996189e+02 -2.3965612594e+03 -5.0351819732e+11 1.0626963583e+07 7.2578396293e+07 1.4657229086e+00 1.2192315721e+02 -2.5547021436e+09
1.5934672664e+05 1.8845638508e-13 4.8281597227e-14 -5.9906222009e+06 2.2512413350e+06 2.5820825581e-18 1.5571306981e-17 -5.2421627065e+02 -2.2346657043e+03 -5.0698937734e+11 1.0964358736e+07 7.3997186804e+07 1.4760724498e+00 1.1231939137e+02 -2.1913842728e+09
1.5934820271e+05 1.8846018230e-13 4.8304586911e-14 -5.9913591060e+06 2.2480550493e+06 2.5629406482e-18 1.5578494801e-17 -4.7490946155e+02 -2.0846749368e+03 -5.0998774928e+11 1.1269151128e+07 7.5315033991e+07 1.4886293161e+00 1.0342581630e+02 -1.8796323154e+09
1.5934969134e+05 1.8846398319e-13 4.8327782905e-14 -5.9920314514e+06 2.2450567186e+06 2.5436297684e-18 1.5585735256e-17 -4.2901083621e+02 -1.9455862145e+03 -5.1258147869e+11 1.1543964869e+07 7.6540528123e+07 1.5029615266e+00 9.5210568563e+01 -1.6123677792e+09
1.5935119430e+05 1.8846779152e-13 4.8351213154e-14 -5.9926436624e+06 2.2422309399e+06 2.5241270368e-18 1.5593037386e-17 -3.8623140220e+02 -1.8165110037e+03 -5.1482802011e+11 1.1791119745e+07 7.7681275735e+07 1.5187071358e+00 8.7638449266e+01 -1.3834169349e+09
1.5935271301e+05 1.8847160996e-13 4.8374900009e-14 -5.9931995224e+06 2.2395644882e+06 2.5044142293e-18 1.5600408423e-17 -3.4631492396e+02 -1.6966547222e+03 -5.1677606114e+11 1.2012684924e+07 7.8744073963e+07 1.5355553368e+00 8.0672400496e+01 -1.1874110709e+09
1.5935424857e+05 1.8847544032e-13 4.8398861017e-14 -5.9937023064e+06 2.2370458813e+06 2.4844771250e-18 1.5607854050e-17 -3.0903270064e+02 -1.5853015341e+03 -5.1846703695e+11 1.2210519435e+07 7.9735041349e+07 1.5532337401e+00 7.4274627370e+01 -1.0196943004e+09
1.5935580180e+05 1.8847928363e-13 4.8423109507e-14 -5.9941548845e+06 2.2346650491e+06 2.4643050156e-18 1.5615378601e-17 -2.7417954531e+02 -1.4818026549e+03 -5.1993633227e+11 1.2386303418e+07 8.0659718435e+07 1.5715000560e+00 6.8407442847e+01 -8.7623900402e+08
1.5935737330e+05 1.8848314024e-13 4.8447655053e-14 -5.9945598024e+06 2.2324130762e+06 2.4438903194e-18 1.5622985209e-17 -2.4157061531e+02 -1.3855671405e+03 -5.2121424972e+11 1.2541562757e+07 8.1523146976e+07 1.5901363480e+00 6.3033893844e+01 -7.5356889566e+08
1.5935896344e+05 1.8848700993e-13 4.8472503845e-14 -5.9949193452e+06 2.2302820012e+06 2.4232282711e-18 1.5630675941e-17 -2.1103886936e+02 -1.2960545081e+03 -5.2232679947e+11 1.2677688845e+07 8.2329933401e+07 1.6089452406e+00 5.8118216361e+01 -6.4868962024e+08
1.5936057238e+05 1.8849089195e-13 4.8497659003e-14 -5.9952355889e+06 2.2282646558e+06 2.4023166578e-18 1.5638451893e-17 -1.8243299237e+02 -1.2127687240e+03 -5.2329634965e+11 1.2795954646e+07 8.3084300554e+07 1.6277477402e+00 5.3626156076e+01 -5.5902659955e+08
1.5936220013e+05 1.8849478510e-13 4.8523120857e-14 -5.9955104421e+06 2.2263545366e+06 2.3811555844e-18 1.5646313291e-17 -1.5561567182e+02 -1.1352532204e+03 -5.2414216668e+11 1.2897527940e+07 8.3790130600e+07 1.6463816718e+00 4.9525182730e+01 -4.8236972236e+08
1.5936384651e+05 1.8849868777e-13 4.8548887202e-14 -5.9957456798e+06 2.2245457011e+06 2.3597472574e-18 1.5654259568e-17 -1.3046215310e+02 -1.0630867296e+03 -5.2488086712e+11 1.2983482320e+07 8.4451000940e+07 1.6647011415e+00 4.5784622403e+01 -4.1682443132e+08
1.5936551121e+05 1.8850259802e-13 4.8574953550e-14 -5.9959429708e+06 2.2228326830e+06 2.3380957760e-18 1.5662289453e-17 -1.0685900910e+02 -9.9587974695e+02 -5.2552679784e+11 1.3054806397e+07 8.5070214762e+07 1.6825763767e+00 4.2375724987e+01 -3.6076867011e+08
1.5936719379e+05 1.8850651363e-13 4.8601313373e-14 -5.9961039011e+06 2.2212104236e+06 2.3162069248e-18 1.5670401042e-17 -8.4703083702e+01 -9.3327150399e+02 -5.2609235740e+11 1.3112411543e+07 8.5650827240e+07 1.6998937572e+00 3.9271681856e+01 -3.1281516721e+08
1.5936889368e+05 1.8851043214e-13 4.8627958352e-14 -5.9962299914e+06 2.2196742148e+06 2.2940879650e-18 1.5678591886e-17 -6.3900578132e+01 -8.7492736082e+02 -5.2658826882e+11 1.3157138413e+07 8.6195668176e+07 1.7165563873e+00 3.6447605555e+01 -2.7177852964e+08
1.5937061024e+05 1.8851435089e-13 4.8654878636e-14 -5.9963227122e+06 2.2182196534e+06 2.2717474193e-18 1.5686859065e-17 -4.4366251276e+01 -8.2053653229e+02 -5.2702381200e+11 1.3189762452e+07 8.6707361810e+07 1.7324844821e+00 3.3880480144e+01 -2.3664662612e+08
1.5937212765e+05 1.8851778309e-13 4.8678687669e-14 -5.9963776621e+06 2.2170088178e+06 2.2519947516e-18 1.5694164120e-17 -2.8228928185e+01 -7.7589347162e+02 -5.2736222621e+11 1.3208966767e+07 8.7130453617e+07 1.5530088389e+00 3.1825284195e+01 -2.1002962570e+08
1.5937341267e+05 1.8852066619e-13 4.8698858856e-14 -5.9964055777e+06 2.2160348072e+06 2.2352645548e-18 1.5700348302e-17 -1.5332458875e+01 -7.4039919544e+02 -5.2761917068e+11 1.3218674021e+07 8.7469086896e+07 1.3403036955e+00 3.0227549285e+01 -1.9027463719e+08
1.5937437760e+05 1.8852281701e-13 4.8714010934e-14 -5.9964158815e+06 2.2153326894e+06 2.2226999469e-18 1.5704990940e-17 -6.0846457880e+00 -7.1504244286e+02 -5.2779623281e+11 1.3222244593e+07 8.7712345131e+07 1.1156678497e+00 2.9107256188e+01 -1.7691625537e+08
1.5937549327e+05 1.8852528870e-13 4.8731535481e-14 -5.9964169091e+06 2.2145506944e+06 2.2081709073e-18 1.5710357634e-17 4.1651635672e+00 -6.8702530760e+02 -5.2798564914e+11 1.3222600549e+07 8.7982540678e+07 1.0283649140e+00 2.7891207627e+01 -1.6287970000e+08
1.5937652164e+05 1.8852755262e-13 4.8747694005e-14 -5.9964079420e+06 2.2138569540e+06 2.1947771693e-18 1.5715303330e-17 1.3211856324e+01 -6.6236597106e+02 -5.2814702260e+11 1.3219510034e+07 8.8221680736e+07 1.2437994227e+00 2.6840951990e+01 -1.5114759136e+08
1.5937776544e+05 1.8853027241e-13 4.8767244410e-14 -5.9963849543e+06 2.2130509339e+06 2.1785755002e-18 1.5721283855e-17 2.3664597682e+01 -6.3394340962e+02 -5.2832690636e+11 1.3211601968e+07 8.8498988198e+07 1.3691528067e+00 2.5655233290e+01 -1.3833999719e+08
1.5937913459e+05 1.8853324300e-13 4.8788773755e-14 -5.9963450112e+06 2.2122034416e+06 2.1607384339e-18 1.5727865627e-17 3.4582520164e+01 -6.0431714602e+02 -5.2850755296e+11 1.3197881349e+07 8.8790117783e+07 1.4557815323e+00 2.4449587177e+01 -1.2579556282e+08
1.5938059037e+05 1.8853637476e-13 4.8811675185e-14 -5.9962866049e+06 2.2113455399e+06 2.1417699018e-18 1.5734862263e-17 4.5551063247e+01 -5.7458937978e+02 -5.2868193242e+11 1.3177833891e+07 8.9084587705e+07 1.5212999237e+00 2.3273363857e+01 -1.1402395638e+08
1.5938211167e+05 1.8853961795e-13 4.8835618190e-14 -5.9962090126e+06 2.2104938984e+06 2.1219445575e-18 1.5742172194e-17 5.6346310996e+01 -5.4532957560e+02 -5.2884700126e+11 1.3151196541e+07 8.9376950951e+07 1.5740301100e+00 2.2151285795e+01 -1.0322453075e+08
1.5938368570e+05 1.8854294181e-13 4.8860402794e-14 -5.9961119777e+06 2.2096581785e+06 2.1014287410e-18 1.5749733938e-17 6.6836454687e+01 -5.1684757070e+02 -5.2900161418e+11 1.3117842306e+07 8.9664206725e+07 1.6185127777e+00 2.1096025571e+01 -9.3450853211e+07
1.5938530421e+05 1.8854632593e-13 4.8885900231e-14 -5.9959955348e+06 2.2088441681e+06 2.0803296987e-18 1.5757507883e-17 7.6939730253e+01 -4.8931067361e+02 -5.2914560775e+11 1.3077716668e+07 8.9944696352e+07 1.6574991333e+00 2.0113673047e+01 -8.4683463997e+07
1.5938696171e+05 1.8854975616e-13 4.8912024884e-14 -5.9958599052e+06 2.2080553318e+06 2.0587188714e-18 1.5765467675e-17 8.6603534958e+01 -4.6280201854e+02 -5.2927934153e+11 1.3030799147e+07 9.0217555797e+07 1.6928139885e+00 1.9206478805e+01 -7.6866249942e+07
1.5938865453e+05 1.8855322251e-13 4.8938719768e-14 -5.9957054287e+06 2.2072936565e+06 2.0366439483e-18 1.5773595747e-17 9.5792991829e+01 -4.3735261948e+02 -5.2940344966e+11 1.2977078090e+07 9.0482416536e+07 1.7257816792e+00 1.8374359445e+01 -6.9925901764e+07
1.5939038031e+05 1.8855671789e-13 4.8965948700e-14 -5.9955325150e+06 2.2065601455e+06 2.0141353759e-18 1.5781880911e-17 1.0448424668e+02 -4.1296020461e+02 -5.2951870028e+11 1.2916532562e+07 9.0739231060e+07 1.7574604018e+00 1.7615772676e+01 -6.3782686152e+07
1.5939213777e+05 1.8856023751e-13 4.8993692144e-14 -5.9953416057e+06 2.2058551207e+06 1.9912098162e-18 1.5790317069e-17 1.1266033900e+02 -3.8960082720e+02 -5.2962591422e+11 1.2849117904e+07 9.0988166505e+07 1.7887865797e+00 1.6928245200e+01 -5.8356460439e+07
1.5939392656e+05 1.8856377848e-13 4.9021945330e-14 -5.9951331404e+06 2.2051784142e+06 1.9678717247e-18 1.5798902628e-17 1.2030856011e+02 -3.6723625876e+02 -5.2972591812e+11 1.2774752701e+07 9.1229538295e+07 1.8206774770e+00 1.6308697835e+01 -5.3569965891e+07
1.5939574723e+05 1.8856733972e-13 4.9050717991e-14 -5.9949075230e+06 2.2045294903e+06 1.9441135909e-18 1.5807640401e-17 1.2741870887e+02 -3.4581876512e+02 -5.2981951843e+11 1.2693305390e+07 9.1463768973e+07 1.8541190566e+00 1.5753646961e+01 -4.9350518836e+07
1.5939760135e+05 1.8857092190e-13 4.9080035487e-14 -5.9946650851e+06 2.2039075214e+06 1.9199150317e-18 1.5816537937e-17 1.3398190004e+02 -3.2529414600e+02 -5.2990748873e+11 1.2604578720e+07 9.1691364320e+07 1.8886000208e+00 1.5259327993e+01 -4.5630741068e+07
1.5939948995e+05 1.8857452457e-13 4.9109915158e-14 -5.9944062715e+06 2.2033119372e+06 1.8952623275e-18 1.5825600333e-17 1.3998472978e+02 -3.0562027318e+02 -5.2999049573e+11 1.2508376823e+07 9.1912712865e+07 1.8976872576e+00 1.4822125023e+01 -4.2351384525e+07
1.5940138764e+05 1.8857809768e-13 4.9139955838e-14 -5.9941354355e+06 2.2027497989e+06 1.8704868816e-18 1.5834705859e-17 1.4534221329e+02 -2.8701203169e+02 -5.3006809201e+11 1.2405956470e+07 9.2125261121e+07 1.9079635539e+00 1.4443197001e+01 -3.9495988901e+07
1.5940329560e+05 1.8858164274e-13 4.9170176613e-14 -5.9938535170e+06 2.2022191665e+06 1.8455731796e-18 1.5843860350e-17 1.5006635859e+02 -2.6939295939e+02 -5.3014101406e+11 1.2297327076e+07 9.2329693853e+07 1.9191139227e+00 1.4116477087e+01 -3.7001415369e+07
1.5940521472e+05 1.8858516055e-13 4.9200591622e-14 -5.9935614846e+06 2.2017183481e+06 1.8205098129e-18 1.5853068119e-17 1.5416744640e+02 -2.5270022636e+02 -5.3020987752e+11 1.2182507897e+07 9.2526570883e+07 1.9311466291e+00 1.3836230827e+01 -3.4813745851e+07
1.5940714586e+05 1.8858865187e-13 4.9231215167e-14 -5.9932602949e+06 2.2012457753e+06 1.7952852607e-18 1.5862333516e-17 1.5765598895e+02 -2.3688022919e+02 -5.3027520646e+11 1.2061519483e+07 9.2716373809e+07 1.9439243297e+00 1.3596935902e+01 -3.2886355977e+07
1.5940908979e+05 1.8859211708e-13 4.9262059408e-14 -5.9929509176e+06 2.2008000166e+06 1.7698897919e-18 1.5871660223e-17 1.6054337985e+02 -2.2188874902e+02 -5.3033744100e+11 1.1934400566e+07 9.2899500486e+07 1.9571161245e+00 1.3393278180e+01 -3.1178980166e+07
1.5941104690e+05 1.8859555594e-13 4.9293131279e-14 -5.9926343683e+06 2.2003797907e+06 1.7443179970e-18 1.5881050331e-17 1.6284270078e+02 -2.0769103637e+02 -5.3039694315e+11 1.1801230035e+07 9.3076258769e+07 1.9701384038e+00 1.3220159544e+01 -2.9656951525e+07
1.5941301704e+05 1.8859896713e-13 4.9324428458e-14 -5.9923117501e+06 2.1999839781e+06 1.7185720942e-18 1.5890503125e-17 1.6456969914e+02 -1.9426179427e+02 -5.3045400068e+11 1.1662154989e+07 9.3246859409e+07 1.9821084217e+00 1.3072720116e+01 -2.8290601718e+07
1.5941499915e+05 1.8860234785e-13 4.9355934583e-14 -5.9919843008e+06 2.1996116288e+06 1.6926658452e-18 1.5900013646e-17 1.6574395024e+02 -1.8158486173e+02 -5.3050883011e+11 1.1517424005e+07 9.3411410171e+07 1.9918383520e+00 1.2946375716e+01 -2.7054789445e+07
1.5941699099e+05 1.8860569344e-13 4.9387614359e-14 -5.9916534364e+06 2.1992619564e+06 1.6666285522e-18 1.5909571233e-17 1.6639014937e+02 -1.6965230521e+02 -5.3056157979e+11 1.1367421984e+07 9.3569914808e+07 1.9979112163e+00 1.2836870652e+01 -2.5928518549e+07
1.5941898890e+05 1.8860899712e-13 4.9419409847e-14 -5.9913207747e+06 2.1989343115e+06 1.6405080648e-18 1.5919158413e-17 1.6653935656e+02 -1.5846255853e+02 -5.3061233537e+11 1.1212698694e+07 9.3722282295e+07 1.9988751490e+00 1.2740343357e+01 -2.4894594069e+07
1.5942098778e+05 1.8861225017e-13 4.9451239844e-14 -5.9909881198e+06 2.1986281265e+06 1.6143712482e-18 1.5928750737e-17 1.6622985403e+02 -1.4801734012e+02 -5.3066112980e+11 1.1053978854e+07 9.3868352012e+07 1.9935508854e+00 1.2653397787e+01 -2.3939256125e+07
1.5942298133e+05 1.8861544251e-13 4.9483004155e-14 -5.9906573874e+06 2.1983428316e+06 1.5883004291e-18 1.5938318084e-17 1.6550715883e+02 -1.3831744070e+02 -5.3070795940e+11 1.0892141013e+07 9.4007937349e+07 1.9813683191e+00 1.2573167575e+01 -2.3051739978e+07
1.5942496269e+05 1.8861856385e-13 4.9514593255e-14 -5.9903304744e+06 2.1980777595e+06 1.5623854354e-18 1.5947827578e-17 1.6442281015e+02 -1.2935808965e+02 -5.3075280494e+11 1.0728159707e+07 9.4140882535e+07 1.9625837651e+00 1.2497355954e+01 -2.2223746832e+07
1.5942692528e+05 1.8862160497e-13 4.9545901446e-14 -5.9900090976e+06 2.1978320645e+06 1.5367127861e-18 1.5957247560e-17 1.6303191104e+02 -1.2112513159e+02 -5.3079565368e+11 1.0563020002e+07 9.4267118812e+07 1.9382528949e+00 1.2424236579e+01 -2.1448864596e+07
1.5942886353e+05 1.8862455893e-13 4.9576839644e-14 -5.9896946520e+06 2.1976046866e+06 1.5113552265e-18 1.5966551421e-17 1.6138991554e+02 -1.1359320898e+02 -5.3083651681e+11 1.0397627695e+07 9.4386702809e+07 1.9099626616e+00 1.2352610428e+01 -2.0722019674e+07
1.5943077349e+05 1.8862742170e-13 4.9607343916e-14 -5.9893881287e+06 2.1973943711e+06 1.4863647641e-18 1.5975720154e-17 1.5954947826e+02 -1.0672639722e+02 -5.3087543787e+11 1.0232740937e+07 9.4499826382e+07 1.8794582341e+00 1.2281727343e+01 -2.0039037170e+07
1.5943265295e+05 1.8863019215e-13 4.9637378094e-14 -5.9890901081e+06 2.1971997299e+06 1.4617705831e-18 1.5984743120e-17 1.5755808751e+02 -1.0048075561e+02 -5.3091249206e+11 1.0068937666e+07 9.4606799488e+07 1.8483262293e+00 1.2211189792e+01 -1.9396341747e+07
1.5943450128e+05 1.8863287162e-13 4.9666931315e-14 -5.9888008118e+06 2.1970193212e+06 1.4375811045e-18 1.5993617289e-17 1.5545679379e+02 -9.4807705160e+01 -5.3094777926e+11 9.9066171032e+06 9.4708016955e+07 1.8178193239e+00 1.2140856882e+01 -1.8790781780e+07
1.5943631910e+05 1.8863546326e-13 4.9696012755e-14 -5.9885201834e+06 2.1968517218e+06 1.4137883454e-18 1.6002345642e-17 1.5327993126e+02 -8.9657230416e+01 -5.3098141472e+11 9.7460234144e+06 9.4803921714e+07 1.7888159967e+00 1.2070760804e+01 -1.8219535113e+07
1.5943810791e+05 1.8863797133e-13 4.9724645690e-14 -5.9882479729e+06 2.1966955807e+06 1.3903728095e-18 1.6010935374e-17 1.5105551655e+02 -8.4980345632e+01 -5.3101352030e+11 9.5872783090e+06 9.4894973118e+07 1.7618639949e+00 1.2001040753e+01 -1.7680057260e+07
1.5943986978e+05 1.8864040065e-13 4.9752862234e-14 -5.9879838082e+06 2.1965496509e+06 1.3673078120e-18 1.6019396313e-17 1.4880599675e+02 -8.0730697839e+01 -5.3104421780e+11 9.4304132257e+06 9.4981623852e+07 1.7372556922e+00 1.1931894155e+01 -1.7170047202e+07
1.5944160703e+05 1.8864275626e-13 4.9780699268e-14 -5.9877272501e+06 2.1964128037e+06 1.3445628213e-18 1.6027739690e-17 1.4654910654e+02 -7.6865432816e+01 -5.3107362446e+11 9.2753965743e+06 9.5064305252e+07 1.7151036352e+00 1.1863542578e+01 -1.6687419331e+07
1.5944160703e+05 1.8864275626e-13 4.9780699268e-14 -5.9877272501e+06 2.1964128037e+06 1.3445628213e-18 1.6027739690e-17 1.4654910654e+02 -7.6865432816e+01 -5.3107362446e+11 9.2753965743e+06 9.5064305252e+07 1.7151036352e+00 1.1863542578e+01 -1.6687419331e+07
