0.0000000000e+00 0.0000000000e+00 0.0000000000e+00 3.1415900000e+08 0.0000000000e+00 0.0000000000e+00 0.0000000000e+00 -1.1783640510e+03 2.2684391970e+02 -4.6638893019e+09 -1.0016094433e+07 1.9281733174e+06 1.0000000000e+01 0.0000000000e+00 -0.0000000000e+00
1.0000000000e+01 2.8740014356e-22 6.9176237700e-28 3.1414721616e+08 2.2684391965e+03 5.7480747410e-23 2.0753260535e-28 -1.1784044363e+03 2.2684391955e+02 -4.6638893019e+09 -1.0016094433e+07 1.9281733174e+06 5.0000000000e+01 0.0000000000e+00 -0.0000000000e+00
6.0000000000e+01 1.0347699058e-20 1.4946272094e-25 3.1408829089e+08 1.3610635077e+04 3.4494918442e-22 7.4739772275e-27 -1.1786064082e+03 2.2684391445e+02 -4.6638893019e+09 -1.0016094433e+07 1.9281733174e+06 2.5000000000e+02 0.0000000000e+00 -0.0000000000e+00
3.1000000000e+02 2.7639896369e-19 2.0643135131e-23 3.1379351295e+08 7.0321600603e+04 1.7839112912e-21 1.9988860601e-25 -1.1796174061e+03 2.2684377926e+02 -4.6638893019e+09 -1.0016094433e+07 1.9281733174e+06 1.2500000000e+03 0.0000000000e+00 -0.0000000000e+00
1.5600000000e+03 7.0214327567e-18 2.6493132295e-21 3.1231581890e+08 3.5387465336e+05 9.0195251817e-21 5.1098601691e-24 -1.1847010633e+03 2.2684032957e+02 -4.6638893019e+09 -1.0016094433e+07 1.9281733174e+06 3.6000000000e+03 0.0000000000e+00 -0.0000000000e+00
5.1600000000e+03 7.7526267960e-17 9.7872126795e-20 3.0802417245e+08 1.1704458618e+06 3.0247666431e-20 5.7468101820e-23 -1.1996157056e+03 2.2680354329e+02 -4.6638893018e+09 -1.0016094434e+07 1.9281733174e+06 3.6000000000e+03 0.0000000000e+00 -0.0000000000e+00
8.7600000000e+03 2.2552825211e-16 4.8904086178e-19 3.0367807742e+08 1.9868091422e+06 5.2078910868e-20 1.7036091570e-22 -1.2149540811e+03 2.2672422612e+02 -4.6638893017e+09 -1.0016094434e+07 1.9281733174e+06 3.6000000000e+03 0.0000000000e+00 -0.0000000000e+00
1.2360000000e+04 4.5325858313e-16 1.4034267976e-18 2.9927596618e+08 2.8028048163e+06 7.4547047593e-20 3.4906953622e-22 -1.2307399296e+03 2.2659866755e+02 -4.6638893016e+09 -1.0016094434e+07 1.9281733174e+06 3.6000000000e+03 0.0000000000e+00 -0.0000000000e+00
1.5960000000e+04 7.6307503180e-16 3.0883104983e-18 2.9481618221e+08 3.6182591478e+06 9.7688653819e-20 5.9944056899e-22 -1.2469989499e+03 2.2642275981e+02 -4.6638893015e+09 -1.0016094434e+07 1.9281733174e+06 3.6000000000e+03 0.0000000000e+00 -0.0000000000e+00
1.9560000000e+04 1.1574725211e-15 5.8131484825e-18 2.9029697259e+08 4.4329828196e+06 1.2154340266e-19 9.2796078658e-22 -1.2637590158e+03 2.2619194537e+02 -4.6638893013e+09 -1.0016094434e+07 1.9281733174e+06 3.6000000000e+03 0.0000000000e+00 -0.0000000000e+00
2.3160000000e+04 1.6390948888e-15 9.8720301444e-18 2.8571647979e+08 5.2467692080e+06 1.4615441391e-19 1.3418439288e-21 -1.2810504228e+03 2.2590115594e+02 -4.6638893011e+09 -1.0016094433e+07 1.9281733174e+06 3.6000000000e+03 0.0000000000e+00 -0.0000000000e+00
2.6760000000e+04 2.2107480014e-15 1.5586472132e-17 2.8107273246e+08 6.0593924192e+06 1.7156865509e-19 1.8491317993e-21 -1.2989061696e+03 2.2554474145e+02 -4.6638893009e+09 -1.0016094433e+07 1.9281733174e+06 3.6000000000e+03 0.0000000000e+00 -0.0000000000e+00
3.0360000000e+04 2.8754144145e-15 2.3308606522e-17 2.7636363507e+08 6.8706050494e+06 1.9783740162e-19 2.4588124621e-21 -1.3173622819e+03 2.2511638699e+02 -4.6638893007e+09 -1.0016094433e+07 1.9281733174e+06 3.6000000000e+03 0.0000000000e+00 -0.0000000000e+00
3.3960000000e+04 3.6362698130e-15 3.3424830343e-17 2.7158695644e+08 7.6801356204e+06 2.2501676672e-19 3.1809589853e-21 -1.3364581840e+03 2.2460901534e+02 -4.6638893004e+09 -1.0016094433e+07 1.9281733174e+06 3.6000000000e+03 0.0000000000e+00 -0.0000000000e+00
3.7560000000e+04 4.4967015022e-15 4.6359997815e-17 2.6674031667e+08 8.4876856349e+06 2.5316831401e-19 4.0268929951e-21 -1.3562371300e+03 2.2401467206e+02 -4.6638893000e+09 -1.0016094433e+07 1.9281733174e+06 3.6000000000e+03 0.0000000000e+00 -0.0000000000e+00
4.1160000000e+04 5.4603292774e-15 6.2582253802e-17 2.6182117255e+08 9.2929261796e+06 2.8235976851e-19 5.0093783396e-21 -1.3767467025e+03 2.2332438941e+02 -4.6638892996e+09 -1.0016094433e+07 1.9281733174e+06 3.6000000000e+03 0.0000000000e+00 -0.0000000000e+00
4.4760000000e+04 6.5310290579e-15 8.2608628376e-17 2.5682680090e+08 1.0095493995e+07 3.1266584555e-19 6.1428514923e-21 -1.3980393957e+03 2.2252802451e+02 -4.6638892991e+09 -1.0016094433e+07 1.9281733174e+06 3.6000000000e+03 0.0000000000e+00 -0.0000000000e+00
4.8360000000e+04 7.7129597529e-15 1.0701153918e-16 2.5175427971e+08 1.0894986908e+07 3.4416922140e-19 7.4436970443e-21 -1.4201732969e+03 2.2161406573e+02 -4.6638892985e+09 -1.0016094433e+07 1.9281733174e+06 3.6000000000e+03 0.0000000000e+00 -0.0000000000e+00
5.1960000000e+04 9.0105939198e-15 1.3642638218e-16 2.4660046663e+08 1.1690958497e+07 3.7696167552e-19 8.9305788647e-21 -1.4432128894e+03 2.2056940006e+02 -4.6638892978e+09 -1.0016094433e+07 1.9281733174e+06 3.6000000000e+03 0.0000000000e+00 -0.0000000000e+00
5.5560000000e+04 1.0428752899e-14 1.7156043459e-16 2.4136197423e+08 1.2482911836e+07 4.1114544153e-19 1.0624840439e-20 -1.4672300012e+03 2.1937903181e+02 -4.6638892969e+09 -1.0016094433e+07 1.9281733174e+06 3.6000000000e+03 0.0000000000e+00 -0.0000000000e+00
5.9160000000e+04 1.1972647257e-14 2.1320334884e-16 2.3603514163e+08 1.3270292125e+07 4.4683481402e-19 1.2550991765e-20 -1.4923049345e+03 2.1802574054e+02 -4.6638892958e+09 -1.0016094433e+07 1.9281733174e+06 3.6000000000e+03 0.0000000000e+00 -0.0000000000e+00
6.2760000000e+04 1.3647923558e-14 2.6223958812e-16 2.3061600163e+08 1.4052477951e+07 4.8415807071e-19 1.4737305350e-20 -1.5185278155e+03 2.1648966234e+02 -4.6638892945e+09 -1.0016094433e+07 1.9281733174e+06 3.6000000000e+03 0.0000000000e+00 -0.0000000000e+00
6.6360000000e+04 1.5460718739e-14 3.1966324687e-16 2.2510024248e+08 1.4828770875e+07 5.2325978629e-19 1.7216550803e-20 -1.5460002209e+03 2.1474777365e+02 -4.6638892929e+09 -1.0016094433e+07 1.9281733174e+06 3.6000000000e+03 0.0000000000e+00 -0.0000000000e+00
6.9960000000e+04 1.7417723664e-14 3.8659582196e-16 2.1948316326e+08 1.5598382946e+07 5.6430363662e-19 2.0026906983e-20 -1.5748371472e+03 2.1277325046e+02 -4.6638892909e+09 -1.0016094433e+07 1.9281733174e+06 3.6000000000e+03 0.0000000000e+00 -0.0000000000e+00
7.3560000000e+04 1.9526257836e-14 4.6430766279e-16 2.1375962137e+08 1.6360421632e+07 6.0747582166e-19 2.3213103666e-20 -1.6051694165e+03 2.1053466616e+02 -4.6638892884e+09 -1.0016094433e+07 1.9281733174e+06 3.6000000000e+03 0.0000000000e+00 -0.0000000000e+00
7.7160000000e+04 2.1794357803e-14 5.5424404629e-16 2.0792397044e+08 1.7113871498e+07 6.5298927639e-19 2.6827862813e-20 -1.6371466344e+03 2.0799497891e+02 -4.6638892851e+09 -1.0016094433e+07 1.9281733174e+06 3.6000000000e+03 0.0000000000e+00 -0.0000000000e+00
8.0760000000e+04 2.4230882457e-14 6.5805711848e-16 2.0196998630e+08 1.7857571765e+07 7.0108889471e-19 3.0933735054e-20 -1.6709408603e+03 2.0511024138e+02 -4.6638892810e+09 -1.0016094433e+07 1.9281733174e+06 3.6000000000e+03 0.0000000000e+00 -0.0000000000e+00
8.4360000000e+04 2.6845639413e-14 7.7764534994e-16 1.9589077824e+08 1.8590188592e+07 7.5205806947e-19 3.5605463465e-20 -1.7067512029e+03 2.0182793996e+02 -4.6638892756e+09 -1.0016094433e+07 1.9281733174e+06 3.6000000000e+03 0.0000000000e+00 -0.0000000000e+00
8.7960000000e+04 2.9649537890e-14 9.1520271766e-16 1.8967868157e+08 1.9310180514e+07 8.0622696186e-19 4.0933059693e-20 -1.7448096294e+03 1.9808483353e+02 -4.6638892684e+09 -1.0016094433e+07 1.9281733174e+06 3.6000000000e+03 0.0000000000e+00 -0.0000000000e+00
9.1560000000e+04 3.2654775316e-14 1.0732806227e-15 1.8332512653e+08 2.0015754949e+07 8.6398307118e-19 4.7025855453e-20 -1.7853883923e+03 1.9380410690e+02 -4.6638892589e+09 -1.0016094433e+07 1.9281733174e+06 3.6000000000e+03 0.0000000000e+00 -0.0000000000e+00
9.5160000000e+04 3.5875067268e-14 1.2548666966e-15 1.7682047670e+08 2.0704812821e+07 9.2578490681e-19 5.4017909597e-20 -1.8288096349e+03 1.8889157192e+02 -4.6638892460e+09 -1.0016094433e+07 1.9281733174e+06 3.6000000000e+03 0.0000000000e+00 -0.0000000000e+00
9.8760000000e+04 3.9325933873e-14 1.4634863171e-15 1.7015382784e+08 2.1374877241e+07 9.9217990593e-19 6.2075330149e-20 -1.8754579802e+03 1.8323052304e+02 -4.6638892281e+09 -1.0016094433e+07 1.9281733174e+06 3.6000000000e+03 0.0000000000e+00 -0.0000000000e+00
1.0236000000e+05 4.3025060748e-14 1.7033351345e-15 1.6331275424e+08 2.2023000394e+07 1.0638282586e-18 7.1406350957e-20 -1.9257972699e+03 1.7667465759e+02 -4.6638892029e+09 -1.0016094433e+07 1.9281733174e+06 3.6000000000e+03 0.0000000000e+00 -0.0000000000e+00
1.0596000000e+05 4.6992759876e-14 1.9794546738e-15 1.5628298492e+08 2.2645640165e+07 1.1415351043e-18 8.2275451419e-20 -1.9803931855e+03 1.6903815548e+02 -4.6638891667e+09 -1.0016094433e+07 1.9281733174e+06 3.6000000000e+03 0.0000000000e+00 -0.0000000000e+00
1.0956000000e+05 5.1252566812e-14 2.2979689349e-15 1.4904798410e+08 2.3238493904e+07 1.2262948363e-18 9.5023545814e-20 -2.0399443760e+03 1.6008149434e+02 -4.6638891133e+09 -1.0016094433e+07 1.9281733174e+06 3.6000000000e+03 0.0000000000e+00 -0.0000000000e+00
1.1316000000e+05 5.5832027471e-14 2.6664092544e-15 1.4158839834e+08 2.3796270181e+07 1.3193533261e-18 1.1009751950e-19 -2.1053261761e+03 1.4949069776e+02 -4.6638890321e+09 -1.0016094433e+07 1.9281733174e+06 3.3316230518e+03 0.0000000000e+00 -0.0000000000e+00
1.1615578022e+05 5.9909843767e-14 3.0177617147e-15 1.3519325286e+08 2.4228988604e+07 1.4042482419e-18 1.2483839678e-19 -2.1649723452e+03 1.3913393081e+02 -4.6638889833e+09 -1.0016094433e+07 1.9281733174e+06 3.0151601495e+03 0.0000000000e+00 -0.0000000000e+00
1.1917094037e+05 6.4282658396e-14 3.4196077831e-15 1.2856800842e+08 2.4630627031e+07 1.4977666291e-18 1.4217578984e-19 -2.2306772638e+03 1.2695288242e+02 -4.6638889080e+09 -1.0016094433e+07 1.9281733174e+06 2.7229306974e+03 0.0000000000e+00 -0.0000000000e+00
1.2161800943e+05 6.8047803561e-14 3.7870450585e-15 1.2303912352e+08 2.4927572660e+07 1.5806300506e-18 1.5850667362e-19 -2.2888961289e+03 1.1547899560e+02 -4.6638888688e+09 -1.0016094433e+07 1.9281733174e+06 2.4636613586e+03 0.0000000000e+00 -0.0000000000e+00
1.2408167079e+05 7.2052154934e-14 4.2003237117e-15 1.1732262337e+08 2.5196074540e+07 1.6714314386e-18 1.7745432899e-19 -2.3526921159e+03 1.0216659585e+02 -4.6638888097e+09 -1.0016094433e+07 1.9281733174e+06 2.2237126946e+03 0.0000000000e+00 -0.0000000000e+00
1.2607686775e+05 7.5465603729e-14 4.5715428687e-15 1.1257330603e+08 2.5387858627e+07 1.7512436995e-18 1.9502378596e-19 -2.4087672714e+03 8.9822502085e+01 -4.6638887802e+09 -1.0016094433e+07 1.9281733174e+06 2.0100910798e+03 0.0000000000e+00 -0.0000000000e+00
1.2788463820e+05 7.8701006126e-14 4.9400308628e-15 1.0816993866e+08 2.5539045033e+07 1.8291414755e-18 2.1300305157e-19 -2.4634973324e+03 7.7190481584e+01 -4.6638887551e+09 -1.0016094433e+07 1.9281733174e+06 1.8217598986e+03 0.0000000000e+00 -0.0000000000e+00
1.2951688933e+05 8.1747547850e-14 5.3022975878e-15 1.0410608824e+08 2.5654786937e+07 1.9046662179e-18 2.3122408471e-19 -2.5165601279e+03 6.4388598064e+01 -4.6638887344e+09 -1.0016094433e+07 1.9281733174e+06 1.6464468837e+03 0.0000000000e+00 -0.0000000000e+00
1.3098299116e+05 8.4592608839e-14 5.6544384066e-15 1.0037958017e+08 2.5739953226e+07 1.9772532519e-18 2.4947404908e-19 -2.5675589240e+03 5.1566387804e+01 -4.6638887181e+09 -1.0016094433e+07 1.9281733174e+06 1.4811803595e+03 0.0000000000e+00 -0.0000000000e+00
1.3228816704e+05 8.7217754295e-14 5.9915929723e-15 9.6997211512e+07 2.5799143608e+07 2.0461224456e-18 2.6746244962e-19 -2.6159456092e+03 3.8927949214e+01 -4.6638887060e+09 -1.0016094433e+07 1.9281733174e+06 1.3223635707e+03 0.0000000000e+00 -0.0000000000e+00
1.3343112786e+05 8.9592608548e-14 6.3070320273e-15 9.3981842905e+07 2.5836793553e+07 2.1100969097e-18 2.8476372776e-19 -2.6608933151e+03 2.6772274738e+01 -4.6638886980e+09 -1.0016094433e+07 1.9281733174e+06 1.1650198199e+03 0.0000000000e+00 -0.0000000000e+00
1.3439677438e+05 9.1657506616e-14 6.5895880481e-15 9.1393186671e+07 2.5857324058e+07 2.1670908615e-18 3.0066014696e-19 -2.7009365951e+03 1.5603637627e+01 -4.6638886936e+09 -1.0016094433e+07 1.9281733174e+06 1.0012502724e+03 0.0000000000e+00 -0.0000000000e+00
1.3511677303e+05 9.3233693368e-14 6.8105900728e-15 8.9437355876e+07 2.5865377952e+07 2.2114972275e-18 3.1336302819e-19 -2.7321359854e+03 6.6787427171e+00 -4.6638886923e+09 -1.0016094433e+07 1.9281733174e+06 8.2423334417e+02 0.0000000000e+00 -0.0000000000e+00
1.3585149682e+05 9.4875730374e-14 7.0458370553e-15 8.7417907901e+07 2.5866763812e+07 2.2586267183e-18 3.2715059069e-19 -2.7652486112e+03 -3.0082364877e+00 -4.6638886907e+09 -1.0016094433e+07 1.9281733174e+06 6.9819440866e+02 0.0000000000e+00 -0.0000000000e+00
1.3654969123e+05 9.6468854441e-14 7.2790702270e-15 8.5475870482e+07 2.5861278086e+07 2.3052340470e-18 3.4109662564e-19 -2.7979943720e+03 -1.2806556572e+01 -4.6638886892e+09 -1.0016094433e+07 1.9281733174e+06 8.6210830331e+02 0.0000000000e+00 -0.0000000000e+00
1.3741179953e+05 9.8481944056e-14 7.5809904685e-15 8.3045619969e+07 2.5844716503e+07 2.3654264245e-18 3.5956837356e-19 -2.8402848283e+03 -2.5784589349e+01 -4.6638886840e+09 -1.0016094433e+07 1.9281733174e+06 9.4471925806e+02 0.0000000000e+00 -0.0000000000e+00
1.3835651879e+05 1.0074917704e-13 7.9309262714e-15 8.0339465535e+07 2.5813159544e+07 2.4350440022e-18 3.8158484737e-19 -2.8891973194e+03 -4.1253104831e+01 -4.6638886734e+09 -1.0016094433e+07 1.9281733174e+06 9.8508998426e+02 0.0000000000e+00 -0.0000000000e+00
1.3934160877e+05 1.0318548970e-13 8.3190348062e-15 7.7466946300e+07 2.5763940727e+07 2.5121390984e-18 4.0678962891e-19 -2.9433634269e+03 -5.8961687809e+01 -4.6638886564e+09 -1.0016094433e+07 1.9281733174e+06 9.9997051025e+02 0.0000000000e+00 -0.0000000000e+00
1.4034157928e+05 1.0573884080e-13 8.7397118477e-15 7.4494662552e+07 2.5695215217e+07 2.5956460773e-18 4.3507693177e-19 -3.0020344479e+03 -7.8836014006e+01 -4.6638886320e+09 -1.0016094433e+07 1.9281733174e+06 9.9788669752e+02 0.0000000000e+00 -0.0000000000e+00
1.4133946598e+05 1.0837301389e-13 9.1892445558e-15 7.1468049721e+07 2.5605743355e+07 2.6849048190e-18 4.6645947610e-19 -3.0647465897e+03 -1.0088502045e+02 -4.6638885993e+09 -1.0016094433e+07 1.9281733174e+06 9.8395630717e+02 0.0000000000e+00 -0.0000000000e+00
1.4232342229e+05 1.1106080049e-13 9.6649036244e-15 6.8420183734e+07 2.5494755395e+07 2.7794739387e-18 5.0101832572e-19 -3.1311897406e+03 -1.2516566162e+02 -4.6638885573e+09 -1.0016094433e+07 1.9281733174e+06 9.6158356970e+02 0.0000000000e+00 -0.0000000000e+00
1.4328500586e+05 1.1378076455e-13 1.0164526369e-14 6.5376073476e+07 2.5361855719e+07 2.8790430541e-18 5.3888044341e-19 -3.2011458297e+03 -1.5176714007e+02 -4.6638885051e+09 -1.0016094433e+07 1.9281733174e+06 9.3318429802e+02 0.0000000000e+00 -0.0000000000e+00
1.4421819015e+05 1.1651549600e-13 1.0686301447e-14 6.2355052502e+07 2.5206949871e+07 2.9833858512e-18 5.8020755123e-19 -3.2744558514e+03 -1.8080307982e+02 -4.6638884418e+09 -1.0016094434e+07 1.9281733174e+06 9.0054573515e+02 0.0000000000e+00 -0.0000000000e+00
1.4511873589e+05 1.1925057555e-13 1.1228648689e-14 5.9372247072e+07 2.5030186404e+07 3.0923324593e-18 6.2519031659e-19 -3.3510004565e+03 -2.1240744155e+02 -4.6638883666e+09 -1.0016094434e+07 1.9281733174e+06 8.6502602832e+02 0.0000000000e+00 -0.0000000000e+00
1.4598376192e+05 1.2197391460e-13 1.1790148466e-14 5.6439545516e+07 2.4831909161e+07 3.2057519229e-18 6.7404533826e-19 -3.4306876373e+03 -2.4673240501e+02 -4.6638882785e+09 -1.0016094433e+07 1.9281733174e+06 8.2767473352e+02 0.0000000000e+00 -0.0000000000e+00
1.4681143665e+05 1.2467530858e-13 1.2369498807e-14 5.3566275738e+07 2.4612617409e+07 3.3235403502e-18 7.2701374399e-19 -3.5134444006e+03 -2.8394738373e+02 -4.6638881765e+09 -1.0016094434e+07 1.9281733174e+06 7.8931078955e+02 0.0000000000e+00 -0.0000000000e+00
1.4760074744e+05 1.2734611875e-13 1.2965488949e-14 5.0759700469e+07 2.4372932100e+07 3.4456124303e-18 7.8436079459e-19 -3.5992108079e+03 -3.2423874681e+02 -4.6638880597e+09 -1.0016094434e+07 1.9281733174e+06 7.5057585466e+02 0.0000000000e+00 -0.0000000000e+00
1.4835132330e+05 1.2997903552e-13 1.3576983025e-14 4.8025392521e+07 2.4113567125e+07 3.5718950196e-18 8.4637616841e-19 -3.6879354695e+03 -3.6781001886e+02 -4.6638879271e+09 -1.0016094434e+07 1.9281733174e+06 7.1197247191e+02 0.0000000000e+00 -0.0000000000e+00
1.4906329577e+05 1.3256789521e-13 1.4202910210e-14 4.5367527393e+07 2.3835304675e+07 3.7023220273e-18 9.1337474458e-19 -3.7795719507e+03 -4.1488243026e+02 -4.6638877775e+09 -1.0016094434e+07 1.9281733174e+06 6.7389238922e+02 0.0000000000e+00 -0.0000000000e+00
1.4973718816e+05 1.3510753364e-13 1.4842259076e-14 4.2789116741e+07 2.3538974074e+07 3.8368301121e-18 9.8569778277e-19 -3.8740757486e+03 -4.6569574603e+02 -4.6638876099e+09 -1.0016094434e+07 1.9281733174e+06 6.3663819663e+02 0.0000000000e+00 -0.0000000000e+00
1.5037382635e+05 1.3759366559e-13 1.5494074767e-14 4.0292198120e+07 2.3225433542e+07 3.9753548671e-18 1.0637144445e-18 -3.9714016117e+03 -5.2050933470e+02 -4.6638874231e+09 -1.0016094434e+07 1.9281733174e+06 6.0044024234e+02 0.0000000000e+00 -0.0000000000e+00
1.5097426660e+05 1.4002278320e-13 1.6157458067e-14 3.7877991470e+07 2.2895554458e+07 4.1178272653e-18 1.1478236303e-18 -4.0715010425e+03 -5.7960345912e+02 -4.6638872161e+09 -1.0016094434e+07 1.9281733174e+06 5.6547010080e+02 0.0000000000e+00 -0.0000000000e+00
1.5153973670e+05 1.4239206877e-13 1.6831565787e-14 3.5547029662e+07 2.2550207759e+07 4.2641701927e-18 1.2384561278e-18 -4.1743198617e+03 -6.4328078562e+02 -4.6638869876e+09 -1.0016094434e+07 1.9281733174e+06 5.3185144976e+02 0.0000000000e+00 -0.0000000000e+00
1.5207158815e+05 1.4469931867e-13 1.7515612093e-14 3.3299268398e+07 2.2190252140e+07 4.4142949316e-18 1.3360770808e-18 -4.2797957371e+03 -7.1186811871e+02 -4.6638867364e+09 -1.0016094434e+07 1.9281733174e+06 4.9966894786e+02 0.0000000000e+00 -0.0000000000e+00
1.5257125709e+05 1.4694287616e-13 1.8208870528e-14 3.1134179375e+07 2.1816523781e+07 4.5680974708e-18 1.4411888020e-18 -4.3878555917e+03 -7.8571837745e+02 -4.6638864613e+09 -1.0016094434e+07 1.9281733174e+06 4.6897554509e+02 0.0000000000e+00 -0.0000000000e+00
1.5304023264e+05 1.4912157163e-13 1.8910676617e-14 2.9050829647e+07 2.1429827331e+07 4.7254545270e-18 1.5543339658e-18 -4.4984128081e+03 -8.6521283839e+02 -4.6638861609e+09 -1.0016094433e+07 1.9281733174e+06 4.3979853555e+02 0.0000000000e+00 -0.0000000000e+00
1.5348003117e+05 1.5123466905e-13 1.9620430961e-14 2.7047949475e+07 2.1030927902e+07 4.8862191591e-18 1.6760992278e-18 -4.6113641473e+03 -9.5076367892e+02 -4.6638858340e+09 -1.0016094433e+07 1.9281733174e+06 4.1214459657e+02 0.0000000000e+00 -0.0000000000e+00
1.5389217577e+05 1.5328181784e-13 2.0337602858e-14 2.5123990445e+07 2.0620543861e+07 5.0502158462e-18 1.8071193351e-18 -4.7265862903e+03 -1.0428168649e+03 -4.6638854794e+09 -1.0016094433e+07 1.9281733174e+06 3.8600399519e+02 0.0000000000e+00 -0.0000000000e+00
1.5427817977e+05 1.5526300947e-13 2.1061734478e-14 2.3277175278e+07 2.0199340163e+07 5.2172348810e-18 1.9480818066e-18 -4.8439318992e+03 -1.1418554390e+03 -4.6638850957e+09 -1.0016094433e+07 1.9281733174e+06 3.6135411106e+02 0.0000000000e+00 -0.0000000000e+00
1.5463953388e+05 1.5717853843e-13 2.1792445730e-14 2.1505540474e+07 1.9767922017e+07 5.3870259046e-18 2.0997322839e-18 -4.9632250748e+03 -1.2484032802e+03 -4.6638846817e+09 -1.0016094433e+07 1.9281733174e+06 3.3816239306e+02 0.0000000000e+00 -0.0000000000e+00
1.5497769627e+05 1.5902896701e-13 2.2529439952e-14 1.9806972713e+07 1.9326828630e+07 5.5592903693e-18 2.2628806826e-18 -5.0842560611e+03 -1.3630294258e+03 -4.6638842363e+09 -1.0016094433e+07 1.9281733175e+06 3.1638884563e+02 0.0000000000e+00 -0.0000000000e+00
1.5529408512e+05 1.6081509384e-13 2.3272510685e-14 1.8179239780e+07 1.8876526761e+07 5.7336726639e-18 2.4384083068e-18 -5.2067750097e+03 -1.4863530695e+03 -4.6638837584e+09 -1.0016094433e+07 1.9281733175e+06 2.9598812818e+02 0.0000000000e+00 -0.0000000000e+00
1.5559007324e+05 1.6253792571e-13 2.4021549825e-14 1.6620016605e+07 1.8417403781e+07 5.9097495626e-18 2.6272761369e-18 -5.3304845672e+03 -1.6190493849e+03 -4.6638832470e+09 -1.0016094433e+07 1.9281733175e+06 2.7691133601e+02 0.0000000000e+00 -0.0000000000e+00
1.5586698458e+05 1.6419865281e-13 2.4776557566e-14 1.5126906918e+07 1.7949759877e+07 6.0870175630e-18 2.8305345642e-18 -5.4550309788e+03 -1.7618563647e+03 -4.6638827016e+09 -1.0016094433e+07 1.9281733175e+06 2.5910752539e+02 0.0000000000e+00 -0.0000000000e+00
1.5612609211e+05 1.6579862701e-13 2.5537654704e-14 1.3697460877e+07 1.7473798948e+07 6.2648775396e-18 3.0493349295e-18 -5.5799933059e+03 -1.9155829272e+03 -4.6638821216e+09 -1.0016094433e+07 1.9281733175e+06 2.4252503735e+02 0.0000000000e+00 -0.0000000000e+00
1.5636861714e+05 1.6733934334e-13 2.6305098040e-14 1.2329188923e+07 1.6989617619e+07 6.4426159495e-18 3.2849433381e-18 -5.7048702216e+03 -2.0811186233e+03 -4.6638815069e+09 -1.0016094433e+07 1.9281733175e+06 2.2711267671e+02 0.0000000000e+00 -0.0000000000e+00
1.5659572982e+05 1.6882242468e-13 2.7079299911e-14 1.1019572006e+07 1.6497191623e+07 6.6193815555e-18 3.5387573906e-18 -5.8290636568e+03 -2.2594453905e+03 -4.6638808581e+09 -1.0016094433e+07 1.9281733175e+06 2.1282079927e+02 0.0000000000e+00 -0.0000000000e+00
1.5680855062e+05 1.7024960977e-13 2.7860853276e-14 9.7660681745e+06 1.5996358528e+07 6.7941562394e-18 3.8123266929e-18 -5.9518582935e+03 -2.4516519638e+03 -4.6638801763e+09 -1.0016094433e+07 1.9281733175e+06 1.9960237056e+02 0.0000000000e+00 -0.0000000000e+00
1.5700815299e+05 1.7162274483e-13 2.8650564341e-14 8.5661153777e+06 1.5486795408e+07 6.9657179001e-18 4.1073783454e-18 -6.0723954980e+03 -2.6589517836e+03 -4.6638794637e+09 -1.0016094433e+07 1.9281733175e+06 1.8741406699e+02 0.0000000000e+00 -0.0000000000e+00
1.5719556706e+05 1.7294377931e-13 2.9449495602e-14 7.4171300973e+06 1.4967989445e+07 7.1325925604e-18 4.4258490867e-18 -6.1896396711e+03 -2.8827055798e+03 -4.6638787234e+09 -1.0016094433e+07 1.9281733175e+06 1.7621751753e+02 0.0000000000e+00 -0.0000000000e+00
1.5737178457e+05 1.7421476635e-13 3.0259023442e-14 6.3165011639e+06 1.4439198581e+07 7.2929914677e-18 4.7699264813e-18 -6.3023340563e+03 -3.1244503093e+03 -4.6638779606e+09 -1.0016094433e+07 1.9281733175e+06 1.6598081213e+02 0.0000000000e+00 -0.0000000000e+00
1.5753776539e+05 1.7543786911e-13 3.1080916496e-14 5.2615777344e+06 1.3899397928e+07 7.4447268552e-18 5.1421025903e-18 -6.4089415545e+03 -3.3859368649e+03 -4.6638771825e+09 -1.0016094433e+07 1.9281733175e+06 1.5668046791e+02 0.0000000000e+00 -0.0000000000e+00
1.5769444585e+05 1.7661537418e-13 3.1917444106e-14 4.2496498929e+06 1.3347205483e+07 7.5850965975e-18 5.5452451455e-18 -6.5075636840e+03 -3.6691800813e+03 -4.6638763996e+09 -1.0016094433e+07 1.9281733175e+06 1.4830412634e+02 0.0000000000e+00 -0.0000000000e+00
1.5784274998e+05 1.7774971413e-13 3.2771529254e-14 3.2779197392e+06 1.2780777195e+07 7.7107222548e-18 5.9826935698e-18 -6.5958267929e+03 -3.9765261978e+03 -4.6638756263e+09 -1.0016094433e+07 1.9281733175e+06 1.4085438031e+02 0.0000000000e+00 -0.0000000000e+00
1.5798360436e+05 1.7884350089e-13 3.3646968366e-14 2.3434602927e+06 1.2197655934e+07 7.8173151273e-18 6.4583904596e-18 -6.6707176910e+03 -4.3107452362e+03 -4.6638748828e+09 -1.0016094433e+07 1.9281733175e+06 1.3007040511e+02 0.0000000000e+00 -0.0000000000e+00
1.5809227587e+05 1.7969686803e-13 3.4370911068e-14 1.6158399766e+06 1.1713673780e+07 7.8856093284e-18 6.8725044137e-18 -6.7187003933e+03 -4.6016968283e+03 -4.6638746439e+09 -1.0016094433e+07 1.9281733175e+06 1.1138647327e+02 0.0000000000e+00 -0.0000000000e+00
1.5818412191e+05 1.8042325422e-13 3.5019607325e-14 9.9726151318e+05 1.1278742137e+07 7.9293468873e-18 7.2591735150e-18 -6.7494298876e+03 -4.8733659899e+03 -4.6638745317e+09 -1.0016094433e+07 1.9281733175e+06 9.4995647998e+01 6.0632878731e-293 -4.2904992543e-285
1.5825722096e+05 1.8100377979e-13 3.5562318524e-14 5.0325378451e+05 1.0914021708e+07 7.9518333230e-18 7.5936179081e-18 -6.7652285927e+03 -5.1083426859e+03 -4.6638744944e+09 -1.0016094433e+07 1.9281733175e+06 7.8832938038e+01 4.2286039214e-269 -3.0469832358e-261
1.5830029866e+05 1.8134649350e-13 3.5893904088e-14 2.1170595577e+05 1.0690825506e+07 7.9587221122e-18 7.8026796976e-18 -6.7700685750e+03 -5.2552270396e+03 -4.6638744917e+09 -1.0016094433e+07 1.9281733175e+06 6.4092232568e+01 3.9589054149e-255 -2.8839891141e-247
1.5836439089e+05 1.8185664947e-13 3.6404409387e-14 -2.2224760661e+05 1.0346689422e+07 7.9584466574e-18 8.1312309393e-18 -6.7698750437e+03 -5.4860632767e+03 -4.6638744732e+09 -1.0016094433e+07 1.9281733175e+06 6.2891739449e+01 1.7491158286e-234 -1.2955039969e-226
1.5842728263e+05 1.8235678668e-13 3.6926495968e-14 -6.4774749614e+05 9.9941441407e+06 7.9436155962e-18 8.4751301546e-18 -6.7594549146e+03 -5.7276828195e+03 -4.6638744580e+09 -1.0016094433e+07 1.9281733175e+06 7.5434780727e+01 1.9731057861e-214 -1.4859173955e-206
1.5850271741e+05 1.8295463806e-13 3.7582286622e-14 -1.1566804703e+06 9.5505052639e+06 7.9025357864e-18 8.9173746087e-18 -6.7305927235e+03 -6.0383985701e+03 -4.6638744280e+09 -1.0016094433e+07 1.9281733175e+06 8.2136135191e+01 1.0049328614e-190 -7.7238662199e-183
1.5858485354e+05 1.8360069859e-13 3.8335810496e-14 -1.7073812686e+06 9.0397203379e+06 7.8219845227e-18 9.4376638370e-18 -6.6739983533e+03 -6.4039476608e+03 -4.6638743934e+09 -1.0016094433e+07 1.9281733174e+06 8.6344371325e+01 1.8479643277e-165 -1.4528795882e-157
1.5867119791e+05 1.8427065774e-13 3.9175917663e-14 -2.2798317883e+06 8.4690576216e+06 7.6866422707e-18 1.0029492121e-17 -6.5789084793e+03 -6.8197592504e+03 -4.6638743404e+09 -1.0016094433e+07 1.9281733175e+06 9.0037592633e+01 1.0658077857e-139 -8.5844917650e-132
1.5876123551e+05 1.8495384750e-13 4.0108551204e-14 -2.8659299419e+06 7.8342247481e+06 7.4757600144e-18 1.0695078750e-17 -6.4307450870e+03 -7.2873925854e+03 -4.6638741631e+09 -1.0016094433e+07 1.9281733174e+06 9.5398204036e+01 5.8091821588e-114 -4.7990934700e-106
1.5885663371e+05 1.8565259971e-13 4.1164458771e-14 -3.4692788392e+06 7.1139970166e+06 7.1548324374e-18 1.1449476085e-17 -6.2052651470e+03 -7.8174232782e+03 -4.6638734210e+09 -1.0016094433e+07 1.9281733175e+06 1.0797552282e+02 2.6010971666e-88 -2.2066992708e-80
1.5896460923e+05 1.8639899958e-13 4.2448958166e-14 -4.1209250761e+06 6.2360164447e+06 6.6412018487e-18 1.2348965567e-17 -5.8443943381e+03 -8.4493940057e+03 -4.6638695741e+09 -1.0016094433e+07 1.9281733174e+06 9.7975137086e+01 7.1499130444e-62 -6.2437738927e-54
1.5905061765e+05 1.8694768477e-13 4.3542485359e-14 -4.6077740651e+06 5.4872275893e+06 6.0960459242e-18 1.3079298719e-17 -5.4613741992e+03 -8.9625174865e+03 -4.6638667481e+09 -1.0016094433e+07 1.9281733175e+06 8.6048669798e+01 2.7115962461e-43 -2.4190383908e-35
1.5913666632e+05 1.8744395050e-13 4.4698948234e-14 -5.0578411834e+06 4.6942299964e+06 5.4151350569e-18 1.3794870569e-17 -4.9829742345e+03 -9.4652698495e+03 -4.6638620470e+09 -1.0016094433e+07 1.9281733175e+06 7.8673128246e+01 2.1569235073e-27 -1.9611338353e-19
1.5921533945e+05 1.8784140119e-13 4.5808689535e-14 -5.4297909529e+06 3.9323853349e+06 4.6691478347e-18 1.4407387798e-17 -4.4588523885e+03 -9.8956172486e+03 -4.6638579323e+09 -1.0016094433e+07 1.9281733174e+06 7.3697361009e+01 1.3410772324e-15 -1.2372397073e-07
1.5927926400e+05 1.8811820316e-13 4.6744262704e-14 -5.6995951544e+06 3.2895635306e+06 3.9791435922e-18 1.4854666178e-17 -3.9740635254e+03 -1.0209869776e+04 -4.6638563280e+09 -1.0016094433e+07 1.9281733190e+06 6.4793754758e+01 3.4755100179e-08 -3.2366127044e+00
1.5931118622e+05 1.8823935794e-13 4.7221706974e-14 -5.8223330676e+06 2.9613581644e+06 3.6087940893e-18 1.5055542605e-17 -3.7138602706e+03 -1.0351003049e+04 -4.6638702712e+09 -1.0016093998e+07 1.9281745157e+06 5.3739475106e+01 2.8895590080e-05 -2.7010233172e+03
1.5932831203e+05 1.8829941121e-13 4.7480414619e-14 -5.8847062250e+06 2.7834781206e+06 3.4036781645e-18 1.5156190091e-17 -3.5697470998e+03 -1.0421713518e+04 -4.6641943363e+09 -1.0016084350e+07 1.9282023202e+06 2.9766463686e+01 6.3717133095e-04 -5.9662900163e+04
1.5934423973e+05 1.8835207957e-13 4.7722531473e-14 -5.9404789273e+06 2.6169830466e+06 3.2091713249e-18 1.5245015226e-17 -3.4330737105e+03 -1.0484075327e+04 -4.6687065598e+09 -1.0015955387e+07 1.9285906557e+06 1.8975615386e+01 8.1540864084e-03 -7.6461495904e+05
1.5935720477e+05 1.8839264640e-13 4.7920632984e-14 -5.9842575985e+06 2.4807422903e+06 3.0483434912e-18 1.5313765631e-17 -3.3199837922e+03 -1.0532083856e+04 -4.6977365075e+09 -1.0015154904e+07 1.9310955730e+06 1.3771044589e+01 5.1302633129e-02 -4.8155321804e+06
1.5936810503e+05 1.8842512961e-13 4.8087860264e-14 -6.0199216521e+06 2.3657317180e+06 2.9114956803e-18 1.5369014338e-17 -3.2234756590e+03 -1.0569734201e+04 -4.8124104885e+09 -1.0012090899e+07 1.9410129161e+06 1.1145587276e+01 2.0411389774e-01 -1.9171992625e+07
1.5937772147e+05 1.8845254255e-13 4.8235881712e-14 -6.0505046988e+06 2.2639431464e+06 2.7895965988e-18 1.5415768604e-17 -3.1367992646e+03 -1.0599140785e+04 -5.1500243158e+09 -1.0003322861e+07 1.9702734259e+06 9.7002514071e+00 6.0808229463e-01 -5.7132554956e+07
1.5938742172e+05 1.8847900171e-13 4.8385639512e-14 -6.0804988754e+06 2.1610131186e+06 2.6655869513e-18 1.5461002074e-17 -3.0468478671e+03 -1.0621207116e+04 -6.1003777210e+09 -9.9793215974e+06 2.0528438943e+06 8.8709656093e+00 1.6190740844e+00 -1.5206581827e+08
1.5939629269e+05 1.8850214176e-13 4.8522970583e-14 -6.1071484376e+06 2.0667501895e+06 2.5513106349e-18 1.5500642545e-17 -2.9605770209e+03 -1.0627859869e+04 -8.1675649653e+09 -9.9284775659e+06 2.2330283936e+06 8.5160974210e+00 3.5548753882e+00 -3.3336338355e+08
1.5940480878e+05 1.8852339921e-13 4.8655132003e-14 -6.1319874556e+06 1.9762902191e+06 2.4408730377e-18 1.5537123270e-17 -2.8715886693e+03 -1.0611922101e+04 -1.2202543760e+10 -9.8316099079e+06 2.5863623082e+06 8.5846165672e+00 6.8402631253e+00 -6.3919162244e+08
1.5941339340e+05 1.8854387288e-13 4.8788664463e-14 -6.1562216106e+06 1.8853824593e+06 2.3288679001e-18 1.5572320455e-17 -2.7724991479e+03 -1.0560033209e+04 -1.9586157111e+10 -9.6582436577e+06 3.2376154801e+06 8.8548783373e+00 1.1944519873e+01 -1.1084795079e+09
1.5942135430e+05 1.8856199743e-13 4.8912759394e-14 -6.1778903582e+06 1.8016543935e+06 2.2244341833e-18 1.5603537245e-17 -2.6692700651e+03 -1.0466484728e+04 -3.0596563771e+10 -9.4044746109e+06 4.2192042437e+06 8.0847744177e+00 1.8239493702e+01 -1.6746173791e+09
1.5942826763e+05 1.8857706099e-13 4.9020722266e-14 -6.1960040237e+06 1.7297025645e+06 2.1333334114e-18 1.5629534880e-17 -2.5692892130e+03 -1.0341755189e+04 -4.4043463874e+10 -9.0986911781e+06 5.4346632002e+06 7.0332011230e+00 2.4484813705e+01 -2.2177639410e+09
1.5943447987e+05 1.8859005868e-13 4.9117886821e-14 -6.2116640130e+06 1.6659022880e+06 2.0511705751e-18 1.5652019104e-17 -2.4710976273e+03 -1.0192619311e+04 -5.9304328601e+10 -8.7547391572e+06 6.8365939500e+06 6.2678665069e+00 3.0147791190e+01 -2.6875867984e+09
1.5944074773e+05 1.8860265464e-13 4.9216060505e-14 -6.2268228801e+06 1.6025779245e+06 1.9680045624e-18 1.5673871229e-17 -2.3648146277e+03 -1.0008002181e+04 -7.7455941883e+10 -8.3480010885e+06 8.5363404401e+06 5.7442418309e+00 3.5327265788e+01 -3.0879778919e+09
1.5944649197e+05 1.8861373990e-13 4.9306150776e-14 -6.2401146319e+06 1.5456398104e+06 1.8915679874e-18 1.5693172072e-17 -2.2623638180e+03 -9.8126895631e+03 -9.6009766595e+10 -7.9336484324e+06 1.0311762326e+07 5.3998389111e+00 3.9182989733e+01 -3.3539054873e+09
1.5945189181e+05 1.8862375966e-13 4.9390938951e-14 -6.2520639638e+06 1.4931899665e+06 1.8195380549e-18 1.5710692781e-17 -2.1630888118e+03 -9.6113427840e+03 -1.1456304417e+11 -7.5199736364e+06 1.2127843625e+07 5.1694938896e+00 4.1807219677e+01 -3.5009292804e+09
1.5945706131e+05 1.8863298719e-13 4.9472197432e-14 -6.2629971356e+06 1.4440275024e+06 1.7504324000e-18 1.5726910415e-17 -2.0666711840e+03 -9.4074811885e+03 -1.3282272507e+11 -7.1131227712e+06 1.3957518897e+07 5.0047453619e+00 4.3349141295e+01 -3.5490121921e+09
1.5946206605e+05 1.8864157997e-13 4.9550944838e-14 -6.2731061492e+06 1.3974524423e+06 1.6834006690e-18 1.5742103067e-17 -1.9731553035e+03 -9.2042683310e+03 -1.5053827043e+11 -6.7185512846e+06 1.5775558702e+07 4.8808064320e+00 4.3980826659e+01 -3.5190734512e+09
1.5946694686e+05 1.8864963656e-13 4.9627814190e-14 -6.2825154872e+06 1.3530161213e+06 1.6179157057e-18 1.5756447442e-17 -1.8826748797e+03 -9.0043175662e+03 -1.6752052692e+11 -6.3405438836e+06 1.7560804811e+07 4.7853074318e+00 4.3883791200e+01 -3.4313515947e+09
1.5947173217e+05 1.8865722496e-13 4.9703246397e-14 -6.2913149965e+06 1.3103946883e+06 1.5536108732e-18 1.5770067730e-17 -1.7953114673e+03 -8.8095624774e+03 -1.8364920249e+11 -5.9819833368e+06 1.9297563426e+07 4.7120161603e+00 4.3233572237e+01 -3.3039271150e+09
1.5947644418e+05 1.8866439624e-13 4.9777585980e-14 -6.2995752486e+06 1.2693292411e+06 1.4901995390e-18 1.5783059144e-17 -1.7110461966e+03 -8.6212585827e+03 -1.9886700605e+11 -5.6444210237e+06 2.0975731253e+07 4.6574104683e+00 4.2187786488e+01 -3.1518499256e+09
1.5948110159e+05 1.8867119059e-13 4.9851123286e-14 -6.3073541985e+06 1.2296005526e+06 1.4274396793e-18 1.5795498561e-17 -1.6297648546e+03 -8.4400807659e+03 -2.1316613097e+11 -5.3283314992e+06 2.2590030893e+07 4.6189771205e+00 4.0879957761e+01 -2.9869325849e+09
1.5948572057e+05 1.8867764001e-13 4.9924110079e-14 -6.3146999618e+06 1.1910198378e+06 1.3651209616e-18 1.5807449142e-17 -1.5512847221e+03 -8.2662578286e+03 -2.2657318669e+11 -5.0334177554e+06 2.4138894732e+07 4.5945145640e+00 3.9418396733e+01 -2.8180113887e+09
1.5949031508e+05 1.8868376953e-13 4.9996764225e-14 -6.3216521704e+06 1.1534255050e+06 1.3030610293e-18 1.5818962554e-17 -1.4753838333e+03 -8.0997006037e+03 -2.3913630139e+11 -4.7588821160e+06 2.5623389240e+07 4.5819231273e+00 3.7888228532e+01 -2.6514297118e+09
1.5949489701e+05 1.8868959814e-13 5.0069271103e-14 -6.3282429405e+06 1.1166814125e+06 1.2411045092e-18 1.5830080413e-17 -1.4018244962e+03 -7.9401043087e+03 -2.5091560037e+11 -4.5036320891e+06 2.7046353600e+07 4.5791810176e+00 3.6354826207e+01 -2.4915655187e+09
1.5949947619e+05 1.8869513950e-13 5.0141784666e-14 -6.3344977778e+06 1.0806751411e+06 1.1791222701e-18 1.5840835529e-17 -1.3303695642e+03 -7.7870224830e+03 -2.6197681484e+11 -4.2664230985e+06 2.8411778674e+07 4.5843671279e+00 3.4867531635e+01 -2.3413097737e+09
1.5950406056e+05 1.8870040268e-13 5.0214428884e-14 -6.3404364714e+06 1.0453160418e+06 1.1170103153e-18 1.5851253093e-17 -1.2607926610e+03 -7.6399171313e+03 -2.7238727949e+11 -4.0459520160e+06 2.9724387853e+07 4.5956832155e+00 3.3463103507e+01 -2.2024622063e+09
1.5950865624e+05 1.8870539292e-13 5.0287299557e-14 -6.3460739524e+06 1.0105331713e+06 1.0546883253e-18 1.5861351797e-17 -1.1928841116e+03 -7.4981911929e+03 -2.8221358029e+11 -3.8409162693e+06 3.0989367794e+07 4.6114660286e+00 3.2168684410e+01 -2.0760424313e+09
1.5951326771e+05 1.8871011228e-13 5.0360466352e-14 -6.3514210957e+06 9.7627326013e+05 9.9209799776e-19 1.5871144892e-17 -1.1264540624e+03 -7.3612086240e+03 -2.9152027954e+11 -3.6500502879e+06 3.2212203991e+07 4.6301928401e+00 3.1004260934e+01 -1.9625273580e+09
1.5951789790e+05 1.8871456029e-13 5.0433974928e-14 -6.3564854529e+06 9.4249878989e+05 9.2920127730e-19 1.5880641148e-17 -1.0613338357e+03 -7.2283059724e+03 -3.0036932157e+11 -3.4721475755e+06 3.3398588171e+07 4.6504851435e+00 2.9984668521e+01 -1.8620290731e+09
1.5952254838e+05 1.8871873454e-13 5.0507849144e-14 -6.3612719182e+06 9.0918620165e+05 8.6597850930e-19 1.5889845746e-17 -9.9737618809e+02 -7.0987980855e+03 -3.0881985959e+11 -3.3060739413e+06 3.4554375066e+07 4.6711149930e+00 2.9121217148e+01 -1.7744264850e+09
1.5952721950e+05 1.8872263121e-13 5.0582093391e-14 -6.3657833321e+06 8.7632421492e+05 8.0242648364e-19 1.5898761090e-17 -9.3445487440e+02 -6.9719796336e+03 -3.1692834066e+11 -3.1507754721e+06 3.5685574341e+07 4.6910162366e+00 2.8423013856e+01 -1.6994617114e+09
1.5953191051e+05 1.8872624562e-13 5.0656695098e-14 -6.3700210297e+06 8.4391221906e+05 7.3855630665e-19 1.5907387567e-17 -8.7246374709e+02 -6.8471234707e+03 -3.2474874779e+11 -3.0052835870e+06 3.6798369049e+07 4.7093028626e+00 2.7898048933e+01 -1.6368097372e+09
1.5953661982e+05 1.8872957264e-13 5.0731627560e-14 -6.3739853391e+06 8.1195868785e+05 6.7439100611e-19 1.5915724254e-17 -8.1131550707e+02 -6.7234763631e+03 -3.3233293973e+11 -2.8687187216e+06 3.7899156161e+07 4.7252946632e+00 2.7554100613e+01 -1.5861276434e+09
1.5954134511e+05 1.8873260713e-13 5.0806853180e-14 -6.3776760318e+06 7.8047957417e+05 6.0996277119e-19 1.5923769583e-17 -7.5094016909e+02 -6.6002522919e+03 -3.3973105307e+11 -2.7402937678e+06 3.8994607471e+07 4.7385512112e+00 2.7399501700e+01 -1.5470878658e+09
1.5954608366e+05 1.8873534430e-13 5.0882327268e-14 -6.3810927231e+06 7.4949664453e+05 5.4530971430e-19 1.5931521971e-17 -6.9128326735e+02 -6.4766232415e+03 -3.4699194872e+11 -2.6193181587e+06 4.0091751655e+07 4.7489135980e+00 2.7443800763e+01 -1.5193983769e+09
1.5955083258e+05 1.8873778000e-13 5.0958002521e-14 -6.3842352180e+06 7.1903572985e+05 4.8047204863e-19 1.5938980408e-17 -6.3230382833e+02 -6.3517071523e+03 -3.5416369408e+11 -2.5052034664e+06 4.1198080200e+07 4.7565522372e+00 2.7698340538e+01 -1.5028113431e+09
1.5955558913e+05 1.8873991085e-13 5.1033834274e-14 -6.3871037920e+06 6.8912489413e+05 4.1548759743e-19 1.5946145013e-17 -5.7397217034e+02 -6.2245525011e+03 -3.6129407643e+11 -2.3974715160e+06 4.2321681756e+07 4.7620154187e+00 2.8176765475e+01 -1.4971205302e+09
1.5956035114e+05 1.8874173442e-13 5.1109786544e-14 -6.3896993934e+06 6.5979257289e+05 3.5038662316e-19 1.5953017523e-17 -5.1626768237e+02 -6.0941188247e+03 -3.6843113908e+11 -2.2957663867e+06 4.3471410637e+07 4.7662621825e+00 2.8895456150e+01 -1.5021463440e+09
1.5956511741e+05 1.8874324909e-13 5.1185838615e-14 -6.3920237447e+06 6.3106584825e+05 2.8518618896e-19 1.5959601703e-17 -4.5917698183e+02 -5.9592526779e+03 -3.7562370559e+11 -2.1998724251e+06 4.4657093606e+07 4.7706321951e+00 2.9873863454e+01 -1.5177056019e+09
1.5956988804e+05 1.8874445386e-13 5.1261991150e-14 -6.3940793138e+06 6.0296930809e+05 2.1988491382e-19 1.5965903575e-17 -4.0269347762e+02 -5.8186598271e+03 -3.8292177177e+11 -2.1097418544e+06 4.5889767620e+07 4.7766145044e+00 3.1134660534e+01 -1.5435603133e+09
1.5957466465e+05 1.8874534793e-13 5.1338268623e-14 -6.3958691050e+06 5.7552567327e+05 1.5446087860e-19 1.5971931264e-17 -3.4682103496e+02 -5.6708795977e+03 -3.9037638068e+11 -2.0255384302e+06 4.7181896927e+07 4.7850082213e+00 3.2703488426e+01 -1.5793344918e+09
1.5957944966e+05 1.8874593014e-13 5.1414708341e-14 -6.3973961931e+06 5.4876138916e+05 8.8881033093e-20 1.5977693828e-17 -2.9158901492e+02 -5.5142849056e+03 -3.9803779603e+11 -1.9477090972e+06 4.8547365845e+07 4.7932654770e+00 3.4607669718e+01 -1.6243769486e+09
1.5958424293e+05 1.8874619865e-13 5.1491306965e-14 -6.3986629036e+06 5.2272599180e+05 2.3147089061e-20 1.5983197394e-17 -2.3709874925e+02 -5.3471898397e+03 -4.0594835654e+11 -1.8771049527e+06 5.0000541201e+07 4.7876134841e+00 3.6872072864e+01 -1.6775234420e+09
1.5958903054e+05 1.8874615222e-13 5.1567840974e-14 -6.3996696788e+06 4.9754874691e+05 -4.2550275444e-20 1.5988433985e-17 -1.8365508980e+02 -5.1683291468e+03 -4.1411935768e+11 -1.8151785083e+06 5.1552130012e+07 4.7230098812e+00 3.9506849849e+01 -1.7366628489e+09
1.5959375355e+05 1.8874579812e-13 5.1643366218e-14 -6.4004148237e+06 4.7358154212e+05 -1.0740131578e-19 1.5993353389e-17 -1.3209580478e+02 -4.9784228871e+03 -4.2246601227e+11 -1.7642149985e+06 5.3195711900e+07 4.4966483349e+00 4.2473927614e+01 -1.7979845617e+09
1.5959775558e+05 1.8874525829e-13 5.1707380112e-14 -6.4008578839e+06 4.5399942413e+05 -1.6238401892e-19 1.5997336929e-17 -8.9507758786e+01 -4.8057892414e+03 -4.2976479727e+11 -1.7305733107e+06 5.4686887590e+07 4.0715530118e+00 4.5259744987e+01 -1.8491454037e+09
1.5960112623e+05 1.8874463287e-13 5.1761306984e-14 -6.4011004538e+06 4.3805871990e+05 -2.0871476682e-19 1.6000564997e-17 -5.4579059989e+01 -4.6513195579e+03 -4.3606601025e+11 -1.7103665974e+06 5.6019157919e+07 3.5003204240e+00 4.7776073635e+01 -1.8890152135e+09
1.5960378879e+05 1.8874402842e-13 5.1803912711e-14 -6.4012098364e+06 4.2584376521e+05 -2.4532707718e-19 1.6003035436e-17 -2.7696286935e+01 -4.5231049721e+03 -4.4113337051e+11 -1.7005117438e+06 5.7123735360e+07 2.8893017099e+00 4.9852153414e+01 -1.9166713768e+09
1.5960532146e+05 1.8874363626e-13 5.1828441218e-14 -6.4012406391e+06 4.1896959781e+05 -2.6640840749e-19 1.6004426527e-17 -1.2539113720e+01 -4.4467420799e+03 -4.4408178801e+11 -1.6975734761e+06 5.7781127537e+07 2.3814721010e+00 5.1073484327e+01 -1.9304478763e+09
1.5960770293e+05 1.8874296280e-13 5.1866557845e-14 -6.4012429341e+06 4.0852466676e+05 -2.9917308048e-19 1.6006544159e-17 1.0504672738e+01 -4.3243165029e+03 -4.4870092658e+11 -1.6973719184e+06 5.8834391440e+07 2.1938299783e+00 5.2994510330e+01 -1.9479085498e+09
1.5960989676e+05 1.8874227335e-13 5.1901675579e-14 -6.4011971479e+06 3.9916533131e+05 -3.2936526365e-19 1.6008448843e-17 3.1136106697e+01 -4.2074455083e+03 -4.5298730918e+11 -1.7023124476e+06 5.9839169669e+07 2.5572047654e+00 5.4771409741e+01 -1.9588592709e+09
1.5961245397e+05 1.8874138609e-13 5.1942615242e-14 -6.4010876055e+06 3.8858539736e+05 -3.6456937577e-19 1.6010614855e-17 5.4387754316e+01 -4.0662836927e+03 -4.5800510787e+11 -1.7149124004e+06 6.1051980525e+07 2.6999863623e+00 5.6821555809e+01 -1.9641224749e+09
1.5961515395e+05 1.8874035156e-13 5.1985846702e-14 -6.4009087539e+06 3.7781402931e+05 -4.0175202477e-19 1.6012840611e-17 7.7911068338e+01 -3.9115994639e+03 -4.6330434777e+11 -1.7370190111e+06 6.2380088687e+07 2.7394766260e+00 5.8918843122e+01 -1.9593573263e+09
1.5961789343e+05 1.8873919928e-13 5.2029716528e-14 -6.4006639670e+06 3.6731975310e+05 -4.3949206120e-19 1.6015037101e-17 1.0059092361e+02 -3.7490026214e+03 -4.6865129241e+11 -1.7696237388e+06 6.3775279285e+07 2.7299907453e+00 6.0921141861e+01 -1.9420436083e+09
1.5962062342e+05 1.8873794812e-13 5.2073440351e-14 -6.4003599726e+06 3.5731219176e+05 -4.7711497195e-19 1.6017166607e-17 1.2189067369e+02 -3.5817462230e+03 -4.7391378340e+11 -1.8132598861e+06 6.5209676079e+07 2.6974623394e+00 6.2728203248e+01 -1.9108558274e+09
1.5962332088e+05 1.8873661096e-13 5.2116648829e-14 -6.4000043344e+06 3.4787862511e+05 -5.1430284917e-19 1.6019215116e-17 1.4155589380e+02 -3.4119661720e+03 -4.7901025348e+11 -1.8681915180e+06 6.6665040213e+07 2.6547018017e+00 6.4264106543e+01 -1.8653724656e+09
1.5962597558e+05 1.8873519705e-13 5.2159177687e-14 -6.3996044333e+06 3.3904677454e+05 -5.5091402279e-19 1.6021179734e-17 1.5947820061e+02 -3.2412467222e+03 -4.8388658683e+11 -1.9344938389e+06 6.8127888235e+07 2.6079285117e+00 6.5470332956e+01 -1.8059288014e+09
1.5962858351e+05 1.8873371339e-13 5.2200962244e-14 -6.3991671454e+06 3.3081549433e+05 -5.8689243761e-19 1.6023062562e-17 1.7562882729e+02 -3.0709028219e+03 -4.8850485986e+11 -2.0120766054e+06 6.9587055636e+07 2.5598999095e+00 6.6303352714e+01 -1.7335229033e+09
1.5963114341e+05 1.8873216579e-13 5.2241981999e-14 -6.3986988139e+06 3.2317009723e+05 -6.2222002379e-19 1.6024867641e-17 1.9002566618e+02 -2.9021230926e+03 -4.9283781779e+11 -2.1006798196e+06 7.1032463266e+07 2.5115343854e+00 6.6734305316e+01 -1.6497301183e+09
1.5963365495e+05 1.8873055953e-13 5.2282231188e-14 -6.3982053214e+06 3.1608989096e+05 -6.5689137311e-19 1.6026599433e-17 2.0271710901e+02 -2.7360348124e+03 -4.9686631314e+11 -2.1998598536e+06 7.2454555908e+07 2.4628400402e+00 6.6749497294e+01 -1.5566010778e+09
1.5963611779e+05 1.8872889983e-13 5.2321704193e-14 -6.3976921638e+06 3.0955157337e+05 -6.9090119079e-19 1.6028262127e-17 2.1377437052e+02 -2.5737190342e+03 -5.0057831546e+11 -2.3089797620e+06 7.3844169631e+07 2.4135097151e+00 6.6350857832e+01 -1.4565304449e+09
1.5963853130e+05 1.8872719211e-13 5.2360390493e-14 -6.3971644760e+06 3.0353038128e+05 -7.2423994372e-19 1.6029859429e-17 2.2328773395e+02 -2.4161912519e+03 -5.0396868594e+11 -2.4272152054e+06 7.5192694871e+07 2.3633215736e+00 6.5555686283e+01 -1.3520949928e+09
1.5964089462e+05 1.8872544191e-13 5.2398276026e-14 -6.3966269944e+06 2.9800011911e+05 -7.5689503683e-19 1.6031394632e-17 2.3136396030e+02 -2.2643606015e+03 -5.0703915620e+11 -2.5535834974e+06 7.6492423632e+07 2.3123731574e+00 6.4395233693e+01 -1.2458722220e+09
1.5964320699e+05 1.8872365474e-13 5.2435348304e-14 -6.3960839669e+06 2.9293284138e+05 -7.8885522748e-19 1.6032870826e-17 2.3812320965e+02 -2.1189824546e+03 -5.0979809187e+11 -2.6869961365e+06 7.7736953712e+07 2.2611445573e+00 6.2911992469e+01 -1.1402623388e+09
1.5964546814e+05 1.8872183568e-13 5.2471602552e-14 -6.3955390493e+06 2.8829871751e+05 -8.2011592052e-19 1.6034291136e-17 2.4369479191e+02 -1.9806199975e+03 -5.1225979058e+11 -2.8263265461e+06 7.8921516683e+07 2.2104122117e+00 6.1155986029e+01 -1.0373415230e+09
1.5964767855e+05 1.8871998910e-13 5.2507046460e-14 -6.3949952280e+06 2.8406633557e+05 -8.5068327881e-19 1.6035658882e-17 2.4821195244e+02 -1.8496264660e+03 -5.1444328455e+11 -2.9704789453e+06 8.0043129880e+07 2.1610773341e+00 5.9180683666e+01 -9.3876877283e+08
1.5964983963e+05 1.8871811841e-13 5.2541702188e-14 -6.3944547986e+06 2.8020342845e+05 -8.8057596476e-19 1.6036977641e-17 2.5180647584e+02 -1.7261517138e+03 -5.1637082049e+11 -3.1184446169e+06 8.1100540903e+07 2.1139911189e+00 5.7039246777e+01 -8.4575413359e+08
1.5965195362e+05 1.8871622597e-13 5.2575605565e-14 -6.3939194059e+06 2.7667781980e+05 -9.0982446367e-19 1.6038251199e-17 2.5460399031e+02 -1.6101685820e+03 -5.1806628931e+11 -3.2693377794e+06 8.2094003212e+07 2.0698328311e+00 5.4781620923e+01 -7.5908020626e+08
1.5965402345e+05 1.8871431314e-13 5.2608803341e-14 -6.3933901271e+06 2.7345835031e+05 -9.3846871666e-19 1.6039483449e-17 2.5672055035e+02 -1.5015102000e+03 -5.1955384709e+11 -3.4224104979e+06 8.3024958456e+07 2.0290593534e+00 5.2452669051e+01 -6.7915911295e+08
1.5965605251e+05 1.8871238044e-13 5.2641349620e-14 -6.3928675792e+06 2.7051561090e+05 -9.6655505017e-19 1.6040678268e-17 2.5826064698e+02 -1.3999093138e+03 -5.2085686565e+11 -3.5770512603e+06 8.3895701448e+07 1.9919109897e+00 5.0091262271e+01 -6.0610556892e+08
1.5965804442e+05 1.8871042768e-13 5.2673302381e-14 -6.3923520251e+06 2.6782241558e+05 -9.9413318066e-19 1.6041839412e-17 2.5931645978e+02 -1.3050335946e+03 -5.2199723879e+11 -3.7327734468e+06 8.4709079414e+07 1.9584492957e+00 4.7730098491e+01 -5.3981104894e+08
1.5966000287e+05 1.8870845416e-13 5.2704720620e-14 -6.3918434707e+06 2.6535402690e+05 -1.0212537389e-18 1.6042970438e-17 2.5996801500e+02 -1.2165140831e+03 -5.2299499822e+11 -3.8891992012e+06 8.5468249748e+07 1.9286048959e+00 4.5395992488e+01 -4.8001007223e+08
1.5966193147e+05 1.8870645881e-13 5.2735662237e-14 -6.3913417422e+06 2.6308818845e+05 -1.0479664533e-18 1.6044074655e-17 2.6028390705e+02 -1.1339663623e+03 -5.2386816298e+11 -4.0460424493e+06 8.6176499761e+07 1.9022221953e+00 4.3110424072e+01 -4.2633480878e+08
1.5966383370e+05 1.8870444028e-13 5.2766182661e-14 -6.3908465481e+06 2.6100502794e+05 -1.0743189512e-18 1.6045155105e-17 2.6032230852e+02 -1.0570053500e+03 -5.2463274603e+11 -4.2030931541e+06 8.6837120815e+07 1.8790956525e+00 4.0890194120e+01 -3.7835755178e+08
1.5966571279e+05 1.8870239707e-13 5.2796334039e-14 -6.3903575236e+06 2.5908688493e+05 -1.1003560610e-18 1.6046214560e-17 2.6013207885e+02 -9.8525504418e+02 -5.2530285642e+11 -4.3602037263e+06 8.7453325476e+07 1.8589964762e+00 3.8748094705e+01 -3.3562231096e+08
1.5966757179e+05 1.8870032757e-13 5.2826164864e-14 -6.3898742636e+06 2.5731810344e+05 -1.1261194850e-18 1.6047255529e-17 2.5975385550e+02 -9.1835454556e+02 -5.2589085198e+11 -4.5172777929e+06 8.8028196381e+07 1.8416908479e+00 3.6693541573e+01 -2.9766742139e+08
1.5966941348e+05 1.8869823010e-13 5.2855719892e-14 -6.3893963458e+06 2.5568481609e+05 -1.1516477240e-18 1.6048280280e-17 2.5922106474e+02 -8.5596146823e+02 -5.2640751293e+11 -4.6742611573e+06 8.8564657351e+07 1.8269520327e+00 3.4733144524e+01 -2.6404110258e+08
1.5967124043e+05 1.8869610296e-13 5.2885040254e-14 -6.3889233461e+06 2.5417473516e+05 -1.1769761705e-18 1.6049290859e-17 2.5856082453e+02 -7.9775357286e+02 -5.2686221808e+11 -4.8311346816e+06 8.9065459639e+07 1.8145677003e+00 3.2871206925e+01 -2.3431166613e+08
1.5967305500e+05 1.8869394443e-13 5.2914163686e-14 -6.3884548497e+06 2.5277695934e+05 -1.2021373043e-18 1.6050289112e-17 2.5779473274e+02 -7.4342924292e+02 -5.2726311314e+11 -4.9879087529e+06 8.9533178014e+07 1.8043443658e+00 3.1110155065e+01 -2.0807377376e+08
1.5967485934e+05 1.8869175278e-13 5.2943124826e-14 -6.3879904578e+06 2.5148179959e+05 -1.2271609496e-18 1.6051276712e-17 2.5693954534e+02 -6.9270722563e+02 -5.2761726586e+11 -5.1446190557e+06 8.9970213105e+07 1.7961098438e+00 2.9450902028e+01 -1.8495183801e+08
1.5967665545e+05 1.8868952629e-13 5.2971955561e-14 -6.3875297917e+06 2.5028062495e+05 -1.2520745670e-18 1.6052255174e-17 2.5600775526e+02 -6.4532593155e+02 -5.2793080568e+11 -5.3013233946e+06 9.0378797480e+07 1.7897145951e+00 2.7893152858e+01 -1.6460140277e+08
1.5967844517e+05 1.8868726322e-13 5.3000685386e-14 -6.3870724953e+06 2.4916572751e+05 -1.2769035646e-18 1.6053225883e-17 2.5500808468e+02 -6.0104248700e+02 -5.2820904769e+11 -5.4580993682e+06 9.0761003834e+07 1.7850325686e+00 2.6435658169e+01 -1.4670912950e+08
1.5968023020e+05 1.8868496180e-13 5.3029341778e-14 -6.3866182362e+06 2.4813020501e+05 -1.3016716213e-18 1.6054190111e-17 2.5394590387e+02 -5.5963166552e+02 -5.2845660153e+11 -5.6150427397e+06 9.1118754185e+07 1.7819619293e+00 2.5076423031e+01 -1.3099185070e+08
1.5968201216e+05 1.8868262024e-13 5.3057950589e-14 -6.3861667052e+06 2.4716785889e+05 -1.3264010208e-18 1.6055149036e-17 2.5282358962e+02 -5.2088477976e+02 -5.2867746637e+11 -5.7722663843e+06 9.1453829412e+07 1.7804257831e+00 2.3812877430e+01 -1.1719502755e+08
1.5968379259e+05 1.8868023668e-13 5.3086536440e-14 -6.3857176153e+06 2.4627310632e+05 -1.3511129956e-18 1.6056103760e-17 2.5164083478e+02 -4.8460858752e+02 -5.2887511348e+11 -5.9298997138e+06 9.1767878663e+07 1.7803734429e+00 2.2642014002e+01 -1.0509085568e+08
1.5968557296e+05 1.8867780919e-13 5.3115123149e-14 -6.3852707001e+06 2.4544090384e+05 -1.3758280898e-18 1.6057055332e-17 2.5039491995e+02 -4.5062423786e+02 -5.2905255780e+11 -6.0880885325e+06 9.2062428420e+07 1.7817818676e+00 2.1560497830e+01 -9.4476189891e+07
1.5968735474e+05 1.8867533573e-13 5.3143734165e-14 -6.3848257113e+06 2.4466668146e+05 -1.4005665415e-18 1.6058004758e-17 2.4908095664e+02 -4.1876628048e+02 -5.2921241973e+11 -6.2469952546e+06 9.2338891033e+07 1.7846580632e+00 2.0564752847e+01 -8.5170410746e+07
1.5968913940e+05 1.8867281408e-13 5.3172393059e-14 -6.3843824149e+06 2.4394628540e+05 -1.4253486996e-18 1.6058953029e-17 2.4769211019e+02 -3.8888173919e+02 -5.2935697870e+11 -6.4067994972e+06 9.2598572705e+07 1.7890416228e+00 1.9651028378e+01 -7.7013313043e+07
1.5969092844e+05 1.8867024185e-13 5.3201124043e-14 -6.3839405879e+06 2.4327592851e+05 -1.4501954754e-18 1.6059901132e-17 2.4621980977e+02 -3.6082926163e+02 -5.2948821926e+11 -6.5676989959e+06 9.2842680839e+07 1.7950087763e+00 1.8815449508e+01 -6.9863073803e+07
1.5969272345e+05 1.8866761636e-13 5.3229952559e-14 -6.3835000127e+06 2.4265214709e+05 -1.4751288520e-18 1.6060850080e-17 2.4465395020e+02 -3.3447833151e+02 -5.2960787111e+11 -6.7299109274e+06 9.3072330860e+07 1.8026764054e+00 1.8054053847e+01 -6.3594330569e+07
1.5969452613e+05 1.8866493461e-13 5.3258905931e-14 -6.3830604713e+06 2.4207176348e+05 -1.5001724491e-18 1.6061800927e-17 2.4298309032e+02 -3.0970855477e+02 -5.2971744356e+11 -6.8936735983e+06 9.3288552420e+07 1.8122078556e+00 1.7362817800e+01 -5.8096394045e+07
1.5969633834e+05 1.8866219317e-13 5.3288014118e-14 -6.3826217388e+06 2.4153185356e+05 -1.5253521694e-18 1.6062754799e-17 2.4119464921e+02 -2.8640900196e+02 -5.2981825545e+11 -7.0592486374e+06 9.3492295142e+07 1.8238191599e+00 1.6737674341e+01 -5.3271601346e+07
1.5969816216e+05 1.8865938809e-13 5.3317310552e-14 -6.3821835749e+06 2.4102971866e+05 -1.5506969319e-18 1.6063712921e-17 2.3927510095e+02 -2.6447761261e+02 -5.2991146106e+11 -7.2269237193e+06 9.3684433855e+07 1.8249792318e+00 1.6174524725e+01 -4.9033815101e+07
1.5969998713e+05 1.8865653496e-13 5.3346627368e-14 -6.3817487531e+06 2.4056598504e+05 -1.5760614944e-18 1.6064669938e-17 2.3722503061e+02 -2.4395981322e+02 -5.2999749221e+11 -7.3958264846e+06 9.3864550459e+07 1.8249115411e+00 1.5672562363e+01 -4.5331324446e+07
1.5970181205e+05 1.8865363564e-13 5.3375944841e-14 -6.3813178130e+06 2.4013847612e+05 -1.6014287500e-18 1.6065625352e-17 2.3503745811e+02 -2.2478206717e+02 -5.3007719865e+11 -7.5659141013e+06 9.4033267029e+07 1.8246989222e+00 1.5227391128e+01 -4.2094448872e+07
1.5970363675e+05 1.8865069037e-13 5.3405260641e-14 -6.3808910454e+06 2.3974484912e+05 -1.6267966364e-18 1.6066579222e-17 2.3270572072e+02 -2.0686442856e+02 -5.3015136537e+11 -7.7372308867e+06 9.4191263469e+07 1.8241089063e+00 1.4834229324e+01 -3.9259636381e+07
1.5970546085e+05 1.8864769978e-13 5.3434568700e-14 -6.3804688041e+06 2.3938293795e+05 -1.6521598565e-18 1.6067531479e-17 2.3022531314e+02 -1.9013563887e+02 -5.3022066122e+11 -7.9097835016e+06 9.4339145060e+07 1.8228693999e+00 1.4488343034e+01 -3.6771480966e+07
1.5970728372e+05 1.8864466501e-13 5.3463858578e-14 -6.3800515081e+06 2.3905073132e+05 -1.6775093253e-18 1.6068481904e-17 2.2759440287e+02 -1.7453224902e+02 -5.3028565333e+11 -8.0835332662e+06 9.4477449813e+07 1.8206494365e+00 1.4185067225e+01 -3.4581718591e+07
1.5970910437e+05 1.8864158780e-13 5.3493114514e-14 -6.3796396462e+06 2.3874635514e+05 -1.7028313481e-18 1.6069430099e-17 2.2481432134e+02 -1.5999780119e+02 -5.3034681900e+11 -8.2583870793e+06 9.4606655241e+07 1.8170675232e+00 1.3919836194e+01 -3.2648384624e+07
1.5971092144e+05 1.8863847068e-13 5.3522314612e-14 -6.3792337779e+06 2.3846805377e+05 -1.7281069150e-18 1.6070375462e-17 2.2188996429e+02 -1.4648182778e+02 -5.3040455654e+11 -8.4341898000e+06 9.4727186721e+07 1.8117132998e+00 1.3688218864e+01 -3.0935080677e+07
1.5971273315e+05 1.8863531701e-13 5.3551430378e-14 -6.3788345275e+06 2.3821416997e+05 -1.7533112962e-18 1.6071317170e-17 2.1883004058e+02 -1.3393865094e+02 -5.3045919534e+11 -8.6107197161e+06 9.4839427609e+07 1.8041850304e+00 1.3485958939e+01 -2.9410335758e+07
1.5971453734e+05 1.8863213107e-13 5.3580426854e-14 -6.3784425693e+06 2.3798312395e+05 -1.7784141586e-18 1.6072254191e-17 2.1564710015e+02 -1.2232599697e+02 -5.3051100577e+11 -8.7876890041e+06 9.4943731053e+07 1.7941404760e+00 1.3309018887e+01 -2.8047044972e+07
1.5971633148e+05 1.8862891795e-13 5.3609263571e-14 -6.3780586016e+06 2.3777339271e+05 -1.8033803913e-18 1.6073185306e-17 2.1235727978e+02 -1.1160349874e+02 -5.3056020920e+11 -8.9647508188e+06 9.5040432907e+07 1.7813530313e+00 1.3153625564e+01 -2.6821969774e+07
1.5971811283e+05 1.8862568341e-13 5.3637896411e-14 -6.3776833111e+06 2.3758349205e+05 -1.8281717129e-18 1.6074109176e-17 2.0897973591e+02 -1.0173122343e+02 -5.3060698796e+11 -9.1415137141e+06 9.5129864601e+07 1.7657598486e+00 1.3016314079e+01 -2.5715285912e+07
1.5971987859e+05 1.8862243360e-13 5.3666280236e-14 -6.3773173307e+06 2.3741196374e+05 -1.8527489503e-18 1.6075024426e-17 2.0553578778e+02 -9.2668410460e+01 -5.3065149516e+11 -9.3175625348e+06 9.5212364383e+07 1.7474877340e+00 1.2893965443e+01 -2.4710168736e+07
1.5972162608e+05 1.8861917469e-13 5.3694371935e-14 -6.3769611965e+06 2.3725737026e+05 -1.8770746798e-18 1.6075929739e-17 2.0204785754e+02 -8.4372604084e+01 -5.3069386369e+11 -9.4924831990e+06 9.5288285269e+07 1.7268470011e+00 1.2783833368e+01 -2.3792409801e+07
1.5972335293e+05 1.8861591251e-13 5.3722133378e-14 -6.3766153131e+06 2.3711829765e+05 -1.9011157847e-18 1.6076823956e-17 1.9853834569e+02 -7.6799306193e+01 -5.3073421368e+11 -9.6658875281e+06 9.5357998565e+07 1.7042937337e+00 1.2683556463e+01 -2.2950062819e+07
1.5972505722e+05 1.8861265223e-13 5.3749533760e-14 -6.3762799308e+06 2.3699336572e+05 -1.9248454883e-18 1.6077706147e-17 1.9502859524e+02 -6.9902166130e+01 -5.3077265811e+11 -9.8374341965e+06 9.5421892697e+07 1.6803708531e+00 1.2591154094e+01 -2.2173119433e+07
1.5972673759e+05 1.8860939812e-13 5.3776551000e-14 -6.3759551400e+06 2.3688124281e+05 -1.9482445679e-18 1.6078575656e-17 1.9153806997e+02 -6.3633609495e+01 -5.3080930632e+11 -1.0006842965e+07 9.5480368139e+07 1.6556443628e+00 1.2505006659e+01 -2.1453216185e+07
1.5972839324e+05 1.8860615343e-13 5.3803172112e-14 -6.3756408795e+06 2.3678066175e+05 -1.9713016811e-18 1.6079432117e-17 1.8808381256e+02 -5.7945728679e+01 -5.3084426562e+11 -1.0173901232e+07 9.5533829909e+07 1.6306485870e+00 1.2423823303e+01 -2.0783373290e+07
1.5973002388e+05 1.8860292041e-13 5.3829392703e-14 -6.3753369566e+06 2.3669043380e+05 -1.9940129290e-18 1.6080275432e-17 1.8468018578e+02 -5.2791243799e+01 -5.3087764156e+11 -1.0338463633e+07 9.5582679307e+07 1.6058488097e+00 1.2346601442e+01 -2.0157765140e+07
1.5973162973e+05 1.8859970037e-13 5.3855215861e-14 -6.3750430731e+06 2.3660945891e+05 -2.0163808983e-18 1.6081105739e-17 1.8133885160e+02 -4.8124377721e+01 -5.3090953740e+11 -1.0500446486e+07 9.5627306262e+07 1.5816230167e+00 1.2272582685e+01 -1.9571521462e+07
1.5973321136e+05 1.8859649379e-13 5.3880650754e-14 -6.3747588527e+06 2.3653673113e+05 -2.0384134482e-18 1.6081923367e-17 1.7806892060e+02 -4.3901549593e+01 -5.3094005315e+11 -1.0659819288e+07 9.5668083175e+07 1.5582592165e+00 1.2201209088e+01 -1.9020557174e+07
1.5973476962e+05 1.8859330050e-13 5.3905711187e-14 -6.3744838664e+06 2.3647133971e+05 -2.0601224587e-18 1.6082728788e-17 1.7487720327e+02 -4.0081852858e+01 -5.3096928469e+11 -1.0816595096e+07 9.5705360575e+07 1.5359627581e+00 1.2132082528e+01 -1.8501428682e+07
1.5973630558e+05 1.8859011980e-13 5.3930414269e-14 -6.3742176542e+06 2.3641246668e+05 -2.0815226805e-18 1.6083522579e-17 1.7176850805e+02 -3.6627328600e+01 -5.3099732308e+11 -1.0970821129e+07 9.5739464549e+07 1.5148692928e+00 1.2064928857e+01 -1.8011214084e+07
1.5973782045e+05 1.8858695057e-13 5.3954779297e-14 -6.3739597426e+06 2.3635938177e+05 -2.1026307642e-18 1.6084305381e-17 1.6874594618e+02 -3.3503067495e+01 -5.3102425401e+11 -1.1122570381e+07 9.5770695659e+07 1.4950590632e+00 1.1999567487e+01 -1.7547414403e+07
1.5973931551e+05 1.8858379144e-13 5.3978826861e-14 -6.3737096576e+06 2.3631143593e+05 -2.1234644887e-18 1.6085077873e-17 1.6581121970e+02 -3.0677183345e+01 -5.3105015766e+11 -1.1271934559e+07 9.5799328999e+07 1.4765705405e+00 1.1935886410e+01 -1.7107873099e+07
1.5973931551e+05 1.8858379144e-13 5.3978826861e-14 -6.3737096576e+06 2.3631143593e+05 -2.1234644887e-18 1.6085077873e-17 1.6581121970e+02 -3.0677183345e+01 -5.3105015766e+11 -1.1271934559e+07 9.5799328999e+07 1.4765705405e+00 1.1935886410e+01 -1.7107873099e+07
