0.0000000000e+00 0.0000000000e+00 0.0000000000e+00 3.1415900000e+08 0.0000000000e+00 0.0000000000e+00 0.0000000000e+00 -1.1916511850e+03 1.4130624360e+02 -4.6638892994e+09 -1.0129035072e+07 1.2011030706e+06 1.0000000000e+01 0.0000000000e+00 -0.0000000000e+00
1.0000000000e+01 2.8740022460e-22 4.3091481184e-28 3.1414708329e+08 1.4130624357e+03 5.7480771723e-23 1.2927689547e-28 -1.1916915703e+03 1.4130624351e+02 -4.6638892994e+09 -1.0129035072e+07 1.2011030706e+06 5.0000000000e+01 0.0000000000e+00 -0.0000000000e+00
6.0000000000e+01 1.0347716570e-20 9.3104087175e-26 3.1408749366e+08 8.4783745506e+03 3.4495006018e-22 4.6557342619e-27 -1.1918935429e+03 1.4130624033e+02 -4.6638892994e+09 -1.0129035073e+07 1.2011030706e+06 2.5000000000e+02 0.0000000000e+00 -0.0000000000e+00
3.1000000000e+02 2.7640138413e-19 1.2859332330e-23 3.1378939394e+08 4.3804926481e+04 1.7839347354e-21 1.2451843667e-25 -1.1929045566e+03 1.4130615611e+02 -4.6638892994e+09 -1.0129035072e+07 1.2011030706e+06 1.2500000000e+03 0.0000000000e+00 -0.0000000000e+00
1.5600000000e+03 7.0217445118e-18 1.6504823273e-21 3.1229509076e+08 2.2043658041e+05 9.0201273784e-21 3.1834726957e-24 -1.1979886204e+03 1.4130400693e+02 -4.6638892994e+09 -1.0129035072e+07 1.2011030706e+06 3.6000000000e+03 0.0000000000e+00 -0.0000000000e+00
5.1600000000e+03 7.7537906336e-17 6.0987336679e-20 3.0795560266e+08 7.2909736799e+05 3.0254534443e-20 3.5814368773e-23 -1.2129076650e+03 1.4128108085e+02 -4.6638892993e+09 -1.0129035072e+07 1.2011030706e+06 3.6000000000e+03 0.0000000000e+00 -0.0000000000e+00
8.7600000000e+03 2.2558703130e-16 3.0481288226e-19 3.0356164083e+08 1.2376285360e+06 5.2099563422e-20 1.0620518352e-22 -1.2282557253e+03 1.4123162509e+02 -4.6638892992e+09 -1.0129035072e+07 1.2011030706e+06 3.6000000000e+03 0.0000000000e+00 -0.0000000000e+00
1.2360000000e+04 4.5342911610e-16 8.7496401321e-19 2.9911161739e+08 1.7459304315e+06 7.4589986067e-20 2.1769100809e-22 -1.2440572317e+03 1.4115329646e+02 -4.6638892991e+09 -1.0129035072e+07 1.2011030706e+06 3.6000000000e+03 0.0000000000e+00 -0.0000000000e+00
1.5960000000e+04 7.6345450372e-16 1.9259220558e-18 2.9460385293e+08 2.2538945177e+06 9.7763496575e-20 3.7396895011e-22 -1.2603386675e+03 1.4104349742e+02 -4.6638892989e+09 -1.0129035073e+07 1.2011030706e+06 3.6000000000e+03 0.0000000000e+00 -0.0000000000e+00
1.9560000000e+04 1.1581949838e-15 3.6262013836e-18 2.9003656865e+08 2.7614023984e+06 1.2166104072e-19 5.7914676321e-22 -1.2771288009e+03 1.4089934190e+02 -4.6638892987e+09 -1.0129035073e+07 1.2011030706e+06 3.6000000000e+03 0.0000000000e+00 -0.0000000000e+00
2.3160000000e+04 1.6403361598e-15 6.1599269632e-18 2.8540787767e+08 3.2683247096e+06 1.4632719192e-19 8.3779941093e-22 -1.2944589485e+03 1.4071761559e+02 -4.6638892985e+09 -1.0129035073e+07 1.2011030706e+06 3.6000000000e+03 0.0000000000e+00 -0.0000000000e+00
2.6760000000e+04 2.2127312669e-15 9.7286320771e-18 2.8071577533e+08 3.7745198563e+06 1.7181058242e-19 1.1550351066e-21 -1.3123632789e+03 1.4049472952e+02 -4.6638892983e+09 -1.0129035073e+07 1.2011030706e+06 3.6000000000e+03 0.0000000000e+00 -0.0000000000e+00
3.0360000000e+04 2.8784166559e-15 1.4553313624e-17 2.7595812834e+08 4.2798325688e+06 1.9816439950e-19 1.5365727217e-21 -1.3308791607e+03 1.4022666568e+02 -4.6638892980e+09 -1.0129035073e+07 1.2011030706e+06 3.6000000000e+03 0.0000000000e+00 -0.0000000000e+00
3.3960000000e+04 3.6406291975e-15 2.0876789977e-17 2.7113266251e+08 4.7840922456e+06 2.2544695863e-19 1.9888328977e-21 -1.3500475658e+03 1.3990891300e+02 -4.6638892977e+09 -1.0129035073e+07 1.2011030706e+06 3.6000000000e+03 0.0000000000e+00 -0.0000000000e+00
3.7560000000e+04 4.5028259109e-15 2.8966415764e-17 2.6623694898e+08 5.2871110467e+06 2.5372236830e-19 2.5190457601e-21 -1.3699135360e+03 1.3953639168e+02 -4.6638892973e+09 -1.0129035072e+07 1.2011030706e+06 3.6000000000e+03 0.0000000000e+00 -0.0000000000e+00
4.1160000000e+04 5.4687061763e-15 3.9117219604e-17 2.6126838860e+08 5.7886816883e+06 2.8306130434e-19 3.1353788542e-21 -1.3905267273e+03 1.3910336330e+02 -4.6638892968e+09 -1.0129035072e+07 1.2011030706e+06 3.6000000000e+03 0.0000000000e+00 -0.0000000000e+00
4.4760000000e+04 6.5422369649e-15 5.1655545459e-17 2.5622419424e+08 6.2885748850e+06 3.1354191602e-19 3.8470898474e-21 -1.4119420465e+03 1.3860332353e+02 -4.6638892963e+09 -1.0129035072e+07 1.2011030706e+06 3.6000000000e+03 0.0000000000e+00 -0.0000000000e+00
4.8360000000e+04 7.7276816088e-15 6.6943296723e-17 2.5110137051e+08 6.7865363678e+06 3.4525089137e-19 4.6647097512e-21 -1.4342203995e+03 1.3802887341e+02 -4.6638892956e+09 -1.0129035072e+07 1.2011030706e+06 3.6000000000e+03 0.0000000000e+00 -0.0000000000e+00
5.1960000000e+04 9.0296327419e-15 8.5382905543e-17 2.4589669069e+08 7.2822833925e+06 3.7828471609e-19 5.6002639863e-21 -1.4574295761e+03 1.3737156401e+02 -4.6638892949e+09 -1.0129035073e+07 1.2011030706e+06 3.6000000000e+03 0.0000000000e+00 -0.0000000000e+00
5.5560000000e+04 1.0453050186e-14 1.0742317982e-16 2.4060667008e+08 7.7755006321e+06 4.1275116949e-19 6.6675406931e-21 -1.4816453008e+03 1.3662170795e+02 -4.6638892939e+09 -1.0129035072e+07 1.2011030706e+06 3.6000000000e+03 0.0000000000e+00 -0.0000000000e+00
5.9160000000e+04 1.2003304729e-14 1.3356621895e-16 2.3522753521e+08 8.2658353173e+06 4.4877111226e-19 7.8824184521e-21 -1.5069524888e+03 1.3576814913e+02 -4.6638892927e+09 -1.0129035072e+07 1.2011030706e+06 3.6000000000e+03 0.0000000000e+00 -0.0000000000e+00
6.2760000000e+04 1.3686228966e-14 1.6437563936e-16 2.2975518817e+08 8.7528914580e+06 4.8648063649e-19 9.2632692860e-21 -1.5334467569e+03 1.3479797958e+02 -4.6638892912e+09 -1.0129035072e+07 1.2011030706e+06 3.6000000000e+03 0.0000000000e+00 -0.0000000000e+00
6.6360000000e+04 1.5508176666e-14 2.0048641691e-16 2.2418516489e+08 9.2362229274e+06 5.2603366851e-19 1.0831457848e-20 -1.5612362519e+03 1.3369618874e+02 -4.6638892894e+09 -1.0129035072e+07 1.2011030706e+06 3.6000000000e+03 0.0000000000e+00 -0.0000000000e+00
6.9960000000e+04 1.7476092497e-14 2.4261673986e-16 2.1851258611e+08 9.7153251351e+06 5.6760514273e-19 1.2611964601e-20 -1.5904438806e+03 1.3244522565e+02 -4.6638892871e+09 -1.0129035072e+07 1.2011030706e+06 3.6000000000e+03 0.0000000000e+00 -0.0000000000e+00
7.3560000000e+04 1.9597594426e-14 2.9158238282e-16 2.1273209955e+08 1.0189624927e+07 6.1139490154e-19 1.4634170358e-20 -1.6212100499e+03 1.3102444767e+02 -4.6638892842e+09 -1.0129035072e+07 1.2011030706e+06 3.6000000000e+03 0.0000000000e+00 -0.0000000000e+00
7.7160000000e+04 2.1881071774e-14 3.4831426913e-16 2.0683781096e+08 1.0658468249e+07 6.5763252781e-19 1.6932852996e-20 -1.6536960622e+03 1.2940942030e+02 -4.6638892805e+09 -1.0129035072e+07 1.2011030706e+06 3.6000000000e+03 0.0000000000e+00 -0.0000000000e+00
8.0760000000e+04 2.4335802742e-14 4.1388010482e-16 2.0082320160e+08 1.1121104941e+07 7.0658338730e-19 1.9549466299e-20 -1.6880883602e+03 1.2757101857e+02 -4.6638892757e+09 -1.0129035072e+07 1.2011030706e+06 3.6000000000e+03 0.0000000000e+00 -0.0000000000e+00
8.4360000000e+04 2.6972096419e-14 4.8951126523e-16 1.9468102841e+08 1.1576669854e+07 7.5855625895e-19 2.2533798518e-20 -1.7246038883e+03 1.2547426186e+02 -4.6638892693e+09 -1.0129035072e+07 1.2011030706e+06 3.6000000000e+03 0.0000000000e+00 -0.0000000000e+00
8.7960000000e+04 2.9801465873e-14 5.7663653559e-16 1.8840320245e+08 1.2024159141e+07 8.1391307461e-19 2.5946148820e-20 -1.7634969358e+03 1.2307678469e+02 -4.6638892609e+09 -1.0129035072e+07 1.2011030706e+06 3.6000000000e+03 0.0000000000e+00 -0.0000000000e+00
9.1560000000e+04 3.2836841155e-14 6.7692490541e-16 1.8198063922e+08 1.2462400189e+07 8.7308149919e-19 2.9860220424e-20 -1.8050679748e+03 1.2032680403e+02 -4.6638892495e+09 -1.0129035072e+07 1.2011030706e+06 3.6000000000e+03 0.0000000000e+00 -0.0000000000e+00
9.5160000000e+04 3.6092834215e-14 7.9234048683e-16 1.7540307254e+08 1.2890013037e+07 9.3657139297e-19 3.4367021480e-20 -1.8496752272e+03 1.1716037863e+02 -4.6638892338e+09 -1.0129035072e+07 1.2011030706e+06 3.6000000000e+03 0.0000000000e+00 -0.0000000000e+00
9.8760000000e+04 3.9586072237e-14 9.2521391360e-16 1.6865882033e+08 1.3305360207e+07 1.0049966670e-18 3.9580208292e-20 -1.8977500198e+03 1.1349765490e+02 -4.6638892118e+09 -1.0129035072e+07 1.2011030706e+06 3.6000000000e+03 0.0000000000e+00 -0.0000000000e+00
1.0236000000e+05 4.3335622578e-14 1.0783365205e-15 1.6173448611e+08 1.3706480542e+07 1.0791047694e-18 4.5643533851e-20 -1.9498175006e+03 1.0923763370e+02 -4.6638891804e+09 -1.0129035072e+07 1.2011030706e+06 3.6000000000e+03 0.0000000000e+00 -0.0000000000e+00
1.0596000000e+05 4.7363542444e-14 1.2550866052e-15 1.5461457273e+08 1.4091000489e+07 1.1598171897e-18 5.2741437862e-20 -2.0065250976e+03 1.0425072985e+02 -4.6638891343e+09 -1.0129035072e+07 1.2011030706e+06 3.6000000000e+03 0.0000000000e+00 -0.0000000000e+00
1.0956000000e+05 5.1695601727e-14 1.4596018346e-15 1.4728097458e+08 1.4456012972e+07 1.2482862451e-18 6.1114442187e-20 -2.0686824151e+03 9.8367955513e+01 -4.6638890648e+09 -1.0129035072e+07 1.2011030706e+06 3.5135390266e+03 0.0000000000e+00 -0.0000000000e+00
1.1307353903e+05 5.6245983859e-14 1.6908851019e-15 1.3989701668e+08 1.4790001071e+07 1.3435086557e-18 7.0820956445e-20 -2.1355845605e+03 9.1548272789e+01 -4.6638889696e+09 -1.0129035072e+07 1.2011030706e+06 3.1631738355e+03 0.0000000000e+00 -0.0000000000e+00
1.1591224917e+05 6.0178043332e-14 1.9046876479e-15 1.3375164565e+08 1.5040913385e+07 1.4280405702e-18 8.0042215052e-20 -2.1949756891e+03 8.5069524977e+01 -4.6638889198e+09 -1.0129035072e+07 1.2011030706e+06 2.8575684620e+03 0.0000000000e+00 -0.0000000000e+00
1.1876981764e+05 6.4389859000e-14 2.1484780355e-15 1.2738724867e+08 1.5273421392e+07 1.5212664713e-18 9.0872661819e-20 -2.2604751104e+03 7.7460180496e+01 -4.6638888426e+09 -1.0129035072e+07 1.2011030706e+06 2.5789965253e+03 0.0000000000e+00 -0.0000000000e+00
1.2108579671e+05 6.8007386154e-14 2.3704504679e-15 1.2208577744e+08 1.5444728475e+07 1.6038426501e-18 1.0104613432e-19 -2.3184921622e+03 7.0312418402e+01 -4.6638888026e+09 -1.0129035072e+07 1.2011030706e+06 2.3319354595e+03 0.0000000000e+00 -0.0000000000e+00
1.2341773217e+05 7.1851506186e-14 2.6194983075e-15 1.1660609028e+08 1.5599267433e+07 1.6944371156e-18 1.1283615622e-19 -2.3821427679e+03 6.2028887727e+01 -4.6638887420e+09 -1.0129035072e+07 1.2011030706e+06 2.1032136029e+03 0.0000000000e+00 -0.0000000000e+00
1.2530308288e+05 7.5120176456e-14 2.8422988436e-15 1.1206288059e+08 1.5709142225e+07 1.7740229108e-18 1.2373766770e-19 -2.4380588113e+03 5.4369614014e+01 -4.6638887119e+09 -1.0129035072e+07 1.2011030706e+06 1.8996994486e+03 0.0000000000e+00 -0.0000000000e+00
1.2700991927e+05 7.8213631837e-14 3.0628149678e-15 1.0785550163e+08 1.5795396829e+07 1.8517164850e-18 1.3487225852e-19 -2.4926454025e+03 4.6546581499e+01 -4.6638886863e+09 -1.0129035072e+07 1.2011030706e+06 1.7203275281e+03 0.0000000000e+00 -0.0000000000e+00
1.2854954422e+05 8.1121890593e-14 3.2789763135e-15 1.0397749735e+08 1.5861083028e+07 1.9270489308e-18 1.4613409475e-19 -2.5455730926e+03 3.8634147854e+01 -4.6638886653e+09 -1.0129035072e+07 1.2011030706e+06 1.5533409958e+03 0.0000000000e+00 -0.0000000000e+00
1.2993080497e+05 8.3833085857e-14 3.4884632275e-15 1.0042666244e+08 1.5909080756e+07 1.9994392641e-18 1.5738918875e-19 -2.5964336892e+03 3.0726451219e+01 -4.6638886488e+09 -1.0129035072e+07 1.2011030706e+06 1.3958743551e+03 0.0000000000e+00 -0.0000000000e+00
1.3115848953e+05 8.6329461741e-14 3.6883697655e-15 9.7209766347e+07 1.5942108267e+07 2.0680789325e-18 1.6845422752e-19 -2.6446591127e+03 2.2952285159e+01 -4.6638886367e+09 -1.0129035072e+07 1.2011030706e+06 1.2444325240e+03 0.0000000000e+00 -0.0000000000e+00
1.3223089818e+05 8.8581095056e-14 3.8746240490e-15 9.4349858230e+07 1.5962786237e+07 2.1317355755e-18 1.7905885063e-19 -2.6893835211e+03 1.5501601725e+01 -4.6638886286e+09 -1.0129035072e+07 1.2011030706e+06 1.0941330246e+03 0.0000000000e+00 -0.0000000000e+00
1.3313215263e+05 9.0527555502e-14 4.0403078645e-15 9.1908317089e+07 1.5973731618e+07 2.1881831204e-18 1.8873921298e-19 -2.7290429021e+03 8.7002930198e+00 -4.6638886244e+09 -1.0129035072e+07 1.2011030706e+06 9.3720060830e+02 0.0000000000e+00 -0.0000000000e+00
1.3378658632e+05 9.1973502710e-14 4.1662618173e-15 9.0112554915e+07 1.5977713419e+07 2.2310123800e-18 1.9625806247e-19 -2.7591342360e+03 3.4176378282e+00 -4.6638886233e+09 -1.0129035072e+07 1.2011030706e+06 7.6959474067e+02 0.0000000000e+00 -0.0000000000e+00
1.3455618106e+05 9.3710529987e-14 4.3208850339e-15 8.7975051502e+07 1.5977825508e+07 2.2835231385e-18 2.0568176084e-19 -2.7960276771e+03 -3.2033417797e+00 -4.6638886205e+09 -1.0129035072e+07 1.2011030706e+06 7.3385841721e+02 0.0000000000e+00 -0.0000000000e+00
1.3529003948e+05 9.5405395896e-14 4.4753194760e-15 8.5909755401e+07 1.5973020462e+07 2.3359259589e-18 2.1531193033e-19 -2.8328452822e+03 -9.9693855689e+00 -4.6638886178e+09 -1.0129035072e+07 1.2011030706e+06 8.5332394750e+02 0.0000000000e+00 -0.0000000000e+00
1.3614336342e+05 9.7425777078e-14 4.6641325855e-15 8.3473394858e+07 1.5960942594e+07 2.3999779569e-18 2.2739006506e-19 -2.8778474625e+03 -1.8455340937e+01 -4.6638886106e+09 -1.0129035072e+07 1.2011030706e+06 9.1490198631e+02 0.0000000000e+00 -0.0000000000e+00
1.3705826541e+05 9.9654471162e-14 4.8785381989e-15 8.0817296578e+07 1.5939585095e+07 2.4727498036e-18 2.4152368290e-19 -2.9289761058e+03 -2.8385454553e+01 -4.6638885974e+09 -1.0129035072e+07 1.2011030706e+06 9.4308599897e+02 0.0000000000e+00 -0.0000000000e+00
1.3800135141e+05 1.0202377312e-13 5.1137517301e-15 7.8028823347e+07 1.5907590775e+07 2.5527072980e-18 2.5755890911e-19 -2.9851533007e+03 -3.9651615837e+01 -4.6638885772e+09 -1.0129035072e+07 1.2011030706e+06 9.5022179666e+02 0.0000000000e+00 -0.0000000000e+00
1.3895157320e+05 1.0448991707e-13 5.3668440878e-15 7.5163806694e+07 1.5864043335e+07 2.6389768422e-18 2.7545650102e-19 -3.0457652676e+03 -5.2226253352e+01 -4.6638885488e+09 -1.0129035072e+07 1.2011030706e+06 9.4305956028e+02 0.0000000000e+00 -0.0000000000e+00
1.3989463276e+05 1.0702149132e-13 5.6357716887e-15 7.2261354363e+07 1.5808358171e+07 2.7310117871e-18 2.9523572805e-19 -3.1104279370e+03 -6.6122905565e+01 -4.6638885114e+09 -1.0129035072e+07 1.2011030706e+06 9.2582476642e+02 0.0000000000e+00 -0.0000000000e+00
1.4082045753e+05 1.0959445645e-13 5.9189699644e-15 6.9350359154e+07 1.5740211214e+07 2.8284507881e-18 3.1695126817e-19 -3.1788874328e+03 -8.1379988575e+01 -4.6638884638e+09 -1.0129035072e+07 1.2011030706e+06 9.0140293519e+02 0.0000000000e+00 -0.0000000000e+00
1.4172186047e+05 1.1218965730e-13 6.2151575387e-15 6.6452843692e+07 1.5659487171e+07 2.9310480911e-18 3.4068235210e-19 -3.2509710909e+03 -9.8053168956e+01 -4.6638884051e+09 -1.0129035072e+07 1.2011030706e+06 8.7187669632e+02 0.0000000000e+00 -0.0000000000e+00
1.4259373716e+05 1.1479143048e-13 6.5232318086e-15 6.3585895571e+07 1.5566239435e+07 3.0386351294e-18 3.6652718371e-19 -3.3265604783e+03 -1.1621144359e+02 -4.6638883344e+09 -1.0129035072e+07 1.2011030706e+06 8.3880370865e+02 0.0000000000e+00 -0.0000000000e+00
1.4343254087e+05 1.1738675527e-13 6.8422093015e-15 6.0762889473e+07 1.5460657802e+07 3.1510975428e-18 3.9459994024e-19 -3.4055752469e+03 -1.3593503206e+02 -4.6638882506e+09 -1.0129035072e+07 1.2011030706e+06 8.0337578150e+02 0.0000000000e+00 -0.0000000000e+00
1.4423591665e+05 1.1996469959e-13 7.1711899933e-15 5.7994312420e+07 1.5343041852e+07 3.2683605175e-18 4.2502916345e-19 -3.4879628333e+03 -1.5731424630e+02 -4.6638881526e+09 -1.0129035072e+07 1.2011030706e+06 7.6651752446e+02 0.0000000000e+00 -0.0000000000e+00
1.4500243418e+05 1.2251603741e-13 7.5093353159e-15 5.5288350966e+07 1.5213778639e+07 3.3903789389e-18 4.5795696351e-19 -3.5736915407e+03 -1.8044893123e+02 -4.6638880393e+09 -1.0129035072e+07 1.2011030706e+06 7.2895154342e+02 0.0000000000e+00 -0.0000000000e+00
1.4573138572e+05 1.2503297149e-13 7.8558543729e-15 5.2651326723e+07 1.5073323830e+07 3.5171304841e-18 4.9353873226e-19 -3.6627456851e+03 -2.0544826335e+02 -4.6638879097e+09 -1.0129035072e+07 1.2011030706e+06 6.9124381653e+02 0.0000000000e+00 -0.0000000000e+00
1.4642262954e+05 1.2750892375e-13 8.2099952578e-15 5.0088030279e+07 1.4922185678e+07 3.6486105842e-18 5.3194319759e-19 -3.7551220566e+03 -2.3243078887e+02 -4.6638877624e+09 -1.0129035072e+07 1.2011030706e+06 6.5383662771e+02 0.0000000000e+00 -0.0000000000e+00
1.4707646617e+05 1.2993837092e-13 8.5710396230e-15 4.7601984086e+07 1.4760911352e+07 3.7848286194e-18 5.7335272140e-19 -3.8508272456e+03 -2.6152463313e+02 -4.6638875962e+09 -1.0129035072e+07 1.2011030706e+06 6.1707328795e+02 0.0000000000e+00 -0.0000000000e+00
1.4769353945e+05 1.3231671148e-13 8.9382993535e-15 4.5195653876e+07 1.4590075295e+07 3.9258049446e-18 6.1796378326e-19 -3.9498755531e+03 -2.9286784036e+02 -4.6638874098e+09 -1.0129035072e+07 1.2011030706e+06 5.8121719817e+02 0.0000000000e+00 -0.0000000000e+00
1.4827475665e+05 1.3464015506e-13 9.3111146123e-15 4.2870621589e+07 1.4410269299e+07 4.0715684839e-18 6.6598761474e-19 -4.0522873010e+03 -3.2660881937e+02 -4.6638872018e+09 -1.0129035072e+07 1.2011030706e+06 5.4646686297e+02 0.0000000000e+00 -0.0000000000e+00
1.4882122351e+05 1.3690562847e-13 9.6888527776e-15 4.0627728737e+07 1.4222094088e+07 4.2221547180e-18 7.1765096356e-19 -4.1580874175e+03 -3.6290688045e+02 -4.6638869707e+09 -1.0129035072e+07 1.2011030706e+06 5.1296791209e+02 0.0000000000e+00 -0.0000000000e+00
1.4933419143e+05 1.3911069440e-13 1.0070907952e-14 3.8467196538e+07 1.4026152186e+07 4.3776039413e-18 7.7319697576e-19 -4.2673042129e+03 -4.0193285513e+02 -4.6638867149e+09 -1.0129035072e+07 1.2011030706e+06 4.8082284965e+02 0.0000000000e+00 -0.0000000000e+00
1.4981501428e+05 1.4125348005e-13 1.0456700824e-14 3.6388727431e+07 1.3823041923e+07 4.5379596968e-18 8.3288619007e-19 -4.3799682802e+03 -4.4386979488e+02 -4.6638864328e+09 -1.0129035072e+07 1.2011030706e+06 4.5009903874e+02 0.0000000000e+00 -0.0000000000e+00
1.5026511331e+05 1.4333261388e-13 1.0845678742e-14 3.4391591409e+07 1.3613352418e+07 4.7032673254e-18 8.9699764335e-19 -4.4961114753e+03 -4.8891374771e+02 -4.6638861227e+09 -1.0129035072e+07 1.2011030706e+06 4.2083528371e+02 0.0000000000e+00 -0.0000000000e+00
1.5068594860e+05 1.4534716901e-13 1.1237315897e-14 3.2474699812e+07 1.3397659414e+07 4.8735725726e-18 9.6583008836e-19 -4.6157659384e+03 -5.3727461377e+02 -4.6638857828e+09 -1.0129035072e+07 1.2011030706e+06 3.9304728897e+02 0.0000000000e+00 -0.0000000000e+00
1.5107899589e+05 1.4729661230e-13 1.1631113540e-14 3.0636668620e+07 1.3176521859e+07 5.0489202127e-18 1.0397033286e-18 -4.7389631274e+03 -5.8917708330e+02 -4.6638854111e+09 -1.0129035072e+07 1.2011030706e+06 3.6673219755e+02 0.0000000000e+00 -0.0000000000e+00
1.5144572808e+05 1.4918075840e-13 1.2026600211e-14 2.8875872881e+07 1.2950479126e+07 5.2293526523e-18 1.1189596769e-18 -4.8657328367e+03 -6.4486166115e+02 -4.6638850057e+09 -1.0129035072e+07 1.2011030706e+06 3.4187237489e+02 0.0000000000e+00 -0.0000000000e+00
1.5178760046e+05 1.5099972804e-13 1.2423331937e-14 2.7190493589e+07 1.2720048784e+07 5.4149084791e-18 1.2039655454e-18 -4.9961021776e+03 -7.0458578430e+02 -4.6638845643e+09 -1.0129035072e+07 1.2011030706e+06 3.1843856422e+02 0.0000000000e+00 -0.0000000000e+00
1.5210603902e+05 1.5275391030e-13 1.2820892377e-14 2.5578558079e+07 1.2485724853e+07 5.6056209269e-18 1.2951131794e-18 -5.1300944997e+03 -7.6862503959e+02 -4.6638840849e+09 -1.0129035072e+07 1.2011030706e+06 2.9639251770e+02 0.0000000000e+00 -0.0000000000e+00
1.5240243154e+05 1.5444392827e-13 1.3218892939e-14 2.4037974843e+07 1.2247976454e+07 5.8015162220e-18 1.3928225454e-18 -5.2677282295e+03 -8.3727449063e+02 -4.6638835649e+09 -1.0129035072e+07 1.2011030706e+06 2.7568918831e+02 0.0000000000e+00 -0.0000000000e+00
1.5267812073e+05 1.5607060793e-13 1.3616972832e-14 2.2566563501e+07 1.2007246808e+07 6.0026117833e-18 1.4975433908e-18 -5.4090156050e+03 -9.1085012464e+02 -4.6638830019e+09 -1.0129035072e+07 1.2011030706e+06 2.5627855085e+02 0.0000000000e+00 -0.0000000000e+00
1.5293439928e+05 1.5763494994e-13 1.4014799089e-14 2.1162080571e+07 1.1763952520e+07 6.2089142380e-18 1.6097574910e-18 -5.5539612826e+03 -9.8969043124e+02 -4.6638823934e+09 -1.0129035072e+07 1.2011030706e+06 2.3810711032e+02 0.0000000000e+00 -0.0000000000e+00
1.5317250639e+05 1.5913810403e-13 1.4412066544e-14 1.9822241570e+07 1.1518483101e+07 6.4204172183e-18 1.7299811046e-18 -5.7025607883e+03 -1.0741581277e+03 -4.6638817367e+09 -1.0129035072e+07 1.2011030706e+06 2.2111914662e+02 0.0000000000e+00 -0.0000000000e+00
1.5339362554e+05 1.6058134591e-13 1.4808497802e-14 1.8544739911e+07 1.1271200679e+07 6.6370988953e-18 1.8587676619e-18 -5.8547987853e+03 -1.1646420478e+03 -4.6638810288e+09 -1.0129035072e+07 1.2011030706e+06 2.0525773586e+02 0.0000000000e+00 -0.0000000000e+00
1.5359888327e+05 1.6196605639e-13 1.5203843193e-14 1.7327262995e+07 1.1022439858e+07 6.8589192043e-18 1.9967107130e-18 -6.0106471248e+03 -1.2615592126e+03 -4.6638802669e+09 -1.0129035072e+07 1.2011030706e+06 1.9046558239e+02 0.0000000000e+00 -0.0000000000e+00
1.5378934886e+05 1.6329370259e-13 1.5597880738e-14 1.6167505856e+07 1.0772507691e+07 7.0858167037e-18 2.1444471690e-18 -6.1700626385e+03 -1.3653571085e+03 -4.6638794479e+09 -1.0129035072e+07 1.2011030706e+06 1.7668569231e+02 0.0000000000e+00 -0.0000000000e+00
1.5396603455e+05 1.6456582111e-13 1.5990416146e-14 1.5063182636e+07 1.0521683722e+07 7.3177050058e-18 2.3026608745e-18 -6.3329846314e+03 -1.4765161967e+03 -4.6638785685e+09 -1.0129035072e+07 1.2011030706e+06 1.6386191235e+02 0.0000000000e+00 -0.0000000000e+00
1.5412989646e+05 1.6578400293e-13 1.6381282864e-14 1.4012036179e+07 1.0270220076e+07 7.5544687013e-18 2.4720865580e-18 -6.4993320185e+03 -1.5955526887e+03 -4.6638776255e+09 -1.0129035072e+07 1.2011030706e+06 1.5193935545e+02 0.0000000000e+00 -0.0000000000e+00
1.5428183582e+05 1.6694987998e-13 1.6770342202e-14 1.3011845966e+07 1.0018341542e+07 7.7959586871e-18 2.6535142138e-18 -6.6690000414e+03 -1.7230216252e+03 -4.6638766155e+09 -1.0129035072e+07 1.2011030706e+06 1.4086473164e+02 0.0000000000e+00 -0.0000000000e+00
1.5442270055e+05 1.6806511323e-13 1.7157483559e-14 1.2060434583e+07 9.7662456455e+06 8.0419867873e-18 2.8477939807e-18 -6.8418564902e+03 -1.8595203038e+03 -4.6638755349e+09 -1.0129035072e+07 1.2011030706e+06 1.3058660036e+02 0.0000000000e+00 -0.0000000000e+00
1.5455328715e+05 1.6913138215e-13 1.7542624797e-14 1.1155672910e+07 9.5141026446e+06 8.2923195359e-18 3.0558415973e-18 -7.0177373342e+03 -2.0056921116e+03 -4.6638743803e+09 -1.0129035072e+07 1.2011030706e+06 1.2105555672e+02 0.0000000000e+00 -0.0000000000e+00
1.5467434270e+05 1.7015037548e-13 1.7925712786e-14 1.0295484184e+07 9.2620554360e+06 8.5466709562e-18 3.2786445309e-18 -7.1964416498e+03 -2.1622308316e+03 -4.6638731481e+09 -1.0129035072e+07 1.2011030706e+06 1.1222436399e+02 0.0000000000e+00 -0.0000000000e+00
1.5478656707e+05 1.7112378323e-13 1.8306724182e-14 9.4778470527e+06 9.0102193152e+06 8.8046941390e-18 3.5172688965e-18 -7.3777257024e+03 -2.3298855034e+03 -4.6638718346e+09 -1.0129035072e+07 1.2011030706e+06 1.0404804213e+02 0.0000000000e+00 -0.0000000000e+00
1.5489061511e+05 1.7205328972e-13 1.8685666483e-14 8.7007977599e+06 8.7586815504e+06 9.0659713664e-18 3.7728673148e-18 -7.5612960086e+03 -2.5094659451e+03 -4.6638704364e+09 -1.0129035072e+07 1.2011030706e+06 9.6483921129e+01 0.0000000000e+00 -0.0000000000e+00
1.5498709903e+05 1.7294056767e-13 1.9062579456e-14 7.9624315303e+06 8.5075007105e+06 9.3300024695e-18 4.0466878929e-18 -7.7468011553e+03 -2.7018490618e+03 -4.6638689500e+09 -1.0129035072e+07 1.2011030706e+06 8.9491667091e+01 9.8180985445e-313 -6.8469241443e-305
1.5507659070e+05 1.7378727331e-13 1.9437537006e-14 7.2609032546e+06 8.2567056782e+06 9.5961910190e-18 4.3400845600e-18 -7.9338220986e+03 -2.9079861084e+03 -4.6638673723e+09 -1.0129035072e+07 1.2011030706e+06 8.3033287448e+01 2.8176313902e-273 -2.0237554741e-265
1.5515962399e+05 1.7459504233e-13 1.9810649628e-14 6.5944275286e+06 8.0062942619e+06 9.8638278367e-18 4.6545290557e-18 -8.1218605780e+03 -3.1289111117e+03 -4.6638657003e+09 -1.0129035072e+07 1.2011030706e+06 7.7073122541e+01 6.9313852432e-236 -5.1279498105e-228
1.5523669711e+05 1.7536548671e-13 2.0182067577e-14 5.9612780930e+06 7.7562312938e+06 1.0132071161e-17 4.9916249563e-18 -8.3103251821e+03 -3.3657507257e+03 -4.6638639316e+09 -1.0129035072e+07 1.2011030706e+06 7.1577829001e+01 1.8471586110e-200 -1.4077435352e-192
1.5530827494e+05 1.7610019242e-13 2.0551984987e-14 5.3597867012e+06 7.5064460676e+06 1.0399922594e-17 5.3531242425e-18 -8.4985144475e+03 -3.6197358713e+03 -4.6638620645e+09 -1.0129035072e+07 1.2011030706e+06 6.6516361605e+01 6.6818638831e-167 -5.2463877818e-159
1.5537479130e+05 1.7680071793e-13 2.0920645193e-14 4.7883414199e+06 7.2568289211e+06 1.0666197653e-17 5.7409470764e-18 -8.6855961715e+03 -3.8922156317e+03 -4.6638600979e+09 -1.0129035072e+07 1.2011030706e+06 6.1859960171e+01 4.0768660003e-135 -3.2982449943e-127
1.5543665126e+05 1.7746859359e-13 2.1288347655e-14 4.2453843410e+06 7.0072266960e+06 1.0929489359e-17 6.1572056856e-18 -8.8705818263e+03 -4.1846740334e+03 -4.6638580323e+09 -1.0129035072e+07 1.2011030706e+06 5.7582149607e+01 5.1710764014e-105 -4.3110645330e-97
1.5549423341e+05 1.7810532195e-13 2.1655456995e-14 3.7294086505e+06 6.7574367102e+06 1.1188122666e-17 6.6042335796e-18 -9.0522945450e+03 -4.4987505726e+03 -4.6638558696e+09 -1.0129035072e+07 1.2011030706e+06 5.3658763255e+01 1.6674049084e-76 -1.4326789715e-68
1.5554789217e+05 1.7871237904e-13 2.2022414899e-14 3.2389549521e+06 6.5071987220e+06 1.1440096697e-17 7.0846217963e-18 -9.2293285350e+03 -4.8362656820e+03 -4.6638536141e+09 -1.0129035072e+07 1.2011030706e+06 5.0068003139e+01 1.6589360808e-49 -1.4692761853e-41
1.5559796018e+05 1.7929121690e-13 2.2389755945e-14 2.7726066853e+06 6.2561841463e+06 1.1683010410e-17 7.6012645688e-18 -9.3999968522e+03 -5.1992528158e+03 -4.6638512732e+09 -1.0129035072e+07 1.2011030706e+06 4.6790556562e+01 6.1375863108e-24 -5.6040849472e-16
1.5560351827e+05 1.7935622809e-13 2.2432176525e-14 2.7203072795e+06 6.2271653394e+06 1.1710318736e-17 7.6633277913e-18 -9.4191833606e+03 -5.2428577058e+03 -4.6638512731e+09 -1.0129035072e+07 1.2011030706e+06 2.7790489355e+01 4.4520612041e-21 -4.0794267021e-13
1.5563130876e+05 1.7968356735e-13 2.2649613507e-14 2.4572059914e+06 6.0783236441e+06 1.1847461176e-17 7.9895030247e-18 -9.5155380234e+03 -5.4720245862e+03 -4.6638513243e+09 -1.0129035055e+07 1.2011030808e+06 4.4065890310e+01 1.0391384370e-06 -9.6953873459e+01
1.5563571535e+05 1.7973582227e-13 2.2684939295e-14 2.4152411811e+06 6.0541268392e+06 1.1869261034e-17 8.0437859720e-18 -9.5308541996e+03 -5.5101630612e+03 -4.6638672363e+09 -1.0129033803e+07 1.2011038041e+06 9.4652208923e+00 2.0174788354e-04 -1.8878938531e+04
1.5563719445e+05 1.7975338344e-13 2.2696850395e-14 2.4011403529e+06 6.0459672464e+06 1.1876579237e-17 8.0621713808e-18 -9.5359951723e+03 -5.5230800218e+03 -4.6639441309e+09 -1.0129027761e+07 1.2011073008e+06 4.9211781170e+00 1.1842119088e-03 -1.1092477183e+05
1.5563933886e+05 1.7977886309e-13 2.2714167717e-14 2.3806832676e+06 6.0341033230e+06 1.1887189592e-17 8.0889758905e-18 -9.5434395830e+03 -5.5419065787e+03 -4.6650606631e+09 -1.0128940214e+07 1.2011580992e+06 3.1665546012e+00 1.5428208524e-02 -1.4472387531e+06
1.5564098838e+05 1.7979847798e-13 2.2727527736e-14 2.3649364824e+06 6.0249498521e+06 1.1895351223e-17 8.1097153995e-18 -9.5491046648e+03 -5.5564376848e+03 -4.6725733261e+09 -1.0128352147e+07 1.2015000451e+06 2.0212901791e+00 1.1125600221e-01 -1.0447875548e+07
1.5564228523e+05 1.7981390866e-13 2.2738055461e-14 2.3525499168e+06 6.0177365950e+06 1.1901767693e-17 8.1260952404e-18 -9.5533135349e+03 -5.5677716572e+03 -4.7051139784e+09 -1.0125808382e+07 1.2029816898e+06 1.4244895336e+00 5.2615725807e-01 -4.9452372470e+07
1.5564331263e+05 1.7982613915e-13 2.2746410901e-14 2.3427333820e+06 6.0120117867e+06 1.1906850766e-17 8.1391185566e-18 -9.5559650061e+03 -5.5763851876e+03 -4.8052349140e+09 -1.0117989775e+07 1.2075419258e+06 1.0804914987e+00 1.8020708369e+00 -1.6947425641e+08
1.5564415259e+05 1.7983614211e-13 2.2753251871e-14 2.3347063735e+06 6.0073251906e+06 1.1911006256e-17 8.1497966790e-18 -9.5566302331e+03 -5.5825711755e+03 -5.0507936592e+09 -1.0098827618e+07 1.2187307751e+06 8.6556673908e-01 4.9292754544e+00 -4.6372437261e+08
1.5564485995e+05 1.7984456879e-13 2.2759019951e-14 2.3279469050e+06 6.0033748698e+06 1.1914505637e-17 8.1588108684e-18 -9.5543527947e+03 -5.5861364536e+03 -5.5668698381e+09 -1.0058571090e+07 1.2422586505e+06 7.2124247564e-01 1.1494734396e+01 -1.0813572791e+09
1.5564547104e+05 1.7985185053e-13 2.2764008087e-14 2.3221101040e+06 5.9999609768e+06 1.1917528588e-17 8.1666141103e-18 -9.5475454740e+03 -5.5863948945e+03 -6.5400110474e+09 -9.9826557984e+06 1.2866628638e+06 6.1921168315e-01 2.3853931742e+01 -2.2428732097e+09
1.5564601092e+05 1.7985828524e-13 2.2768418908e-14 2.3169588705e+06 5.9969459096e+06 1.1920199149e-17 8.1735203413e-18 -9.5338266422e+03 -5.5821188185e+03 -8.2380309639e+09 -9.8500971413e+06 1.3642535206e+06 5.4482879476e-01 4.5358811735e+01 -4.2594784635e+09
1.5564649821e+05 1.7986409443e-13 2.2772403309e-14 2.3123184007e+06 5.9942280575e+06 1.1922609489e-17 8.1797638277e-18 -9.5097130624e+03 -5.5713901796e+03 -1.1043269656e+10 -9.6307371602e+06 1.4927330528e+06 4.9029144433e-01 8.0723985132e+01 -7.5624937520e+09
1.5564698850e+05 1.7986994057e-13 2.2776415319e-14 2.3076656893e+06 5.9915013682e+06 1.1925034570e-17 8.1860552744e-18 -9.4652694555e+03 -5.5487652908e+03 -1.6043022161e+10 -9.2384839210e+06 1.7226171271e+06 4.5032785088e-01 1.4326161266e+02 -1.3360605819e+10
1.5564743883e+05 1.7987531125e-13 2.2780103030e-14 2.3034178796e+06 5.9890104946e+06 1.1927261885e-17 8.1918422896e-18 -9.3938826289e+03 -5.5100519567e+03 -2.3900931040e+10 -8.6183943658e+06 2.0862405211e+06 4.2913619977e-01 2.4027466207e+02 -2.2242299665e+10
1.5564786796e+05 1.7988043012e-13 2.2783619631e-14 2.2994088642e+06 5.9866583347e+06 1.1929384297e-17 8.1973644036e-18 -9.2811706100e+03 -5.4469252068e+03 -3.6085570072e+10 -7.6476671656e+06 2.6557959608e+06 4.4680346944e-01 3.8759465810e+02 -3.5454232904e+10
1.5564831477e+05 1.7988576071e-13 2.2787283528e-14 2.2953010776e+06 5.9842468654e+06 1.1931593989e-17 8.2031214768e-18 -9.0912327096e+03 -5.3385532633e+03 -5.6190904251e+10 -6.0199987316e+06 3.6113387210e+06 4.9838402927e-01 6.2222285018e+02 -5.5759761899e+10
1.5564863797e+05 1.7988961734e-13 2.2789935506e-14 2.2923938679e+06 5.9825393299e+06 1.1933192362e-17 8.2072907675e-18 -8.8876955346e+03 -5.2212749302e+03 -7.7224040807e+10 -4.2803872561e+06 4.6331035572e+06 3.3999424652e-01 8.5601085073e+02 -7.5001245722e+10
1.5564893449e+05 1.7989315602e-13 2.2792369721e-14 2.2897939476e+06 5.9810116427e+06 1.1934658726e-17 8.2111192789e-18 -8.6371252071e+03 -5.0761253290e+03 -1.0243353849e+11 -2.1417823471e+06 5.8897390373e+06 2.9924307788e-01 1.1197560166e+03 -9.5353745999e+10
1.5564923374e+05 1.7989672760e-13 2.2794827420e-14 2.2872562378e+06 5.9795198941e+06 1.1936138497e-17 8.2149861562e-18 -8.3106083351e+03 -4.8862918456e+03 -1.3417951713e+11 6.4244825414e+05 7.5264166374e+06 2.8699880215e-01 1.4248132110e+03 -1.1675702042e+11
1.5564952074e+05 1.7990015347e-13 2.2797185644e-14 2.2849251877e+06 5.9781490483e+06 1.1937557676e-17 8.2186977602e-18 -7.9209689313e+03 -4.6591717606e+03 -1.7044705054e+11 3.9628585231e+06 9.4791030589e+06 3.3478548149e-01 1.7334921379e+03 -1.3540655169e+11
1.5564978422e+05 1.7990329902e-13 2.2799351605e-14 2.2828926277e+06 5.9769532414e+06 1.1938860550e-17 8.2221077135e-18 -7.4970230719e+03 -4.4116091541e+03 -2.0792290835e+11 7.5741790935e+06 1.1603749456e+07 2.7279570838e-01 2.0034799137e+03 -1.4813546407e+11
1.5564999885e+05 1.7990586151e-13 2.2801116572e-14 2.2813245809e+06 5.9760303676e+06 1.1939921793e-17 8.2248869535e-18 -7.1091116102e+03 -4.1848167673e+03 -2.4040641720e+11 1.0877764263e+07 1.3548082365e+07 2.1837566017e-01 2.1928468968e+03 -1.5376170680e+11
1.5565019465e+05 1.7990819953e-13 2.2802727313e-14 2.2799695236e+06 5.9752325730e+06 1.1940889972e-17 8.2274237287e-18 -6.7278249076e+03 -3.9617140179e+03 -2.7065490736e+11 1.4124483196e+07 1.5459605355e+07 1.9684487098e-01 2.3276354275e+03 -1.5447283253e+11
1.5565039150e+05 1.7991055012e-13 2.2804347090e-14 2.2786845433e+06 5.9744757718e+06 1.1941863263e-17 8.2299750472e-18 -6.3254103725e+03 -3.7260972714e+03 -3.0077423151e+11 1.7550819242e+07 1.7477584175e+07 1.8511351367e-01 2.4172995166e+03 -1.5084193223e+11
1.5565057661e+05 1.7991276081e-13 2.2805870792e-14 2.2775494926e+06 5.9738070312e+06 1.1942778535e-17 8.2323752634e-18 -5.9368788027e+03 -3.4984921152e+03 -3.2809625141e+11 2.0858803588e+07 1.9426562094e+07 1.7967280733e-01 2.4553150035e+03 -1.4381653873e+11
1.5565075629e+05 1.7991490668e-13 2.2807350135e-14 2.2765169033e+06 5.9731984340e+06 1.1943666893e-17 8.2347057596e-18 -5.5573963405e+03 -3.2760982325e+03 -3.5311502281e+11 2.4089709788e+07 2.1330827820e+07 1.7905719199e-01 2.4491002534e+03 -1.3429608303e+11
1.5565093534e+05 1.7991704536e-13 2.2808824827e-14 2.2755554100e+06 5.9726315207e+06 1.1944552194e-17 8.2370290281e-18 -5.1832886815e+03 -3.0567829927e+03 -3.7616738807e+11 2.7274911913e+07 2.3208881917e+07 1.8306301400e-01 2.4037653308e+03 -1.2294975761e+11
1.5565111841e+05 1.7991923205e-13 2.2810332940e-14 2.2746408245e+06 5.9720920392e+06 1.1945457290e-17 8.2394050010e-18 -4.8108782464e+03 -2.8384052065e+03 -3.9752577647e+11 3.0445805844e+07 2.5079282411e+07 1.9337705757e-01 2.3228005095e+03 -1.1028482201e+11
1.5565131178e+05 1.7992154212e-13 2.2811926494e-14 2.2737472662e+06 5.9715647135e+06 1.1946413369e-17 8.2419155825e-18 -4.4339502214e+03 -2.6173316067e+03 -4.1752875104e+11 3.3655403758e+07 2.6973401202e+07 2.1741750145e-01 2.2075273922e+03 -9.6612355358e+10
1.5565152920e+05 1.7992413959e-13 2.2813718738e-14 2.2728270813e+06 5.9710213723e+06 1.1947488293e-17 8.2447391157e-18 -4.0355703428e+03 -2.3836380170e+03 -4.3690487962e+11 3.7048052173e+07 2.8976658855e+07 4.1026902722e-01 2.0529756268e+03 -8.1788757725e+10
1.5565173618e+05 1.7992661256e-13 2.2815425493e-14 2.2720286203e+06 5.9705496087e+06 1.1948511590e-17 8.2474278257e-18 -3.6846439576e+03 -2.1777604179e+03 -4.5247039894e+11 4.0037037576e+07 3.0742675423e+07 2.2096318477e-01 1.8923660088e+03 -6.8845856705e+10
1.5565193217e+05 1.7992895445e-13 2.2817042158e-14 2.2713368283e+06 5.9701406021e+06 1.1949480555e-17 8.2499744245e-18 -3.3792044675e+03 -1.9985628235e+03 -4.6487291468e+11 4.2639059900e+07 3.2281063264e+07 1.9696700218e-01 1.7365607725e+03 -5.7950393926e+10
1.5565212914e+05 1.7993130820e-13 2.2818667382e-14 2.2706992974e+06 5.9697634138e+06 1.1950454340e-17 8.2525342725e-18 -3.0986408950e+03 -1.8339642223e+03 -4.7532618596e+11 4.5029665713e+07 3.3695438786e+07 1.8706245568e-01 1.5824162464e+03 -4.8431277200e+10
1.5565231620e+05 1.7993354377e-13 2.2820211349e-14 2.2701427085e+06 5.9694338701e+06 1.1951379151e-17 8.2549658728e-18 -2.8559665899e+03 -1.6916060689e+03 -4.8364262792e+11 4.7097920276e+07 3.4920004607e+07 1.8272522147e-01 1.4421381922e+03 -4.0689156888e+10
1.5565249892e+05 1.7993572767e-13 2.2821719957e-14 2.2696408786e+06 5.9691365182e+06 1.1952282513e-17 8.2573415057e-18 -2.6401484534e+03 -1.5650193429e+03 -4.9047376053e+11 4.8937769312e+07 3.6010179058e+07 1.8127126439e-01 1.3131520900e+03 -3.4257193856e+10
1.5565268019e+05 1.7993789435e-13 2.2823216989e-14 2.2691802251e+06 5.9688633400e+06 1.1953178681e-17 8.2596986072e-18 -2.4454257214e+03 -1.4508271041e+03 -4.9618089304e+11 5.0598264448e+07 3.6994889697e+07 1.8156044869e-01 1.1942714421e+03 -2.8864374655e+10
1.5565286176e+05 1.7994006466e-13 2.2824716838e-14 2.2687525742e+06 5.9686095087e+06 1.1954076273e-17 8.2620598128e-18 -2.2682681748e+03 -1.3469604077e+03 -5.0099730261e+11 5.2109464015e+07 3.7891857737e+07 1.8308612489e-01 1.0847871932e+03 -2.4324705524e+10
1.5565304484e+05 1.7994225337e-13 2.2826229724e-14 2.2683523638e+06 5.9683717370e+06 1.1954981403e-17 8.2644411833e-18 -2.1062053532e+03 -1.2519716601e+03 -5.0508977525e+11 5.3492403434e+07 3.8713483636e+07 1.8556972792e-01 9.8412523406e+02 -2.0496173170e+10
1.5565323041e+05 1.7994447194e-13 2.2827763579e-14 2.2679755531e+06 5.9681476341e+06 1.1955898806e-17 8.2668551655e-18 -1.9573798726e+03 -1.1647726893e+03 -5.0858419620e+11 5.4762898755e+07 3.9469091189e+07 1.8884711274e-01 8.9175776145e+02 -1.7265021397e+10
1.5565341926e+05 1.7994672986e-13 2.2829324982e-14 2.2676190656e+06 5.9679353769e+06 1.1956832408e-17 8.2693120774e-18 -1.8203231617e+03 -1.0845032570e+03 -5.1157902011e+11 5.5933456266e+07 4.0166054042e+07 1.9281585094e-01 8.0717297435e+02 -1.4537688102e+10
1.5565361207e+05 1.7994903542e-13 2.2830919679e-14 2.2672804796e+06 5.9677335274e+06 1.1957785626e-17 8.2718209093e-18 -1.6938323288e+03 -1.0104588739e+03 -5.1415312278e+11 5.7014320964e+07 4.0810414042e+07 1.9741001683e-01 7.2986755170e+02 -1.2236102066e+10
1.5565380948e+05 1.7995139610e-13 2.2832552872e-14 2.2669578396e+06 5.9675409214e+06 1.1958761552e-17 8.2743897977e-18 -1.5768962923e+03 -9.4204750311e+02 -5.1637078492e+11 5.8014105503e+07 4.1407252096e+07 2.0258674246e-01 6.5934709631e+02 -1.0294591765e+10
1.5565401207e+05 1.7995381889e-13 2.2834229421e-14 2.2666495354e+06 5.9673565969e+06 1.1959763066e-17 8.2770263244e-18 -1.4686484908e+03 -8.7876184314e+02 -5.1828505782e+11 5.8940192859e+07 4.1960925543e+07 2.0831852477e-01 5.9512913358e+02 -8.6576694337e+09
1.5565422039e+05 1.7995631044e-13 2.2835953962e-14 2.2663542192e+06 5.9671797455e+06 1.1960792913e-17 8.2797377158e-18 -1.3683349941e+03 -8.2016064211e+02 -5.1994014621e+11 5.9799007824e+07 4.2475228181e+07 2.1458845434e-01 5.3674652827e+02 -7.2783412835e+09
1.5565443498e+05 1.7995887720e-13 2.2837730997e-14 2.2660707484e+06 5.9670096784e+06 1.1961853752e-17 8.2825309807e-18 -1.2752921233e+03 -7.6585558291e+02 -5.2137315789e+11 6.0596207558e+07 4.2953502562e+07 2.2138722002e-01 4.8375052613e+02 -6.1167642006e+09
1.5565465636e+05 1.7996152552e-13 2.2839564963e-14 2.2657981438e+06 5.9668458011e+06 1.1962948198e-17 8.2854130084e-18 -1.1889301494e+03 -7.1550173217e+02 -5.2261542680e+11 6.1336820370e+07 4.3398721763e+07 2.2871102260e-01 4.3571311704e+02 -5.1391471639e+09
1.5565488508e+05 1.7996426171e-13 2.2841460269e-14 2.2655355580e+06 5.9666875959e+06 1.1964078847e-17 8.2883906410e-18 -1.1087210965e+03 -6.6879039306e+02 -5.2369353659e+11 6.2025349556e+07 4.3813550567e+07 2.3656013373e-01 3.9222870406e+02 -4.3168370440e+09
1.5565512164e+05 1.7996709207e-13 2.2843421336e-14 2.2652822523e+06 5.9665346069e+06 1.1965248296e-17 8.2914707254e-18 -1.0341893654e+03 -6.2544361051e+02 -5.2463012767e+11 6.2665853220e+07 4.4200392483e+07 2.4493784028e-01 3.5291512239e+02 -3.6255489653e+09
1.5565536657e+05 1.7997002296e-13 2.2845452621e-14 2.2650375784e+06 5.9663864296e+06 1.1966459158e-17 8.2946601530e-18 -9.6490436339e+02 -5.8520985109e+02 -5.2544454345e+11 6.3262007004e+07 4.4561426700e+07 2.5384959359e-01 3.1741410161e+02 -3.0447139222e+09
1.5565562042e+05 1.7997306080e-13 2.2847558637e-14 2.2648009636e+06 5.9662427022e+06 1.1967714073e-17 8.2979658878e-18 -9.0047460795e+02 -5.4786054538e+02 -5.2615335418e+11 6.3817154279e+07 4.4898637646e+07 2.6330235300e-01 2.8539127637e+02 -2.5569236633e+09
1.5565588373e+05 1.7997621210e-13 2.2849743962e-14 2.2645719002e+06 5.9661030986e+06 1.1969015717e-17 8.3013949856e-18 -8.4054291728e+02 -5.1318726596e+02 -5.2677078611e+11 6.4334347062e+07 4.5213839093e+07 2.7330401576e-01 2.5653583248e+02 -2.1474572265e+09
1.5565615703e+05 1.7997948347e-13 2.2852013253e-14 2.2643499355e+06 5.9659673232e+06 1.1970366801e-17 8.3049546063e-18 -7.8478243142e+02 -4.8099939081e+02 -5.2730907612e+11 6.4816379870e+07 4.5508694087e+07 2.8386290951e-01 2.3055987439e+02 -1.8038767974e+09
1.5565644089e+05 1.7998288161e-13 2.2854371247e-14 2.2641346646e+06 5.9658351055e+06 1.1971770082e-17 8.3086520199e-18 -7.3289327553e+02 -4.5112214145e+02 -5.2777876695e+11 6.5265818090e+07 4.5784731660e+07 2.9498735125e-01 2.0719758537e+02 -1.5156827009e+09
1.5565673588e+05 1.7998641335e-13 2.2856822761e-14 2.2639257245e+06 5.9657061971e+06 1.1973228356e-17 8.3124946054e-18 -6.8459972384e+02 -4.2339491273e+02 -5.2818895432e+11 6.5685022089e+07 4.6043361025e+07 3.0668519559e-01 1.8620423815e+02 -1.2740189696e+09
1.5565704257e+05 1.7999008559e-13 2.2859372692e-14 2.2637227882e+06 5.9655803680e+06 1.1974744457e-17 8.3164898459e-18 -6.3964776928e+02 -3.9766983862e+02 -5.2854749504e+11 6.6076167859e+07 4.6285883731e+07 3.1896344383e-01 1.6735510830e+02 -1.0714222988e+09
1.5565736153e+05 1.7999390535e-13 2.2862026011e-14 2.2635255608e+06 5.9654574038e+06 1.1976321255e-17 8.3206453164e-18 -5.9780301463e+02 -3.7381054443e+02 -5.2886118291e+11 6.6441264913e+07 4.6513504202e+07 3.3182782828e-01 1.5044432691e+02 -9.0160815615e+08
1.5565769336e+05 1.7999787970e-13 2.2864787750e-14 2.2633337760e+06 5.9653371037e+06 1.1977961649e-17 8.3249686679e-18 -5.5884883272e+02 -3.5169105459e+02 -5.2913589792e+11 6.6782171889e+07 4.6727338921e+07 3.4528248458e-01 1.3528370698e+02 -7.5928876887e+08
1.5565803864e+05 1.8000201577e-13 2.2867662993e-14 2.2631471922e+06 5.9652192781e+06 1.1979668556e-17 8.3294676064e-18 -5.2258474151e+02 -3.3119482425e+02 -5.2937673342e+11 6.7100610314e+07 4.6928424539e+07 3.5932956441e-01 1.2170156499e+02 -6.4001837696e+08
1.5565839797e+05 1.8000632074e-13 2.2870656858e-14 2.2629655902e+06 5.9651037467e+06 1.1981444906e-17 8.3341498669e-18 -4.8882496943e+02 -3.1221388011e+02 -5.2958810449e+11 6.7398176740e+07 4.7117725024e+07 3.7396897831e-01 1.0954156123e+02 -5.4006185576e+08
1.5565877194e+05 1.8001080177e-13 2.2873774483e-14 2.2627887706e+06 5.9649903374e+06 1.1983293628e-17 8.3390231843e-18 -4.5739717217e+02 -2.9464804776e+02 -5.2977384082e+11 6.7676353585e+07 4.7296138051e+07 3.8919810041e-01 9.8661569255e+01 -4.5628327161e+08
1.5565916114e+05 1.8001546602e-13 2.2877021002e-14 2.2626165514e+06 5.9648788844e+06 1.1985217639e-17 8.3440952603e-18 -4.2814128781e+02 -2.7840425787e+02 -5.2993726629e+11 6.7936518792e+07 4.7464500703e+07 4.0501161778e-01 8.8932588649e+01 -3.8605147896e+08
1.5565956615e+05 1.8002032058e-13 2.2880401526e-14 2.2624487665e+06 5.9647692272e+06 1.1987219827e-17 8.3493737283e-18 -4.0090850500e+02 -2.6339591655e+02 -5.3008126728e+11 6.8179954516e+07 4.7623594615e+07 4.2140137246e-01 8.0237705831e+01 -3.2716022063e+08
1.5565998755e+05 1.8002537245e-13 2.2883921121e-14 2.2622852630e+06 5.9646612092e+06 1.1989303044e-17 8.3548661162e-18 -3.7556033676e+02 -2.4954233553e+02 -5.3020835154e+11 6.8407854915e+07 4.7774150594e+07 4.3835643461e-01 7.2471110232e+01 -2.7776059048e+08
1.5566042591e+05 1.8003062851e-13 2.2887584783e-14 2.2621259005e+06 5.9645546770e+06 1.1991470084e-17 8.3605798107e-18 -3.5196777896e+02 -2.3676821049e+02 -5.3032069886e+11 6.8621333223e+07 4.7916852840e+07 4.5586309664e-01 6.5537165786e+01 -2.3630398561e+08
1.5566088177e+05 1.8003609550e-13 2.2891397417e-14 2.2619705486e+06 5.9644494792e+06 1.1993723678e-17 8.3665220202e-18 -3.3001055625e+02 -2.2500314900e+02 -5.3042020474e+11 6.8821428074e+07 4.8052342738e+07 4.7390514379e-01 5.9349542811e+01 -2.0149398804e+08
1.5566135567e+05 1.8004177994e-13 2.2895363818e-14 2.2618190860e+06 5.9643454659e+06 1.1996066472e-17 8.3726997430e-18 -3.0957643699e+02 -2.1418123801e+02 -5.3050851819e+11 6.9009109254e+07 4.8181222342e+07 4.9246421386e-01 5.3830406919e+01 -1.7224579764e+08
1.5566184814e+05 1.8004768817e-13 2.2899488654e-14 2.2616713989e+06 5.9642424875e+06 1.1998501025e-17 8.3791197385e-18 -2.9056061394e+02 -2.0424064937e+02 -5.3058707435e+11 6.9185282901e+07 4.8304057559e+07 5.1152017788e-01 4.8909665130e+01 -1.4765206823e+08
1.5566235966e+05 1.8005382629e-13 2.2903776449e-14 2.2615273799e+06 5.9641403947e+06 1.2001029796e-17 8.3857885048e-18 -2.7286514889e+02 -1.9512328263e+02 -5.3065712273e+11 6.9350796174e+07 4.8421381048e+07 5.3105180136e-01 4.4524268361e+01 -1.2695416494e+08
1.5566289071e+05 1.8006020016e-13 2.2908231575e-14 2.2613869262e+06 5.9640390376e+06 1.2003655138e-17 8.3927122635e-18 -2.5639846896e+02 -1.8677443877e+02 -5.3071975166e+11 6.9506441500e+07 4.8533694908e+07 5.5103738562e-01 4.0617566081e+01 -1.0951799356e+08
1.5566344175e+05 1.8006681537e-13 2.2912858253e-14 2.2612499394e+06 5.9639382652e+06 1.2006379300e-17 8.3998969545e-18 -2.4107491522e+02 -1.7914252554e+02 -5.3077590950e+11 6.9652960401e+07 4.8641473145e+07 5.7145557421e-01 3.7138711896e+01 -9.4813696772e+07
1.5566401320e+05 1.8007367729e-13 2.2917660550e-14 2.2611163238e+06 5.9638379256e+06 1.2009204423e-17 8.4073482396e-18 -2.2681433631e+02 -1.7217879099e+02 -5.3082642302e+11 6.9791046955e+07 4.8745163964e+07 5.9228620474e-01 3.4042116388e+01 -8.2398608157e+07
1.5566401320e+05 1.8007367729e-13 2.2917660550e-14 2.2611163238e+06 5.9638379256e+06 1.2009204423e-17 8.4073482396e-18 -2.2681433631e+02 -1.7217879099e+02 -5.3082642302e+11 6.9791046955e+07 4.8745163964e+07 5.9228620474e-01 3.4042116388e+01 -8.2398608157e+07
