0.0000000000e+00 0.0000000000e+00 0.0000000000e+00 3.1415900000e+08 0.0000000000e+00 0.0000000000e+00 0.0000000000e+00 -1.1484039673e+03 3.4809241302e+02 -4.6638893045e+09 -9.7614337216e+06 2.9587855107e+06 1.0000000000e+01 0.0000000000e+00 -0.0000000000e+00
1.0000000000e+01 2.8739996083e-22 1.0615091244e-27 3.1414751576e+08 3.4809241295e+03 5.7480692589e-23 3.1845855811e-28 -1.1484443525e+03 3.4809241280e+02 -4.6638893045e+09 -9.7614337216e+06 2.9587855107e+06 5.0000000000e+01 0.0000000000e+00 -0.0000000000e+00
6.0000000000e+01 1.0347659572e-20 2.2934885171e-25 3.1409008849e+08 2.0885544620e+04 3.4494720976e-22 1.1468700537e-26 -1.1486463231e+03 3.4809240496e+02 -4.6638893045e+09 -9.7614337216e+06 2.9587855107e+06 2.5000000000e+02 0.0000000000e+00 -0.0000000000e+00
3.1000000000e+02 2.7639350628e-19 3.1675521826e-23 3.1380280058e+08 1.0790862578e+05 1.7838584320e-21 3.0671126253e-25 -1.1496572852e+03 3.4809219753e+02 -4.6638893045e+09 -9.7614337216e+06 2.9587855107e+06 1.2500000000e+03 0.0000000000e+00 -0.0000000000e+00
1.5600000000e+03 7.0207299770e-18 4.0644610469e-21 3.1236255713e+08 5.4302130867e+05 9.0181677796e-21 7.8387333294e-24 -1.1547400258e+03 3.4808690562e+02 -4.6638893045e+09 -9.7614337216e+06 2.9587855107e+06 3.6000000000e+03 0.0000000000e+00 -0.0000000000e+00
5.1600000000e+03 7.7500047215e-17 1.5007088383e-19 3.0817878491e+08 1.7960514132e+06 3.0232197454e-20 8.8095163741e-23 -1.1696447535e+03 3.4803051840e+02 -4.6638893044e+09 -9.7614337216e+06 2.9587855107e+06 3.6000000000e+03 0.0000000000e+00 -0.0000000000e+00
8.7600000000e+03 2.2539590617e-16 7.4944622596e-19 3.0394062073e+08 3.0487629860e+06 5.2032433072e-20 2.6095651166e-22 -1.1849613426e+03 3.4790906805e+02 -4.6638893043e+09 -9.7614337216e+06 2.9587855107e+06 3.6000000000e+03 0.0000000000e+00 -0.0000000000e+00
1.2360000000e+04 4.5287486147e-16 2.1494758716e-18 2.9964654242e+08 4.3009120285e+06 7.4450500573e-20 5.3427709263e-22 -1.2007120131e+03 3.4771703622e+02 -4.6638893042e+09 -9.7614337216e+06 2.9587855107e+06 3.6000000000e+03 0.0000000000e+00 -0.0000000000e+00
1.5960000000e+04 7.6222174661e-16 4.7271576854e-18 2.9529494465e+08 5.5522336665e+06 9.7520525727e-20 9.1672565800e-22 -1.2169207413e+03 3.4744833236e+02 -4.6638893041e+09 -9.7614337216e+06 2.9587855107e+06 3.6000000000e+03 0.0000000000e+00 -0.0000000000e+00
1.9560000000e+04 1.1558491375e-15 8.8923167870e-18 2.9088413239e+08 6.8024399616e+06 1.2127939743e-19 1.4178894152e-21 -1.2336134451e+03 3.4709622060e+02 -4.6638893039e+09 -9.7614337216e+06 2.9587855107e+06 3.6000000000e+03 0.0000000000e+00 -0.0000000000e+00
2.3160000000e+04 1.6363078254e-15 1.5091122926e-17 2.8641231349e+08 8.0512174402e+06 1.4576706595e-19 2.0483941197e-21 -1.2508181929e+03 3.4665323541e+02 -4.6638893038e+09 -9.7614337216e+06 2.9587855107e+06 3.6000000000e+03 0.0000000000e+00 -0.0000000000e+00
2.6760000000e+04 2.2062984345e-15 2.3810073448e-17 2.8187759051e+08 9.2982242950e+06 1.7102688174e-19 2.8200431854e-21 -1.2685654423e+03 3.4611108386e+02 -4.6638893036e+09 -9.7614337216e+06 2.9587855107e+06 3.6000000000e+03 0.0000000000e+00 -0.0000000000e+00
3.0360000000e+04 2.8686843422e-15 3.5580516552e-17 2.7727795168e+08 1.0543087207e+07 1.9710598160e-19 3.7459793883e-21 -1.2868883110e+03 3.4546053197e+02 -4.6638893034e+09 -9.7614337216e+06 2.9587855107e+06 3.6000000000e+03 0.0000000000e+00 -0.0000000000e+00
3.3960000000e+04 3.6265060872e-15 5.0983803748e-17 2.7261126076e+08 1.1785397726e+07 2.2405573016e-19 4.8408735270e-21 -1.3058228873e+03 3.4469127223e+02 -4.6638893031e+09 -9.7614337216e+06 2.9587855107e+06 3.6000000000e+03 0.0000000000e+00 -0.0000000000e+00
3.7560000000e+04 4.4829974795e-15 7.0657177872e-17 2.6787524570e+08 1.3024708131e+07 2.5193222638e-19 6.1211453848e-21 -1.3254085856e+03 3.4379176829e+02 -4.6638893028e+09 -9.7614337216e+06 2.9587855107e+06 3.6000000000e+03 0.0000000000e+00 -0.0000000000e+00
4.1160000000e+04 5.4416036696e-15 9.5300524364e-17 2.6306748599e+08 1.4260526693e+07 2.8079688684e-19 7.6052235804e-21 -1.3456885565e+03 3.4274907241e+02 -4.6638893025e+09 -9.7614337216e+06 2.9587855107e+06 3.6000000000e+03 0.0000000000e+00 -0.0000000000e+00
4.4760000000e+04 6.5060014752e-15 1.2568413999e-16 2.5818539833e+08 1.5492312209e+07 3.1071711973e-19 9.3138524695e-21 -1.3667101601e+03 3.4154860985e+02 -4.6638893021e+09 -9.7614337216e+06 2.9587855107e+06 3.6000000000e+03 0.0000000000e+00 -0.0000000000e+00
4.8360000000e+04 7.6801223235e-15 1.6265770597e-16 2.5322622055e+08 1.6719467703e+07 3.4176710715e-19 1.1270456263e-20 -1.3885255159e+03 3.4017392305e+02 -4.6638893016e+09 -9.7614337216e+06 2.9587855107e+06 3.6000000000e+03 0.0000000000e+00 -0.0000000000e+00
5.1960000000e+04 8.9681782361e-15 2.0716069364e-16 2.4818699334e+08 1.7941333114e+07 3.7402871669e-19 1.3501573110e-20 -1.4111921433e+03 3.3860636660e+02 -4.6638893010e+09 -9.7614337216e+06 2.9587855107e+06 3.6000000000e+03 0.0000000000e+00 -0.0000000000e+00
5.5560000000e+04 1.0374691366e-14 2.6023448224e-16 2.4306453948e+08 1.9157176782e+07 4.0759256849e-19 1.6037375234e-20 -1.4347737107e+03 3.3682474186e+02 -4.6638893003e+09 -9.7614337216e+06 2.9587855107e+06 3.6000000000e+03 0.0000000000e+00 -0.0000000000e+00
5.9160000000e+04 1.1904527705e-14 3.2303653400e-16 2.3785544019e+08 2.0366185486e+07 4.4255929032e-19 1.8912295552e-20 -1.4593409180e+03 3.3480485667e+02 -4.6638892995e+09 -9.7614337216e+06 2.9587855107e+06 3.6000000000e+03 0.0000000000e+00 -0.0000000000e+00
6.2760000000e+04 1.3562935703e-14 3.9685705491e-16 2.3255600795e+08 2.1567452743e+07 4.7904100115e-19 2.2165786931e-20 -1.4849725389e+03 3.3251899190e+02 -4.6638892985e+09 -9.7614337216e+06 2.9587855107e+06 3.6000000000e+03 0.0000000000e+00 -0.0000000000e+00
6.6360000000e+04 1.5355590721e-14 4.8313867683e-16 2.2716225535e+08 2.2759964978e+07 5.1716307432e-19 2.5843247813e-20 -1.5117566590e+03 3.2993525115e+02 -4.6638892973e+09 -9.7614337216e+06 2.9587855107e+06 3.6000000000e+03 0.0000000000e+00 -0.0000000000e+00
6.9960000000e+04 1.7288646425e-14 5.8349983521e-16 2.2166985887e+08 2.3942585096e+07 5.5706624483e-19 2.9997158058e-20 -1.5397921571e+03 3.2701676268e+02 -4.6638892958e+09 -9.7614337216e+06 2.9587855107e+06 3.6000000000e+03 0.0000000000e+00 -0.0000000000e+00
7.3560000000e+04 1.9368794504e-14 6.9976269816e-16 2.1607411702e+08 2.5114032863e+07 5.9890914349e-19 3.4688482545e-20 -1.5691904855e+03 3.2372069329e+02 -4.6638892939e+09 -9.7614337216e+06 2.9587855107e+06 3.6000000000e+03 0.0000000000e+00 -0.0000000000e+00
7.7160000000e+04 2.1603334438e-14 8.3398674124e-16 2.1036990127e+08 2.6272861316e+07 6.4287136411e-19 3.9988418717e-20 -1.6000778245e+03 3.1999702048e+02 -4.6638892915e+09 -9.7614337216e+06 2.9587855107e+06 3.6000000000e+03 0.0000000000e+00 -0.0000000000e+00
8.0760000000e+04 2.4000255473e-14 9.8850938068e-16 2.0455159847e+08 2.7417428214e+07 6.8915720203e-19 4.5980589985e-20 -1.6325977097e+03 3.1578699145e+02 -4.6638892886e+09 -9.7614337216e+06 2.9587855107e+06 3.6000000000e+03 0.0000000000e+00 -0.0000000000e+00
8.4360000000e+04 2.6568333515e-14 1.1659955055e-15 1.9861304276e+08 2.8545861238e+07 7.3800024495e-19 5.2763822822e-20 -1.6669142570e+03 3.1102117186e+02 -4.6638892848e+09 -9.7614337216e+06 2.9587855107e+06 3.6000000000e+03 0.0000000000e+00 -0.0000000000e+00
8.7960000000e+04 2.9317246447e-14 1.3694983314e-15 1.9254743460e+08 2.9656015234e+07 7.8966905654e-19 6.0455696121e-20 -1.7032161562e+03 3.0561695217e+02 -4.6638892799e+09 -9.7614337216e+06 2.9587855107e+06 3.6000000000e+03 0.0000000000e+00 -0.0000000000e+00
9.1560000000e+04 3.2257712334e-14 1.6025348002e-15 1.8634724358e+08 3.0745419239e+07 8.4447427418e-19 6.9197124155e-20 -1.7417216573e+03 2.9947532767e+02 -4.6638892735e+09 -9.7614337216e+06 2.9587855107e+06 3.6000000000e+03 0.0000000000e+00 -0.0000000000e+00
9.5160000000e+04 3.5401656361e-14 1.8691798698e-15 1.8000409121e+08 3.1811210237e+07 9.0277755724e-19 7.9158340289e-20 -1.7826848581e+03 2.9247669441e+02 -4.6638892651e+09 -9.7614337216e+06 2.9587855107e+06 3.6000000000e+03 0.0000000000e+00 -0.0000000000e+00
9.8760000000e+04 3.8762414186e-14 2.1741856217e-15 1.7350860802e+08 3.2850049471e+07 9.6500298482e-19 9.0546805079e-20 -1.8264037114e+03 2.8447529303e+02 -4.6638892538e+09 -9.7614337216e+06 2.9587855107e+06 3.6000000000e+03 0.0000000000e+00 -0.0000000000e+00
1.0236000000e+05 4.2354981933e-14 2.5231333952e-15 1.6685025790e+08 3.3858015557e+07 1.0316517373e-18 1.0361779791e-19 -1.8732303408e+03 2.7529176724e+02 -4.6638892384e+09 -9.7614337216e+06 2.9587855107e+06 3.6000000000e+03 0.0000000000e+00 -0.0000000000e+00
1.0596000000e+05 4.6196326663e-14 2.9226304912e-15 1.6001712000e+08 3.4830466285e+07 1.1033212408e-18 1.1868881284e-19 -1.9235844908e+03 2.6470304946e+02 -4.6638892170e+09 -9.7614337216e+06 2.9587855107e+06 3.6000000000e+03 0.0000000000e+00 -0.0000000000e+00
1.0956000000e+05 5.0305776234e-14 3.3805679680e-15 1.5299561480e+08 3.5761857488e+07 1.1807304712e-18 1.3615944593e-19 -1.9779713054e+03 2.5242838819e+02 -4.6638891868e+09 -9.7614337216e+06 2.9587855107e+06 3.6000000000e+03 0.0000000000e+00 -0.0000000000e+00
1.1316000000e+05 5.4705514919e-14 3.9064636276e-15 1.4577015588e+08 3.6645502071e+07 1.2647538988e-18 1.5653937159e-19 -2.0370051771e+03 2.3810969218e+02 -4.6638891433e+09 -9.7614337216e+06 2.9587855107e+06 3.6000000000e+03 0.0000000000e+00 -0.0000000000e+00
1.1676000000e+05 5.9421222086e-14 4.5119261176e-15 1.3832270122e+08 3.7473243936e+07 1.3564677813e-18 1.8048850555e-19 -2.1014422719e+03 2.2128331242e+02 -4.6638890787e+09 -9.7614337216e+06 2.9587855107e+06 3.3925568084e+03 0.0000000000e+00 -0.0000000000e+00
1.2015255681e+05 6.4181249783e-14 5.1681495517e-15 1.3108233606e+08 3.8193112357e+07 1.4511359694e-18 2.0710089848e-19 -2.1679550272e+03 2.0258575823e+02 -4.6638890066e+09 -9.7614337216e+06 2.9587855107e+06 3.0592853266e+03 0.0000000000e+00 -0.0000000000e+00
1.2321184213e+05 6.8761463190e-14 5.8436989819e-15 1.2435103660e+08 3.8783393286e+07 1.5445433295e-18 2.3527235044e-19 -2.2335819395e+03 1.8279282751e+02 -4.6638889423e+09 -9.7614337216e+06 2.9587855107e+06 2.7538074884e+03 0.0000000000e+00 -0.0000000000e+00
1.2568974033e+05 7.2689173023e-14 6.4586291558e-15 1.1874584576e+08 3.9213888144e+07 1.6266950198e-18 2.6164596640e-19 -2.2913007506e+03 1.6426303522e+02 -4.6638889099e+09 -9.7614337216e+06 2.9587855107e+06 2.4947454082e+03 0.0000000000e+00 -0.0000000000e+00
1.2818448574e+05 7.6857478789e-14 7.1484710612e-15 1.1295226764e+08 3.9597615286e+07 1.7161878008e-18 2.9210663237e-19 -2.3541773256e+03 1.4286172966e+02 -4.6638888621e+09 -9.7614337216e+06 2.9587855107e+06 2.2531031033e+03 0.0000000000e+00 -0.0000000000e+00
1.3020577421e+05 8.0404509854e-14 7.7667558439e-15 1.0813890965e+08 3.9866810852e+07 1.7943954637e-18 3.2022933823e-19 -2.4091251095e+03 1.2310304739e+02 -4.6638888387e+09 -9.7614337216e+06 2.9587855107e+06 2.0370499079e+03 0.0000000000e+00 -0.0000000000e+00
1.3203452333e+05 8.3754503366e-14 8.3780294092e-15 1.0368510088e+08 4.0073910929e+07 1.8701426589e-18 3.4882794776e-19 -2.4623441977e+03 1.0301000078e+02 -4.6638888195e+09 -9.7614337216e+06 2.9587855107e+06 1.8440909779e+03 0.0000000000e+00 -0.0000000000e+00
1.3368004498e+05 8.6891056984e-14 8.9752518332e-15 9.9591671615e+07 4.0227103083e+07 1.9428471538e-18 3.7755948480e-19 -2.5134255205e+03 8.2823560880e+01 -4.6638888043e+09 -9.7614337216e+06 2.9587855107e+06 1.6618498560e+03 0.0000000000e+00 -0.0000000000e+00
1.3514775826e+05 8.9792668667e-14 9.5499027563e-15 9.5867505630e+07 4.0334259962e+07 2.0117457504e-18 4.0596636892e-19 -2.5618328639e+03 6.2865218295e+01 -4.6638887930e+09 -9.7614337216e+06 2.9587855107e+06 1.4863616469e+03 0.0000000000e+00 -0.0000000000e+00
1.3643589501e+05 9.2424892839e-14 1.0090231485e-14 9.2538834534e+07 4.0403021985e+07 2.0756943911e-18 4.3337762451e-19 -2.6067624265e+03 4.3606392600e+01 -4.6638887855e+09 -9.7614337216e+06 2.9587855107e+06 1.3120987394e+03 0.0000000000e+00 -0.0000000000e+00
1.3752757351e+05 9.4721745508e-14 1.0576961757e-14 8.9671404951e+07 4.0441056025e+07 2.1326802926e-18 4.5866681158e-19 -2.6468000505e+03 2.5838507288e+01 -4.6638887813e+09 -9.7614337216e+06 2.9587855107e+06 1.1302574288e+03 0.0000000000e+00 -0.0000000000e+00
1.3834934097e+05 9.6492577244e-14 1.0962185643e-14 8.7483518398e+07 4.0456453273e+07 2.1774034216e-18 4.7909216525e-19 -2.6782219948e+03 1.1487894099e+01 -4.6638887801e+09 -9.7614337216e+06 2.9587855107e+06 9.3222553371e+02 0.0000000000e+00 -0.0000000000e+00
1.3914714512e+05 9.8247571212e-14 1.1352732277e-14 8.5334278833e+07 4.0459769374e+07 2.2224297590e-18 5.0017694136e-19 -2.7098569697e+03 -3.3260215445e+00 -4.6638887789e+09 -9.7614337216e+06 2.9587855107e+06 7.2852170809e+02 0.0000000000e+00 -0.0000000000e+00
1.3987566683e+05 9.9882084220e-14 1.1724492620e-14 8.3349252003e+07 4.0452167809e+07 2.2650160229e-18 5.2060645607e-19 -2.7397775777e+03 -1.7679558233e+01 -4.6638887780e+09 -9.7614337216e+06 2.9587855107e+06 9.4400789241e+02 0.0000000000e+00 -0.0000000000e+00
1.4081967472e+05 1.0204717141e-13 1.2229138224e-14 8.0743984809e+07 4.0426211731e+07 2.3224278585e-18 5.4890928973e-19 -2.7801144579e+03 -3.7564796183e+01 -4.6638887740e+09 -9.7614337216e+06 2.9587855107e+06 1.0509395167e+03 0.0000000000e+00 -0.0000000000e+00
1.4187061424e+05 1.0452285742e-13 1.2823720601e-14 7.7797693830e+07 4.0374289220e+07 2.3895320181e-18 5.8311794732e-19 -2.8272610510e+03 -6.1599396554e+01 -4.6638887655e+09 -9.7614337216e+06 2.9587855107e+06 1.1052839948e+03 0.0000000000e+00 -0.0000000000e+00
1.4297589823e+05 1.0720476628e-13 1.3489683792e-14 7.4644103692e+07 4.0291132290e+07 2.4640617906e-18 6.2256849659e-19 -2.8796247924e+03 -8.9316888344e+01 -4.6638887514e+09 -9.7614337216e+06 2.9587855107e+06 1.1288516753e+03 0.0000000000e+00 -0.0000000000e+00
1.4410474991e+05 1.1003142969e-13 1.4217160943e-14 7.1361745496e+07 4.0172960106e+07 2.5447861630e-18 6.6707229176e-19 -2.9363407867e+03 -1.2058473126e+02 -4.6638887309e+09 -9.7614337216e+06 2.9587855107e+06 1.1322350853e+03 0.0000000000e+00 -0.0000000000e+00
1.4523698499e+05 1.1296097629e-13 1.5000010819e-14 6.8003217253e+07 4.0017061435e+07 2.6309257036e-18 7.1665704564e-19 -2.9968614145e+03 -1.5542239599e+02 -4.6638887032e+09 -9.7614337216e+06 2.9587855107e+06 1.1216178142e+03 0.0000000000e+00 -0.0000000000e+00
1.4635860281e+05 1.1596235054e-13 1.5833994950e-14 6.4606416667e+07 3.9821540648e+07 2.7219336218e-18 7.7147373124e-19 -3.0608025072e+03 -1.9393595439e+02 -4.6638886676e+09 -9.7614337216e+06 2.9587855107e+06 1.1010414749e+03 0.0000000000e+00 -0.0000000000e+00
1.4745964428e+05 1.1901127807e-13 1.6715968716e-14 6.1199835658e+07 3.9585140440e+07 2.8173950221e-18 8.3175664332e-19 -3.1278725639e+03 -2.3629001920e+02 -4.6638886235e+09 -9.7614337216e+06 2.9587855107e+06 1.0733421931e+03 0.0000000000e+00 -0.0000000000e+00
1.4853298647e+05 1.2208813951e-13 1.7643475388e-14 5.7805438579e+07 3.9307107438e+07 2.9169731313e-18 8.9780452034e-19 -3.1978349719e+03 -2.8269448056e+02 -4.6638885702e+09 -9.7614337216e+06 2.9587855107e+06 1.0406036946e+03 0.0000000000e+00 -0.0000000000e+00
1.4957359017e+05 1.2517673458e-13 1.8614526419e-14 5.4440394604e+07 3.8987084659e+07 3.0203770895e-18 9.6997147244e-19 -3.2704853765e+03 -3.3339813208e+02 -4.6638885071e+09 -9.7614337216e+06 2.9587855107e+06 1.0044035838e+03 0.0000000000e+00 -0.0000000000e+00
1.5057799375e+05 1.2826350783e-13 1.9627477822e-14 5.1118202974e+07 3.8625022187e+07 3.1273406254e-18 1.0486631100e-18 -3.3456366984e+03 -3.8868595084e+02 -4.6638884335e+09 -9.7614337216e+06 2.9587855107e+06 9.6595981129e+02 0.0000000000e+00 -0.0000000000e+00
1.5154395356e+05 1.3133703329e-13 2.0680960588e-14 4.7849468068e+07 3.8221100872e+07 3.2376065321e-18 1.1343357831e-18 -3.4231082272e+03 -4.4887856305e+02 -4.6638883490e+09 -9.7614337216e+06 2.9587855107e+06 9.2622425363e+02 0.0000000000e+00 -0.0000000000e+00
1.5247017782e+05 1.3438765377e-13 2.1773843841e-14 4.4642458402e+07 3.7775665591e+07 3.3509142589e-18 1.2274979271e-18 -3.5027169031e+03 -5.1433318939e+02 -4.6638882529e+09 -9.7614337216e+06 2.9587855107e+06 8.8594610409e+02 0.0000000000e+00 -0.0000000000e+00
1.5335612392e+05 1.3740721722e-13 2.2905219364e-14 4.1503524619e+07 3.7289165576e+07 3.4669890499e-18 1.3287130345e-18 -3.5842696856e+03 -5.8544573310e+02 -4.6638881449e+09 -9.7614337216e+06 2.9587855107e+06 8.4571691824e+02 0.0000000000e+00 -0.0000000000e+00
1.5420184084e+05 1.4038887694e-13 2.4074401248e-14 3.8437420917e+07 3.6762099782e+07 3.5855316038e-18 1.4386040594e-18 -3.6675562894e+03 -6.6265387437e+02 -4.6638880245e+09 -9.7614337216e+06 2.9587855107e+06 8.0600392754e+02 0.0000000000e+00 -0.0000000000e+00
1.5500784477e+05 1.4332693542e-13 2.5280937401e-14 3.5447557487e+07 3.6194965527e+07 3.7062074940e-18 1.5578592377e-18 -3.7523417501e+03 -7.4644115963e+02 -4.6638878914e+09 -9.7614337216e+06 2.9587855107e+06 7.6717551310e+02 0.0000000000e+00 -0.0000000000e+00
1.5577502028e+05 1.4621671962e-13 2.6524631487e-14 3.2536201700e+07 3.5588208670e+07 3.8286356821e-18 1.6872394420e-18 -3.8383583547e+03 -8.3734216904e+02 -4.6638877454e+09 -9.7614337216e+06 2.9587855107e+06 7.2952126770e+02 0.0000000000e+00 -0.0000000000e+00
1.5650454155e+05 1.4905447972e-13 2.7805575201e-14 2.9704639722e+07 3.4942173505e+07 3.9523754594e-18 1.8275873126e-18 -3.9252964665e+03 -9.3594893178e+02 -4.6638875864e+09 -9.7614337216e+06 2.9587855107e+06 6.9326822390e+02 0.0000000000e+00 -0.0000000000e+00
1.5719780977e+05 1.5183730647e-13 2.9124191989e-14 2.6953306406e+07 3.4257050272e+07 4.0769110518e-18 1.9798385418e-18 -4.0127937086e+03 -1.0429188542e+03 -4.6638874147e+09 -9.7614337216e+06 2.9587855107e+06 6.5859434372e+02 0.0000000000e+00 -0.0000000000e+00
1.5785640412e+05 1.5456306428e-13 3.0481294464e-14 2.4281888686e+07 3.3532817733e+07 4.2016329330e-18 2.1450358544e-18 -4.1004218350e+03 -1.1589845426e+03 -4.6638872305e+09 -9.7614337216e+06 2.9587855107e+06 6.2564008902e+02 0.0000000000e+00 -0.0000000000e+00
1.5848204421e+05 1.5723033837e-13 3.1878159302e-14 2.1689405726e+07 3.2769177499e+07 4.3258145786e-18 2.3243464535e-18 -4.1876703982e+03 -1.2849660600e+03 -4.6638870346e+09 -9.7614337216e+06 2.9587855107e+06 5.9451871850e+02 0.0000000000e+00 -0.0000000000e+00
1.5907656292e+05 1.5983839575e-13 3.3316625269e-14 1.9174267639e+07 3.1965475689e+07 4.4485828964e-18 2.5190840065e-18 -4.2739259740e+03 -1.4217863736e+03 -4.6638868283e+09 -9.7614337216e+06 2.9587855107e+06 5.6532590230e+02 0.0000000000e+00 -0.0000000000e+00
1.5964188883e+05 1.6238716023e-13 3.4799222822e-14 1.6734313191e+07 3.1120605749e+07 4.5688797964e-18 2.7307366826e-18 -4.3584451607e+03 -1.5704910539e+03 -4.6638866134e+09 -9.7614337216e+06 2.9587855107e+06 5.3814925743e+02 0.0000000000e+00 -0.0000000000e+00
1.6018003808e+05 1.6487720311e-13 3.6329347802e-14 1.4366825617e+07 3.0232883613e+07 4.6854111440e-18 2.9610033791e-18 -4.4403187145e+03 -1.7322737258e+03 -4.6638863924e+09 -9.7614337216e+06 2.9587855107e+06 5.1307846035e+02 0.0000000000e+00 -0.0000000000e+00
1.6069311654e+05 1.6730975145e-13 3.7911497790e-14 1.2068524433e+07 2.9299882364e+07 4.7965773719e-18 3.2118411348e-18 -4.5184227984e+03 -1.9085093819e+03 -4.6638861691e+09 -9.7614337216e+06 2.9587855107e+06 4.9021674001e+02 0.0000000000e+00 -0.0000000000e+00
1.6118333328e+05 1.6968671633e-13 3.9551598908e-14 9.8355300254e+06 2.8318207342e+07 4.9003767891e-18 3.4855279050e-18 -4.5913510477e+03 -2.1007984868e+03 -4.6638859485e+09 -9.7614337216e+06 2.9587855107e+06 4.6969462066e+02 0.0000000000e+00 -0.0000000000e+00
1.6165302790e+05 1.7201074166e-13 4.1257464266e-14 7.6632980010e+06 2.7283183544e+07 4.9942671625e-18 3.7847461934e-18 -4.6573173196e+03 -2.3110257360e+03 -4.6638857372e+09 -9.7614337216e+06 2.9587855107e+06 4.5168651878e+02 0.0000000000e+00 -0.0000000000e+00
1.6210471442e+05 1.7428526663e-13 4.3039443190e-14 5.5465249295e+06 2.6188414767e+07 5.0749617990e-18 4.1126937210e-18 -4.7140124218e+03 -2.5414378107e+03 -4.6638855439e+09 -9.7614337216e+06 2.9587855107e+06 4.3114721074e+02 0.0000000000e+00 -0.0000000000e+00
1.6246878230e+05 1.7614309633e-13 4.4589937505e-14 3.8231386405e+06 2.5225784969e+07 5.1289649095e-18 4.4102061147e-18 -4.7519543719e+03 -2.7504665184e+03 -4.6638854751e+09 -9.7614337216e+06 2.9587855107e+06 3.7244341785e+02 0.0000000000e+00 -0.0000000000e+00
1.6277844305e+05 1.7773701059e-13 4.5998202224e-14 2.3476576063e+06 2.4344145301e+07 5.1635803058e-18 4.6895792851e-18 -4.7762747421e+03 -2.9467508212e+03 -4.6638854452e+09 -9.7614337216e+06 2.9587855107e+06 3.1973330138e+02 0.0000000000e+00 -0.0000000000e+00
1.6302567376e+05 1.7901599522e-13 4.7187174892e-14 1.1651373197e+06 2.3594846228e+07 5.1812219313e-18 4.9316815406e-18 -4.7886695406e+03 -3.1168490176e+03 -4.6638854359e+09 -9.7614337216e+06 2.9587855107e+06 2.6668845038e+02 0.0000000000e+00 -0.0000000000e+00
1.6318737242e+05 1.7985431227e-13 4.7998106008e-14 3.9045024004e+05 2.3081381643e+07 5.1867931770e-18 5.0997944612e-18 -4.7925838323e+03 -3.2349631778e+03 -4.6638854347e+09 -9.7614337216e+06 2.9587855107e+06 2.0866983486e+02 0.0000000000e+00 -0.0000000000e+00
1.6339604226e+05 1.8093669338e-13 4.9085926317e-14 -6.0965525908e+05 2.2389728278e+07 5.1856132152e-18 5.3287358139e-18 -4.7917548050e+03 -3.3958146788e+03 -4.6638854310e+09 -9.7614337216e+06 2.9587855107e+06 2.2335251705e+02 0.0000000000e+00 -0.0000000000e+00
1.6361939477e+05 1.8209364794e-13 5.0304913089e-14 -1.6790168388e+06 2.1611029830e+07 5.1719494291e-18 5.5893576531e-18 -4.7821547897e+03 -3.5789245169e+03 -4.6638854257e+09 -9.7614337216e+06 2.9587855107e+06 2.6828991299e+02 0.0000000000e+00 -0.0000000000e+00
1.6388768469e+05 1.8347681707e-13 5.1848883271e-14 -2.9589204014e+06 2.0619644228e+07 5.1349346721e-18 5.9243990104e-18 -4.7561486568e+03 -3.8143206329e+03 -4.6638854092e+09 -9.7614337216e+06 2.9587855107e+06 2.9670871778e+02 0.0000000000e+00 -0.0000000000e+00
1.6418439340e+05 1.8499046325e-13 5.3665136086e-14 -4.3631318642e+06 1.9446848421e+07 5.0617007556e-18 6.3231883331e-18 -4.7046953687e+03 -4.0945053193e+03 -4.6638853564e+09 -9.7614337216e+06 2.9587855107e+06 3.2288362505e+02 0.0000000000e+00 -0.0000000000e+00
1.6450727703e+05 1.8660567158e-13 5.5781233968e-14 -5.8687590726e+06 1.8072496285e+07 4.9339079734e-18 6.7897446089e-18 -4.6149096634e+03 -4.4223022698e+03 -4.6638851602e+09 -9.7614337216e+06 2.9587855107e+06 3.6591130373e+02 0.0000000000e+00 -0.0000000000e+00
1.6487318833e+05 1.8837341296e-13 5.8367938060e-14 -7.5309673631e+06 1.6382479370e+07 4.7133693011e-18 7.3542546812e-18 -4.4599617868e+03 -4.8189204053e+03 -4.6638842579e+09 -9.7614337216e+06 2.9587855107e+06 3.5610671743e+02 0.0000000000e+00 -0.0000000000e+00
1.6519316128e+05 1.8984006755e-13 6.0803175109e-14 -8.9288798246e+06 1.4782890624e+07 4.4404176968e-18 7.8695521429e-18 -4.2681892008e+03 -5.1809623396e+03 -4.6638832392e+09 -9.7614337216e+06 2.9587855107e+06 3.1999201035e+02 0.0000000000e+00 -0.0000000000e+00
1.6551315329e+05 1.9120584765e-13 6.3404803675e-14 -1.0255940947e+07 1.3066403792e+07 4.0806494881e-18 8.3904752548e-18 -4.0154202900e+03 -5.5469567895e+03 -4.6638814817e+09 -9.7614337216e+06 2.9587855107e+06 2.9142866077e+02 0.0000000000e+00 -0.0000000000e+00
1.6580458195e+05 1.9233729085e-13 6.5917928754e-14 -1.1385557458e+07 1.1402155783e+07 3.6708121329e-18 8.8530044145e-18 -3.7274733858e+03 -5.8719243356e+03 -4.6638798958e+09 -9.7614337216e+06 2.9587855107e+06 2.6933010081e+02 0.0000000000e+00 -0.0000000000e+00
1.6607391205e+05 1.9326691534e-13 6.8357037354e-14 -1.2348000442e+07 9.7822185409e+06 3.2212780506e-18 9.2537244454e-18 -3.4116360282e+03 -6.1534655150e+03 -4.6638786502e+09 -9.7614337216e+06 2.9587855107e+06 2.5940604753e+02 0.0000000000e+00 -0.0000000000e+00
1.6633331810e+05 1.9403974486e-13 7.0803417084e-14 -1.3188884307e+07 8.1537182007e+06 2.7278632023e-18 9.5999371034e-18 -3.0649685607e+03 -6.3967104554e+03 -4.6638776978e+09 -9.7614337216e+06 2.9587855107e+06 2.3601790323e+02 0.0000000000e+00 -0.0000000000e+00
1.6656933600e+05 1.9462609277e-13 7.3101902517e-14 -1.3871889346e+07 6.6209854177e+06 2.2345101137e-18 9.8691474811e-18 -2.7183444848e+03 -6.5858544996e+03 -4.6638772995e+09 -9.7614337216e+06 2.9587855107e+06 2.1255852021e+02 0.0000000000e+00 -0.0000000000e+00
1.6678189452e+05 1.9505124016e-13 7.5221469062e-14 -1.4414695949e+07 5.2057929079e+06 1.7620628432e-18 1.0066640055e-17 -2.3864085907e+03 -6.7246104582e+03 -4.6638772333e+09 -9.7614337216e+06 2.9587855107e+06 1.9820202742e+02 0.0000000000e+00 -0.0000000000e+00
1.6698009655e+05 1.9535541814e-13 7.7231423594e-14 -1.4856023814e+07 3.8626151223e+06 1.3053746063e-18 1.0208145454e-17 -2.0655448083e+03 -6.8240304875e+03 -4.6638773144e+09 -9.7614337216e+06 2.9587855107e+06 1.8452185443e+02 0.0000000000e+00 -0.0000000000e+00
1.6716461840e+05 1.9555646364e-13 7.9124203320e-14 -1.5209181644e+07 2.5970010120e+06 8.7314519872e-19 1.0301061196e-17 -1.7618655116e+03 -6.8893119942e+03 -4.6638774482e+09 -9.7614337216e+06 2.9587855107e+06 1.7028844870e+02 0.0000000000e+00 -0.0000000000e+00
1.6731746047e+05 1.9566249797e-13 8.0702666265e-14 -1.5459204561e+07 1.5411946818e+06 5.1461627838e-19 1.0349482612e-17 -1.5099673101e+03 -6.9233323117e+03 -4.6638775200e+09 -9.7614337216e+06 2.9587855107e+06 1.5527322115e+02 0.0000000000e+00 -0.0000000000e+00
1.6744215142e+05 1.9570853906e-13 8.1994618026e-14 -1.5634748067e+07 6.7688854597e+05 2.2437781942e-19 1.0370216539e-17 -1.3060491834e+03 -6.9378997246e+03 -4.6638775496e+09 -9.7614337216e+06 2.9587855107e+06 1.3422495494e+02 0.0000000000e+00 -0.0000000000e+00
1.6750823608e+05 1.9571832652e-13 8.2680099077e-14 -1.5717516511e+07 2.1828119530e+05 7.2035923141e-20 1.0374571177e-17 -1.1990155594e+03 -6.9409592419e+03 -4.6638775509e+09 -9.7614337216e+06 2.9587855107e+06 1.0910230530e+02 0.0000000000e+00 -0.0000000000e+00
1.6761733839e+05 1.9571259407e-13 8.3811960131e-14 -1.5838782477e+07 -5.3897338016e+05 -1.7642344336e-19 1.0372070508e-17 -1.0244509315e+03 -6.9392023015e+03 -4.6638775671e+09 -9.7614337216e+06 2.9587855107e+06 1.3301148422e+02 0.0000000000e+00 -0.0000000000e+00
1.6775034987e+05 1.9566932186e-13 8.5190511050e-14 -1.5961130851e+07 -1.4612267491e+06 -4.7293670673e-19 1.0353468094e-17 -8.1612420106e+02 -6.9261324642e+03 -4.6638776108e+09 -9.7614337216e+06 2.9587855107e+06 1.6734255127e+02 0.0000000000e+00 -0.0000000000e+00
1.6791769243e+05 1.9555978407e-13 8.6919584086e-14 -1.6076347740e+07 -2.6178024500e+06 -8.3373496965e-19 1.0307634611e-17 -5.6263158622e+02 -6.8939303984e+03 -4.6638777414e+09 -9.7614337216e+06 2.9587855107e+06 1.7040141612e+02 0.0000000000e+00 -0.0000000000e+00
1.6808809384e+05 1.9538756141e-13 8.8670392835e-14 -1.6151035788e+07 -3.7885846388e+06 -1.1846952263e-18 1.0237983630e-17 -3.1605103885e+02 -6.8449944386e+03 -4.6638778670e+09 -9.7614337216e+06 2.9587855107e+06 1.6142247016e+02 0.0000000000e+00 -0.0000000000e+00
1.6822361667e+05 1.9520884857e-13 9.0053272641e-14 -1.6181109201e+07 -4.7130052539e+06 -1.4506706342e-18 1.0168106145e-17 -1.2917984641e+02 -6.7958993394e+03 -4.6638779004e+09 -9.7614337216e+06 2.9587855107e+06 1.4343906392e+02 0.0000000000e+00 -0.0000000000e+00
1.6836705573e+05 1.9498137509e-13 9.1505744728e-14 -1.6186014994e+07 -5.6835650046e+06 -1.7186769730e-18 1.0082091539e-17 5.9118254222e+01 -6.7354664897e+03 -4.6638779374e+09 -9.7614337216e+06 2.9587855107e+06 1.3000822684e+02 0.0000000000e+00 -0.0000000000e+00
1.6849706396e+05 1.9474281923e-13 9.2810921376e-14 -1.6167710422e+07 -6.5553118848e+06 -1.9491971011e-18 9.9949422977e-18 2.2107898428e+02 -6.6742364578e+03 -4.6638779557e+09 -9.7614337216e+06 2.9587855107e+06 1.7808963630e+02 0.0000000000e+00 -0.0000000000e+00
1.6867515360e+05 1.9436896321e-13 9.4579425123e-14 -1.6109562425e+07 -7.7358501607e+06 -2.2455772534e-18 9.8638494706e-18 4.2931219242e+02 -6.5821321797e+03 -4.6638780251e+09 -9.7614337216e+06 2.9587855107e+06 2.1483405345e+02 0.0000000000e+00 -0.0000000000e+00
1.6888998765e+05 1.9385074181e-13 9.6680260964e-14 -1.5992182446e+07 -9.1370906027e+06 -2.5734628071e-18 9.6917356290e-18 6.5968072501e+02 -6.4612070195e+03 -4.6638781496e+09 -9.7614337216e+06 2.9587855107e+06 2.4734732063e+02 0.0000000000e+00 -0.0000000000e+00
1.6913733497e+05 1.9317148363e-13 9.9051593952e-14 -1.5798998280e+07 -1.0717061536e+07 -2.9121227899e-18 9.4805613001e-18 8.9761924464e+02 -6.3128384204e+03 -4.6638783088e+09 -9.7614337216e+06 2.9587855107e+06 2.7340594546e+02 0.0000000000e+00 -0.0000000000e+00
1.6941074091e+05 1.9232928111e-13 1.0161061516e-13 -1.5521257170e+07 -1.2419829196e+07 -3.2410773150e-18 9.2379610984e-18 1.1287388239e+03 -6.1423903728e+03 -4.6638784601e+09 -9.7614337216e+06 2.9587855107e+06 2.9151348849e+02 0.0000000000e+00 -0.0000000000e+00
1.6970225440e+05 1.9133916838e-13 1.0426539243e-13 -1.5160390862e+07 -1.4183570841e+07 -3.5440713709e-18 8.9756864776e-18 1.3416188830e+03 -5.9581193098e+03 -4.6638785744e+09 -9.7614337216e+06 2.9587855107e+06 3.0450400903e+02 0.0000000000e+00 -0.0000000000e+00
1.7000675841e+05 1.9021776293e-13 1.0695701259e-13 -1.4722198197e+07 -1.5968675965e+07 -3.8139753146e-18 8.7038008518e-18 1.5312502185e+03 -5.7670956678e+03 -4.6638786564e+09 -9.7614337216e+06 2.9587855107e+06 3.1640264953e+02 0.0000000000e+00 -0.0000000000e+00
1.7032316106e+05 1.8897247072e-13 1.0966708917e-13 -1.4210628600e+07 -1.7762606520e+07 -4.0507245405e-18 8.4282391929e-18 1.6975874393e+03 -5.5734892882e+03 -4.6638787234e+09 -9.7614337216e+06 2.9587855107e+06 3.2960229750e+02 0.0000000000e+00 -0.0000000000e+00
1.7065276336e+05 1.8760230866e-13 1.1239920317e-13 -1.3626485440e+07 -1.9567425618e+07 -4.2570097955e-18 8.1520586183e-18 1.8425210326e+03 -5.3794480657e+03 -4.6638787904e+09 -9.7614337216e+06 2.9587855107e+06 3.4510497352e+02 0.0000000000e+00 -0.0000000000e+00
1.7099786833e+05 1.8610132137e-13 1.1516461078e-13 -1.2968229351e+07 -2.1390240044e+07 -4.4359605590e-18 7.8769190008e-18 1.9682497337e+03 -5.1861382073e+03 -4.6638788669e+09 -9.7614337216e+06 2.9587855107e+06 3.6333299616e+02 0.0000000000e+00 -0.0000000000e+00
1.7136120133e+05 1.8446057438e-13 1.1797642442e-13 -1.2232712871e+07 -2.3239313769e+07 -4.5904233005e-18 7.6038433411e-18 2.0767734387e+03 -4.9942784615e+03 -4.6638789589e+09 -9.7614337216e+06 2.9587855107e+06 3.8454805106e+02 0.0000000000e+00 -0.0000000000e+00
1.7174574938e+05 1.8266895340e-13 1.2084788361e-13 -1.1415557558e+07 -2.5122908959e+07 -4.7228382005e-18 7.3335385165e-18 2.1698065896e+03 -4.8043654718e+03 -4.6638790702e+09 -9.7614337216e+06 2.9587855107e+06 4.0900786878e+02 0.0000000000e+00 -0.0000000000e+00
1.7215475725e+05 1.8071338703e-13 1.2379205211e-13 -1.0511305895e+07 -2.7049074570e+07 -4.8352772297e-18 7.0665308890e-18 2.2488049287e+03 -4.6167690539e+03 -4.6638792032e+09 -9.7614337216e+06 2.9587855107e+06 4.3702335183e+02 0.0000000000e+00 -0.0000000000e+00
1.7259178060e+05 1.7857879847e-13 1.2682195883e-13 -9.5134484347e+06 -2.9025726876e+07 -4.9295098575e-18 6.8032279404e-18 2.3150116644e+03 -4.4317754999e+03 -4.6638793600e+09 -9.7614337216e+06 2.9587855107e+06 4.6678877251e+02 0.0000000000e+00 -0.0000000000e+00
1.7280000000e+05 1.7754843621e-13 1.2822616134e-13 -9.0286480134e+06 -2.9939823444e+07 -4.9666209041e-18 6.6852691927e-18 2.3410854492e+03 -4.3488990715e+03 -4.6638793632e+09 -9.7614337216e+06 2.9587855107e+06 4.8303550801e+02 0.0000000000e+00 -0.0000000000e+00
1.7280000000e+05 1.7754843621e-13 1.2822616134e-13 -9.0286480134e+06 -2.9939823444e+07 -4.9666209041e-18 6.6852691927e-18 2.3410854492e+03 -4.3488990715e+03 -4.6638793632e+09 -9.7614337216e+06 2.9587855107e+06 4.8303550801e+02 0.0000000000e+00 -0.0000000000e+00
