0.0000000000e+00 0.0000000000e+00 0.0000000000e+00 3.1415900000e+08 0.0000000000e+00 0.0000000000e+00 0.0000000000e+00 -1.1784273520e+03 2.2651484950e+02 -4.6638893003e+09 -1.0016632492e+07 1.9253762207e+06 1.0000000000e+01 0.0000000000e+00 -0.0000000000e+00
1.0000000000e+01 2.8740014395e-22 6.9075887684e-28 3.1414721552e+08 2.2651484945e+03 5.7480747526e-23 2.0723154987e-28 -1.1784677373e+03 2.2651484935e+02 -4.6638893003e+09 -1.0016632492e+07 1.9253762207e+06 5.0000000000e+01 0.0000000000e+00 -0.0000000000e+00
6.0000000000e+01 1.0347699142e-20 1.4924590617e-25 3.1408828709e+08 1.3590890865e+04 3.4494918859e-22 7.4631353137e-27 -1.1786697092e+03 2.2651484426e+02 -4.6638893003e+09 -1.0016632492e+07 1.9253762207e+06 2.5000000000e+02 0.0000000000e+00 -0.0000000000e+00
3.1000000000e+02 2.7639897522e-19 2.0613191187e-23 3.1379349333e+08 7.0219588862e+04 1.7839114029e-21 1.9959866341e-25 -1.1796807072e+03 2.2651470926e+02 -4.6638893003e+09 -1.0016632492e+07 1.9253762208e+06 1.2500000000e+03 0.0000000000e+00 -0.0000000000e+00
1.5600000000e+03 7.0214342418e-18 2.6454712725e-21 3.1231572015e+08 3.5336130654e+05 9.0195280504e-21 5.1024508124e-24 -1.1847643663e+03 2.2651126458e+02 -4.6638893003e+09 -1.0016632492e+07 1.9253762207e+06 3.6000000000e+03 0.0000000000e+00 -0.0000000000e+00
5.1600000000e+03 7.7526323392e-17 9.7730305958e-20 3.0802384578e+08 1.1687479593e+06 3.0247699140e-20 5.7384859462e-23 -1.1996790296e+03 2.2647453157e+02 -4.6638893002e+09 -1.0016632492e+07 1.9253762207e+06 3.6000000000e+03 0.0000000000e+00 -0.0000000000e+00
8.7600000000e+03 2.2552853201e-16 4.8833279670e-19 3.0367752270e+08 1.9839269847e+06 5.2079009200e-20 1.7011441947e-22 -1.2150174512e+03 2.2639532911e+02 -4.6638893001e+09 -1.0016632492e+07 1.9253762208e+06 3.6000000000e+03 0.0000000000e+00 -0.0000000000e+00
1.2360000000e+04 4.5325939504e-16 1.4013965497e-18 2.9927518321e+08 2.7987389351e+06 7.4547251980e-20 3.4856504914e-22 -1.2308033742e+03 2.2626995180e+02 -4.6638892999e+09 -1.0016632492e+07 1.9253762208e+06 3.6000000000e+03 0.0000000000e+00 -0.0000000000e+00
1.5960000000e+04 7.6307683811e-16 3.0838468017e-18 2.9481517065e+08 3.6130103235e+06 9.7689009969e-20 5.9857529232e-22 -1.2470625011e+03 2.2609429754e+02 -4.6638892998e+09 -1.0016632492e+07 1.9253762208e+06 3.6000000000e+03 0.0000000000e+00 -0.0000000000e+00
1.9560000000e+04 1.1574759593e-15 5.8047542416e-18 2.9029573200e+08 4.4265521042e+06 1.2154396229e-19 9.2662302091e-22 -1.2638227100e+03 2.2586381507e+02 -4.6638892996e+09 -1.0016632492e+07 1.9253762208e+06 3.6000000000e+03 0.0000000000e+00 -0.0000000000e+00
2.3160000000e+04 1.6391007947e-15 9.8577887230e-18 2.8571500959e+08 5.2391579480e+06 1.4615523559e-19 1.3399121280e-21 -1.2811143011e+03 2.2557344300e+02 -4.6638892995e+09 -1.0016632492e+07 1.9253762208e+06 3.6000000000e+03 0.0000000000e+00 -0.0000000000e+00
2.6760000000e+04 2.2107574353e-15 1.5564010020e-17 2.8107103190e+08 6.0506022823e+06 1.7156980523e-19 1.8464735009e-21 -1.2989702787e+03 2.2521753894e+02 -4.6638892992e+09 -1.0016632492e+07 1.9253762208e+06 3.6000000000e+03 0.0000000000e+00 -0.0000000000e+00
3.0360000000e+04 2.8754286918e-15 2.3275051897e-17 2.7636170322e+08 6.8606380532e+06 1.9783895563e-19 2.4552830741e-21 -1.3174266747e+03 2.2478979650e+02 -4.6638892990e+09 -1.0016632492e+07 1.9253762208e+06 3.6000000000e+03 0.0000000000e+00 -0.0000000000e+00
3.3960000000e+04 3.6362905386e-15 3.3376766981e-17 2.7158479217e+08 7.6689941652e+06 2.2501881036e-19 3.1764004073e-21 -1.3365229209e+03 2.2428314794e+02 -4.6638892987e+09 -1.0016632492e+07 1.9253762208e+06 3.6000000000e+03 0.0000000000e+00 -0.0000000000e+00
3.7560000000e+04 4.4967306109e-15 4.6293413683e-17 2.6673791863e+08 8.4753725394e+06 2.5317094497e-19 4.0211320452e-21 -1.3563022795e+03 2.2368964943e+02 -4.6638892983e+09 -1.0016632492e+07 1.9253762208e+06 3.6000000000e+03 0.0000000000e+00 -0.0000000000e+00
4.1160000000e+04 5.4603690797e-15 6.2492483608e-17 2.6181853912e+08 9.2794447216e+06 2.8236309832e-19 5.0022249550e-21 -1.3768123430e+03 2.2300034510e+02 -4.6638892979e+09 -1.0016632492e+07 1.9253762208e+06 3.6000000000e+03 0.0000000000e+00 -0.0000000000e+00
4.4760000000e+04 6.5310822943e-15 8.2490289161e-17 2.5682393014e+08 1.0080847957e+07 3.1267000182e-19 6.1340966638e-21 -1.3981056168e+03 2.2220510535e+02 -4.6638892974e+09 -1.0016632492e+07 1.9253762208e+06 3.6000000000e+03 0.0000000000e+00 -0.0000000000e+00
4.8360000000e+04 7.7130296558e-15 1.0685845793e-16 2.5175116936e+08 1.0879180626e+07 3.4417435047e-19 7.4331104370e-21 -1.4202402015e+03 2.2129243356e+02 -4.6638892968e+09 -1.0016632492e+07 1.9253762208e+06 3.6000000000e+03 0.0000000000e+00 -0.0000000000e+00
5.1960000000e+04 9.0106842873e-15 1.3623151423e-16 2.4659711402e+08 1.1673996921e+07 3.7696794569e-19 8.9179060682e-21 -1.4432805957e+03 2.2024923361e+02 -4.6638892961e+09 -1.0016632492e+07 1.9253762208e+06 3.6000000000e+03 0.0000000000e+00 -0.0000000000e+00
5.5560000000e+04 1.0428868180e-14 1.7131577134e-16 2.4135837623e+08 1.2464800593e+07 4.1115304693e-19 1.0609799776e-20 -1.4672986457e+03 2.1906052900e+02 -4.6638892952e+09 -1.0016632492e+07 1.9253762208e+06 3.6000000000e+03 0.0000000000e+00 -0.0000000000e+00
5.9160000000e+04 1.1972792653e-14 2.1289981309e-16 2.3603129459e+08 1.3251037592e+07 4.4684397930e-19 1.2533270573e-20 -1.4923746749e+03 2.1770912105e+02 -4.6638892942e+09 -1.0016632492e+07 1.9253762208e+06 3.6000000000e+03 0.0000000000e+00 -0.0000000000e+00
6.2760000000e+04 1.3648105141e-14 2.6186691490e-16 2.3061190128e+08 1.4032087341e+07 4.8416905675e-19 1.4716555634e-20 -1.5185988352e+03 2.1617517065e+02 -4.6638892929e+09 -1.0016632492e+07 1.9253762208e+06 3.6000000000e+03 0.0000000000e+00 -0.0000000000e+00
6.6360000000e+04 1.5460943599e-14 3.1920984729e-16 2.2509588384e+08 1.4807252330e+07 5.2327289726e-19 1.7192384123e-20 -1.5460727335e+03 2.1443568268e+02 -4.6638892913e+09 -1.0016632492e+07 1.9253762208e+06 3.6000000000e+03 0.0000000000e+00 -0.0000000000e+00
6.9960000000e+04 1.7418000073e-14 3.8604862704e-16 2.1947854052e+08 1.5575745647e+07 5.6431922866e-19 1.9998888423e-20 -1.5749114030e+03 2.1246386578e+02 -4.6638892892e+09 -1.0016632492e+07 1.9253762208e+06 3.6000000000e+03 0.0000000000e+00 -0.0000000000e+00
7.3560000000e+04 1.9526595461e-14 4.6365194366e-16 2.1375472774e+08 1.6336675928e+07 6.0749431373e-19 2.3180744678e-20 -1.6052457098e+03 2.1022833100e+02 -4.6638892867e+09 -1.0016632492e+07 1.9253762208e+06 3.6000000000e+03 0.0000000000e+00 -0.0000000000e+00
7.7160000000e+04 2.1794767950e-14 5.5346320622e-16 2.0791879797e+08 1.7089029050e+07 6.5301116389e-19 2.6790612690e-20 -1.6372253133e+03 2.0769208021e+02 -4.6638892835e+09 -1.0016632492e+07 1.9253762208e+06 3.6000000000e+03 0.0000000000e+00 -0.0000000000e+00
8.0760000000e+04 2.4231378378e-14 6.5713245125e-16 2.0196452568e+08 1.7831645716e+07 7.0111476673e-19 3.0890970704e-20 -1.6710223387e+03 2.0481121691e+02 -4.6638892793e+09 -1.0016632492e+07 1.9253762208e+06 3.6000000000e+03 0.0000000000e+00 -0.0000000000e+00
8.4360000000e+04 2.6846236682e-14 7.7655575782e-16 1.9588501853e+08 1.8563193764e+07 7.5208863091e-19 3.5556477106e-20 -1.7068359760e+03 2.0153328700e+02 -4.6638892739e+09 -1.0016632492e+07 1.9253762208e+06 3.6000000000e+03 0.0000000000e+00 -0.0000000000e+00
8.7960000000e+04 2.9650254871e-14 9.1392438051e-16 1.8967260987e+08 1.9282133644e+07 8.0626306197e-19 4.0877043930e-20 -1.7448982939e+03 1.9779511934e+02 -4.6638892668e+09 -1.0016632492e+07 1.9253762208e+06 3.6000000000e+03 0.0000000000e+00 -0.0000000000e+00
9.1560000000e+04 3.2655633742e-14 1.0717866078e-15 1.8331872757e+08 1.9986674959e+07 8.6402574092e-19 4.6961885116e-20 -1.7854816726e+03 1.9351998151e+02 -4.6638892572e+09 -1.0016632492e+07 1.9253762208e+06 3.6000000000e+03 0.0000000000e+00 -0.0000000000e+00
9.5160000000e+04 3.5876092982e-14 1.2531264959e-15 1.7681373233e+08 2.0674721145e+07 9.2583540842e-19 5.3944919488e-20 -1.8289084178e+03 1.8861378371e+02 -4.6638892443e+09 -1.0016632492e+07 1.9253762208e+06 3.6000000000e+03 0.0000000000e+00 -0.0000000000e+00
9.8760000000e+04 3.9327157778e-14 1.4614652957e-15 1.7014671633e+08 2.1343798214e+07 9.9223979936e-19 6.1992087658e-20 -1.8755633616e+03 1.8295993803e+02 -4.6638892264e+09 -1.0016632492e+07 1.9253762208e+06 3.6000000000e+03 0.0000000000e+00 -0.0000000000e+00
1.0236000000e+05 4.3026520028e-14 1.7009938690e-15 1.6330524947e+08 2.1990961714e+07 1.0638994924e-18 7.1311422217e-20 -1.9259106189e+03 1.7641228321e+02 -4.6638892012e+09 -1.0016632492e+07 1.9253762208e+06 3.6000000000e+03 0.0000000000e+00 -0.0000000000e+00
1.0596000000e+05 4.6994499612e-14 1.9767481551e-15 1.5627505523e+08 2.2612673455e+07 1.1416201414e-18 8.2167159356e-20 -1.9805162325e+03 1.6878517001e+02 -4.6638891649e+09 -1.0016632492e+07 1.9253762208e+06 3.6000000000e+03 0.0000000000e+00 -0.0000000000e+00
1.0956000000e+05 5.1254642136e-14 2.2948456023e-15 1.4903959075e+08 2.3204635389e+07 1.2263968325e-18 9.4899918171e-20 -2.0400793383e+03 1.5983928346e+02 -4.6638891114e+09 -1.0016632492e+07 1.9253762208e+06 3.6000000000e+03 0.0000000000e+00 -0.0000000000e+00
1.1316000000e+05 5.5834506493e-14 2.6628098219e-15 1.4157949346e+08 2.3761561516e+07 1.3194763883e-18 1.0995622479e-19 -2.1054759392e+03 1.4926089957e+02 -4.6638890301e+09 -1.0016632492e+07 1.9253762208e+06 3.3307831307e+03 0.0000000000e+00 -0.0000000000e+00
1.1615497972e+05 5.9911598546e-14 3.0136145511e-15 1.3518561053e+08 2.4193497620e+07 1.4043692080e-18 1.2467606932e-19 -2.1651206356e+03 1.3891890997e+02 -4.6638889813e+09 -1.0016632492e+07 1.9253762208e+06 3.0143580773e+03 0.0000000000e+00 -0.0000000000e+00
1.1916933779e+05 6.4283611802e-14 3.4148279718e-15 1.2856168345e+08 2.4594406657e+07 1.4978857956e-18 1.4198859689e-19 -2.2308242898e+03 1.2675533178e+02 -4.6638889060e+09 -1.0016632492e+07 1.9253762208e+06 2.7221983079e+03 0.0000000000e+00 -0.0000000000e+00
1.2161573980e+05 6.8048019947e-14 3.7816788903e-15 1.2303394754e+08 2.4890807899e+07 1.5807474530e-18 1.5829582602e-19 -2.2890419155e+03 1.1529806444e+02 -4.6638888668e+09 -1.0016632492e+07 1.9253762208e+06 2.4629911334e+03 0.0000000000e+00 -0.0000000000e+00
1.2407873093e+05 7.2051569261e-14 4.1942927019e-15 1.1731864477e+08 2.5158814355e+07 1.6715473906e-18 1.7721591414e-19 -2.3528368834e+03 1.0200503312e+02 -4.6638888078e+09 -1.0016632492e+07 1.9253762208e+06 2.2230993167e+03 0.0000000000e+00 -0.0000000000e+00
1.2607336825e+05 7.5464290287e-14 4.5649069809e-15 1.1257037196e+08 2.5350240095e+07 1.7513580958e-18 1.9475954675e-19 -2.4089109459e+03 8.9679083241e+01 -4.6638887782e+09 -1.0016632492e+07 1.9253762208e+06 2.0095287984e+03 0.0000000000e+00 -0.0000000000e+00
1.2788062379e+05 7.8698976491e-14 4.9327889129e-15 1.0816800012e+08 2.5501140795e+07 1.8292543716e-18 2.1271219829e-19 -2.4636399529e+03 7.7065761477e+01 -4.6638887531e+09 -1.0016632492e+07 1.9253762208e+06 1.8212426420e+03 0.0000000000e+00 -0.0000000000e+00
1.2951240140e+05 8.1744817378e-14 5.2944541950e-15 1.0410509678e+08 2.5616660883e+07 1.9047776069e-18 2.3090605664e-19 -2.5167016895e+03 6.4282970648e+01 -4.6638887324e+09 -1.0016632492e+07 1.9253762207e+06 1.6459711969e+03 0.0000000000e+00 -0.0000000000e+00
1.3097806808e+05 8.4589195974e-14 5.6460046251e-15 1.0037948814e+08 2.5701660952e+07 1.9773630277e-18 2.4912857506e-19 -2.5676993522e+03 5.1480043588e+01 -4.6638887161e+09 -1.0016632492e+07 1.9253762207e+06 1.4807432380e+03 0.0000000000e+00 -0.0000000000e+00
1.3228284433e+05 8.7213679623e-14 5.9825876670e-15 9.6997972780e+07 2.5760732864e+07 2.0462303301e-18 2.6708964851e-19 -2.6160847086e+03 3.8860804686e+01 -4.6638887040e+09 -1.0016632492e+07 1.9253762207e+06 1.3219623618e+03 0.0000000000e+00 -0.0000000000e+00
1.3342543777e+05 8.9587892337e-14 6.2974843771e-15 9.3983415504e+07 2.5798304520e+07 2.1102022869e-18 2.8436427072e-19 -2.6610306529e+03 2.6723858351e+01 -4.6638886960e+09 -1.0016632492e+07 1.9253762208e+06 1.1646520114e+03 0.0000000000e+00 -0.0000000000e+00
1.3439074216e+05 9.1652158622e-14 6.5795427299e-15 9.1395545201e+07 2.5818789418e+07 2.1671922597e-18 3.0023555843e-19 -2.7010711373e+03 1.5572878330e+01 -4.6638886916e+09 -1.0016632492e+07 1.9253762208e+06 1.0009133174e+03 0.0000000000e+00 -0.0000000000e+00
1.3511037324e+05 9.3227610074e-14 6.8001184810e-15 8.9440618595e+07 2.5826822616e+07 2.2115885099e-18 3.1291622206e-19 -2.7322634204e+03 6.6635932491e+00 -4.6638886903e+09 -1.0016632492e+07 1.9253762208e+06 8.2393961722e+02 0.0000000000e+00 -0.0000000000e+00
1.3584506161e+05 9.4869639069e-14 7.0350193915e-15 8.7421171473e+07 2.5828201825e+07 2.2587292679e-18 3.2668601475e-19 -2.7653839623e+03 -3.0109010979e+00 -4.6638886887e+09 -1.0016632492e+07 1.9253762208e+06 6.9831311815e+02 0.0000000000e+00 -0.0000000000e+00
1.3654337472e+05 9.6463113243e-14 7.2679627112e-15 8.5478703986e+07 2.5822716880e+07 2.3053587637e-18 3.4061738980e-19 -2.7981452975e+03 -1.2798921309e+01 -4.6638886872e+09 -1.0016632492e+07 1.9253762208e+06 8.6203283934e+02 0.0000000000e+00 -0.0000000000e+00
1.3740540756e+05 9.8476140200e-14 7.5694332695e-15 8.3048531853e+07 2.5806170452e+07 2.3655654603e-18 3.5906535059e-19 -2.8404458142e+03 -2.5760241525e+01 -4.6638886820e+09 -1.0016632492e+07 1.9253762208e+06 9.4455497471e+02 0.0000000000e+00 -0.0000000000e+00
1.3834996254e+05 1.0074311563e-13 7.9188191225e-15 8.0342692171e+07 2.5774651790e+07 2.4351947166e-18 3.8105184571e-19 -2.8893665106e+03 -4.1207694330e+01 -4.6638886714e+09 -1.0016632492e+07 1.9253762208e+06 9.8487523490e+02 0.0000000000e+00 -0.0000000000e+00
1.3933483777e+05 1.0317905073e-13 8.3063010367e-15 7.7470628913e+07 2.5725500421e+07 2.5123005246e-18 4.0622141793e-19 -2.9435401441e+03 -5.8891539663e+01 -4.6638886544e+09 -1.0016632492e+07 1.9253762207e+06 9.9972411902e+02 0.0000000000e+00 -0.0000000000e+00
1.4033456189e+05 1.0573193916e-13 8.7262866441e-15 7.4498897289e+07 2.5656875833e+07 2.5958180112e-18 4.3446859524e-19 -3.0022185476e+03 -7.8737674118e+01 -4.6638886300e+09 -1.0016632492e+07 1.9253762207e+06 9.9761982892e+02 0.0000000000e+00 -0.0000000000e+00
1.4133218172e+05 1.0836558449e-13 9.1750701889e-15 7.1472906572e+07 2.5567541499e+07 2.6850875108e-18 4.6580613876e-19 -3.0649382478e+03 -1.0075506352e+02 -4.6638885972e+09 -1.0016632492e+07 1.9253762207e+06 9.8367633617e+02 0.0000000000e+00 -0.0000000000e+00
1.4231585806e+05 1.1105279140e-13 9.6499271085e-15 6.8425715506e+07 2.5456729911e+07 2.7796679681e-18 5.0031500696e-19 -3.1313893644e+03 -1.2500058833e+02 -4.6638885552e+09 -1.0016632492e+07 1.9253762207e+06 9.6129568517e+02 0.0000000000e+00 -0.0000000000e+00
1.4327715374e+05 1.1377213331e-13 1.0148698163e-14 6.5382320748e+07 2.5324046984e+07 2.8792492772e-18 5.3812196354e-19 -3.2013540207e+03 -1.5156331124e+02 -4.6638885030e+09 -1.0016632492e+07 1.9253762207e+06 9.3289229003e+02 0.0000000000e+00 -0.0000000000e+00
1.4421004603e+05 1.1650620737e-13 1.0669574667e-14 6.2362046685e+07 2.5169399236e+07 2.9836053803e-18 5.7938846229e-19 -3.2746733910e+03 -1.8055666777e+02 -4.6638884397e+09 -1.0016632492e+07 1.9253762207e+06 9.0025243152e+02 0.0000000000e+00 -0.0000000000e+00
1.4511029846e+05 1.1924060009e-13 1.1210978597e-14 5.9380012440e+07 2.4992935749e+07 3.0925666614e-18 6.2430484509e-19 -3.3512283052e+03 -2.1211438990e+02 -4.6638883645e+09 -1.0016632492e+07 1.9253762207e+06 8.6473356256e+02 0.0000000000e+00 -0.0000000000e+00
1.4597503203e+05 1.2196322768e-13 1.1771492108e-14 5.6448100647e+07 2.4795000543e+07 3.2060024298e-18 6.7308733369e-19 -3.4309269415e+03 -2.4638839248e+02 -4.6638882763e+09 -1.0016632492e+07 1.9253762207e+06 8.2738471583e+02 0.0000000000e+00 -0.0000000000e+00
1.4680241674e+05 1.2466388959e-13 1.2349814753e-14 5.3575634582e+07 2.4576092781e+07 3.3238090778e-18 7.2597662921e-19 -3.5136965065e+03 -2.8354778928e+02 -4.6638881743e+09 -1.0016632492e+07 1.9253762207e+06 7.8902442741e+02 0.0000000000e+00 -0.0000000000e+00
1.4759144117e+05 1.2733395057e-13 1.2944737079e-14 5.0769873181e+07 2.4336833103e+07 3.4459016045e-18 7.8323751594e-19 -3.5994772793e+03 -3.2377861464e+02 -4.6638880574e+09 -1.0016632492e+07 1.9253762207e+06 7.5029403907e+02 0.0000000000e+00 -0.0000000000e+00
1.4834173521e+05 1.2996610402e-13 1.3555124348e-14 4.8036386119e+07 2.4077934931e+07 3.5722072096e-18 8.4515914402e-19 -3.6882181115e+03 -3.6728402204e+02 -4.6638879247e+09 -1.0016632492e+07 1.9253762207e+06 7.1169584107e+02 0.0000000000e+00 -0.0000000000e+00
1.4905343105e+05 1.3255418888e-13 1.4179906693e-14 4.5379346297e+07 2.3800179881e+07 3.7026601853e-18 9.1205580937e-19 -3.7798728375e+03 -4.1428483209e+02 -4.6638877750e+09 -1.0016632492e+07 1.9253762207e+06 6.7362137743e+02 0.0000000000e+00 -0.0000000000e+00
1.4972705243e+05 1.3509304325e-13 1.4818073490e-14 4.2801763227e+07 2.3504396643e+07 3.8371976209e-18 9.8426812918e-19 -3.8743972569e+03 -4.6502035843e+02 -4.6638876073e+09 -1.0016632492e+07 1.9253762207e+06 6.3637307321e+02 0.0000000000e+00 -0.0000000000e+00
1.5036342550e+05 1.3757838388e-13 1.5468670520e-14 4.0305672706e+07 2.3191442774e+07 3.9757555956e-18 1.0621645578e-18 -3.9717464598e+03 -5.1974947276e+02 -4.6638874205e+09 -1.0016632492e+07 1.9253762207e+06 6.0018114066e+02 0.0000000000e+00 -0.0000000000e+00
1.5096360664e+05 1.4000670462e-13 1.6130799032e-14 3.7892293248e+07 2.2862189012e+07 4.1182656332e-18 1.1461432174e-18 -4.0718723357e+03 -5.7875189101e+02 -4.6638872134e+09 -1.0016632492e+07 1.9253762208e+06 5.6521704271e+02 0.0000000000e+00 -0.0000000000e+00
1.5152882368e+05 1.4237518924e-13 1.6803616121e-14 3.5562156594e+07 2.2517505694e+07 4.2646512461e-18 1.2366340381e-18 -4.1747211452e+03 -6.4232967702e+02 -4.6638869848e+09 -1.0016632492e+07 1.9253762207e+06 5.3160436455e+02 0.0000000000e+00 -0.0000000000e+00
1.5206042805e+05 1.4468163534e-13 1.7486336035e-14 3.3315217581e+07 2.2158250998e+07 4.4148244311e-18 1.3341012176e-18 -4.2802310582e+03 -7.1080897071e+02 -4.6638867334e+09 -1.0016632492e+07 1.9253762207e+06 4.9942768771e+02 0.0000000000e+00 -0.0000000000e+00
1.5255985574e+05 1.4692438718e-13 1.8178232180e-14 3.1150947276e+07 2.1785260693e+07 4.5686819940e-18 1.4390460236e-18 -4.3883295718e+03 -7.8454195676e+02 -4.6638864581e+09 -1.0016632492e+07 1.9253762207e+06 4.6873989614e+02 0.0000000000e+00 -0.0000000000e+00
1.5302859563e+05 1.4910227595e-13 1.8878639696e-14 2.9068412328e+07 2.1399339160e+07 4.7261015886e-18 1.5520099727e-18 -4.4989307270e+03 -8.6390909835e+02 -4.6638861576e+09 -1.0016632492e+07 1.9253762207e+06 4.3956822831e+02 0.0000000000e+00 -0.0000000000e+00
1.5346816386e+05 1.5121456625e-13 1.9586958523e-14 2.7066342796e+07 2.1001251416e+07 4.8869373522e-18 1.6735784350e-18 -4.6119320423e+03 -9.4932166975e+02 -4.6638858305e+09 -1.0016632492e+07 1.9253762207e+06 4.1191931164e+02 0.0000000000e+00 -0.0000000000e+00
1.5388008317e+05 1.5326090787e-13 2.0302656983e-14 2.5143190266e+07 2.0591715939e+07 5.0510150082e-18 1.8043847260e-18 -4.7272110730e+03 -1.0412246309e+03 -4.6638854756e+09 -1.0016632492e+07 1.9253762208e+06 3.8578336861e+02 0.0000000000e+00 -0.0000000000e+00
1.5426586654e+05 1.5524129249e-13 2.1025275913e-14 2.3297177650e+07 2.0171398042e+07 5.2181262901e-18 1.9451147644e-18 -4.8446214937e+03 -1.1400999002e+03 -4.6638850916e+09 -1.0016632492e+07 1.9253762207e+06 3.6113773727e+02 0.0000000000e+00 -0.0000000000e+00
1.5462700428e+05 1.5715601460e-13 2.1754433476e-14 2.1526341834e+07 1.9740903577e+07 5.3880225142e-18 2.0965123964e-18 -4.9639885820e+03 -1.2464700953e+03 -4.6638846773e+09 -1.0016632492e+07 1.9253762207e+06 3.3794982502e+02 0.0000000000e+00 -0.0000000000e+00
1.5496495410e+05 1.5900563629e-13 2.2489830783e-14 1.9828570084e+07 1.9300772734e+07 5.5604070879e-18 2.2593855143e-18 -5.0851039554e+03 -1.3609028318e+03 -4.6638842315e+09 -1.0016632492e+07 1.9253762208e+06 3.1617959364e+02 0.0000000000e+00 -0.0000000000e+00
1.5528113370e+05 1.6079095571e-13 2.3231258590e-14 1.8201630978e+07 1.8851473653e+07 5.7349266922e-18 2.4346131304e-18 -5.2077193762e+03 -1.4840156934e+03 -4.6638837532e+09 -1.0016632492e+07 1.9253762207e+06 2.9578165712e+02 0.0000000000e+00 -0.0000000000e+00
1.5557691535e+05 1.6251297901e-13 2.3978605341e-14 1.6643200470e+07 1.8393395556e+07 5.9111608031e-18 2.6231536152e-18 -5.3315393892e+03 -1.6164820199e+03 -4.6638832414e+09 -1.0016632492e+07 1.9253762208e+06 2.7670705884e+02 0.0000000000e+00 -0.0000000000e+00
1.5585362241e+05 1.6417289542e-13 2.4731866985e-14 1.5150883563e+07 1.7926841044e+07 6.0886091207e-18 2.8260543687e-18 -5.4562124895e+03 -1.7590377023e+03 -4.6638826953e+09 -1.0016632492e+07 1.9253762208e+06 2.5890479480e+02 0.0000000000e+00 -0.0000000000e+00
1.5611252721e+05 1.6577205555e-13 2.5491159115e-14 1.3722231976e+07 1.7452017107e+07 6.2666763405e-18 3.0444632797e-18 -5.5813204232e+03 -1.9124892336e+03 -4.6638821146e+09 -1.0016632492e+07 1.9253762208e+06 2.4232313306e+02 0.0000000000e+00 -0.0000000000e+00
1.5635485034e+05 1.6731195285e-13 2.6256732152e-14 1.2354758046e+07 1.6969024286e+07 6.4446535112e-18 3.2796424384e-18 -5.7063650895e+03 -2.0777233437e+03 -4.6638814992e+09 -1.0016632492e+07 1.9253762208e+06 2.2691078820e+02 0.0000000000e+00 -0.0000000000e+00
1.5658176113e+05 1.6879420817e-13 2.7028990602e-14 1.1045945019e+07 1.6477843248e+07 6.6216949598e-18 3.5329847337e-18 -5.8307523284e+03 -2.2557186599e+03 -4.6638808494e+09 -1.0016632492e+07 1.9253762208e+06 2.1261800257e+02 0.0000000000e+00 -0.0000000000e+00
1.5679437913e+05 1.7022055773e-13 2.7808517761e-14 9.7932537272e+06 1.5978317771e+07 6.7967893744e-18 3.8060341889e-18 -5.9537716043e+03 -2.4475599948e+03 -4.6638801665e+09 -1.0016632492e+07 1.9253762208e+06 1.9939759553e+02 0.0000000000e+00 -0.0000000000e+00
1.5699377673e+05 1.7159284463e-13 2.8596107849e-14 8.5941255103e+06 1.5470132758e+07 6.9687230699e-18 4.1005112154e-18 -6.0745701959e+03 -2.6544560891e+03 -4.6638794524e+09 -1.0016632492e+07 1.9253762208e+06 1.8720605370e+02 0.0000000000e+00 -0.0000000000e+00
1.5718098278e+05 1.7291301444e-13 2.9392808348e-14 7.4459810059e+06 1.4952785311e+07 7.1360326038e-18 4.4183444395e-18 -6.1921199061e+03 -2.8777619732e+03 -4.6638787105e+09 -1.0016632492e+07 1.9253762208e+06 1.7600475431e+02 0.0000000000e+00 -0.0000000000e+00
1.5735698753e+05 1.7418311541e-13 3.0199976659e-14 6.3462141876e+06 1.4425546043e+07 7.2969425995e-18 4.7617114517e-18 -6.3051733760e+03 -3.1190075963e+03 -4.6638779457e+09 -1.0016632492e+07 1.9253762208e+06 1.6576144919e+02 0.0000000000e+00 -0.0000000000e+00
1.5752274898e+05 1.7540530456e-13 3.1019357091e-14 5.2921806422e+06 1.3887406421e+07 7.4492825545e-18 5.1330918657e-18 -6.4122056361e+03 -3.3799351061e+03 -4.6638771652e+09 -1.0016632492e+07 1.9253762208e+06 1.5645219425e+02 0.0000000000e+00 -0.0000000000e+00
1.5767920118e+05 1.7658186072e-13 3.1853187353e-14 4.2811785821e+06 1.3337005833e+07 7.5903730531e-18 5.5353376261e-18 -6.5113341606e+03 -3.6625482449e+03 -4.6638763792e+09 -1.0016632492e+07 1.9253762208e+06 1.4806399185e+02 0.0000000000e+00 -0.0000000000e+00
1.5782726517e+05 1.7771520653e-13 3.2704348590e-14 3.3104204926e+06 1.2772528655e+07 7.7168661948e-18 5.9717677900e-18 -6.6002067538e+03 -3.9691789437e+03 -4.6638756020e+09 -1.0016632492e+07 1.9253762208e+06 1.4059853827e+02 0.0000000000e+00 -0.0000000000e+00
1.5796786371e+05 1.7880794126e-13 3.3576580828e-14 2.3769927613e+06 1.2191556202e+07 7.8245154090e-18 6.4462982468e-18 -6.6758398252e+03 -4.3025784599e+03 -4.6638748538e+09 -1.0016632492e+07 1.9253762208e+06 1.3050972288e+02 0.0000000000e+00 -0.0000000000e+00
1.5807697363e+05 1.7966561290e-13 3.4302206538e-14 1.6458246385e+06 1.1706455134e+07 7.8942104967e-18 6.8619906966e-18 -6.7248067739e+03 -4.5946390846e+03 -4.6638746055e+09 -1.0016632492e+07 1.9253762207e+06 1.1180201404e+02 0.0000000000e+00 -0.0000000000e+00
1.5816931547e+05 1.8039677215e-13 3.4953535998e-14 1.0233026007e+06 1.1269755516e+07 7.9391855227e-18 7.2509630279e-18 -6.7564056980e+03 -4.8679264684e+03 -4.6638744877e+09 -1.0016632492e+07 1.9253762207e+06 9.5426811969e+01 1.5155161128e-292 -1.0727273011e-284
1.5824322039e+05 1.8098446344e-13 3.5501774434e-14 5.2330603269e+05 1.0901310203e+07 7.9626775250e-18 7.5896072418e-18 -6.7729109025e+03 -5.1058539091e+03 -4.6638744474e+09 -1.0016632492e+07 1.9253762207e+06 7.9344609128e+01 2.1476800799e-268 -1.5483886108e-260
1.5828026171e+05 1.8127954535e-13 3.5786208656e-14 2.7233445874e+05 1.0709860473e+07 7.9692707028e-18 7.7692015910e-18 -6.7775431917e+03 -5.2320347860e+03 -4.6638744460e+09 -1.0016632492e+07 1.9253762207e+06 6.7383551184e+01 2.3586861143e-256 -1.7165978027e-248
1.5834087241e+05 1.8176268486e-13 3.6266371951e-14 -1.3853898340e+05 1.0386232613e+07 7.9711376753e-18 8.0781720030e-18 -6.7788549046e+03 -5.4491137625e+03 -4.6638744315e+09 -1.0016632492e+07 1.9253762207e+06 5.7334800667e+01 9.0440022130e-237 -6.6860828010e-229
1.5839820721e+05 1.8221947697e-13 3.6738344861e-14 -5.2704064266e+05 1.0067617183e+07 7.9609456117e-18 8.3886034831e-18 -6.7716940806e+03 -5.6672192683e+03 -4.6638744212e+09 -1.0016632492e+07 1.9253762207e+06 7.2647767869e+01 2.0645979889e-218 -1.5496268985e-210
1.5847085497e+05 1.8279676766e-13 3.7362834380e-14 -1.0182484032e+06 9.6453139917e+06 7.9277920820e-18 8.8087782190e-18 -6.7484008007e+03 -5.9624290945e+03 -4.6638743939e+09 -1.0016632492e+07 1.9253762207e+06 8.0413433758e+01 1.9116335802e-195 -1.4632252068e-187
1.5855126841e+05 1.8343174179e-13 3.8091092737e-14 -1.5591351476e+06 9.1518630751e+06 7.8586204252e-18 9.3106622684e-18 -6.6998016084e+03 -6.3150469231e+03 -4.6638743599e+09 -1.0016632492e+07 1.9253762207e+06 8.5021174084e+01 1.6301788642e-170 -1.2757571127e-162
1.5863628958e+05 1.8409518062e-13 3.8906787504e-14 -2.1254507386e+06 8.5980240862e+06 7.7388949731e-18 9.8849194131e-18 -6.6156839143e+03 -6.7185132370e+03 -4.6638743162e+09 -1.0016632492e+07 1.9253762207e+06 8.8652594153e+01 7.0179741610e-145 -5.6246496771e-137
1.5872494218e+05 1.8477341059e-13 3.9811418627e-14 -2.7064377835e+06 7.9825220311e+06 7.5497207668e-18 1.0531545813e-17 -6.4827723425e+03 -7.1728253380e+03 -4.6638741916e+09 -1.0016632492e+07 1.9253762207e+06 9.3251743152e+01 3.5278736819e-119 -2.8992218961e-111
1.5881819392e+05 1.8546479288e-13 4.0827151170e-14 -3.3020852512e+06 7.2900032009e+06 7.2616307798e-18 1.1261081027e-17 -6.2803637069e+03 -7.6853881970e+03 -4.6638736829e+09 -1.0016632492e+07 1.9253762207e+06 1.0322576562e+02 1.3231699890e-93 -1.1162736452e-85
1.5892141968e+05 1.8619239276e-13 4.2033368120e-14 -3.9349324280e+06 6.4659115312e+06 6.8099327100e-18 1.2116139425e-17 -5.9630059572e+03 -8.2861421679e+03 -4.6638712440e+09 -1.0016632492e+07 1.9253762207e+06 1.0047091898e+02 1.5071979448e-67 -1.3078554193e-59
1.5901011106e+05 1.8677421028e-13 4.3141440279e-14 -4.4482269182e+06 5.7074829823e+06 6.2877475390e-18 1.2872313879e-17 -5.5961247994e+03 -8.8174214432e+03 -4.6638685084e+09 -1.0016632492e+07 1.9253762207e+06 8.8714145091e+01 1.4990816284e-47 -1.3307117447e-39
1.5909882521e+05 1.8730366436e-13 4.4316815877e-14 -4.9247582991e+06 4.9017729866e+06 5.6237459510e-18 1.3621964576e-17 -5.1296050955e+03 -9.3441172033e+03 -4.6638636059e+09 -1.0016632492e+07 1.9253762207e+06 8.0370398538e+01 2.8712303843e-30 -2.6015047979e-22
1.5917919560e+05 1.8772707680e-13 4.5437835899e-14 -5.3169535739e+06 4.1323625958e+06 4.8919933788e-18 1.4266189726e-17 -4.6154843471e+03 -9.7967422141e+03 -4.6638592161e+09 -1.0016632492e+07 1.9253762207e+06 7.4413406170e+01 2.1825086002e-17 -2.0090222462e-09
1.5924580645e+05 1.8803010248e-13 4.6404600098e-14 -5.6083519017e+06 3.4682137901e+06 4.1928509916e-18 1.4751990942e-17 -4.1242751310e+03 -1.0138060433e+04 -4.6638571921e+09 -1.0016632492e+07 1.9253762210e+06 6.7377982310e+01 5.5062657199e-09 -5.1225501539e-01
1.5927740302e+05 1.8815695346e-13 4.6874059512e-14 -5.7347101655e+06 3.1455342205e+06 3.8337730913e-18 1.4961305907e-17 -3.8719912080e+03 -1.0285122626e+04 -4.6638610133e+09 -1.0016632367e+07 1.9253765505e+06 5.8310557187e+01 8.8275198938e-06 -8.2460899073e+02
1.5929226534e+05 1.8821263945e-13 4.7097114476e-14 -5.7913486480e+06 2.9921849669e+06 3.6592257965e-18 1.5054249048e-17 -3.7493560273e+03 -1.0350422552e+04 -4.6639439282e+09 -1.0016629776e+07 1.9253836264e+06 3.3625792509e+01 1.8721195546e-04 -1.7517977275e+04
1.5930726152e+05 1.8826617164e-13 4.7323549959e-14 -5.8466316141e+06 2.8364909964e+06 3.4796536901e-18 1.5144180141e-17 -3.6231854988e+03 -1.0413592087e+04 -4.6654329846e+09 -1.0016584903e+07 1.9255110680e+06 2.0482623474e+01 3.0979145944e-03 -2.9033690405e+05
1.5931951373e+05 1.8830789345e-13 4.7509534137e-14 -5.8903829593e+06 2.7085967125e+06 3.3304842274e-18 1.5214652234e-17 -3.5183388690e+03 -1.0462981728e+04 -4.6776408649e+09 -1.0016228581e+07 1.9265584522e+06 1.3776720784e+01 2.4915660304e-02 -2.3378083009e+06
1.5932943639e+05 1.8834033481e-13 4.7660778518e-14 -5.9248678435e+06 2.6045853169e+06 3.2081331906e-18 1.5269671003e-17 -3.4321888919e+03 -1.0501069505e+04 -4.7337750412e+09 -1.0014634167e+07 1.9313844370e+06 1.0400259878e+01 1.1737475804e-01 -1.1022161353e+07
1.5933775851e+05 1.8836660269e-13 4.7788041464e-14 -5.9531264376e+06 2.5170689054e+06 3.1044971388e-18 1.5314357065e-17 -3.3587909857e+03 -1.0530651088e+04 -4.9128294724e+09 -1.0009666466e+07 1.9468061443e+06 8.5050313498e+00 3.9100192264e-01 -3.6735920658e+07
1.5934501875e+05 1.8838881163e-13 4.7899365508e-14 -5.9772754443e+06 2.4405308697e+06 3.0133536422e-18 1.5352230734e-17 -3.2933005936e+03 -1.0552644182e+04 -5.3676186760e+09 -9.9973070948e+06 1.9860463945e+06 7.3407493127e+00 1.0386259733e+00 -9.7593533602e+07
1.5935157878e+05 1.8840830762e-13 4.8000186278e-14 -5.9986797835e+06 2.3712569308e+06 2.9304357329e-18 1.5385545769e-17 -3.2319104897e+03 -1.0565897484e+04 -6.3658525201e+09 -9.9706769656e+06 2.0723507212e+06 6.5969046335e+00 2.3656972494e+00 -2.2218076659e+08
1.5935817568e+05 1.8842736295e-13 4.8101791347e-14 -6.0197863887e+06 2.3015438436e+06 2.8465304633e-18 1.5418167858e-17 -3.1661265060e+03 -1.0566218663e+04 -8.5813605829e+09 -9.9125953739e+06 2.2644398118e+06 6.1391195004e+00 5.1038504525e+00 -4.7852808479e+08
1.5936431480e+05 1.8844459729e-13 4.8196536443e-14 -6.0390196366e+06 2.2367294008e+06 2.7679956080e-18 1.5447723580e-17 -3.0982797084e+03 -1.0544244383e+04 -1.2753366792e+10 -9.8049077505e+06 2.6277279659e+06 6.0429748753e+00 9.8726544358e+00 -9.2225526164e+08
1.5937035778e+05 1.8846108961e-13 4.8289972631e-14 -6.0575151809e+06 2.1731644472e+06 2.6902820167e-18 1.5476054012e-17 -3.0208391467e+03 -1.0485576532e+04 -2.0370082699e+10 -9.6107685427e+06 3.2955940330e+06 7.1218125846e+00 1.7861921730e+01 -1.6567362020e+09
1.5937567853e+05 1.8847522118e-13 4.8372381892e-14 -6.0733776388e+06 2.1176150576e+06 2.6215346819e-18 1.5500369670e-17 -2.9390861648e+03 -1.0385430216e+04 -3.1616125590e+10 -9.3264272810e+06 4.2920508374e+06 5.4868930535e+00 2.8613233708e+01 -2.6250660445e+09
1.5938007264e+05 1.8848661532e-13 4.8440535383e-14 -6.0861196938e+06 2.0722507646e+06 2.5645429907e-18 1.5520007019e-17 -2.8582328634e+03 -1.0253863111e+04 -4.5372709021e+10 -8.9795285983e+06 5.5276454714e+06 4.4463344159e+00 4.0591557084e+01 -3.6727474302e+09
1.5938400942e+05 1.8849661061e-13 4.8501668398e-14 -6.0972083673e+06 2.0321940096e+06 2.5133228714e-18 1.5537262009e-17 -2.7729201546e+03 -1.0087739060e+04 -6.1963119286e+10 -8.5602571257e+06 7.0427467081e+06 3.9535838423e+00 5.3727103820e+01 -4.7777491624e+09
1.5938796301e+05 1.8850644532e-13 4.8563129996e-14 -6.1079788412e+06 1.9927295726e+06 2.4617387922e-18 1.5554272234e-17 -2.6730419897e+03 -9.8664440002e+03 -8.3216653483e+10 -8.0193528453e+06 9.0253397776e+06 3.6334236605e+00 6.8850628504e+01 -5.9822986049e+09
1.5939159643e+05 1.8851530354e-13 4.8619673234e-14 -6.1175036875e+06 1.9573312105e+06 2.4142093911e-18 1.5569628306e-17 -2.5676460488e+03 -9.6095727010e+03 -1.0697555092e+11 -7.4073329310e+06 1.1300452284e+07 3.4163329472e+00 8.3824008194e+01 -7.0870589588e+09
1.5939501276e+05 1.8852347480e-13 4.8672888592e-14 -6.1260889985e+06 1.9249842448e+06 2.3694179371e-18 1.5583830514e-17 -2.4564672855e+03 -9.3191672753e+03 -1.3284266167e+11 -6.7298080065e+06 1.3853713990e+07 3.2737152676e+00 9.8071302386e+01 -8.0338657000e+09
1.5939828648e+05 1.8853116123e-13 4.8723927605e-14 -6.1339419335e+06 1.8949917420e+06 2.3264084272e-18 1.5597230703e-17 -2.3394730216e+03 -8.9970993064e+03 -1.6041549708e+11 -5.9922095562e+06 1.6671317652e+07 3.1728814660e+00 1.1109842551e+02 -8.7788230955e+09
1.5940145936e+05 1.8853847641e-13 4.8773436121e-14 -6.1411732143e+06 1.8669911569e+06 2.2846458979e-18 1.5610029054e-17 -2.2173977197e+03 -8.6469564958e+03 -1.8914206103e+11 -5.2039753149e+06 1.9723963294e+07 3.0933338845e+00 1.2244097617e+02 -9.2904907540e+09
1.5940455269e+05 1.8854548052e-13 4.8821742228e-14 -6.1478393372e+06 1.8408125499e+06 2.2438607795e-18 1.5622333905e-17 -2.0916223460e+03 -8.2741460898e+03 -2.1835300969e+11 -4.3784533662e+06 2.2966336315e+07 3.0215309581e+00 1.3172914078e+02 -9.5559738810e+09
1.5940757422e+05 1.8855220015e-13 4.8868963551e-14 -6.1539674000e+06 1.8163936444e+06 2.2039598015e-18 1.5634195369e-17 -1.9640059514e+03 -7.8856174510e+03 -2.4732564446e+11 -3.5320026523e+06 2.6339666411e+07 2.9497804002e+00 1.3874401623e+02 -9.5837979034e+09
1.5941052400e+05 1.8855864382e-13 4.8915097896e-14 -6.1595733598e+06 1.7937142107e+06 2.1649501795e-18 1.5645631604e-17 -1.8366094732e+03 -7.4890937617e+03 -2.7537568061e+11 -2.6820980501e+06 2.9778414965e+07 2.8758647727e+00 1.4344788538e+02 -9.4020874438e+09
1.5941339987e+05 1.8856481518e-13 4.8960108492e-14 -6.1646751621e+06 1.7727457905e+06 2.1268678374e-18 1.5656651438e-17 -1.7113619322e+03 -7.0919968916e+03 -3.0194862587e+11 -1.8449216985e+06 3.3219548811e+07 2.8013983947e+00 1.4597340423e+02 -9.0521393239e+09
1.5941620127e+05 1.8857072137e-13 4.9003983909e-14 -6.1692988446e+06 1.7534261146e+06 2.0897267615e-18 1.5667269133e-17 -1.5898040599e+03 -6.7005378473e+03 -3.2667196071e+11 -1.0334862893e+06 3.6610359562e+07 2.7293449480e+00 1.4657513484e+02 -8.5798847223e+09
1.5941893061e+05 1.8857637553e-13 4.9046759287e-14 -6.1734780774e+06 1.7356587895e+06 2.0535009679e-18 1.5677508968e-17 -1.4729965162e+03 -6.3193181271e+03 -3.4935383456e+11 -2.5696260765e+05 3.9911879478e+07 2.6621473163e+00 1.4556698704e+02 -8.0286203191e+09
1.5942159276e+05 1.8858179518e-13 4.9088508315e-14 -6.1772504497e+06 1.7193267773e+06 2.0181312692e-18 1.5687402757e-17 -1.3615673534e+03 -5.9514109734e+03 -3.6994597331e+11 4.7895743575e+05 4.3098175991e+07 2.6010688925e+00 1.4326983191e+02 -7.4348425123e+09
1.5942419383e+05 1.8858699950e-13 4.9129324810e-14 -6.1806537135e+06 1.7043072130e+06 1.9835408944e-18 1.5696985209e-17 -1.2558189604e+03 -5.5986780976e+03 -3.8849739540e+11 1.1712450584e+06 4.6153631838e+07 2.5463480536e+00 1.3997926164e+02 -6.8269631876e+09
1.5942674018e+05 1.8859200714e-13 4.9169306660e-14 -6.1837233759e+06 1.6904815803e+06 1.9496491619e-18 1.5706290167e-17 -1.1558335169e+03 -5.2621130731e+03 -4.0511522256e+11 1.8187199015e+06 4.9070003755e+07 2.4975953901e+00 1.3595109041e+02 -6.2257776896e+09
1.5942923777e+05 1.8859683503e-13 4.9208545944e-14 -6.1864916296e+06 1.6777407954e+06 1.9163799266e-18 1.5715348487e-17 -1.0615533738e+03 -4.9421190659e+03 -4.1993695848e+11 2.4214172444e+06 5.1844049107e+07 2.4541342468e+00 1.3139813544e+02 -5.6456738868e+09
1.5943169191e+05 1.8860149795e-13 4.9247124377e-14 -6.1889871455e+06 1.6659868149e+06 1.8836655136e-18 1.5724187231e-17 -9.7283545649e+02 -4.6387070143e+03 -4.3311267082e+11 2.9801490673e+06 5.4475836522e+07 2.4152152876e+00 1.2649279364e+02 -5.0959876545e+09
1.5943410712e+05 1.8860600850e-13 4.9285112122e-14 -6.1912352964e+06 1.6551323844e+06 1.8514477886e-18 1.5732829634e-17 -8.8948614916e+02 -4.3516297652e+03 -4.4479415357e+11 3.4962139255e+06 5.6967605571e+07 2.3801275266e+00 1.2137201301e+02 -4.5822370111e+09
1.5943648725e+05 1.8861037738e-13 4.9322568347e-14 -6.1932585403e+06 1.6451000008e+06 1.8196777337e-18 1.5741295452e-17 -8.1128328446e+02 -4.0804716369e+03 -4.5512859446e+11 3.9712075077e+06 5.9323007525e+07 2.3482459852e+00 1.1614286548e+02 -4.1071474275e+09
1.5943883549e+05 1.8861461361e-13 4.9359542542e-14 -6.1950768265e+06 1.6358206550e+06 1.7883143721e-18 1.5749601435e-17 -7.3799000727e+02 -3.8247084971e+03 -4.6425505391e+11 4.4068983687e+06 6.1546597546e+07 2.3190440410e+00 1.1088787343e+02 -3.6714621704e+09
1.5944115454e+05 1.8861872486e-13 4.9396076031e-14 -6.1967079658e+06 1.6272326246e+06 1.7573235125e-18 1.5757761818e-17 -6.6936361874e+02 -3.5837486924e+03 -4.7230267459e+11 4.8051452571e+06 6.3643489693e+07 2.2920892521e+00 1.0566974295e+02 -3.2745629622e+09
1.5944344663e+05 1.8862271768e-13 4.9432203434e-14 -6.1981679449e+06 1.6192804165e+06 1.7266765361e-18 1.5765788760e-17 -6.0516128003e+02 -3.3569613628e+03 -4.7938995610e+11 5.1678413932e+06 6.5619118890e+07 2.2670325426e+00 1.0053540119e+02 -2.9149343785e+09
1.5944571366e+05 1.8862659774e-13 4.9467953956e-14 -6.1994711870e+06 1.6119138782e+06 1.6963493193e-18 1.5773692724e-17 -5.4514371082e+02 -3.1436962591e+03 -4.8562468242e+11 5.4968765932e+06 6.7479074745e+07 2.2435950580e+00 9.5519350428e+01 -2.5905044476e+09
1.5944795726e+05 1.8863036998e-13 4.9503352480e-14 -6.2006307625e+06 1.6050874691e+06 1.6663213232e-18 1.5781482795e-17 -4.8907759241e+02 -2.9432977517e+03 -4.9110424197e+11 5.7941114064e+06 6.9228984365e+07 2.2215560904e+00 9.0646403674e+01 -2.2988897414e+09
1.5945017881e+05 1.8863403876e-13 4.9538420469e-14 -6.2016585611e+06 1.5987596642e+06 1.6365748380e-18 1.5789166938e-17 -4.3673709379e+02 -2.7551146952e+03 -4.9591617771e+11 6.0613596355e+06 7.0874430045e+07 2.2007419037e+00 8.5933882119e+01 -2.0375680581e+09
1.5945237955e+05 1.8863760801e-13 4.9573176702e-14 -6.2025654315e+06 1.5928924688e+06 1.6070943738e-18 1.5796752204e-17 -3.8790481478e+02 -2.5785073654e+03 -5.0013885957e+11 6.3003766747e+06 7.2420891554e+07 2.1810164161e+00 8.1393359639e+01 -1.8039972154e+09
1.5945456057e+05 1.8864108123e-13 4.9607637853e-14 -6.2033612962e+06 1.5874510202e+06 1.5778661703e-18 1.5804244899e-17 -3.4237232656e+02 -2.4128522568e+03 -5.0384221172e+11 6.5128519934e+06 7.3873706357e+07 2.1622736554e+00 7.7032032598e+01 -1.5956942554e+09
1.5945672284e+05 1.8864446167e-13 4.9641818966e-14 -6.2040552475e+06 1.5824032565e+06 1.5488778064e-18 1.5811650724e-17 -2.9994043337e+02 -2.2575453073e+03 -5.0708845057e+11 6.7004045762e+06 7.5238043010e+07 2.1444310679e+00 7.2853784786e+01 -1.4102859910e+09
1.5945886727e+05 1.8864775230e-13 4.9675733818e-14 -6.2046556275e+06 1.5777196413e+06 1.5201178959e-18 1.5818974873e-17 -2.6041925480e+02 -2.1120040146e+03 -5.0993280500e+11 6.8645804086e+06 7.6518883815e+07 2.1274246741e+00 6.8860009082e+01 -1.2455391767e+09
1.5946099470e+05 1.8865095588e-13 4.9709395207e-14 -6.2051700971e+06 1.5733729287e+06 1.4915758474e-18 1.5826222126e-17 -2.2362817675e+02 -1.9756687015e+03 -5.1242420300e+11 7.0068514581e+06 7.7721014577e+07 2.1112045134e+00 6.5050235477e+01 -1.0993763434e+09
1.5946310590e+05 1.8865407499e-13 4.9742815176e-14 -6.2056056956e+06 1.5693379632e+06 1.4632416828e-18 1.5833396918e-17 -1.8939572711e+02 -1.8480032096e+03 -5.1460591428e+11 7.1286156492e+06 7.8849019109e+07 2.0957315196e+00 6.1422608902e+01 -9.6988182603e+08
1.5946520164e+05 1.8865711207e-13 4.9776005174e-14 -6.2059688933e+06 1.5655915040e+06 1.4351058977e-18 1.5840503384e-17 -1.5755939418e+02 -1.7284951445e+03 -5.1651614496e+11 7.2311975704e+06 7.9907277483e+07 2.0809744799e+00 5.7974249903e+01 -8.5530116621e+08
1.5946728261e+05 1.8866006942e-13 4.9808976187e-14 -6.2062656378e+06 1.5621120718e+06 1.4071593608e-18 1.5847545414e-17 -1.2796541762e+02 -1.6166558305e+03 -5.1818858254e+11 7.3158496528e+06 8.0899966653e+07 2.0669078718e+00 5.4701526641e+01 -7.5403624079e+08
1.5946934952e+05 1.8866294919e-13 4.9841738820e-14 -6.2065013960e+06 1.5588798118e+06 1.3793932421e-18 1.5854526674e-17 -1.0046855879e+02 -1.5120200420e+03 -5.1965289201e+11 7.3837536921e+06 8.1831062942e+07 2.0535102104e+00 5.1600259243e+01 -6.6463771841e+08
1.5947140303e+05 1.8866575346e-13 4.9874303364e-14 -6.2066811929e+06 1.5558763703e+06 1.3517989626e-18 1.5861450641e-17 -7.4931858795e+01 -1.4141455727e+03 -5.2093516526e+11 7.4360226048e+06 8.2704345862e+07 2.0407625168e+00 4.8665873342e+01 -5.8579598009e+08
1.5947344379e+05 1.8866848417e-13 4.9906679829e-14 -6.2068096461e+06 1.5530847828e+06 1.3243681640e-18 1.5868320616e-17 -5.1226392874e+01 -1.3226126999e+03 -5.2205832612e+11 7.4737023360e+06 8.3523402772e+07 2.0286473100e+00 4.5893516168e+01 -5.1633129314e+08
1.5947526085e+05 1.8867086843e-13 4.9935519048e-14 -6.2068845784e+06 1.5507520293e+06 1.2999378792e-18 1.5874428952e-17 -3.1454456375e+01 -1.2457067413e+03 -5.2294554567e+11 7.4958661352e+06 8.4213582400e+07 1.8577394989e+00 4.3544438809e+01 -4.6121756887e+08
1.5947672147e+05 1.8867275280e-13 4.9958709141e-14 -6.2069194579e+06 1.5489757971e+06 1.2802956287e-18 1.5879333599e-17 -1.6431810056e+01 -1.1868920113e+03 -5.2358948040e+11 7.5062551090e+06 8.4742798159e+07 1.5554945344e+00 4.1736728308e+01 -4.2110476018e+08
1.5947771115e+05 1.8867401330e-13 4.9974426291e-14 -6.2069308656e+06 1.5478202397e+06 1.2669843633e-18 1.5882654260e-17 -6.6776429144e+00 -1.1485098453e+03 -5.2399363745e+11 7.5096706527e+06 8.5088877555e+07 1.2828626759e+00 4.0552225436e+01 -3.9589104770e+08
1.5947899402e+05 1.8867562760e-13 4.9994804315e-14 -6.2069315801e+06 1.5463778778e+06 1.2497273089e-18 1.5886955625e-17 5.4720116185e+00 -1.1004690779e+03 -5.2448170528e+11 7.5098835873e+06 8.5522911831e+07 1.2021636576e+00 3.9064831130e+01 -3.6541644627e+08
1.5948019618e+05 1.8867712025e-13 5.0013905457e-14 -6.2069184065e+06 1.5450811330e+06 1.2335532763e-18 1.5890983482e-17 1.6366693188e+01 -1.0571525261e+03 -5.2490490759e+11 7.5058970581e+06 8.5915156881e+07 1.4288480713e+00 3.7719654608e+01 -3.3898175697e+08
1.5948162503e+05 1.8867886908e-13 5.0036614676e-14 -6.2068861200e+06 1.5436061889e+06 1.2143262603e-18 1.5895767350e-17 2.8719764193e+01 -1.0077378217e+03 -5.2536827893e+11 7.4960744221e+06 8.6363751128e+07 1.5507623789e+00 3.6181243831e+01 -3.1004610079e+08
1.5948317579e+05 1.8868073603e-13 5.0061269258e-14 -6.2068316406e+06 1.5420834343e+06 1.1934549203e-18 1.5900955335e-17 4.1421810174e+01 -9.5655760205e+02 -5.2582656001e+11 7.4793981706e+06 8.6829765641e+07 1.6259326360e+00 3.4584704812e+01 -2.8146275139e+08
1.5948480172e+05 1.8868265871e-13 5.0087127559e-14 -6.2067539762e+06 1.5405699817e+06 1.1715676984e-18 1.5906390541e-17 5.3984170644e+01 -9.0552332866e+02 -5.2626180078e+11 7.4554677456e+06 8.7296016017e+07 1.6760770038e+00 3.2991062092e+01 -2.5438135011e+08
1.5948647780e+05 1.8868460344e-13 5.0113792587e-14 -6.2066531835e+06 1.5390944607e+06 1.1490010631e-18 1.5911989111e-17 6.6160072431e+01 -8.5560540412e+02 -5.2666674763e+11 7.4241949647e+06 8.7753753035e+07 1.7114071486e+00 3.1432553764e+01 -2.2928023478e+08
1.5948818921e+05 1.8868655013e-13 5.0141029367e-14 -6.2065298714e+06 1.5376718655e+06 1.1259542137e-18 1.5917701540e-17 7.7818761617e+01 -8.0732209866e+02 -5.2703912777e+11 7.3856580379e+06 8.8198275761e+07 1.7373969789e+00 2.9927504073e+01 -2.0632151711e+08
1.5948992660e+05 1.8868848603e-13 5.0168689769e-14 -6.2063849416e+06 1.5363098876e+06 1.1025527701e-18 1.5923496737e-17 8.8891662459e+01 -7.6094773640e+02 -5.2737916294e+11 7.3400242740e+06 8.8627066751e+07 1.7572535650e+00 2.8486629887e+01 -1.8550602991e+08
1.5949168386e+05 1.8869040269e-13 5.0196676538e-14 -6.2062194440e+06 1.5350120303e+06 1.0788792424e-18 1.5929354387e-17 9.9345788450e+01 -7.1661511765e+02 -5.2768834422e+11 7.2875060376e+06 8.9038875900e+07 1.7729866804e+00 2.7116136721e+01 -1.6675022408e+08
1.5949345684e+05 1.8869229435e-13 5.0224924307e-14 -6.2060344918e+06 1.5337792894e+06 1.0549891224e-18 1.5935260927e-17 1.0916930652e+02 -6.7437094731e+02 -5.2796878193e+11 7.2283341445e+06 8.9433225205e+07 1.7859273173e+00 2.5819394198e+01 -1.4992744319e+08
1.5949524277e+05 1.8869415699e-13 5.0253388835e-14 -6.2058312113e+06 1.5326111231e+06 1.0309200054e-18 1.5941207254e-17 1.1836314380e+02 -6.3420797568e+02 -5.2822284518e+11 7.1627409944e+06 8.9810121925e+07 1.7970015950e+00 2.4597909567e+01 -1.3489119496e+08
1.5949703977e+05 1.8869598780e-13 5.0282040584e-14 -6.2056107104e+06 1.5315060384e+06 1.0066970302e-18 1.5947187360e-17 1.2693585106e+02 -5.9608463038e+02 -5.2845295787e+11 7.0909493983e+06 9.0169883555e+07 1.8068854656e+00 2.3451924513e+01 -1.2148863899e+08
1.5949884666e+05 1.8869778477e-13 5.0310860755e-14 -6.2053740596e+06 1.5304619592e+06 9.8233624034e-19 1.5953197494e-17 1.3490033281e+02 -5.5993750611e+02 -5.2866148326e+11 7.0131648562e+06 9.0513026630e+07 1.8160976733e+00 2.2380796521e+01 -1.0956847120e+08
1.5950066276e+05 1.8869954656e-13 5.0339838803e-14 -6.2051222798e+06 1.5294764637e+06 9.5784669508e-19 1.5959235627e-17 1.4227170452e+02 -5.2568956474e+02 -5.2885066069e+11 6.9295699514e+06 9.0840193864e+07 1.8250586119e+00 2.1383250169e+01 -9.8985469749e+07
1.5950248781e+05 1.8870127222e-13 5.0368970879e-14 -6.2048563341e+06 1.5285469397e+06 9.3323178954e-19 1.5965301125e-17 1.4906585871e+02 -4.9325565750e+02 -5.2902257352e+11 6.8403200461e+06 9.1152105230e+07 1.8341299644e+00 2.0457546460e+01 -8.9602998297e+07
1.5950432194e+05 1.8870296120e-13 5.0398258905e-14 -6.2045771227e+06 1.5276706875e+06 9.0849004171e-19 1.5971394548e-17 1.5529849461e+02 -4.6254631567e+02 -5.2917913608e+11 6.7455397332e+06 9.1449524555e+07 1.8436435164e+00 1.9601598439e+01 -8.1294236150e+07
1.5950616559e+05 1.8870461320e-13 5.0427710107e-14 -6.2042854787e+06 1.5268449876e+06 8.8361549161e-19 1.5977517548e-17 1.6098446169e+02 -4.3347038449e+02 -5.2932209215e+11 6.6453196403e+06 9.1733236528e+07 1.8539234840e+00 1.8813050387e+01 -7.3942607669e+07
1.5950801951e+05 1.8870622817e-13 5.0457336908e-14 -6.2039821633e+06 1.5260671452e+06 8.5859779982e-19 1.5983672846e-17 1.6613732048e+02 -4.0593687041e+02 -5.2945302046e+11 6.5397132846e+06 9.2004030840e+07 1.8653060241e+00 1.8089331863e+01 -6.7441711318e+07
1.5950988482e+05 1.8870780624e-13 5.0487157124e-14 -6.2036678617e+06 1.5253345181e+06 8.3342208284e-19 1.5989864269e-17 1.7076905823e+02 -3.7985623239e+02 -5.2957334420e+11 6.4287336737e+06 9.2262691442e+07 1.8781569931e+00 1.7427693925e+01 -6.1694939532e+07
1.5951176297e+05 1.8870934773e-13 5.0517194453e-14 -6.2033431769e+06 1.5246445331e+06 8.0806850867e-19 1.5996096848e-17 1.7488991313e+02 -3.5514128378e+02 -5.2968434268e+11 6.3123493954e+06 9.2509989462e+07 1.8928913210e+00 1.6825233019e+01 -5.6614917797e+07
1.5951365587e+05 1.8871085312e-13 5.0547479270e-14 -6.2030086212e+06 1.5239946943e+06 7.8251163053e-19 1.6002376978e-17 1.7850827592e+02 -3.3170779533e+02 -5.2978716420e+11 6.1904798029e+06 9.2746679051e+07 1.8984654326e+00 1.6278905953e+01 -5.2122842670e+07
1.5951555433e+05 1.8871231436e-13 5.0577865207e-14 -6.2026667002e+06 1.5233861544e+06 7.5687512922e-19 1.6008674418e-17 1.8161335545e+02 -3.0960498911e+02 -5.2988228400e+11 6.0637717930e+06 9.2972161216e+07 1.8980377655e+00 1.5788350774e+01 -4.8170238021e+07
1.5951745237e+05 1.8871372661e-13 5.0608256250e-14 -6.2023194494e+06 1.5228184339e+06 7.3124010910e-19 1.6014969414e-17 1.8420791794e+02 -2.8882692584e+02 -5.2997034899e+11 5.9327332340e+06 9.3186368472e+07 1.8983291956e+00 1.5351266174e+01 -4.4700382949e+07
1.5951935070e+05 1.8871509041e-13 5.0638663909e-14 -6.2019676921e+06 1.5222888798e+06 7.0559693388e-19 1.6021264500e-17 1.8630751152e+02 -2.6929065872e+02 -5.3005224682e+11 5.7974387370e+06 9.3390020997e+07 1.8991889963e+00 1.4963322221e+01 -4.1648652118e+07
1.5952124989e+05 1.8871640610e-13 5.0669097298e-14 -6.2016122460e+06 1.5217950692e+06 6.7993799779e-19 1.6027561699e-17 1.8792711395e+02 -2.5092283159e+02 -5.3012873763e+11 5.6579701914e+06 9.3583754396e+07 1.9004904628e+00 1.4620235111e+01 -3.8958601104e+07
1.5952315038e+05 1.8871767392e-13 5.0699563514e-14 -6.2012539225e+06 1.5213347703e+06 6.5425740299e-19 1.6033862600e-17 1.8908186633e+02 -2.3365840398e+02 -5.3020047246e+11 5.5144210745e+06 9.3768131016e+07 1.9020283805e+00 1.4317758892e+01 -3.6580844502e+07
1.5952505241e+05 1.8871889389e-13 5.0730066372e-14 -6.2008935422e+06 1.5209059329e+06 6.2855202238e-19 1.6040168107e-17 1.8978769527e+02 -2.1744033083e+02 -5.3026800514e+11 5.3669080875e+06 9.3943641123e+07 1.9035042441e+00 1.4051706480e+01 -3.4472249718e+07
1.5952695591e+05 1.8872006585e-13 5.0760604906e-14 -6.2005319525e+06 1.5205066774e+06 6.0282276303e-19 1.6046478121e-17 1.9006196495e+02 -2.0221911992e+02 -5.3033180255e+11 5.2155842429e+06 9.4110704819e+07 1.9045173943e+00 1.3817976945e+01 -3.2595242437e+07
1.5952886043e+05 1.8872118942e-13 5.0791171714e-14 -6.2001700437e+06 1.5201352825e+06 5.7707595047e-19 1.6052791209e-17 1.8992413424e+02 -1.8795220981e+02 -5.3039225352e+11 5.0606527172e+06 9.4269675316e+07 1.9045685384e+00 1.3612589252e+01 -3.0917209324e+07
1.5953076500e+05 1.8872226398e-13 5.0821751367e-14 -6.1998087628e+06 1.5197901692e+06 5.5132466619e-19 1.6059104274e-17 1.8939637388e+02 -1.7460309961e+02 -5.3044967715e+11 4.9023800845e+06 9.4420844379e+07 1.9030835877e+00 1.3431722108e+01 -2.9409981019e+07
1.5953266808e+05 1.8872328871e-13 5.0852319187e-14 -6.1994491189e+06 1.5194698796e+06 5.2558976376e-19 1.6065412310e-17 1.8850407086e+02 -1.6214016493e+02 -5.3050433088e+11 4.7411066715e+06 9.4564450913e+07 1.8994633243e+00 1.3271758661e+01 -2.8049376009e+07
1.5953456754e+05 1.8872426265e-13 5.0882840828e-14 -6.1990921774e+06 1.5191730509e+06 4.9990021358e-19 1.6071708315e-17 1.8727611933e+02 -1.5053513550e+02 -5.3055641913e+11 4.5772510898e+06 9.4700693405e+07 1.8931594548e+00 1.3129333800e+01 -2.6814785356e+07
1.5953646070e+05 1.8872518480e-13 5.0913273075e-14 -6.1987390371e+06 1.5188983842e+06 4.7429241856e-19 1.6077983463e-17 1.8574488463e+02 -1.3976128504e+02 -5.3060610277e+11 4.4113058430e+06 9.4829746318e+07 1.8837657064e+00 1.3001380280e+01 -2.5688779390e+07
1.5953834447e+05 1.8872605426e-13 5.0943566110e-14 -6.1983907911e+06 1.5186446120e+06 4.4880829644e-19 1.6084227573e-17 1.8394574883e+02 -1.2979150193e+02 -5.3065350955e+11 4.2438220114e+06 9.4951779298e+07 1.8711024502e+00 1.2885168811e+01 -2.4656723463e+07
1.5954021557e+05 1.8872687034e-13 5.0973667150e-14 -6.1980484731e+06 1.5184104686e+06 4.2349221501e-19 1.6090429859e-17 1.8191621427e+02 -1.2059651360e+02 -5.3069874496e+11 4.0753833293e+06 9.5066976753e+07 1.8552682119e+00 1.2778336569e+01 -2.3706398384e+07
1.5954207084e+05 1.8872763274e-13 5.1003524918e-14 -6.1977130006e+06 1.5181946707e+06 3.9838722774e-19 1.6096579854e-17 1.7969464613e+02 -1.1214357810e+02 -5.3074190242e+11 3.9065730162e+06 9.5175554475e+07 1.8366367100e+00 1.2678899437e+01 -2.2827630962e+07
1.5954390748e+05 1.8872834161e-13 5.1033094079e-14 -6.1973851238e+06 1.5179959107e+06 3.7353134651e-19 1.6102668320e-17 1.7731883925e+02 -1.0439589460e+02 -5.3078307170e+11 3.7379393350e+06 9.5277770106e+07 1.8157994472e+00 1.2585245610e+01 -2.2011947931e+07
1.5954572327e+05 1.8872899755e-13 5.1062338760e-14 -6.1970653930e+06 1.5178128639e+06 3.4895458904e-19 1.6108687973e-17 1.7482464473e+02 -9.7312805561e+01 -5.3082234464e+11 3.5699662859e+06 9.5373925729e+07 1.7934721347e+00 1.2496111399e+01 -2.1252266870e+07
1.5954751675e+05 1.8872960162e-13 5.1091234575e-14 -6.1967541478e+06 1.5176442081e+06 3.2467729146e-19 1.6114633893e-17 1.7224486599e+02 -9.0850665201e+01 -5.3085981791e+11 3.4030541455e+06 9.5464362952e+07 1.7703947611e+00 1.2410543077e+01 -2.0542633348e+07
1.5954928714e+05 1.8873015522e-13 5.1119769034e-14 -6.1964515286e+06 1.5174886475e+06 3.0070977329e-19 1.6120503606e-17 1.6960854417e+02 -8.4964105973e+01 -5.3089559313e+11 3.2375113915e+06 9.5549452634e+07 1.7472502510e+00 1.2327850403e+01 -1.9878005804e+07
1.5955103439e+05 1.8873065996e-13 5.1147940649e-14 -6.1961575027e+06 1.5173449373e+06 2.7705310425e-19 1.6126296899e-17 1.6694064670e+02 -7.9607404624e+01 -5.3092977546e+11 3.0735566356e+06 9.5629582144e+07 1.7246139425e+00 1.2247557593e+01 -1.9254083576e+07
1.5955275901e+05 1.8873111764e-13 5.1175757217e-14 -6.1958718991e+06 1.5172119037e+06 2.5370055633e-19 1.6132015463e-17 1.6426209381e+02 -7.4735712550e+01 -5.3096247123e+11 2.9113275198e+06 9.5705142787e+07 1.7029336939e+00 1.2169356398e+01 -1.8667170526e+07
1.5955446194e+05 1.8873153004e-13 5.1203233778e-14 -6.1955944441e+06 1.5170884575e+06 2.3063932664e-19 1.6137662468e-17 1.6159002032e+02 -7.0306017686e+01 -5.3099378561e+11 2.7508932314e+06 9.5776519108e+07 1.6825327527e+00 1.2093064322e+01 -1.8114066443e+07
1.5955614447e+05 1.8873189893e-13 5.1230390617e-14 -6.1953247938e+06 1.5169736011e+06 2.0785222282e-19 1.6143242156e-17 1.5893817119e+02 -6.6277800692e+01 -5.3102382060e+11 2.5922679298e+06 9.5844080850e+07 1.6636253532e+00 1.2018589384e+01 -1.7591979802e+07
1.5955780810e+05 1.8873222597e-13 5.1257251514e-14 -6.1950625613e+06 1.5168664301e+06 1.8531913834e-19 1.6148759478e-17 1.5631735069e+02 -6.2613412625e+01 -5.3105267348e+11 2.4354233750e+06 9.5908177595e+07 1.6463378526e+00 1.1945901671e+01 -1.7098457234e+07
1.5955780810e+05 1.8873222597e-13 5.1257251514e-14 -6.1950625613e+06 1.5168664301e+06 1.8531913834e-19 1.6148759478e-17 1.5631735069e+02 -6.2613412625e+01 -5.3105267348e+11 2.4354233750e+06 9.5908177595e+07 1.6463378526e+00 1.1945901671e+01 -1.7098457234e+07
