0.0000000000e+00 0.0000000000e+00 0.0000000000e+00 3.1415900000e+08 0.0000000000e+00 0.0000000000e+00 0.0000000000e+00 -1.1786717740e+03 2.2523953600e+02 -4.6638893070e+09 -1.0018710079e+07 1.9145360560e+06 1.0000000000e+01 0.0000000000e+00 -0.0000000000e+00
1.0000000000e+01 2.8740014544e-22 6.8686980596e-28 3.1414721308e+08 2.2523953595e+03 5.7480747973e-23 2.0606480752e-28 -1.1787121593e+03 2.2523953586e+02 -4.6638893070e+09 -1.0018710079e+07 1.9145360560e+06 5.0000000000e+01 0.0000000000e+00 -0.0000000000e+00
6.0000000000e+01 1.0347699464e-20 1.4840563912e-25 3.1408827242e+08 1.3514372056e+04 3.4494920470e-22 7.4211174052e-27 -1.1789141313e+03 2.2523953079e+02 -4.6638893070e+09 -1.0018710079e+07 1.9145360560e+06 2.5000000000e+02 0.0000000000e+00 -0.0000000000e+00
3.1000000000e+02 2.7639901974e-19 2.0497143173e-23 3.1379341756e+08 6.9824241759e+04 1.7839118341e-21 1.9847498812e-25 -1.1799251295e+03 2.2523939655e+02 -4.6638893070e+09 -1.0018710079e+07 1.9145360560e+06 1.2500000000e+03 0.0000000000e+00 -0.0000000000e+00
1.5600000000e+03 7.0214399763e-18 2.6305816929e-21 3.1231533885e+08 3.5137182794e+05 9.0195391269e-21 5.0737356717e-24 -1.1850087961e+03 2.2523597125e+02 -4.6638893070e+09 -1.0018710079e+07 1.9145360560e+06 3.6000000000e+03 0.0000000000e+00 -0.0000000000e+00
5.1600000000e+03 7.7526537432e-17 9.7180671940e-20 3.0802258441e+08 1.1621677278e+06 3.0247825438e-20 5.7062248078e-23 -1.1999235403e+03 2.2519944474e+02 -4.6638893069e+09 -1.0018710079e+07 1.9145360560e+06 3.6000000000e+03 0.0000000000e+00 -0.0000000000e+00
8.7600000000e+03 2.2552961282e-16 4.8558862978e-19 3.0367538081e+08 1.9727571665e+06 5.2079388892e-20 1.6915909539e-22 -1.2152621399e+03 2.2512068681e+02 -4.6638893068e+09 -1.0018710079e+07 1.9145360560e+06 3.6000000000e+03 0.0000000000e+00 -0.0000000000e+00
1.2360000000e+04 4.5326253011e-16 1.3935280783e-18 2.9927215995e+08 2.7829815885e+06 7.4548041187e-20 3.4660982806e-22 -1.2310483507e+03 2.2499601201e+02 -4.6638893067e+09 -1.0018710079e+07 1.9145360560e+06 3.6000000000e+03 0.0000000000e+00 -0.0000000000e+00
1.5960000000e+04 7.6308381289e-16 3.0665470406e-18 2.9481126478e+08 3.5926684747e+06 9.7690385194e-20 5.9522172911e-22 -1.2473078893e+03 2.2482134022e+02 -4.6638893065e+09 -1.0018710079e+07 1.9145360560e+06 3.6000000000e+03 0.0000000000e+00 -0.0000000000e+00
1.9560000000e+04 1.1574892355e-15 5.7722207110e-18 2.9029094178e+08 4.4016298298e+06 1.2154612324e-19 9.2143815496e-22 -1.2640686502e+03 2.2459214439e+02 -4.6638893064e+09 -1.0018710079e+07 1.9145360560e+06 3.6000000000e+03 0.0000000000e+00 -0.0000000000e+00
2.3160000000e+04 1.6391235996e-15 9.8025927188e-18 2.8570933276e+08 5.2096604674e+06 1.4615840844e-19 1.3324248123e-21 -1.2813609523e+03 2.2430339000e+02 -4.6638893062e+09 -1.0018710079e+07 1.9145360560e+06 3.6000000000e+03 0.0000000000e+00 -0.0000000000e+00
2.6760000000e+04 2.2107938636e-15 1.5476951825e-17 2.8106446557e+08 6.0165360591e+06 1.7157424645e-19 1.8361702509e-21 -1.2992178210e+03 2.2394946438e+02 -4.6638893060e+09 -1.0018710079e+07 1.9145360560e+06 3.6000000000e+03 0.0000000000e+00 -0.0000000000e+00
3.0360000000e+04 2.8754838227e-15 2.3145000075e-17 2.7635424384e+08 6.8220109082e+06 1.9784495642e-19 2.4416033608e-21 -1.3176753128e+03 2.2352409420e+02 -4.6638893057e+09 -1.0018710079e+07 1.9145360560e+06 3.6000000000e+03 0.0000000000e+00 -0.0000000000e+00
3.3960000000e+04 3.6363705698e-15 3.3190479586e-17 2.7157643537e+08 7.6258154021e+06 2.2502670190e-19 3.1587313042e-21 -1.3367728874e+03 2.2302024855e+02 -4.6638893054e+09 -1.0018710079e+07 1.9145360560e+06 3.6000000000e+03 0.0000000000e+00 -0.0000000000e+00
3.7560000000e+04 4.4968430133e-15 4.6035338887e-17 2.6672865917e+08 8.4276530847e+06 2.5318110458e-19 3.9988021233e-21 -1.3565538395e+03 2.2243002467e+02 -4.6638893051e+09 -1.0018710079e+07 1.9145360560e+06 3.6000000000e+03 0.0000000000e+00 -0.0000000000e+00
4.1160000000e+04 5.4605227766e-15 6.2144536799e-17 2.6180837072e+08 9.2271972813e+06 2.8237595674e-19 4.9744972965e-21 -1.3770657991e+03 2.2174451272e+02 -4.6638893046e+09 -1.0018710079e+07 1.9145360560e+06 3.6000000000e+03 0.0000000000e+00 -0.0000000000e+00
4.4760000000e+04 6.5312878682e-15 8.2031603087e-17 2.5681284538e+08 1.0024087192e+07 3.1268605185e-19 6.1001608433e-21 -1.3983613154e+03 2.2095363476e+02 -4.6638893041e+09 -1.0018710079e+07 1.9145360560e+06 3.6000000000e+03 0.0000000000e+00 -0.0000000000e+00
4.8360000000e+04 7.7132995906e-15 1.0626510184e-16 2.5173915946e+08 1.0817923351e+07 3.4419415735e-19 7.3920732835e-21 -1.4204985396e+03 2.2004595228e+02 -4.6638893035e+09 -1.0018710079e+07 1.9145360560e+06 3.6000000000e+03 0.0000000000e+00 -0.0000000000e+00
5.1960000000e+04 9.0110332502e-15 1.3547617724e-16 2.4658416867e+08 1.1608262322e+07 3.7699215947e-19 8.8687809846e-21 -1.4435420300e+03 2.1900843482e+02 -4.6638893028e+09 -1.0018710079e+07 1.9145360560e+06 3.6000000000e+03 0.0000000000e+00 -0.0000000000e+00
5.5560000000e+04 1.0429313353e-14 1.7036740433e-16 2.4134448337e+08 1.2394610486e+07 4.1118241741e-19 1.0551494345e-20 -1.4675637030e+03 2.1782618021e+02 -4.6638893020e+09 -1.0018710079e+07 1.9145360560e+06 3.6000000000e+03 0.0000000000e+00 -0.0000000000e+00
5.9160000000e+04 1.1973354123e-14 2.1172322246e-16 2.3601644011e+08 1.3176416705e+07 4.4687937421e-19 1.2464572115e-20 -1.4926439649e+03 2.1648207427e+02 -4.6638893009e+09 -1.0018710079e+07 1.9145360560e+06 3.6000000000e+03 0.0000000000e+00 -0.0000000000e+00
6.2760000000e+04 1.3648806366e-14 2.6042229999e-16 2.3059606869e+08 1.3953063635e+07 4.8421148384e-19 1.4636114306e-20 -1.5188730659e+03 2.1495637428e+02 -4.6638892996e+09 -1.0018710079e+07 1.9145360560e+06 3.6000000000e+03 0.0000000000e+00 -0.0000000000e+00
6.6360000000e+04 1.5461811953e-14 3.1745227182e-16 2.2507905390e+08 1.4723857378e+07 5.2332353151e-19 1.7098693064e-20 -1.5463527305e+03 2.1322619541e+02 -4.6638892980e+09 -1.0018710079e+07 1.9145360560e+06 3.6000000000e+03 0.0000000000e+00 -0.0000000000e+00
6.9960000000e+04 1.7419067514e-14 3.8392741283e-16 2.1946069079e+08 1.5488015055e+07 5.6437944589e-19 1.9890260301e-20 -1.5751981329e+03 2.1126487312e+02 -4.6638892959e+09 -1.0018710079e+07 1.9145360560e+06 3.6000000000e+03 0.0000000000e+00 -0.0000000000e+00
7.3560000000e+04 1.9527899320e-14 4.6110997231e-16 2.1373583198e+08 1.6244649826e+07 6.0756573251e-19 2.3055283874e-20 -1.6055403098e+03 2.0904116479e+02 -4.6638892934e+09 -1.0018710079e+07 1.9145360560e+06 3.6000000000e+03 0.0000000000e+00 -0.0000000000e+00
7.7160000000e+04 2.1796351899e-14 5.5043611134e-16 2.0789882550e+08 1.6992752662e+07 6.5309569818e-19 2.6646182124e-20 -1.6375291281e+03 2.0651824192e+02 -4.6638892902e+09 -1.0018710079e+07 1.9145360560e+06 3.6000000000e+03 0.0000000000e+00 -0.0000000000e+00
8.0760000000e+04 2.4233293612e-14 6.5354767981e-16 2.0194344054e+08 1.7731170016e+07 7.0121469264e-19 3.0725152076e-20 -1.6713369675e+03 2.0365240562e+02 -4.6638892860e+09 -1.0018710079e+07 1.9145360560e+06 3.6000000000e+03 0.0000000000e+00 -0.0000000000e+00
8.4360000000e+04 2.6848543362e-14 7.7233147423e-16 1.9586277844e+08 1.8458576249e+07 7.5220667209e-19 3.5366522977e-20 -1.7071633323e+03 2.0039143303e+02 -4.6638892806e+09 -1.0018710079e+07 1.9145360560e+06 3.6000000000e+03 0.0000000000e+00 -0.0000000000e+00
8.7960000000e+04 2.9653023933e-14 9.0896818062e-16 1.8964916500e+08 1.9173439237e+07 8.0640250007e-19 4.0659819650e-20 -1.7452406835e+03 1.9667242506e+02 -4.6638892734e+09 -1.0018710079e+07 1.9145360560e+06 3.6000000000e+03 0.0000000000e+00 -0.0000000000e+00
9.1560000000e+04 3.2658949150e-14 1.0659940017e-15 1.8329401892e+08 1.9873977072e+07 8.6419056016e-19 4.6713798054e-20 -1.7858418946e+03 1.9241897106e+02 -4.6638892638e+09 -1.0018710079e+07 1.9145360560e+06 3.6000000000e+03 0.0000000000e+00 -0.0000000000e+00
9.5160000000e+04 3.5880054587e-14 1.2463791087e-15 1.7678768975e+08 2.0558102947e+07 9.2603048704e-19 5.3661832318e-20 -1.8292898997e+03 1.8753736393e+02 -4.6638892508e+09 -1.0018710079e+07 1.9145360560e+06 3.6000000000e+03 0.0000000000e+00 -0.0000000000e+00
9.8760000000e+04 3.9331884973e-14 1.4536287208e-15 1.7011925595e+08 2.1223354138e+07 9.9247116696e-19 6.1669211550e-20 -1.8759703398e+03 1.8191147349e+02 -4.6638892329e+09 -1.0018710079e+07 1.9145360560e+06 3.6000000000e+03 0.0000000000e+00 -0.0000000000e+00
1.0236000000e+05 4.3032156498e-14 1.6919150935e-15 1.6327627032e+08 2.1866799265e+07 1.0641746810e-18 7.0943184716e-20 -1.9263483851e+03 1.7539568904e+02 -4.6638892076e+09 -1.0018710079e+07 1.9145360560e+06 3.6000000000e+03 0.0000000000e+00 -0.0000000000e+00
1.0596000000e+05 4.7001219565e-14 1.9662524544e-15 1.5624443492e+08 2.2484915393e+07 1.1419486731e-18 8.1747040457e-20 -1.9809914770e+03 1.6780502710e+02 -4.6638891712e+09 -1.0018710079e+07 1.9145360560e+06 3.6000000000e+03 0.0000000000e+00 -0.0000000000e+00
1.0956000000e+05 5.1262658636e-14 2.2827327758e-15 1.4900717957e+08 2.3073422372e+07 1.2267909097e-18 9.4420246906e-20 -2.0406006343e+03 1.5890098135e+02 -4.6638891174e+09 -1.0018710079e+07 1.9145360560e+06 3.6000000000e+03 0.0000000000e+00 -0.0000000000e+00
1.1316000000e+05 5.5844082800e-14 2.6488496129e-15 1.4154510647e+08 2.3627055319e+07 1.3199518932e-18 1.0940792809e-19 -2.1060544453e+03 1.4837081288e+02 -4.6638890357e+09 -1.0018710079e+07 1.9145360560e+06 3.3275409203e+03 0.0000000000e+00 -0.0000000000e+00
1.1615188968e+05 5.9918378806e-14 2.9975331989e-15 1.3515609811e+08 2.4055966177e+07 1.4048366320e-18 1.2404624822e-19 -2.1656934642e+03 1.3808610137e+02 -4.6638889869e+09 -1.0018710079e+07 1.9145360560e+06 3.0112620006e+03 0.0000000000e+00 -0.0000000000e+00
1.1916315168e+05 6.4287298346e-14 3.3962968872e-15 1.2853725711e+08 2.4454054757e+07 1.4983462839e-18 1.4126240092e-19 -2.2313922455e+03 1.2599023503e+02 -4.6638889115e+09 -1.0018710079e+07 1.9145360560e+06 2.7193712470e+03 0.0000000000e+00 -0.0000000000e+00
1.2160697887e+05 6.8048861370e-14 3.7608776457e-15 1.2301395706e+08 2.4748351108e+07 1.5812011421e-18 1.5747795790e-19 -2.2896050940e+03 1.1459737546e+02 -4.6638888723e+09 -1.0018710079e+07 1.9145360560e+06 2.4604040650e+03 0.0000000000e+00 -0.0000000000e+00
1.2406738294e+05 7.2049314553e-14 4.1709176503e-15 1.1730327689e+08 2.5014442094e+07 1.6719954912e-18 1.7629121592e-19 -2.3533961356e+03 1.0137940171e+02 -4.6638888132e+09 -1.0018710079e+07 1.9145360560e+06 2.2207317154e+03 0.0000000000e+00 -0.0000000000e+00
1.2605986010e+05 7.5459226359e-14 4.5391905743e-15 1.1255903638e+08 2.5204482502e+07 1.7518001996e-18 1.9373478347e-19 -2.4094659848e+03 8.9123756367e+01 -4.6638887837e+09 -1.0018710079e+07 1.9145360560e+06 2.0073584582e+03 0.0000000000e+00 -0.0000000000e+00
1.2786512819e+05 7.8691148104e-14 4.9047267966e-15 1.0816050765e+08 2.5354278799e+07 1.8296906918e-18 2.1158431756e-19 -2.4641909283e+03 7.6582883708e+01 -4.6638887585e+09 -1.0018710079e+07 1.9145360560e+06 1.8192461231e+03 0.0000000000e+00 -0.0000000000e+00
1.2949507815e+05 8.1734283863e-14 5.2640644714e-15 1.0410126025e+08 2.5468941550e+07 1.9052081142e-18 2.2967289413e-19 -2.5172485808e+03 6.3874062618e+01 -4.6638887379e+09 -1.0018710079e+07 1.9145360560e+06 1.6441351537e+03 0.0000000000e+00 -0.0000000000e+00
1.3095906525e+05 8.4576028561e-14 5.6133303009e-15 1.0037912358e+08 2.5553299263e+07 1.9777873105e-18 2.4778908926e-19 -2.5682418703e+03 5.1145837050e+01 -4.6638887216e+09 -1.0018710079e+07 1.9145360560e+06 1.4790560725e+03 0.0000000000e+00 -0.0000000000e+00
1.3226229906e+05 8.7197957777e-14 5.9477019836e-15 9.7000902061e+07 2.5611913429e+07 2.0466473104e-18 2.6564431042e-19 -2.6166220961e+03 3.8600968725e+01 -4.6638887095e+09 -1.0018710079e+07 1.9145360560e+06 1.3204138224e+03 0.0000000000e+00 -0.0000000000e+00
1.3340347446e+05 8.9569694242e-14 6.2605005160e-15 9.3989476684e+07 2.5649182679e+07 2.1106095800e-18 2.8281569385e-19 -2.6615612342e+03 2.6536556742e+01 -4.6638887014e+09 -1.0018710079e+07 1.9145360560e+06 1.1632323898e+03 0.0000000000e+00 -0.0000000000e+00
1.3436745824e+05 9.1631521686e-14 6.5406339357e-15 9.1404640515e+07 2.5669491492e+07 2.1675841684e-18 2.9858966883e-19 -2.7015909098e+03 1.5453947502e+01 -4.6638886970e+09 -1.0018710079e+07 1.9145360560e+06 9.9961276541e+02 0.0000000000e+00 -0.0000000000e+00
1.3508566940e+05 9.3204132129e-14 6.7595618507e-15 8.9453207693e+07 2.5677444864e+07 2.2119412434e-18 3.1118435892e-19 -2.7327556688e+03 6.6050664156e+00 -4.6638886958e+09 -1.0018710079e+07 1.9145360560e+06 8.2280628350e+02 0.0000000000e+00 -0.0000000000e+00
1.3582022258e+05 9.4846133857e-14 6.9931223052e-15 8.7433759491e+07 2.5678798455e+07 2.2591256417e-18 3.2488522911e-19 -2.7659068719e+03 -3.0210037950e+00 -4.6638886942e+09 -1.0018710079e+07 1.9145360560e+06 6.9877020153e+02 0.0000000000e+00 -0.0000000000e+00
1.3651899279e+05 9.6440957494e-14 7.2249399534e-15 8.5489634453e+07 2.5673316778e+07 2.3058407449e-18 3.3875955562e-19 -2.7987283538e+03 -1.2768942374e+01 -4.6638886927e+09 -1.0018710079e+07 1.9145360560e+06 8.6174163266e+02 0.0000000000e+00 -0.0000000000e+00
1.3738073442e+05 9.8453743129e-14 7.5246683756e-15 8.3059764407e+07 2.5656829400e+07 2.3661027913e-18 3.5711521979e-19 -2.8410677587e+03 -2.5665416066e+01 -4.6638886874e+09 -1.0018710079e+07 1.9145360560e+06 9.4392113621e+02 0.0000000000e+00 -0.0000000000e+00
1.3832465555e+05 1.0071972529e-13 7.8719248935e-15 8.0355138798e+07 2.5625459415e+07 2.4357772028e-18 3.7898546931e-19 -2.8900201805e+03 -4.1031196082e+01 -4.6638886768e+09 -1.0018710079e+07 1.9145360560e+06 9.8404665832e+02 0.0000000000e+00 -0.0000000000e+00
1.3930870221e+05 1.0315420403e-13 8.2569812809e-15 7.7484834660e+07 2.5576569540e+07 2.5129244310e-18 4.0401855116e-19 -2.9442229154e+03 -5.8619144884e+01 -4.6638886598e+09 -1.0018710079e+07 1.9145360560e+06 9.9877342246e+02 0.0000000000e+00 -0.0000000000e+00
1.4030747564e+05 1.0570530755e-13 8.6742909522e-15 7.4515233292e+07 2.5508335937e+07 2.5964825460e-18 4.3211020469e-19 -3.0029298640e+03 -7.8356010164e+01 -4.6638886353e+09 -1.0018710079e+07 1.9145360560e+06 9.9659010419e+02 0.0000000000e+00 -0.0000000000e+00
1.4130406574e+05 1.0833691677e-13 9.1201755383e-15 7.1491642989e+07 2.5419534165e+07 2.6857936375e-18 4.6327334777e-19 -3.0656787861e+03 -1.0025086787e+02 -4.6638886024e+09 -1.0018710079e+07 1.9145360560e+06 9.8259605124e+02 0.0000000000e+00 -0.0000000000e+00
1.4228666179e+05 1.1102188717e-13 9.5919288332e-15 6.8447056145e+07 2.5309405329e+07 2.7804179232e-18 4.9758853041e-19 -3.1321606960e+03 -1.2436031148e+02 -4.6638885603e+09 -1.0018710079e+07 1.9145360560e+06 9.6018487124e+02 0.0000000000e+00 -0.0000000000e+00
1.4324684666e+05 1.1373882865e-13 1.0087404940e-14 6.5406422218e+07 2.5177561240e+07 2.8800463633e-18 5.3518174575e-19 -3.2021584660e+03 -1.5077286231e+02 -4.6638885080e+09 -1.0018710079e+07 1.9145360560e+06 9.3176558190e+02 0.0000000000e+00 -0.0000000000e+00
1.4417861224e+05 1.1647036636e-13 1.0604805477e-14 6.2389030169e+07 2.5023912157e+07 2.9844538892e-18 5.7621340970e-19 -3.2755139653e+03 -1.7960122668e+02 -4.6638884446e+09 -1.0018710079e+07 1.9145360560e+06 8.9912075314e+02 0.0000000000e+00 -0.0000000000e+00
1.4507773300e+05 1.1920210917e-13 1.1142560747e-14 5.9409971553e+07 2.4848609172e+07 3.0934718676e-18 6.2087260537e-19 -3.3521087144e+03 -2.1097825215e+02 -4.6638883693e+09 -1.0018710079e+07 1.9145360560e+06 8.6360515048e+02 0.0000000000e+00 -0.0000000000e+00
1.4594133815e+05 1.2192199181e-13 1.1699259856e-14 5.6481107000e+07 2.4651996951e+07 3.2069706299e-18 6.6937409642e-19 -3.4318516095e+03 -2.4505482915e+02 -4.6638882809e+09 -1.0018710079e+07 1.9145360560e+06 8.2626579083e+02 0.0000000000e+00 -0.0000000000e+00
1.4676760394e+05 1.2461982935e-13 1.2273608281e-14 5.3611741915e+07 2.4434574228e+07 3.3248476633e-18 7.2195693451e-19 -3.5146706264e+03 -2.8199891258e+02 -4.6638881788e+09 -1.0018710079e+07 1.9145360560e+06 7.8791965574e+02 0.0000000000e+00 -0.0000000000e+00
1.4755552359e+05 1.2728699997e-13 1.2864401678e-14 5.0809120558e+07 2.4196960396e+07 3.4470191629e-18 7.7888406211e-19 -3.6005068847e+03 -3.2199524269e+02 -4.6638880617e+09 -1.0018710079e+07 1.9145360560e+06 7.4920686305e+02 0.0000000000e+00 -0.0000000000e+00
1.4830473046e+05 1.2991620866e-13 1.3470509718e-14 4.8078800479e+07 2.3939867023e+07 3.5734136511e-18 8.4044258766e-19 -3.6893101651e+03 -3.6524553853e+02 -4.6638879287e+09 -1.0018710079e+07 1.9145360560e+06 7.1062872852e+02 0.0000000000e+00 -0.0000000000e+00
1.4901535919e+05 1.3250130449e-13 1.4090866307e-14 4.5424944542e+07 2.3664073468e+07 3.7039668969e-18 9.0694455353e-19 -3.7810353397e+03 -4.1196903737e+02 -4.6638877788e+09 -1.0018710079e+07 1.9145360560e+06 6.7257601044e+02 0.0000000000e+00 -0.0000000000e+00
1.4968793520e+05 1.3503713434e-13 1.4724463969e-14 4.2850553963e+07 2.3370405913e+07 3.8386176484e-18 9.7872809484e-19 -3.8756393736e+03 -4.6240330898e+02 -4.6638876108e+09 -1.0018710079e+07 1.9145360560e+06 6.3535049474e+02 0.0000000000e+00 -0.0000000000e+00
1.5032328569e+05 1.3751942261e-13 1.5370351012e-14 4.0357657732e+07 2.3059719325e+07 3.9773038572e-18 1.0561589345e-18 -3.9730786723e+03 -5.1680530601e+02 -4.6638874236e+09 -1.0018710079e+07 1.9145360560e+06 5.9918187077e+02 0.0000000000e+00 -0.0000000000e+00
1.5092246756e+05 1.3994466977e-13 1.6027630556e-14 3.7947468847e+07 2.2732881897e+07 4.1199591686e-18 1.1396321888e-18 -4.0733066158e+03 -5.7545263243e+02 -4.6638872160e+09 -1.0018710079e+07 1.9145360560e+06 5.6424117162e+02 0.0000000000e+00 -0.0000000000e+00
1.5148670873e+05 1.4231006526e-13 1.6695460862e-14 3.5620514666e+07 2.2390761601e+07 4.2665095067e-18 1.2295744773e-18 -4.1762711592e+03 -6.3864502615e+02 -4.6638869870e+09 -1.0018710079e+07 1.9145360560e+06 5.3065162534e+02 0.0000000000e+00 -0.0000000000e+00
1.5201736036e+05 1.4461341142e-13 1.7373056582e-14 3.3376746658e+07 2.2034214546e+07 4.4168696179e-18 1.3264463470e-18 -4.2819124044e+03 -7.0670606218e+02 -4.6638867351e+09 -1.0018710079e+07 1.9145360560e+06 4.9849751538e+02 0.0000000000e+00 -0.0000000000e+00
1.5251585787e+05 1.4685305647e-13 1.8059690682e-14 3.1215633444e+07 2.1664074854e+07 4.5709394519e-18 1.4307450327e-18 -4.3901600571e+03 -7.7998509168e+02 -4.6638864592e+09 -1.0018710079e+07 1.9145360560e+06 4.6783147425e+02 0.0000000000e+00 -0.0000000000e+00
1.5298368935e+05 1.4902783473e-13 1.8754696920e-14 2.9136240071e+07 2.1281145792e+07 4.7286002676e-18 1.5430075860e-18 -4.5009306914e+03 -8.5885944092e+02 -4.6638861579e+09 -1.0018710079e+07 1.9145360560e+06 4.3868052384e+02 0.0000000000e+00 -0.0000000000e+00
1.5342236987e+05 1.5113701312e-13 1.9457472799e-14 2.7137295798e+07 2.0886191925e+07 4.8897103480e-18 1.6638144214e-18 -4.6141247385e+03 -9.4373690217e+02 -4.6638858300e+09 -1.0018710079e+07 1.9145360560e+06 4.1105110243e+02 0.0000000000e+00 -0.0000000000e+00
1.5383342097e+05 1.5318024303e-13 2.0167483007e-14 2.5217252166e+07 2.0479932065e+07 5.0541001993e-18 1.7937933366e-18 -4.7296231140e+03 -1.0350585589e+03 -4.6638854742e+09 -1.0018710079e+07 1.9145360560e+06 3.8493326153e+02 0.0000000000e+00 -0.0000000000e+00
1.5421835424e+05 1.5515751697e-13 2.0884263385e-14 2.3374332790e+07 2.0063032794e+07 5.2215670911e-18 1.9336240867e-18 -4.8472833820e+03 -1.1333019988e+03 -4.6638850891e+09 -1.0018710079e+07 1.9145360560e+06 3.6030417917e+02 0.0000000000e+00 -0.0000000000e+00
1.5457865842e+05 1.5706912943e-13 2.1607425526e-14 2.1606575996e+07 1.9636102328e+07 5.3918687718e-18 2.0840436056e-18 -4.9669353393e+03 -1.2389849831e+03 -4.6638846736e+09 -1.0018710079e+07 1.9145360560e+06 3.3713110602e+02 0.0000000000e+00 -0.0000000000e+00
1.5491578952e+05 1.5891564174e-13 2.2336662157e-14 1.9911871252e+07 1.9199684504e+07 5.5647161522e-18 2.2458519997e-18 -5.0883758753e+03 -1.3526696572e+03 -4.6638842264e+09 -1.0018710079e+07 1.9145360560e+06 3.1537384357e+02 0.0000000000e+00 -0.0000000000e+00
1.5523116336e+05 1.6069785044e-13 2.3071753517e-14 1.8287990138e+07 1.8754252620e+07 5.7397647064e-18 2.4199194687e-18 -5.2113629301e+03 -1.4749674131e+03 -4.6638837464e+09 -1.0018710079e+07 1.9145360560e+06 2.9498683240e+02 0.0000000000e+00 -0.0000000000e+00
1.5552615020e+05 1.6241675912e-13 2.3812575020e-14 1.6732612469e+07 1.8300202845e+07 5.9166042669e-18 2.6071943534e-18 -5.3356083248e+03 -1.6065445438e+03 -4.6638832326e+09 -1.0018710079e+07 1.9145360560e+06 2.7592092157e+02 0.0000000000e+00 -0.0000000000e+00
1.5580207112e+05 1.6407355345e-13 2.4559106581e-14 1.5243348067e+07 1.7837846854e+07 6.0947468012e-18 2.8087125682e-18 -5.4607691736e+03 -1.7481288707e+03 -4.6638826843e+09 -1.0018710079e+07 1.9145360560e+06 2.5812487959e+02 0.0000000000e+00 -0.0000000000e+00
1.5606019600e+05 1.6566957932e-13 2.5311444130e-14 1.3817754555e+07 1.7367403270e+07 6.2736116282e-18 3.0256087578e-18 -5.5864374968e+03 -1.9005175818e+03 -4.6638821010e+09 -1.0018710079e+07 1.9145360560e+06 2.4154670095e+02 0.0000000000e+00 -0.0000000000e+00
1.5630174270e+05 1.6720632415e-13 2.6069814001e-14 1.2453351441e+07 1.6888987388e+07 6.4525073552e-18 3.2591296225e-18 -5.7121275299e+03 -2.0645865941e+03 -4.6638814825e+09 -1.0018710079e+07 1.9145360560e+06 2.2613476255e+02 0.0000000000e+00 -0.0000000000e+00
1.5652787746e+05 1.6868540119e-13 2.6834591126e-14 1.1147630649e+07 1.6402598467e+07 6.6306095642e-18 3.5106500119e-18 -5.8372600466e+03 -2.2413018606e+03 -4.6638808290e+09 -1.0018710079e+07 1.9145360560e+06 2.1183888138e+02 0.0000000000e+00 -0.0000000000e+00
1.5673971634e+05 1.7010853720e-13 2.7606322358e-14 9.8980635253e+06 1.5908103673e+07 6.8069329132e-18 3.7816925979e-18 -5.9611427572e+03 -2.4317331928e+03 -4.6638801417e+09 -1.0018710079e+07 1.9145360560e+06 1.9861133192e+02 0.0000000000e+00 -0.0000000000e+00
1.5693832768e+05 1.7147756347e-13 2.8385756720e-14 8.7021041989e+06 1.5405217385e+07 6.9802957847e-18 4.0739522448e-18 -6.0829454712e+03 -2.6370713823e+03 -4.6638794225e+09 -1.0018710079e+07 1.9145360560e+06 1.8640789160e+02 0.0000000000e+00 -0.0000000000e+00
1.5712473557e+05 1.7279441089e-13 2.9173885189e-14 7.5571889713e+06 1.4893474022e+07 7.1492748188e-18 4.3893266393e-18 -6.2016681526e+03 -2.8586497216e+03 -4.6638786742e+09 -1.0018710079e+07 1.9145360560e+06 1.7518900024e+02 0.0000000000e+00 -0.0000000000e+00
1.5729992457e+05 1.7406110940e-13 2.9971993776e-14 6.4607311730e+06 1.4372191807e+07 7.3121454424e-18 4.7299553931e-18 -6.3160991366e+03 -3.0979714767e+03 -4.6638779017e+09 -1.0018710079e+07 1.9145360560e+06 1.6492115246e+02 0.0000000000e+00 -0.0000000000e+00
1.5746484572e+05 1.7527979293e-13 3.0781735477e-14 5.4101105568e+06 1.3840423578e+07 7.4668025933e-18 5.0982708058e-18 -6.4247594313e+03 -3.3567455525e+03 -4.6638771118e+09 -1.0018710079e+07 1.9145360560e+06 1.5557869063e+02 0.0000000000e+00 -0.0000000000e+00
1.5762042441e+05 1.7645271108e-13 3.1605229466e-14 4.4026558485e+06 1.3296888861e+07 7.6106527396e-18 5.4970649207e-18 -6.5258268518e+03 -3.6369336060e+03 -4.6638763140e+09 -1.0018710079e+07 1.9145360560e+06 1.4714624702e+02 0.0000000000e+00 -0.0000000000e+00
1.5776757066e+05 1.7758224927e-13 3.2445200411e-14 3.4356184793e+06 1.2739878310e+07 7.7404631653e-18 5.9295796664e-18 -6.6170301297e+03 -3.9408133778e+03 -4.6638755223e+09 -1.0018710079e+07 1.9145360560e+06 1.3962219604e+02 0.0000000000e+00 -0.0000000000e+00
1.5790719285e+05 1.7867095921e-13 3.3305177872e-14 2.5061349433e+06 1.2167116702e+07 7.8521457126e-18 6.3996299546e-18 -6.6954969735e+03 -4.2710651803e+03 -4.6638747556e+09 -1.0018710079e+07 1.9145360560e+06 1.3218992826e+02 0.0000000000e+00 -0.0000000000e+00
1.5801794545e+05 1.7954490422e-13 3.4036867321e-14 1.7615705029e+06 1.1677986167e+07 7.9273007026e-18 6.8211872691e-18 -6.7482999853e+03 -4.5672463900e+03 -4.6638744687e+09 -1.0018710079e+07 1.9145360560e+06 1.1337000334e+02 0.0000000000e+00 -0.0000000000e+00
1.5811209642e+05 1.8029373355e-13 3.4697496402e-14 1.1244787324e+06 1.1235042468e+07 7.9771283230e-18 7.2185793884e-18 -6.7833082852e+03 -4.8464494178e+03 -4.6638743278e+09 -1.0018710079e+07 1.9145360560e+06 9.7024095629e+01 4.7660109951e-291 -3.3773071914e-283
1.5818878395e+05 1.8090662049e-13 3.5264440976e-14 6.0348214750e+05 1.0853986944e+07 8.0046205651e-18 7.5719268784e-18 -6.8026240110e+03 -5.0947072073e+03 -4.6638742746e+09 -1.0018710079e+07 1.9145360560e+06 8.1235642034e+01 8.3268722910e-266 -6.0154047291e-258
1.5823599744e+05 1.8128479615e-13 3.5627368710e-14 2.8213117036e+05 1.0609632532e+07 8.0141505820e-18 7.8038719745e-18 -6.8093196888e+03 -5.2576691030e+03 -4.6638742698e+09 -1.0018710079e+07 1.9145360560e+06 6.7220444286e+01 2.3615436026e-250 -1.7268708511e-242
1.5829523638e+05 1.8175967092e-13 3.6098679688e-14 -1.2133352052e+05 1.0291837935e+07 8.0164265452e-18 8.1114921575e-18 -6.8109187537e+03 -5.4737994246e+03 -4.6638742554e+09 -1.0018710079e+07 1.9145360560e+06 5.5122604328e+01 4.3314030169e-231 -3.2170303172e-223
1.5835035898e+05 1.8220135515e-13 3.6554098808e-14 -4.9662712040e+05 9.9842816087e+06 8.0070843443e-18 8.4152636923e-18 -6.8043550333e+03 -5.6872257311e+03 -4.6638742460e+09 -1.0018710079e+07 1.9145360560e+06 7.0891765838e+01 2.5424232791e-213 -1.9164565739e-205
1.5842125075e+05 1.8276801217e-13 3.7165271854e-14 -9.7831179792e+05 9.5708462452e+06 7.9754262656e-18 8.8322154606e-18 -6.7821124396e+03 -5.9801711382e+03 -4.6638742189e+09 -1.0018710079e+07 1.9145360560e+06 7.8786639410e+01 9.4789747476e-191 -7.2853327881e-183
1.5850003739e+05 1.8339397283e-13 3.7880566917e-14 -1.5109679833e+06 9.0860342152e+06 7.9083792006e-18 9.3321132244e-18 -6.7350059606e+03 -6.3313934259e+03 -4.6638741845e+09 -1.0018710079e+07 1.9145360560e+06 8.3409019650e+01 3.8940283731e-166 -3.0596099230e-158
1.5858344641e+05 1.8404909642e-13 3.8682520940e-14 -2.0695619671e+06 8.5413777624e+06 7.7915308366e-18 9.9048594361e-18 -6.6529096747e+03 -6.7337981760e+03 -4.6638741421e+09 -1.0018710079e+07 1.9145360560e+06 8.6960695059e+01 8.8752877043e-141 -7.1411487868e-133
1.5867040710e+05 1.8471912500e-13 3.9571551533e-14 -2.6428142801e+06 7.9363423137e+06 7.6063351725e-18 1.0549905573e-17 -6.5227933799e+03 -7.1870000031e+03 -4.6638740278e+09 -1.0018710079e+07 1.9145360560e+06 9.1308016312e+01 2.4733767170e-115 -2.0404886817e-107
1.5876171512e+05 1.8540152896e-13 4.0567665144e-14 -3.2298854587e+06 7.2570507845e+06 7.3243145021e-18 1.1276806647e-17 -6.3246489748e+03 -7.6977121460e+03 -4.6638735641e+09 -1.0018710079e+07 1.9145360560e+06 1.0037401934e+02 5.0471467652e-90 -4.2740849503e-82
1.5886208914e+05 1.8611591168e-13 4.1741725900e-14 -3.8501103770e+06 6.4547777078e+06 6.8851924566e-18 1.2123826127e-17 -6.0161269917e+03 -8.2928180678e+03 -4.6638713943e+09 -1.0018710079e+07 1.9145360560e+06 9.9574096229e+01 2.3987008521e-64 -2.0888943475e-56
1.5895015984e+05 1.8670041272e-13 4.2843168365e-14 -4.3645803748e+06 5.7007541926e+06 6.3655615246e-18 1.2890550988e-17 -5.6510404122e+03 -8.8315099347e+03 -4.6638686568e+09 -1.0018710079e+07 1.9145360560e+06 8.8085422551e+01 3.6889204370e-44 -3.2875773778e-36
1.5903824526e+05 1.8723299587e-13 4.4012362987e-14 -4.8425908299e+06 4.8991321264e+06 5.7016695856e-18 1.3652850823e-17 -5.1845977464e+03 -9.3670928302e+03 -4.6638636459e+09 -1.0018710079e+07 1.9145360560e+06 7.9603173152e+01 1.1328563383e-26 -1.0309287912e-18
1.5911784843e+05 1.8765854841e-13 4.5125581757e-14 -5.2354050531e+06 4.1349274972e+06 4.9689459089e-18 1.4308375716e-17 -4.6697947114e+03 -9.8276569082e+03 -4.6638591296e+09 -1.0018710079e+07 1.9145360560e+06 7.3483152253e+01 1.2581855724e-13 -1.1636458154e-05
1.5917465817e+05 1.8792409333e-13 4.5950845254e-14 -5.4889338276e+06 3.5679028726e+06 4.3692449773e-18 1.4738719837e-17 -4.2484518845e+03 -1.0130011606e+04 -4.6638599777e+09 -1.0018710013e+07 1.9145362125e+06 6.7384782903e+01 3.9106622286e-06 -3.6514264053e+02
1.5918139665e+05 1.8795328249e-13 4.6050324857e-14 -5.5173842405e+06 3.4995274459e+06 4.2940425735e-18 1.4787008581e-17 -4.1956155318e+03 -1.0163938641e+04 -4.6638669098e+09 -1.0018709771e+07 1.9145367949e+06 3.3692391452e+01 2.3626865785e-05 -2.2082796197e+03
1.5919418910e+05 1.8800728924e-13 4.6240064279e-14 -5.5704068500e+06 3.3691001351e+06 4.1489962084e-18 1.4876857550e-17 -4.0937067753e+03 -1.0227063272e+04 -4.6640886654e+09 -1.0018702234e+07 1.9145554712e+06 2.2522416434e+01 6.1882410535e-04 -5.7943975743e+04
1.5920415340e+05 1.8804805952e-13 4.6388642984e-14 -5.6107961575e+06 3.2669549367e+06 4.0339876104e-18 1.4945113530e-17 -4.0128935195e+03 -1.0274994814e+04 -4.6665369427e+09 -1.0018620907e+07 1.9147620831e+06 1.3523046460e+01 6.8662274603e-03 -6.4379059769e+05
1.5921233158e+05 1.8808065972e-13 4.6511091876e-14 -5.6433398106e+06 3.1827665028e+06 3.9382970276e-18 1.4999952680e-17 -3.9456022167e+03 -1.0313367878e+04 -4.6822510033e+09 -1.0018108993e+07 1.9160904425e+06 9.2120195568e+00 4.5200681010e-02 -4.2425320114e+06
1.5921881971e+05 1.8810596335e-13 4.6608552424e-14 -5.6687641732e+06 3.1157559684e+06 3.8615660486e-18 1.5042675655e-17 -3.8914591811e+03 -1.0342769891e+04 -4.7439686344e+09 -1.0016130597e+07 1.9213149414e+06 6.8651084178e+00 1.9007129286e-01 -1.7853458179e+07
1.5922413433e+05 1.8812631788e-13 4.6688590300e-14 -5.6893261768e+06 3.0607274237e+06 3.7981854571e-18 1.5077141518e-17 -3.8462689732e+03 -1.0365217290e+04 -4.9212680913e+09 -1.0010522722e+07 1.9363421771e+06 5.4781558728e+00 5.9267212361e-01 -5.5696130404e+07
1.5922863338e+05 1.8814328475e-13 4.6756488153e-14 -5.7065425585e+06 3.0140559950e+06 3.7441651229e-18 1.5105937923e-17 -3.8067862157e+03 -1.0381301399e+04 -5.3367405122e+09 -9.9975287195e+06 1.9715993844e+06 4.5813076282e+00 1.5088396435e+00 -1.4181089797e+08
1.5923255242e+05 1.8815786560e-13 4.6815737510e-14 -5.7213911055e+06 2.9733515797e+06 3.6968395898e-18 1.5130732950e-17 -3.7704420013e+03 -1.0390235102e+04 -6.1856231419e+09 -9.9712309806e+06 2.0437388129e+06 3.9644898264e+00 3.3311304381e+00 -3.1296701793e+08
1.5923605337e+05 1.8817073376e-13 4.6868747973e-14 -5.7345301774e+06 2.9369733427e+06 3.6543531930e-18 1.5152652378e-17 -3.7348836830e+03 -1.0389823489e+04 -7.7641655291e+09 -9.9227140368e+06 2.1781403421e+06 3.5270774807e+00 6.6338852591e+00 -6.2256513301e+08
1.5923958045e+05 1.8818354717e-13 4.6922231170e-14 -5.7476324825e+06 2.9003498566e+06 3.6113525243e-18 1.5174512994e-17 -3.6934063359e+03 -1.0373676063e+04 -1.0900179220e+10 -9.8269565798e+06 2.4459450662e+06 3.2071600958e+00 1.3017148909e+01 -1.2183822458e+09
1.5924278761e+05 1.8819506643e-13 4.6970929875e-14 -5.7594060123e+06 2.8671353838e+06 3.5720827031e-18 1.5194195406e-17 -3.6467577355e+03 -1.0333716110e+04 -1.6228550828e+10 -9.6649628489e+06 2.9031480316e+06 3.0210559223e+00 2.3536733177e+01 -2.1923437071e+09
1.5924580867e+05 1.8820580183e-13 4.7016860178e-14 -5.7703406357e+06 2.8360194848e+06 3.5349463686e-18 1.5212564579e-17 -3.5894340854e+03 -1.0257713156e+04 -2.4969934207e+10 -9.3994900128e+06 3.6588738377e+06 3.0746226040e+00 4.0198790523e+01 -3.7133469826e+09
1.5924888329e+05 1.8821661217e-13 4.7063661594e-14 -5.7812607594e+06 2.8046760948e+06 3.4970096873e-18 1.5231088883e-17 -3.5094556480e+03 -1.0117614678e+04 -3.9837864767e+10 -8.9462311554e+06 4.9603380461e+06 3.6338617974e+00 6.7276250621e+01 -6.1239142772e+09
1.5925113261e+05 1.8822444675e-13 4.7097936249e-14 -5.7890697139e+06 2.7820895916e+06 3.4691675744e-18 1.5244532329e-17 -3.4305305207e+03 -9.9553229530e+03 -5.6239795355e+10 -8.4416406717e+06 6.4201019674e+06 2.3685316597e+00 9.5618397050e+01 -8.5581739136e+09
1.5925313486e+05 1.8823136806e-13 4.7128471679e-14 -5.7958521036e+06 2.7623485988e+06 3.4443221599e-18 1.5256422934e-17 -3.3407758892e+03 -9.7532105569e+03 -7.5949471920e+10 -7.8271031190e+06 8.2090680267e+06 2.0235393808e+00 1.2777163776e+02 -1.1196730211e+10
1.5925515840e+05 1.8823831233e-13 4.7159355749e-14 -5.8025015526e+06 2.7428757774e+06 3.4191556531e-18 1.5268368111e-17 -3.2271641807e+03 -9.4806302776e+03 -1.0159517542e+11 -7.0116979758e+06 1.0597337001e+07 1.8332163803e+00 1.6665617682e+02 -1.4186791303e+10
1.5925699162e+05 1.8824455945e-13 4.7187355844e-14 -5.8083058893e+06 2.7257744625e+06 3.3963083257e-18 1.5279128892e-17 -3.1014592263e+03 -9.1650819710e+03 -1.3014910287e+11 -6.0796501022e+06 1.3343760991e+07 1.7425915177e+00 2.0608268769e+02 -1.6948825069e+10
1.5925873421e+05 1.8825045887e-13 4.7213989998e-14 -5.8135907351e+06 2.7101123223e+06 3.3745499562e-18 1.5289305652e-17 -2.9605320752e+03 -8.7998473569e+03 -1.6181805879e+11 -5.0117103003e+06 1.6509030822e+07 1.7513705465e+00 2.4497132602e+02 -1.9332722190e+10
1.5926048558e+05 1.8825634978e-13 4.7240776158e-14 -5.8186364601e+06 2.6950689359e+06 3.3526440157e-18 1.5299484467e-17 -2.7981571952e+03 -8.3687354731e+03 -1.9739405622e+11 -3.7623460971e+06 2.0234269716e+07 1.9487070730e+00 2.8232505676e+02 -2.1175840495e+10
1.5926243429e+05 1.8826285932e-13 4.7270601363e-14 -5.8238954398e+06 2.6792839676e+06 3.3282275726e-18 1.5310754991e-17 -2.5958264537e+03 -7.8207800931e+03 -2.3988639996e+11 -2.1883497924e+06 2.4959198013e+07 2.1512944533e+00 3.1750324658e+02 -2.2238797965e+10
1.5926400651e+05 1.8826807653e-13 4.7294680399e-14 -5.8278394612e+06 2.6673642833e+06 3.3084979157e-18 1.5319808113e-17 -2.4197642983e+03 -7.3369032759e+03 -2.7492513524e+11 -8.0964698311e+05 2.9126216208e+07 1.6176189458e+00 3.3800452743e+02 -2.2196041602e+10
1.5926562413e+05 1.8827341198e-13 4.7319469521e-14 -5.8316019920e+06 2.6559167106e+06 3.2881722186e-18 1.5329087806e-17 -2.2313515198e+03 -6.8135884892e+03 -3.1023133107e+11 6.7047657070e+05 3.3629810218e+07 1.4819058864e+00 3.4991109850e+02 -2.1324298500e+10
1.5926710604e+05 1.8827827093e-13 4.7342192067e-14 -5.8347791264e+06 2.6461819063e+06 3.2695299609e-18 1.5337560052e-17 -2.0565487060e+03 -6.3240500027e+03 -3.4084391816e+11 2.0449689256e+06 3.7841483605e+07 1.4601334363e+00 3.5215295368e+02 -1.9905558466e+10
1.5926856617e+05 1.8828303146e-13 4.7364593031e-14 -5.8376570977e+06 2.6372995170e+06 3.2511427049e-18 1.5345882754e-17 -1.8861043918e+03 -5.8437007185e+03 -3.6862613271e+11 3.3839369040e+06 4.1974155701e+07 1.5318435490e+00 3.4669901198e+02 -1.8095811913e+10
1.5927009801e+05 1.8828799692e-13 4.7388107194e-14 -5.8404126275e+06 2.6287262761e+06 3.2318338150e-18 1.5354589526e-17 -1.7127604131e+03 -5.3526853133e+03 -3.9472583995e+11 4.7420480318e+06 4.6199783487e+07 1.8485450483e+00 3.3400572341e+02 -1.5955551485e+10
1.5927194656e+05 1.8829394955e-13 4.7416500532e-14 -5.8433938643e+06 2.6193572133e+06 3.2085097557e-18 1.5365065728e-17 -1.5151482195e+03 -4.7904908117e+03 -4.2176463062e+11 6.2824603956e+06 5.1041000625e+07 1.6731539879e+00 3.1160583485e+02 -1.3307843661e+10
1.5927331778e+05 1.8829833726e-13 4.7437574775e-14 -5.8453768582e+06 2.6130582598e+06 3.1911934158e-18 1.5372817141e-17 -1.3786941253e+03 -4.4011319429e+03 -4.3871602645e+11 7.3389070143e+06 5.4396842451e+07 1.3845286779e+00 2.9177158536e+02 -1.1438087730e+10
1.5927470231e+05 1.8830274345e-13 4.7458864290e-14 -5.8471958734e+06 2.6072214421e+06 3.1736972857e-18 1.5380628337e-17 -1.2505960472e+03 -4.0350219436e+03 -4.5333322241e+11 8.3232537889e+06 5.7555425907e+07 1.2876871447e+00 2.7033268570e+02 -9.7068996012e+09
1.5927599000e+05 1.8830681970e-13 4.7478674398e-14 -5.8487344031e+06 2.6022310945e+06 3.1574151488e-18 1.5387880410e-17 -1.1404536907e+03 -3.7199655948e+03 -4.6488799780e+11 9.1622268979e+06 6.0276714253e+07 1.2365092168e+00 2.5001397849e+02 -8.2685362801e+09
1.5927722651e+05 1.8831071420e-13 4.7497705954e-14 -5.8500833976e+06 2.5978063746e+06 3.1417719194e-18 1.5394833620e-17 -1.0427938237e+03 -3.4405752666e+03 -4.7434332749e+11 9.8989144012e+06 6.2693056613e+07 1.2071510957e+00 2.3076706516e+02 -7.0519243398e+09
1.5927843366e+05 1.8831449757e-13 4.7516293936e-14 -5.8512884207e+06 2.5938069047e+06 3.1264928906e-18 1.5401612476e-17 -9.5487671254e+02 -3.1891715508e+03 -4.8221645336e+11 1.0554963486e+07 6.4870471524e+07 1.1920030751e+00 2.1262623409e+02 -6.0166769634e+09
1.5927962566e+05 1.8831821537e-13 4.7534656691e-14 -5.8523783247e+06 2.5901434435e+06 3.1113990732e-18 1.5408297971e-17 -8.7492005540e+02 -2.9607602713e+03 -4.8884856903e+11 1.1144454794e+07 6.6851893176e+07 1.1860828912e+00 1.9559945671e+02 -5.1329752046e+09
1.5928081174e+05 1.8832189683e-13 4.7552936151e-14 -5.8533720369e+06 2.5867573194e+06 3.0963742125e-18 1.5414942696e-17 -8.0172219885e+02 -2.7519771926e+03 -4.9447734330e+11 1.1676908107e+07 6.8666231644e+07 1.1867343888e+00 1.7968672607e+02 -4.3779294275e+09
1.5928199848e+05 1.8832556248e-13 4.7571233535e-14 -5.8542829577e+06 2.5836068081e+06 3.0813354826e-18 1.5421584082e-17 -7.3439870143e+02 -2.5603451711e+03 -4.9927977024e+11 1.2159346540e+07 7.0334766181e+07 1.1923573054e+00 1.6487361992e+02 -3.7328229178e+09
1.5928319084e+05 1.8832922753e-13 4.7589625549e-14 -5.8551210523e+06 2.5806606783e+06 3.0662201901e-18 1.5428250416e-17 -6.7226063113e+02 -2.3839319518e+03 -5.0339317237e+11 1.2597251611e+07 7.1874089892e+07 1.2019008915e+00 1.5113250383e+02 -3.1818992147e+09
1.5928439274e+05 1.8833290366e-13 4.7608172812e-14 -5.8558939892e+06 2.5778946911e+06 3.0509788570e-18 1.5434963983e-17 -6.1474994442e+02 -2.2211689210e+03 -5.0692702381e+11 1.2995071206e+07 7.3297669077e+07 1.2146283846e+00 1.3842536981e+02 -2.7117120666e+09
1.5928560736e+05 1.8833660011e-13 4.7626924674e-14 -5.8566078198e+06 2.5752895172e+06 3.0355712708e-18 1.5441742858e-17 -5.6140167565e+02 -2.0707452695e+03 -5.0997027034e+11 1.3356517386e+07 7.4616753556e+07 1.2299942876e+00 1.2670670824e+02 -2.3107154397e+09
1.5928683736e+05 1.8834032425e-13 4.7645922149e-14 -5.8572674121e+06 2.5728294119e+06 3.0199640798e-18 1.5448602002e-17 -5.1182019308e+02 -1.9315416262e+03 -5.1259618354e+11 1.3684753843e+07 7.5840947334e+07 1.2475749341e+00 1.1592599579e+02 -1.9689706582e+09
1.5928808493e+05 1.8834408200e-13 4.7665199775e-14 -5.8578767429e+06 2.5705013285e+06 3.0041292615e-18 1.5455553962e-17 -4.6566345452e+02 -1.8025860838e+03 -5.1486575070e+11 1.3982520586e+07 7.6978586549e+07 1.2670266226e+00 1.0602972760e+02 -1.6779183148e+09
1.5928935196e+05 1.8834787812e-13 4.7684786843e-14 -5.8584391018e+06 2.5682943006e+06 2.9880431195e-18 1.5462609331e-17 -4.2263210429e+02 -1.6830237462e+03 -5.1683013892e+11 1.4252220623e+07 7.8037001080e+07 1.2880592080e+00 9.6963027149e+01 -1.4301906751e+09
1.5929064002e+05 1.8835171636e-13 4.7704708216e-14 -5.8589572393e+06 2.5661989976e+06 2.9716856114e-18 1.5469777055e-17 -3.8246164513e+02 -1.5720948429e+03 -5.1853254378e+11 1.4495982488e+07 7.9022702406e+07 1.3104189931e+00 8.8670893672e+01 -1.2194523941e+09
1.5929195044e+05 1.8835559961e-13 4.7724984881e-14 -5.8594334779e+06 2.5642073965e+06 2.9550398927e-18 1.5477064648e-17 -3.4491664012e+02 -1.4691184899e+03 -5.2000961208e+11 1.4715706798e+07 7.9941522913e+07 1.3338770653e+00 8.1099148551e+01 -1.0402629110e+09
1.5929328432e+05 1.8835952997e-13 4.7745634328e-14 -5.8598697969e+06 2.5623125323e+06 2.9380920074e-18 1.5484478336e-17 -3.0978631170e+02 -1.3734803302e+03 -5.2129255871e+11 1.4913101818e+07 8.0798721813e+07 1.3582216264e+00 7.4195138594e+01 -8.8795661871e+08
1.5929464254e+05 1.8836350883e-13 4.7766670805e-14 -5.8602678995e+06 2.5605083066e+06 2.9208306744e-18 1.5492023154e-17 -2.7688111893e+02 -1.2846228878e+03 -5.2240805844e+11 1.5089711277e+07 8.1599067730e+07 1.3832528826e+00 6.7908242402e+01 -7.5853812643e+08
1.5929602579e+05 1.8836753691e-13 4.7788105503e-14 -5.8606292661e+06 2.5587893359e+06 2.9032471395e-18 1.5499703023e-17 -2.4603004262e+02 -1.2020378875e+03 -5.2337896754e+11 1.5246936555e+07 8.2346904412e+07 1.4087797129e+00 6.2190220017e+01 -6.4859068289e+08
1.5929743457e+05 1.8837161433e-13 4.7809946677e-14 -5.8609551984e+06 2.5571508313e+06 2.8853350675e-18 1.5507520799e-17 -2.1707839559e+02 -1.1252600351e+03 -5.2422491406e+11 1.5386054661e+07 8.3046203910e+07 1.4346178683e+00 5.6995438965e+01 -5.5519620155e+08
1.5929886919e+05 1.8837574060e-13 4.7832199752e-14 -5.8612468564e+06 2.5555885010e+06 2.8670904583e-18 1.5515478311e-17 -1.8988602589e+02 -1.0538618960e+03 -5.2496278530e+11 1.5508232997e+07 8.3700610356e+07 1.4605892564e+00 5.2281002732e+01 -4.7586553957e+08
1.5930032978e+05 1.8837991467e-13 4.7854867408e-14 -5.8615052886e+06 2.5540984701e+06 2.8485115706e-18 1.5523576405e-17 -1.6432582190e+02 -9.8744962180e+02 -5.2560713335e+11 1.5614541613e+07 8.4313476504e+07 1.4865219902e+00 4.8006803439e+01 -4.0847785781e+08
1.5930181630e+05 1.8838413499e-13 4.7877949669e-14 -5.8617314591e+06 2.5526772152e+06 2.8295988457e-18 1.5531814975e-17 -1.4028245448e+02 -9.2565935220e+02 -5.2617051462e+11 1.5705963444e+07 8.4887894535e+07 1.5122513131e+00 4.4135516463e+01 -3.5122801122e+08
1.5930332855e+05 1.8838839951e-13 4.7901444012e-14 -5.8619262694e+06 2.5513215092e+06 2.8103548187e-18 1.5540193005e-17 -1.1765130371e+02 -8.6815414775e+02 -5.2666377567e+11 1.5783402896e+07 8.5426722371e+07 1.5376211855e+00 4.0632550416e+01 -3.0258100806e+08
1.5930486617e+05 1.8839270572e-13 4.7925345489e-14 -5.8620905785e+06 2.5500283757e+06 2.7907840092e-18 1.5548708622e-17 -9.6337532675e+01 -8.1462135538e+02 -5.2709629495e+11 1.5847693075e+07 8.5932606367e+07 1.5624859271e+00 3.7465963633e+01 -2.6123268024e+08
1.5930642866e+05 1.8839705074e-13 4.7949646886e-14 -5.8622252192e+06 2.5487950505e+06 2.7708927914e-18 1.5557359148e-17 -7.6255285749e+01 -7.6477034574e+02 -5.2747618797e+11 1.5899601822e+07 8.6408000893e+07 1.5867128546e+00 3.4606356924e+01 -2.2607580441e+08
1.5930801537e+05 1.8840143133e-13 4.7974338915e-14 -5.8623310121e+06 2.5476189493e+06 2.7506892305e-18 1.5566141179e-17 -5.7326980314e+01 -7.1833054123e+02 -5.2781048206e+11 1.5939836752e+07 8.6855185521e+07 1.6101845025e+00 3.2026748156e+01 -1.9617096194e+08
1.5930962556e+05 1.8840584393e-13 4.7999410448e-14 -5.8624087774e+06 2.5464976405e+06 2.7301828896e-18 1.5575050665e-17 -3.9482683787e+01 -6.7504971358e+02 -5.2810526567e+11 1.5969049405e+07 8.7276280009e+07 1.6328017201e+00 2.9702435555e+01 -1.7072153977e+08
1.5931102748e+05 1.8840965892e-13 4.8021250893e-14 -5.8624538470e+06 2.5455759947e+06 2.7123257291e-18 1.5582805964e-17 -2.4965117717e+01 -6.4019788422e+02 -5.2833107653e+11 1.5985805754e+07 8.7618835198e+07 1.4394711634e+00 2.7891629362e+01 -1.5189273671e+08
1.5931222422e+05 1.8841289576e-13 4.8039903508e-14 -5.8624766608e+06 2.5448266773e+06 2.6970797863e-18 1.5589425012e-17 -1.3263365976e+01 -6.1233783262e+02 -5.2850429908e+11 1.5994221873e+07 8.7895174597e+07 1.2477703980e+00 2.6486242812e+01 -1.3788982754e+08
1.5931310123e+05 1.8841525622e-13 4.8053577649e-14 -5.8624846759e+06 2.5442982192e+06 2.6859058823e-18 1.5594274952e-17 -5.0667582081e+00 -5.9294268796e+02 -5.2862113105e+11 1.5997162485e+07 8.8088997166e+07 1.0406124782e+00 2.5531422786e+01 -1.2868339676e+08
1.5931414184e+05 1.8841804431e-13 4.8069808240e-14 -5.8624850565e+06 2.5436927213e+06 2.6726460779e-18 1.5600028972e-17 4.2659302605e+00 -5.7097413235e+02 -5.2874979923e+11 1.5997302785e+07 8.8310092893e+07 9.9713335649e-01 2.4474639318e+01 -1.1878559577e+08
1.5931513897e+05 1.8842070295e-13 4.8085366298e-14 -5.8624765038e+06 2.5431334603e+06 2.6599389019e-18 1.5605541923e-17 1.2828050097e+01 -5.5092057343e+02 -5.2886391021e+11 1.5994193548e+07 8.8513471491e+07 1.1987452243e+00 2.3534158797e+01 -1.1023621598e+08
1.5931633772e+05 1.8842388239e-13 4.8104077339e-14 -5.8624551873e+06 2.5424869024e+06 2.6446606622e-18 1.5612168763e-17 2.2653852247e+01 -5.2801542559e+02 -5.2899042760e+11 1.5986471219e+07 8.8747740735e+07 1.3205838570e+00 2.2489901529e+01 -1.0103048380e+08
1.5931765830e+05 1.8842736377e-13 4.8124699337e-14 -5.8624184302e+06 2.5418055008e+06 2.6278273503e-18 1.5619468234e-17 3.2919086886e+01 -5.0419123101e+02 -5.2911780812e+11 1.5973197174e+07 8.8993838829e+07 1.4081882908e+00 2.1439882923e+01 -9.2078944524e+07
1.5931906649e+05 1.8843105160e-13 4.8146699969e-14 -5.8623647242e+06 2.5411125119e+06 2.6098748406e-18 1.5627250980e-17 4.3255770434e+01 -4.8028285580e+02 -5.2924145636e+11 1.5953846597e+07 8.9243538581e+07 1.4770879346e+00 2.0425933774e+01 -8.3724427179e+07
1.5932054358e+05 1.8843489271e-13 4.8169788822e-14 -5.8622932170e+06 2.5404206745e+06 2.5910412110e-18 1.5635413571e-17 5.3460273013e+01 -4.5672346761e+02 -5.2935935897e+11 1.5928110433e+07 8.9492540372e+07 1.5347406011e+00 1.9468820463e+01 -7.6096880511e+07
1.5932207832e+05 1.8843885427e-13 4.8193791633e-14 -5.8622034520e+06 2.5397375404e+06 2.5714695577e-18 1.5643893846e-17 6.3409038482e+01 -4.3374763684e+02 -5.2947074828e+11 1.5895793026e+07 8.9738479137e+07 1.5853029563e+00 1.8578851735e+01 -6.9225597295e+07
1.5932366362e+05 1.8844291480e-13 4.8218598887e-14 -5.8620952228e+06 2.5390677573e+06 2.5512500380e-18 1.5652652653e-17 7.3022197602e+01 -4.1147966718e+02 -5.2957550907e+11 1.5856753907e+07 8.9980064471e+07 1.6313873413e+00 1.7760572176e+01 -6.3089543632e+07
1.5932529501e+05 1.8844705990e-13 4.8244141778e-14 -5.8619684818e+06 2.5384141993e+06 2.5304395353e-18 1.5661665296e-17 8.2245394621e+01 -3.8997799383e+02 -5.2967387943e+11 1.5810870759e+07 9.0216652202e+07 1.6748379949e+00 1.7015142117e+01 -5.7642685697e+07
1.5932696985e+05 1.8845128008e-13 4.8270380278e-14 -5.8618232762e+06 2.5377785820e+06 2.5090714354e-18 1.5670917290e-17 9.1039799749e+01 -3.6925969890e+02 -5.2976628829e+11 1.5758012910e+07 9.0448010615e+07 1.7171311811e+00 1.6341651249e+01 -5.2827556960e+07
1.5932868698e+05 1.8845556968e-13 4.8297297443e-14 -5.8616596950e+06 2.5371618177e+06 2.4871603050e-18 1.5680402315e-17 9.9376252931e+01 -3.4931488946e+02 -5.2985326358e+11 1.5698019491e+07 9.0674186067e+07 1.7596173655e+00 1.5737883184e+01 -4.8582731729e+07
1.5933044660e+05 1.8845992637e-13 4.8324897502e-14 -5.8614778193e+06 2.5365642245e+06 2.4647034836e-18 1.5690121523e-17 1.0723166380e+02 -3.3011541165e+02 -5.2993538018e+11 1.5630678346e+07 9.0895424737e+07 1.8037041624e+00 1.5200775050e+01 -4.4846937502e+07
1.5933225030e+05 1.8846435120e-13 4.8353206824e-14 -5.8612776676e+06 2.5359856462e+06 2.4416803406e-18 1.5700083847e-17 1.1458671779e+02 -3.1162008307e+02 -5.3001323177e+11 1.5555702096e+07 9.1112130030e+07 1.8510380933e+00 1.4726697543e+01 -4.1561227354e+07
1.5933410134e+05 1.8846884898e-13 4.8382277739e-14 -5.8610591256e+06 2.5354255091e+06 2.4180492116e-18 1.5710307323e-17 1.2142435900e+02 -2.9377750422e+02 -5.3008741861e+11 1.5472696943e+07 9.1324846544e+07 1.8686628816e+00 1.4311624391e+01 -3.8669991238e+07
1.5933597000e+05 1.8847334520e-13 4.8411644650e-14 -5.8608263273e+06 2.5348925281e+06 2.3941892420e-18 1.5720627973e-17 1.2761910403e+02 -2.7683515949e+02 -5.3015728002e+11 1.5382860538e+07 9.1530491402e+07 1.8856923403e+00 1.3957312879e+01 -3.6164751507e+07
1.5933785569e+05 1.8847783720e-13 4.8441298738e-14 -5.8605803341e+06 2.5343858291e+06 2.3701079956e-18 1.5731042628e-17 1.3317029451e+02 -2.6074016361e+02 -5.3022337288e+11 1.5286232453e+07 9.1729495184e+07 1.9040437210e+00 1.3657410700e+01 -3.3988169005e+07
1.5933975974e+05 1.8848232684e-13 4.8471261342e-14 -5.8603219862e+06 2.5339040870e+06 2.3457885531e-18 1.5741558700e-17 1.3808320152e+02 -2.4543210435e+02 -5.3028623601e+11 1.5182756452e+07 9.1922415668e+07 1.9238153228e+00 1.3405464416e+01 -3.2088397647e+07
1.5934168355e+05 1.8848681606e-13 4.8501555415e-14 -5.8600521146e+06 2.5334460770e+06 2.3212127323e-18 1.5752184142e-17 1.4236289048e+02 -2.3086033470e+02 -5.3034632724e+11 1.5072367006e+07 9.2109730852e+07 1.9449753702e+00 1.3195302303e+01 -3.0420756733e+07
1.5934362853e+05 1.8849130660e-13 4.8532203472e-14 -5.8597715628e+06 2.5330106890e+06 2.2963627494e-18 1.5762926730e-17 1.4601493808e+02 -2.1698407600e+02 -5.3040403016e+11 1.4955005313e+07 9.2291833788e+07 1.9672383851e+00 1.3021011363e+01 -2.8946727759e+07
1.5934559577e+05 1.8849579937e-13 4.8563223594e-14 -5.8594812282e+06 2.5325969563e+06 2.2712244623e-18 1.5773792660e-17 1.4904621340e+02 -2.0377297157e+02 -5.3045965693e+11 1.4830645303e+07 9.2469019509e+07 1.9899476130e+00 1.2876936106e+01 -2.7633211169e+07
1.5934758572e+05 1.8850029368e-13 4.8594623552e-14 -5.8591821214e+06 2.5322040907e+06 2.2457921194e-18 1.5784784498e-17 1.5146593397e+02 -1.9120773537e+02 -5.3051344821e+11 1.4699330976e+07 9.2641467270e+07 2.0119473312e+00 1.2757694945e+01 -2.6451975696e+07
1.5934959766e+05 1.8850478623e-13 4.8626392887e-14 -5.8588754457e+06 2.5318315171e+06 2.2200747447e-18 1.5795898421e-17 1.5328710739e+02 -1.7928068899e+02 -5.3056557076e+11 1.4561226788e+07 9.2809219513e+07 2.0314929524e+00 1.2658217589e+01 -2.5379274301e+07
1.5935162916e+05 1.8850926991e-13 4.8658493542e-14 -5.8585626851e+06 2.5314788985e+06 2.1941036779e-18 1.5807120965e-17 1.5452841969e+02 -1.6799572596e+02 -5.3061611431e+11 1.4416678732e+07 9.2972162733e+07 2.0462947801e+00 1.2573806891e+01 -2.4395584457e+07
1.5935367545e+05 1.8851373293e-13 4.8690851138e-14 -5.8582456782e+06 2.5311461284e+06 2.1679395608e-18 1.5818426008e-17 1.5521645166e+02 -1.5736692260e+02 -5.3066509131e+11 1.4266274897e+07 9.3130021276e+07 2.0538192322e+00 1.2500225846e+01 -2.3485398830e+07
1.5935572927e+05 1.8851815851e-13 4.8723350978e-14 -5.8579266310e+06 2.5308332654e+06 2.1416754760e-18 1.5829773414e-17 1.5538774159e+02 -1.4741488028e+02 -5.3071244483e+11 1.4110881746e+07 9.3282380345e+07 2.0519025255e+00 1.2433802287e+01 -2.2636955038e+07
1.5935778117e+05 1.8852252610e-13 4.8755843762e-14 -5.8576080204e+06 2.5305403944e+06 2.1154322376e-18 1.5841111074e-17 1.5508977826e+02 -1.3816039276e+02 -5.3075806978e+11 1.3951624438e+07 9.3428751997e+07 2.0395091366e+00 1.2371529945e+01 -2.1841784202e+07
1.5935982068e+05 1.8852681394e-13 4.8788163345e-14 -5.8572923715e+06 2.5302674364e+06 2.0893439728e-18 1.5852381133e-17 1.5437989997e+02 -1.2961646476e+02 -5.3080184720e+11 1.3789791355e+07 9.3568680179e+07 2.0172240677e+00 1.2311131829e+01 -2.1094025123e+07
1.5936183791e+05 1.8853100259e-13 4.8820152394e-14 -5.8569819645e+06 2.5300139742e+06 2.0635373925e-18 1.5863528943e-17 1.5332174198e+02 -1.2178134186e+02 -5.3084368263e+11 1.3626680115e+07 9.3701853440e+07 1.9871180028e+00 1.2251054180e+01 -2.0389592157e+07
1.5936382502e+05 1.8853507782e-13 4.8851686009e-14 -5.8566785837e+06 2.5297791720e+06 2.0381127698e-18 1.5874511272e-17 1.5198012715e+02 -1.1463540585e+02 -5.3088353464e+11 1.3463440542e+07 9.3828180366e+07 1.9520510129e+00 1.2190383465e+01 -1.9725399395e+07
1.5936577707e+05 1.8853903194e-13 4.8882684396e-14 -5.8563834009e+06 2.5295618177e+06 2.0131338163e-18 1.5885300679e-17 1.5041612698e+02 -1.0814285330e+02 -5.3092142406e+11 1.3300972230e+07 9.3947801402e+07 1.9148577720e+00 1.2128710555e+01 -1.9098817925e+07
1.5936769193e+05 1.8854286334e-13 4.8913112621e-14 -5.8560970057e+06 2.5293604494e+06 1.9886279814e-18 1.5895885378e-17 1.4868370029e+02 -1.0225662518e+02 -5.3095742577e+11 1.3139897757e+07 9.4061046161e+07 1.8778132027e+00 1.2065981439e+01 -1.8507404534e+07
1.5936956975e+05 1.8854657505e-13 4.8942971871e-14 -5.8558195258e+06 2.5291735036e+06 1.9645935948e-18 1.5906266149e-17 1.4682828408e+02 -9.6924104804e+01 -5.3099165149e+11 1.2980593363e+07 9.4168366550e+07 1.8424692447e+00 1.2002365856e+01 -1.7948821866e+07
1.5937141221e+05 1.8855017302e-13 4.8972288061e-14 -5.8555507714e+06 2.5289994346e+06 1.9410091058e-18 1.5916452352e-17 1.4488688968e+02 -9.2091807964e+01 -5.3102423222e+11 1.2823244942e+07 9.4270273077e+07 1.8097355626e+00 1.1938157319e+01 -1.7420845126e+07
1.5937322195e+05 1.8855366477e-13 4.9001101685e-14 -5.8552903604e+06 2.5288367917e+06 1.9178412967e-18 1.5926458376e-17 1.4288902164e+02 -8.7708466432e+01 -5.3105530455e+11 1.2667904908e+07 9.4367287457e+07 1.7800490689e+00 1.1873704184e+01 -1.6921386335e+07
1.5937322195e+05 1.8855366477e-13 4.9001101685e-14 -5.8552903604e+06 2.5288367917e+06 1.9178412967e-18 1.5926458376e-17 1.4288902164e+02 -8.7708466432e+01 -5.3105530455e+11 1.2667904908e+07 9.4367287457e+07 1.7800490689e+00 1.1873704184e+01 -1.6921386335e+07
