0.0000000000e+00 0.0000000000e+00 0.0000000000e+00 3.1415900000e+08 0.0000000000e+00 0.0000000000e+00 0.0000000000e+00 -1.1721748370e+03 2.5691662348e+02 -4.6638893045e+09 -9.9634861148e+06 2.1837912996e+06 1.0000000000e+01 0.0000000000e+00 -0.0000000000e+00
1.0000000000e+01 2.8740010581e-22 7.8346910009e-28 3.1414727805e+08 2.5691662343e+03 5.7480736085e-23 2.3504511512e-28 -1.1722152223e+03 2.5691662332e+02 -4.6638893045e+09 -9.9634861148e+06 2.1837912996e+06 5.0000000000e+01 0.0000000000e+00 -0.0000000000e+00
6.0000000000e+01 1.0347690901e-20 1.6927669714e-25 3.1408866224e+08 1.5414997290e+04 3.4494877649e-22 8.4647825452e-27 -1.1724171940e+03 2.5691661753e+02 -4.6638893045e+09 -9.9634861148e+06 2.1837912996e+06 2.5000000000e+02 0.0000000000e+00 -0.0000000000e+00
3.1000000000e+02 2.7639783626e-19 2.3379581492e-23 3.1379543161e+08 7.9644136853e+04 1.7839003710e-21 2.2638507239e-25 -1.1734281844e+03 2.5691646443e+02 -4.6638893045e+09 -9.9634861148e+06 2.1837912996e+06 1.2500000000e+03 0.0000000000e+00 -0.0000000000e+00
1.5600000000e+03 7.0212875556e-18 3.0003932118e-21 3.1232547418e+08 4.0078782459e+05 9.0192447166e-21 5.7869150683e-24 -1.1785116523e+03 2.5691255766e+02 -4.6638893045e+09 -9.9634861148e+06 2.1837912996e+06 3.6000000000e+03 0.0000000000e+00 -0.0000000000e+00
5.1600000000e+03 7.7520848765e-17 1.1082963318e-19 3.0805611260e+08 1.3256119096e+06 3.0244468873e-20 6.5072955529e-23 -1.1934242450e+03 2.5687090399e+02 -4.6638893044e+09 -9.9634861148e+06 2.1837912996e+06 3.6000000000e+03 0.0000000000e+00 -0.0000000000e+00
8.7600000000e+03 2.2550089021e-16 5.5372223827e-19 3.0373231416e+08 2.2502005830e+06 5.2069299185e-20 1.9287503527e-22 -1.2087581141e+03 2.5678111175e+02 -4.6638893043e+09 -9.9634861148e+06 2.1837912996e+06 3.6000000000e+03 0.0000000000e+00 -0.0000000000e+00
1.2360000000e+04 4.5317922248e-16 1.5888553058e-18 2.9935252062e+08 3.1743731552e+06 7.4527071935e-20 3.9513629068e-22 -1.2245366810e+03 2.5663900537e+02 -4.6638893041e+09 -9.9634861148e+06 2.1837912996e+06 3.6000000000e+03 0.0000000000e+00 -0.0000000000e+00
1.5960000000e+04 7.6289849139e-16 3.4959158683e-18 2.9491508610e+08 4.0979331214e+06 9.7653850318e-20 6.7843195552e-22 -1.2407852834e+03 2.5643996517e+02 -4.6638893040e+09 -9.9634861148e+06 2.1837912996e+06 3.6000000000e+03 0.0000000000e+00 -0.0000000000e+00
1.9560000000e+04 1.1571365201e-15 6.5795222527e-18 2.9041826968e+08 5.0206664604e+06 1.2148872264e-19 1.0500523859e-21 -1.2575313843e+03 2.5617886903e+02 -4.6638893039e+09 -9.9634861148e+06 2.1837912996e+06 3.6000000000e+03 0.0000000000e+00 -0.0000000000e+00
2.3160000000e+04 1.6385177974e-15 1.1171967451e-17 2.8586022745e+08 5.9423397070e+06 1.4607414173e-19 1.5180993078e-21 -1.2748048105e+03 2.5585002477e+02 -4.6638893037e+09 -9.9634861148e+06 2.1837912996e+06 3.6000000000e+03 0.0000000000e+00 -0.0000000000e+00
2.6760000000e+04 2.2098262714e-15 1.7636336463e-17 2.8123900342e+08 6.8626977619e+06 1.7145631251e-19 2.0915977905e-21 -1.2926380251e+03 2.5544709148e+02 -4.6638893035e+09 -9.9634861148e+06 2.1837912996e+06 3.6000000000e+03 0.0000000000e+00 -0.0000000000e+00
3.0360000000e+04 2.8740196387e-15 2.6370059535e-17 2.7655251956e+08 7.7814613953e+06 1.9768563606e-19 2.7806270035e-21 -1.3110664392e+03 2.5496298766e+02 -4.6638893032e+09 -9.9634861148e+06 2.1837912996e+06 3.6000000000e+03 0.0000000000e+00 -0.0000000000e+00
3.3960000000e+04 3.6342453477e-15 3.7808975452e-17 2.7179856451e+08 8.6983243921e+06 2.2481722027e-19 3.5964735109e-21 -1.3301287711e+03 2.5438978350e+02 -4.6638893029e+09 -9.9634861148e+06 2.1837912996e+06 3.6000000000e+03 0.0000000000e+00 -0.0000000000e+00
3.7560000000e+04 4.4938585783e-15 5.2431994048e-17 2.6697478095e+08 9.6129502758e+06 2.5291146919e-19 4.5518117356e-21 -1.3498674599e+03 2.5371857411e+02 -4.6638893026e+09 -9.9634861148e+06 2.1837912996e+06 3.6000000000e+03 0.0000000000e+00 -0.0000000000e+00
4.1160000000e+04 5.4564425070e-15 7.0766465725e-17 2.6207865140e+08 1.0524968536e+07 2.8203476602e-19 5.6609173431e-21 -1.3703291456e+03 2.5293932956e+02 -4.6638893022e+09 -9.9634861148e+06 2.1837912996e+06 3.6000000000e+03 0.0000000000e+00 -0.0000000000e+00
4.4760000000e+04 6.5258312255e-15 9.3394388920e-17 2.5710748205e+08 1.1433970268e+07 3.1226026790e-19 6.9399207226e-21 -1.3915652276e+03 2.5204071683e+02 -4.6638893017e+09 -9.9634861148e+06 2.1837912996e+06 3.6000000000e+03 0.0000000000e+00 -0.0000000000e+00
4.8360000000e+04 7.7061357554e-15 1.2095961549e-16 2.5205838456e+08 1.2339503109e+07 3.4366883487e-19 8.4071095831e-21 -1.4136325173e+03 2.5100988720e+02 -4.6638893011e+09 -9.9634861148e+06 2.1837912996e+06 3.6000000000e+03 0.0000000000e+00 -0.0000000000e+00
5.1960000000e+04 9.0017736885e-15 1.5417625054e-16 2.4692825518e+08 1.3241065336e+07 3.7635012090e-19 1.0083292071e-20 -1.4365940043e+03 2.4983222110e+02 -4.6638893005e+09 -9.9634861148e+06 2.1837912996e+06 3.6000000000e+03 0.0000000000e+00 -0.0000000000e+00
5.5560000000e+04 1.0417503098e-14 1.9383848961e-16 2.4171375094e+08 1.4138098958e+07 4.1040386156e-19 1.1992234928e-20 -1.4605197619e+03 2.4849102031e+02 -4.6638892996e+09 -9.9634861148e+06 2.1837912996e+06 3.6000000000e+03 0.0000000000e+00 -0.0000000000e+00
5.9160000000e+04 1.1958461504e-14 2.4083219559e-16 2.3641126228e+08 1.5029981578e+07 4.4594140204e-19 1.4161195343e-20 -1.4854880197e+03 2.4696713424e+02 -4.6638892986e+09 -9.9634861148e+06 2.1837912996e+06 3.6000000000e+03 0.0000000000e+00 -0.0000000000e+00
6.2760000000e+04 1.3630210850e-14 2.9614859408e-16 2.3101688144e+08 1.5916016772e+07 4.8308752049e-19 1.6621570577e-20 -1.5115864455e+03 2.4523850354e+02 -4.6638892974e+09 -9.9634861148e+06 2.1837912996e+06 3.6000000000e+03 0.0000000000e+00 -0.0000000000e+00
6.6360000000e+04 1.5438789682e-14 3.6090056525e-16 2.2552636582e+08 1.6795422643e+07 5.2198261725e-19 1.9409696850e-20 -1.5389136829e+03 2.4327959882e+02 -4.6638892959e+09 -9.9634861148e+06 2.1837912996e+06 3.6000000000e+03 0.0000000000e+00 -0.0000000000e+00
6.9960000000e+04 1.7390773995e-14 4.3634214065e-16 2.1993509519e+08 1.7667318124e+07 5.6278536036e-19 2.2567838847e-20 -1.5675812102e+03 2.4106072541e+02 -4.6638892940e+09 -9.9634861148e+06 2.1837912996e+06 3.6000000000e+03 0.0000000000e+00 -0.0000000000e+00
7.3560000000e+04 1.9493348603e-14 5.2389198548e-16 2.1423802159e+08 1.8530706478e+07 6.0567590489e-19 2.6145424918e-20 -1.5977156022e+03 2.3854715553e+02 -4.6638892916e+09 -9.9634861148e+06 2.1837912996e+06 3.6000000000e+03 0.0000000000e+00 -0.0000000000e+00
7.7160000000e+04 2.1754391345e-14 6.2516187711e-16 2.0842961015e+08 1.9384455288e+07 6.5085984002e-19 3.0200601878e-20 -1.6294613035e+03 2.3569803590e+02 -4.6638892885e+09 -9.9634861148e+06 2.1837912996e+06 3.6000000000e+03 0.0000000000e+00 -0.0000000000e+00
8.0760000000e+04 2.4182573122e-14 7.4199150213e-16 2.0250376879e+08 2.0227272012e+07 6.9857306791e-19 3.4802209884e-20 -1.6629840560e+03 2.3246500026e+02 -4.6638892847e+09 -9.9634861148e+06 2.1837912996e+06 3.6000000000e+03 0.0000000000e+00 -0.0000000000e+00
8.4360000000e+04 2.6787477553e-14 8.7649131905e-16 1.9645376417e+08 2.1057673868e+07 7.4908788730e-19 4.0032315538e-20 -1.6984751739e+03 2.2879038955e+02 -4.6638892796e+09 -9.9634861148e+06 2.1837912996e+06 3.6000000000e+03 0.0000000000e+00 -0.0000000000e+00
8.7960000000e+04 2.9579745259e-14 1.0310958238e-15 1.9027212031e+08 2.1873950406e+07 8.0272065213e-19 4.5989495812e-20 -1.7361569234e+03 2.2460494478e+02 -4.6638892731e+09 -9.9634861148e+06 2.1837912996e+06 3.6000000000e+03 0.0000000000e+00 -0.0000000000e+00
9.1560000000e+04 3.2571249271e-14 1.2086303819e-15 1.8395049537e+08 2.2674116559e+07 8.5984151348e-19 5.2793145096e-20 -1.7762893686e+03 2.1982478083e+02 -4.6638892643e+09 -9.9634861148e+06 2.1837912996e+06 3.6000000000e+03 0.0000000000e+00 -0.0000000000e+00
9.5160000000e+04 3.5775310296e-14 1.4123959718e-15 1.7747953038e+08 2.3455853097e+07 9.2088695357e-19 6.0589196602e-20 -1.8191791767e+03 2.1434736676e+02 -4.6638892525e+09 -9.9634861148e+06 2.1837912996e+06 3.6000000000e+03 0.0000000000e+00 -0.0000000000e+00
9.8760000000e+04 3.9206963576e-14 1.6462778933e-15 1.7084866174e+08 2.4216430255e+07 9.8637611455e-19 6.9557829967e-20 -1.8651910907e+03 2.0804611048e+02 -4.6638892362e+09 -9.9634861148e+06 2.1837912996e+06 3.6000000000e+03 0.0000000000e+00 -0.0000000000e+00
1.0236000000e+05 4.2883293437e-14 1.9148870218e-15 1.6404588622e+08 2.4952608486e+07 1.0569323669e-18 7.9924017074e-20 -1.9147630835e+03 2.0076294937e+02 -4.6638892135e+09 -9.9634861148e+06 2.1837912996e+06 3.6000000000e+03 0.0000000000e+00 -0.0000000000e+00
1.0596000000e+05 4.6823857976e-14 2.2237459914e-15 1.5705746252e+08 2.5660507652e+07 1.1333122385e-18 9.1972202733e-20 -1.9684266827e+03 1.9229803587e+02 -4.6638891811e+09 -9.9634861148e+06 2.1837912996e+06 3.6000000000e+03 0.0000000000e+00 -0.0000000000e+00
1.0956000000e+05 5.1051235693e-14 2.5795385556e-15 1.4986752726e+08 2.6335431827e+07 1.2164448863e-18 1.0606714064e-19 -2.0268347030e+03 1.8239509832e+02 -4.6638891337e+09 -9.9634861148e+06 2.1837912996e+06 3.6000000000e+03 0.0000000000e+00 -0.0000000000e+00
1.1316000000e+05 5.5591740188e-14 2.9904496347e-15 1.4245759281e+08 2.6971630382e+07 1.3074869979e-18 1.2268411742e-19 -2.0907998196e+03 1.7072020593e+02 -4.6638890625e+09 -9.9634861148e+06 2.1837912996e+06 3.4142143989e+03 0.0000000000e+00 -0.0000000000e+00
1.1657421440e+05 6.0215309338e-14 3.4402760188e-15 1.3520707131e+08 2.7532756091e+07 1.4024616276e-18 1.4134404953e-19 -2.1575278770e+03 1.5760995715e+02 -4.6638889789e+09 -9.9634861148e+06 2.1837912996e+06 3.0745124004e+03 0.0000000000e+00 -0.0000000000e+00
1.1933742780e+05 6.4205199143e-14 3.8546573377e-15 1.2916485245e+08 2.7951532110e+07 1.4865743804e-18 1.5900855249e-19 -2.2166245076e+03 1.4519908519e+02 -4.6638889355e+09 -9.9634861148e+06 2.1837912996e+06 2.7814337874e+03 0.0000000000e+00 -0.0000000000e+00
1.2211886159e+05 6.8466521820e-14 4.3248974177e-15 1.2291057057e+08 2.8335743539e+07 1.5789340862e-18 1.7964726467e-19 -2.2815153503e+03 1.3069856882e+02 -4.6638888695e+09 -9.9634861148e+06 2.1837912996e+06 2.5126670753e+03 0.0000000000e+00 -0.0000000000e+00
1.2437682907e+05 7.2122595636e-14 4.7518676087e-15 1.1769512346e+08 2.8615868687e+07 1.6605056198e-18 1.9896574044e-19 -2.3388265501e+03 1.1712563502e+02 -4.6638888357e+09 -9.9634861148e+06 2.1837912996e+06 2.2737718268e+03 0.0000000000e+00 -0.0000000000e+00
1.2665060090e+05 7.5998062285e-14 5.2290064473e-15 1.1230700806e+08 2.8864806333e+07 1.7495842213e-18 2.2124117461e-19 -2.4014121276e+03 1.0147517704e+02 -4.6638887854e+09 -9.9634861148e+06 2.1837912996e+06 2.0503878843e+03 0.0000000000e+00 -0.0000000000e+00
1.2848665808e+05 7.9280933462e-14 5.6536316960e-15 1.0784832137e+08 2.9038183240e+07 1.8273498391e-18 2.4170320502e-19 -2.4560493358e+03 8.7098795204e+01 -4.6638887610e+09 -9.9634861148e+06 2.1837912996e+06 1.8509057035e+03 0.0000000000e+00 -0.0000000000e+00
1.3014510614e+05 8.2373274675e-14 6.0713615930e-15 1.0373168773e+08 2.9170774004e+07 1.9027112090e-18 2.6244437345e-19 -2.5089973476e+03 7.2526294275e+01 -4.6638887410e+09 -9.9634861148e+06 2.1837912996e+06 1.6729155940e+03 0.0000000000e+00 -0.0000000000e+00
1.3163452296e+05 8.5260505530e-14 6.4774439361e-15 9.9957296386e+07 2.9268121267e+07 1.9750666150e-18 2.8321045325e-19 -2.5598334047e+03 5.7936290918e+01 -4.6638887252e+09 -9.9634861148e+06 2.1837912996e+06 1.5048549994e+03 0.0000000000e+00 -0.0000000000e+00
1.3295980626e+05 8.7922995264e-14 6.8661095386e-15 9.6533198675e+07 2.9335536700e+07 2.0436190893e-18 3.0366240114e-19 -2.6079975666e+03 4.3566992939e+01 -4.6638887136e+09 -9.9634861148e+06 2.1837912996e+06 1.3430035351e+03 0.0000000000e+00 -0.0000000000e+00
1.3411891651e+05 9.0328259046e-14 7.2293000758e-15 9.3484608777e+07 2.9378157992e+07 2.1071574928e-18 3.2329996540e-19 -2.6526389014e+03 2.9769871324e+01 -4.6638887059e+09 -9.9634861148e+06 2.1837912996e+06 1.1821237245e+03 0.0000000000e+00 -0.0000000000e+00
1.3509471308e+05 9.2411683888e-14 7.5534279001e-15 9.0877014803e+07 2.9401127957e+07 2.1635014615e-18 3.4126723312e-19 -2.6922255109e+03 1.7146280404e+01 -4.6638887018e+09 -9.9634861148e+06 2.1837912996e+06 1.0138500658e+03 0.0000000000e+00 -0.0000000000e+00
1.3580742511e+05 9.3968847301e-14 7.8016098794e-15 8.8947547001e+07 2.9409865786e+07 2.2064452496e-18 3.5531332763e-19 -2.7223973112e+03 7.2776596455e+00 -4.6638887008e+09 -9.9634861148e+06 2.1837912996e+06 8.3315503220e+02 0.0000000000e+00 -0.0000000000e+00
1.3664058015e+05 9.5828771977e-14 8.1048498750e-15 8.6664182441e+07 2.9410864311e+07 2.2587136961e-18 3.7282318386e-19 -2.7591205068e+03 -5.0245593458e+00 -4.6638886981e+09 -9.9634861148e+06 2.1837912996e+06 7.5333655099e+02 0.0000000000e+00 -0.0000000000e+00
1.3739391670e+05 9.7548793840e-14 8.3920233451e-15 8.4572673167e+07 2.9402644292e+07 2.3080353006e-18 3.8976556363e-19 -2.7937732859e+03 -1.6928076046e+01 -4.6638886961e+09 -9.9634861148e+06 2.1837912996e+06 9.0078217987e+02 0.0000000000e+00 -0.0000000000e+00
1.3829469888e+05 9.9655409333e-14 8.7528008454e-15 8.2036715701e+07 2.9380592181e+07 2.3697926510e-18 4.1155922644e-19 -2.8371632737e+03 -3.2240047142e+01 -4.6638886902e+09 -9.9634861148e+06 2.1837912996e+06 9.7680937337e+02 0.0000000000e+00 -0.0000000000e+00
1.3927150825e+05 1.0200444737e-13 9.1672021570e-15 7.9241317847e+07 2.9340397261e+07 2.4405006396e-18 4.3731045035e-19 -2.8868418747e+03 -5.0332554107e+01 -4.6638886790e+09 -9.9634861148e+06 2.1837912996e+06 1.0134876245e+03 0.0000000000e+00 -0.0000000000e+00
1.4028499587e+05 1.0451693157e-13 9.6250507692e-15 7.6288091309e+07 2.9279100031e+07 2.5184071880e-18 4.6668249127e-19 -2.9415780990e+03 -7.0969004502e+01 -4.6638886612e+09 -9.9634861148e+06 2.1837912996e+06 1.0258992402e+03 0.0000000000e+00 -0.0000000000e+00
1.4131089511e+05 1.0714323240e-13 1.0120404904e-14 7.3240349971e+07 2.9194640612e+07 2.6025221091e-18 4.9958712937e-19 -3.0006762530e+03 -9.4087416117e+01 -4.6638886361e+09 -9.9634861148e+06 2.1837912996e+06 1.0219930125e+03 0.0000000000e+00 -0.0000000000e+00
1.4233288813e+05 1.0984829362e-13 1.0649277401e-14 7.0141851293e+07 2.9085628012e+07 2.6922171208e-18 5.3605881965e-19 -3.0636949130e+03 -1.1971199663e+02 -4.6638886027e+09 -9.9634861148e+06 2.1837912996e+06 1.0066351112e+03 0.0000000000e+00 -0.0000000000e+00
1.4333952324e+05 1.1260553586e-13 1.1208718355e-14 6.7024692986e+07 2.8951192673e+07 2.7870623223e-18 5.7620505070e-19 -3.1303320357e+03 -1.4791826626e+02 -4.6638885601e+09 -9.9634861148e+06 2.1837912996e+06 9.8310175371e+02 0.0000000000e+00 -0.0000000000e+00
1.4432262499e+05 1.1539389314e-13 1.1796384476e-14 6.3913258827e+07 2.8790880553e+07 2.8867473213e-18 6.2018372401e-19 -3.2003695433e+03 -1.7881716473e+02 -4.6638885075e+09 -9.9634861148e+06 2.1837912996e+06 9.5373585949e+02 0.0000000000e+00 -0.0000000000e+00
1.4527636085e+05 1.1819618690e-13 1.2410313722e-14 6.0826455021e+07 2.8604571684e+07 2.9910381562e-18 6.6819186865e-19 -3.2736430569e+03 -2.1254712235e+02 -4.6638884441e+09 -9.9634861148e+06 2.1837912996e+06 9.2027940905e+02 0.0000000000e+00 -0.0000000000e+00
1.4619664026e+05 1.2099815040e-13 1.3048798533e-14 5.7779100062e+07 2.8392414846e+07 3.0997514516e-18 7.2045981246e-19 -3.3500237393e+03 -2.4926996475e+02 -4.6638883689e+09 -9.9634861148e+06 2.1837912996e+06 8.8406046237e+02 0.0000000000e+00 -0.0000000000e+00
1.4708070072e+05 1.2378780078e-13 1.3710311152e-14 5.4782851101e+07 2.8154773692e+07 3.2127376810e-18 7.7724828015e-19 -3.4294065348e+03 -2.8916887405e+02 -4.6638882812e+09 -9.9634861148e+06 2.1837912996e+06 8.4610746454e+02 0.0000000000e+00 -0.0000000000e+00
1.4792680819e+05 1.2655501071e-13 1.4393458435e-14 5.1846856076e+07 2.7892181521e+07 3.3298695720e-18 8.3884721289e-19 -3.5117020234e+03 -3.3244755951e+02 -4.6638881799e+09 -9.9634861148e+06 2.1837912996e+06 8.0722391433e+02 0.0000000000e+00 -0.0000000000e+00
1.4873403210e+05 1.2929120151e-13 1.5096954321e-14 4.8978233055e+07 2.7605302830e+07 3.4510335517e-18 9.0557569359e-19 -3.5968304101e+03 -3.7933020500e+02 -4.6638880643e+09 -9.9634861148e+06 2.1837912996e+06 7.6803981968e+02 0.0000000000e+00 -0.0000000000e+00
1.4950207192e+05 1.3198911333e-13 1.5819603300e-14 4.6182434995e+07 2.7294900356e+07 3.5761230302e-18 9.7778264670e-19 -3.6847168060e+03 -4.3006196076e+02 -4.6638879333e+09 -9.9634861148e+06 2.1837912996e+06 7.2904874540e+02 0.0000000000e+00 -0.0000000000e+00
1.5023112067e+05 1.3464262678e-13 1.6560290999e-14 4.3463535071e+07 2.6961806634e+07 3.7050327954e-18 1.0558481330e-18 -3.7752872904e+03 -4.8490985299e+02 -4.6638877861e+09 -9.9634861148e+06 2.1837912996e+06 6.9063543733e+02 0.0000000000e+00 -0.0000000000e+00
1.5092175610e+05 1.3724661958e-13 1.7317979504e-14 4.0824454879e+07 2.6606899330e+07 3.8376540452e-18 1.1401851438e-18 -3.8684654203e+03 -5.4416404463e+02 -4.6638876216e+09 -9.9634861148e+06 2.1837912996e+06 6.5309701093e+02 0.0000000000e+00 -0.0000000000e+00
1.5157485312e+05 1.3979684846e-13 1.8091705949e-14 3.8267150193e+07 2.6231079711e+07 3.9738697303e-18 1.2312418530e-18 -3.9641689581e+03 -6.0813941721e+02 -4.6638874390e+09 -9.9634861148e+06 2.1837912996e+06 6.1665957222e+02 0.0000000000e+00 -0.0000000000e+00
1.5219151269e+05 1.4228984933e-13 1.8880583444e-14 3.5792764279e+07 2.5835253759e+07 4.1135499608e-18 1.3295043171e-18 -4.0623066448e+03 -6.7717746845e+02 -4.6638872371e+09 -9.9634861148e+06 2.1837912996e+06 5.8149148666e+02 0.0000000000e+00 -0.0000000000e+00
1.5277300417e+05 1.4472285159e-13 1.9683803759e-14 3.3401755826e+07 2.5420315445e+07 4.2565472751e-18 1.4354996445e-18 -4.1627748755e+03 -7.5164853853e+02 -4.6638870150e+09 -9.9634861148e+06 2.1837912996e+06 5.4771412447e+02 0.0000000000e+00 -0.0000000000e+00
1.5332071830e+05 1.4709370336e-13 2.0500641443e-14 3.1094006546e+07 2.4987131761e+07 4.4026915892e-18 1.5497996740e-18 -4.2654541513e+03 -8.3195439451e+02 -4.6638867718e+09 -9.9634861148e+06 2.1837912996e+06 5.1541065504e+02 0.0000000000e+00 -0.0000000000e+00
1.5383612895e+05 1.4940080565e-13 2.1330459231e-14 2.8868912218e+07 2.4536529111e+07 4.5517846464e-18 1.6730252260e-18 -4.3702051792e+03 -9.1853121765e+02 -4.6638865064e+09 -9.9634861148e+06 2.1837912996e+06 4.8463331030e+02 0.0000000000e+00 -0.0000000000e+00
1.5432076226e+05 1.5164305391e-13 2.2172714702e-14 2.6725460003e+07 2.4069280680e+07 4.7035937739e-18 1.8058510172e-18 -4.4768644862e+03 -1.0118530559e+03 -4.6638862179e+09 -9.9634861148e+06 2.1837912996e+06 4.5540942446e+02 0.0000000000e+00 -0.0000000000e+00
1.5477617169e+05 1.5381978597e-13 2.3026968324e-14 2.4662294197e+07 2.3586094387e+07 4.8578447265e-18 1.9490113525e-18 -4.5852393907e+03 -1.1124358232e+03 -4.6638859055e+09 -9.9634861148e+06 2.1837912996e+06 4.2774649150e+02 0.0000000000e+00 -0.0000000000e+00
1.5520391818e+05 1.5593073566e-13 2.3892893093e-14 2.2677772105e+07 2.3087601016e+07 5.0142133537e-18 2.1033067508e-18 -4.6951021486e+03 -1.2208419548e+03 -4.6638855683e+09 -9.9634861148e+06 2.1837912996e+06 4.0163642242e+02 0.0000000000e+00 -0.0000000000e+00
1.5560555460e+05 1.5797599145e-13 2.4770286151e-14 2.0770011339e+07 2.2574342049e+07 5.1723157623e-18 2.2696117011e-18 -4.8061830408e+03 -1.3376858564e+03 -4.6638852058e+09 -9.9634861148e+06 2.1837912996e+06 3.7705915765e+02 0.0000000000e+00 -0.0000000000e+00
1.5598261376e+05 1.5995595987e-13 2.5659082891e-14 1.8936929564e+07 2.2046756682e+07 5.3316965562e-18 2.4488838126e-18 -4.9181621116e+03 -1.4636403328e+03 -4.6638848174e+09 -9.9634861148e+06 2.1837912996e+06 3.5398575915e+02 0.0000000000e+00 -0.0000000000e+00
1.5633659952e+05 1.6187133341e-13 2.6559374280e-14 1.7176277448e+07 2.1505167369e+07 5.4918146101e-18 2.6421747009e-18 -5.0306591725e+03 -1.5994442370e+03 -4.6638844029e+09 -9.9634861148e+06 2.1837912996e+06 3.3238109401e+02 0.0000000000e+00 -0.0000000000e+00
1.5666898061e+05 1.6372306287e-13 2.7471428432e-14 1.5485665361e+07 2.0949763081e+07 5.6520256492e-18 2.8506430704e-18 -5.1432215638e+03 -1.7459116608e+03 -4.6638839624e+09 -9.9634861148e+06 2.1837912996e+06 3.1220621046e+02 0.0000000000e+00 -0.0000000000e+00
1.5698118682e+05 1.6551233415e-13 2.8395717789e-14 1.3862584149e+07 2.0380579217e+07 5.8115606526e-18 3.0755706088e-18 -5.2553089803e+03 -1.9039431031e+03 -4.6638834963e+09 -9.9634861148e+06 2.1837912996e+06 2.9342050516e+02 0.0000000000e+00 -0.0000000000e+00
1.5727460733e+05 1.6724054970e-13 2.9332953897e-14 1.2304420103e+07 1.9797472760e+07 5.9694987186e-18 3.3183815376e-18 -5.3662744074e+03 -2.0745392051e+03 -4.6638830058e+09 -9.9634861148e+06 2.1837912996e+06 2.7598378910e+02 0.0000000000e+00 -0.0000000000e+00
1.5755059112e+05 1.6890931505e-13 3.0284132500e-14 1.0808463948e+07 1.9200090687e+07 6.1247324742e-18 3.5806669820e-18 -5.4753398177e+03 -2.2588178726e+03 -4.6638824927e+09 -9.9634861148e+06 2.1837912996e+06 2.5985837342e+02 0.0000000000e+00 -0.0000000000e+00
1.5781044949e+05 1.7052043098e-13 3.1250592932e-14 9.3719134023e+06 1.8587828894e+07 6.2759232659e-18 3.8642157957e-18 -5.5815646893e+03 -2.4580359332e+03 -4.6638819599e+09 -9.9634861148e+06 2.1837912996e+06 2.4501132841e+02 0.0000000000e+00 -0.0000000000e+00
1.5805546082e+05 1.7207589237e-13 3.2234097564e-14 7.9918684162e+06 1.7959777593e+07 6.4214420644e-18 4.1710541623e-18 -5.6838044851e+03 -2.6736169597e+03 -4.6638814116e+09 -9.9634861148e+06 2.1837912996e+06 2.3141712348e+02 0.0000000000e+00 -0.0000000000e+00
1.5828687794e+05 1.7357789502e-13 3.3236939908e-14 6.6653176910e+06 1.7314647266e+07 6.5592899378e-18 4.5034973114e-18 -5.7806547792e+03 -2.9071876052e+03 -4.6638808539e+09 -9.9634861148e+06 2.1837912996e+06 2.1906093572e+02 0.0000000000e+00 -0.0000000000e+00
1.5850593888e+05 1.7502885239e-13 3.4262094314e-14 5.3891144015e+06 1.6650666237e+07 6.6869885696e-18 4.8642181812e-18 -5.8703743356e+03 -3.1606258445e+03 -4.6638802954e+09 -9.9634861148e+06 2.1837912996e+06 2.0794303919e+02 0.0000000000e+00 -0.0000000000e+00
1.5871388192e+05 1.7643142422e-13 3.5313427140e-14 4.1599383373e+06 1.5965436186e+07 6.8014256206e-18 5.2563399978e-18 -5.9507764613e+03 -3.4361260197e+03 -4.6638797480e+09 -9.9634861148e+06 2.1837912996e+06 1.9808482958e+02 0.0000000000e+00 -0.0000000000e+00
1.5891196675e+05 1.7778855894e-13 3.6395999929e-14 2.9742413967e+06 1.5255724566e+07 6.8986299512e-18 5.6835625195e-18 -6.0190710804e+03 -3.7362875373e+03 -4.6638792281e+09 -9.9634861148e+06 2.1837912996e+06 1.8361663950e+02 0.0000000000e+00 -0.0000000000e+00
1.5906568306e+05 1.7885397171e-13 3.7297873719e-14 2.0455125248e+06 1.4661570926e+07 6.9610917865e-18 6.0573344305e-18 -6.0629560310e+03 -3.9988952846e+03 -4.6638790608e+09 -9.9634861148e+06 2.1837912996e+06 1.5751536545e+02 0.0000000000e+00 -0.0000000000e+00
1.5919566895e+05 1.7976155561e-13 3.8107575414e-14 1.2554885631e+06 1.4126079578e+07 7.0009160022e-18 6.4062899145e-18 -6.0909360565e+03 -4.2440673023e+03 -4.6638789842e+09 -9.9634861148e+06 2.1837912996e+06 1.3446292145e+02 0.0000000000e+00 -0.0000000000e+00
1.5929882532e+05 1.8048488710e-13 3.8783744657e-14 6.2636707129e+05 1.3677513609e+07 7.0211537834e-18 6.7069763253e-18 -6.1051548834e+03 -4.4553260371e+03 -4.6638789598e+09 -9.9634861148e+06 2.1837912996e+06 1.1157651237e+02 0.0000000000e+00 -0.0000000000e+00
1.5936474748e+05 1.8094797787e-13 3.9232555243e-14 2.2373263626e+05 1.3379121072e+07 7.0275298411e-18 6.9109947864e-18 -6.1096346266e+03 -4.5986670076e+03 -4.6638789572e+09 -9.9634861148e+06 2.1837912996e+06 8.7895363104e+01 0.0000000000e+00 -0.0000000000e+00
1.5945264285e+05 1.8156570471e-13 3.9852494800e-14 -3.1330370831e+05 1.2966140612e+07 7.0264614300e-18 7.1982947397e-18 -6.1088839735e+03 -4.8005205748e+03 -4.6638789471e+09 -9.9634861148e+06 2.1837912996e+06 9.1493874618e+01 0.0000000000e+00 -0.0000000000e+00
1.5954413672e+05 1.8220801736e-13 4.0525513417e-14 -8.7183183523e+05 1.2516791947e+07 7.0115246101e-18 7.5168863797e-18 -6.0983895396e+03 -5.0243593129e+03 -4.6638789363e+09 -9.9634861148e+06 2.1837912996e+06 1.0905525623e+02 0.0000000000e+00 -0.0000000000e+00
1.5965319198e+05 1.8297070868e-13 4.1367192891e-14 -1.5355216123e+06 1.1953455959e+07 6.9712296405e-18 7.9240256962e-18 -6.0700787680e+03 -5.3104106069e+03 -4.6638789158e+09 -9.9634861148e+06 2.1837912996e+06 1.1880371962e+02 0.0000000000e+00 -0.0000000000e+00
1.5977199570e+05 1.8379465627e-13 4.2336671378e-14 -2.2536762271e+06 1.1302834430e+07 6.8928303113e-18 8.4028767434e-18 -6.0149963216e+03 -5.6468457190e+03 -4.6638788868e+09 -9.9634861148e+06 2.1837912996e+06 1.2549727708e+02 4.1686819954e-305 -2.9233859015e-297
1.5989749297e+05 1.8465200065e-13 4.3425065709e-14 -3.0031410471e+06 1.0570383714e+07 6.7609423917e-18 8.9493573593e-18 -5.9223334209e+03 -6.0307965706e+03 -4.6638788162e+09 -9.9634861148e+06 2.1837912996e+06 1.3228748245e+02 6.8833885050e-273 -4.9454490440e-265
1.6002978046e+05 1.8553351905e-13 4.4649469903e-14 -3.7775495644e+06 9.7441185856e+06 6.5532902382e-18 9.5690585803e-18 -5.7764394609e+03 -6.4661913579e+03 -4.6638785497e+09 -9.9634861148e+06 2.1837912996e+06 1.4397661119e+02 1.3782507926e-240 -1.0157693693e-232
1.6017375707e+05 1.8645495163e-13 4.6078437868e-14 -4.5937030129e+06 8.7771324892e+06 6.2271980452e-18 1.0287652349e-17 -5.5473309224e+03 -6.9710668858e+03 -4.6638773899e+09 -9.9634861148e+06 2.1837912996e+06 1.4953955153e+02 6.4935569035e-208 -4.9172929649e-200
1.6030752465e+05 1.8726140351e-13 4.7500917307e-14 -5.3171056042e+06 7.8120822852e+06 5.8103714943e-18 1.0983202413e-17 -5.2544734916e+03 -7.4597521777e+03 -4.6638754228e+09 -9.9634861148e+06 2.1837912996e+06 1.3374620600e+02 1.7174426688e-180 -1.3320256300e-172
1.6044127085e+05 1.8800360492e-13 4.9016828385e-14 -5.9953415266e+06 6.7813826192e+06 5.2657084586e-18 1.1683864853e-17 -4.8717996505e+03 -7.9520293648e+03 -4.6638716570e+09 -9.9634861148e+06 2.1837912996e+06 1.2044717136e+02 1.4171943901e-156 -1.1233914003e-148
1.6056171802e+05 1.8860226258e-13 5.0461204799e-14 -6.5571364924e+06 5.7975256244e+06 4.6555487423e-18 1.2294047511e-17 -4.4431086122e+03 -8.3807365217e+03 -4.6638681711e+09 -9.9634861148e+06 2.1837912996e+06 1.1026231888e+02 1.2821609309e-138 -1.0337833502e-130
1.6067198034e+05 1.8908010464e-13 5.1845733377e-14 -7.0221094235e+06 4.8531003567e+06 3.9960445047e-18 1.2810521078e-17 -3.9797486937e+03 -8.7436047742e+03 -4.6638653933e+09 -9.9634861148e+06 2.1837912996e+06 1.0520157425e+02 1.3037252311e-125 -1.0645842166e-117
1.6076174220e+05 1.8941212051e-13 5.3012771086e-14 -7.3605964635e+06 4.0562147069e+06 3.3922343001e-18 1.3184220632e-17 -3.5555187476e+03 -9.0061616841e+03 -4.6638643882e+09 -9.9634861148e+06 2.1837912996e+06 9.0956261266e+01 1.0597497503e-117 -8.7219592286e-110
1.6084347058e+05 1.8966530495e-13 5.4102584534e-14 -7.6342808103e+06 3.3115219770e+06 2.7969587722e-18 1.3476536914e-17 -3.1372851650e+03 -9.2115396651e+03 -4.6638638799e+09 -9.9634861148e+06 2.1837912996e+06 8.2283641388e+01 9.7765594443e-113 -8.0866480834e-105
1.6092575422e+05 1.8986955694e-13 5.5221738644e-14 -7.8742366713e+06 2.5463575016e+06 2.1626036407e-18 1.3716048947e-17 -2.6915947126e+03 -9.3798180013e+03 -4.6638635914e+09 -9.9634861148e+06 2.1837912996e+06 7.6059130971e+01 5.5367290391e-110 -4.5925004704e-102
1.6100181335e+05 1.9001101032e-13 5.6271663321e-14 -8.0627747503e+06 1.8282336302e+06 1.5542585460e-18 1.3883020466e-17 -2.2641786061e+03 -9.4971302262e+03 -4.6638635929e+09 -9.9634861148e+06 2.1837912996e+06 7.1121827705e+01 1.7366961723e-109 -1.4412499884e-101
1.6107293518e+05 1.9010098744e-13 5.7263111433e-14 -8.2093588335e+06 1.1499262310e+06 9.7499986746e-19 1.3989071030e-17 -1.8571982733e+03 -9.5716401050e+03 -4.6638637311e+09 -9.9634861148e+06 2.1837912996e+06 6.4351083956e+01 8.2295442569e-111 -6.8203416919e-103
1.6112844835e+05 1.9014251444e-13 5.8041176339e-14 -8.3036063582e+06 6.1752923776e+05 5.2126205553e-19 1.4037669809e-17 -1.5384074248e+03 -9.6057850351e+03 -4.6638637998e+09 -9.9634861148e+06 2.1837912996e+06 5.7153973596e+01 4.9148561791e-113 -4.0640782905e-105
1.6116571923e+05 1.9015628443e-13 5.8564711545e-14 -8.3569689826e+06 2.5927507088e+05 2.1795432974e-19 1.4053645705e-17 -1.3253069849e+03 -9.6170095116e+03 -4.6638638114e+09 -9.9634861148e+06 2.1837912996e+06 4.8611287841e+01 4.1928815705e-115 -3.4598461572e-107
1.6121433052e+05 1.9015733330e-13 5.9247995793e-14 -8.4146868320e+06 -2.0830335547e+05 -1.7393618028e-19 1.4054873380e-17 -1.0499693231e+03 -9.6178720617e+03 -4.6638638620e+09 -9.9634861148e+06 2.1837912996e+06 4.7202211096e+01 1.7501134426e-118 -1.4392516456e-110
1.6126153273e+05 1.9014025676e-13 5.9911039304e-14 -8.4580183033e+06 -6.6202289296e+05 -5.4845615417e-19 1.4035594430e-17 -7.8683599554e+02 -9.6043268985e+03 -4.6638639095e+09 -9.9634861148e+06 2.1837912996e+06 6.0838908379e+01 1.7466557353e-122 -1.4306906480e-114
1.6132237164e+05 1.9009248932e-13 6.0763495487e-14 -8.4957712979e+06 -1.2453180511e+06 -1.0193536911e-18 1.3982714086e-17 -4.5598892608e+02 -9.5671737910e+03 -4.6638640855e+09 -9.9634861148e+06 2.1837912996e+06 5.7084881385e+01 1.1933507373e-128 -9.7154611069e-121
1.6137071043e+05 1.9003440815e-13 6.1437954408e-14 -8.5116256702e+06 -1.7067659144e+06 -1.3818621640e-18 1.3919844653e-17 -2.0129473782e+02 -9.5230024667e+03 -4.6638641391e+09 -9.9634861148e+06 2.1837912996e+06 5.0649748452e+01 2.5213360282e-134 -2.0413644755e-126
1.6139979886e+05 1.8999111068e-13 6.1842205512e-14 -8.5153020977e+06 -1.9833146844e+06 -1.5943502907e-18 1.3873806442e-17 -5.2003079850e+01 -9.4906565615e+03 -4.6638641430e+09 -9.9634861148e+06 2.1837912996e+06 4.0116333278e+01 4.6655210268e-138 -3.7637594083e-130
1.6143991519e+05 1.8992139485e-13 6.2397345800e-14 -8.5133439286e+06 -2.3630431669e+06 -1.8798281147e-18 1.3800975007e-17 1.4857028074e+02 -9.4394860519e+03 -4.6638641618e+09 -9.9634861148e+06 2.1837912996e+06 5.1066134337e+01 1.3953852144e-143 -1.1197348044e-135
1.6149098132e+05 1.8981639942e-13 6.3099440697e-14 -8.4994338121e+06 -2.8432070431e+06 -2.2297121210e-18 1.3693974685e-17 3.9439466730e+02 -9.3643088844e+03 -4.6638642188e+09 -9.9634861148e+06 2.1837912996e+06 6.5073195331e+01 3.2252139528e-151 -2.5694373101e-143
1.6155605452e+05 1.8965740952e-13 6.3985569282e-14 -8.4640065440e+06 -3.4490721762e+06 -2.6523463294e-18 1.3537357352e-17 6.9133248993e+02 -9.2542713893e+03 -4.6638643826e+09 -9.9634861148e+06 2.1837912996e+06 7.7696563411e+01 7.1768959051e-162 -5.6611709731e-154
1.6163375108e+05 1.8943285268e-13 6.5029311732e-14 -8.3973095040e+06 -4.1624318036e+06 -3.1214965694e-18 1.3325834274e-17 1.0209519291e+03 -9.1056577629e+03 -4.6638646947e+09 -9.9634861148e+06 2.1837912996e+06 9.1148101206e+01 7.7861417693e-176 -6.0640868272e-168
1.6172489918e+05 1.8912511632e-13 6.6231629505e-14 -8.2879390706e+06 -4.9837486633e+06 -3.6220089674e-18 1.3051888071e-17 1.3726060516e+03 -8.9131863838e+03 -4.6638651870e+09 -9.9634861148e+06 2.1837912996e+06 1.0550631364e+02 9.1030036396e-194 -6.9779233584e-186
1.6183040550e+05 1.8871527162e-13 6.7590899716e-14 -8.1236588517e+06 -5.9116495963e+06 -4.1355894895e-18 1.2711548798e-17 1.7334416843e+03 -8.6740680147e+03 -4.6638658313e+09 -9.9634861148e+06 2.1837912996e+06 1.1823387476e+02 2.4146360758e-216 -1.8155026986e-208
1.6194863937e+05 1.8819615589e-13 6.9070462247e-14 -7.8975250181e+06 -6.9207965759e+06 -4.6322731596e-18 1.2314536250e-17 2.0824057875e+03 -8.3951316692e+03 -4.6638664628e+09 -9.9634861148e+06 2.1837912996e+06 1.2583094971e+02 1.3444868310e-243 -9.8848208256e-236
1.6207447032e+05 1.8758437896e-13 7.0593143693e-14 -7.6151936173e+06 -7.9582865832e+06 -5.0781672090e-18 1.1887753106e-17 2.3956857009e+03 -8.0952788528e+03 -4.6638668970e+09 -9.9634861148e+06 2.1837912996e+06 1.2936721539e+02 1.8730471769e-274 -1.3440941894e-266
1.6220383754e+05 1.8690201435e-13 7.2102959378e-14 -7.2874132662e+06 -8.9858287326e+06 -5.4589606390e-18 1.1455672989e-17 2.6632266849e+03 -7.7917044461e+03 -4.6638671499e+09 -9.9634861148e+06 2.1837912996e+06 1.3236057336e+02 9.3871671059e-308 -6.5702110674e-300
1.6233619811e+05 1.8615755998e-13 7.3590775197e-14 -6.9195181202e+06 -9.9971449922e+06 -5.7792166788e-18 1.1028594452e-17 2.8882348107e+03 -7.4916440903e+03 -4.6638673200e+09 -9.9634861148e+06 2.1837912996e+06 1.3649132785e+02 0.0000000000e+00 -0.0000000000e+00
1.6247268944e+05 1.8534975475e-13 7.5067195758e-14 -6.5119553684e+06 -1.0999393817e+07 -6.0480659349e-18 1.0609140834e-17 3.0771251351e+03 -7.1969409133e+03 -4.6638674730e+09 -9.9634861148e+06 2.1837912996e+06 1.4209471693e+02 0.0000000000e+00 -0.0000000000e+00
1.6261478416e+05 1.8447375274e-13 7.6545161085e-14 -6.0630465126e+06 -1.2001288374e+07 -6.2733913667e-18 1.0197828096e-17 3.2354361326e+03 -6.9079574220e+03 -4.6638676424e+09 -9.9634861148e+06 2.1837912996e+06 1.4918378627e+02 0.0000000000e+00 -0.0000000000e+00
1.6276396794e+05 1.8352329449e-13 7.8036080061e-14 -5.5701352100e+06 -1.3010462711e+07 -6.4612613051e-18 9.7947559240e-18 3.3674313411e+03 -6.6247636563e+03 -4.6638678459e+09 -9.9634861148e+06 2.1837912996e+06 1.5776519097e+02 0.0000000000e+00 -0.0000000000e+00
1.6292173313e+05 1.8249117268e-13 7.9549793151e-14 -5.0299069572e+06 -1.4033447220e+07 -6.6163588692e-18 9.3999667765e-18 3.4764010649e+03 -6.3473894459e+03 -4.6638680934e+09 -9.9634861148e+06 2.1837912996e+06 1.6625810177e+02 0.0000000000e+00 -0.0000000000e+00
1.6308799123e+05 1.8138027606e-13 8.1080331961e-14 -4.4442876184e+06 -1.5066071311e+07 -6.7413253414e-18 9.0171131225e-18 3.5642010381e+03 -6.0784009727e+03 -4.6638683769e+09 -9.9634861148e+06 2.1837912996e+06 1.7073581945e+02 0.0000000000e+00 -0.0000000000e+00
1.6325872705e+05 1.8022068405e-13 8.2588659378e-14 -3.8297041473e+06 -1.6081939539e+07 -6.8373170034e-18 8.6567310620e-18 3.6316436506e+03 -5.8252007768e+03 -4.6638686511e+09 -9.9634861148e+06 2.1837912996e+06 1.7529971570e+02 0.0000000000e+00 -0.0000000000e+00
1.6343402677e+05 1.7901545664e-13 8.4076062692e-14 -3.1884074662e+06 -1.7081934197e+07 -6.9091868282e-18 8.3181390120e-18 3.6821385439e+03 -5.5873099859e+03 -4.6638689084e+09 -9.9634861148e+06 2.1837912996e+06 1.7924102298e+02 0.0000000000e+00 -0.0000000000e+00
1.6361326779e+05 1.7777212763e-13 8.5538217455e-14 -2.5249609509e+06 -1.8063176934e+07 -6.9608353598e-18 8.0015335285e-18 3.7184261946e+03 -5.3648666979e+03 -4.6638691399e+09 -9.9634861148e+06 2.1837912996e+06 1.8176008677e+02 0.0000000000e+00 -0.0000000000e+00
1.6379502788e+05 1.7650352857e-13 8.6965486816e-14 -1.8467127709e+06 -1.9019262408e+07 -6.9956138335e-18 7.7077661873e-18 3.7428611410e+03 -5.1584692201e+03 -4.6638693367e+09 -9.9634861148e+06 2.1837912996e+06 1.8154251845e+02 0.0000000000e+00 -0.0000000000e+00
1.6397657040e+05 1.7523144440e-13 8.8340008201e-14 -1.1657609712e+06 -1.9938343671e+07 -7.0165302587e-18 7.4387578623e-18 3.7575567753e+03 -4.9694671358e+03 -4.6638694910e+09 -9.9634861148e+06 2.1837912996e+06 1.7600394040e+02 0.0000000000e+00 -0.0000000000e+00
1.6413445513e+05 1.7412281025e-13 8.9497199813e-14 -5.7191617591e+05 -2.0710809670e+07 -7.0258348989e-18 7.2225273952e-18 3.7640941061e+03 -4.8175461535e+03 -4.6638695522e+09 -9.9634861148e+06 2.1837912996e+06 1.6155555675e+02 0.0000000000e+00 -0.0000000000e+00
1.6423252560e+05 1.7343364825e-13 9.0199255650e-14 -2.0267480047e+05 -2.1178869908e+07 -7.0281913690e-18 7.0957708045e-18 3.7657497343e+03 -4.7284884641e+03 -4.6638695569e+09 -9.9634861148e+06 2.1837912996e+06 1.3710089877e+02 0.0000000000e+00 -0.0000000000e+00
1.6436962650e+05 1.7247005885e-13 9.1160442070e-14 3.1362555247e+05 -2.1818964679e+07 -7.0277872048e-18 6.9274960137e-18 3.7654657732e+03 -4.6102605758e+03 -4.6638695788e+09 -9.9634861148e+06 2.1837912996e+06 1.5517380896e+02 0.0000000000e+00 -0.0000000000e+00
1.6452480031e+05 1.7137985178e-13 9.2221377413e-14 8.9770138297e+05 -2.2524498638e+07 -7.0229378571e-18 6.7486180778e-18 3.7620586786e+03 -4.4845830425e+03 -4.6638696125e+09 -9.9634861148e+06 2.1837912996e+06 2.0042966328e+02 0.0000000000e+00 -0.0000000000e+00
1.6472522997e+05 1.6997333966e-13 9.3552201061e-14 1.6509616422e+06 -2.3408025964e+07 -7.0110966684e-18 6.5340226629e-18 3.7537391987e+03 -4.3338108286e+03 -4.6638697094e+09 -9.9634861148e+06 2.1837912996e+06 2.3892764473e+02 0.0000000000e+00 -0.0000000000e+00
1.6496415762e+05 1.6830052112e-13 9.5084932712e-14 2.5461992948e+06 -2.4423520707e+07 -6.9906271556e-18 6.2997269969e-18 3.7393575598e+03 -4.1691974501e+03 -4.6638698874e+09 -9.9634861148e+06 2.1837912996e+06 2.7821901923e+02 0.0000000000e+00 -0.0000000000e+00
1.6524237664e+05 1.6635966368e-13 9.6802659219e-14 3.5837015665e+06 -2.5558896050e+07 -6.9604258637e-18 6.0525679442e-18 3.7181384875e+03 -3.9955464074e+03 -4.6638701667e+09 -9.9634861148e+06 2.1837912996e+06 3.2127613386e+02 0.0000000000e+00 -0.0000000000e+00
1.6556365277e+05 1.6412985150e-13 9.8705300483e-14 4.7737495711e+06 -2.6813128239e+07 -6.9197003368e-18 5.7965454207e-18 3.6895252113e+03 -3.8156679944e+03 -4.6638705721e+09 -9.9634861148e+06 2.1837912996e+06 3.6197160213e+02 0.0000000000e+00 -0.0000000000e+00
1.6592562437e+05 1.6163416568e-13 1.0075610415e-13 6.1028950649e+06 -2.8161002250e+07 -6.8690607334e-18 5.5398889930e-18 3.6539464218e+03 -3.6353442078e+03 -4.6638710763e+09 -9.9634861148e+06 2.1837912996e+06 3.8656262650e+02 0.0000000000e+00 -0.0000000000e+00
1.6631218700e+05 1.5898982946e-13 1.0284969920e-13 7.5076555946e+06 -2.9532623134e+07 -6.8118490143e-18 5.2968347058e-18 3.6137501410e+03 -3.4645771251e+03 -4.6638715480e+09 -9.9634861148e+06 2.1837912996e+06 4.1418041764e+02 0.0000000000e+00 -0.0000000000e+00
1.6672636742e+05 1.5618149075e-13 1.0499476991e-13 8.9952694730e+06 -3.0933314744e+07 -6.7489509011e-18 5.0659487717e-18 3.5695586667e+03 -3.3023593841e+03 -4.6638719946e+09 -9.9634861148e+06 2.1837912996e+06 4.4413806321e+02 0.0000000000e+00 -0.0000000000e+00
1.6717050548e+05 1.5319907580e-13 1.0719503710e-13 1.0570071669e+07 -3.2365090134e+07 -6.6812285984e-18 4.8464999541e-18 3.5219777735e+03 -3.1481772266e+03 -4.6638724173e+09 -9.9634861148e+06 2.1837912996e+06 4.7664769852e+02 0.0000000000e+00 -0.0000000000e+00
1.6764715318e+05 1.5003165019e-13 1.0945436919e-13 1.2236753198e+07 -3.3830011562e+07 -6.6094239135e-18 4.6377993108e-18 3.4715286467e+03 -3.0015466100e+03 -4.6638728174e+09 -9.9634861148e+06 2.1837912996e+06 5.1189899724e+02 0.0000000000e+00 -0.0000000000e+00
1.6815905218e+05 1.4666764681e-13 1.1177660087e-13 1.4000227276e+07 -3.5330068858e+07 -6.5341824564e-18 4.4392165838e-18 3.4186648841e+03 -2.8620247223e+03 -4.6638731961e+09 -9.9634861148e+06 2.1837912996e+06 5.5010104544e+02 0.0000000000e+00 -0.0000000000e+00
1.6870915322e+05 1.4309481054e-13 1.1416557088e-13 1.5865645402e+07 -3.6867200978e+07 -6.4560681335e-18 4.2501716879e-18 3.3637826798e+03 -2.7292040024e+03 -4.6638735547e+09 -9.9634861148e+06 2.1837912996e+06 5.9148137042e+02 0.0000000000e+00 -0.0000000000e+00
1.6930063459e+05 1.3930015431e-13 1.1662514523e-13 1.7838406648e+07 -3.8443307584e+07 -6.3755751155e-18 4.0701286396e-18 3.3072292323e+03 -2.6027078748e+03 -4.6638738941e+09 -9.9634861148e+06 2.1837912996e+06 6.3628705591e+02 0.0000000000e+00 -0.0000000000e+00
1.6993692165e+05 1.3526991302e-13 1.1915923710e-13 1.9924167084e+07 -4.0060257996e+07 -6.2931376255e-18 3.8985905112e-18 3.2493096218e+03 -2.4821872039e+03 -4.6638742155e+09 -9.9634861148e+06 2.1837912996e+06 6.8478591097e+02 0.0000000000e+00 -0.0000000000e+00
1.7062170756e+05 1.3098949591e-13 1.2177182378e-13 2.2128848974e+07 -4.1719897782e+07 -6.2091380371e-18 3.7350952194e-18 3.1902924992e+03 -2.3673173354e+03 -4.6638745198e+09 -9.9634861148e+06 2.1837912996e+06 7.3726777748e+02 0.0000000000e+00 -0.0000000000e+00
1.7135897534e+05 1.2644343703e-13 1.2446696139e-13 2.4458649724e+07 -4.3424053407e+07 -6.1239136300e-18 3.5792119730e-18 3.1304148333e+03 -2.2577956003e+03 -4.6638748080e+09 -9.9634861148e+06 2.1837912996e+06 7.9404595205e+02 0.0000000000e+00 -0.0000000000e+00
1.7215302129e+05 1.2161534388e-13 1.2724879762e-13 2.6920050488e+07 -4.5174535209e+07 -6.0377622749e-18 3.4305382482e-18 3.0698859048e+03 -2.1533391904e+03 -4.6638750808e+09 -9.9634861148e+06 2.1837912996e+06 8.5545873059e+02 0.0000000000e+00 -0.0000000000e+00
1.7280000000e+05 1.1773064061e-13 1.2943253151e-13 2.8891025136e+07 -4.6542581369e+07 -5.9715620286e-18 3.3217027245e-18 3.0233743906e+03 -2.0768726319e+03 -4.6638751478e+09 -9.9634861148e+06 2.1837912996e+06 9.1522142214e+02 0.0000000000e+00 -0.0000000000e+00
1.7280000000e+05 1.1773064061e-13 1.2943253151e-13 2.8891025136e+07 -4.6542581369e+07 -5.9715620286e-18 3.3217027245e-18 3.0233743906e+03 -2.0768726319e+03 -4.6638751478e+09 -9.9634861148e+06 2.1837912996e+06 9.1522142214e+02 0.0000000000e+00 -0.0000000000e+00
