0.0000000000e+00 0.0000000000e+00 0.0000000000e+00 3.1415900000e+08 0.0000000000e+00 0.0000000000e+00 0.0000000000e+00 -1.1783442500e+03 2.2694675050e+02 -4.6638893084e+09 -1.0015926125e+07 1.9290473792e+06 1.0000000000e+01 0.0000000000e+00 -0.0000000000e+00
1.0000000000e+01 2.8740014344e-22 6.9207595971e-28 3.1414721636e+08 2.2694675045e+03 5.7480747374e-23 2.0762668186e-28 -1.1783846353e+03 2.2694675035e+02 -4.6638893084e+09 -1.0015926125e+07 1.9290473793e+06 5.0000000000e+01 0.0000000000e+00 -0.0000000000e+00
6.0000000000e+01 1.0347699032e-20 1.4953047316e-25 3.1408829207e+08 1.3616804925e+04 3.4494918311e-22 7.4773652056e-27 -1.1785866072e+03 2.2694674525e+02 -4.6638893084e+09 -1.0015926125e+07 1.9290473793e+06 2.5000000000e+02 0.0000000000e+00 -0.0000000000e+00
3.1000000000e+02 2.7639896008e-19 2.0652492281e-23 3.1379351909e+08 7.0353478145e+04 1.7839112562e-21 1.9997920984e-25 -1.1795976051e+03 2.2694661000e+02 -4.6638893084e+09 -1.0015926125e+07 1.9290473793e+06 1.2500000000e+03 0.0000000000e+00 -0.0000000000e+00
1.5600000000e+03 7.0214322921e-18 2.6505137975e-21 3.1231584979e+08 3.5403506856e+05 9.0195242844e-21 5.1121755082e-24 -1.1846812617e+03 2.2694315875e+02 -4.6638893084e+09 -1.0015926125e+07 1.9290473793e+06 3.6000000000e+03 0.0000000000e+00 -0.0000000000e+00
5.1600000000e+03 7.7526250621e-17 9.7916444096e-20 3.0802427464e+08 1.1709764376e+06 3.0247656200e-20 5.7494114024e-23 -1.1995958974e+03 2.2690635581e+02 -4.6638893083e+09 -1.0015926125e+07 1.9290473792e+06 3.6000000000e+03 0.0000000000e+00 -0.0000000000e+00
8.7600000000e+03 2.2552816455e-16 4.8926212305e-19 3.0367825093e+08 1.9877097846e+06 5.2078880109e-20 1.7043794247e-22 -1.2149342585e+03 2.2682700281e+02 -4.6638893082e+09 -1.0015926125e+07 1.9290473793e+06 3.6000000000e+03 0.0000000000e+00 -0.0000000000e+00
1.2360000000e+04 4.5325832916e-16 1.4040612225e-18 2.9927621110e+08 2.8040753593e+06 7.4546983660e-20 3.4922718114e-22 -1.2307200837e+03 2.2670138759e+02 -4.6638893081e+09 -1.0015926125e+07 1.9290473793e+06 3.6000000000e+03 0.0000000000e+00 -0.0000000000e+00
1.5960000000e+04 7.6307446678e-16 3.0897053392e-18 2.9481649863e+08 3.6198993474e+06 9.7688542414e-20 5.9971095447e-22 -1.2469790706e+03 2.2652540064e+02 -4.6638893079e+09 -1.0015926125e+07 1.9290473792e+06 3.6000000000e+03 0.0000000000e+00 -0.0000000000e+00
1.9560000000e+04 1.1574714456e-15 5.8157715548e-18 2.9029736065e+08 4.4349923471e+06 1.2154322761e-19 9.2837881594e-22 -1.2637390918e+03 2.2629448247e+02 -4.6638893078e+09 -1.0015926125e+07 1.9290473792e+06 3.6000000000e+03 0.0000000000e+00 -0.0000000000e+00
2.3160000000e+04 1.6390930414e-15 9.8764803589e-18 2.8571693968e+08 5.2491476427e+06 1.4615415689e-19 1.3424475818e-21 -1.2810304412e+03 2.2600356262e+02 -4.6638893076e+09 -1.0015926125e+07 1.9290473792e+06 3.6000000000e+03 0.0000000000e+00 -0.0000000000e+00
2.6760000000e+04 2.2107450504e-15 1.5593491159e-17 2.8107326441e+08 6.0621392399e+06 1.7156829533e-19 1.8499624663e-21 -1.2988861158e+03 2.2564698864e+02 -4.6638893074e+09 -1.0015926125e+07 1.9290473792e+06 3.6000000000e+03 0.0000000000e+00 -0.0000000000e+00
3.0360000000e+04 2.8754099485e-15 2.3319091737e-17 2.7636423937e+08 6.8737196257e+06 1.9783691553e-19 2.4599153228e-21 -1.3173421394e+03 2.2521844293e+02 -4.6638893071e+09 -1.0015926125e+07 1.9290473793e+06 3.6000000000e+03 0.0000000000e+00 -0.0000000000e+00
3.3960000000e+04 3.6362633300e-15 3.3439849228e-17 2.7158763343e+08 7.6836172023e+06 2.2501612747e-19 3.1823834399e-21 -1.3364379339e+03 2.2471084533e+02 -4.6638893068e+09 -1.0015926125e+07 1.9290473793e+06 3.6000000000e+03 0.0000000000e+00 -0.0000000000e+00
3.7560000000e+04 4.4966923970e-15 4.6380804014e-17 2.6674106679e+08 8.4915333415e+06 2.5316749105e-19 4.0286931553e-21 -1.3562167508e+03 2.2411623809e+02 -4.6638893065e+09 -1.0015926125e+07 1.9290473793e+06 3.6000000000e+03 0.0000000000e+00 -0.0000000000e+00
4.1160000000e+04 5.4603168273e-15 6.2610305075e-17 2.6182199631e+08 9.2971389868e+06 2.8235872695e-19 5.0116135906e-21 -1.3767261697e+03 2.2342564975e+02 -4.6638893061e+09 -1.0015926125e+07 1.9290473793e+06 3.6000000000e+03 0.0000000000e+00 -0.0000000000e+00
4.4760000000e+04 6.5310124056e-15 8.2645606717e-17 2.5682769889e+08 1.0100070721e+07 3.1266454548e-19 6.1455871382e-21 -1.3980186812e+03 2.2262893328e+02 -4.6638893056e+09 -1.0015926125e+07 1.9290473793e+06 3.6000000000e+03 0.0000000000e+00 -0.0000000000e+00
4.8360000000e+04 7.7129378873e-15 1.0705937343e-16 2.5175525265e+08 1.0899926198e+07 3.4416761705e-19 7.4470050512e-21 -1.4201523687e+03 2.2171457236e+02 -4.6638893050e+09 -1.0015926125e+07 1.9290473793e+06 3.6000000000e+03 0.0000000000e+00 -0.0000000000e+00
5.1960000000e+04 9.0105656531e-15 1.3648727351e-16 2.4660151535e+08 1.1696258803e+07 3.7695971424e-19 8.9345387193e-21 -1.4431917104e+03 2.2066944871e+02 -4.6638893042e+09 -1.0015926125e+07 1.9290473793e+06 3.6000000000e+03 0.0000000000e+00 -0.0000000000e+00
5.5560000000e+04 1.0428716840e-14 1.7163688535e-16 2.4136309971e+08 1.2488571401e+07 4.1114306261e-19 1.0629540145e-20 -1.4672085288e+03 2.1947856065e+02 -4.6638893034e+09 -1.0015926125e+07 1.9290473793e+06 3.6000000000e+03 0.0000000000e+00 -0.0000000000e+00
5.9160000000e+04 1.1972601778e-14 2.1329819522e-16 2.3603634502e+08 1.3276308957e+07 4.4683194720e-19 1.2556529005e-20 -1.4922831193e+03 2.1812468094e+02 -4.6638893023e+09 -1.0015926125e+07 1.9290473793e+06 3.6000000000e+03 0.0000000000e+00 -0.0000000000e+00
6.2760000000e+04 1.3647866759e-14 2.6235603741e-16 2.3061728425e+08 1.4058849796e+07 4.8415463438e-19 1.4743788843e-20 -1.5185056002e+03 2.1658793792e+02 -4.6638893010e+09 -1.0015926125e+07 1.9290473793e+06 3.6000000000e+03 0.0000000000e+00 -0.0000000000e+00
6.6360000000e+04 1.5460648404e-14 3.1980491995e-16 2.2510160589e+08 1.4835495189e+07 5.2325568533e-19 1.7224101900e-20 -1.5459775386e+03 2.1484529914e+02 -4.6638892994e+09 -1.0015926125e+07 1.9290473793e+06 3.6000000000e+03 0.0000000000e+00 -0.0000000000e+00
6.9960000000e+04 1.7417637205e-14 3.8676680210e-16 2.1948460928e+08 1.5605456860e+07 5.6429875963e-19 2.0035661551e-20 -1.5748139197e+03 2.1286993041e+02 -4.6638892974e+09 -1.0015926125e+07 1.9290473793e+06 3.6000000000e+03 0.0000000000e+00 -0.0000000000e+00
7.3560000000e+04 1.9526152230e-14 4.6451255179e-16 2.1376115213e+08 1.6367841913e+07 6.0747003761e-19 2.3223214321e-20 -1.6051455517e+03 2.1063039333e+02 -4.6638892948e+09 -1.0015926125e+07 1.9290473793e+06 3.6000000000e+03 0.0000000000e+00 -0.0000000000e+00
7.7160000000e+04 2.1794229513e-14 5.5448802946e-16 2.0792558842e+08 1.7121634502e+07 6.5298243034e-19 2.6839501586e-20 -1.6371220234e+03 2.0808963244e+02 -4.6638892916e+09 -1.0015926125e+07 1.9290473793e+06 3.6000000000e+03 0.0000000000e+00 -0.0000000000e+00
8.0760000000e+04 2.4230727339e-14 6.5834604005e-16 2.0197169441e+08 1.7865673388e+07 7.0108080242e-19 3.0947096574e-20 -1.6709153738e+03 2.0520368453e+02 -4.6638892875e+09 -1.0015926125e+07 1.9290473793e+06 3.6000000000e+03 0.0000000000e+00 -0.0000000000e+00
8.4360000000e+04 2.6845452594e-14 7.7798580116e-16 1.9589257991e+08 1.8598624201e+07 7.5204851050e-19 3.5620768811e-20 -1.7067246858e+03 2.0192001740e+02 -4.6638892820e+09 -1.0015926125e+07 1.9290473793e+06 3.6000000000e+03 0.0000000000e+00 -0.0000000000e+00
8.7960000000e+04 2.9649313629e-14 9.1560214011e-16 1.8968058083e+08 1.9318944882e+07 8.0621567061e-19 4.0950561044e-20 -1.7447818953e+03 1.9817536808e+02 -4.6638892749e+09 -1.0015926125e+07 1.9290473793e+06 3.6000000000e+03 0.0000000000e+00 -0.0000000000e+00
9.1560000000e+04 3.2654506814e-14 1.0737474301e-15 1.8332712815e+08 2.0024842164e+07 8.6396972523e-19 4.7045841759e-20 -1.7853592146e+03 1.9389289556e+02 -4.6638892654e+09 -1.0015926125e+07 1.9290473793e+06 3.6000000000e+03 0.0000000000e+00 -0.0000000000e+00
9.5160000000e+04 3.5874746443e-14 1.2554104193e-15 1.7682258638e+08 2.0714216187e+07 9.2576911144e-19 5.4040713521e-20 -1.8287787363e+03 1.8897838095e+02 -4.6638892525e+09 -1.0015926125e+07 1.9290473793e+06 3.6000000000e+03 0.0000000000e+00 -0.0000000000e+00
9.8760000000e+04 3.9325551060e-14 1.4641177743e-15 1.7015605235e+08 2.1384589156e+07 9.9216117330e-19 6.2101336607e-20 -1.8754250179e+03 1.8331508200e+02 -4.6638892346e+09 -1.0015926125e+07 1.9290473793e+06 3.6000000000e+03 0.0000000000e+00 -0.0000000000e+00
1.0236000000e+05 4.3024604318e-14 1.7040666405e-15 1.6331510175e+08 2.2033012207e+07 1.0638059794e-18 7.1436007679e-20 -1.9257618158e+03 1.7675665193e+02 -4.6638892094e+09 -1.0015926125e+07 1.9290473793e+06 3.6000000000e+03 0.0000000000e+00 -0.0000000000e+00
1.0596000000e+05 4.6992215731e-14 1.9803002871e-15 1.5628546535e+08 2.2655941999e+07 1.1415085084e-18 8.2309282024e-20 -1.9803546985e+03 1.6911721729e+02 -4.6638891732e+09 -1.0015926125e+07 1.9290473793e+06 3.6000000000e+03 0.0000000000e+00 -0.0000000000e+00
1.0956000000e+05 5.1251917710e-14 2.2989447592e-15 1.4905060955e+08 2.3249074443e+07 1.2262629369e-18 9.5062166010e-20 -2.0399021629e+03 1.6015719104e+02 -4.6638891198e+09 -1.0015926125e+07 1.9290473793e+06 3.6000000000e+03 0.0000000000e+00 -0.0000000000e+00
1.1316000000e+05 5.5831252114e-14 2.6675338053e-15 1.4159118377e+08 2.3807116418e+07 1.3193148391e-18 1.1014165703e-19 -2.1052793346e+03 1.4956251805e+02 -4.6638890386e+09 -1.0015926125e+07 1.9290473793e+06 3.3318858017e+03 0.0000000000e+00 -0.0000000000e+00
1.1615603064e+05 5.9909294963e-14 3.0190574603e-15 1.3519564336e+08 2.4240079452e+07 1.4042104107e-18 1.2488910656e-19 -2.1649259644e+03 1.3920113352e+02 -4.6638889899e+09 -1.0015926125e+07 1.9290473793e+06 3.0154110566e+03 0.0000000000e+00 -0.0000000000e+00
1.1917144170e+05 6.4282360272e-14 3.4211012693e-15 1.2856998684e+08 2.4641945943e+07 1.4977293611e-18 1.4223426958e-19 -2.2306312788e+03 1.2701462604e+02 -4.6638889145e+09 -1.0015926125e+07 1.9290473793e+06 2.7231598098e+03 0.0000000000e+00 -0.0000000000e+00
1.2161871943e+05 6.8047735994e-14 3.7887218243e-15 1.2304074252e+08 2.4939061794e+07 1.5805933346e-18 1.5857254522e-19 -2.2888505317e+03 1.1553554579e+02 -4.6638888754e+09 -1.0015926125e+07 1.9290473793e+06 2.4638710253e+03 0.0000000000e+00 -0.0000000000e+00
1.2408259046e+05 7.2052338271e-14 4.2022082941e-15 1.1732386782e+08 2.5207718588e+07 1.6713951767e-18 1.7752881520e-19 -2.3526468377e+03 1.0221709352e+02 -4.6638888163e+09 -1.0015926125e+07 1.9290473793e+06 2.2239045786e+03 0.0000000000e+00 -0.0000000000e+00
1.2607796249e+05 7.5466014732e-14 4.5736165310e-15 1.1257422373e+08 2.5399614730e+07 1.7512079243e-18 1.9510634236e-19 -2.4087223352e+03 8.9867329730e+01 -4.6638887868e+09 -1.0015926125e+07 1.9290473793e+06 2.0102669803e+03 0.0000000000e+00 -0.0000000000e+00
1.2788589402e+05 7.8701641175e-14 4.9422939800e-15 1.0817054493e+08 2.5550890478e+07 1.8291061698e-18 2.1309392513e-19 -2.4634527260e+03 7.7229465694e+01 -4.6638887616e+09 -1.0015926125e+07 1.9290473793e+06 1.8219217140e+03 0.0000000000e+00 -0.0000000000e+00
1.2951829328e+05 8.1748402143e-14 5.3047487210e-15 1.0410639824e+08 2.5666701748e+07 1.9046313839e-18 2.3132345083e-19 -2.5165158529e+03 6.4421615399e+01 -4.6638887410e+09 -1.0015926125e+07 1.9290473793e+06 1.6465956959e+03 0.0000000000e+00 -0.0000000000e+00
1.3098453124e+05 8.4593676608e-14 5.6570741052e-15 1.0037960881e+08 2.5751920019e+07 1.9772189225e-18 2.4958199270e-19 -2.5675150036e+03 5.1593378685e+01 -4.6638887247e+09 -1.0015926125e+07 1.9290473793e+06 1.4813171067e+03 0.0000000000e+00 -0.0000000000e+00
1.3228983215e+05 8.7219029102e-14 5.9944073442e-15 9.6996973217e+07 2.5811147452e+07 2.0460887079e-18 2.6757893383e-19 -2.6159021045e+03 3.8948939575e+01 -4.6638887126e+09 -1.0015926125e+07 1.9290473793e+06 1.3224890837e+03 0.0000000000e+00 -0.0000000000e+00
1.3343290791e+05 8.9594084050e-14 6.3100159565e-15 9.3981350803e+07 2.5848821883e+07 2.1100639562e-18 2.8488854311e-19 -2.6608503613e+03 2.6787411740e+01 -4.6638887045e+09 -1.0015926125e+07 1.9290473793e+06 1.1651348838e+03 0.0000000000e+00 -0.0000000000e+00
1.3439866145e+05 9.1659179757e-14 6.5927275758e-15 9.1392448716e+07 2.5869366655e+07 2.1670591522e-18 3.0079281747e-19 -2.7008945155e+03 1.5613255682e+01 -4.6638887001e+09 -1.0015926125e+07 1.9290473793e+06 1.0013556854e+03 0.0000000000e+00 -0.0000000000e+00
1.3511877507e+05 9.3235596475e-14 6.8138628983e-15 8.9436335138e+07 2.5877427024e+07 2.2114686799e-18 3.1350264435e-19 -2.7320961273e+03 6.6834808471e+00 -4.6638886989e+09 -1.0015926125e+07 1.9290473793e+06 8.2432523984e+02 0.0000000000e+00 -0.0000000000e+00
1.3585350996e+05 9.4877636065e-14 7.0492180405e-15 8.7416886804e+07 2.5878814966e+07 2.2585946493e-18 3.2729575848e-19 -2.7652062789e+03 -3.0073988699e+00 -4.6638886973e+09 -1.0015926125e+07 1.9290473793e+06 6.9815724471e+02 0.0000000000e+00 -0.0000000000e+00
1.3655166721e+05 9.6470650558e-14 7.2825417350e-15 8.5474983987e+07 2.5873329002e+07 2.3051950442e-18 3.4124636930e-19 -2.7979471681e+03 -1.2808933908e+01 -4.6638886958e+09 -1.0015926125e+07 1.9290473793e+06 8.6213190798e+02 0.0000000000e+00 -0.0000000000e+00
1.3741379911e+05 9.8483759775e-14 7.5846025093e-15 8.3044708959e+07 2.5856762690e+07 2.3653829436e-18 3.5972554794e-19 -2.8402344781e+03 -2.5792187419e+01 -4.6638886905e+09 -1.0015926125e+07 1.9290473793e+06 9.4477065685e+02 0.0000000000e+00 -0.0000000000e+00
1.3835856977e+05 1.0075107335e-13 7.9347102089e-15 8.0338456044e+07 2.5825193770e+07 2.4349968696e-18 3.8175138836e-19 -2.8891444036e+03 -4.1267283770e+01 -4.6638886800e+09 -1.0015926125e+07 1.9290473793e+06 9.8515717143e+02 0.0000000000e+00 -0.0000000000e+00
1.3934372694e+05 1.0318750414e-13 8.3230146194e-15 7.7465794148e+07 2.5775953878e+07 2.5120886163e-18 4.0696717158e-19 -2.9433081578e+03 -5.8983596402e+01 -4.6638886630e+09 -1.0015926125e+07 1.9290473793e+06 1.0000475964e+03 0.0000000000e+00 -0.0000000000e+00
1.4034377454e+05 1.0574100000e-13 8.7439078073e-15 7.4493337661e+07 2.5707196828e+07 2.5955923095e-18 4.3526701282e-19 -3.0019768703e+03 -7.8866731918e+01 -4.6638886386e+09 -1.0015926125e+07 1.9290473793e+06 9.9797018937e+02 0.0000000000e+00 -0.0000000000e+00
1.4134174473e+05 1.0837533821e-13 9.1936747167e-15 7.1466530196e+07 2.5617681981e+07 2.6848476873e-18 4.6666361935e-19 -3.0646866486e+03 -1.0092561830e+02 -4.6638886059e+09 -1.0015926125e+07 1.9290473793e+06 9.8404389865e+02 0.0000000000e+00 -0.0000000000e+00
1.4232578863e+05 1.1106330617e-13 9.6695845589e-15 6.8418453056e+07 2.5506638890e+07 2.7794132615e-18 5.0123808795e-19 -3.1311273086e+03 -1.2521723317e+02 -4.6638885639e+09 -1.0015926125e+07 1.9290473793e+06 9.6167363733e+02 0.0000000000e+00 -0.0000000000e+00
1.4328746226e+05 1.1378346488e-13 1.0169473572e-14 6.5374118948e+07 2.5373671457e+07 2.8789785637e-18 5.3911744360e-19 -3.2010807185e+03 -1.5183082282e+02 -4.6638885117e+09 -1.0015926125e+07 1.9290473793e+06 9.3327565646e+02 0.0000000000e+00 -0.0000000000e+00
1.4422073792e+05 1.1651840201e-13 1.0691529585e-14 6.2352864296e+07 2.5218684922e+07 2.9833171996e-18 5.8046349226e-19 -3.2743878166e+03 -1.8088007018e+02 -4.6638884485e+09 -1.0015926125e+07 1.9290473793e+06 9.0063749968e+02 0.0000000000e+00 -0.0000000000e+00
1.4512137542e+05 1.1925369643e-13 1.1234171759e-14 5.9369817592e+07 2.5041827669e+07 3.0922592189e-18 6.2546700311e-19 -3.3509291977e+03 -2.1249900745e+02 -4.6638883733e+09 -1.0015926125e+07 1.9290473793e+06 8.6511753100e+02 0.0000000000e+00 -0.0000000000e+00
1.4598649295e+05 1.2197725808e-13 1.1795979904e-14 5.6436868950e+07 2.4843443488e+07 3.2056735830e-18 6.7434469277e-19 -3.4306127956e+03 -2.4683989718e+02 -4.6638882852e+09 -1.0015926125e+07 1.9290473793e+06 8.2776547125e+02 0.0000000000e+00 -0.0000000000e+00
1.4681425842e+05 1.2467888110e-13 1.2375651576e-14 5.3563347719e+07 2.4624031675e+07 3.3234563116e-18 7.2733782244e-19 -3.5133655550e+03 -2.8407224663e+02 -4.6638881832e+09 -1.0015926125e+07 1.9290473793e+06 7.8940038435e+02 0.0000000000e+00 -0.0000000000e+00
1.4760365881e+05 1.2734992568e-13 1.2971975603e-14 5.0756517818e+07 2.4384213281e+07 3.4455219964e-18 7.8471180188e-19 -3.5991274691e+03 -3.2438252960e+02 -4.6638880664e+09 -1.0015926125e+07 1.9290473793e+06 7.5066402863e+02 0.0000000000e+00 -0.0000000000e+00
1.4835432284e+05 1.2998308127e-13 1.3583815768e-14 4.8021953038e+07 2.4124702341e+07 3.5717973866e-18 8.4675647469e-19 -3.6878470727e+03 -3.6797438678e+02 -4.6638879337e+09 -1.0015926125e+07 1.9290473793e+06 7.1205902491e+02 0.0000000000e+00 -0.0000000000e+00
1.4906638186e+05 1.3257218339e-13 1.4210100943e-14 4.5363829693e+07 2.3846281227e+07 3.7022162715e-18 9.1378690236e-19 -3.7794778468e+03 -4.1506917666e+02 -4.6638877842e+09 -1.0015926125e+07 1.9290473793e+06 6.7397718568e+02 0.0000000000e+00 -0.0000000000e+00
1.4974035905e+05 1.3511206714e-13 1.4849819453e-14 4.2785160106e+07 2.3549779460e+07 3.8367151749e-18 9.8614454550e-19 -3.8739751941e+03 -4.6590680547e+02 -4.6638876166e+09 -1.0015926125e+07 1.9290473793e+06 6.3672115248e+02 0.0000000000e+00 -0.0000000000e+00
1.5037708020e+05 1.3759844668e-13 1.5502016245e-14 4.0287982386e+07 2.3236055463e+07 3.9752295380e-18 1.0641987868e-18 -3.9712937560e+03 -5.2074679711e+02 -4.6638874299e+09 -1.0015926125e+07 1.9290473793e+06 6.0052131573e+02 0.0000000000e+00 -0.0000000000e+00
1.5097760151e+05 1.4002781362e-13 1.6165791957e-14 3.7873516915e+07 2.2905980819e+07 4.1176901611e-18 1.1483487703e-18 -4.0713849138e+03 -5.7986958550e+02 -4.6638872229e+09 -1.0015926125e+07 1.9290473793e+06 5.6554928539e+02 0.0000000000e+00 -0.0000000000e+00
1.5154315080e+05 1.4239734981e-13 1.6840303314e-14 3.5542296916e+07 2.2560426647e+07 4.2640197345e-18 1.2390255519e-18 -4.1741943505e+03 -6.4357802547e+02 -4.6638869945e+09 -1.0015926125e+07 1.9290473793e+06 5.3192876727e+02 0.0000000000e+00 -0.0000000000e+00
1.5207507957e+05 1.4470485122e-13 1.7524764456e-14 3.3294278365e+07 2.2200251806e+07 4.4141293165e-18 1.3366945712e-18 -4.2796595768e+03 -7.1219912940e+02 -4.6638867433e+09 -1.0015926125e+07 1.9290473793e+06 4.9974444485e+02 0.0000000000e+00 -0.0000000000e+00
1.5257482401e+05 1.4694866081e-13 1.8218448975e-14 3.1128933156e+07 2.1826292602e+07 4.5679146401e-18 1.4418584680e-18 -4.3877073360e+03 -7.8608604610e+02 -4.6638864682e+09 -1.0015926125e+07 1.9290473793e+06 4.6904928884e+02 0.0000000000e+00 -0.0000000000e+00
1.5304387330e+05 1.4912760871e-13 1.8920692515e-14 2.9045328465e+07 2.1439353765e+07 4.7252521287e-18 1.5550602790e-18 -4.4982508044e+03 -8.6562030669e+02 -4.6638861679e+09 -1.0015926125e+07 1.9290473793e+06 4.3987061046e+02 0.0000000000e+00 -0.0000000000e+00
1.5348374391e+05 1.5124095870e-13 1.9630895888e-14 2.7042194618e+07 2.1040200436e+07 4.8859945035e-18 1.6768870619e-18 -4.6111865059e+03 -9.5121437112e+02 -4.6638858411e+09 -1.0015926125e+07 1.9290473793e+06 4.1221510253e+02 0.0000000000e+00 -0.0000000000e+00
1.5389595901e+05 1.5328836008e-13 2.0348528698e-14 2.5117983201e+07 2.0629550944e+07 5.0499658538e-18 1.8079740120e-18 -4.7263908475e+03 -1.0433145201e+03 -4.6638854865e+09 -1.0015926125e+07 1.9290473793e+06 3.8607304647e+02 0.0000000000e+00 -0.0000000000e+00
1.5428203206e+05 1.5526980426e-13 2.1073133539e-14 2.3270916873e+07 2.0208070131e+07 5.2169560210e-18 1.9490091490e-18 -4.8437161744e+03 -1.1424041481e+03 -4.6638851029e+09 -1.0015926125e+07 1.9290473793e+06 3.6142183502e+02 0.0000000000e+00 -0.0000000000e+00
1.5464345389e+05 1.5718558573e-13 2.1804330867e-14 2.1499032012e+07 1.9776363002e+07 5.3867141214e-18 2.1007386765e-18 -4.9629862186e+03 -1.2490075290e+03 -4.6638846890e+09 -1.0015926125e+07 1.9290473793e+06 3.3822892985e+02 0.0000000000e+00 -0.0000000000e+00
1.5498168282e+05 1.5903626685e-13 2.2541824722e-14 1.9800215115e+07 1.9334968452e+07 5.5589409951e-18 2.2639731437e-18 -5.0839907938e+03 -1.3636941453e+03 -4.6638842437e+09 -1.0015926125e+07 1.9290473793e+06 3.1645434869e+02 0.0000000000e+00 -0.0000000000e+00
1.5529813717e+05 1.6082264638e-13 2.3285409524e-14 1.8172233714e+07 1.8884352805e+07 5.7332803122e-18 2.4395945723e-18 -5.2064795470e+03 -1.4870836949e+03 -4.6638837659e+09 -1.0015926125e+07 1.9290473793e+06 2.9605276551e+02 0.0000000000e+00 -0.0000000000e+00
1.5559418994e+05 1.6254573133e-13 2.4034978251e-14 1.6612762420e+07 1.8424902848e+07 5.9093080002e-18 2.6285647602e-18 -5.3301545297e+03 -1.6198519257e+03 -4.6638832548e+09 -1.0015926125e+07 1.9290473793e+06 2.7697529177e+02 0.0000000000e+00 -0.0000000000e+00
1.5587116523e+05 1.6420671220e-13 2.4790532436e-14 1.5119404562e+07 1.7956918010e+07 6.0865195529e-18 2.8319350357e-18 -5.4546612818e+03 -1.7627374887e+03 -4.6638827095e+09 -1.0015926125e+07 1.9290473793e+06 2.5917100282e+02 0.0000000000e+00 -0.0000000000e+00
1.5613033623e+05 1.6580694124e-13 2.5552194511e-14 1.3689709807e+07 1.7480601214e+07 6.2643146467e-18 3.0508578211e-18 -5.5795780230e+03 -1.9165500622e+03 -4.6638821297e+09 -1.0015926125e+07 1.9290473793e+06 2.4258826281e+02 0.0000000000e+00 -0.0000000000e+00
1.5637292450e+05 1.6734791398e-13 2.6320223283e-14 1.2321187998e+07 1.6996047852e+07 6.4419782987e-18 3.2866004805e-18 -5.7044024147e+03 -2.0821800812e+03 -4.6638815153e+09 -1.0015926125e+07 1.9290473793e+06 2.2717590483e+02 0.0000000000e+00 -0.0000000000e+00
1.5660010040e+05 1.6883125395e-13 2.7095033556e-14 1.1011319365e+07 1.6503232103e+07 6.6186575261e-18 3.5405620914e-18 -5.8285351613e+03 -2.2606105213e+03 -4.6638808668e+09 -1.0015926125e+07 1.9290473793e+06 2.1288432065e+02 0.0000000000e+00 -0.0000000000e+00
1.5681298472e+05 1.7025870067e-13 2.7877221328e-14 9.7575610792e+06 1.6001989581e+07 6.7933320748e-18 3.8142940107e-18 -5.9512594442e+03 -2.4529313474e+03 -4.6638801854e+09 -1.0015926125e+07 1.9290473793e+06 1.9966652156e+02 0.0000000000e+00 -0.0000000000e+00
1.5701265124e+05 1.7163210135e-13 2.8667596582e-14 8.5573500237e+06 1.5491994894e+07 6.9647772018e-18 4.1095254370e-18 -6.0717147734e+03 -2.6603574742e+03 -4.6638794731e+09 -1.0015926125e+07 1.9290473793e+06 1.8747924442e+02 0.0000000000e+00 -0.0000000000e+00
1.5720013049e+05 1.7295340666e-13 2.9467226539e-14 7.4081013701e+06 1.4972732099e+07 7.1315156215e-18 4.4281956554e-18 -6.1888632255e+03 -2.8842514206e+03 -4.6638787334e+09 -1.0015926125e+07 1.9290473793e+06 1.7628419741e+02 0.0000000000e+00 -0.0000000000e+00
1.5737641468e+05 1.7422467128e-13 3.0277493566e-14 6.3072023296e+06 1.4443455144e+07 7.2917543784e-18 4.7724953619e-18 -6.3014450909e+03 -3.1261523437e+03 -4.6638779712e+09 -1.0015926125e+07 1.9290473793e+06 1.6604957723e+02 0.0000000000e+00 -0.0000000000e+00
1.5754246426e+05 1.7544806030e-13 3.1100173963e-14 5.2520000336e+06 1.3903133988e+07 7.4433002783e-18 5.1449205276e-18 -6.4079194573e+03 -3.3878138837e+03 -4.6638771939e+09 -1.0015926125e+07 1.9290473793e+06 1.5675204691e+02 0.0000000000e+00 -0.0000000000e+00
1.5769921631e+05 1.7662586277e-13 3.1937547046e-14 4.2397820044e+06 1.3350379879e+07 7.5834440520e-18 5.5483438459e-18 -6.5063828240e+03 -3.6712543610e+03 -4.6638764119e+09 -1.0015926125e+07 1.9290473793e+06 1.4837945003e+02 0.0000000000e+00 -0.0000000000e+00
1.5784759576e+05 1.7776051437e-13 3.2792549000e-14 3.2677470673e+06 1.2783339799e+07 7.7087976461e-18 5.9861111438e-18 -6.5944547844e+03 -3.9788245143e+03 -4.6638756398e+09 -1.0015926125e+07 1.9290473793e+06 1.4093466308e+02 0.0000000000e+00 -0.0000000000e+00
1.5798853042e+05 1.7885463102e-13 3.3668994054e-14 2.3329640266e+06 1.2199544479e+07 7.8150590873e-18 6.4621734190e-18 -6.6691128229e+03 -4.3133002681e+03 -4.6638748979e+09 -1.0015926125e+07 1.9290473792e+06 1.2993257992e+02 0.0000000000e+00 -0.0000000000e+00
1.5809706360e+05 1.7970664343e-13 3.4392400091e-14 1.6064606850e+06 1.1715919161e+07 7.8829162092e-18 6.8757882164e-18 -6.7167884384e+03 -4.6039011587e+03 -4.6638746619e+09 -1.0015926125e+07 1.9290473792e+06 1.1125562568e+02 0.0000000000e+00 -0.0000000000e+00
1.5818875203e+05 1.8043151835e-13 3.5040251978e-14 9.8913155493e+05 1.1281554438e+07 7.9262683669e-18 7.2617255755e-18 -6.7472471544e+03 -4.8750562068e+03 -4.6638745513e+09 -1.0015926125e+07 1.9290473792e+06 9.4859203038e+01 4.5427883441e-293 -3.2142634051e-285
1.5826159055e+05 1.8100973881e-13 3.5581166855e-14 4.9705182258e+05 1.0918044473e+07 7.9484429155e-18 7.5948175245e-18 -6.7628267314e+03 -5.1090826914e+03 -4.6638745150e+09 -1.0015926125e+07 1.9290473792e+06 7.8671192407e+01 2.5232714980e-269 -1.8178652625e-261
1.5830600715e+05 1.8136295510e-13 3.5923253992e-14 1.9654815819e+05 1.0687778280e+07 7.9553304876e-18 7.8103776381e-18 -6.7676658584e+03 -5.2605326912e+03 -4.6638745118e+09 -1.0015926125e+07 1.9290473792e+06 6.3162305721e+01 6.2788248829e-255 -4.5747317360e-247
1.5836916946e+05 1.8186548163e-13 3.6426692636e-14 -2.3094800845e+05 1.0348402691e+07 7.9546948741e-18 8.1342031110e-18 -6.7672192839e+03 -5.4880486588e+03 -4.6638744948e+09 -1.0015926125e+07 1.9290473792e+06 6.3387790851e+01 1.3444247091e-234 -9.9567169937e-227
1.5843255725e+05 1.8236931248e-13 3.6953167867e-14 -6.5962627198e+05 9.9928930412e+06 7.9393973777e-18 8.4807520770e-18 -6.7564714429e+03 -5.7315298852e+03 -4.6638744792e+09 -1.0015926125e+07 1.9290473792e+06 7.5742303236e+01 2.1064755746e-214 -1.5863942445e-206
1.5850829955e+05 1.8296925447e-13 3.7612126437e-14 -1.1703889672e+06 9.5471059717e+06 7.8975525181e-18 8.9248447267e-18 -6.7270717369e+03 -6.0435441563e+03 -4.6638744490e+09 -1.0015926125e+07 1.9290473792e+06 8.2364149767e+01 1.2740548025e-190 -9.7932099550e-183
1.5859066370e+05 1.8361665578e-13 3.8368420167e-14 -1.7222988331e+06 9.0344351707e+06 7.8159179582e-18 9.4466803277e-18 -6.6697162555e+03 -6.4101797103e+03 -4.6638744144e+09 -1.0015926125e+07 1.9290473792e+06 8.6546780780e+01 2.5792650955e-165 -2.0281014576e-157
1.5867721048e+05 1.8428759932e-13 3.9211340880e-14 -2.2956777750e+06 8.4618505051e+06 7.6790932281e-18 1.0039993925e-17 -6.5735848098e+03 -6.8270348635e+03 -4.6638743602e+09 -1.0015926125e+07 1.9290473792e+06 9.0257694531e+01 1.5748246384e-139 -1.2686407952e-131
1.5876746818e+05 1.8497168854e-13 4.0147276450e-14 -2.8826654447e+06 7.8247568749e+06 7.4661349617e-18 1.0707224149e-17 -6.4239628372e+03 -7.2958229695e+03 -4.6638741767e+09 -1.0015926125e+07 1.9290473792e+06 9.5713818618e+01 8.9434905242e-114 -7.3898130386e-106
1.5886318200e+05 1.8567168456e-13 4.1207951384e-14 -3.4872582424e+06 7.1012610849e+06 7.1419785302e-18 1.1463929813e-17 -6.1962143421e+03 -7.8274754667e+03 -4.6638734074e+09 -1.0015926125e+07 1.9290473792e+06 1.0791537259e+02 4.2417747539e-88 -3.5994180980e-80
1.5897109737e+05 1.8641614211e-13 4.2493232652e-14 -4.1374668187e+06 6.2227286301e+06 6.6257642404e-18 1.2362119933e-17 -5.8335282552e+03 -8.4585332774e+03 -4.6638695135e+09 -1.0015926125e+07 1.9290473792e+06 9.7810499058e+01 9.3451969660e-62 -8.1619082530e-54
1.5905699761e+05 1.8696274284e-13 4.3586423675e-14 -4.6227221127e+06 5.4741602587e+06 6.0790844807e-18 1.3090234346e-17 -5.4494374875e+03 -8.9700978984e+03 -4.6638666837e+09 -1.0015926125e+07 1.9290473792e+06 8.5940909030e+01 2.8527481514e-43 -2.5450270375e-35
1.5914293852e+05 1.8745688162e-13 4.4742260630e-14 -5.0711661831e+06 4.6815868220e+06 5.3971722356e-18 1.3802975978e-17 -4.9703339666e+03 -9.4708617836e+03 -4.6638620028e+09 -1.0015926125e+07 1.9290473792e+06 7.8618206004e+01 1.8295336085e-27 -1.6633171605e-19
1.5922155672e+05 1.8785261213e-13 4.5851760825e-14 -5.4418410893e+06 3.9199071844e+06 4.6505148214e-18 1.4412789819e-17 -4.4457412516e+03 -9.8993098141e+03 -4.6638579161e+09 -1.0015926125e+07 1.9290473792e+06 7.3726466645e+01 9.5400248466e-16 -8.7997246290e-08
1.5928536171e+05 1.8812773038e-13 4.6785835442e-14 -5.7103201759e+06 3.2781176815e+06 3.9613435860e-18 1.4857143536e-17 -3.9615376495e+03 -1.0211507508e+04 -4.6638563323e+09 -1.0015926125e+07 1.9290473802e+06 6.4676466372e+01 2.1167522766e-08 -1.9707107079e+00
1.5932127580e+05 1.8826255626e-13 4.7323494663e-14 -5.8473664236e+06 2.9085152269e+06 3.5435417693e-18 1.5080720329e-17 -3.6679949446e+03 -1.0368589754e+04 -4.6638739131e+09 -1.0015925583e+07 1.9290488935e+06 5.4105019799e+01 3.4980755634e-05 -3.2701848731e+03
1.5933922821e+05 1.8832423832e-13 4.7595167361e-14 -5.9118576174e+06 2.7217154503e+06 3.3274202095e-18 1.5184190852e-17 -3.5161490367e+03 -1.0441282701e+04 -4.6642918460e+09 -1.0015913320e+07 1.9290848091e+06 2.9669191601e+01 7.8570276259e-04 -7.3579591268e+04
1.5935574844e+05 1.8837753777e-13 4.7846763922e-14 -5.9687715832e+06 2.5486962444e+06 3.1246018301e-18 1.5274159170e-17 -3.3736326456e+03 -1.0504436378e+04 -4.6699123383e+09 -1.0015755359e+07 1.9295693533e+06 1.9183845360e+01 9.6493809208e-03 -9.0491444452e+05
1.5936929581e+05 1.8841872607e-13 4.8054165889e-14 -6.0136726506e+06 2.4060551545e+06 2.9556519590e-18 1.5344017800e-17 -3.2548188859e+03 -1.0553161758e+04 -4.7049638467e+09 -1.0014807031e+07 1.9325993614e+06 1.4222089843e+01 5.8352066640e-02 -5.4775877024e+06
1.5938087649e+05 1.8845210962e-13 4.8232191635e-14 -6.0507701220e+06 2.2836156911e+06 2.8094746248e-18 1.5400838330e-17 -3.1516966015e+03 -1.0591692192e+04 -4.8414121737e+09 -1.0011238653e+07 1.9444228735e+06 1.1771603945e+01 2.2573991672e-01 -2.1203892292e+07
1.5939130526e+05 1.8848071685e-13 4.8393059965e-14 -6.0831469823e+06 2.1729947486e+06 2.6765415973e-18 1.5449661799e-17 -3.0571046887e+03 -1.0621901094e+04 -5.2420634573e+09 -1.0001083435e+07 1.9792209655e+06 1.0485587082e+01 6.5853664275e-01 -6.1870318575e+07
1.5940179085e+05 1.8850807613e-13 4.8555306128e-14 -6.1146925920e+06 2.0614934374e+06 2.5417265814e-18 1.5496461980e-17 -2.9592475363e+03 -1.0643662409e+04 -6.3273643129e+09 -9.9744129143e+06 2.0737404740e+06 9.8129386368e+00 1.6752526752e+00 -1.5731085802e+08
1.5941160379e+05 1.8853239484e-13 4.8707578154e-14 -6.1432656285e+06 1.9570052929e+06 2.4145799395e-18 1.5538143246e-17 -2.8634298388e+03 -1.0649180179e+04 -8.6387539428e+09 -9.9192822311e+06 2.2757599400e+06 9.4426834322e+00 3.5188778170e+00 -3.2983559651e+08
1.5942104647e+05 1.8855461400e-13 4.8854481556e-14 -6.1698458420e+06 1.8565093537e+06 2.2914018355e-18 1.5576291828e-17 -2.7651966655e+03 -1.0631713501e+04 -1.2922428735e+10 -9.8199198948e+06 2.6520500380e+06 8.8405419657e+00 6.3613532834e+00 -5.9399864197e+08
1.5942878154e+05 1.8857194606e-13 4.8975081408e-14 -6.1909045985e+06 1.7744033282e+06 2.1899386064e-18 1.5606095343e-17 -2.6788309946e+03 -1.0593807374e+04 -1.8579798288e+10 -9.6917500971e+06 3.1522387065e+06 7.8212262610e+00 9.4419902833e+00 -8.7698775923e+08
1.5943571946e+05 1.8858682281e-13 4.9083444721e-14 -6.2092062582e+06 1.7010858000e+06 2.0985341198e-18 1.5631713318e-17 -2.5961624657e+03 -1.0537852502e+04 -2.5635244842e+10 -9.5349351951e+06 3.7808456670e+06 6.9919233518e+00 1.2560085974e+01 -1.1586682396e+09
1.5944271139e+05 1.8860117253e-13 4.9192827610e-14 -6.2270524913e+06 1.6276681709e+06 2.0060654470e-18 1.5656463000e-17 -2.5078461372e+03 -1.0459135989e+04 -3.4718011563e+10 -9.3364693166e+06 4.5977411234e+06 6.3749197369e+00 1.5695995830e+01 -1.4349680446e+09
1.5944908631e+05 1.8861369154e-13 4.9292705731e-14 -6.2427725737e+06 1.5612708946e+06 1.9214711026e-18 1.5678095668e-17 -2.4234599776e+03 -1.0368912488e+04 -4.4572932341e+10 -9.1243843845e+06 5.4938311814e+06 5.9544536953e+00 1.8210387338e+01 -1.6482409795e+09
1.5945504076e+05 1.8862489703e-13 4.9386118381e-14 -6.2569617666e+06 1.4998145648e+06 1.8422290281e-18 1.5697500655e-17 -2.3421229135e+03 -1.0271372617e+04 -5.4845051824e+10 -8.9062530088e+06 6.4388066629e+06 5.6858275556e+00 2.0007834299e+01 -1.7916548527e+09
1.5946072659e+05 1.8863515606e-13 4.9475422631e-14 -6.2700543954e+06 1.4416994642e+06 1.7663725295e-18 1.5715312087e-17 -2.2630878784e+03 -1.0169622014e+04 -6.5275548249e+10 -8.6874702201e+06 7.4100566682e+06 5.5160096587e+00 2.1079775344e+01 -1.8667466103e+09
1.5946624260e+05 1.8864469604e-13 4.9562154564e-14 -6.2823250215e+06 1.3858871826e+06 1.6926184080e-18 1.5731925502e-17 -2.1860117912e+03 -1.0066406042e+04 -7.5633950343e+10 -8.4727830929e+06 8.3866077418e+06 5.4136188243e+00 2.1463096583e+01 -1.8792816530e+09
1.5947165622e+05 1.8865366297e-13 4.9647363915e-14 -6.2939552338e+06 1.3316685264e+06 1.6200892027e-18 1.5747597415e-17 -2.1107627996e+03 -9.9641759718e+03 -8.5717791709e+10 -8.2663110775e+06 9.3491560026e+06 5.3604007974e+00 2.1227664776e+01 -1.8377842465e+09
1.5947701662e+05 1.8866215453e-13 4.9731817568e-14 -6.3050722595e+06 1.2785237490e+06 1.5481435013e-18 1.5762502120e-17 -2.0372893088e+03 -9.8650597722e+03 -9.5357455027e+10 -8.0714461351e+06 1.0280654600e+07 5.3459109253e+00 2.0465292423e+01 -1.7522884880e+09
1.5948236253e+05 1.8867023871e-13 4.9816120888e-14 -6.3157708768e+06 1.2260404414e+06 1.4762744973e-18 1.5776763740e-17 -1.9655404535e+03 -9.7708244018e+03 -1.0441946722e+11 -7.8907825566e+06 1.1166825643e+07 5.3645633767e+00 1.9279147556e+01 -1.6332479706e+09
1.5948772709e+05 1.8867796459e-13 4.9900793382e-14 -6.3261261646e+06 1.1738634949e+06 1.4040465915e-18 1.5790474786e-17 -1.8954208295e+03 -9.6828583827e+03 -1.1280673901e+11 -7.7261108061e+06 1.1996419168e+07 5.4138561249e+00 1.7774578615e+01 -1.4906889595e+09
1.5949314095e+05 1.8868536836e-13 4.9986316832e-14 -6.3362008810e+06 1.1216641791e+06 1.3310550097e-18 1.5803706812e-17 -1.8267687842e+03 -9.6021821296e+03 -1.2045586304e+11 -7.5784741474e+06 1.2761188981e+07 5.4932691743e+00 1.6052198639e+01 -1.3336558198e+09
1.5949863422e+05 1.8869247656e-13 5.0073166313e-14 -6.3460496063e+06 1.0691208291e+06 1.2568997939e-18 1.5816516261e-17 -1.7593497214e+03 -9.5294803976e+03 -1.2733249376e+11 -7.4482670622e+06 1.3455651734e+07 5.6036161914e+00 1.4203485204e+01 -1.1699336494e+09
1.5950423783e+05 1.8869930760e-13 5.0161831128e-14 -6.3557209771e+06 1.0159061690e+06 1.1811682879e-18 1.5828947379e-17 -1.6928572322e+03 -9.4651457917e+03 -1.3342606551e+11 -7.3353494587e+06 1.4076734521e+07 5.7467138566e+00 1.2308584686e+01 -1.0059853568e+09
1.5950998455e+05 1.8870587208e-13 5.0252830607e-14 -6.3652588274e+06 9.6167790598e+05 1.1034219637e-18 1.5841033346e-17 -1.6269167405e+03 -9.4093230230e+03 -1.3874484191e+11 -7.2391563267e+06 1.4623405448e+07 5.9252617184e+00 1.0435699907e+01 -8.4702374106e+08
1.5951590981e+05 1.8871217247e-13 5.0346728074e-14 -6.3747026908e+06 9.0607046565e+05 1.0231848256e-18 1.5852796233e-17 -1.5610884284e+03 -9.3619472341e+03 -1.4331184894e+11 -7.1587918627e+06 1.5096347611e+07 6.1428478029e+00 8.6413972673e+00 -6.9714713251e+08
1.5952205266e+05 1.8871820206e-13 5.0444144943e-14 -6.3840878530e+06 8.4868665500e+05 9.3993174714e-19 1.5864246015e-17 -1.4948679552e+03 -9.3227735271e+03 -1.4716185754e+11 -7.0931052253e+06 1.5497702222e+07 6.4040193060e+00 6.9712845685e+00 -5.5948614056e+08
1.5952845667e+05 1.8872394332e-13 5.0545775965e-14 -6.3934449790e+06 7.8908867129e+05 8.5307591738e-19 1.5875378628e-17 -1.4276846648e+03 -9.2913976227e+03 -1.5033932883e+11 -7.0407502725e+06 1.5830881374e+07 6.7143782260e+00 5.4606755112e+00 -4.3632859647e+08
1.5953517105e+05 1.8872936531e-13 5.0652406002e-14 -6.4027992211e+06 7.2678827021e+05 7.6195512564e-19 1.5886172850e-17 -1.3588976813e+03 -9.2672693139e+03 -1.5289709522e+11 -7.0002342807e+06 1.6100435091e+07 7.0806851507e+00 4.1350145007e+00 -3.2920563741e+08
1.5954225174e+05 1.8873442014e-13 5.0764928442e-14 -6.4121686490e+06 6.6123607387e+05 6.6581686977e-19 1.5896585712e-17 -1.2877905929e+03 -9.2497014859e+03 -1.5489547267e+11 -6.9699616930e+06 1.6311947243e+07 7.5109981926e+00 3.0099749040e+00 -2.3893421500e+08
1.5954976274e+05 1.8873903799e-13 5.0884365773e-14 -6.4215618299e+06 5.9180975827e+05 5.6380194687e-19 1.5906546058e-17 -1.2135652158e+03 -9.2378783590e+03 -1.5640144095e+11 -6.9482791076e+06 1.6471927004e+07 8.0149782106e+00 2.0912815145e+00 -1.6562242790e+08
1.5955777771e+05 1.8874312053e-13 5.1011894909e-14 -6.4309744609e+06 5.1779965848e+05 4.5492446533e-19 1.5915945866e-17 -1.1353336477e+03 -9.2308674427e+03 -1.5748747341e+11 -6.9335270986e+06 1.6587655451e+07 8.6047065769e+00 1.3744650993e+00 -1.0865642574e+08
1.5956638242e+05 1.8874653213e-13 5.1148885355e-14 -6.4403851389e+06 4.3838713566e+05 3.3804160923e-19 1.5924628928e-17 -1.0521043526e+03 -9.2276400216e+03 -1.5822957656e+11 -6.9241025067e+06 1.6666943775e+07 9.2967076037e+00 8.4493531933e-01 -6.6701824281e+07
1.5957567913e+05 1.8874908794e-13 5.1296969298e-14 -6.4497505387e+06 3.5260464392e+05 2.1179726682e-19 1.5932375978e-17 -9.6275102928e+02 -9.2271035048e+03 -1.5870419707e+11 -6.9185304714e+06 1.6717769547e+07 1.0116233294e+01 4.7890150673e-01 -3.7764328598e+07
1.5958579536e+05 1.8875053602e-13 5.1458179532e-14 -6.4589999911e+06 2.5925663509e+05 7.4509685728e-20 1.5938883574e-17 -8.6594235507e+02 -9.2281434537e+03 -1.5898399568e+11 -6.9155381749e+06 1.6747793348e+07 1.1105012077e+01 2.4563391646e-01 -1.9351975060e+07
1.5959690037e+05 1.8875052733e-13 5.1635210153e-14 -6.4680277761e+06 1.5676936336e+05 -7.6041992878e-20 1.5943729216e-17 -7.5999898384e+02 -9.2296620861e+03 -1.5913310085e+11 -6.9141141441e+06 1.6763823144e+07 1.1590287794e+01 1.1116727935e-01 -8.7508265727e+06
1.5960720430e+05 1.8874902494e-13 5.1799507003e-14 -6.4753533164e+06 6.1662489934e+04 -2.1553863259e-19 1.5946083793e-17 -6.6192869712e+02 -9.2305239092e+03 -1.5919565129e+11 -6.9135906394e+06 1.6770559182e+07 1.0719216183e+01 5.0370451823e-02 -3.9621866493e+06
1.5961792351e+05 1.8874593784e-13 5.1970439963e-14 -6.4819028281e+06 -3.7281701063e+04 -3.6040747803e-19 1.5946356919e-17 -5.6012144107e+02 -9.2303559135e+03 -1.5922401522e+11 -6.9133857079e+06 1.6773618254e+07 1.0903220888e+01 2.0880372336e-02 -1.6412462988e+06
1.5962882673e+05 1.8874120632e-13 5.2144297857e-14 -6.4874464802e+06 -1.3791522963e+05 -5.0744873754e-19 1.5944371210e-17 -4.5680374766e+02 -9.2288136381e+03 -1.5923559514e+11 -6.9133157157e+06 1.6774868944e+07 1.6223942754e+01 8.0338470531e-03 -6.3098599968e+05
1.5964505068e+05 1.8873120309e-13 5.2402927197e-14 -6.4936137401e+06 -2.8760630264e+05 -7.2554366626e-19 1.5937224156e-17 -3.0356990451e+02 -9.2237248439e+03 -1.5924088805e+11 -6.9132909633e+06 1.6775441485e+07 2.0211776037e+01 1.7369972576e-03 -1.3625720679e+05
1.5966526245e+05 1.8871380414e-13 5.2724899601e-14 -6.4978282478e+06 -4.7393054128e+05 -9.9583634945e-19 1.5921384539e-17 -1.1366505714e+02 -9.2125811653e+03 -1.5924206057e+11 -6.9132876646e+06 1.6775568561e+07 2.2789870851e+01 2.1468264755e-04 -1.6812420685e+04
1.5968805232e+05 1.8868765711e-13 5.3087457027e-14 -6.4979932870e+06 -6.8368109030e+05 -1.2983487807e-18 1.5894445062e-17 9.8876627467e+01 -9.1936520273e+03 -1.5924219975e+11 -6.9132875846e+06 1.6775583677e+07 2.9250903462e+01 1.5983425881e-05 -1.2491137086e+03
1.5971730323e+05 1.8864404947e-13 5.3551713965e-14 -6.4911456523e+06 -9.5213302328e+05 -1.6824259401e-18 1.5846091773e-17 3.6872471886e+02 -9.1596794485e+03 -1.5924220969e+11 -6.9132876040e+06 1.6775584757e+07 4.0926080663e+01 3.9489773081e-07 -3.0770562645e+01
1.5975822931e+05 1.8856435144e-13 5.4198432457e-14 -6.4684370808e+06 -1.3257381880e+06 -2.2103003522e-18 1.5753358114e-17 7.3960307034e+02 -9.0945258678e+03 -1.5924220996e+11 -6.9132876052e+06 1.6775584782e+07 4.7749037994e+01 1.1345355843e-09 -8.7993077059e-02
1.5980597835e+05 1.8844442927e-13 5.4947365919e-14 -6.4230168017e+06 -1.7576926114e+06 -2.8094730046e-18 1.5610132878e-17 1.1605747268e+03 -8.9938975018e+03 -1.5924221007e+11 -6.9132876052e+06 1.6775584782e+07 5.3324735071e+01 4.7069610909e-13 -3.6282190237e-05
1.5985930308e+05 1.8827731268e-13 5.5774592291e-14 -6.3489731492e+06 -2.2336505264e+06 -3.4537368928e-18 1.5408929522e-17 1.6132269551e+03 -8.8525343908e+03 -1.5924221025e+11 -6.9132876052e+06 1.6775584782e+07 5.8490126569e+01 2.4597679217e-17 -1.8813724080e-09
1.5991779321e+05 1.8805545390e-13 5.6668305863e-14 -6.2406694372e+06 -2.7461271593e+06 -4.1261780789e-18 1.5143140400e-17 2.0856762214e+03 -8.6657940804e+03 -1.5924221053e+11 -6.9132876052e+06 1.6775584782e+07 6.3621177514e+01 1.3160266577e-22 -9.9705638415e-15
1.5998141438e+05 1.8777083945e-13 5.7621285013e-14 -6.0924475545e+06 -3.2901164565e+06 -4.8129400232e-18 1.4807280520e-17 2.5681870839e+03 -8.4298228803e+03 -1.5924221093e+11 -6.9132876052e+06 1.6775584782e+07 6.8937415106e+01 5.6751091330e-29 -4.2509386987e-21
1.6005035180e+05 1.8741498529e-13 5.8628174391e-14 -5.8984973340e+06 -3.8614903288e+06 -5.5011256353e-18 1.4397190174e-17 3.0516981987e+03 -8.1416982282e+03 -1.5924221148e+11 -6.9132876052e+06 1.6775584782e+07 7.4567381839e+01 1.5236934932e-36 -1.1261020729e-28
1.6012491918e+05 1.8697911213e-13 5.9683831323e-14 -5.6529057147e+06 -4.4560164184e+06 -6.1777766099e-18 1.3910441471e-17 3.5271052128e+03 -7.7997143156e+03 -1.5924221217e+11 -6.9132876052e+06 1.6775584782e+07 8.0566409849e+01 1.9593023310e-45 -1.4256118646e-37
1.6020548559e+05 1.8645458977e-13 6.0782065049e-14 -5.3499093906e+06 -5.0686167911e+06 -6.8294383494e-18 1.3346938195e-17 3.9849550844e+03 -7.4038035434e+03 -1.5924221302e+11 -6.9132876052e+06 1.6775584782e+07 8.6921818385e+01 9.4556181988e-56 -6.7578229408e-48
1.6029240741e+05 1.8583366470e-13 6.1914675537e-14 -4.9843506819e+06 -5.6928268500e+06 -7.4422494789e-18 1.2709580323e-17 4.4155089744e+03 -6.9560034011e+03 -1.5924221403e+11 -6.9132876052e+06 1.6775584782e+07 9.3478734921e+01 1.4101671708e-67 -9.8757272860e-60
1.6038588614e+05 1.8511103159e-13 6.3069932468e-14 -4.5526660307e+06 -6.3200073146e+06 -8.0021122151e-18 1.2005372289e-17 4.8088619463e+03 -6.4612351207e+03 -1.5924221517e+11 -6.9132876052e+06 1.6775584782e+07 9.5707597350e+01 5.9851287373e-81 -4.0975423480e-73
1.6048159374e+05 1.8432169157e-13 6.4184144210e-14 -4.0759266841e+06 -6.9139510334e+06 -8.4768723489e-18 1.1278308235e-17 5.1424228309e+03 -5.9504084705e+03 -1.5924221616e+11 -6.9132876052e+06 1.6775584782e+07 9.8217351634e+01 3.4837103603e-95 -2.3288279000e-87
1.6057981109e+05 1.8346905499e-13 6.5255413498e-14 -3.5567571694e+06 -7.4727706428e+06 -8.8704237341e-18 1.0537724443e-17 5.4189274041e+03 -5.4300830107e+03 -1.5924221701e+11 -6.9132876052e+06 1.6775584782e+07 1.0061260429e+02 3.2741544632e-110 -2.1349782137e-102
1.6068042370e+05 1.8255999954e-13 6.6278082975e-14 -2.9998965538e+06 -7.9927173300e+06 -9.1861622495e-18 9.7943464914e-18 5.6407615704e+03 -4.9077944076e+03 -1.5924221775e+11 -6.9132876052e+06 1.6775584782e+07 1.0283501764e+02 6.7007392482e-126 -4.2585873528e-118
1.6078325872e+05 1.8160221766e-13 6.7247178230e-14 -2.4106088652e+06 -8.4706372483e+06 -9.4288184792e-18 9.0575619415e-18 5.8112489827e+03 -4.3901382509e+03 -1.5924221839e+11 -6.9132876052e+06 1.6775584782e+07 1.0483970190e+02 4.1106674175e-142 -2.5447733458e-134
1.6088809842e+05 1.8060392557e-13 6.8158636255e-14 -1.7944896491e+06 -8.9041054859e+06 -9.6041018583e-18 8.3352338631e-18 5.9344010226e+03 -3.8826390410e+03 -1.5924221893e+11 -6.9132876052e+06 1.6775584782e+07 1.0659922274e+02 1.0495241155e-158 -6.3264605954e-151
1.6099469764e+05 1.7957351859e-13 6.9009467012e-14 -1.1572379538e+06 -9.2915051312e+06 -9.7183299977e-18 7.6336149532e-18 6.0146563695e+03 -3.3896898493e+03 -1.5924221939e+11 -6.9132876052e+06 1.6775584782e+07 1.0808489588e+02 1.5413895134e-175 -9.0455730093e-168
1.6110278254e+05 1.7851941778e-13 6.9797683136e-14 -5.0454759351e+05 -9.6319803496e+06 -9.7780665248e-18 6.9574885294e-18 6.0566265507e+03 -2.9146513783e+03 -1.5924221978e+11 -6.9132876052e+06 1.6775584782e+07 1.0925098265e+02 1.7823249129e-192 -1.0182839743e-184
1.6121203352e+05 1.7745010237e-13 7.0522119033e-14 1.5788395436e+05 -9.9253429440e+06 -9.7898533535e-18 6.3104462229e-18 6.0649078378e+03 -2.4600470660e+03 -1.5924222010e+11 -6.9132876052e+06 1.6775584782e+07 1.1002091313e+02 2.2029683890e-209 -1.2255365434e-201
1.6132205443e+05 1.7637430118e-13 7.1182226329e-14 8.2424613552e+05 -1.0171989487e+07 -9.7600656962e-18 5.6952254439e-18 6.0439793803e+03 -2.0278001846e+03 -1.5924222037e+11 -6.9132876052e+06 1.6775584782e+07 1.1027255173e+02 3.9466410547e-226 -2.1386133621e-218
1.6143232698e+05 1.7530132995e-13 7.1777890601e-14 1.4884153497e+06 -1.0372862486e+07 -9.6948867237e-18 5.1140647066e-18 5.9981854010e+03 -1.6194834878e+03 -1.5924222058e+11 -6.9132876052e+06 1.6775584782e+07 1.0981608281e+02 1.4034363536e-242 -7.4115777980e-235
1.6154214307e+05 1.7424161640e-13 7.2309272344e-14 2.1436411262e+06 -1.0529472223e+07 -9.6003941464e-18 4.5690811314e-18 5.9317960279e+03 -1.2365844394e+03 -1.5924222075e+11 -6.9132876052e+06 1.6775584782e+07 1.0835144568e+02 1.3928118498e-258 -7.1735674576e-251
1.6165049451e+05 1.7320757146e-13 7.2776633584e-14 2.7820236762e+06 -1.0643992512e+07 -9.4827730193e-18 4.0627343042e-18 5.8491568078e+03 -8.8083111562e+02 -1.5924222088e+11 -6.9132876052e+06 1.6775584782e+07 1.0537106326e+02 5.7191162761e-274 -2.8754810296e-266
1.6175586558e+05 1.7221526708e-13 7.3180035723e-14 3.3935038349e+06 -1.0719457968e+07 -9.3487353234e-18 3.5985653441e-18 5.7549834995e+03 -5.5471146508e+02 -1.5924222097e+11 -6.9132876052e+06 1.6775584782e+07 9.9886740515e+01 1.5989048785e-288 -7.8576695564e-281
1.6184518522e+05 1.7138581339e-13 7.3484670671e-14 3.9036220741e+06 -1.0757209811e+07 -9.2221333454e-18 3.2257306678e-18 5.6660344392e+03 -2.9276220776e+02 -1.5924222101e+11 -6.9132876052e+06 1.6775584782e+07 9.1261701107e+01 1.5802401628e-300 -7.6207934132e-293
1.6190810380e+05 1.7080854705e-13 7.3679661269e-14 4.2580291709e+06 -1.0770031916e+07 -9.1266856801e-18 2.9739126226e-18 5.5989740325e+03 -1.1583781180e+02 -1.5924222101e+11 -6.9132876052e+06 1.6775584782e+07 7.8277535880e+01 8.5197556637e-309 -4.0555283961e-301
1.6198638133e+05 1.7009898786e-13 7.3900572408e-14 4.6928918062e+06 -1.0770753078e+07 -9.0015041323e-18 2.6725526720e-18 5.5110229498e+03 9.5894144067e+01 -1.5924222102e+11 -6.9132876052e+06 1.6775584782e+07 7.7082338854e+01 7.4167158491e-319 -3.4747839988e-311
1.6206346367e+05 1.6941008517e-13 7.4095541652e-14 5.1142135064e+06 -1.0755606610e+07 -8.8719839042e-18 2.3881744606e-18 5.4200235613e+03 2.9569492979e+02 -1.5924222104e+11 -6.9132876052e+06 1.6775584782e+07 9.9050543081e+01 0.0000000000e+00 -0.0000000000e+00
1.6216251421e+05 1.6853988057e-13 7.4314687898e-14 5.6450484440e+06 -1.0714090210e+07 -8.6975241221e-18 2.0398974407e-18 5.2974501708e+03 5.4039026660e+02 -1.5924222107e+11 -6.9132876052e+06 1.6775584782e+07 1.1475359737e+02 0.0000000000e+00 -0.0000000000e+00
1.6227726781e+05 1.6755387413e-13 7.4526702016e-14 6.2444726663e+06 -1.0636571340e+07 -8.4856132460e-18 1.6591690915e-18 5.1485640824e+03 8.0788552561e+02 -1.5924222112e+11 -6.9132876052e+06 1.6775584782e+07 1.2864979820e+02 0.0000000000e+00 -0.0000000000e+00
1.6240591761e+05 1.6647805523e-13 7.4714147391e-14 6.8956958865e+06 -1.0514365244e+07 -8.2374413055e-18 1.2594887836e-18 4.9742013966e+03 1.0886962078e+03 -1.5924222121e+11 -6.9132876052e+06 1.6775584782e+07 1.4195747391e+02 0.0000000000e+00 -0.0000000000e+00
1.6254787508e+05 1.6532877318e-13 7.4863462206e-14 7.5877099531e+06 -1.0339105060e+07 -7.9527544012e-18 8.4936396635e-19 4.7741837269e+03 1.3768450794e+03 -1.5924222132e+11 -6.9132876052e+06 1.6775584782e+07 1.5529084114e+02 0.0000000000e+00 -0.0000000000e+00
1.6270316593e+05 1.6411866553e-13 7.4962739203e-14 8.3116149711e+06 -1.0102374184e+07 -7.6306060943e-18 4.3494840895e-19 4.5478461165e+03 1.6680085746e+03 -1.5924222146e+11 -6.9132876052e+06 1.6775584782e+07 1.6903258295e+02 0.0000000000e+00 -0.0000000000e+00
1.6287219851e+05 1.6285922019e-13 7.5000763216e-14 9.0590075255e+06 -9.7954870054e+06 -7.2695764351e-18 2.1154665923e-20 4.2941909253e+03 1.9587351903e+03 -1.5924222162e+11 -6.9132876052e+06 1.6775584782e+07 1.8346971463e+02 0.0000000000e+00 -0.0000000000e+00
1.6305566822e+05 1.6156218841e-13 7.4966519859e-14 9.8210657501e+06 -9.4093325248e+06 -6.8677958913e-18 -3.8777413548e-19 4.0119046421e+03 2.2460437552e+03 -1.5924222182e+11 -6.9132876052e+06 1.6775584782e+07 1.9885265807e+02 0.0000000000e+00 -0.0000000000e+00
1.6325452088e+05 1.6024059856e-13 7.4848917451e-14 1.0587866803e+07 -8.9342512068e+06 -6.4228771099e-18 -7.8790151332e-19 3.6993099406e+03 2.5271685435e+03 -1.5924222204e+11 -6.9132876052e+06 1.6775584782e+07 2.1542910032e+02 0.0000000000e+00 -0.0000000000e+00
1.6346994998e+05 1.5890966777e-13 7.4636629106e-14 1.1347748610e+07 -8.3599294264e+06 -5.9317786108e-18 -1.1753133648e-18 3.3542699128e+03 2.7993595526e+03 -1.5924222229e+11 -6.9132876052e+06 1.6775584782e+07 2.3347238997e+02 0.0000000000e+00 -0.0000000000e+00
1.6370342237e+05 1.5758776957e-13 7.4318016857e-14 1.2086609110e+07 -7.6752955180e+06 -5.3905897880e-18 -1.5458437663e-18 2.9740370128e+03 3.0596898535e+03 -1.5924222257e+11 -6.9132876052e+06 1.6775584782e+07 2.5331976467e+02 0.0000000000e+00 -0.0000000000e+00
1.6395674214e+05 1.5629757436e-13 7.3881111396e-14 1.2787053040e+07 -6.8683794467e+06 -4.7941902388e-18 -1.8947592392e-18 2.5550137060e+03 3.3048337598e+03 -1.5924222288e+11 -6.9132876052e+06 1.6775584782e+07 2.7544853331e+02 0.0000000000e+00 -0.0000000000e+00
1.6423219067e+05 1.5506748226e-13 7.3313580690e-14 1.3427271288e+07 -5.9260143176e+06 -4.1356589698e-18 -2.2163426581e-18 2.0923373838e+03 3.5307744866e+03 -1.5924222321e+11 -6.9132876052e+06 1.6775584782e+07 2.8934268696e+02 0.0000000000e+00 -0.0000000000e+00
1.6452153336e+05 1.5397226132e-13 7.2630730192e-14 1.3961430139e+07 -4.8752053821e+06 -3.4328355295e-18 -2.4936358449e-18 1.5985419032e+03 3.7255974174e+03 -1.5924222350e+11 -6.9132876052e+06 1.6775584782e+07 2.8648974124e+02 0.0000000000e+00 -0.0000000000e+00
1.6480802310e+05 1.5308985517e-13 7.1883962533e-14 1.4348388203e+07 -3.7851195701e+06 -2.7252861956e-18 -2.7101360790e-18 1.1014260653e+03 3.8777079348e+03 -1.5924222367e+11 -6.9132876052e+06 1.6775584782e+07 2.7620343687e+02 0.0000000000e+00 -0.0000000000e+00
1.6508422653e+05 1.5243268905e-13 7.1112741881e-14 1.4585461412e+07 -2.6981544048e+06 -2.0312367097e-18 -2.8656475092e-18 6.1379506176e+02 3.9869684361e+03 -1.5924222373e+11 -6.9132876052e+06 1.6775584782e+07 2.5063799206e+02 0.0000000000e+00 -0.0000000000e+00
1.6527575863e+05 1.5209034855e-13 7.0556075361e-14 1.4670207409e+07 -1.9290396513e+06 -1.5424488332e-18 -2.9429400854e-18 2.7037845018e+02 4.0412732908e+03 -1.5924222372e+11 -6.9132876052e+06 1.6775584782e+07 2.1066145507e+02 0.0000000000e+00 -0.0000000000e+00
1.6537575671e+05 1.5194898182e-13 7.0260213304e-14 1.4688198777e+07 -1.5238144169e+06 -1.2846304604e-18 -2.9732586440e-18 8.9238294599e+01 4.0625747534e+03 -1.5924222372e+11 -6.9132876052e+06 1.6775584782e+07 1.6443298386e+02 0.0000000000e+00 -0.0000000000e+00
1.6554018970e+05 1.5177287065e-13 6.9768202269e-14 1.4678194473e+07 -8.5360860925e+05 -8.5652983529e-19 -3.0078952972e-18 -2.1154016810e+02 4.0869100584e+03 -1.5924222371e+11 -6.9132876052e+06 1.6775584782e+07 1.9385255036e+02 0.0000000000e+00 -0.0000000000e+00
1.6566348054e+05 1.5168724315e-13 6.9396423180e-14 1.4638079456e+07 -3.4907440517e+05 -5.3197882817e-19 -3.0211982865e-18 -4.3956588746e+02 4.0962565823e+03 -1.5924222371e+11 -6.9132876052e+06 1.6775584782e+07 1.7487152746e+02 0.0000000000e+00 -0.0000000000e+00
1.6583835207e+05 1.5163485287e-13 6.8867797296e-14 1.4532660350e+07 3.6745805496e+05 -6.6092807053e-20 -3.0208635217e-18 -7.6689192488e+02 4.0960213804e+03 -1.5924222369e+11 -6.9132876052e+06 1.6775584782e+07 1.7861165135e+02 0.0000000000e+00 -0.0000000000e+00
1.6601696372e+05 1.5166606991e-13 6.8330054647e-14 1.4365457771e+07 1.0977773489e+06 4.1688227010e-19 -2.9963195562e-18 -1.1062245320e+03 4.0787770790e+03 -1.5924222366e+11 -6.9132876052e+06 1.6775584782e+07 2.2724338313e+02 0.0000000000e+00 -0.0000000000e+00
1.6624420710e+05 1.5183164080e-13 6.7656149390e-14 1.4064306215e+07 2.0197423885e+06 1.0424664123e-18 -2.9275739704e-18 -1.5457525905e+03 4.0304772392e+03 -1.5924222352e+11 -6.9132876052e+06 1.6775584782e+07 2.5904231714e+02 0.0000000000e+00 -0.0000000000e+00
1.6650324942e+05 1.5219576022e-13 6.6913798285e-14 1.3597793839e+07 3.0525549950e+06 1.7717668438e-18 -2.7935594267e-18 -2.0581504937e+03 3.9363201974e+03 -1.5924222315e+11 -6.9132876052e+06 1.6775584782e+07 2.6322965787e+02 0.0000000000e+00 -0.0000000000e+00
1.6676647908e+05 1.5276171238e-13 6.6203702143e-14 1.2986070468e+07 4.0709697716e+06 2.5314905624e-18 -2.5895793894e-18 -2.5919234404e+03 3.7930062230e+03 -1.5924222255e+11 -6.9132876052e+06 1.6775584782e+07 2.6117281202e+02 0.0000000000e+00 -0.0000000000e+00
1.6702765189e+05 1.5352337638e-13 6.5562085920e-14 1.2238515157e+07 5.0372119756e+06 3.3043063237e-18 -2.3099995781e-18 -3.1348947024e+03 3.5965767368e+03 -1.5924222169e+11 -6.9132876052e+06 1.6775584782e+07 2.3752662724e+02 0.0000000000e+00 -0.0000000000e+00
1.6726517852e+05 1.5439331998e-13 6.5051205979e-14 1.1434115972e+07 5.8649323377e+06 4.0231569820e-18 -1.9784055865e-18 -3.6399507178e+03 3.3636026994e+03 -1.5924222090e+11 -6.9132876052e+06 1.6775584782e+07 2.1451758106e+02 0.0000000000e+00 -0.0000000000e+00
1.6747969610e+05 1.5532706803e-13 6.4665476724e-14 1.0603602435e+07 6.5593126885e+06 4.6840791753e-18 -1.6052696807e-18 -4.1043068753e+03 3.1014418018e+03 -1.5924222021e+11 -6.9132876052e+06 1.6775584782e+07 1.9452616593e+02 0.0000000000e+00 -0.0000000000e+00
1.6767422227e+05 1.5629716545e-13 6.4391775867e-14 9.7638098321e+06 7.1355281833e+06 5.2908014495e-18 -1.1967964107e-18 -4.5305828073e+03 2.8144532878e+03 -1.5924221962e+11 -6.9132876052e+06 1.6775584782e+07 1.7699262374e+02 0.0000000000e+00 -0.0000000000e+00
1.6785121489e+05 1.5728271718e-13 6.4217747515e-14 8.9274197295e+06 7.6071107814e+06 5.8460517903e-18 -7.5833029261e-19 -4.9206951644e+03 2.5063921517e+03 -1.5924221911e+11 -6.9132876052e+06 1.6775584782e+07 1.6136399056e+02 1.1468380228e-317 -5.3831579557e-310
1.6801257888e+05 1.5826687719e-13 6.4131886202e-14 8.1047186413e+06 7.9859036126e+06 6.3514955240e-18 -2.9508345554e-19 -5.2758139852e+03 2.1809203739e+03 -1.5924221868e+11 -6.9132876052e+06 1.6775584782e+07 1.4720577342e+02 1.3608929070e-296 -6.6037288590e-289
1.6815978465e+05 1.5923554038e-13 6.4123219715e-14 7.3044207107e+06 8.2825176357e+06 6.8080848043e-18 1.8747274401e-19 -5.5966082419e+03 1.8418820653e+03 -1.5924221832e+11 -6.9132876052e+06 1.6775584782e+07 1.3414543551e+02 1.7731745937e-276 -8.8802709452e-269
1.6829393009e+05 1.6017630392e-13 6.4180987959e-14 6.5343470819e+06 8.5066795381e+06 7.2163030424e-18 6.8322067246e-19 -5.8834175735e+03 1.4935754031e+03 -1.5924221803e+11 -6.9132876052e+06 1.6775584782e+07 1.2181952866e+02 1.8770880714e-257 -9.6848976522e-250
1.6841574962e+05 1.6107744586e-13 6.4294251323e-14 5.8021361306e+06 8.6675248346e+06 7.5763196078e-18 1.1848997347e-18 -6.1363609768e+03 1.1411015961e+03 -1.5924221780e+11 -6.9132876052e+06 1.6775584782e+07 1.0980785333e+02 1.2040783136e-239 -6.3880253313e-232
1.6851324865e+05 1.6182974896e-13 6.4430947402e-14 5.1942781301e+06 8.7639076992e+06 7.8538435975e-18 1.6251437772e-18 -6.3313460670e+03 8.3179131111e+02 -1.5924221771e+11 -6.9132876052e+06 1.6775584782e+07 9.8504230459e+01 4.6046789237e-225 -2.4993684303e-217
1.6859875807e+05 1.6251136763e-13 6.4587518670e-14 4.6458336679e+06 8.8226638056e+06 8.0868681432e-18 2.0418772543e-18 -6.4950663713e+03 5.3899927287e+02 -1.5924221765e+11 -6.9132876052e+06 1.6775584782e+07 8.7062884235e+01 4.6586543258e-212 -2.5807937673e-204
1.6866917794e+05 1.6308733325e-13 6.4744071773e-14 4.1838925582e+06 8.8516519544e+06 8.2696568385e-18 2.4079427182e-18 -6.6234915582e+03 2.8180598460e+02 -1.5924221762e+11 -6.9132876052e+06 1.6775584782e+07 7.4053394847e+01 3.2473213335e-201 -1.8298854461e-193
1.6870274045e+05 1.6336629521e-13 6.4827929752e-14 3.9605998342e+06 8.8589732451e+06 8.3533740730e-18 2.5900127468e-18 -6.6823103023e+03 1.5388572451e+02 -1.5924221762e+11 -6.9132876052e+06 1.6775584782e+07 6.3900863914e+01 5.2101157574e-196 -2.9601114680e-188
1.6876664131e+05 1.6390500423e-13 6.5004859709e-14 3.5301368600e+06 8.8607789689e+06 8.5057937125e-18 2.9507488992e-18 -6.7893985478e+03 -9.9563252233e+01 -1.5924221760e+11 -6.9132876052e+06 1.6775584782e+07 5.7875597594e+01 4.8447550090e-186 -2.7962032835e-178
1.6882451691e+05 1.6440106211e-13 6.5185490488e-14 3.1345405854e+06 8.8480930848e+06 8.6348946191e-18 3.2939467475e-18 -6.8801033259e+03 -3.4069002280e+02 -1.5924221759e+11 -6.9132876052e+06 1.6775584782e+07 7.2125013744e+01 5.8737051359e-177 -3.4392031570e-169
1.6889664193e+05 1.6502925538e-13 6.5439156857e-14 2.6345180960e+06 8.8122158759e+06 8.7819202728e-18 3.7444117789e-18 -6.9834018205e+03 -6.5718145433e+02 -1.5924221754e+11 -6.9132876052e+06 1.6775584782e+07 8.0488440075e+01 1.3911606609e-165 -8.2942635636e-158
1.6897713037e+05 1.6574200702e-13 6.5761791656e-14 2.0682836766e+06 8.7443883033e+06 8.9246674977e-18 4.2780437945e-18 -7.0836943413e+03 -1.0321050304e+03 -1.5924221745e+11 -6.9132876052e+06 1.6775584782e+07 8.5768276019e+01 7.5398594736e-153 -4.5877901633e-145
1.6906289864e+05 1.6651295496e-13 6.6154411885e-14 1.4568669918e+06 8.6378100658e+06 9.0472547234e-18 4.8838003484e-18 -7.1698226839e+03 -1.4577024586e+03 -1.5924221729e+11 -6.9132876052e+06 1.6775584782e+07 8.9200967838e+01 2.8034655382e-139 -1.7434835545e-131
1.6915209961e+05 1.6732425752e-13 6.6619687264e-14 8.1430571292e+05 8.4869599288e+06 9.1359933122e-18 5.5553853110e-18 -7.2321693725e+03 -1.9295501523e+03 -1.5924221707e+11 -6.9132876052e+06 1.6775584782e+07 9.1374429964e+01 3.1612202984e-125 -2.0112870994e-117
1.6922791141e+05 1.6801856789e-13 6.7063564534e-14 2.6483155687e+05 8.3247190202e+06 9.1745584220e-18 6.1597128808e-18 -7.2592647649e+03 -2.3541435932e+03 -1.5924221695e+11 -6.9132876052e+06 1.6775584782e+07 8.4701121205e+01 2.1730031216e-113 -1.4095676404e-105
1.6931261253e+05 1.6879586978e-13 6.7615150067e-14 -3.5018139073e+05 8.1043474956e+06 9.1705123359e-18 6.8707748527e-18 -7.2564220324e+03 -2.8537273692e+03 -1.5924221669e+11 -6.9132876052e+06 1.6775584782e+07 8.2889716570e+01 2.3827565906e-100 -1.5792406908e-92
1.6939550225e+05 1.6955393821e-13 6.8214725709e-14 -9.5020787849e+05 7.8466836994e+06 9.1105626660e-18 7.6016068757e-18 -7.2143020996e+03 -3.3672013505e+03 -1.5924221640e+11 -6.9132876052e+06 1.6775584782e+07 9.2341491471e+01 7.4016758914e-88 -5.0088669468e-80
1.6948784374e+05 1.7038929681e-13 6.8955683966e-14 -1.6122249205e+06 7.5083401477e+06 8.9679712761e-18 8.4526269519e-18 -7.1141190666e+03 -3.9651180441e+03 -1.5924221577e+11 -6.9132876052e+06 1.6775584782e+07 9.2165331432e+01 2.2946513818e-74 -1.5885466474e-66
1.6958000907e+05 1.7120579880e-13 6.9775126901e-14 -2.2608502514e+06 7.1145065151e+06 8.7338939344e-18 9.3339627267e-18 -6.9496590802e+03 -4.5843341908e+03 -1.5924221498e+11 -6.9132876052e+06 1.6775584782e+07 9.0888908496e+01 1.7501564793e-61 -1.2385282443e-53
1.6967089798e+05 1.7198529745e-13 7.0663827228e-14 -2.8824393212e+06 6.6694943075e+06 8.4010040105e-18 1.0224260599e-17 -6.7157745360e+03 -5.2098470018e+03 -1.5924221402e+11 -6.9132876052e+06 1.6775584782e+07 8.9141437485e+01 1.6747762197e-49 -1.2099766915e-41
1.6976003942e+05 1.7271558856e-13 7.1614474971e-14 -3.4680344866e+06 6.1775097691e+06 7.9651180786e-18 1.1104605273e-17 -6.4095262083e+03 -5.8283668124e+03 -1.5924221293e+11 -6.9132876052e+06 1.6775584782e+07 8.6740309056e+01 1.3144873101e-38 -9.6795714163e-31
1.6984677973e+05 1.7338403882e-13 7.2614577012e-14 -4.0082280935e+06 5.6460403594e+06 7.4285221799e-18 1.1952083261e-17 -6.0325202428e+03 -6.4237948767e+03 -1.5924221178e+11 -6.9132876052e+06 1.6775584782e+07 8.4272801791e+01 5.6253886544e-29 -4.2136668974e-21
1.6993105253e+05 1.7398418528e-13 7.3655639254e-14 -4.4984253651e+06 5.0809229264e+06 6.7959249219e-18 1.2748908679e-17 -5.5880648517e+03 -6.9836350412e+03 -1.5924221063e+11 -6.9132876052e+06 1.6775584782e+07 8.2433158470e+01 1.1047588649e-20 -8.3989495695e-13
1.7001348569e+05 1.7451519651e-13 7.4737238101e-14 -4.9385527941e+06 4.4836942352e+06 6.0699947104e-18 1.3483966811e-17 -5.0780348254e+03 -7.5000782370e+03 -1.5924220953e+11 -6.9132876052e+06 1.6775584782e+07 8.1349622379e+01 1.0107311488e-13 -7.7814598120e-06
1.7009483531e+05 1.7497641573e-13 7.5861603469e-14 -5.3287639180e+06 3.8542798246e+06 5.2530756595e-18 1.4146845136e-17 -4.5040771109e+03 -7.9658087494e+03 -1.5924220857e+11 -6.9132876037e+06 1.6775584785e+07 7.5066823199e+01 4.3386539970e-08 -3.3747573076e+00
1.7015293347e+05 1.7526322857e-13 7.6696063313e-14 -5.5775280936e+06 3.3826605782e+06 4.6128365733e-18 1.4571527467e-17 -4.0542523832e+03 -8.2641850026e+03 -1.5924225701e+11 -6.9132852414e+06 1.6775589511e+07 6.4668334113e+01 7.0568118843e-05 -5.5214811387e+03
1.7017883883e+05 1.7537886484e-13 7.7075821746e-14 -5.6798422943e+06 3.1669736272e+06 4.3133907133e-18 1.4745736369e-17 -3.8438609493e+03 -8.3865729442e+03 -1.5924305152e+11 -6.9132487293e+06 1.6775667568e+07 3.6737858685e+01 1.1276757348e-03 -8.8428677867e+04
1.7020086324e+05 1.7547100234e-13 7.7402145097e-14 -5.7624897205e+06 2.9811708154e+06 4.0525296192e-18 1.4885895002e-17 -3.6605483069e+03 -8.4849679531e+03 -1.5924981112e+11 -6.9129537229e+06 1.6776337353e+07 2.4665545073e+01 9.1609201357e-03 -7.1956901083e+05
1.7021855548e+05 1.7554081710e-13 7.7666464483e-14 -5.8259286562e+06 2.8303844371e+06 3.8390340044e-18 1.4992959532e-17 -3.5104012089e+03 -8.5598372738e+03 -1.5927988399e+11 -6.9116992016e+06 1.6779337500e+07 1.8534888012e+01 4.1319747424e-02 -3.2493579960e+06
1.7023328283e+05 1.7559603128e-13 7.7887903091e-14 -5.8766943372e+06 2.7038829974e+06 3.6587753869e-18 1.5078203814e-17 -3.3833302520e+03 -8.6186696490e+03 -1.5936963447e+11 -6.9081005315e+06 1.6788341161e+07 1.5065865578e+01 1.2826889921e-01 -1.0094914094e+07
1.7024596662e+05 1.7564144439e-13 7.8079602015e-14 -5.9189042426e+06 2.5942626590e+06 3.5017678102e-18 1.5148724869e-17 -3.2720736561e+03 -8.6657559721e+03 -1.5957715751e+11 -6.9000687146e+06 1.6809259155e+07 1.2850502681e+01 3.1125105992e-01 -2.4506311266e+07
1.7025717998e+05 1.7567992655e-13 7.8249808826e-14 -5.9550352051e+06 2.4968761760e+06 3.3616656676e-18 1.5208795218e-17 -3.1718609456e+03 -8.7031566977e+03 -1.5998051244e+11 -6.8849506709e+06 1.6850093110e+07 1.1307988107e+01 6.3578934929e-01 -5.0059912642e+07
1.7026728969e+05 1.7571326926e-13 7.8403831201e-14 -5.9866366207e+06 2.4087407159e+06 3.2343544595e-18 1.5261093903e-17 -3.0794524140e+03 -8.7316292997e+03 -1.6067214152e+11 -6.8597806868e+06 1.6920403742e+07 1.0168834705e+01 1.1440434870e+00 -9.0035468452e+07
1.7027745852e+05 1.7574550390e-13 7.8559278582e-14 -6.0174673149e+06 2.3198353162e+06 3.1053848268e-18 1.5311896126e-17 -2.9837801255e+03 -8.7527096592e+03 -1.6188842075e+11 -6.8167728810e+06 1.7044611559e+07 9.2537826144e+00 1.9556432929e+00 -1.5371785315e+08
1.7028671230e+05 1.7577369444e-13 7.8701179270e-14 -6.0446636881e+06 2.2387864356e+06 2.9872586786e-18 1.5356538760e-17 -2.8935355645e+03 -8.7624423017e+03 -1.6367991345e+11 -6.7551434694e+06 1.7228489913e+07 8.5096213483e+00 3.0353347328e+00 -2.3808133482e+08
1.7029522193e+05 1.7579865050e-13 7.8832027457e-14 -6.0689215069e+06 2.1642207788e+06 2.8780193684e-18 1.5396244135e-17 -2.8071268320e+03 -8.7606225998e+03 -1.6612703517e+11 -6.6730464037e+06 1.7481077876e+07 7.9083980137e+00 4.3647174974e+00 -3.4129765822e+08
1.7030313032e+05 1.7582100791e-13 7.8953929131e-14 -6.0907922639e+06 2.0949831656e+06 2.7759949209e-18 1.5431979829e-17 -2.7232802824e+03 -8.7471891555e+03 -1.6928079626e+11 -6.5696407331e+06 1.7808675715e+07 7.4266224391e+00 5.9046479961e+00 -4.5980156646e+08
1.7031055695e+05 1.7584126708e-13 7.9068658040e-14 -6.1107137235e+06 2.0301058067e+06 2.6797636206e-18 1.5464513138e-17 -2.6409952320e+03 -8.7222297086e+03 -1.7316557469e+11 -6.4449111300e+06 1.8215119938e+07 7.0366483729e+00 7.6033857700e+00 -5.8898113300e+08
1.7031759359e+05 1.7585980178e-13 7.9177582128e-14 -6.1290130840e+06 1.9688504457e+06 2.5882246300e-18 1.5494420088e-17 -2.5595898414e+03 -8.6860026450e+03 -1.7777824872e+11 -6.2996361611e+06 1.8701654282e+07 6.7167277025e+00 9.4018161010e+00 -7.2365686106e+08
1.7032431032e+05 1.7587689185e-13 7.9281747458e-14 -6.1459350878e+06 1.9106598938e+06 2.5005342393e-18 1.5522134098e-17 -2.4786441884e+03 -8.6389570137e+03 -1.8309006467e+11 -6.1352851243e+06 1.9267050218e+07 6.4515579304e+00 1.1239279711e+01 -8.5861125081e+08
1.7033076188e+05 1.7589275174e-13 7.9381973210e-14 -6.1616673686e+06 1.8551033662e+06 2.4160303818e-18 1.5547989141e-17 -2.3979273097e+03 -8.5817173564e+03 -1.8905126301e+11 -5.9538486923e+06 1.9907993624e+07 6.2299880138e+00 1.3059175581e+01 -9.8908542408e+08
1.7033699187e+05 1.7590754875e-13 7.9478912921e-14 -6.1763567051e+06 1.8018412423e+06 2.3341839060e-18 1.5572247478e-17 -2.3173420629e+03 -8.5150469927e+03 -1.9559662950e+11 -5.7576612481e+06 2.0619562503e+07 6.0435955407e+00 1.4813188872e+01 -1.1111420458e+09
1.7034303546e+05 1.7592141513e-13 7.9573094724e-14 -6.1901197258e+06 1.7506019530e+06 2.2545665522e-18 1.5595118013e-17 -2.2368829468e+03 -8.4398016335e+03 -2.0265121651e+11 -5.5492335987e+06 2.1395730886e+07 5.8858413428e+00 1.6463917606e+01 -1.2218732865e+09
1.7034892130e+05 1.7593445647e-13 7.9664949132e-14 -6.2030502712e+06 1.7011661036e+06 2.1768288220e-18 1.5616768996e-17 -2.1566033289e+03 -8.3568810165e+03 -2.1013571597e+11 -5.3311065711e+06 2.2229855806e+07 5.7515603635e+00 1.7985977449e+01 -1.3194632178e+09
1.7035467287e+05 1.7594675774e-13 7.9754829349e-14 -6.2152246794e+06 1.6533549856e+06 2.1006837552e-18 1.5637337222e-17 -2.0765898783e+03 -8.2671832451e+03 -2.1797115714e+11 -5.1057305793e+06 2.3115120310e+07 5.6366402240e+00 1.9365844181e+01 -1.4031325685e+09
1.7036030951e+05 1.7595838783e-13 7.9843026884e-14 -6.2267057083e+06 1.6070218952e+06 2.0258944043e-18 1.5656934913e-17 -1.9969428545e+03 -8.1715645695e+03 -2.2608274773e+11 -4.8753728812e+06 2.4044916459e+07 5.5377995183e+00 2.0600775725e+01 -1.4730019145e+09
1.7036584730e+05 1.7596940302e-13 7.9929783928e-14 -6.2375455004e+06 1.5620454242e+06 1.9522638557e-18 1.5675654994e-17 -1.9177614116e+03 -8.0708061523e+03 -2.3440278120e+11 -4.6420522520e+06 2.5013159327e+07 5.4524187361e+00 2.1697167199e+01 -1.5299096815e+09
1.7037129972e+05 1.7597984962e-13 8.0015303246e-14 -6.2477878329e+06 1.5183242717e+06 1.8796272150e-18 1.5693575167e-17 -1.8391333032e+03 -7.9655885055e+03 -2.4287261545e+11 -4.4074993491e+06 2.6014528602e+07 5.3784029494e+00 2.2668658393e+01 -1.5752165251e+09
1.7037667813e+05 1.7598976604e-13 8.0099756050e-14 -6.2574698176e+06 1.4757732943e+06 1.8078452127e-18 1.5710761056e-17 -1.7611283955e+03 -7.8564735264e+03 -2.5144379911e+11 -4.1731397519e+06 2.7044640052e+07 5.3140699491e+00 2.3534251700e+01 -1.6106200197e+09
1.7038199220e+05 1.7599918433e-13 8.0183288202e-14 -6.2666231815e+06 1.4343205544e+06 1.7367991510e-18 1.5727268629e-17 -1.6837953078e+03 -7.7438933637e+03 -2.6007847811e+11 -3.9400955865e+06 2.8100154661e+07 5.2580645787e+00 2.4316624215e+01 -1.6379950331e+09
1.7038725026e+05 1.7600813147e-13 8.0266025135e-14 -6.2752752349e+06 1.3939051245e+06 1.6663868836e-18 1.5743146087e-17 -1.6071604057e+03 -7.6281447535e+03 -2.6874925253e+11 -3.7092009800e+06 2.9178838028e+07 5.2093004190e+00 2.5040743484e+01 -1.6592671936e+09
1.7039245956e+05 1.7601663025e-13 8.0348075925e-14 -6.2834496239e+06 1.3544754095e+06 1.5965194911e-18 1.5758435368e-17 -1.5312283451e+03 -7.5093871060e+03 -2.7743866492e+11 -3.4810265321e+06 3.0279585615e+07 5.1669298159e+00 2.5732832294e+01 -1.6763204902e+09
1.7039762649e+05 1.7602470010e-13 8.0429536911e-14 -6.2911669377e+06 1.3159877574e+06 1.5271182954e-18 1.5773173392e-17 -1.4559833996e+03 -7.3876424482e+03 -2.8613849243e+11 -3.2559084367e+06 3.1402430688e+07 5.1303427937e+00 2.6419680679e+01 -1.6909357220e+09
1.7040275683e+05 1.7603235776e-13 8.0510495349e-14 -6.2984452301e+06 1.2784051525e+06 1.4581118342e-18 1.5787393171e-17 -1.3813908823e+03 -7.2627952909e+03 -2.9484899334e+11 -3.0339786252e+06 3.2548552045e+07 5.0991963597e+00 2.7128274533e+01 -1.7047541363e+09
1.7040785603e+05 1.7603961790e-13 8.0591033546e-14 -6.3053004957e+06 1.2416958003e+06 1.3894323977e-18 1.5801124856e-17 -1.3073980458e+03 -7.1345904490e+03 -3.0357823551e+11 -2.8151931107e+06 3.3720298825e+07 5.0734793288e+00 2.7885698255e+01 -1.7192597473e+09
1.7041292951e+05 1.7604649362e-13 8.0671234057e-14 -6.3117471274e+06 1.2058314151e+06 1.3210116471e-18 1.5814396827e-17 -1.2339338682e+03 -7.0026266291e+03 -3.1234162052e+11 -2.5993563237e+06 3.4921251505e+07 5.0536260174e+00 2.8719270613e+01 -1.7357739615e+09
1.7041798314e+05 1.7605299713e-13 8.0751186707e-14 -6.3177983818e+06 1.1707849734e+06 1.2527746563e-18 1.5827236911e-17 -1.1609070188e+03 -6.8663429505e+03 -3.2116172519e+11 -2.3861394122e+06 3.6156343754e+07 5.0407061169e+00 2.9656886403e+01 -1.7554567864e+09
1.7042302384e+05 1.7605914029e-13 8.0830998656e-14 -6.3234668758e+06 1.1365275891e+06 1.1846313361e-18 1.5839673877e-17 -1.0882009840e+03 -6.7249941011e+03 -3.3006862792e+11 -2.1750900247e+06 3.7432082531e+07 5.0367503557e+00 3.0727562825e+01 -1.7793097071e+09
1.7042806059e+05 1.7606493534e-13 8.0910809675e-14 -6.3287651560e+06 1.1030238933e+06 1.1164633885e-18 1.5851739443e-17 -1.0156645541e+03 -6.5776066085e+03 -3.3910100862e+11 -1.9656293543e+06 3.8756931780e+07 5.0453421356e+00 3.1962237969e+01 -1.8081761237e+09
1.7043310593e+05 1.7607039586e-13 8.0990816866e-14 -6.3337064265e+06 1.0702247042e+06 1.0481031556e-18 1.5863471280e-17 -9.4309411097e+02 -6.4229016144e+03 -3.4830859449e+11 -1.7570278978e+06 4.0141986759e+07 5.0727886329e+00 3.3394966938e+01 -1.8427360827e+09
1.7043817872e+05 1.7607553818e-13 8.1071318083e-14 -6.3383056278e+06 1.0380542891e+06 9.7929644576e-19 1.5874918031e-17 -8.7019986240e+02 -6.2591526475e+03 -3.5775721764e+11 -1.5483404563e+06 4.1602212980e+07 5.1307194047e+00 3.5064888803e+01 -1.8834933957e+09
1.7044330944e+05 1.7608038399e-13 8.1152796791e-14 -6.3425813782e+06 1.0063854798e+06 9.0962982797e-19 1.5886148942e-17 -7.9653647790e+02 -6.0839016952e+03 -3.6753963425e+11 -1.3382507295e+06 4.3158917074e+07 5.2428499589e+00 3.7019949938e+01 -1.9307569743e+09
1.7044855229e+05 1.7608496626e-13 8.1236114806e-14 -6.3465603381e+06 9.7498267482e+05 8.3836549348e-19 1.5897275630e-17 -7.2134066908e+02 -5.8933130449e+03 -3.7780133120e+11 -1.1246769601e+06 4.4845369181e+07 5.4674700427e+00 3.9325345990e+01 -1.9846325054e+09
1.7045401976e+05 1.7608934665e-13 8.1323063575e-14 -6.3502901590e+06 9.4333630228e+05 7.6396888771e-19 1.5908514716e-17 -6.4305753109e+02 -5.6803458254e+03 -3.8881616070e+11 -9.0356681691e+05 4.6722710365e+07 6.0156940333e+00 4.2087984386e+01 -2.0451119755e+09
1.7045931015e+05 1.7609319776e-13 8.1407253834e-14 -6.3534923052e+06 9.1386448137e+05 6.9190662111e-19 1.5919048517e-17 -5.6754577681e+02 -5.4585624885e+03 -3.9979398008e+11 -6.9207276164e+05 4.8670776590e+07 5.3547862985e+00 4.5122332569e+01 -2.1048619799e+09
1.7046391220e+05 1.7609623759e-13 8.1480534675e-14 -6.3559536364e+06 8.8921487429e+05 6.2916147465e-19 1.5927949294e-17 -5.0218636965e+02 -5.2515965190e+03 -4.0959617008e+11 -5.1123181540e+05 5.0483142772e+07 4.6445921207e+00 4.8042623608e+01 -2.1543368711e+09
1.7046855680e+05 1.7609901262e-13 8.1554533903e-14 -6.3581338204e+06 8.6533619604e+05 5.6578164023e-19 1.5936694839e-17 -4.3672163543e+02 -5.0282514581e+03 -4.1970607156e+11 -3.3328594572e+05 5.2433804184e+07 4.1948924330e+00 5.1223107570e+01 -2.1975246163e+09
1.7047275169e+05 1.7610126587e-13 8.1621402842e-14 -6.3598429013e+06 8.4468968398e+05 5.0849193667e-19 1.5944397153e-17 -3.7823971883e+02 -4.8132390877e+03 -4.2898883179e+11 -1.7832376428e+05 5.4307407551e+07 3.8618249327e+00 5.4245743675e+01 -2.2261727283e+09
1.7047661351e+05 1.7610312768e-13 8.1682990747e-14 -6.3612008396e+06 8.2650273213e+05 4.5571256822e-19 1.5951330314e-17 -3.2516480635e+02 -4.6037353947e+03 -4.3761645956e+11 -4.2385396530e+04 5.6129593781e+07 3.6107389017e+00 5.7088879691e+01 -2.2395532186e+09
1.7048022425e+05 1.7610468400e-13 8.1740598341e-14 -6.3622866389e+06 8.1024879849e+05 4.0633199122e-19 1.5957682139e-17 -2.7642500025e+02 -4.3977552251e+03 -4.4570321227e+11 7.7002149417e+04 5.7918358320e+07 3.4108375652e+00 5.9725279064e+01 -2.2369918222e+09
1.7048363509e+05 1.7610599033e-13 8.1795037476e-14 -6.3631523622e+06 7.9559317224e+05 3.5965658768e-19 1.5963571737e-17 -2.3138755928e+02 -4.1944240453e+03 -4.5330579916e+11 1.8107488774e+05 5.9681846030e+07 3.2463347751e+00 6.2116266970e+01 -2.2179739154e+09
1.7048688142e+05 1.7610708576e-13 8.1846869543e-14 -6.3638354378e+06 7.8230100678e+05 3.1520680854e-19 1.5969082236e-17 -1.8964134312e+02 -3.9934443492e+03 -4.6045317807e+11 2.7046364405e+05 6.1423082143e+07 3.1080466967e+00 6.4219714732e+01 -2.1823483646e+09
1.7048998947e+05 1.7610799927e-13 8.1896510287e-14 -6.3643643096e+06 7.7019634215e+05 2.7262755522e-19 1.5974275402e-17 -1.5089995315e+02 -3.7948586411e+03 -4.6716001758e+11 3.4548215794e+05 6.3142074249e+07 2.9899303648e+00 6.5994612618e+01 -2.1304242400e+09
1.7049297940e+05 1.7610875315e-13 8.1944279636e-14 -6.3647614054e+06 7.5914179810e+05 2.3164559909e-19 1.5979198846e-17 -1.1495415300e+02 -3.5989377390e+03 -4.7343339100e+11 4.0627721725e+05 6.4836804728e+07 2.8876155804e+00 6.7404216768e+01 -2.0630120007e+09
1.7049586702e+05 1.7610936488e-13 8.1990428207e-14 -6.3650449038e+06 7.4902711693e+05 1.9204693968e-19 1.5983890016e-17 -8.1644962321e+01 -3.4061189786e+03 -4.7927664595e+11 4.5292214406e+05 6.6503779861e+07 2.7977073761e+00 6.8418610305e+01 -1.9814253635e+09
1.7049866472e+05 1.7610984849e-13 8.2035152746e-14 -6.3652298847e+06 7.3976198545e+05 1.5366362856e-19 1.5988378622e-17 -5.0846452292e+01 -3.2169647060e+03 -4.8469194488e+11 4.8548434525e+05 6.8138397129e+07 2.7174410320e+00 6.9016897148e+01 -1.8874475568e+09
1.7050104387e+05 1.7611017523e-13 8.2073195935e-14 -6.3653209468e+06 7.3230074698e+05 1.2100941100e-19 1.5992154335e-17 -2.5902249131e+01 -3.0551579259e+03 -4.8907654067e+11 5.0249908488e+05 6.9536303320e+07 2.4823963423e+00 6.9190833188e+01 -1.7968704165e+09
1.7050238659e+05 1.7611032534e-13 8.2094670416e-14 -6.3653465914e+06 7.2825987728e+05 1.0257492155e-19 1.5994269252e-17 -1.2361923050e+01 -2.9637613733e+03 -4.9145261184e+11 5.0750108555e+05 7.0325804300e+07 2.0019098618e+00 6.9143323320e+01 -1.7418717943e+09
1.7050407116e+05 1.7611047865e-13 8.2121616077e-14 -6.3653534988e+06 7.2336368185e+05 7.9441820883e-20 1.5996906954e-17 4.0532561766e+00 -2.8492942784e+03 -4.9432637551e+11 5.0887923181e+05 7.1314526963e+07 1.5475738710e+00 6.8928989127e+01 -1.6693929710e+09
1.7050561874e+05 1.7611058514e-13 8.2146374338e-14 -6.3653359325e+06 7.1903529382e+05 5.8184756189e-20 1.5999315353e-17 1.8554800863e+01 -2.7445676992e+03 -4.9685641199e+11 5.0519517130e+05 7.2219085846e+07 1.9267326386e+00 6.8577109146e+01 -1.5998599683e+09
1.7050754547e+05 1.7611067175e-13 8.2177203615e-14 -6.3652834131e+06 7.1387214605e+05 3.1712777746e-20 1.6002294845e-17 3.5812774578e+01 -2.6151248833e+03 -4.9985295529e+11 4.9379729261e+05 7.3337143304e+07 2.0750081606e+00 6.7929611984e+01 -1.5101191412e+09
1.7050962048e+05 1.7611070797e-13 8.2210411817e-14 -6.3651906837e+06 7.0858899866e+05 3.1951815143e-21 1.6005481198e-17 5.3388211426e+01 -2.4773763830e+03 -5.0288366275e+11 4.7288142113e+05 7.4527034458e+07 2.1320574525e+00 6.6974313585e+01 -1.4106524037e+09
1.7051175254e+05 1.7611068353e-13 8.2244539892e-14 -6.3650585880e+06 7.0345593077e+05 -2.6115392156e-20 1.6008732224e-17 7.0337253964e+01 -2.3382021340e+03 -5.0578070954e+11 4.4190553674e+05 7.5729430701e+07 2.1467146357e+00 6.5721994466e+01 -1.3067969832e+09
1.7051389925e+05 1.7611059579e-13 8.2278909565e-14 -6.3648902992e+06 6.9858425610e+05 -5.5636434254e-20 1.6011983471e-17 8.6258586966e+01 -2.2010735279e+03 -5.0847347298e+11 4.0093720385e+05 7.6914440302e+07 2.1392433668e+00 6.4198651430e+01 -1.2020225668e+09
1.7051603849e+05 1.7611044529e-13 8.2313166542e-14 -6.3646898168e+06 6.9401867212e+05 -8.5063506023e-20 1.6015202651e-17 1.0098589226e+02 -2.0679705154e+03 -5.1093420025e+11 3.5038082625e+05 7.8065040848e+07 2.1195879086e+00 6.2439835101e+01 -1.0988596563e+09
1.7051815808e+05 1.7611023409e-13 8.2347115535e-14 -6.3644612837e+06 6.8977170937e+05 -1.1422865930e-19 1.6018373099e-17 1.1447153345e+02 -1.9400762003e+03 -5.1315714671e+11 2.9083448096e+05 7.9171076446e+07 2.0932954863e+00 6.0486232544e+01 -9.9919193084e+08
1.7052025138e+05 1.7610996482e-13 8.2380649985e-14 -6.3642086466e+06 6.8583902276e+05 -1.4304012341e-19 1.6021486709e-17 1.2673342005e+02 -1.8180814064e+03 -5.1514879893e+11 2.2299845338e+05 8.0226626673e+07 2.0637537057e+00 5.8380159493e+01 -9.0437825719e+08
1.7052231513e+05 1.7610964030e-13 8.2413717541e-14 -6.3639354863e+06 6.8220717644e+05 -1.7145268667e-19 1.6024540458e-17 1.3782666602e+02 -1.7023450765e+03 -5.1692250499e+11 1.4761121635e+05 8.1228622463e+07 2.0331416734e+00 5.6162896551e+01 -8.1533253642e+08
1.7052434827e+05 1.7610926325e-13 8.2446300748e-14 -6.3636449468e+06 6.7885803479e+05 -1.9945112100e-19 1.6027534479e-17 1.4782667676e+02 -1.5929938570e+03 -5.1849519802e+11 6.5404657810e+04 8.2175988122e+07 2.0028837759e+00 5.3872845964e+01 -7.3259659786e+08
1.7052635116e+05 1.7610883615e-13 8.2478404979e-14 -6.3633397238e+06 6.7577139894e+05 -2.2703982630e-19 1.6030470878e-17 1.5681840583e+02 -1.4899914617e+03 -5.1988529789e+11 -2.2925393070e+04 8.3069044659e+07 1.9738981056e+00 5.1544426231e+01 -6.5641206442e+08
1.7052832505e+05 1.7610836115e-13 8.2510050342e-14 -6.3630220892e+06 6.7292662252e+05 -2.5423587865e-19 1.6033352957e-17 1.6488941770e+02 -1.3931897046e+03 -5.2111136651e+11 -1.1673661679e+05 8.3909071373e+07 1.9467506964e+00 4.9207561399e+01 -5.8678856150e+08
1.7053027180e+05 1.7610784011e-13 8.2541266041e-14 -6.3626939342e+06 6.7030358619e+05 -2.8106419192e-19 1.6036184688e-17 1.7212548552e+02 -1.3023665580e+03 -5.2219127623e+11 -2.1544872728e+05 8.4697979214e+07 1.9217621258e+00 4.6887602509e+01 -5.2356475378e+08
1.7053219357e+05 1.7610727452e-13 8.2572086451e-14 -6.3623568195e+06 6.6788325282e+05 -3.0755414089e-19 1.6038970356e-17 1.7860793003e+02 -1.2172542251e+03 -5.2314173269e+11 -3.1854592411e+05 8.5438070055e+07 1.8990835306e+00 4.4605529721e+01 -4.6646001964e+08
1.7053409265e+05 1.7610666558e-13 8.2602548403e-14 -6.3620120255e+06 6.6564794958e+05 -3.3373722721e-19 1.6041714327e-17 1.8441214182e+02 -1.1375594770e+03 -5.2397803742e+11 -4.2557551546e+05 8.6131862406e+07 1.8787522066e+00 4.2378316363e+01 -4.1511625505e+08
1.7053597140e+05 1.7610601424e-13 8.2632689353e-14 -6.3616605989e+06 6.6358147476e+05 -3.5964550910e-19 1.6044420891e-17 1.8960689112e+02 -1.0629780385e+03 -5.2471400739e+11 -5.3614440580e+05 8.6781968236e+07 1.8607316235e+00 4.0219368751e+01 -3.6913040027e+08
1.7053783213e+05 1.7610532116e-13 8.2662546202e-14 -6.3613033939e+06 6.6166909672e+05 -3.8531058087e-19 1.6047094175e-17 1.9425414229e+02 -9.9320451251e+02 -5.2536199287e+11 -6.4991457954e+05 8.7391008056e+07 1.8449400370e+00 3.8138985721e+01 -3.2807890290e+08
1.7053967707e+05 1.7610458680e-13 8.2692154569e-14 -6.3609411071e+06 6.5989748994e+05 -4.1076294628e-19 1.6049738086e-17 1.9840917695e+02 -9.2793902628e+02 -5.2593295268e+11 -7.6659831111e+05 8.7961554124e+07 1.8312705673e+00 3.6144803642e+01 -2.9153551670e+08
1.7054150834e+05 1.7610381145e-13 8.2721548380e-14 -6.3605743073e+06 6.5825463763e+05 -4.3603166843e-19 1.6052356291e-17 2.0212089350e+02 -8.6689151678e+02 -5.2643655989e+11 -8.8595352910e+05 8.8496093880e+07 1.8196050113e+00 3.4242208253e+01 -2.5908379556e+08
1.7054332795e+05 1.7610299520e-13 8.2750759690e-14 -6.3602034597e+06 6.5672971994e+05 -4.6114421012e-19 1.6054952214e-17 2.0543219568e+02 -8.0978435188e+02 -5.2688132037e+11 -1.0077795595e+06 8.8997007634e+07 1.8098233772e+00 3.2434704714e+01 -2.3032548235e+08
1.7054513777e+05 1.7610213800e-13 8.2779818651e-14 -6.3598289459e+06 6.5531299906e+05 -4.8612640599e-19 1.6057529040e-17 2.0838041585e+02 -7.5635379028e+02 -5.2727469345e+11 -1.1319133619e+06 8.9466556208e+07 1.8018106247e+00 3.0724243140e+01 -2.0488578976e+08
1.7054693958e+05 1.7610123968e-13 8.2808753585e-14 -6.3594510799e+06 6.5399570770e+05 -5.1100252790e-19 1.6060089731e-17 2.1099773978e+02 -7.0635064182e+02 -5.2762320826e+11 -1.2582263085e+06 8.9906875417e+07 1.7954609887e+00 2.9111500345e+01 -1.8241637474e+08
1.7054873504e+05 1.7610029994e-13 8.2837591137e-14 -6.3590701220e+06 6.5276994493e+05 -5.3579541026e-19 1.6062637050e-17 2.1331161343e+02 -6.5954040219e+02 -5.2793257232e+11 -1.3866214759e+06 9.0319975046e+07 1.7906812862e+00 2.7596120973e+01 -1.6259664377e+08
1.7055052573e+05 1.7609931836e-13 8.2866356472e-14 -6.3586862886e+06 6.5162858088e+05 -5.6052662143e-19 1.6065173585e-17 2.1534512281e+02 -6.1570303769e+02 -5.2820777062e+11 -1.5170314393e+06 9.0707740829e+07 1.7873936041e+00 2.6176921389e+01 -1.4513387057e+08
1.7055231312e+05 1.7609829441e-13 8.2895073521e-14 -6.3582997610e+06 6.5056517047e+05 -5.8521667258e-19 1.6067701772e-17 2.1711734359e+02 -5.7463254664e+02 -5.2845315492e+11 -1.6494165481e+06 9.1071938339e+07 1.7855373414e+00 2.4852060177e+01 -1.2976249464e+08
1.7055409866e+05 1.7609722747e-13 8.2923765254e-14 -6.3579106918e+06 6.4957387643e+05 -6.0988525500e-19 1.6070223931e-17 2.1864366037e+02 -5.3613639425e+02 -5.2867252322e+11 -1.7837636297e+06 9.1414217967e+07 1.7850714396e+00 2.3619179375e+01 -1.1624288066e+08
1.7055588373e+05 1.7609611676e-13 8.2952454000e-14 -6.3575192096e+06 6.4864940069e+05 -6.3455150874e-19 1.6072742292e-17 2.1993605891e+02 -5.0003487580e+02 -5.2886919020e+11 -1.9200851095e+06 9.1736120523e+07 1.7859766421e+00 2.2475519909e+01 -1.0435974077e+08
1.7055766970e+05 1.7609496143e-13 8.2981161790e-14 -6.3571254227e+06 6.4778692362e+05 -6.5923432269e-19 1.6075259031e-17 2.2100339484e+02 -4.6616045294e+02 -5.2904604909e+11 -2.0584185190e+06 9.2039083085e+07 1.7882582131e+00 2.1418014734e+01 -9.3920370690e+07
1.7055945796e+05 1.7609376044e-13 8.3009910755e-14 -6.3567294206e+06 6.4698205012e+05 -6.8395267268e-19 1.6077776310e-17 2.2185164393e+02 -4.3435708819e+02 -5.2920562606e+11 -2.1988263878e+06 9.2324444874e+07 1.7919491708e+00 2.0443362705e+01 -8.4752806372e+07
1.7056124991e+05 1.7609251264e-13 8.3038723572e-14 -6.3563312748e+06 6.4623076203e+05 -7.0872600459e-19 1.6080296314e-17 2.2248413837e+02 -4.0447959546e+02 -5.2935012781e+11 -2.3413965233e+06 9.2593453028e+07 1.7971139503e+00 1.9548086030e+01 -7.6703977140e+07
1.7056304703e+05 1.7609121665e-13 8.3067623966e-14 -6.3559310377e+06 6.4552937597e+05 -7.3357466856e-19 1.6082821302e-17 2.2290179323e+02 -3.7639302106e+02 -5.2948148308e+11 -2.4862426782e+06 9.2847268136e+07 1.8038532984e+00 1.8728574000e+01 -6.9637908369e+07
1.7056485088e+05 1.7608987089e-13 8.3096637300e-14 -6.3555287410e+06 6.4487450603e+05 -7.5852042126e-19 1.6085353654e-17 2.2310332698e+02 -3.4997205350e+02 -5.2960137905e+11 -2.6335056765e+06 9.3086969569e+07 1.8123096914e+00 1.7981115167e+01 -6.3434005923e+07
1.7056666319e+05 1.7608847350e-13 8.3125791246e-14 -6.3551243914e+06 6.4426303088e+05 -7.8358700362e-19 1.6087895938e-17 2.2308547787e+02 -3.2510047221e+02 -5.2971129300e+11 -2.7833550237e+06 9.3313560527e+07 1.8226742402e+00 1.7301920370e+01 -5.7985445859e+07
1.7056848586e+05 1.7608702230e-13 8.3155116569e-14 -6.3547179657e+06 6.4369206457e+05 -8.0880081459e-19 1.6090450972e-17 2.2284321718e+02 -3.0167062988e+02 -5.2981252003e+11 -2.9359911187e+06 9.3527972849e+07 1.8349764657e+00 1.6687138492e+01 -5.3197679894e+07
1.7057032084e+05 1.7608551488e-13 8.3184644526e-14 -6.3543094525e+06 6.4315899207e+05 -8.3418867669e-19 1.6093021603e-17 2.2237002802e+02 -2.7958551265e+02 -5.2990618663e+11 -3.0916295390e+06 9.3731048156e+07 1.8350212614e+00 1.6132929133e+01 -4.8987530464e+07
1.7057215586e+05 1.7608396083e-13 8.3214177921e-14 -6.3539020103e+06 6.4266512308e+05 -8.5958098604e-19 1.6095590799e-17 2.2166465570e+02 -2.5891315671e+02 -5.2999262864e+11 -3.2492680752e+06 9.3922106419e+07 1.8354504977e+00 1.5639056215e+01 -4.5308405976e+07
1.7057399131e+05 1.7608235980e-13 8.3243722938e-14 -6.3534959821e+06 6.4220785602e+05 -8.8498300858e-19 1.6098159242e-17 2.2072519983e+02 -2.3956249628e+02 -5.3007276954e+11 -3.4089543287e+06 9.4101925772e+07 1.8359700914e+00 1.5200774672e+01 -4.2088398626e+07
1.7057582728e+05 1.7608071167e-13 8.3273281034e-14 -6.3530917795e+06 6.4178483524e+05 -9.1039594198e-19 1.6100727191e-17 2.1955067254e+02 -2.2145358033e+02 -5.3014739433e+11 -3.5707038489e+06 9.4271187354e+07 1.8364052012e+00 1.4813410220e+01 -3.9265017759e+07
1.7057766369e+05 1.7607901647e-13 8.3302850851e-14 -6.3526898537e+06 6.4139388429e+05 -9.3581856336e-19 1.6103294655e-17 2.1814152714e+02 -2.0451500829e+02 -5.3021717387e+11 -3.7345054797e+06 9.4430498111e+07 1.8365203408e+00 1.4472328176e+01 -3.6783708352e+07
1.7057950021e+05 1.7607727447e-13 8.3332427236e-14 -6.3522907042e+06 6.4103299063e+05 -9.6124638760e-19 1.6105861303e-17 2.1650022523e+02 -1.8868337886e+02 -5.3028267813e+11 -3.9003115123e+06 9.4580394978e+07 1.8360145433e+00 1.4172959161e+01 -3.4596914783e+07
1.7058133622e+05 1.7607548627e-13 8.3362000187e-14 -6.3518948875e+06 6.4070028976e+05 -9.8667075820e-19 1.6108426374e-17 2.1463178386e+02 -1.7390259424e+02 -5.3034438777e+11 -4.0680276051e+06 9.4721350256e+07 1.8345226034e+00 1.3910828535e+01 -3.2663262589e+07
1.7058317074e+05 1.7607365290e-13 8.3391553810e-14 -6.3515030224e+06 6.4039404814e+05 -1.0120779548e-18 1.6110988595e-17 2.1254426582e+02 -1.6012299729e+02 -5.3040270445e+11 -4.2375032863e+06 9.4853778413e+07 1.8316287995e+00 1.3681590634e+01 -3.0946848411e+07
1.7058500237e+05 1.7607177591e-13 8.3421065503e-14 -6.3511157907e+06 6.4011264438e+05 -1.0374484899e-18 1.6113546103e-17 2.1024915960e+02 -1.4730030464e+02 -5.3045796040e+11 -4.4085245253e+06 9.4978044735e+07 1.8268966191e+00 1.3481067754e+01 -2.9416622502e+07
1.7058682927e+05 1.7606985748e-13 8.3450505615e-14 -6.3507339304e+06 6.3985454837e+05 -1.0627568181e-18 1.6116096419e-17 2.0776158103e+02 -1.3539432495e+02 -5.3051042762e+11 -4.5808102788e+06 9.5094476054e+07 1.8199155127e+00 1.3305293049e+01 -2.8045847083e+07
1.7058864919e+05 1.7606790041e-13 8.3479837860e-14 -6.3503582170e+06 6.3961829911e+05 -1.0879716917e-18 1.6118636489e-17 2.0510022339e+02 -1.2436749657e+02 -5.3056032729e+11 -4.7540150440e+06 9.5203373393e+07 1.8103593770e+00 1.3150555388e+01 -2.6811613439e+07
1.7059045954e+05 1.7606590808e-13 8.3509020672e-14 -6.3499894347e+06 6.3940248285e+05 -1.1130573289e-18 1.6121162796e-17 2.0228699792e+02 -1.1418334831e+02 -5.3060783936e+11 -4.9277388859e+06 9.5305025759e+07 1.7980459035e+00 1.3013443070e+01 -2.5694402742e+07
1.7059225759e+05 1.7606388435e-13 8.3538009518e-14 -6.3496283365e+06 6.3920571448e+05 -1.1379754047e-18 1.6123671564e-17 1.9934634797e+02 -1.0480504967e+02 -5.3065311223e+11 -5.1015451589e+06 9.5399723656e+07 1.7829804760e+00 1.2890882187e+01 -2.4677678884e+07
1.7059404057e+05 1.7606183334e-13 8.3566759927e-14 -6.3492756006e+06 6.3902662490e+05 -1.1626876522e-18 1.6126159017e-17 1.9630428397e+02 -9.6194255404e+01 -5.3069627214e+11 -5.2749842452e+06 9.5487770480e+07 1.7653711012e+00 1.2780165029e+01 -2.3747507100e+07
1.7059580594e+05 1.7605975916e-13 8.3595230756e-14 -6.3489317881e+06 6.3886385682e+05 -1.1871586733e-18 1.6128621666e-17 1.9318725239e+02 -8.8310420608e+01 -5.3073743143e+11 -5.4476199518e+06 9.5569490017e+07 1.7456068203e+00 1.2678964494e+01 -2.2892196906e+07
1.7059755155e+05 1.7605766573e-13 8.3623387113e-14 -6.3485973118e+06 6.3871606941e+05 -1.2113584513e-18 1.6131056558e-17 1.9002099705e+02 -8.1110680124e+01 -5.3077669502e+11 -5.6190541963e+06 9.5645228981e+07 1.7242062026e+00 1.2585332272e+01 -2.2101972324e+07
1.7059927576e+05 1.7605555649e-13 8.3651202454e-14 -6.3482724199e+06 6.3858195017e+05 -1.2352641511e-18 1.6133461454e-17 1.8682956815e+02 -7.4550256274e+01 -5.3081416488e+11 -5.7889461810e+06 9.5715354627e+07 1.7017503809e+00 1.2497681018e+01 -2.1368672973e+07
1.7060097751e+05 1.7605343430e-13 8.3678659598e-14 -6.3479571960e+06 6.3846023097e+05 -1.2588609917e-18 1.6135834925e-17 1.8363459010e+02 -6.8583251042e+01 -5.3084994234e+11 -5.9570238267e+06 9.5780248536e+07 1.6788177563e+00 1.2414753177e+01 -2.0685488908e+07
1.7060265632e+05 1.7605130136e-13 8.3705750690e-14 -6.3476515733e+06 6.3834970448e+05 -1.2821422133e-18 1.6138176337e-17 1.8045483168e+02 -6.3163624472e+01 -5.3088412869e+11 -6.1230872286e+06 9.5840298279e+07 1.6559342716e+00 1.2335580752e+01 -2.0046730084e+07
1.7060431226e+05 1.7604915920e-13 8.3732476361e-14 -6.3473553583e+06 6.3824923810e+05 -1.3051083537e-18 1.6140485790e-17 1.7730605720e+02 -5.8246167099e+01 -5.3091682468e+11 -6.2870056022e+06 9.5895888720e+07 1.6335429563e+00 1.2259440760e+01 -1.9447628885e+07
1.7060594580e+05 1.7604700874e-13 8.3758844399e-14 -6.3470682583e+06 6.3815778372e+05 -1.3277661021e-18 1.6142763994e-17 1.7420110038e+02 -5.3787333765e+01 -5.3094812943e+11 -6.4487098088e+06 9.5947394236e+07 1.6119933499e+00 1.2185810617e+01 -1.8884173519e+07
1.7060755779e+05 1.7604485037e-13 8.3784868239e-14 -6.3467899089e+06 6.3807438262e+05 -1.3501270047e-18 1.6145012143e-17 1.7115008519e+02 -4.9745866969e+01 -5.3097813925e+11 -6.6081827482e+06 9.5995172648e+07 1.5915439678e+00 1.2114326527e+01 -1.8352968647e+07
1.7060914934e+05 1.7604268401e-13 8.3810565502e-14 -6.3465198985e+06 6.3799816629e+05 -1.3722062037e-18 1.6147231788e-17 1.6816072810e+02 -4.6083200557e+01 -5.3100694655e+11 -6.7654492594e+06 9.6039561031e+07 1.5723734847e+00 1.2044746751e+01 -1.7851120235e+07
1.7061072171e+05 1.7604050924e-13 8.3835956705e-14 -6.3462577889e+06 6.3792835370e+05 -1.3940213303e-18 1.6149424726e-17 1.6523866902e+02 -4.2763666499e+01 -5.3103463912e+11 -6.9205666978e+06 9.6080873300e+07 1.5545951399e+00 1.1976920523e+01 -1.7376141139e+07
1.7061227631e+05 1.7603832534e-13 8.3861064208e-14 -6.3460031310e+06 6.3786424643e+05 -1.4155915978e-18 1.6151592911e-17 1.6238779687e+02 -3.9754546199e+01 -5.3106129956e+11 -7.0736167487e+06 9.6119399224e+07 1.5382712127e+00 1.1910762639e+01 -1.6925874446e+07
1.7061227631e+05 1.7603832534e-13 8.3861064208e-14 -6.3460031310e+06 6.3786424643e+05 -1.4155915978e-18 1.6151592911e-17 1.6238779687e+02 -3.9754546199e+01 -5.3106129956e+11 -7.0736167487e+06 9.6119399224e+07 1.5382712127e+00 1.1910762639e+01 -1.6925874446e+07
