0.0000000000e+00 0.0000000000e+00 0.0000000000e+00 3.1415900000e+08 0.0000000000e+00 0.0000000000e+00 0.0000000000e+00 -1.1998640175e+03 1.8064870342e+01 -4.6638893045e+09 -1.0198844149e+07 1.5355139791e+05 1.0000000000e+01 0.0000000000e+00 -0.0000000000e+00
1.0000000000e+01 2.8740027469e-22 5.5089025502e-29 3.1414700116e+08 1.8064870339e+02 5.7480786751e-23 1.6527023269e-29 -1.1999044028e+03 1.8064870331e+01 -4.6638893045e+09 -1.0198844149e+07 1.5355139791e+05 5.0000000000e+01 0.0000000000e+00 -0.0000000000e+00
6.0000000000e+01 1.0347727395e-20 1.1902639111e-26 3.1408700089e+08 1.0838922122e+03 3.4495060149e-22 5.9520016666e-28 -1.2001063757e+03 1.8064869924e+01 -4.6638893045e+09 -1.0198844149e+07 1.5355139791e+05 2.5000000000e+02 0.0000000000e+00 -0.0000000000e+00
3.1000000000e+02 2.7640288025e-19 1.6439825602e-24 3.1378684796e+08 5.6001086511e+03 1.7839492269e-21 1.5918942369e-26 -1.2011173992e+03 1.8064859158e+01 -4.6638893045e+09 -1.0198844149e+07 1.5355139791e+05 1.2500000000e+03 0.0000000000e+00 -0.0000000000e+00
1.5600000000e+03 7.0219372322e-18 2.1101395622e-22 3.1228227860e+08 2.8181049478e+04 9.0204996590e-21 4.0701500601e-25 -1.2062017144e+03 1.8064584379e+01 -4.6638893045e+09 -1.0198844149e+07 1.5355139791e+05 3.6000000000e+03 0.0000000000e+00 -0.0000000000e+00
5.1600000000e+03 7.7545103023e-17 7.7983675706e-21 3.0791321939e+08 9.3209251926e+04 3.0258781930e-20 4.5798592806e-24 -1.2211234817e+03 1.8061652587e+01 -4.6638893044e+09 -1.0198844149e+07 1.5355139791e+05 3.6000000000e+03 0.0000000000e+00 -0.0000000000e+00
8.7600000000e+03 2.2562338898e-16 3.8981977305e-20 3.0348967087e+08 1.5822087592e+05 5.2112341145e-20 1.3584086439e-23 -1.2364775353e+03 1.8055326323e+01 -4.6638893042e+09 -1.0198844149e+07 1.5355139791e+05 3.6000000000e+03 0.0000000000e+00 -0.0000000000e+00
1.2360000000e+04 4.5353463248e-16 1.1191549145e-19 2.9901003265e+08 2.2320316693e+05 7.4616563649e-20 2.7849652853e-23 -1.2522887373e+03 1.8045303504e+01 -4.6638893041e+09 -1.0198844149e+07 1.5355139791e+05 3.6000000000e+03 0.0000000000e+00 -0.0000000000e+00
1.5960000000e+04 7.6368937913e-16 2.4638335104e-19 2.9447261111e+08 2.8814222462e+05 9.7809843308e-20 4.7853583579e-23 -1.2685840627e+03 1.8031248978e+01 -4.6638893039e+09 -1.0198844149e+07 1.5355139791e+05 3.6000000000e+03 0.0000000000e+00 -0.0000000000e+00
1.9560000000e+04 1.1586423132e-15 4.6398143632e-19 2.8987561136e+08 3.5302287600e+05 1.2173392434e-19 7.4126354346e-23 -1.2853928406e+03 1.8012790038e+01 -4.6638893038e+09 -1.0198844149e+07 1.5355139791e+05 3.6000000000e+03 0.0000000000e+00 -0.0000000000e+00
2.3160000000e+04 1.6411050092e-15 7.8832252582e-19 2.8521712828e+08 4.1782853100e+05 1.4643429365e-19 1.0725932537e-22 -1.3027470295e+03 1.7989511202e+01 -4.6638893036e+09 -1.0198844149e+07 1.5355139791e+05 3.6000000000e+03 0.0000000000e+00 -0.0000000000e+00
2.6760000000e+04 2.2139601976e-15 1.2452707136e-18 2.8049513650e+08 4.8254101781e+05 1.7196063152e-19 1.4791343351e-22 -1.3206815341e+03 1.7960948104e+01 -4.6638893033e+09 -1.0198844149e+07 1.5355139791e+05 3.6000000000e+03 0.0000000000e+00 -0.0000000000e+00
3.0360000000e+04 2.8802777735e-15 1.8632097566e-18 2.7570747915e+08 5.4714039434e+05 1.9836733103e-19 1.9682939694e-22 -1.3392345705e+03 1.7926580324e+01 -4.6638893030e+09 -1.0198844149e+07 1.5355139791e+05 3.6000000000e+03 0.0000000000e+00 -0.0000000000e+00
3.3960000000e+04 3.6433328184e-15 2.6733513415e-18 2.7085185519e+08 6.1160473163e+05 2.2571409936e-19 2.5483974647e-22 -1.3584480882e+03 1.7885822935e+01 -4.6638893027e+09 -1.0198844149e+07 1.5355139791e+05 3.6000000000e+03 0.0000000000e+00 -0.0000000000e+00
3.7560000000e+04 4.5066259572e-15 3.7100905262e-18 2.6592580512e+08 6.7590986411e+05 2.5406665657e-19 3.2288307469e-22 -1.3783682614e+03 1.7838016493e+01 -4.6638893023e+09 -1.0198844149e+07 1.5355139791e+05 3.6000000000e+03 0.0000000000e+00 -0.0000000000e+00
4.1160000000e+04 5.4739064334e-15 5.0114171867e-18 2.6092669478e+08 7.4002910054e+05 2.8349755127e-19 4.0202099221e-22 -1.3990460617e+03 1.7782415123e+01 -4.6638893018e+09 -1.0198844149e+07 1.5355139791e+05 3.6000000000e+03 0.0000000000e+00 -0.0000000000e+00
4.4760000000e+04 6.5491983687e-15 6.6193942814e-18 2.5585169685e+08 8.0393288798e+05 3.1408711729e-19 4.9345840751e-22 -1.4205379310e+03 1.7718172271e+01 -4.6638893012e+09 -1.0198844149e+07 1.5355139791e+05 3.6000000000e+03 0.0000000000e+00 -0.0000000000e+00
4.8360000000e+04 7.7368307618e-15 8.5807162499e-18 2.5069776984e+08 8.6758841948e+05 3.4592460118e-19 5.9856791246e-22 -1.4429065726e+03 1.7644323569e+01 -4.6638893005e+09 -1.0198844149e+07 1.5355139791e+05 3.6000000000e+03 0.0000000000e+00 -0.0000000000e+00
5.1960000000e+04 9.0414719107e-15 1.0947364049e-17 2.4546163386e+08 9.3095917381e+05 3.7910949824e-19 7.1891927268e-22 -1.4662218908e+03 1.7559766119e+01 -4.6638892997e+09 -1.0198844149e+07 1.5355139791e+05 3.6000000000e+03 0.0000000000e+00 -0.0000000000e+00
5.5560000000e+04 1.0468169088e-14 1.3777377420e-17 2.4013974274e+08 9.9400437294e+05 4.1375314433e-19 8.5631530921e-22 -1.4905621090e+03 1.7463233281e+01 -4.6638892986e+09 -1.0198844149e+07 1.5355139791e+05 3.6000000000e+03 0.0000000000e+00 -0.0000000000e+00
5.9160000000e+04 1.2022394497e-14 1.7135770277e-17 2.3472825179e+08 1.0566783389e+06 4.4998062421e-19 1.0128358420e-21 -1.5160151102e+03 1.7353263796e+01 -4.6638892974e+09 -1.0198844149e+07 1.5355139791e+05 3.6000000000e+03 0.0000000000e+00 -0.0000000000e+00
6.2760000000e+04 1.3710098779e-14 2.1095621980e-17 2.2922298016e+08 1.1189297269e+06 4.8793307388e-19 1.1908918833e-21 -1.5426800548e+03 1.7228163716e+01 -4.6638892958e+09 -1.0198844149e+07 1.5355139791e+05 3.6000000000e+03 0.0000000000e+00 -0.0000000000e+00
6.6360000000e+04 1.5537773668e-14 2.5739386377e-17 2.2361936682e+08 1.1807006059e+06 5.2777047764e-19 1.3932929732e-21 -1.5706693460e+03 1.7085959091e+01 -4.6638892938e+09 -1.0198844149e+07 1.5355139791e+05 3.6000000000e+03 0.0000000000e+00 -0.0000000000e+00
6.9960000000e+04 1.7512525793e-14 3.1160472523e-17 2.1791241874e+08 1.2419253478e+06 5.6967509169e-19 1.6233315239e-21 -1.6001110348e+03 1.6924336712e+01 -4.6638892914e+09 -1.0198844149e+07 1.5355139791e+05 3.6000000000e+03 0.0000000000e+00 -0.0000000000e+00
7.3560000000e+04 1.9642164192e-14 3.7465167231e-17 2.1209664940e+08 1.3025292767e+06 6.1385566836e-19 1.8848893906e-21 -1.6311517882e+03 1.6740569232e+01 -4.6638892882e+09 -1.0198844149e+07 1.5355139791e+05 3.6000000000e+03 0.0000000000e+00 -0.0000000000e+00
7.7160000000e+04 2.1935304809e-14 4.4774991637e-17 2.0616600531e+08 1.3624270133e+06 6.6055271390e-19 2.1825738040e-21 -1.6639605831e+03 1.6531419665e+01 -4.6638892842e+09 -1.0198844149e+07 1.5355139791e+05 3.6000000000e+03 0.0000000000e+00 -0.0000000000e+00
8.0760000000e+04 2.4401496237e-14 5.3229614260e-17 2.0011377777e+08 1.4215204281e+06 7.1004509501e-19 2.5218925382e-21 -1.6987333478e+03 1.6293018314e+01 -4.6638892789e+09 -1.0198844149e+07 1.5355139791e+05 3.6000000000e+03 0.0000000000e+00 -0.0000000000e+00
8.4360000000e+04 2.7051372299e-14 6.2990485344e-17 1.9393249556e+08 1.4796960882e+06 7.6265842628e-19 2.9094821803e-21 -1.7356988553e+03 1.6020702392e+01 -4.6638892719e+09 -1.0198844149e+07 1.5355139791e+05 3.6000000000e+03 0.0000000000e+00 -0.0000000000e+00
8.7960000000e+04 2.9896838905e-14 7.4245417047e-17 1.8761379374e+08 1.5368220388e+06 8.1877584000e-19 3.3534092584e-21 -1.7751262900e+03 1.5708804449e+01 -4.6638892625e+09 -1.0198844149e+07 1.5355139791e+05 3.6000000000e+03 0.0000000000e+00 -0.0000000000e+00
9.1560000000e+04 3.2951305183e-14 8.7214420087e-17 1.8114825120e+08 1.5927437031e+06 8.7885198798e-19 3.8635728745e-21 -1.8173350848e+03 1.5350369495e+01 -4.6638892497e+09 -1.0198844149e+07 1.5355139791e+05 3.6000000000e+03 0.0000000000e+00 -0.0000000000e+00
9.5160000000e+04 3.6229972611e-14 1.0215723333e-16 1.7452518757e+08 1.6472785915e+06 9.4343149801e-19 4.4522511273e-21 -1.8627078888e+03 1.4936771080e+01 -4.6638892321e+09 -1.0198844149e+07 1.5355139791e+05 3.6000000000e+03 0.0000000000e+00 -0.0000000000e+00
9.8760000000e+04 3.9750201174e-14 1.1938317064e-16 1.6773240594e+08 1.7002093838e+06 1.0131736767e-18 5.1348550497e-21 -1.9117079231e+03 1.4457181595e+01 -4.6638892071e+09 -1.0198844149e+07 1.5355139791e+05 3.6000000000e+03 0.0000000000e+00 -0.0000000000e+00
1.0236000000e+05 4.3531979556e-14 1.3926419580e-16 1.6075586247e+08 1.7512747427e+06 1.0888861437e-18 5.9309882861e-21 -1.9649026116e+03 1.3897827749e+01 -4.6638891709e+09 -1.0198844149e+07 1.5355139791e+05 3.6000000000e+03 0.0000000000e+00 -0.0000000000e+00
1.0596000000e+05 4.7598538366e-14 1.6225258384e-16 1.5357923563e+08 1.8001569049e+06 1.1715715156e-18 6.8659678368e-21 -2.0229963811e+03 1.3240922116e+01 -4.6638891173e+09 -1.0198844149e+07 1.5355139791e+05 3.6000000000e+03 0.0000000000e+00 -0.0000000000e+00
1.0956000000e+05 5.1977164184e-14 1.8890524579e-16 1.4618335418e+08 1.8464645914e+06 1.2624936351e-18 7.9730586415e-21 -2.0868771926e+03 1.2463093142e+01 -4.6638890353e+09 -1.0198844149e+07 1.5355139791e+05 3.4533907854e+03 0.0000000000e+00 -0.0000000000e+00
1.1266376066e+05 5.6027411471e-14 2.1535371583e-16 1.3961360736e+08 1.8839512414e+06 1.3487242069e-18 9.0994536238e-21 -2.1474617779e+03 1.1671701279e+01 -4.6638889757e+09 -1.0198844149e+07 1.5355139791e+05 3.1238594428e+03 0.0000000000e+00 -0.0000000000e+00
1.1578762010e+05 6.0387355871e-14 2.4580532670e-16 1.3280215518e+08 1.9189884136e+06 1.4442509880e-18 1.0434154399e-20 -2.2145777705e+03 1.0733956217e+01 -4.6638888813e+09 -1.0198844149e+07 1.5355139791e+05 2.8161803651e+03 0.0000000000e+00 -0.0000000000e+00
1.1831452429e+05 6.4142498323e-14 2.7372788948e-16 1.2713189485e+08 1.9450185462e+06 1.5291116108e-18 1.1696421918e-20 -2.2741998457e+03 9.8471019077e+00 -4.6638888318e+09 -1.0198844149e+07 1.5355139791e+05 2.5439444413e+03 0.0000000000e+00 -0.0000000000e+00
1.2085846873e+05 6.8149599050e-14 3.0531113259e-16 1.2126416562e+08 1.9687845576e+06 1.6226664669e-18 1.3171534734e-20 -2.3399303869e+03 8.8107049978e+00 -4.6638887554e+09 -1.0198844149e+07 1.5355139791e+05 2.2948283874e+03 0.0000000000e+00 -0.0000000000e+00
1.2291769517e+05 7.1575043281e-14 3.3382121654e-16 1.1638669711e+08 1.9859533666e+06 1.7053882563e-18 1.4548807110e-20 -2.3980497429e+03 7.8430496294e+00 -4.6638887162e+09 -1.0198844149e+07 1.5355139791e+05 2.0738384985e+03 0.0000000000e+00 -0.0000000000e+00
1.2499153367e+05 7.5204426782e-14 3.6560243538e-16 1.1134841076e+08 2.0010878797e+06 1.7961094526e-18 1.6138006984e-20 -2.4617893882e+03 6.7264964948e+00 -4.6638886571e+09 -1.0198844149e+07 1.5355139791e+05 1.8682864594e+03 0.0000000000e+00 -0.0000000000e+00
1.2666338980e+05 7.8272805491e-14 3.9377799989e-16 1.0718660396e+08 2.0114939238e+06 1.8755236060e-18 1.7596753069e-20 -2.5175848381e+03 5.7015986572e+00 -4.6638886282e+09 -1.0198844149e+07 1.5355139791e+05 1.6852766898e+03 0.0000000000e+00 -0.0000000000e+00
1.2817375148e+05 8.1163188216e-14 4.2145237600e-16 1.0334362643e+08 2.0193347207e+06 1.9528212964e-18 1.9077246488e-20 -2.5718932859e+03 4.6614213980e+00 -4.6638886041e+09 -1.0198844149e+07 1.5355139791e+05 1.5231930057e+03 0.0000000000e+00 -0.0000000000e+00
1.2953177886e+05 8.3865262450e-14 4.4835094755e-16 9.9815732681e+07 2.0249686893e+06 2.0274527525e-18 2.0563422481e-20 -2.6243284690e+03 3.6172516300e+00 -4.6638885848e+09 -1.0198844149e+07 1.5355139791e+05 1.3713805512e+03 0.0000000000e+00 -0.0000000000e+00
1.3074391259e+05 8.6365523291e-14 4.7415326908e-16 9.6604683180e+07 2.0287373204e+06 2.0987111702e-18 2.2034462298e-20 -2.6743937949e+03 2.5837163612e+00 -4.6638885700e+09 -1.0198844149e+07 1.5355139791e+05 1.2268811221e+03 0.0000000000e+00 -0.0000000000e+00
1.3181176977e+05 8.8641983012e-14 4.9843283969e-16 9.3723985949e+07 2.0309694813e+06 2.1655663007e-18 2.3460819395e-20 -2.7213654231e+03 1.5815746451e+00 -4.6638885597e+09 -1.0198844149e+07 1.5355139791e+05 1.0858033744e+03 0.0000000000e+00 -0.0000000000e+00
1.3272793797e+05 9.0653582017e-14 5.2053002518e-16 9.1211382901e+07 2.0319947185e+06 2.2263147857e-18 2.4795692839e-20 -2.7640465939e+03 6.4370826790e-01 -4.6638885536e+09 -1.0198844149e+07 1.5355139791e+05 9.4224400856e+02 0.0000000000e+00 -0.0000000000e+00
1.3367018198e+05 9.2782151097e-14 5.4458737654e-16 8.8585310627e+07 2.0321138223e+06 2.2924129814e-18 2.6290089884e-20 -2.8104864086e+03 -4.0623751508e-01 -4.6638885446e+09 -1.0198844149e+07 1.5355139791e+05 8.6837790333e+02 0.0000000000e+00 -0.0000000000e+00
1.3453855988e+05 9.4800579282e-14 5.6805957060e-16 8.6125251330e+07 2.0313096691e+06 2.3569244032e-18 2.7790791679e-20 -2.8558113746e+03 -1.4606129405e+00 -4.6638885368e+09 -1.0198844149e+07 1.5355139791e+05 9.2264254547e+02 0.0000000000e+00 -0.0000000000e+00
1.3546120243e+05 9.7008384605e-14 5.9449175185e-16 8.3467027693e+07 2.0294061475e+06 2.4296654132e-18 2.9532916680e-20 -2.9069183525e+03 -2.6846094710e+00 -4.6638885233e+09 -1.0198844149e+07 1.5355139791e+05 9.4855203408e+02 0.0000000000e+00 -0.0000000000e+00
1.3640975446e+05 9.9350478686e-14 6.2342524381e-16 8.0683366492e+07 2.0262132859e+06 2.5094874185e-18 3.1505598061e-20 -2.9630003543e+03 -4.0705922008e+00 -4.6638885026e+09 -1.0198844149e+07 1.5355139791e+05 9.5401928621e+02 0.0000000000e+00 -0.0000000000e+00
1.3736377375e+05 1.0178515218e-13 6.5451272453e-16 7.7828100126e+07 2.0216058224e+06 2.5955796919e-18 3.3704756633e-20 -3.0234877728e+03 -5.6156951411e+00 -4.6638884737e+09 -1.0198844149e+07 1.5355139791e+05 9.4547963854e+02 0.0000000000e+00 -0.0000000000e+00
1.3830925339e+05 1.0428209604e-13 6.8750666765e-16 7.4939329743e+07 2.0155046332e+06 2.6874337050e-18 3.6132936297e-20 -3.0880233217e+03 -7.3217056062e+00 -4.6638884357e+09 -1.0198844149e+07 1.5355139791e+05 9.2705621547e+02 0.0000000000e+00 -0.0000000000e+00
1.3923630960e+05 1.0681800104e-13 7.2221520016e-16 7.2045291336e+07 2.0078659769e+06 2.7847185249e-18 3.8796820158e-20 -3.1563744917e+03 -9.1933190673e+00 -4.6638883875e+09 -1.0198844149e+07 1.5355139791e+05 9.0158249275e+02 0.0000000000e+00 -0.0000000000e+00
1.4013789209e+05 1.0937423216e-13 7.5847945046e-16 6.9167537028e+07 1.9986741122e+06 2.8872156065e-18 4.1705974937e-20 -3.2283877354e+03 -1.1237256990e+01 -4.6638883281e+09 -1.0198844149e+07 1.5355139791e+05 8.7111128074e+02 0.0000000000e+00 -0.0000000000e+00
1.4100900338e+05 1.1193551454e-13 7.9616136465e-16 6.6322795083e+07 1.9879357549e+06 2.9947826098e-18 4.4872196569e-20 -3.3039630464e+03 -1.3461807059e+01 -4.6638882566e+09 -1.0198844149e+07 1.5355139791e+05 8.3718176241e+02 0.0000000000e+00 -0.0000000000e+00
1.4184618514e+05 1.1448912774e-13 8.3513672559e-16 6.3524152220e+07 1.9756757048e+06 3.1073317337e-18 4.8309154100e-20 -3.3830387368e+03 -1.5876572985e+01 -4.6638881718e+09 -1.0198844149e+07 1.5355139791e+05 8.0097351121e+02 0.0000000000e+00 -0.0000000000e+00
1.4264715865e+05 1.1702437782e-13 8.7529097324e-16 6.0781856044e+07 1.9619332855e+06 3.2248159478e-18 5.2032195096e-20 -3.4655817634e+03 -1.8492337788e+01 -4.6638880727e+09 -1.0198844149e+07 1.5355139791e+05 7.6340252838e+02 0.0000000000e+00 -0.0000000000e+00
1.4341056118e+05 1.1953223141e-13 9.1651663141e-16 5.8103888392e+07 1.9467593907e+06 3.3472198253e-18 5.6058245475e-20 -3.5515812877e+03 -2.1320993419e+01 -4.6638879581e+09 -1.0198844149e+07 1.5355139791e+05 7.2518501062e+02 0.0000000000e+00 -0.0000000000e+00
1.4413574619e+05 1.2200504959e-13 9.5871170022e-16 5.5496392030e+07 1.9302140050e+06 3.4745532117e-18 6.0405768264e-20 -3.6410442269e+03 -2.4375511784e+01 -4.6638878268e+09 -1.0198844149e+07 1.5355139791e+05 6.8688190981e+02 0.0000000000e+00 -0.0000000000e+00
1.4482262810e+05 1.2443638608e-13 1.0017786493e-15 5.2963998727e+07 1.9123641059e+06 3.6068467182e-18 6.5094761486e-20 -3.7339920882e+03 -2.7669943257e+01 -4.6638876776e+09 -1.0198844149e+07 1.5355139791e+05 6.4893137640e+02 0.0000000000e+00 -0.0000000000e+00
1.4547155947e+05 1.2682082846e-13 1.0456237933e-15 5.0510088150e+07 1.8932818847e+06 3.7441484359e-18 7.0146783531e-20 -3.8304586598e+03 -3.1219434510e+01 -4.6638875090e+09 -1.0198844149e+07 1.5355139791e+05 6.1167318133e+02 0.0000000000e+00 -0.0000000000e+00
1.4608323266e+05 1.2915386930e-13 1.0901569141e-15 4.8136996469e+07 1.8730432347e+06 3.8865214920e-18 7.5584998994e-20 -3.9304882940e+03 -3.5040260716e+01 -4.6638873198e+09 -1.0198844149e+07 1.5355139791e+05 5.7536759055e+02 0.0000000000e+00 -0.0000000000e+00
1.4665860025e+05 1.3143179863e-13 1.1352910435e-15 4.5846187252e+07 1.8517264672e+06 4.0340422036e-18 8.1434240642e-20 -4.0341346104e+03 -3.9149869083e+01 -4.6638871084e+09 -1.0198844149e+07 1.5355139791e+05 5.4021025692e+02 0.0000000000e+00 -0.0000000000e+00
1.4719881050e+05 1.3365161244e-13 1.1809423479e-15 4.3638393335e+07 1.8294112261e+06 4.1867986649e-18 8.7721084738e-20 -4.1414595030e+03 -4.3566931781e+01 -4.6638868732e+09 -1.0198844149e+07 1.5355139791e+05 5.0634416442e+02 0.0000000000e+00 -0.0000000000e+00
1.4770515467e+05 1.3581093321e-13 1.2270300781e-15 4.1513735822e+07 1.8061775708e+06 4.3448896562e-18 9.4473938054e-20 -4.2525323736e+03 -4.8311407076e+01 -4.6638866125e+09 -1.0198844149e+07 1.5355139791e+05 4.7386932604e+02 0.0000000000e+00 -0.0000000000e+00
1.4817902399e+05 1.3790794005e-13 1.2734765574e-15 3.9471824729e+07 1.7821052088e+06 4.5084237956e-18 1.0172313550e-19 -4.3674295360e+03 -5.3404607918e+01 -4.6638863247e+09 -1.0198844149e+07 1.5355139791e+05 4.4285073477e+02 0.0000000000e+00 -0.0000000000e+00
1.4862187473e+05 1.3994130663e-13 1.3202071915e-15 3.7511844634e+07 1.7572728561e+06 4.6775188769e-18 1.0950104780e-19 -4.4862337507e+03 -5.8869277594e+01 -4.6638860077e+09 -1.0198844149e+07 1.5355139791e+05 4.1332492491e+02 0.0000000000e+00 -0.0000000000e+00
1.4903519965e+05 1.4191014547e-13 1.3671504871e-15 3.5632627922e+07 1.7317577101e+06 4.8523013537e-18 1.1784219891e-19 -4.6090338627e+03 -6.4729672230e+01 -4.6638856596e+09 -1.0198844149e+07 1.5355139791e+05 3.8530541637e+02 0.0000000000e+00 -0.0000000000e+00
1.4942050507e+05 1.4381395785e-13 1.4142380718e-15 3.3832717638e+07 1.7056350195e+06 5.0329059379e-18 1.2678339314e-19 -4.7359245188e+03 -7.1011650112e+01 -4.6638852782e+09 -1.0198844149e+07 1.5355139791e+05 3.5878724536e+02 0.0000000000e+00 -0.0000000000e+00
1.4977929231e+05 1.4565258839e-13 1.4614047096e-15 3.2110421542e+07 1.6789777397e+06 5.2194752906e-18 1.3636385217e-19 -4.8670059511e+03 -7.7742767909e+01 -4.6638848613e+09 -1.0198844149e+07 1.5355139791e+05 3.3375074088e+02 0.0000000000e+00 -0.0000000000e+00
1.5011304306e+05 1.4742618392e-13 1.5085883094e-15 3.0463858686e+07 1.6518562615e+06 5.4121597873e-18 1.4662536194e-19 -5.0023838116e+03 -8.4952383954e+01 -4.6638844065e+09 -1.0198844149e+07 1.5355139791e+05 3.1016467804e+02 0.0000000000e+00 -0.0000000000e+00
1.5042320773e+05 1.4913515603e-13 1.5557299235e-15 2.8890999549e+07 1.6243382027e+06 5.6111173447e-18 1.5761243021e-19 -5.1421690507e+03 -9.2671768861e+01 -4.6638839112e+09 -1.0198844149e+07 1.5355139791e+05 2.8798890623e+02 0.0000000000e+00 -0.0000000000e+00
1.5071119664e+05 1.5078014714e-13 1.6027737358e-15 2.7389700623e+07 1.5964882559e+06 5.8165132982e-18 1.6937245475e-19 -5.2864778313e+03 -1.0093422375e+02 -4.6638833727e+09 -1.0198844149e+07 1.5355139791e+05 2.6717653889e+02 0.0000000000e+00 -0.0000000000e+00
1.5097837318e+05 1.5236199956e-13 1.6496670390e-15 2.5957734207e+07 1.5683680823e+06 6.0285203212e-18 1.8195590301e-19 -5.4354314714e+03 -1.0977520645e+02 -4.6638827880e+09 -1.0198844149e+07 1.5355139791e+05 2.4767577309e+02 0.0000000000e+00 -0.0000000000e+00
1.5122604895e+05 1.5388172748e-13 1.6963602012e-15 2.4592814004e+07 1.5400362465e+06 6.2473183803e-18 1.9541650370e-19 -5.5891564137e+03 -1.1923246614e+02 -4.6638821542e+09 -1.0198844149e+07 1.5355139791e+05 2.2943139647e+02 0.0000000000e+00 -0.0000000000e+00
1.5145548035e+05 1.5534049149e-13 1.7428066226e-15 2.3292617090e+07 1.5115481858e+06 6.4730947215e-18 2.0981145102e-19 -5.7477842148e+03 -1.2934618678e+02 -4.6638814680e+09 -1.0198844149e+07 1.5355139791e+05 2.1238602975e+02 0.0000000000e+00 -0.0000000000e+00
1.5166786638e+05 1.5673957561e-13 1.7889626818e-15 2.2054802692e+07 1.4829562076e+06 6.7060438815e-18 2.2520162213e-19 -5.9114515540e+03 -1.4015913993e+02 -4.6638807258e+09 -1.0198844149e+07 1.5355139791e+05 1.9648114506e+02 0.0000000000e+00 -0.0000000000e+00
1.5186434752e+05 1.5808036641e-13 1.8347876753e-15 2.0877028195e+07 1.4543095127e+06 6.9463677222e-18 2.4165180871e-19 -6.0803002571e+03 -1.5171684749e+02 -4.6638799239e+09 -1.0198844149e+07 1.5355139791e+05 1.8165789647e+02 0.0000000000e+00 -0.0000000000e+00
1.5204600542e+05 1.5936433428e-13 1.8802437474e-15 1.9756962705e+07 1.4256542376e+06 7.1942754845e-18 2.5923096358e-19 -6.2544773344e+03 -1.6406775489e+02 -4.6638790585e+09 -1.0198844149e+07 1.5355139791e+05 1.6785778825e+02 0.0000000000e+00 -0.0000000000e+00
1.5221386321e+05 1.6059301653e-13 1.9252958148e-15 1.8692298487e+07 1.3970335143e+06 7.4499838596e-18 2.7801246297e-19 -6.4341350304e+03 -1.7726341541e+02 -4.6638781252e+09 -1.0198844149e+07 1.5355139791e+05 1.5502320974e+02 0.0000000000e+00 -0.0000000000e+00
1.5236888642e+05 1.6176800231e-13 1.9699114850e-15 1.7680760535e+07 1.3684875434e+06 7.7137170741e-18 2.9807438567e-19 -6.6194308841e+03 -1.9135868627e+02 -4.6638771198e+09 -1.0198844149e+07 1.5355139791e+05 1.4309785595e+02 0.0000000000e+00 -0.0000000000e+00
1.5251198427e+05 1.6289091899e-13 2.0140609703e-15 1.6720114513e+07 1.3400536787e+06 7.9857069901e-18 3.1949981006e-19 -6.8105277992e+03 -2.0641193738e+02 -4.6638760373e+09 -1.0198844149e+07 1.5355139791e+05 1.3202705168e+02 0.0000000000e+00 -0.0000000000e+00
1.5264401133e+05 1.6396342022e-13 2.0577169974e-15 1.5808173263e+07 1.3117665192e+06 8.2661932156e-18 3.4237712997e-19 -7.0075941214e+03 -2.2248527321e+02 -4.6638748729e+09 -1.0198844149e+07 1.5355139791e+05 1.2175799634e+02 0.0000000000e+00 -0.0000000000e+00
1.5276576932e+05 1.6498717512e-13 2.1008547148e-15 1.4942802072e+07 1.2836580089e+06 8.5554232262e-18 3.6680039080e-19 -7.2108037242e+03 -2.3964476893e+02 -4.6638736210e+09 -1.0198844149e+07 1.5355139791e+05 1.1223994097e+02 0.0000000000e+00 -0.0000000000e+00
1.5287800926e+05 1.6596385893e-13 2.1434515973e-15 1.4121922851e+07 1.2557575404e+06 8.8536524950e-18 3.9286964688e-19 -7.4203360999e+03 -2.5796072156e+02 -4.6638722760e+09 -1.0198844149e+07 1.5355139791e+05 1.0342431010e+02 0.0000000000e+00 -0.0000000000e+00
1.5298143357e+05 1.6689514463e-13 2.1854873495e-15 1.3343517364e+07 1.2280920622e+06 9.1611446315e-18 4.2069134175e-19 -7.6363764574e+03 -2.7750791706e+02 -4.6638708319e+09 -1.0198844149e+07 1.5355139791e+05 9.5264777135e+01 0.0000000000e+00 -0.0000000000e+00
1.5307669835e+05 1.6778269571e-13 2.2269438086e-15 1.2605629645e+07 1.2006861876e+06 9.4781715266e-18 4.5037871241e-19 -7.8591158242e+03 -2.9836591442e+02 -4.6638692821e+09 -1.0198844149e+07 1.5355139791e+05 8.7717302348e+01 0.0000000000e+00 -0.0000000000e+00
1.5316441565e+05 1.6862815979e-13 2.2678048466e-15 1.1906367690e+07 1.1735623047e+06 9.8050135050e-18 4.8205221951e-19 -8.0887511530e+03 -3.2061934788e+02 -4.6638676198e+09 -1.0198844149e+07 1.5355139791e+05 8.0740139341e+01 0.0000000000e+00 -0.0000000000e+00
1.5324515579e+05 1.6943316324e-13 2.3080562732e-15 1.1243904552e+07 1.1467406861e+06 1.0141959481e-17 5.1584000467e-19 -8.3254854317e+03 -3.4435824823e+02 -4.6638658378e+09 -1.0198844149e+07 1.5355139791e+05 7.4293817391e+01 1.0337468617e-291 -7.3217327947e-284
1.5331944961e+05 1.7019930641e-13 2.3476857394e-15 1.0616478893e+07 1.1202395975e+06 1.0489307120e-17 5.5187837701e-19 -8.5695277962e+03 -3.6967838466e+02 -4.6638639282e+09 -1.0198844149e+07 1.5355139791e+05 6.8341103470e+01 4.4512196032e-254 -3.2453277455e-246
1.5338779071e+05 1.7092815973e-13 2.3866826425e-15 1.0022395096e+07 1.0940754054e+06 1.0847363002e-17 5.9031233064e-19 -8.8210936466e+03 -3.9668162831e+02 -4.6638618827e+09 -1.0198844149e+07 1.5355139791e+05 6.2846948674e+01 1.9183239738e-218 -1.4397994383e-210
1.5345063766e+05 1.7162126032e-13 2.4250380321e-15 9.4600229807e+06 1.0682626818e+06 1.1216442790e-17 6.3129609494e-19 -9.0804047636e+03 -4.2547633895e+02 -4.6638596927e+09 -1.0198844149e+07 1.5355139791e+05 5.7778422812e+01 1.0364358568e-184 -8.0083453799e-177
1.5350841608e+05 1.7228010928e-13 2.4627445189e-15 8.9277972052e+06 1.0428143075e+06 1.1596871397e-17 6.7499372001e-19 -9.3476894270e+03 -4.5617777624e+02 -4.6638573488e+09 -1.0198844149e+07 1.5355139791e+05 5.3104639966e+01 8.7146316626e-153 -6.9324822824e-145
1.5356152072e+05 1.7290616940e-13 2.4997961853e-15 8.4242163851e+06 1.0177415711e+06 1.1988983153e-17 7.2157969936e-19 -9.6231825343e+03 -4.8890853725e+02 -4.6638548410e+09 -1.0198844149e+07 1.5355139791e+05 4.8796677389e+01 1.4031764891e-122 -1.1492373234e-114
1.5361031740e+05 1.7350086341e-13 2.5361884977e-15 7.9478419892e+06 9.9305426616e+05 1.2393121979e-17 7.7123963219e-19 -9.9071257187e+03 -5.2379902182e+02 -4.6638521588e+09 -1.0198844149e+07 1.5355139791e+05 4.4827490249e+01 5.2775342202e-94 -4.4504488148e-86
1.5365514489e+05 1.7406557263e-13 2.5719182227e-15 7.4972970456e+06 9.6876078452e+05 1.2809641547e-17 8.2417092805e-19 -1.0199767466e+04 -5.6098792758e+02 -4.6638492910e+09 -1.0198844149e+07 1.5355139791e+05 4.1171823462e+01 5.6080277923e-67 -4.8693975666e-59
1.5369631672e+05 1.7460163591e-13 2.6069833448e-15 7.0712646971e+06 9.4486820594e+05 1.3238905445e-17 8.8058355627e-19 -1.0501363231e+04 -6.0062277649e+02 -4.6638462256e+09 -1.0198844149e+07 1.5355139791e+05 3.7806122641e+01 2.0195155614e-41 -1.8055976938e-33
1.5373412284e+05 1.7511034904e-13 2.6413829875e-15 6.6684866320e+06 9.2138238437e+05 1.3681287341e-17 9.4070084349e-19 -1.0812175547e+04 -6.4286047523e+02 -4.6638429500e+09 -1.0198844149e+07 1.5355139791e+05 3.4708444490e+01 2.9324238955e-17 -2.6997593704e-09
1.5373759368e+05 1.7515790963e-13 2.6446583833e-15 6.6309065804e+06 9.1914383016e+05 1.3724566638e-17 9.4669036781e-19 -1.0842583072e+04 -6.4706864454e+02 -4.6638429500e+09 -1.0198844149e+07 1.5355139791e+05 1.7354222245e+01 5.2676723974e-15 -4.8634274510e-07
1.5375300962e+05 1.7537100177e-13 2.6594635459e-15 6.4626935231e+06 9.0902038391e+05 1.3922803715e-17 9.7437134124e-19 -1.0981862025e+04 -6.6651696571e+02 -4.6638507909e+09 -1.0198843432e+07 1.5355144139e+05 2.5701896508e+01 6.4956935322e-05 -6.0746162225e+03
1.5375557981e+05 1.7540682971e-13 2.6619740152e-15 6.4344373615e+06 9.0730298798e+05 1.3956848568e-17 9.7916594474e-19 -1.1005779457e+04 -6.6988547112e+02 -4.6640461136e+09 -1.0198825741e+07 1.5355251745e+05 4.0204565326e+00 3.2188973684e-03 -3.0168231510e+05
1.5375698788e+05 1.7542649526e-13 2.6633546212e-15 6.4189310863e+06 9.0635842784e+05 1.3975625105e-17 9.8181539103e-19 -1.1018955753e+04 -6.7174597344e+02 -4.6655382139e+09 -1.0198690776e+07 1.5356074097e+05 2.2425297591e+00 2.7411052415e-02 -2.5721162768e+06
1.5375825453e+05 1.7544420823e-13 2.6645997551e-15 6.4049664219e+06 9.0550649755e+05 1.3992592141e-17 9.8421263399e-19 -1.1030770898e+04 -6.7342379866e+02 -4.6754816175e+09 -1.0197792362e+07 1.5361556161e+05 1.4942460668e+00 1.8865006597e-01 -1.7721054690e+07
1.5375923214e+05 1.7545789387e-13 2.6655628336e-15 6.3941783404e+06 9.0484752721e+05 1.4005737190e-17 9.8607191467e-19 -1.1039581784e+04 -6.7470416371e+02 -4.7154679960e+09 -1.0194182660e+07 1.5383608286e+05 1.0642933388e+00 8.3714486303e-01 -7.8701272633e+07
1.5376001101e+05 1.7546880663e-13 2.6663314360e-15 6.3855774409e+06 9.0432163651e+05 1.4016241315e-17 9.8755893395e-19 -1.1045712651e+04 -6.7567253835e+02 -4.8331677065e+09 -1.0183564402e+07 1.5448537755e+05 8.1556506227e-01 2.7458119421e+00 -2.5828219576e+08
1.5376065092e+05 1.7547777846e-13 2.6669637716e-15 6.3785080906e+06 9.0388904389e+05 1.4024892131e-17 9.8878444289e-19 -1.1048818796e+04 -6.7635170247e+02 -5.1132839416e+09 -1.0158303958e+07 1.5603122191e+05 6.5800987481e-01 7.2866555866e+00 -6.8560693993e+08
1.5376119212e+05 1.7548537077e-13 2.6674991867e-15 6.3725284629e+06 9.0352288975e+05 1.4032223350e-17 9.8982361596e-19 -1.1047853468e+04 -6.7670728340e+02 -5.6898294042e+09 -1.0106316637e+07 1.5921472557e+05 5.5116432259e-01 1.6625182730e+01 -1.5641429397e+09
1.5376166137e+05 1.7549195691e-13 2.6679638752e-15 6.3673455385e+06 9.0320533881e+05 1.4038590854e-17 9.9072663527e-19 -1.1040960654e+04 -6.7664529881e+02 -6.7609235000e+09 -1.0009700975e+07 1.6513442593e+05 4.7513808161e-01 3.3946719025e+01 -3.1918144660e+09
1.5376207732e+05 1.7549779740e-13 2.6683761324e-15 6.3627559096e+06 9.0292399689e+05 1.4044243571e-17 9.9152863505e-19 -1.1025289605e+04 -6.7600466434e+02 -8.6099924804e+09 -9.8427390329e+06 1.7536936164e+05 4.1954731417e-01 6.3765492160e+01 -5.9870028109e+09
1.5376245403e+05 1.7550308897e-13 2.6687497880e-15 6.3586074043e+06 9.0266958079e+05 1.4049369964e-17 9.9225624449e-19 -1.0996612274e+04 -6.7453624965e+02 -1.1642499937e+10 -9.5683669049e+06 1.9219617004e+05 3.7887542440e-01 1.1243767458e+02 -1.0529438376e+10
1.5376283290e+05 1.7550841291e-13 2.6691258683e-15 6.3544501869e+06 9.0241452024e+05 1.4054532454e-17 9.9298924918e-19 -1.0943080912e+04 -6.7154429655e+02 -1.6992312269e+10 -9.0825199378e+06 2.2200527543e+05 3.4958536346e-01 1.9759845755e+02 -1.8414431160e+10
1.5376318249e+05 1.7551332700e-13 2.6694731212e-15 6.3506384663e+06 9.0218055920e+05 1.4059301721e-17 9.9366666260e-19 -1.0856393735e+04 -6.6649366616e+02 -2.5365669612e+10 -8.3171968729e+06 2.6898114670e+05 3.3575325211e-01 3.2906580030e+02 -3.0423147263e+10
1.5376351824e+05 1.7551804823e-13 2.6698068574e-15 6.3470147144e+06 9.0195804706e+05 1.4063887559e-17 9.9431823891e-19 -1.0718279784e+04 -6.5827275671e+02 -3.8374109478e+10 -7.1158416675e+06 3.4275009075e+05 3.5831525995e-01 5.2881705652e+02 -4.8268854138e+10
1.5376387656e+05 1.7552308841e-13 2.6701632615e-15 6.3432137036e+06 9.0172455519e+05 1.4068787193e-17 9.9501463232e-19 -1.0478384521e+04 -6.4381380515e+02 -6.0378391902e+10 -5.0474713133e+06 4.6981004046e+05 3.5089543624e-01 8.5390471484e+02 -7.6197528382e+10
1.5376412516e+05 1.7552658632e-13 2.6704106809e-15 6.3406378152e+06 9.0156626344e+05 1.4072189911e-17 9.9549840443e-19 -1.0232157083e+04 -6.2887565575e+02 -8.2344479995e+10 -2.9342170581e+06 5.9967339741e+05 2.5754776249e-01 1.1617387117e+03 -1.0123094628e+11
1.5376435469e+05 1.7552981671e-13 2.6706392321e-15 6.3383223864e+06 9.0142393527e+05 1.4075334054e-17 9.9594551221e-19 -9.9298031748e+03 -6.1046833810e+02 -1.0854070461e+11 -3.4543201506e+05 7.5880572506e+05 2.3113664403e-01 1.5059181605e+03 -1.2734447801e+11
1.5376458583e+05 1.7553307040e-13 2.6708694837e-15 6.3360705365e+06 9.0128547466e+05 1.4078502406e-17 9.9639615487e-19 -9.5401674540e+03 -5.8669019332e+02 -1.4108897272e+11 2.9853930099e+06 9.6361119369e+05 2.2682174073e-01 1.8965679851e+03 -1.5408593945e+11
1.5376481265e+05 1.7553626407e-13 2.6710955382e-15 6.3339584726e+06 9.0115556971e+05 1.4081613718e-17 9.9683877115e-19 -9.0679582353e+03 -5.5782276192e+02 -1.7874836438e+11 7.0177521246e+06 1.2116276650e+06 3.1013788328e-01 2.2931665688e+03 -1.7708599466e+11
1.5376500077e+05 1.7553891342e-13 2.6712831036e-15 6.3322947517e+06 9.0105321104e+05 1.4084195746e-17 9.9720615332e-19 -8.6097523385e+03 -5.2977852134e+02 -2.1344068789e+11 1.0927922116e+07 1.4521977162e+06 2.0043467506e-01 2.6007126249e+03 -1.9068765072e+11
1.5376516605e+05 1.7554124140e-13 2.6714479453e-15 6.3309081799e+06 9.0096788152e+05 1.4086465248e-17 9.9752911218e-19 -8.1627020668e+03 -5.0239578598e+02 -2.4554256350e+11 1.4741402893e+07 1.6868796771e+06 1.6740035012e-01 2.8305189054e+03 -1.9676142418e+11
1.5376533345e+05 1.7554359967e-13 2.6716149594e-15 6.3295820822e+06 9.0088625252e+05 1.4088764879e-17 9.9785639820e-19 -7.6758466731e+03 -4.7255742339e+02 -2.7854804741e+11 1.8893407134e+07 1.9424603112e+06 1.5163599466e-01 3.0054829146e+03 -1.9646307869e+11
1.5376548509e+05 1.7554573619e-13 2.6717662929e-15 6.3284529548e+06 9.0081672990e+05 1.4090848743e-17 9.9815300878e-19 -7.2143088562e+03 -4.4425781347e+02 -3.0795936782e+11 2.2828923417e+07 2.1847783539e+06 1.4351115278e-01 3.1025001976e+03 -1.9061073815e+11
1.5376562860e+05 1.7554775853e-13 2.6719095591e-15 6.3274495738e+06 9.0075493375e+05 1.4092821605e-17 9.9843384640e-19 -6.7682046255e+03 -4.1689507793e+02 -3.3465265826e+11 2.6632591308e+07 2.4190387683e+06 1.4028637913e-01 3.1361372108e+03 -1.8076309839e+11
1.5376576888e+05 1.7554973569e-13 2.6720496450e-15 6.3265307672e+06 9.0069833132e+05 1.4094750711e-17 9.9870847909e-19 -6.3312986937e+03 -3.9008922179e+02 -3.5914452538e+11 3.0357812353e+07 2.6485286519e+06 1.4067513874e-01 3.1152411098e+03 -1.6796784668e+11
1.5376590956e+05 1.7555171861e-13 2.6721901579e-15 6.3256705901e+06 9.0064532583e+05 1.4096685699e-17 9.9898397094e-19 -5.8996002295e+03 -3.6359702435e+02 -3.8174091944e+11 3.4038805041e+07 2.8753575674e+06 1.4483069818e-01 3.0457631024e+03 -1.5302446521e+11
1.5376605439e+05 1.7555376039e-13 2.6723348619e-15 6.3248475643e+06 9.0059459412e+05 1.4098678367e-17 9.9926769647e-19 -5.4685033404e+03 -3.3713701807e+02 -4.0271614383e+11 3.7715028813e+07 3.1019620297e+06 1.5462310301e-01 2.9316140972e+03 -1.3652682145e+11
1.5376620901e+05 1.7555594053e-13 2.6724893952e-15 6.3240362727e+06 9.0054456836e+05 1.4100806305e-17 9.9957070469e-19 -5.0293678008e+03 -3.1017977275e+02 -4.2245001929e+11 4.1460388949e+07 3.3329081800e+06 1.7887172133e-01 2.7734009090e+03 -1.1878712214e+11
1.5376638789e+05 1.7555846299e-13 2.6726682215e-15 6.3231796863e+06 9.0049172741e+05 1.4103268596e-17 9.9992134919e-19 -4.5546541849e+03 -2.8103534301e+02 -4.4193036605e+11 4.5510159481e+07 3.5827298818e+06 2.3280057896e-01 2.5599256544e+03 -9.9294878848e+10
1.5376654937e+05 1.7556074062e-13 2.6728297181e-15 6.3224764836e+06 9.0044832789e+05 1.4105492066e-17 1.0002380064e-18 -4.1601732406e+03 -2.5681524604e+02 -4.5665485312e+11 4.8876526071e+07 3.7904917830e+06 1.6567714981e-01 2.3533091753e+03 -8.3374888648e+10
1.5376671505e+05 1.7556307776e-13 2.6729954616e-15 6.3218183615e+06 9.0040769040e+05 1.4107773758e-17 1.0005629753e-18 -3.7903640460e+03 -2.3410973220e+02 -4.6925260300e+11 5.2033530493e+07 3.9854293645e+06 1.5107698681e-01 2.1392255982e+03 -6.9053110104e+10
1.5376686612e+05 1.7556520928e-13 2.6731466460e-15 6.3212692526e+06 9.0037376633e+05 1.4109854768e-17 1.0008593780e-18 -3.4836709816e+03 -2.1528009487e+02 -4.7881544210e+11 5.4652849334e+07 4.1472513989e+06 1.4505774596e-01 1.9492847389e+03 -5.7830775265e+10
1.5376701118e+05 1.7556725617e-13 2.6732918491e-15 6.3207836706e+06 9.0034375086e+05 1.4111853188e-17 1.0011440303e-18 -3.2155331172e+03 -1.9881880193e+02 -4.8651903411e+11 5.6943955741e+07 4.2888723326e+06 1.4266161841e-01 1.7758518054e+03 -4.8630329655e+10
1.5376715384e+05 1.7556926953e-13 2.6734346939e-15 6.3203423254e+06 9.0031645443e+05 1.4113818879e-17 1.0014240325e-18 -2.9755573388e+03 -1.8408803484e+02 -4.9289391784e+11 5.8995488968e+07 4.4157560262e+06 1.4211241316e-01 1.6161680212e+03 -4.0954657809e+10
1.5376729596e+05 1.7557127542e-13 2.6735770285e-15 6.3199351483e+06 9.0029125602e+05 1.4115777262e-17 1.0017030042e-18 -2.7582747011e+03 -1.7075223243e+02 -4.9824274825e+11 6.0854086849e+07 4.5307763656e+06 1.4275646559e-01 1.4690168912e+03 -3.4507524961e+10
1.5376743871e+05 1.7557329068e-13 2.6737200481e-15 6.3195557586e+06 9.0026776198e+05 1.4117744760e-17 1.0019832844e-18 -2.5601428710e+03 -1.5859407833e+02 -5.0276969646e+11 6.2549957306e+07 4.6357945084e+06 1.4427643445e-01 1.3335742553e+03 -2.9075824108e+10
1.5376758299e+05 1.7557532768e-13 2.6738646311e-15 6.3191997011e+06 9.0024569724e+05 1.4119733435e-17 1.0022665904e-18 -2.3786122898e+03 -1.4745718149e+02 -5.0662402479e+11 6.4104843611e+07 4.7321500352e+06 1.4649537934e-01 1.2091364438e+03 -2.4493498408e+10
1.5376772948e+05 1.7557739630e-13 2.6740114796e-15 6.3188636731e+06 9.0022485772e+05 1.4121752912e-17 1.0025542935e-18 -2.2117252755e+03 -1.3722147161e+02 -5.0992010477e+11 6.5535443551e+07 4.8208717321e+06 1.4930669778e-01 1.0950391203e+03 -2.0625951950e+10
1.5376787879e+05 1.7557950493e-13 2.6741611895e-15 6.3185451241e+06 9.0020508559e+05 1.4123811354e-17 1.0028475562e-18 -2.0579113018e+03 -1.2779063592e+02 -5.1274828757e+11 6.6855155340e+07 4.9027852004e+06 1.5264329140e-01 9.9063306198e+02 -1.7361774880e+10
1.5376803143e+05 1.7558166099e-13 2.6743142904e-15 6.3182420233e+06 9.0018625501e+05 1.4125915999e-17 1.0031474098e-18 -1.9158703641e+03 -1.1908496241e+02 -5.1518146916e+11 6.8075072254e+07 4.9785741510e+06 1.5646212354e-01 8.9527956520e+02 -1.4607673400e+10
1.5376818790e+05 1.7558387133e-13 2.6744712690e-15 6.3179527163e+06 9.0016826322e+05 1.4128073498e-17 1.0034548016e-18 -1.7845011493e+03 -1.1103693274e+02 -5.1727936398e+11 6.9204595160e+07 5.0488181470e+06 1.6073574345e-01 8.0835267704e+02 -1.2285016480e+10
1.5376834863e+05 1.7558614240e-13 2.6746325854e-15 6.3176758296e+06 9.0015102470e+05 1.4130290122e-17 1.0037706253e-18 -1.6628540972e+03 -1.0358834261e+02 -5.1909144659e+11 7.0251832781e+07 5.1140172624e+06 1.6544732304e-01 7.2924338717e+02 -1.0327296102e+10
1.5376851408e+05 1.7558848041e-13 2.6747986835e-15 6.3174102060e+06 9.0013446716e+05 1.4132571913e-17 1.0040957420e-18 -1.5500992302e+03 -9.6688328283e+01 -5.2065906530e+11 7.1223876008e+07 5.1746089806e+06 1.7058753630e-01 6.5736385323e+02 -8.6781562250e+09
1.5376868467e+05 1.7559089145e-13 2.6749699983e-15 6.3171548576e+06 9.0011852862e+05 1.4134924787e-17 1.0044309944e-18 -1.4455032587e+03 -9.0291962279e+01 -5.2201701228e+11 7.2126993130e+07 5.2309802194e+06 1.7615255581e-01 5.9215096397e+02 -7.2898072991e+09
1.5376886082e+05 1.7559338156e-13 2.6751469619e-15 6.3169089323e+06 9.0010315538e+05 1.4137354608e-17 1.0047772185e-18 -1.3484127260e+03 -8.4359219487e+01 -5.2319472181e+11 7.2966773547e+07 5.2834761830e+06 1.8214268018e-01 5.3306900979e+02 -6.1217199254e+09
1.5376904296e+05 1.7559595681e-13 2.6753300073e-15 6.3166716883e+06 9.0008830040e+05 1.4139867244e-17 1.0051352505e-18 -1.2582412573e+03 -7.8854195079e+01 -5.2421720439e+11 7.3748236496e+07 5.3324070581e+06 1.8856132995e-01 4.7961147743e+02 -5.1395323138e+09
1.5376923152e+05 1.7559862329e-13 2.6755195719e-15 6.3164424745e+06 9.0007392210e+05 1.4142468614e-17 1.0055059341e-18 -1.1744596916e+03 -7.3744499207e+01 -5.2510578759e+11 7.4475915184e+07 5.3780531954e+06 1.9541436566e-01 4.3130207098e+02 -4.3141280086e+09
1.5376942694e+05 1.7560138719e-13 2.6757160997e-15 6.3162207153e+06 9.0005998339e+05 1.4145164717e-17 1.0058901244e-18 -1.0965882537e+03 -6.9000776726e+01 -5.2587871243e+11 7.5153923531e+07 5.4206692207e+06 2.0270948913e-01 3.8769506106e+02 -3.6208525693e+09
1.5376962965e+05 1.7560425483e-13 2.6759200436e-15 6.3160058986e+06 9.0004645097e+05 1.4147961659e-17 1.0062886919e-18 -1.0241902584e+03 -6.4596320910e+01 -5.2655161857e+11 7.5786009831e+07 5.4604873401e+06 2.1043828396e-01 3.4837511068e+02 -3.0388465015e+09
1.5376984008e+05 1.7560723241e-13 2.6761318488e-15 6.3157975834e+06 9.0003329573e+05 1.4150865433e-17 1.0067024907e-18 -9.5687224576e+02 -6.0507078073e+01 -5.2713789870e+11 7.6375554277e+07 5.4977171107e+06 2.1860063189e-01 3.1295941936e+02 -2.5505125077e+09
1.5377005869e+05 1.7561032613e-13 2.6763519616e-15 6.3155953790e+06 9.0002049155e+05 1.4153882029e-17 1.0071323749e-18 -8.9427492394e+02 -5.6711092341e+01 -5.2764908066e+11 7.6925646626e+07 5.5325502579e+06 2.2722334066e-01 2.8109397069e+02 -2.1409820550e+09
1.5377028591e+05 1.7561354258e-13 2.6765808564e-15 6.3153989155e+06 9.0000801333e+05 1.4157017810e-17 1.0075792515e-18 -8.3606228613e+02 -5.3187842895e+01 -5.2809515644e+11 7.7439180931e+07 5.5651666251e+06 2.3631468395e-01 2.5244882692e+02 -1.7976617021e+09
1.5377052222e+05 1.7561688847e-13 2.6768190170e-15 6.3152078578e+06 8.9999583793e+05 1.4160279252e-17 1.0080440438e-18 -7.8192542332e+02 -4.9918473916e+01 -5.2848474859e+11 7.7918821597e+07 5.5957320011e+06 2.4588319475e-01 2.2672060903e+02 -1.5099357459e+09
1.5377076811e+05 1.7562037067e-13 2.6770669376e-15 6.3150219012e+06 8.9998394384e+05 1.4163672951e-17 1.0085276921e-18 -7.3157967674e+02 -4.6885619177e+01 -5.2882530755e+11 7.8367027612e+07 5.6243996144e+06 2.5593682101e-01 2.0363097823e+02 -1.2688622214e+09
1.5377102404e+05 1.7562399612e-13 2.6773251214e-15 6.3148407669e+06 8.9997231093e+05 1.4167205613e-17 1.0090311526e-18 -6.8476231611e+02 -4.4073258641e+01 -5.2912327735e+11 7.8786072233e+07 5.6513113452e+06 2.6648263920e-01 1.8292515247e+02 -1.0669151811e+09
1.5377129053e+05 1.7562777193e-13 2.6775940805e-15 6.3146641994e+06 8.9996092024e+05 1.4170884042e-17 1.0095553955e-18 -6.4123050015e+02 -4.1466592199e+01 -5.2938423642e+11 7.9178060248e+07 5.6765987881e+06 2.7752657089e-01 1.6437039843e+02 -8.9776545151e+08
1.5377156805e+05 1.7563170526e-13 2.6778743347e-15 6.3144919632e+06 8.9994975379e+05 1.4174715126e-17 1.0101014026e-18 -6.0075947466e+02 -3.9051927801e+01 -5.2961301762e+11 7.9544943197e+07 5.7003841900e+06 2.8907308574e-01 1.4775453010e+02 -7.5609435206e+08
1.5377185713e+05 1.7563580336e-13 2.6781664101e-15 6.3143238404e+06 8.9993879439e+05 1.4178705814e-17 1.0106701649e-18 -5.6314097443e+02 -3.6816581909e+01 -5.2981381071e+11 7.9888532836e+07 5.7227812783e+06 3.0112499202e-01 1.3288443766e+02 -6.3743561498e+08
1.5377215825e+05 1.7564007355e-13 2.6784708373e-15 6.3141596284e+06 8.9992802551e+05 1.4182863095e-17 1.0112626788e-18 -5.2818178959e+02 -3.4748789851e+01 -5.2999025015e+11 8.0210513190e+07 5.7438960042e+06 3.1368321544e-01 1.1958465955e+02 -5.3804135864e+08
1.5377215825e+05 1.7564007355e-13 2.6784708373e-15 6.3141596284e+06 8.9992802551e+05 1.4182863095e-17 1.0112626788e-18 -5.2818178959e+02 -3.4748789851e+01 -5.2999025015e+11 8.0210513190e+07 5.7438960042e+06 3.1368321544e-01 1.1958465955e+02 -5.3804135864e+08
