0.0000000000e+00 0.0000000000e+00 0.0000000000e+00 3.1415900000e+08 0.0000000000e+00 0.0000000000e+00 0.0000000000e+00 -1.1783680100e+03 2.2682335330e+02 -4.6638893019e+09 -1.0016128085e+07 1.9279985031e+06 1.0000000000e+01 0.0000000000e+00 -0.0000000000e+00
1.0000000000e+01 2.8740014358e-22 6.9169965973e-28 3.1414721612e+08 2.2682335325e+03 5.7480747417e-23 2.0751378983e-28 -1.1784083953e+03 2.2682335315e+02 -4.6638893019e+09 -1.0016128085e+07 1.9279985031e+06 5.0000000000e+01 0.0000000000e+00 -0.0000000000e+00
6.0000000000e+01 1.0347699063e-20 1.4944917034e-25 3.1408829065e+08 1.3609401093e+04 3.4494918468e-22 7.4732996240e-27 -1.1786103672e+03 2.2682334805e+02 -4.6638893019e+09 -1.0016128085e+07 1.9279985030e+06 2.5000000000e+02 0.0000000000e+00 -0.0000000000e+00
3.1000000000e+02 2.7639896441e-19 2.0641263679e-23 3.1379351172e+08 7.0315225021e+04 1.7839112982e-21 1.9987048503e-25 -1.1796213651e+03 2.2682321287e+02 -4.6638893019e+09 -1.0016128085e+07 1.9279985030e+06 1.2500000000e+03 0.0000000000e+00 -0.0000000000e+00
1.5600000000e+03 7.0214328496e-18 2.6490731131e-21 3.1231581273e+08 3.5384256994e+05 9.0195253611e-21 5.1093970957e-24 -1.1847050224e+03 2.2681976350e+02 -4.6638893019e+09 -1.0016128085e+07 1.9279985030e+06 3.6000000000e+03 0.0000000000e+00 -0.0000000000e+00
5.1600000000e+03 7.7526271427e-17 9.7863263223e-20 3.0802415202e+08 1.1703397455e+06 3.0247668477e-20 5.7462899312e-23 -1.1996196660e+03 2.2678298054e+02 -4.6638893018e+09 -1.0016128085e+07 1.9279985030e+06 3.6000000000e+03 0.0000000000e+00 -0.0000000000e+00
8.7600000000e+03 2.2552826962e-16 4.8899660894e-19 3.0367804272e+08 1.9866290116e+06 5.2078917018e-20 1.7034551013e-22 -1.2149580444e+03 2.2670367055e+02 -4.6638893017e+09 -1.0016128085e+07 1.9279985030e+06 3.6000000000e+03 0.0000000000e+00 -0.0000000000e+00
1.2360000000e+04 4.5325863391e-16 1.4032999108e-18 2.9927591721e+08 2.8025507048e+06 7.4547060376e-20 3.4903800677e-22 -1.2307438976e+03 2.2657812330e+02 -4.6638893016e+09 -1.0016128085e+07 1.9279985030e+06 3.6000000000e+03 0.0000000000e+00 -0.0000000000e+00
1.5960000000e+04 7.6307514477e-16 3.0880315260e-18 2.9481611894e+08 3.6179311040e+06 9.7688676093e-20 5.9938649104e-22 -1.2470029245e+03 2.2640223140e+02 -4.6638893015e+09 -1.0016128085e+07 1.9279985030e+06 3.6000000000e+03 0.0000000000e+00 -0.0000000000e+00
1.9560000000e+04 1.1574727361e-15 5.8126238598e-18 2.9029689500e+08 4.4325809094e+06 1.2154343766e-19 9.2787717928e-22 -1.2637629994e+03 2.2617143771e+02 -4.6638893013e+09 -1.0016128085e+07 1.9279985030e+06 3.6000000000e+03 0.0000000000e+00 -0.0000000000e+00
2.3160000000e+04 1.6390952582e-15 9.8711400869e-18 2.8571638784e+08 5.2462935155e+06 1.4615446530e-19 1.3417231960e-21 -1.2810544179e+03 2.2588067437e+02 -4.6638893011e+09 -1.0016128085e+07 1.9279985030e+06 3.6000000000e+03 0.0000000000e+00 -0.0000000000e+00
2.6760000000e+04 2.2107485914e-15 1.5585068302e-17 2.8107262610e+08 6.0588430487e+06 1.7156872703e-19 1.8489656627e-21 -1.2989101792e+03 2.2552429178e+02 -4.6638893009e+09 -1.0016128085e+07 1.9279985030e+06 3.6000000000e+03 0.0000000000e+00 -0.0000000000e+00
3.0360000000e+04 2.8754153075e-15 2.3306509441e-17 2.7636351425e+08 6.8699821268e+06 1.9783749881e-19 2.4585918854e-21 -1.3173663092e+03 2.2509597557e+02 -4.6638893007e+09 -1.0016128085e+07 1.9279985030e+06 3.6000000000e+03 0.0000000000e+00 -0.0000000000e+00
3.3960000000e+04 3.6362711092e-15 3.3421826509e-17 2.7158682108e+08 7.6794392960e+06 2.2501689454e-19 3.1806740881e-21 -1.3364622328e+03 2.2458864911e+02 -4.6638893004e+09 -1.0016128085e+07 1.9279985030e+06 3.6000000000e+03 0.0000000000e+00 -0.0000000000e+00
3.7560000000e+04 4.4967033227e-15 4.6355836491e-17 2.6674016669e+08 8.4869160846e+06 2.5316847855e-19 4.0265329546e-21 -1.3562412046e+03 2.2399435862e+02 -4.6638893000e+09 -1.0016128085e+07 1.9279985030e+06 3.6000000000e+03 0.0000000000e+00 -0.0000000000e+00
4.1160000000e+04 5.4603317667e-15 6.2576643428e-17 2.6182100785e+08 9.2920836084e+06 2.8235997676e-19 5.0089312781e-21 -1.3767508078e+03 2.2330413711e+02 -4.6638892996e+09 -1.0016128085e+07 1.9279985030e+06 3.6000000000e+03 0.0000000000e+00 -0.0000000000e+00
4.4760000000e+04 6.5310323874e-15 8.2601232542e-17 2.5682662135e+08 1.0094578640e+07 3.1266610549e-19 6.1423043484e-21 -1.3980435373e+03 2.2250784253e+02 -4.6638892991e+09 -1.0016128085e+07 1.9279985030e+06 3.6000000000e+03 0.0000000000e+00 -0.0000000000e+00
4.8360000000e+04 7.7129641247e-15 1.0700197210e-16 2.5175408518e+08 1.0893999039e+07 3.4416954218e-19 7.4430354240e-21 -1.4201774813e+03 2.2159396418e+02 -4.6638892985e+09 -1.0016128085e+07 1.9279985030e+06 3.6000000000e+03 0.0000000000e+00 -0.0000000000e+00
5.1960000000e+04 9.0105995716e-15 1.3641420361e-16 2.4660025695e+08 1.1689898423e+07 3.7696206766e-19 8.9297868697e-21 -1.4432171239e+03 2.2054939010e+02 -4.6638892978e+09 -1.0016128085e+07 1.9279985030e+06 3.6000000000e+03 0.0000000000e+00 -0.0000000000e+00
5.5560000000e+04 1.0428760109e-14 1.7154514403e-16 2.4136174920e+08 1.2481779909e+07 4.1114591718e-19 1.0623900467e-20 -1.4672342944e+03 2.1935912582e+02 -4.6638892969e+09 -1.0016128085e+07 1.9279985030e+06 3.6000000000e+03 0.0000000000e+00 -0.0000000000e+00
5.9160000000e+04 1.1972656350e-14 2.1318437903e-16 2.3603490103e+08 1.3269088745e+07 4.4683538723e-19 1.2549884278e-20 -1.4923092962e+03 2.1800595225e+02 -4.6638892958e+09 -1.0016128085e+07 1.9279985030e+06 3.6000000000e+03 0.0000000000e+00 -0.0000000000e+00
6.2760000000e+04 1.3647934914e-14 2.6221629758e-16 2.3061574519e+08 1.4051203567e+07 4.8415875778e-19 1.4736008603e-20 -1.5185322572e+03 2.1647000702e+02 -4.6638892945e+09 -1.0016128085e+07 1.9279985030e+06 3.6000000000e+03 0.0000000000e+00 -0.0000000000e+00
6.6360000000e+04 1.5460732802e-14 3.1963491138e-16 2.2509996988e+08 1.4827425997e+07 5.2326060626e-19 1.7215040523e-20 -1.5460047559e+03 2.1472826836e+02 -4.6638892929e+09 -1.0016128085e+07 1.9279985030e+06 3.6000000000e+03 0.0000000000e+00 -0.0000000000e+00
6.9960000000e+04 1.7417740951e-14 3.8656162482e-16 2.1948287414e+08 1.5596968147e+07 5.6430461175e-19 2.0025155994e-20 -1.5748417913e+03 2.1275391429e+02 -4.6638892909e+09 -1.0016128085e+07 1.9279985030e+06 3.6000000000e+03 0.0000000000e+00 -0.0000000000e+00
7.3560000000e+04 1.9526278952e-14 4.6426668357e-16 2.1375931531e+08 1.6358937559e+07 6.0747697815e-19 2.3211081442e-20 -1.6051741881e+03 2.1051552055e+02 -4.6638892884e+09 -1.0016128085e+07 1.9279985030e+06 3.6000000000e+03 0.0000000000e+00 -0.0000000000e+00
7.7160000000e+04 2.1794383454e-14 5.5419524787e-16 2.0792364694e+08 1.7112318879e+07 6.5299064522e-19 2.6825534945e-20 -1.6371515551e+03 2.0797604804e+02 -4.6638892851e+09 -1.0016128085e+07 1.9279985030e+06 3.6000000000e+03 0.0000000000e+00 -0.0000000000e+00
8.0760000000e+04 2.4230913472e-14 6.5799933193e-16 2.0196964478e+08 1.7855951423e+07 7.0109051272e-19 3.0931062609e-20 -1.6709459561e+03 2.0509155261e+02 -4.6638892810e+09 -1.0016128085e+07 1.9279985030e+06 3.6000000000e+03 0.0000000000e+00 -0.0000000000e+00
8.4360000000e+04 2.6845676766e-14 7.7757725689e-16 1.9589041801e+08 1.8588501452e+07 7.5205998075e-19 3.5602402223e-20 -1.7067565047e+03 2.0180952435e+02 -4.6638892756e+09 -1.0016128085e+07 1.9279985030e+06 3.6000000000e+03 0.0000000000e+00 -0.0000000000e+00
8.7960000000e+04 2.9649582730e-14 9.1512282968e-16 1.8967830183e+08 1.9308427622e+07 8.0622921951e-19 4.0929559209e-20 -1.7448151746e+03 1.9806672652e+02 -4.6638892684e+09 -1.0016128085e+07 1.9279985030e+06 3.6000000000e+03 0.0000000000e+00 -0.0000000000e+00
9.1560000000e+04 3.2654829002e-14 1.0731872569e-15 1.8332472632e+08 2.0013937487e+07 8.6398573967e-19 4.7021857928e-20 -1.7853942262e+03 1.9378634912e+02 -4.6638892589e+09 -1.0016128085e+07 1.9279985030e+06 3.6000000000e+03 0.0000000000e+00 -0.0000000000e+00
9.5160000000e+04 3.5875131415e-14 1.2547579466e-15 1.7682005490e+08 2.0702932129e+07 9.2578806507e-19 5.4013348486e-20 -1.8288158129e+03 1.8887421010e+02 -4.6638892460e+09 -1.0016128085e+07 1.9279985030e+06 3.6000000000e+03 0.0000000000e+00 -0.0000000000e+00
9.8760000000e+04 3.9326010415e-14 1.4633600190e-15 1.7015338307e+08 2.1372934839e+07 9.9218365150e-19 6.2070128452e-20 -1.8754645708e+03 1.8321361129e+02 -4.6638892281e+09 -1.0016128085e+07 1.9279985030e+06 3.6000000000e+03 0.0000000000e+00 -0.0000000000e+00
1.0236000000e+05 4.3025152009e-14 1.7031888250e-15 1.6331228487e+08 2.2020998013e+07 1.0638327133e-18 7.1400419108e-20 -1.9258043587e+03 1.7665825884e+02 -4.6638892029e+09 -1.0016128085e+07 1.9279985030e+06 3.6000000000e+03 0.0000000000e+00 -0.0000000000e+00
1.0596000000e+05 4.6992868676e-14 1.9792855408e-15 1.5628248899e+08 2.2643579780e+07 1.1415404222e-18 8.2268684667e-20 -1.9804008808e+03 1.6902234332e+02 -4.6638891667e+09 -1.0016128085e+07 1.9279985030e+06 3.6000000000e+03 0.0000000000e+00 -0.0000000000e+00
1.0956000000e+05 5.1252696598e-14 2.2977737571e-15 1.4904745917e+08 2.3236377778e+07 1.2263012147e-18 9.5015820981e-20 -2.0399528164e+03 1.6006635531e+02 -4.6638891132e+09 -1.0016128085e+07 1.9279985030e+06 3.6000000000e+03 0.0000000000e+00 -0.0000000000e+00
1.1316000000e+05 5.5832182502e-14 2.6661843280e-15 1.4158784141e+08 2.3794100917e+07 1.3193610217e-18 1.1008869099e-19 -2.1053355420e+03 1.4947633417e+02 -4.6638890321e+09 -1.0016128085e+07 1.9279985030e+06 3.3315705182e+03 0.0000000000e+00 -0.0000000000e+00
1.1615573016e+05 5.9909953502e-14 3.0175025511e-15 1.3519277490e+08 2.4226770427e+07 1.4042558063e-18 1.2482825380e-19 -2.1649816189e+03 1.3912049075e+02 -4.6638889833e+09 -1.0016128085e+07 1.9279985030e+06 3.0151099818e+03 0.0000000000e+00 -0.0000000000e+00
1.1917084014e+05 6.4282718008e-14 3.4193090733e-15 1.2856761285e+08 2.4628363248e+07 1.4977740810e-18 1.4216409281e-19 -2.2306864584e+03 1.2694053421e+02 -4.6638889079e+09 -1.0016128085e+07 1.9279985030e+06 2.7228848892e+03 0.0000000000e+00 -0.0000000000e+00
1.2161786747e+05 6.8047817076e-14 3.7867096953e-15 1.2303879981e+08 2.4925274839e+07 1.5806373921e-18 1.5849349822e-19 -2.2889052459e+03 1.1546768608e+02 -4.6638888688e+09 -1.0016128085e+07 1.9279985030e+06 2.4636194389e+03 0.0000000000e+00 -0.0000000000e+00
1.2408148691e+05 7.2052118285e-14 4.1999467883e-15 1.1732237456e+08 2.5193745741e+07 1.6714386894e-18 1.7743943066e-19 -2.3527011692e+03 1.0215649684e+02 -4.6638888097e+09 -1.0016128085e+07 1.9279985030e+06 2.2236743302e+03 0.0000000000e+00 -0.0000000000e+00
1.2607664887e+05 7.5465521561e-14 4.5711281325e-15 1.1257312255e+08 2.5385507422e+07 1.7512508529e-18 1.9500727358e-19 -2.4087762563e+03 8.9813537084e+01 -4.6638887802e+09 -1.0016128085e+07 1.9279985030e+06 2.0100559109e+03 0.0000000000e+00 -0.0000000000e+00
1.2788438711e+05 7.8700879161e-14 4.9395782389e-15 1.0816981744e+08 2.5536675962e+07 1.8291485351e-18 2.1298487578e-19 -2.4635062513e+03 7.7182685284e+01 -4.6638887551e+09 -1.0016128085e+07 1.9279985030e+06 1.8217275451e+03 0.0000000000e+00 -0.0000000000e+00
1.2951660862e+05 8.1747377050e-14 5.3018073644e-15 1.0410602625e+08 2.5652403996e+07 1.9046731832e-18 2.3120421043e-19 -2.5165689806e+03 6.4381995105e+01 -4.6638887344e+09 -1.0016128085e+07 1.9279985030e+06 1.6464171305e+03 0.0000000000e+00 -0.0000000000e+00
1.3098268323e+05 8.4592395357e-14 5.6539112741e-15 1.0037957444e+08 2.5737559891e+07 1.9772601163e-18 2.4945245933e-19 -2.5675677058e+03 5.1560990110e+01 -4.6638887181e+09 -1.0016128085e+07 1.9279985030e+06 1.4811530181e+03 0.0000000000e+00 -0.0000000000e+00
1.3228783412e+05 8.7217499419e-14 5.9910301093e-15 9.6997259156e+07 2.5796742864e+07 2.0461291917e-18 2.6743915180e-19 -2.6159543080e+03 3.8923751591e+01 -4.6638887060e+09 -1.0016128085e+07 1.9279985030e+06 1.3223384760e+03 0.0000000000e+00 -0.0000000000e+00
1.3343077197e+05 8.9592313545e-14 6.3064352570e-15 9.3981941294e+07 2.5834387913e+07 2.1101034990e-18 2.8473876377e-19 -2.6609019037e+03 2.6769247742e+01 -4.6638886979e+09 -1.0016128085e+07 1.9279985030e+06 1.1649968141e+03 0.0000000000e+00 -0.0000000000e+00
1.3439639709e+05 9.1657172098e-14 6.5889601625e-15 9.1393334217e+07 2.5854915566e+07 2.1670972020e-18 3.0063361202e-19 -2.7009450089e+03 1.5601714357e+01 -4.6638886935e+09 -1.0016128085e+07 1.9279985030e+06 1.0012291968e+03 0.0000000000e+00 -0.0000000000e+00
1.3511637275e+05 9.3233312868e-14 6.8099355327e-15 8.9437559965e+07 2.5862968165e+07 2.2115029357e-18 3.1333510428e-19 -2.7321439549e+03 6.6777953255e+00 -4.6638886923e+09 -1.0016128085e+07 1.9279985030e+06 8.2421497272e+02 0.0000000000e+00 -0.0000000000e+00
1.3585109432e+05 9.4875349364e-14 7.0451608843e-15 8.7418112053e+07 2.5864353609e+07 2.2586331308e-18 3.2712155639e-19 -2.7652570756e+03 -3.0084037316e+00 -4.6638886907e+09 -1.0016128085e+07 1.9279985030e+06 6.9820183781e+02 0.0000000000e+00 -0.0000000000e+00
1.3654929615e+05 9.6468495337e-14 7.2783759482e-15 8.5476047725e+07 2.5858867931e+07 2.3052418459e-18 3.4106667586e-19 -2.7980038105e+03 -1.2806080612e+01 -4.6638886892e+09 -1.0016128085e+07 1.9279985030e+06 8.6210358250e+02 0.0000000000e+00 -0.0000000000e+00
1.3741139974e+05 9.8481581030e-14 7.5802680832e-15 8.3045802117e+07 2.5842307294e+07 2.3654351188e-18 3.5953693746e-19 -2.8402948958e+03 -2.5783069111e+01 -4.6638886839e+09 -1.0016128085e+07 1.9279985030e+06 9.4470898296e+02 0.0000000000e+00 -0.0000000000e+00
1.3835610872e+05 1.0074879791e-13 7.9301695093e-15 8.0339667369e+07 2.5810752728e+07 2.4350534268e-18 3.8155153787e-19 -2.8892079000e+03 -4.1250268366e+01 -4.6638886734e+09 -1.0016128085e+07 1.9279985030e+06 9.8507655172e+02 0.0000000000e+00 -0.0000000000e+00
1.3934118527e+05 1.0318508695e-13 8.3182388722e-15 7.7467176656e+07 2.5761538126e+07 2.5121491928e-18 4.0675411900e-19 -2.9433744782e+03 -5.8957305369e+01 -4.6638886564e+09 -1.0016128085e+07 1.9279985030e+06 9.9995509812e+02 0.0000000000e+00 -0.0000000000e+00
1.4034114037e+05 1.0573840911e-13 8.7388726887e-15 7.4494927444e+07 2.5692818924e+07 2.5956568287e-18 4.3503891414e-19 -3.0020459607e+03 -7.8829869666e+01 -4.6638886320e+09 -1.0016128085e+07 1.9279985030e+06 9.9787000442e+02 0.0000000000e+00 -0.0000000000e+00
1.4133901037e+05 1.0837254918e-13 9.1883585614e-15 7.1468353527e+07 2.5603355658e+07 2.6849162431e-18 4.6641864598e-19 -3.0647585752e+03 -1.0087690009e+02 -4.6638885993e+09 -1.0016128085e+07 1.9279985030e+06 9.8393879467e+02 0.0000000000e+00 -0.0000000000e+00
1.4232294917e+05 1.1106029953e-13 9.6639674811e-15 6.8420529757e+07 2.5492378723e+07 2.7794860717e-18 5.0097437180e-19 -3.1312022242e+03 -1.2515534651e+02 -4.6638885572e+09 -1.0016128085e+07 1.9279985030e+06 9.6156556208e+02 0.0000000000e+00 -0.0000000000e+00
1.4328451473e+05 1.1378022467e-13 1.0163536978e-14 6.5376464254e+07 2.5359492597e+07 2.8790559496e-18 5.3883304190e-19 -3.2011588489e+03 -1.5175440272e+02 -4.6638885050e+09 -1.0016128085e+07 1.9279985030e+06 9.3316603263e+02 0.0000000000e+00 -0.0000000000e+00
1.4421768076e+05 1.1651491500e-13 1.0685255876e-14 6.2355490000e+07 2.5204602886e+07 2.9833995788e-18 5.8015636158e-19 -3.2744694552e+03 -1.8078768098e+02 -4.6638884418e+09 -1.0016128085e+07 1.9279985030e+06 9.0052738860e+02 0.0000000000e+00 -0.0000000000e+00
1.4511820815e+05 1.1924995158e-13 1.1227544141e-14 5.9372732808e+07 2.5027858173e+07 3.0923471045e-18 6.2513497790e-19 -3.3510147051e+03 -2.1238912765e+02 -4.6638883666e+09 -1.0016128085e+07 1.9279985030e+06 8.6500773381e+02 0.0000000000e+00 -0.0000000000e+00
1.4598321588e+05 1.2197324613e-13 1.1788982254e-14 5.6440080654e+07 2.4829602315e+07 3.2057675877e-18 6.7398546605e-19 -3.4307026022e+03 -2.4671090590e+02 -4.6638882785e+09 -1.0016128085e+07 1.9279985030e+06 8.2765659198e+02 0.0000000000e+00 -0.0000000000e+00
1.4681087248e+05 1.2467459431e-13 1.2368268338e-14 5.3566861150e+07 2.4610334571e+07 3.3235571545e-18 7.2694892710e-19 -3.5134601661e+03 -2.8392241054e+02 -4.6638881765e+09 -1.0016128085e+07 1.9279985030e+06 7.8929287665e+02 0.0000000000e+00 -0.0000000000e+00
1.4760016535e+05 1.2734535763e-13 1.2964191714e-14 5.0760336790e+07 2.4370675875e+07 3.4456305134e-18 7.8429059207e-19 -3.5992274719e+03 -3.2420998974e+02 -4.6638880597e+09 -1.0016128085e+07 1.9279985030e+06 7.5055822603e+02 0.0000000000e+00 -0.0000000000e+00
1.4835072358e+05 1.2997822664e-13 1.3575616585e-14 4.8026080191e+07 2.4111340087e+07 3.5719145421e-18 8.4630010628e-19 -3.6879531448e+03 -3.6777714490e+02 -4.6638879270e+09 -1.0016128085e+07 1.9279985030e+06 7.1195516744e+02 0.0000000000e+00 -0.0000000000e+00
1.4906267875e+05 1.3256703786e-13 1.4201472184e-14 4.5368266688e+07 2.3833109365e+07 3.7023431740e-18 9.1329231241e-19 -3.7795907671e+03 -4.1484508078e+02 -4.6638877774e+09 -1.0016128085e+07 1.9279985030e+06 6.7387543599e+02 0.0000000000e+00 -0.0000000000e+00
1.4973655418e+05 1.3510662725e-13 1.4840747136e-14 4.2789907805e+07 2.3536812991e+07 3.8368530945e-18 9.8560842992e-19 -3.8740958547e+03 -4.6565353417e+02 -4.6638876098e+09 -1.0016128085e+07 1.9279985030e+06 6.3662161148e+02 0.0000000000e+00 -0.0000000000e+00
1.5037317579e+05 1.3759270970e-13 1.5492486622e-14 4.0293040986e+07 2.3223309144e+07 3.9753799273e-18 1.0636175761e-18 -3.9714231777e+03 -5.2046184252e+02 -4.6638874231e+09 -1.0016128085e+07 1.9279985030e+06 6.0042403338e+02 0.0000000000e+00 -0.0000000000e+00
1.5097359983e+05 1.4002177746e-13 1.6155791456e-14 3.7878886083e+07 2.2893469164e+07 4.1178546797e-18 1.1477186028e-18 -4.0715242626e+03 -5.7955023444e+02 -4.6638872160e+09 -1.0016128085e+07 1.9279985030e+06 5.6545427006e+02 0.0000000000e+00 -0.0000000000e+00
1.5153905410e+05 1.4239101293e-13 1.6829818467e-14 3.5547975892e+07 2.2548163949e+07 4.2642002771e-18 1.2383422441e-18 -4.1743449576e+03 -6.4322133867e+02 -4.6638869875e+09 -1.0016128085e+07 1.9279985030e+06 5.3183599218e+02 0.0000000000e+00 -0.0000000000e+00
1.5207089009e+05 1.4469821254e-13 1.7513781824e-14 3.3300266066e+07 2.2188252164e+07 4.4143280465e-18 1.3359535845e-18 -4.2798229622e+03 -7.1180191808e+02 -4.6638867363e+09 -1.0016128085e+07 1.9279985030e+06 4.9965385435e+02 0.0000000000e+00 -0.0000000000e+00
1.5257054394e+05 1.4694171963e-13 1.8206955065e-14 3.1135228262e+07 2.1814569963e+07 4.5681340276e-18 1.4410548715e-18 -4.3878852351e+03 -7.8564484581e+02 -4.6638864612e+09 -1.0016128085e+07 1.9279985031e+06 4.6896080231e+02 0.0000000000e+00 -0.0000000000e+00
1.5303950475e+05 1.4912036463e-13 1.8908673686e-14 2.9051929506e+07 2.1427921977e+07 4.7254949959e-18 1.5541887068e-18 -4.4984452001e+03 -8.6513134754e+02 -4.6638861608e+09 -1.0016128085e+07 1.9279985030e+06 4.3978412654e+02 0.0000000000e+00 -0.0000000000e+00
1.5347928887e+05 1.5123341156e-13 1.9618338249e-14 2.7049100049e+07 2.1029073314e+07 4.8862640779e-18 1.6759416658e-18 -4.6113996657e+03 -9.5067354414e+02 -4.6638858339e+09 -1.0016128085e+07 1.9279985030e+06 4.1213050124e+02 0.0000000000e+00 -0.0000000000e+00
1.5389141937e+05 1.5328050985e-13 2.0335417989e-14 2.5125191476e+07 2.0618742348e+07 5.0502658305e-18 1.8069484060e-18 -4.7266253676e+03 -1.0427173386e+03 -4.6638854792e+09 -1.0016128085e+07 1.9279985030e+06 3.8599019087e+02 0.0000000000e+00 -0.0000000000e+00
1.5427740957e+05 1.5526165099e-13 2.1059454994e-14 2.3278426521e+07 2.0197594055e+07 5.2172906365e-18 1.9478963461e-18 -4.8439750313e+03 -1.1417457031e+03 -4.6638850955e+09 -1.0016128085e+07 1.9279985030e+06 3.6134057241e+02 0.0000000000e+00 -0.0000000000e+00
1.5463875014e+05 1.5717712947e-13 2.1790069062e-14 2.1506841708e+07 1.9766233687e+07 5.3870882419e-18 2.0995310154e-18 -4.9632728313e+03 -1.2482824378e+03 -4.6638846815e+09 -1.0016128085e+07 1.9279985030e+06 3.3814909200e+02 0.0000000000e+00 -0.0000000000e+00
1.5497689923e+05 1.5902750757e-13 2.2526963391e-14 1.9808323752e+07 1.9325200512e+07 5.5593602217e-18 2.2626622029e-18 -5.0843090975e+03 -1.3628964909e+03 -4.6638842361e+09 -1.0016128085e+07 1.9279985030e+06 3.1637575141e+02 0.0000000000e+00 -0.0000000000e+00
1.5529327498e+05 1.6081358387e-13 2.3269931348e-14 1.8180640490e+07 1.8874961375e+07 5.7337511079e-18 2.4381710692e-18 -5.2068340825e+03 -1.4862069556e+03 -4.6638837582e+09 -1.0016128085e+07 1.9279985030e+06 2.9597520732e+02 0.0000000000e+00 -0.0000000000e+00
1.5558925019e+05 1.6253636515e-13 2.4018864611e-14 1.6621466915e+07 1.8415903764e+07 5.9098378440e-18 2.6270184313e-18 -5.3305505517e+03 -1.6188888904e+03 -4.6638832468e+09 -1.0016128085e+07 1.9279985030e+06 2.7689855175e+02 0.0000000000e+00 -0.0000000000e+00
1.5586614874e+05 1.6419704152e-13 2.4773763109e-14 1.5128406838e+07 1.7948328019e+07 6.0871171284e-18 2.8302544934e-18 -5.4551048913e+03 -1.7616801567e+03 -4.6638827013e+09 -1.0016128085e+07 1.9279985030e+06 2.5909483693e+02 0.0000000000e+00 -0.0000000000e+00
1.5612524358e+05 1.6579696478e-13 2.5534747310e-14 1.3699010514e+07 1.7472438232e+07 6.2649900748e-18 3.0490303798e-18 -5.5800763308e+03 -1.9153895206e+03 -4.6638821212e+09 -1.0016128085e+07 1.9279985030e+06 2.4251239973e+02 0.0000000000e+00 -0.0000000000e+00
1.5636775598e+05 1.6733762985e-13 2.6302073614e-14 1.2330788504e+07 1.6988331274e+07 6.4427434280e-18 3.2846119446e-18 -5.7049637455e+03 -2.0809063565e+03 -4.6638815065e+09 -1.0016128085e+07 1.9279985030e+06 2.2710003900e+02 0.0000000000e+00 -0.0000000000e+00
1.5659485602e+05 1.6882065950e-13 2.7076153867e-14 1.1021221900e+07 1.6495983187e+07 6.6195262996e-18 3.5383964931e-18 -5.8291693113e+03 -2.2592123946e+03 -4.6638808577e+09 -1.0016128085e+07 1.9279985030e+06 2.1280810345e+02 0.0000000000e+00 -0.0000000000e+00
1.5680766412e+05 1.7024779229e-13 2.7857580419e-14 9.7677689294e+06 1.5995231932e+07 6.7943209981e-18 3.8119332815e-18 -5.9519780100e+03 -2.4513961240e+03 -4.6638801758e+09 -1.0016128085e+07 1.9279985030e+06 1.9958954928e+02 0.0000000000e+00 -0.0000000000e+00
1.5700725367e+05 1.7162087426e-13 2.8647158726e-14 8.5678677522e+06 1.5485755074e+07 6.9659059498e-18 4.1069489907e-18 -6.0725315785e+03 -2.6586706905e+03 -4.6638794631e+09 -1.0016128085e+07 1.9279985030e+06 1.8740104139e+02 0.0000000000e+00 -0.0000000000e+00
1.5719465471e+05 1.7294185461e-13 2.9445950337e-14 7.4189351105e+06 1.4967040418e+07 7.1328078387e-18 4.4253798511e-18 -6.1897948821e+03 -2.8823964668e+03 -4.6638787227e+09 -1.0016128085e+07 1.9279985030e+06 1.7620419250e+02 0.0000000000e+00 -0.0000000000e+00
1.5737085890e+05 1.7421278618e-13 3.0255330445e-14 6.3183601587e+06 1.4438346702e+07 7.2932387513e-18 4.7694128015e-18 -6.3025117538e+03 -3.1241099703e+03 -4.6638779598e+09 -1.0016128085e+07 1.9279985030e+06 1.6596707139e+02 0.0000000000e+00 -0.0000000000e+00
1.5753682597e+05 1.7543583172e-13 3.1077066154e-14 5.2634924578e+06 1.3898650068e+07 7.4450120043e-18 5.1415391223e-18 -6.4091458558e+03 -3.3855615453e+03 -4.6638771815e+09 -1.0016128085e+07 1.9279985030e+06 1.5666616601e+02 0.0000000000e+00 -0.0000000000e+00
1.5769349214e+05 1.7661327737e-13 3.1913424815e-14 4.2516226036e+06 1.3346569858e+07 7.5854268983e-18 5.5446255543e-18 -6.5077997085e+03 -3.6687653303e+03 -4.6638763984e+09 -1.0016128085e+07 1.9279985031e+06 1.4828907767e+02 0.0000000000e+00 -0.0000000000e+00
1.5784178122e+05 1.7774755504e-13 3.2767326778e-14 3.2799533489e+06 1.2780263810e+07 7.7111069125e-18 5.9820102421e-18 -6.5961010078e+03 -3.9760666662e+03 -4.6638756248e+09 -1.0016128085e+07 1.9279985031e+06 1.4083834274e+02 0.0000000000e+00 -0.0000000000e+00
1.5798261956e+05 1.7884127588e-13 3.3642564919e-14 2.3455585538e+06 1.2197277215e+07 7.8177659954e-18 6.4576341049e-18 -6.6710384246e+03 -4.3102343966e+03 -4.6638748811e+09 -1.0016128085e+07 1.9279985031e+06 1.3009793872e+02 0.0000000000e+00 -0.0000000000e+00
1.5809131866e+05 1.7969491342e-13 3.4366614333e-14 1.6177153235e+06 1.1713224109e+07 7.8861476524e-18 6.8718475499e-18 -6.7190825724e+03 -4.6012558900e+03 -4.6638746416e+09 -1.0016128085e+07 1.9279985030e+06 1.1141258536e+02 0.0000000000e+00 -0.0000000000e+00
1.5818319607e+05 1.8042160072e-13 3.5015478214e-14 9.9888797987e+05 1.1278179921e+07 7.9299623669e-18 7.2586623036e-18 -6.7498662753e+03 -4.8730273852e+03 -4.6638745290e+09 -1.0016128085e+07 1.9279985030e+06 9.5022838294e+01 6.4227927911e-293 -4.5449768052e-285
1.5825634671e+05 1.8100258343e-13 3.5558544606e-14 5.0449798493e+05 1.0913220137e+07 7.9525113155e-18 7.5933748277e-18 -6.7657089013e+03 -5.1081924668e+03 -4.6638744916e+09 -1.0016128085e+07 1.9279985030e+06 7.8865183925e+01 4.6862711674e-269 -3.3768787847e-261
1.5829913546e+05 1.8134302706e-13 3.5887866026e-14 2.1488539893e+05 1.0691548270e+07 7.9593967500e-18 7.8010318051e-18 -6.7705465266e+03 -5.2540898161e+03 -4.6638744889e+09 -1.0016128085e+07 1.9279985030e+06 6.4280866130e+01 3.5512405967e-255 -2.5869163594e-247
1.5836341633e+05 1.8185473074e-13 3.6399797775e-14 -2.2037810591e+05 1.0346451447e+07 7.9591989250e-18 8.1305346527e-18 -6.7704075371e+03 -5.4855946404e+03 -4.6638744702e+09 -1.0016128085e+07 1.9279985030e+06 6.2784073106e+01 1.8176258364e-234 -1.3462651076e-226
1.5842620040e+05 1.8235406183e-13 3.6920928869e-14 -6.4518499763e+05 9.9945517653e+06 7.9444684098e-18 8.4738493194e-18 -6.7600580504e+03 -5.7268034861e+03 -4.6638744551e+09 -1.0016128085e+07 1.9279985030e+06 7.5369326252e+01 1.9083476627e-214 -1.4371314307e-206
1.5850156973e+05 1.8295146456e-13 3.7576038952e-14 -1.1537259318e+06 9.5513746517e+06 7.9035541427e-18 8.9156877700e-18 -6.7313121676e+03 -6.0372339835e+03 -4.6638744251e+09 -1.0016128085e+07 1.9279985030e+06 8.2088353905e+01 9.3672915700e-191 -7.1994630320e-183
1.5858365808e+05 1.8359724199e-13 3.8328972267e-14 -1.7041718412e+06 9.0409921187e+06 7.8232375949e-18 9.4356372865e-18 -6.6748827061e+03 -6.4025443967e+03 -4.6638743905e+09 -1.0016128085e+07 1.9279985030e+06 8.6302410717e+01 1.6880390847e-165 -1.3270976694e-157
1.5866996049e+05 1.8426699690e-13 3.9168482305e-14 -2.2764297645e+06 8.4707376441e+06 7.6882166126e-18 1.0027139474e-17 -6.5800185524e+03 -6.8181268749e+03 -4.6638743378e+09 -1.0016128085e+07 1.9279985030e+06 8.9992084150e+01 9.6231591392e-140 -7.7505916289e-132
1.5875995257e+05 1.8495000231e-13 4.0100416532e-14 -2.8623451210e+06 7.8363839268e+06 7.4777838241e-18 1.0692366368e-17 -6.4321709509e+03 -7.2855074644e+03 -4.6638741617e+09 -1.0016128085e+07 1.9279985030e+06 9.5332613930e+01 5.2028554840e-114 -4.2979858901e-106
1.5885528519e+05 1.8564849856e-13 4.1155315439e-14 -3.4654372748e+06 7.1168480283e+06 7.1575529417e-18 1.1446262722e-17 -6.2071805003e+03 -7.8151861735e+03 -4.6638734254e+09 -1.0016128085e+07 1.9279985030e+06 1.0799046654e+02 2.3030468163e-88 -1.9537317395e-80
1.5896327565e+05 1.8639532599e-13 4.2439658480e-14 -4.1174019506e+06 6.2389784776e+06 6.6444874583e-18 1.2346021827e-17 -5.8467067278e+03 -8.4473463353e+03 -4.6638695888e+09 -1.0016128085e+07 1.9279985030e+06 9.8012743514e+01 6.6444061069e-62 -5.8021240914e-54
1.5904930946e+05 1.8694447085e-13 4.3533274715e-14 -4.6046041580e+06 5.4901310540e+06 6.0996659599e-18 1.3076829682e-17 -5.4639215527e+03 -8.9608033362e+03 -4.6638667637e+09 -1.0016128085e+07 1.9279985030e+06 8.6073961125e+01 2.6426207227e-43 -2.3574737769e-35
1.5913538342e+05 1.8744120463e-13 4.4689890211e-14 -5.0550302690e+06 4.6970301980e+06 5.4189777274e-18 1.3793008858e-17 -4.9856780086e+03 -9.4639823997e+03 -4.6638620583e+09 -1.0016128085e+07 1.9279985030e+06 7.8686963277e+01 2.2034360967e-27 -2.0034469623e-19
1.5921407039e+05 1.8783903438e-13 4.5799702484e-14 -5.4272629728e+06 3.9351371924e+06 4.6731402546e-18 1.4406107830e-17 -4.4616613748e+03 -9.8947385242e+03 -4.6638579376e+09 -1.0016128085e+07 1.9279985030e+06 7.3692831298e+01 1.4237034693e-15 -1.3135110662e-07
1.5927802221e+05 1.8811620494e-13 4.6735612903e-14 -5.6973585241e+06 3.2920833089e+06 3.9829622458e-18 1.4854016186e-17 -3.9767504255e+03 -1.0209433666e+04 -4.6638563292e+09 -1.0016128084e+07 1.9279985048e+06 6.4820667361e+01 3.8165258037e-08 -3.5543724060e+00
1.5930920191e+05 1.8823479631e-13 4.7201863163e-14 -5.8174205892e+06 2.9715736475e+06 3.6214258523e-18 1.5050635926e-17 -3.7227391597e+03 -1.0347576247e+04 -4.6638696726e+09 -1.0016127668e+07 1.9279996494e+06 5.3657739853e+01 2.7865819688e-05 -2.6047124610e+03
1.5932617720e+05 1.8829455312e-13 4.7458209106e-14 -5.8794081526e+06 2.7953184116e+06 3.4183162488e-18 1.5150768982e-17 -3.5800356569e+03 -1.0417925437e+04 -4.6641785484e+09 -1.0016118446e+07 1.9280261424e+06 2.9786631112e+01 6.1243438099e-04 -5.7345331473e+04
1.5934199579e+05 1.8834710435e-13 4.7698579937e-14 -5.9349700580e+06 2.6300249844e+06 3.2253417037e-18 1.5239381415e-17 -3.4444394117e+03 -1.0480139681e+04 -4.6685068163e+09 -1.0015994345e+07 1.9283985225e+06 1.8940901285e+01 7.8966930210e-03 -7.4046577989e+05
1.5935485842e+05 1.8838756793e-13 4.7895042868e-14 -5.9785555895e+06 2.4949118877e+06 3.0659495705e-18 1.5307946279e-17 -3.3323611471e+03 -1.0528028195e+04 -4.6965277219e+09 -1.0015218915e+07 1.9308155231e+06 1.3693601077e+01 5.0063290878e-02 -4.6991418330e+06
1.5936564212e+05 1.8841990227e-13 4.8060417635e-14 -6.0139778426e+06 2.3811758164e+06 2.9307065606e-18 1.5362934082e-17 -3.2369905459e+03 -1.0565532613e+04 -4.8075691941e+09 -1.0012240061e+07 1.9404151230e+06 1.1039153732e+01 2.0025829990e-01 -1.8809729662e+07
1.5937512150e+05 1.8844711547e-13 4.8206270251e-14 -6.0442594648e+06 2.2808784548e+06 2.8106731354e-18 1.5409341645e-17 -3.1516524214e+03 -1.0594803677e+04 -5.1347167309e+09 -1.0003705617e+07 1.9687570490e+06 9.5684434370e+00 5.9884102335e-01 -5.6264629973e+07
1.5938468995e+05 1.8847342545e-13 4.8353930339e-14 -6.0739945427e+06 2.1793884321e+06 2.6884819445e-18 1.5454314765e-17 -3.0630336638e+03 -1.0616928018e+04 -6.0619129437e+09 -9.9801719699e+06 2.0492796226e+06 8.7093707087e+00 1.6071036559e+00 -1.5094649125e+08
1.5939339932e+05 1.8849635298e-13 4.8488699874e-14 -6.1003067704e+06 2.0868791292e+06 2.5764119103e-18 1.5493586997e-17 -2.9784122681e+03 -1.0623800237e+04 -8.0834935752e+09 -9.9301723502e+06 2.2253995327e+06 8.3269254427e+00 3.5520679130e+00 -3.3312699479e+08
1.5940172624e+05 1.8851735796e-13 4.8617864911e-14 -6.1247506885e+06 1.9984604420e+06 2.4685509431e-18 1.5529630848e-17 -2.8913837177e+03 -1.0608379527e+04 -1.2040864199e+10 -9.8345753682e+06 2.5717294424e+06 8.4181295807e+00 6.8850058107e+00 -6.4347616458e+08
1.5941014437e+05 1.8853767724e-13 4.8748743441e-14 -6.1486884170e+06 1.9093437025e+06 2.3588454988e-18 1.5564559219e-17 -2.7938936546e+03 -1.0556820914e+04 -1.9379543487e+10 -9.6610707457e+06 3.2185698877e+06 9.0208784370e+00 1.2178612024e+01 -1.1304467781e+09
1.5941916525e+05 1.8855842326e-13 4.8889311933e-14 -6.1733668150e+06 1.8145735446e+06 2.2405977987e-18 1.5600293066e-17 -2.6746244190e+03 -1.0442758194e+04 -3.2641586904e+10 -9.3534575078e+06 4.4015055406e+06 8.6783909131e+00 2.0041986854e+01 -1.8364189242e+09
1.5942638173e+05 1.8857424970e-13 4.9001990350e-14 -6.1922835480e+06 1.7397106678e+06 2.1455300539e-18 1.5627616819e-17 -2.5659776073e+03 -1.0296197280e+04 -4.8184034280e+10 -8.9977041804e+06 5.8104507614e+06 7.4227309861e+00 2.7430862713e+01 -2.4741140654e+09
1.5943275516e+05 1.8858765565e-13 4.9101666280e-14 -6.2083045341e+06 1.6746210987e+06 2.0612465661e-18 1.5650821585e-17 -2.4599203708e+03 -1.0122104550e+04 -6.5706896106e+10 -8.5995586590e+06 7.4288178339e+06 6.4624151376e+00 3.4050176634e+01 -3.0148769537e+09
1.5943921757e+05 1.8860069937e-13 4.9202882050e-14 -6.2238302353e+06 1.6098900713e+06 1.9755017991e-18 1.5673473044e-17 -2.3436772196e+03 -9.9044429217e+03 -8.6730700590e+10 -8.1235596223e+06 9.4142161848e+06 5.8398533719e+00 4.0123280463e+01 -3.4711707614e+09
1.5944505743e+05 1.8861200920e-13 4.9294470762e-14 -6.2371951830e+06 1.5527011357e+06 1.8977898184e-18 1.5693194653e-17 -2.2326924311e+03 -9.6769595492e+03 -1.0791204362e+11 -7.6442848691e+06 1.1465602298e+07 5.4515555670e+00 4.4558360019e+01 -3.7613976893e+09
1.5945050898e+05 1.8862215695e-13 4.9380071827e-14 -6.2490762818e+06 1.5005737076e+06 1.8250650613e-18 1.5710976685e-17 -2.1256949384e+03 -9.4441417082e+03 -1.2888280447e+11 -7.1691184305e+06 1.3550748244e+07 5.1976465252e+00 4.7551807512e+01 -3.9127295635e+09
1.5945570663e+05 1.8863146247e-13 4.9461774785e-14 -6.2598561151e+06 1.4520921117e+06 1.7555776959e-18 1.5727377540e-17 -2.0221378681e+03 -9.2094609427e+03 -1.4936632761e+11 -6.7038618790e+06 1.5643480655e+07 5.0153634733e+00 4.9325356972e+01 -3.9531918348e+09
1.5946072199e+05 1.8864009891e-13 4.9540691934e-14 -6.2697466610e+06 1.4064864079e+06 1.6883985978e-18 1.5742703023e-17 -1.9220210644e+03 -8.9762018053e+03 -1.6911406700e+11 -6.2540626211e+06 1.7717707107e+07 4.8757762096e+00 5.0105664797e+01 -3.9096049999e+09
1.5946559777e+05 1.8864817172e-13 4.9617485214e-14 -6.2788821324e+06 1.3632788865e+06 1.6229765034e-18 1.5757142085e-17 -1.8254612322e+03 -8.7470361461e+03 -1.8794574001e+11 -5.8240047958e+06 1.9751845290e+07 4.7658076108e+00 5.0117250833e+01 -3.8064878954e+09
1.5947036358e+05 1.8865575393e-13 4.9692613499e-14 -6.2873597447e+06 1.3221249270e+06 1.5589297705e-18 1.5770827872e-17 -1.7324999454e+03 -8.5238115087e+03 -2.0576181293e+11 -5.4163209465e+06 2.1730986225e+07 4.6793405234e+00 4.9567646349e+01 -3.6647263267e+09
1.5947504292e+05 1.8866290139e-13 4.9766441227e-14 -6.2952566531e+06 1.2827465159e+06 1.4959549412e-18 1.5783864091e-17 -1.6430537257e+03 -8.3075698879e+03 -2.2253402575e+11 -5.0321137593e+06 2.3646892305e+07 4.6128817652e+00 4.8636213298e+01 -3.5009404214e+09
1.5947965580e+05 1.8866965871e-13 4.9839279233e-14 -6.3026364127e+06 1.2449082751e+06 1.4337925532e-18 1.5796335558e-17 -1.5569332609e+03 -8.0986981953e+03 -2.3828625337e+11 -4.6713235899e+06 2.5496781293e+07 4.5637299173e+00 4.7470012189e+01 -3.3276227651e+09
1.5948421953e+05 1.8867606167e-13 4.9911396907e-14 -6.3095514975e+06 1.2084100193e+06 1.3722171946e-18 1.5808312363e-17 -1.4738830814e+03 -7.8971097190e+03 -2.5307531468e+11 -4.3331251060e+06 2.7281808823e+07 4.5293998749e+00 4.6185234423e+01 -3.1537362156e+09
1.5948874893e+05 1.8868213846e-13 4.9983025338e-14 -6.3160447150e+06 1.1730838561e+06 1.3110351225e-18 1.5819852017e-17 -1.3936174989e+03 -7.7023993093e+03 -2.6697612138e+11 -4.0162469897e+06 2.9005762117e+07 4.5075437550e+00 4.4871503269e+01 -2.9854539976e+09
1.5949325647e+05 1.8868791066e-13 5.0054359265e-14 -6.3221504497e+06 1.1387916294e+06 1.2500828330e-18 1.5831001140e-17 -1.3158457101e+03 -7.5139555873e+03 -2.8007175058e+11 -3.7191938572e+06 3.0674116317e+07 4.4960067009e+00 4.3596993595e+01 -2.8268534708e+09
1.5949775248e+05 1.8869339425e-13 5.0125559941e-14 -6.3278959097e+06 1.1054218549e+06 1.1892247906e-18 1.5841797105e-17 -1.2402867961e+03 -7.3310340738e+03 -2.9244744176e+11 -3.4403873175e+06 3.2293422684e+07 4.4928919478e+00 4.2413281449e+01 -2.6804896484e+09
1.5950224537e+05 1.8869860058e-13 5.0196759067e-14 -6.3333023381e+06 1.0728863023e+06 1.1283502020e-18 1.5852269643e-17 -1.1666774162e+03 -7.1528008587e+03 -3.0418728259e+11 -3.1782506320e+06 3.3870947010e+07 4.4966113100e+00 4.1359507910e+01 -2.5478386971e+09
1.5950674198e+05 1.8870353725e-13 5.0268063547e-14 -6.3383861369e+06 1.0411164856e+06 1.0673690446e-18 1.5862442382e-17 -1.0947747328e+03 -6.9783555676e+03 -3.1537260465e+11 -2.9312572946e+06 3.5414483583e+07 4.5059298671e+00 4.0465792187e+01 -2.4296277710e+09
1.5951124791e+05 1.8870820897e-13 5.0339560998e-14 -6.3431598775e+06 1.0100601947e+06 1.0062074343e-18 1.5872334301e-17 -1.0243562820e+03 -6.8067397248e+03 -3.2608143447e+11 -2.6979575991e+06 3.6932292786e+07 4.5200212460e+00 3.9755974384e+01 -2.3260738110e+09
1.5951576793e+05 1.8871261829e-13 5.0411326153e-14 -6.3476331962e+06 9.7967806290e+05 9.4480219541e-19 1.5881961119e-17 -9.5521774128e+02 -6.6369339693e+03 -3.3638860796e+11 -2.4769920899e+06 3.8433133064e+07 4.5385512110e+00 3.9249811627e+01 -2.2370520751e+09
1.5952030648e+05 1.8871676631e-13 5.0483428632e-14 -6.3518135840e+06 9.4994005456e+05 8.8309425097e-19 1.5891336673e-17 -8.8716895116e+02 -6.4678452946e+03 -3.4636634360e+11 -2.2670972180e+06 3.9926377604e+07 4.5618140627e+00 3.8964752795e+01 -2.1622108379e+09
1.5952486830e+05 1.8872065325e-13 5.0555942905e-14 -6.3557070856e+06 9.2082164826e+05 8.2102011411e-19 1.5900474363e-17 -8.2002802223e+02 -6.2982831934e+03 -3.5608521379e+11 -2.0671060675e+06 4.1422225753e+07 4.5909627524e+00 3.8917407788e+01 -2.1010441393e+09
1.5952945926e+05 1.8872427903e-13 5.0628961960e-14 -6.3593189258e+06 8.9229932841e+05 7.5850019829e-19 1.5909388813e-17 -7.5361274723e+02 -6.1269206172e+03 -3.6561559292e+11 -1.8759451672e+06 4.2932044742e+07 4.6284106997e+00 3.9124824759e+01 -2.0529303484e+09
1.5953408767e+05 1.8872764372e-13 5.0702617406e-14 -6.3626540849e+06 8.6434470505e+05 6.9542159210e-19 1.5918097968e-17 -6.8772757024e+02 -5.9522307229e+03 -3.7502984810e+11 -1.6926265990e+06 4.4468919920e+07 4.6785793391e+00 3.9605709726e+01 -2.0171405820e+09
1.5953876625e+05 1.8873074806e-13 5.0777111546e-14 -6.3657178647e+06 8.3691590188e+05 6.3161055441e-19 1.5926626139e-17 -6.2214233416e+02 -5.7723801454e+03 -3.8440589977e+11 -1.5162316095e+06 4.6048580068e+07 4.7494115552e+00 4.0381799430e+01 -1.9928170815e+09
1.5954351566e+05 1.8873359391e-13 5.0852773663e-14 -6.3685165334e+06 8.0994319060e+05 5.6678421781e-19 1.5935009030e-17 -5.5655419417e+02 -5.5850355020e+03 -3.9383361341e+11 -1.3458753017e+06 4.7691072162e+07 4.8558232890e+00 4.1479819073e+01 -1.9789162813e+09
1.5954837149e+05 1.8873618509e-13 5.0930171500e-14 -6.3710582968e+06 7.8330113131e+05 5.0045489940e-19 1.5943303469e-17 -4.9051054730e+02 -5.3869739193e+03 -4.0342778508e+11 -1.1806229928e+06 4.9424130004e+07 5.0290372949e+00 4.2935112913e+01 -1.9741009319e+09
1.5955340052e+05 1.8873852905e-13 5.1010371974e-14 -6.3733554112e+06 7.5674338338e+05 4.3170629835e-19 1.5951610088e-17 -4.2322492257e+02 -5.1731692847e+03 -4.1335922922e+11 -1.0192618281e+06 5.1291076525e+07 5.3497014055e+00 4.4800309350e+01 -1.9765380566e+09
1.5955818545e+05 1.8874043814e-13 5.1086717596e-14 -6.3752296099e+06 7.3249623045e+05 3.6624500859e-19 1.5959256106e-17 -3.6034871846e+02 -4.9599173712e+03 -4.2283073530e+11 -8.7574891565e+05 5.3149379810e+07 4.8236987408e+00 4.6904352510e+01 -1.9826665256e+09
1.5956247856e+05 1.8874188432e-13 5.1155246794e-14 -6.3766574514e+06 7.1163025149e+05 3.0747104717e-19 1.5965911453e-17 -3.0501230028e+02 -4.7591955516e+03 -4.3135473607e+11 -7.5638745866e+05 5.4895261011e+07 4.3194275322e+00 4.9043388267e+01 -1.9880304292e+09
1.5956679798e+05 1.8874308464e-13 5.1224224515e-14 -6.3778568106e+06 6.9152715327e+05 2.4829784298e-19 1.5972420517e-17 -2.5053816108e+02 -4.5472966446e+03 -4.3994731864e+11 -6.4673965089e+05 5.6735273848e+07 3.9632752632e+00 5.1395638103e+01 -1.9895581784e+09
1.5957076126e+05 1.8874396106e-13 5.1287539186e-14 -6.3787527675e+06 6.7390584266e+05 1.9396948223e-19 1.5978235084e-17 -2.0180946298e+02 -4.3434630232e+03 -4.4782406033e+11 -5.5699468744e+05 5.8502584223e+07 3.6875237433e+00 5.3676702832e+01 -1.9838514792e+09
1.5957444878e+05 1.8874458308e-13 5.1346469080e-14 -6.3794152953e+06 6.5825184460e+05 1.4339185900e-19 1.5983515702e-17 -1.5774807977e+02 -4.1454311367e+03 -4.5511556399e+11 -4.8452249605e+05 6.0217391109e+07 3.4719974935e+00 5.5840574890e+01 -1.9690317905e+09
1.5957792078e+05 1.8874499823e-13 5.1401972279e-14 -6.3798928682e+06 6.4419338629e+05 9.5744727473e-20 1.5988378996e-17 -1.1758199910e+02 -3.9515844486e+03 -4.6191174910e+11 -4.2765947990e+05 6.1894131551e+07 3.2965656943e+00 5.7844416869e+01 -1.9437652673e+09
1.5958121735e+05 1.8874523926e-13 5.1454686503e-14 -6.3802194935e+06 6.3147898374e+05 5.0482208758e-20 1.5992903664e-17 -8.0817621278e+01 -3.7611362153e+03 -4.6826290744e+11 -3.8547003016e+05 6.3539962853e+07 3.1500367786e+00 5.9643208971e+01 -1.9072131247e+09
1.5958436738e+05 1.8874533013e-13 5.1505071441e-14 -6.3804205975e+06 6.1992506241e+05 7.2108722527e-21 1.5997146834e-17 -4.7112754012e+01 -3.5737737159e+03 -4.7419840718e+11 -3.5739508001e+05 6.5157884305e+07 3.0254676239e+00 6.1193165639e+01 -1.8590309979e+09
1.5958659577e+05 1.8874531209e-13 5.1540722531e-14 -6.3804999089e+06 6.1211174409e+05 -2.3412059566e-20 1.6000103282e-17 -2.4206092239e+01 -3.4384075650e+03 -4.7829490126e+11 -3.4556860376e+05 6.6326152497e+07 2.4573620681e+00 6.2147706102e+01 -1.8164027230e+09
1.5958780566e+05 1.8874527370e-13 5.1560081902e-14 -6.3805218583e+06 6.0799656398e+05 -4.0042847767e-20 1.6001693367e-17 -1.2119575465e+01 -3.3640524191e+03 -4.8047690540e+11 -3.4215227832e+05 6.6967667225e+07 2.0571276805e+00 6.2605090706e+01 -1.7901694755e+09
1.5958960463e+05 1.8874517942e-13 5.1588870504e-14 -6.3805278417e+06 6.0204490276e+05 -6.4776246616e-20 1.6004038597e-17 5.3694585770e+00 -3.2525291328e+03 -4.8365934078e+11 -3.4120334689e+05 6.7929620870e+07 1.6946501232e+00 6.3193866985e+01 -1.7470914744e+09
1.5959129928e+05 1.8874504990e-13 5.1615993608e-14 -6.3805051731e+06 5.9662266528e+05 -8.8081340648e-20 1.6006227632e-17 2.1292160010e+01 -3.1465850492e+03 -4.8658250793e+11 -3.4503840626e+05 6.8843218497e+07 2.0808395041e+00 6.3637021901e+01 -1.7020730311e+09
1.5959338012e+05 1.8874483684e-13 5.1649302773e-14 -6.3804411766e+06 5.9021125039e+05 -1.1670513233e-19 1.6008889688e-17 4.0073455800e+01 -3.0156165630e+03 -4.9006183313e+11 -3.5633867596e+05 6.9972348431e+07 2.2425569267e+00 6.4015831239e+01 -1.6410460837e+09
1.5959562267e+05 1.8874454052e-13 5.1685206808e-14 -6.3803295331e+06 5.8360747274e+05 -1.4756298814e-19 1.6011728064e-17 5.9318439610e+01 -2.8738215979e+03 -4.9366194014e+11 -3.7703942849e+05 7.1194556414e+07 2.3099958269e+00 6.4198965406e+01 -1.5685532072e+09
1.5959793267e+05 1.8874416293e-13 5.1722197180e-14 -6.3801706899e+06 5.7713783814e+05 -1.7935900826e-19 1.6014620212e-17 7.8013863111e+01 -2.7276345415e+03 -4.9719261818e+11 -4.0801416090e+05 7.2454418303e+07 2.3316161645e+00 6.4122078310e+01 -1.4872715093e+09
1.5960026428e+05 1.8874370731e-13 5.1759540500e-14 -6.3799679564e+06 5.7094961737e+05 -2.1146299315e-19 1.6017508607e-17 9.5681280938e+01 -2.5806074171e+03 -5.0055896582e+11 -4.4956610709e+05 7.3721398354e+07 2.3283355380e+00 6.3754149503e+01 -1.3994185687e+09
1.5960259262e+05 1.8874317762e-13 5.1796837964e-14 -6.3797258372e+06 5.6511089505e+05 -2.4353206882e-19 1.6020363735e-17 1.1208703786e+02 -2.4350193254e+03 -5.0371057089e+11 -5.0163369319e+05 7.4975947962e+07 2.3103446005e+00 6.3085618048e+01 -1.3071075463e+09
1.5960490296e+05 1.8874257820e-13 5.1833853771e-14 -6.3794492652e+06 5.5965025386e+05 -2.7536334001e-19 1.6023169622e-17 1.2712716075e+02 -2.2924821080e+03 -5.0662148506e+11 -5.6388900014e+05 7.6204271067e+07 2.2831256088e+00 6.2123072174e+01 -1.2123961224e+09
1.5960718609e+05 1.8874191360e-13 5.1870439821e-14 -6.3791432090e+06 5.5457464444e+05 -3.0682922406e-19 1.6025917448e-17 1.4077475620e+02 -2.1541929183e+03 -5.0928105920e+11 -6.3579869840e+05 7.7396139196e+07 2.2499772888e+00 6.0885823456e+01 -1.1172363569e+09
1.5960943607e+05 1.8874118834e-13 5.1906500797e-14 -6.3788124401e+06 5.4987819001e+05 -3.3784747253e-19 1.6028602567e-17 1.5305286125e+02 -2.0210442017e+03 -5.1168912370e+11 -7.1667578529e+05 7.8543938816e+07 2.2131569361e+00 5.9402845091e+01 -1.0233961045e+09
1.5961164922e+05 1.8874040686e-13 5.1941977513e-14 -6.3784613754e+06 5.4554695325e+05 -3.6836688518e-19 1.6031223055e-17 1.6401829401e+02 -1.8936752474e+03 -5.1385299515e+11 -8.0573153924e+05 7.9642224480e+07 2.1743896612e+00 5.7709670987e+01 -9.3238648980e+08
1.5961382361e+05 1.8873957328e-13 5.1976838421e-14 -6.3780939714e+06 5.4156185533e+05 -3.9836001992e-19 1.6033778954e-17 1.7375043619e+02 -1.7725035834e+03 -5.1578527301e+11 -9.0212733133e+05 8.0687447453e+07 2.1350700344e+00 5.5845339633e+01 -8.4541429653e+08
1.5961595868e+05 1.8873869131e-13 5.2011074326e-14 -6.3777136638e+06 5.3790071387e+05 -4.2781866905e-19 1.6036271802e-17 1.8234250510e+02 -1.6577532931e+03 -5.1750203346e+11 -1.0050217982e+06 8.1677712210e+07 2.0963236631e+00 5.3849642143e+01 -7.6336644182e+08
1.5961805501e+05 1.8873776414e-13 5.2044694094e-14 -6.3773233504e+06 5.3453979419e+05 -4.5675017479e-19 1.6038704270e-17 1.8989450202e+02 -1.5494858710e+03 -5.1902131437e+11 -1.1136087767e+06 8.2612511994e+07 2.0590221710e+00 5.1760912367e+01 -6.8682424594e+08
1.5962011403e+05 1.8873679442e-13 5.2077720589e-14 -6.3769254126e+06 5.3145500749e+05 -4.8517394298e-19 1.6041079838e-17 1.9650766291e+02 -1.4476331416e+03 -5.2036189076e+11 -1.2271436527e+06 8.3492447087e+07 2.0237957702e+00 4.9614473153e+01 -6.1609922765e+08
1.5962213783e+05 1.8873578425e-13 5.2110186811e-14 -6.3765217625e+06 5.2862279953e+05 -5.1311812317e-19 1.6043402511e-17 2.0228036058e+02 -1.3520295653e+03 -5.2154234990e+11 -1.3449583666e+06 8.4318948492e+07 1.9910585608e+00 4.7441719458e+01 -5.5128037028e+08
1.5962412888e+05 1.8873473523e-13 5.2142132431e-14 -6.3761139044e+06 5.2602075890e+05 -5.4061663182e-19 1.6045676574e-17 2.0730533830e+02 -1.2624412975e+03 -5.2258045132e+11 -1.4664671497e+06 8.5094029474e+07 1.9610447153e+00 4.5269728119e+01 -4.9228409213e+08
1.5962608993e+05 1.8873364850e-13 5.2173600908e-14 -6.3757030003e+06 5.2362798623e+05 -5.6770667037e-19 1.6047906396e-17 2.1166805926e+02 -1.1785904508e+03 -5.2349273106e+11 -1.5911657317e+06 8.5820078165e+07 1.9338486299e+00 4.3121250162e+01 -4.3890092247e+08
1.5962802378e+05 1.8873252480e-13 5.2204637249e-14 -6.3752899331e+06 5.2142527560e+05 -5.9442679447e-19 1.6050096286e-17 2.1544591116e+02 -1.1001741496e+03 -5.2429429668e+11 -1.7186265717e+06 8.6499694749e+07 1.9094632140e+00 4.1014949062e+01 -3.9083568114e+08
1.5962993324e+05 1.8873136457e-13 5.2235286375e-14 -6.3748753619e+06 5.1939516032e+05 -6.2081550971e-19 1.6052250399e-17 2.1870801352e+02 -1.0268787398e+03 -5.2499875949e+11 -1.8484921091e+06 8.7135570093e+07 1.8878126980e+00 3.8965775563e+01 -3.4774007459e+08
1.5963182105e+05 1.8873016796e-13 5.2265592021e-14 -6.3744597699e+06 5.1752186841e+05 -6.4691031935e-19 1.6054372673e-17 2.2151541583e+02 -9.5838991333e+02 -5.2561825799e+11 -1.9804673926e+06 8.7730399340e+07 1.8687783849e+00 3.6985401433e+01 -3.0923794068e+08
1.5963368983e+05 1.8872893489e-13 5.2295596044e-14 -6.3740435033e+06 5.1579122426e+05 -6.7274712711e-19 1.6056466801e-17 2.2392152455e+02 -8.9439962046e+02 -5.2616353665e+11 -2.1143128844e+06 8.8286822960e+07 1.8522184346e+00 3.5082662346e+01 -2.7494404256e+08
1.5963554205e+05 1.8872766509e-13 5.2325338045e-14 -6.3736268033e+06 5.1419052163e+05 -6.9835991326e-19 1.6058536216e-17 2.2597264643e+02 -8.3461055037e+02 -5.2664405481e+11 -2.2498379073e+06 8.8807388605e+07 1.8379818742e+00 3.3263979856e+01 -2.4447752295e+08
1.5963738003e+05 1.8872635816e-13 5.2354855226e-14 -6.3732098307e+06 5.1270838609e+05 -7.2378060435e-19 1.6060584100e-17 2.2770857266e+02 -7.7873885672e+02 -5.2706810821e+11 -2.3868949015e+06 8.9294527964e+07 1.8259183797e+00 3.1533747288e+01 -2.1747113467e+08
1.5963920595e+05 1.8872501353e-13 5.2384182395e-14 -6.3727926863e+06 5.1133463768e+05 -7.4903907846e-19 1.6062613392e-17 2.2916315811e+02 -7.2651564689e+02 -5.2744295229e+11 -2.5253745327e+06 8.9750544179e+07 1.8158853381e+00 2.9894672977e+01 -1.9357722580e+08
1.5964102184e+05 1.8872363055e-13 5.2413352088e-14 -6.3723754258e+06 5.1006016016e+05 -7.7416326848e-19 1.6064626810e-17 2.3036486992e+02 -6.7768761240e+02 -5.2777492075e+11 -2.6652016450e+06 9.0177606602e+07 1.8077524833e+00 2.8348079241e+01 -1.7247128944e+08
1.5964282959e+05 1.8872220845e-13 5.2442394766e-14 -6.3719580718e+06 5.0887678027e+05 -7.9917932983e-19 1.6066626871e-17 2.3133729255e+02 -6.3201709304e+02 -5.2806953586e+11 -2.8063319711e+06 9.0577750380e+07 1.8014051856e+00 2.6894159123e+01 -1.5385373498e+08
1.5964463099e+05 1.8872074635e-13 5.2471339063e-14 -6.3715406231e+06 5.0777715836e+05 -8.2411185416e-19 1.6068615918e-17 2.3209958492e+02 -5.8928177420e+02 -5.2833160871e+11 -2.9487495212e+06 9.0952879183e+07 1.7967469952e+00 2.5532194081e+01 -1.3745038728e+08
1.5964642774e+05 1.8871924328e-13 5.2500212080e-14 -6.3711230611e+06 5.0675469069e+05 -8.4898411862e-19 1.6070596148e-17 2.3266689113e+02 -5.4927415595e+02 -5.2856532918e+11 -3.0924645818e+06 9.1304769872e+07 1.7937018057e+00 2.4260736443e+01 -1.2301210084e+08
1.5964822144e+05 1.8871769819e-13 5.2529039708e-14 -6.3707053552e+06 5.0580342258e+05 -8.7381836548e-19 1.6072569636e-17 2.3305070840e+02 -5.1180089109e+02 -5.2877434573e+11 -3.2375122572e+06 9.1635078291e+07 1.7922158306e+00 2.3077760622e+01 -1.1031378072e+08
1.5965001366e+05 1.8871610988e-13 5.2557846986e-14 -6.3702874655e+06 5.0491797193e+05 -8.9863610956e-19 1.6074538365e-17 2.3325921832e+02 -4.7668206046e+02 -5.2896183570e+11 -3.3839514906e+06 9.1945345601e+07 1.7922598873e+00 2.1980787073e+01 -9.9153027352e+07
1.5965180592e+05 1.8871447704e-13 5.2586658498e-14 -6.3698693449e+06 5.0409346182e+05 -9.2345847762e-19 1.6076504260e-17 2.3329758755e+02 -4.4375042605e+02 -5.2913056698e+11 -3.5318645342e+06 9.2237004818e+07 1.7938320005e+00 2.0966982511e+01 -8.9348562367e+07
1.5965359975e+05 1.8871279823e-13 5.2615498809e-14 -6.3694509392e+06 5.0332546130e+05 -9.4830658425e-19 1.6078469217e-17 2.3316824472e+02 -4.1285069157e+02 -5.2928295182e+11 -3.6813568411e+06 9.2511387287e+07 1.7969603649e+00 2.0033239802e+01 -8.0738549997e+07
1.5965539671e+05 1.8871107179e-13 5.2644392948e-14 -6.3690321869e+06 5.0260993352e+05 -9.7320194921e-19 1.6080435143e-17 2.3287113928e+02 -3.8383879078e+02 -5.2942109384e+11 -3.8325573568e+06 9.2769728952e+07 1.8017071235e+00 1.9176240657e+01 -7.3178895166e+07
1.5965719842e+05 1.8870929588e-13 5.2673366956e-14 -6.3686130166e+06 5.0194319009e+05 -9.9816696750e-19 1.6082403991e-17 2.3240398787e+02 -3.5658121027e+02 -5.2954682884e+11 -3.9856192330e+06 9.3013176344e+07 1.8081728901e+00 1.8392503847e+01 -6.6541572919e+07
1.5965900659e+05 1.8870746836e-13 5.2702448508e-14 -6.3681933437e+06 5.0132185112e+05 -1.0232254427e-18 1.6084377805e-17 2.3176251204e+02 -3.3095435298e+02 -5.2966176047e+11 -4.1407209914e+06 9.3242792254e+07 1.8165019801e+00 1.7678421508e+01 -6.0713026574e+07
1.5966082309e+05 1.8870558681e-13 5.2731667611e-14 -6.3677730659e+06 5.0074281026e+05 -1.0484031931e-18 1.6086358774e-17 2.3094067012e+02 -3.0684394686e+02 -5.2976729108e+11 -4.2980681730e+06 9.3459561051e+07 1.8268890364e+00 1.7030285997e+01 -5.5592658726e+07
1.5966264998e+05 1.8870364836e-13 5.2761057422e-14 -6.3673520570e+06 5.0020320405e+05 -1.0737287504e-18 1.6088349280e-17 2.2993088399e+02 -2.8414449380e+02 -5.2986464877e+11 -4.4578955833e+06 9.3664393703e+07 1.8307163191e+00 1.6444309261e+01 -5.1091427582e+07
1.5966448070e+05 1.8870165943e-13 5.2790512450e-14 -6.3669321885e+06 4.9970271648e+05 -1.0991111705e-18 1.6090342314e-17 2.2873054160e+02 -2.6285848728e+02 -5.2995449269e+11 -4.6196823068e+06 9.3857227160e+07 1.8303517801e+00 1.5919038163e+01 -4.7148403804e+07
1.5966631105e+05 1.8869962444e-13 5.2819965260e-14 -6.3665147759e+06 4.9924001664e+05 -1.1244922925e-18 1.6092333459e-17 2.2733804586e+02 -2.4294875796e+02 -5.3003756430e+11 -4.7830945813e+06 9.4038350975e+07 1.8301622893e+00 1.5451393224e+01 -4.3699200977e+07
1.5966814121e+05 1.8869754321e-13 5.2849418662e-14 -6.3661001333e+06 4.9881260937e+05 -1.1498744884e-18 1.6094323044e-17 2.2575029780e+02 -2.2432985878e+02 -5.3011471505e+11 -4.9481729137e+06 9.4208493421e+07 1.8299176530e+00 1.5036767640e+01 -4.0677143292e+07
1.5966997113e+05 1.8869541581e-13 5.2878871767e-14 -6.3656886317e+06 4.9841820757e+05 -1.1752569379e-18 1.6096311141e-17 2.2396556516e+02 -2.0692582467e+02 -5.3018667128e+11 -5.1149271292e+06 9.4368300624e+07 1.8293951602e+00 1.4670584341e+01 -3.8024058819e+07
1.5967180052e+05 1.8869324259e-13 5.2908320098e-14 -6.3652806927e+06 4.9805469774e+05 -1.2006357296e-18 1.6098297569e-17 2.2198400284e+02 -1.9066888961e+02 -5.3025405177e+11 -5.2833325527e+06 9.4518347520e+07 1.8283132705e+00 1.4348305315e+01 -3.5689163526e+07
1.5967362884e+05 1.8869102426e-13 5.2937754643e-14 -6.3648767959e+06 4.9772012262e+05 -1.2260030426e-18 1.6100281835e-17 2.1980819206e+02 -1.7549880745e+02 -5.3031738029e+11 -5.4533205381e+06 9.4659143253e+07 1.8263315953e+00 1.4065462042e+01 -3.3628201607e+07
1.5967545517e+05 1.8868876203e-13 5.2967160906e-14 -6.3644774839e+06 4.9741266332e+05 -1.2513463274e-18 1.6102263068e-17 2.1744362838e+02 -1.6136202054e+02 -5.3037709677e+11 -5.6247694261e+06 9.4791137870e+07 1.8230611722e+00 1.3817689781e+01 -3.1802694206e+07
1.5967727823e+05 1.8868645769e-13 5.2996518119e-14 -6.3640833629e+06 4.9713062025e+05 -1.2766476282e-18 1.6104239972e-17 2.1489911094e+02 -1.4821064493e+02 -5.3043356738e+11 -5.7974971929e+06 9.4914730631e+07 1.8180886154e+00 1.3600766122e+01 -3.0179283824e+07
1.5967909632e+05 1.8868411369e-13 5.3025798846e-14 -6.3636950971e+06 4.9687239259e+05 -1.3018832411e-18 1.6106210794e-17 2.1218697187e+02 -1.3600125953e+02 -5.3048709421e+11 -5.9712574550e+06 9.5030280155e+07 1.8110160274e+00 1.3410653360e+01 -2.8729159687e+07
1.5968090734e+05 1.8868173320e-13 5.3054969229e-14 -6.3633133928e+06 4.9663645675e+05 -1.3270239257e-18 1.6108173345e-17 2.0932307840e+02 -1.2469352135e+02 -5.3053792473e+11 -6.1457407176e+06 9.5138116287e+07 1.8015129274e+00 1.3243543264e+01 -2.7427548156e+07
1.5968270885e+05 1.8867932002e-13 5.3083990070e-14 -6.3629389727e+06 4.9642134529e+05 -1.3520358385e-18 1.6110125075e-17 2.0632655106e+02 -1.1424869122e+02 -5.3058626144e+11 -6.3205823434e+06 9.5238553070e+07 1.7893717151e+00 1.3095901724e+01 -2.6253253646e+07
1.5968449822e+05 1.8867687849e-13 5.3112818806e-14 -6.3625725396e+06 4.9622562843e+05 -1.3768822378e-18 1.6112063200e-17 2.0321917431e+02 -1.0462821192e+02 -5.3063227152e+11 -6.4953777424e+06 9.5331901627e+07 1.7745527533e+00 1.2964509629e+01 -2.5188237765e+07
1.5968627277e+05 1.8867441328e-13 5.3141412217e-14 -6.3622147356e+06 4.9604790104e+05 -1.4015258154e-18 1.6113984890e-17 2.0002453087e+02 -9.5792523079e+01 -5.3067609624e+11 -6.6697036571e+06 9.5418481320e+07 1.7572051803e+00 1.2846495659e+01 -2.4217228698e+07
1.5968802998e+05 1.8867192907e-13 5.3169729466e-14 -6.3618661011e+06 4.9588677705e+05 -1.4259313199e-18 1.6115887473e-17 1.9676695387e+02 -8.7700288018e+01 -5.3071785937e+11 -6.8431427346e+06 9.5498627539e+07 1.7376561342e+00 1.2739356887e+01 -2.3327357500e+07
1.5968976763e+05 1.8866943032e-13 5.3197734971e-14 -6.3615270423e+06 4.9574089213e+05 -1.4500680318e-18 1.6117768620e-17 1.9347043525e+02 -8.0308136210e+01 -5.3075767417e+11 -7.0153075864e+06 9.5572695043e+07 1.7163695863e+00 1.2640964282e+01 -2.2507821333e+07
1.5969148400e+05 1.8866692100e-13 5.3225400614e-14 -6.3611978117e+06 4.9560891352e+05 -1.4739116683e-18 1.6119626504e-17 1.9015763948e+02 -7.3570920740e+01 -5.3079564839e+11 -7.1858605472e+06 9.5641056655e+07 1.6938868226e+00 1.2549552400e+01 -2.1749576168e+07
1.5969317789e+05 1.8866440443e-13 5.3252706989e-14 -6.3608785039e+06 4.9548955417e+05 -1.4974454617e-18 1.6121459873e-17 1.8684913836e+02 -6.7442379430e+01 -5.3083188726e+11 -7.3545266214e+06 9.5704098139e+07 1.6707644392e+00 1.2463694908e+01 -2.1045061133e+07
1.5969484865e+05 1.8866188316e-13 5.3279643662e-14 -6.3605690661e+06 4.9538158815e+05 -1.5206603774e-18 1.6123268076e-17 1.8356292310e+02 -6.1876022017e+01 -5.3086649473e+11 -7.5210989278e+06 9.5762210763e+07 1.6475226430e+00 1.2382269449e+01 -2.0387955414e+07
1.5969649618e+05 1.8865935898e-13 5.3306208580e-14 -6.3602693181e+06 4.9528386404e+05 -1.5435546119e-18 1.6125051017e-17 1.8031419017e+02 -5.6826061046e+01 -5.3089957348e+11 -7.6854375260e+06 9.5815783152e+07 1.6246112890e+00 1.2304416281e+01 -1.9772967283e+07
1.5969812079e+05 1.8865683296e-13 5.3332406948e-14 -6.3599789775e+06 4.9519531475e+05 -1.5661326189e-18 1.6126809081e-17 1.7711535308e+02 -5.2248242613e+01 -5.3093122416e+11 -7.8474634991e+06 9.5865193771e+07 1.6023941478e+00 1.2229494981e+01 -1.9195653455e+07
1.5969972318e+05 1.8865430556e-13 5.3358249842e-14 -6.3596976868e+06 4.9511496284e+05 -1.5884039157e-18 1.6128543046e-17 1.7397621323e+02 -4.8100494156e+01 -5.3096154449e+11 -8.0071503719e+06 9.5910804870e+07 1.5811476860e+00 1.2157042665e+01 -1.8652266253e+07
1.5970130433e+05 1.8865177668e-13 5.3383752803e-14 -6.3594250373e+06 4.9504192166e+05 -1.6103818712e-18 1.6130253982e-17 1.7090422432e+02 -4.4343363410e+01 -5.3099062821e+11 -8.1645146279e+06 9.5952958190e+07 1.5610690589e+00 1.2086736025e+01 -1.8139625750e+07
1.5970286540e+05 1.8864924583e-13 5.3408934562e-14 -6.3591605900e+06 4.9497539313e+05 -1.6320826050e-18 1.6131943170e-17 1.6790479772e+02 -4.0940262678e+01 -5.3101856447e+11 -8.3196065363e+06 9.5991972378e+07 1.5422886026e+00 1.2018358411e+01 -1.7655013986e+07
1.5970440769e+05 1.8864671215e-13 5.3433815961e-14 -6.3589038921e+06 4.9491466313e+05 -1.6535240588e-18 1.6133612030e-17 1.6498161209e+02 -3.7857553233e+01 -5.3104543722e+11 -8.4725019763e+06 9.6028141839e+07 1.5248839701e+00 1.1951772325e+01 -1.7196088375e+07
1.5970593257e+05 1.8864417455e-13 5.3458419105e-14 -6.3586544893e+06 4.9485909538e+05 -1.6747252641e-18 1.6135262062e-17 1.6213690402e+02 -3.5064509647e+01 -5.3107132511e+11 -8.6232955928e+06 9.6061736703e+07 1.5088927666e+00 1.1886897120e+01 -1.6760811355e+07
1.5970593257e+05 1.8864417455e-13 5.3458419105e-14 -6.3586544893e+06 4.9485909538e+05 -1.6747252641e-18 1.6135262062e-17 1.6213690402e+02 -3.5064509647e+01 -5.3107132511e+11 -8.6232955928e+06 9.6061736703e+07 1.5088927666e+00 1.1886897120e+01 -1.6760811355e+07
