0.0000000000e+00 0.0000000000e+00 0.0000000000e+00 3.1415900000e+08 0.0000000000e+00 0.0000000000e+00 0.0000000000e+00 -1.1785457930e+03 2.2589779540e+02 -4.6638893038e+09 -1.0017639240e+07 1.9201312609e+06 1.0000000000e+01 0.0000000000e+00 -0.0000000000e+00
1.0000000000e+01 2.8740014467e-22 6.8887716924e-28 3.1414721434e+08 2.2589779535e+03 5.7480747742e-23 2.0666702739e-28 -1.1785861783e+03 2.2589779525e+02 -4.6638893038e+09 -1.0017639240e+07 1.9201312609e+06 5.0000000000e+01 0.0000000000e+00 -0.0000000000e+00
6.0000000000e+01 1.0347699298e-20 1.4883934715e-25 3.1408827998e+08 1.3553867619e+04 3.4494919640e-22 7.4428051589e-27 -1.1787881502e+03 2.2589779017e+02 -4.6638893038e+09 -1.0017639240e+07 1.9201312609e+06 2.5000000000e+02 0.0000000000e+00 -0.0000000000e+00
3.1000000000e+02 2.7639899679e-19 2.0557041948e-23 3.1379345661e+08 7.0028302131e+04 1.7839116118e-21 1.9905497891e-25 -1.1797991483e+03 2.2589765555e+02 -4.6638893038e+09 -1.0017639240e+07 1.9201312609e+06 1.2500000000e+03 0.0000000000e+00 -0.0000000000e+00
1.5600000000e+03 7.0214370206e-18 2.6382670338e-21 3.1231553538e+08 3.5239870721e+05 9.0195334178e-21 5.0885571609e-24 -1.1848828111e+03 2.2589422024e+02 -4.6638893038e+09 -1.0017639240e+07 1.9201312609e+06 3.6000000000e+03 0.0000000000e+00 -0.0000000000e+00
5.1600000000e+03 7.7526427111e-17 9.7464369562e-20 3.0802323455e+08 1.1655641469e+06 3.0247760341e-20 5.7228766564e-23 -1.1997975136e+03 2.2585758714e+02 -4.6638893037e+09 -1.0017639240e+07 1.9201312609e+06 3.6000000000e+03 0.0000000000e+00 -0.0000000000e+00
8.7600000000e+03 2.2552905574e-16 4.8700505637e-19 3.0367648479e+08 1.9785225237e+06 5.2079193189e-20 1.6965219590e-22 -1.2151360214e+03 2.2577859976e+02 -4.6638893036e+09 -1.0017639240e+07 1.9201312609e+06 3.6000000000e+03 0.0000000000e+00 -0.0000000000e+00
1.2360000000e+04 4.5326091421e-16 1.3975894752e-18 2.9927371821e+08 2.7911148212e+06 7.4547634407e-20 3.4761904067e-22 -1.2309220839e+03 2.2565356235e+02 -4.6638893034e+09 -1.0017639240e+07 1.9201312609e+06 3.6000000000e+03 0.0000000000e+00 -0.0000000000e+00
1.5960000000e+04 7.6308021789e-16 3.0754765327e-18 2.9481327796e+08 3.6031680210e+06 9.7689676362e-20 5.9695272276e-22 -1.2471814103e+03 2.2547838344e+02 -4.6638893033e+09 -1.0017639240e+07 1.9201312609e+06 3.6000000000e+03 0.0000000000e+00 -0.0000000000e+00
1.9560000000e+04 1.1574823926e-15 5.7890133715e-18 2.9029341078e+08 4.4144935853e+06 1.2154500942e-19 9.2411441807e-22 -1.2639418867e+03 2.2524852348e+02 -4.6638893031e+09 -1.0017639240e+07 1.9201312609e+06 3.6000000000e+03 0.0000000000e+00 -0.0000000000e+00
2.3160000000e+04 1.6391118453e-15 9.8310830628e-18 2.8571225874e+08 5.2248857382e+06 1.4615677305e-19 1.3362895485e-21 -1.2812338223e+03 2.2495893408e+02 -4.6638893029e+09 -1.0017639240e+07 1.9201312609e+06 3.6000000000e+03 0.0000000000e+00 -0.0000000000e+00
2.6760000000e+04 2.2107750873e-15 1.5521888562e-17 2.8106785001e+08 6.0341195086e+06 1.7157195730e-19 1.8414885225e-21 -1.2990902317e+03 2.2460398723e+02 -4.6638893027e+09 -1.0017639240e+07 1.9201312609e+06 3.6000000000e+03 0.0000000000e+00 -0.0000000000e+00
3.0360000000e+04 2.8754554065e-15 2.3212129085e-17 2.7635808858e+08 6.8419484995e+06 1.9784186340e-19 2.4486645197e-21 -1.3175471587e+03 2.2417739252e+02 -4.6638893025e+09 -1.0017639240e+07 1.9201312609e+06 3.6000000000e+03 0.0000000000e+00 -0.0000000000e+00
3.3960000000e+04 3.6363293190e-15 3.3286636227e-17 2.7158074267e+08 7.6481023328e+06 2.2502263430e-19 3.1678517567e-21 -1.3366440485e+03 2.2367210002e+02 -4.6638893022e+09 -1.0017639240e+07 1.9201312609e+06 3.6000000000e+03 0.0000000000e+00 -0.0000000000e+00
3.7560000000e+04 4.4967850772e-15 4.6168550944e-17 2.6673343172e+08 8.4522837145e+06 2.5317586792e-19 4.0103284826e-21 -1.3564241793e+03 2.2308018579e+02 -4.6638893018e+09 -1.0017639240e+07 1.9201312609e+06 3.6000000000e+03 0.0000000000e+00 -0.0000000000e+00
4.1160000000e+04 5.4604435556e-15 6.2324139574e-17 2.6181361176e+08 9.2541650514e+06 2.8236932898e-19 4.9888099914e-21 -1.3769351615e+03 2.2239271619e+02 -4.6638893014e+09 -1.0017639240e+07 1.9201312609e+06 3.6000000000e+03 0.0000000000e+00 -0.0000000000e+00
4.4760000000e+04 6.5311819076e-15 8.2268368418e-17 2.5681855873e+08 1.0053384534e+07 3.1267777897e-19 6.1176782599e-21 -1.3982295219e+03 2.2159958663e+02 -4.6638893009e+09 -1.0017639240e+07 1.9201312609e+06 3.6000000000e+03 0.0000000000e+00 -0.0000000000e+00
4.8360000000e+04 7.7131604555e-15 1.0657138313e-16 2.5174534966e+08 1.0849541586e+07 3.4418394798e-19 7.4132565370e-21 -1.4203653856e+03 2.2068932857e+02 -4.6638893003e+09 -1.0017639240e+07 1.9201312609e+06 3.6000000000e+03 0.0000000000e+00 -0.0000000000e+00
5.1960000000e+04 9.0108533803e-15 1.3586607297e-16 2.4659084102e+08 1.1642191545e+07 3.7697967852e-19 8.8941394363e-21 -1.4434072801e+03 2.1964887767e+02 -4.6638892996e+09 -1.0017639240e+07 1.9201312609e+06 3.6000000000e+03 0.0000000000e+00 -0.0000000000e+00
5.5560000000e+04 1.0429083892e-14 1.7085694299e-16 2.4135164409e+08 1.2430839434e+07 4.1116727837e-19 1.0581592005e-20 -1.4674270855e+03 2.1846329335e+02 -4.6638892987e+09 -1.0017639240e+07 1.9201312609e+06 3.6000000000e+03 0.0000000000e+00 -0.0000000000e+00
5.9160000000e+04 1.1973064716e-14 2.1233057234e-16 2.3602409648e+08 1.3214932614e+07 4.4686112977e-19 1.2500035104e-20 -1.4925051656e+03 2.1711541780e+02 -4.6638892977e+09 -1.0017639241e+07 1.9201312609e+06 3.6000000000e+03 0.0000000000e+00 -0.0000000000e+00
6.2760000000e+04 1.3648444922e-14 2.6116800810e-16 2.3060422920e+08 1.3993852069e+07 4.8418961450e-19 1.4677639586e-20 -1.5187317198e+03 2.1558545851e+02 -4.6638892964e+09 -1.0017639241e+07 1.9201312609e+06 3.6000000000e+03 0.0000000000e+00 -0.0000000000e+00
6.6360000000e+04 1.5461364360e-14 3.1835953689e-16 2.2508772848e+08 1.4766902038e+07 5.2329743155e-19 1.7147058699e-20 -1.5462084120e+03 2.1385047369e+02 -4.6638892947e+09 -1.0017639241e+07 1.9201312609e+06 3.6000000000e+03 0.0000000000e+00 -0.0000000000e+00
6.9960000000e+04 1.7418517300e-14 3.8502239847e-16 2.1946989099e+08 1.5533297559e+07 5.6434840606e-19 1.9946337574e-20 -1.5750503437e+03 2.1188373328e+02 -4.6638892927e+09 -1.0017639241e+07 1.9201312609e+06 3.6000000000e+03 0.0000000000e+00 -0.0000000000e+00
7.3560000000e+04 1.9527227240e-14 4.6242216772e-16 2.1374557134e+08 1.6292149455e+07 6.0752891840e-19 2.3120051665e-20 -1.6053884637e+03 2.0965391910e+02 -4.6638892902e+09 -1.0017639241e+07 1.9201312609e+06 3.6000000000e+03 0.0000000000e+00 -0.0000000000e+00
7.7160000000e+04 2.1795535441e-14 5.5199874859e-16 2.0790911983e+08 1.7042446066e+07 6.5305212306e-19 2.6720744053e-20 -1.6373725317e+03 2.0712411499e+02 -4.6638892869e+09 -1.0017639241e+07 1.9201312609e+06 3.6000000000e+03 0.0000000000e+00 -0.0000000000e+00
8.0760000000e+04 2.4232306385e-14 6.5539821880e-16 2.0195430838e+08 1.7783030879e+07 7.0116318306e-19 3.0810757058e-20 -1.6711747964e+03 2.0425051997e+02 -4.6638892828e+09 -1.0017639241e+07 1.9201312609e+06 3.6000000000e+03 0.0000000000e+00 -0.0000000000e+00
8.4360000000e+04 2.6847354352e-14 7.7451216891e-16 1.9587424159e+08 1.8512574882e+07 7.5214582385e-19 3.5464589991e-20 -1.7069946001e+03 2.0098079170e+02 -4.6638892773e+09 -1.0017639241e+07 1.9201312609e+06 3.6000000000e+03 0.0000000000e+00 -0.0000000000e+00
8.7960000000e+04 2.9651596571e-14 9.1152674352e-16 1.8966124914e+08 1.9229542117e+07 8.0633062123e-19 4.0771967770e-20 -1.7450642012e+03 1.9725189051e+02 -4.6638892702e+09 -1.0017639241e+07 1.9201312609e+06 3.6000000000e+03 0.0000000000e+00 -0.0000000000e+00
9.1560000000e+04 3.2657240151e-14 1.0689843880e-15 1.8330675447e+08 1.9932146292e+07 8.6410559650e-19 4.6841883047e-20 -1.7856562192e+03 1.9298723945e+02 -4.6638892606e+09 -1.0017639241e+07 1.9201312609e+06 3.6000000000e+03 0.0000000000e+00 -0.0000000000e+00
9.5160000000e+04 3.5878012474e-14 1.2498624461e-15 1.7680111287e+08 2.0618295560e+07 9.2592992331e-19 5.3807991498e-20 -1.8290932638e+03 1.8809293361e+02 -4.6638892477e+09 -1.0017639241e+07 1.9201312609e+06 3.6000000000e+03 0.0000000000e+00 -0.0000000000e+00
9.8760000000e+04 3.9329448192e-14 1.4576744193e-15 1.7013340988e+08 2.1285521376e+07 9.9235189416e-19 6.1835919045e-20 -1.8757605591e+03 1.8245260616e+02 -4.6638892298e+09 -1.0017639241e+07 1.9201312609e+06 3.6000000000e+03 0.0000000000e+00 -0.0000000000e+00
1.0236000000e+05 4.3029250970e-14 1.6966021766e-15 1.6329120712e+08 2.1930885608e+07 1.0640328152e-18 7.1133319848e-20 -1.9261227309e+03 1.7592036174e+02 -4.6638892045e+09 -1.0017639241e+07 1.9201312609e+06 3.6000000000e+03 0.0000000000e+00 -0.0000000000e+00
1.0596000000e+05 4.6997755472e-14 1.9716711649e-15 1.5626021769e+08 2.2550857436e+07 1.1417793041e-18 8.1963972625e-20 -1.9807464994e+03 1.6831087252e+02 -4.6638891682e+09 -1.0017639241e+07 1.9201312609e+06 3.6000000000e+03 0.0000000000e+00 -0.0000000000e+00
1.0956000000e+05 5.1258526122e-14 2.2889865231e-15 1.4902388551e+08 2.3141147462e+07 1.2265877448e-18 9.4667940965e-20 -2.0403319121e+03 1.5938521382e+02 -4.6638891145e+09 -1.0017639241e+07 1.9201312609e+06 3.6000000000e+03 0.0000000000e+00 -0.0000000000e+00
1.1316000000e+05 5.5839146122e-14 2.6560573428e-15 1.4156283093e+08 2.3696479886e+07 1.3197067414e-18 1.0969107456e-19 -2.1057562236e+03 1.4883013690e+02 -4.6638890330e+09 -1.0017639241e+07 1.9201312609e+06 3.3292118441e+03 0.0000000000e+00 -0.0000000000e+00
1.1615348217e+05 5.9914883189e-14 3.0058354519e-15 1.3517131019e+08 2.4126950925e+07 1.4045956429e-18 1.2437147627e-19 -2.1653981670e+03 1.3851585937e+02 -4.6638889842e+09 -1.0017639241e+07 1.9201312609e+06 3.0128576059e+03 0.0000000000e+00 -0.0000000000e+00
1.1916633978e+05 6.4285397184e-14 3.4058631661e-15 1.2854984782e+08 2.4526494051e+07 1.4981088669e-18 1.4163737504e-19 -2.2310994581e+03 1.2638504202e+02 -4.6638889089e+09 -1.0017639241e+07 1.9201312609e+06 2.7208282039e+03 0.0000000000e+00 -0.0000000000e+00
1.2161149392e+05 6.8048426508e-14 3.7716152292e-15 1.2302426157e+08 2.4821875884e+07 1.5809672272e-18 1.5790024874e-19 -2.2893147672e+03 1.1495893829e+02 -4.6638888697e+09 -1.0017639241e+07 1.9201312609e+06 2.4617373317e+03 0.0000000000e+00 -0.0000000000e+00
1.2407323125e+05 7.2050475344e-14 4.1829831639e-15 1.1731119896e+08 2.5088954648e+07 1.6717644543e-18 1.7676864627e-19 -2.3531078308e+03 1.0170222416e+02 -4.6638888106e+09 -1.0017639241e+07 1.9201312609e+06 2.2219518708e+03 0.0000000000e+00 -0.0000000000e+00
1.2606682165e+05 7.5461834911e-14 4.5524640245e-15 1.1256488028e+08 2.5279709419e+07 1.7515722516e-18 1.9426385945e-19 -2.4091798502e+03 8.9410293209e+01 -4.6638887811e+09 -1.0017639241e+07 1.9201312609e+06 2.0084769473e+03 0.0000000000e+00 -0.0000000000e+00
1.2787311397e+05 7.8695181333e-14 4.9192103848e-15 1.0816437091e+08 2.5430075194e+07 1.8294657230e-18 2.1216661305e-19 -2.4639068869e+03 7.6832029147e+01 -4.6638887560e+09 -1.0017639241e+07 1.9201312609e+06 1.8202750273e+03 0.0000000000e+00 -0.0000000000e+00
1.2950400581e+05 8.1739711183e-14 5.2797488141e-15 1.0410323934e+08 2.5545180006e+07 1.9049861402e-18 2.3030952454e-19 -2.5169666435e+03 6.4085032982e+01 -4.6638887353e+09 -1.0017639241e+07 1.9201312609e+06 1.6450813515e+03 0.0000000000e+00 -0.0000000000e+00
1.3096885847e+05 8.4582813255e-14 5.6301931671e-15 1.0037931334e+08 2.5629868912e+07 1.9775685439e-18 2.4848059032e-19 -2.5679621864e+03 5.1318255942e+01 -4.6638887190e+09 -1.0017639241e+07 1.9201312609e+06 1.4799255432e+03 0.0000000000e+00 -0.0000000000e+00
1.3227288716e+05 8.7206058890e-14 5.9657055436e-15 9.6999394285e+07 2.5688719071e+07 2.0464323075e-18 2.6639043696e-19 -2.6163450566e+03 3.8735008395e+01 -4.6638887069e+09 -1.0017639241e+07 1.9201312609e+06 1.3212118498e+03 0.0000000000e+00 -0.0000000000e+00
1.3341479334e+05 8.9579071492e-14 6.2795863310e-15 9.3986354827e+07 2.5726144210e+07 2.1103995713e-18 2.8361509444e-19 -2.6612877036e+03 2.6633166696e+01 -4.6638886988e+09 -1.0017639241e+07 1.9201312609e+06 1.1639639800e+03 0.0000000000e+00 -0.0000000000e+00
1.3437945770e+05 9.1642155843e-14 6.5607125650e-15 9.1399954906e+07 2.5746543779e+07 2.1673820933e-18 2.9943928110e-19 -2.7013229531e+03 1.5515279313e+01 -4.6638886944e+09 -1.0017639241e+07 1.9201312609e+06 1.0002829970e+03 0.0000000000e+00 -0.0000000000e+00
1.3509840085e+05 9.3216230971e-14 6.7804901881e-15 8.9446720816e+07 2.5754538279e+07 2.2117593831e-18 3.1207832088e-19 -2.7325019148e+03 6.6352386621e+00 -4.6638886932e+09 -1.0017639241e+07 1.9201312609e+06 8.2339026829e+02 0.0000000000e+00 -0.0000000000e+00
1.3583302340e+05 9.4858246016e-14 7.0147423768e-15 8.7427274050e+07 2.5755905061e+07 2.2589212610e-18 3.2581477673e-19 -2.7656372954e+03 -3.0158336138e+00 -4.6638886916e+09 -1.0017639241e+07 1.9201312609e+06 6.9853485820e+02 0.0000000000e+00 -0.0000000000e+00
1.3653155826e+05 9.6452374567e-14 7.2471415085e-15 8.5484002765e+07 2.5750421650e+07 2.3055922369e-18 3.3971859535e-19 -2.7984277741e+03 -1.2784493003e+01 -4.6638886901e+09 -1.0017639241e+07 1.9201312609e+06 8.6189169110e+02 0.0000000000e+00 -0.0000000000e+00
1.3739344995e+05 9.8465284460e-14 7.5477690209e-15 8.3053977129e+07 2.5733903729e+07 2.3658257428e-18 3.5812192055e-19 -2.8407471266e+03 -2.5714452777e+01 -4.6638886848e+09 -1.0017639241e+07 1.9201312609e+06 9.4424772992e+02 0.0000000000e+00 -0.0000000000e+00
1.3833769768e+05 1.0073177832e-13 7.8961242088e-15 8.0348726016e+07 2.5702456953e+07 2.4354768679e-18 3.8005218325e-19 -2.8896831877e+03 -4.1122397347e+01 -4.6638886742e+09 -1.0017639241e+07 1.9201312609e+06 9.8447360076e+02 0.0000000000e+00 -0.0000000000e+00
1.3932217128e+05 1.0316700741e-13 8.2824319601e-15 7.7477515492e+07 2.5653432088e+07 2.5126027354e-18 4.0515572248e-19 -2.9438709148e+03 -5.8759848677e+01 -4.6638886572e+09 -1.0017639241e+07 1.9201312609e+06 9.9926329734e+02 0.0000000000e+00 -0.0000000000e+00
1.4032143458e+05 1.0571903059e-13 8.7011220914e-15 7.4506816469e+07 2.5584996703e+07 2.5961398984e-18 4.3332765371e-19 -3.0025631428e+03 -7.8553116121e+01 -4.6638886328e+09 -1.0017639241e+07 1.9201312609e+06 9.9712070431e+02 0.0000000000e+00 -0.0000000000e+00
1.4131855528e+05 1.0835168893e-13 9.1485021117e-15 7.1481989282e+07 2.5495920133e+07 2.6854295418e-18 4.6458081431e-19 -3.0652969957e+03 -1.0051121908e+02 -4.6638886000e+09 -1.0017639241e+07 1.9201312609e+06 9.8315270543e+02 0.0000000000e+00 -0.0000000000e+00
1.4230170799e+05 1.1103781173e-13 9.6218563458e-15 6.8436060523e+07 2.5385439046e+07 2.7800312272e-18 4.9899596518e-19 -3.1317630270e+03 -1.2469089919e+02 -4.6638885579e+09 -1.0017639241e+07 1.9201312609e+06 9.6075725498e+02 0.0000000000e+00 -0.0000000000e+00
1.4326246524e+05 1.1375599006e-13 1.0119032010e-14 6.5394003980e+07 2.5253162219e+07 2.8796353653e-18 5.3669949696e-19 -3.2017437226e+03 -1.5118095705e+02 -4.6638885056e+09 -1.0017639241e+07 1.9201312609e+06 9.3234615244e+02 0.0000000000e+00 -0.0000000000e+00
1.4419481140e+05 1.1648883467e-13 1.0638225405e-14 6.2375126873e+07 2.5098997988e+07 2.9840163777e-18 5.7785236090e-19 -3.2750805939e+03 -1.8009447511e+02 -4.6638884423e+09 -1.0017639241e+07 1.9201312609e+06 8.9970387981e+02 0.0000000000e+00 -0.0000000000e+00
1.4509451527e+05 1.1922194290e-13 1.1177862531e-14 5.9394534968e+07 2.4923096415e+07 3.0930051248e-18 6.2264428934e-19 -3.3516548054e+03 -2.1156475706e+02 -4.6638883670e+09 -1.0017639241e+07 1.9201312609e+06 8.6418658720e+02 0.0000000000e+00 -0.0000000000e+00
1.4595870186e+05 1.2194323990e-13 1.1736528903e-14 5.6464100240e+07 2.4725801840e+07 3.2064714112e-18 6.7129079787e-19 -3.4313748833e+03 -2.4574322165e+02 -4.6638882788e+09 -1.0017639241e+07 1.9201312609e+06 8.2684233100e+02 0.0000000000e+00 -0.0000000000e+00
1.4678554419e+05 1.2464253273e-13 1.2312926934e-14 5.3593137308e+07 2.4507613224e+07 3.3243121602e-18 7.2403178877e-19 -3.5141684072e+03 -2.8279842137e+02 -4.6638881767e+09 -1.0017639241e+07 1.9201312609e+06 7.8848889351e+02 0.0000000000e+00 -0.0000000000e+00
1.4757403309e+05 1.2731119262e-13 1.2905849637e-14 5.0788897996e+07 2.4269150611e+07 3.4464429507e-18 7.8113115421e-19 -3.5999760638e+03 -3.2291576377e+02 -4.6638880597e+09 -1.0017639241e+07 1.9201312609e+06 7.4976702369e+02 0.0000000000e+00 -0.0000000000e+00
1.4832380011e+05 1.2994191859e-13 1.3514164399e-14 4.8056946109e+07 2.4011126534e+07 3.5727916238e-18 8.4287705538e-19 -3.6887471550e+03 -3.6629770751e+02 -4.6638879269e+09 -1.0017639241e+07 1.9201312609e+06 7.1117853879e+02 0.0000000000e+00 -0.0000000000e+00
1.4903497865e+05 1.3252855448e-13 1.4136803170e-14 4.5401449686e+07 2.3734321522e+07 3.7032931879e-18 9.0958269648e-19 -3.7804360186e+03 -4.1316430617e+02 -4.6638877771e+09 -1.0017639241e+07 1.9201312609e+06 6.7311460318e+02 0.0000000000e+00 -0.0000000000e+00
1.4970809325e+05 1.3506594265e-13 1.4772756842e-14 4.2825414221e+07 2.3439563059e+07 3.8378855367e-18 9.8158749226e-19 -3.8749990195e+03 -4.6375402857e+02 -4.6638876092e+09 -1.0017639241e+07 1.9201312609e+06 6.3587733125e+02 0.0000000000e+00 -0.0000000000e+00
1.5034397058e+05 1.3754980356e-13 1.5421072405e-14 4.0330872217e+07 2.3127707459e+07 3.9765056577e-18 1.0592585737e-18 -3.9723918857e+03 -5.1832481659e+02 -4.6638874222e+09 -1.0017639240e+07 1.9201312609e+06 5.9969668224e+02 0.0000000000e+00 -0.0000000000e+00
1.5094366727e+05 1.3997663426e-13 1.6080852001e-14 3.7919039516e+07 2.2799624235e+07 4.1190861038e-18 1.1429926063e-18 -4.0725672297e+03 -5.7715536281e+02 -4.6638872149e+09 -1.0017639241e+07 1.9201312609e+06 5.6474391052e+02 0.0000000000e+00 -0.0000000000e+00
1.5150841118e+05 1.4234362126e-13 1.6751253277e-14 3.5590445740e+07 2.2456182590e+07 4.2655515576e-18 1.2332179160e-18 -4.1754721344e+03 -6.4054660391e+02 -4.6638869861e+09 -1.0017639241e+07 1.9201312609e+06 5.3114242764e+02 0.0000000000e+00 -0.0000000000e+00
1.5203955360e+05 1.4464856445e-13 1.7431490659e-14 3.3345044099e+07 2.2098239712e+07 4.4158153498e-18 1.3303969310e-18 -4.2810457070e+03 -7.0882343662e+02 -4.6638867345e+09 -1.0017639240e+07 1.9201312609e+06 4.9897667124e+02 0.0000000000e+00 -0.0000000000e+00
1.5253853028e+05 1.4688981001e-13 1.8120837322e-14 3.1182304479e+07 2.1726630587e+07 4.5697758119e-18 1.4350289642e-18 -4.3892165163e+03 -7.8233667217e+02 -4.6638864589e+09 -1.0017639240e+07 1.9201312609e+06 4.6829940288e+02 0.0000000000e+00 -0.0000000000e+00
1.5300682968e+05 1.4906619064e-13 1.8818627715e-14 2.9101292757e+07 2.1342159069e+07 4.7273123473e-18 1.5476533675e-18 -4.4998998328e+03 -8.6146525294e+02 -4.6638861580e+09 -1.0017639240e+07 1.9201312609e+06 4.3913775603e+02 0.0000000000e+00 -0.0000000000e+00
1.5344596743e+05 1.5117697206e-13 1.9524260574e-14 2.7100738611e+07 2.0945589974e+07 4.8882811060e-18 1.6688531083e-18 -4.6129945889e+03 -9.4661876489e+02 -4.6638858305e+09 -1.0017639240e+07 1.9201312609e+06 4.1149826604e+02 0.0000000000e+00 -0.0000000000e+00
1.5385746570e+05 1.5322180483e-13 2.0237202436e-14 2.5179093612e+07 2.0537641961e+07 5.0525101330e-18 1.7992588261e-18 -4.7283799711e+03 -1.0382402880e+03 -4.6638854751e+09 -1.0017639240e+07 1.9201312609e+06 3.8537107227e+02 0.0000000000e+00 -0.0000000000e+00
1.5424283677e+05 1.5520068103e-13 2.0956991685e-14 2.3334581021e+07 2.0118980978e+07 5.2197938503e-18 1.9395534498e-18 -4.8459115429e+03 -1.1368096402e+03 -4.6638850906e+09 -1.0017639240e+07 1.9201312609e+06 3.6073343483e+02 0.0000000000e+00 -0.0000000000e+00
1.5460357021e+05 1.5711389513e-13 2.1683243266e-14 2.1565238431e+07 1.9690214049e+07 5.3898866979e-18 2.0904774723e-18 -4.9654167765e+03 -1.2428470828e+03 -4.6638846757e+09 -1.0017639241e+07 1.9201312609e+06 3.3755268454e+02 0.0000000000e+00 -0.0000000000e+00
1.5494112289e+05 1.5896200884e-13 2.2415654187e-14 1.9868954187e+07 1.9251883160e+07 5.5624957282e-18 2.2528350077e-18 -5.0866898505e+03 -1.3569175771e+03 -4.6638842293e+09 -1.0017639241e+07 1.9201312609e+06 3.1578870520e+02 0.0000000000e+00 -0.0000000000e+00
1.5525691160e+05 1.6074581952e-13 2.3154010059e-14 1.8243498335e+07 1.8804458983e+07 5.7372718947e-18 2.4275007906e-18 -5.2094855289e+03 -1.4796357013e+03 -4.6638837501e+09 -1.0017639241e+07 1.9201312609e+06 2.9539602569e+02 0.0000000000e+00 -0.0000000000e+00
1.5555230762e+05 1.6246633207e-13 2.3898192954e-14 1.6686548717e+07 1.8348334147e+07 5.9137997068e-18 2.6154283219e-18 -5.3335118929e+03 -1.6116713738e+03 -4.6638832374e+09 -1.0017639241e+07 1.9201312609e+06 2.7632559446e+02 0.0000000000e+00 -0.0000000000e+00
1.5582863322e+05 1.6412473396e-13 2.4648190980e-14 1.5195712691e+07 1.7883815700e+07 6.0915848287e-18 2.8176594234e-18 -5.4584216280e+03 -1.7537565665e+03 -4.6638826902e+09 -1.0017639241e+07 1.9201312609e+06 2.5852629608e+02 0.0000000000e+00 -0.0000000000e+00
1.5608715951e+05 1.6572237351e-13 2.5404110118e-14 1.3768544860e+07 1.7411116328e+07 6.2700390676e-18 3.0353355491e-18 -5.5838014767e+03 -1.9066932516e+03 -4.6638821082e+09 -1.0017639241e+07 1.9201312609e+06 2.4194626445e+02 0.0000000000e+00 -0.0000000000e+00
1.5632910578e+05 1.6726074120e-13 2.6166189009e-14 1.2402561065e+07 1.6930343792e+07 6.4484620144e-18 3.2697113094e-18 -5.7091593401e+03 -2.0713629034e+03 -4.6638814913e+09 -1.0017639241e+07 1.9201312609e+06 2.2653404849e+02 0.0000000000e+00 -0.0000000000e+00
1.5655563983e+05 1.6874145419e-13 2.6934817697e-14 1.1095248796e+07 1.6441487860e+07 6.6260183414e-18 3.5221708216e-18 -5.8339083265e+03 -2.2487379865e+03 -4.6638808398e+09 -1.0017639241e+07 1.9201312609e+06 2.1223968163e+02 0.0000000000e+00 -0.0000000000e+00
1.5676787951e+05 1.7016624403e-13 2.7710561651e-14 9.8440740256e+06 1.5944403761e+07 6.8017093823e-18 3.7942477219e-18 -5.9573467849e+03 -2.4398960158e+03 -4.6638801547e+09 -1.0017639240e+07 1.9201312609e+06 1.9901571580e+02 0.0000000000e+00 -0.0000000000e+00
1.5696689522e+05 1.7153694809e-13 2.8494192969e-14 8.6464843497e+06 1.5438790827e+07 6.9743370754e-18 4.0876499870e-18 -6.0786329712e+03 -2.6460369955e+03 -4.6638794381e+09 -1.0017639240e+07 1.9201312609e+06 1.8681828888e+02 0.0000000000e+00 -0.0000000000e+00
1.5715371351e+05 1.7285550471e-13 2.9286731471e-14 7.4999080729e+06 1.4924164440e+07 7.1424575186e-18 4.4042911748e-18 -6.1967524167e+03 -2.8685053688e+03 -4.6638786931e+09 -1.0017639240e+07 1.9201312609e+06 1.7560831747e+02 0.0000000000e+00 -0.0000000000e+00
1.5732932183e+05 1.7412395319e-13 3.0089499585e-14 6.4017486463e+06 1.4399818539e+07 7.3043201198e-18 4.7463303671e-18 -6.3104751760e+03 -3.1088180814e+03 -4.6638779246e+09 -1.0017639241e+07 1.9201312609e+06 1.6535293466e+02 0.0000000000e+00 -0.0000000000e+00
1.5749467476e+05 1.7534443925e-13 3.0904196861e-14 5.3493734966e+06 1.3864774681e+07 7.4577863273e-18 5.1162241034e-18 -6.4182987279e+03 -3.3687010688e+03 -4.6638771395e+09 -1.0017639241e+07 1.9201312609e+06 1.5602735270e+02 0.0000000000e+00 -0.0000000000e+00
1.5765070212e+05 1.7651922738e-13 3.1733002862e-14 4.3400957937e+06 1.3317711570e+07 7.6002186971e-18 5.5167950933e-18 -6.5183700352e+03 -3.6501375336e+03 -4.6638763478e+09 -1.0017639241e+07 1.9201312609e+06 1.4761740640e+02 0.0000000000e+00 -0.0000000000e+00
1.5779831952e+05 1.7765072199e-13 3.2578721912e-14 3.3711471222e+06 1.2756865762e+07 7.7283256806e-18 5.9513247224e-18 -6.6083764947e+03 -3.9554329390e+03 -4.6638755635e+09 -1.0017639240e+07 1.9201312609e+06 1.4012315492e+02 0.0000000000e+00 -0.0000000000e+00
1.5793844268e+05 1.7874149904e-13 3.3444990623e-14 2.4396384474e+06 1.2179889069e+07 7.8379383046e-18 6.4236795268e-18 -6.6853890348e+03 -4.2873038674e+03 -4.6638748063e+09 -1.0017639240e+07 1.9201312609e+06 1.3132683722e+02 0.0000000000e+00 -0.0000000000e+00
1.5804835809e+05 1.7960712189e-13 3.4173637496e-14 1.7019216615e+06 1.1692779998e+07 7.9102690998e-18 6.8422578111e-18 -6.7362078005e+03 -4.5813920455e+03 -4.6638745398e+09 -1.0017639240e+07 1.9201312609e+06 1.1256873665e+02 0.0000000000e+00 -0.0000000000e+00
1.5814159644e+05 1.8034698667e-13 3.4829637331e-14 1.0722157194e+06 1.1252944568e+07 7.9575810525e-18 7.2353996894e-18 -6.7694486219e+03 -4.8576089040e+03 -4.6638744111e+09 -1.0017639240e+07 1.9201312609e+06 9.6213730502e+01 8.1936844797e-292 -5.8029134558e-284
1.5821690941e+05 1.8094733493e-13 3.5387419624e-14 5.6165831190e+05 1.0878066325e+07 7.9829885959e-18 7.5814437515e-18 -6.7872996629e+03 -5.1007353909e+03 -4.6638743648e+09 -1.0017639240e+07 1.9201312609e+06 8.0278282572e+01 4.0855454735e-267 -2.9484328400e-259
1.5825476782e+05 1.8124971059e-13 3.5677907904e-14 3.0459485032e+05 1.0682524809e+07 7.9903748896e-18 7.7657903147e-18 -6.7924891860e+03 -5.2302551174e+03 -4.6638743632e+09 -1.0017639241e+07 1.9201312609e+06 6.8664127483e+01 9.1438309387e-255 -6.6630260846e-247
1.5831355412e+05 1.8171957539e-13 3.6143185456e-14 -9.4808971539e+04 1.0368905970e+07 7.9932882332e-18 8.0667101926e-18 -6.7945360669e+03 -5.4416778834e+03 -4.6638743500e+09 -1.0017639240e+07 1.9201312609e+06 5.2949703621e+01 1.0620646732e-235 -7.8585107364e-228
1.5836650382e+05 1.8214265894e-13 3.6577847479e-14 -4.5446614952e+05 1.0075478767e+07 7.9855029782e-18 8.3538182542e-18 -6.7890662384e+03 -5.6433966298e+03 -4.6638743426e+09 -1.0017639241e+07 1.9201312609e+06 7.0338309759e+01 1.1361573631e-218 -8.5258127758e-211
1.5843684213e+05 1.8270346992e-13 3.7179559071e-14 -9.3138226116e+05 9.6686125509e+06 7.9567898373e-18 8.7601044167e-18 -6.7688927234e+03 -5.9288485077e+03 -4.6638743172e+09 -1.0017639241e+07 1.9201312609e+06 7.8842140984e+01 2.5903957522e-196 -1.9812753849e-188
1.5851568427e+05 1.8332856436e-13 3.7889325377e-14 -1.4634853363e+06 9.1877493604e+06 7.8941041720e-18 9.2510478931e-18 -6.7248505124e+03 -6.2737796184e+03 -4.6638742834e+09 -1.0017639241e+07 1.9201312609e+06 8.3729481558e+01 1.0472827447e-171 -8.1870377162e-164
1.5859941375e+05 1.8398524997e-13 3.8687219057e-14 -2.0235439502e+06 8.6460729526e+06 7.7832965821e-18 9.8152409779e-18 -6.6469984034e+03 -6.6701750423e+03 -4.6638742431e+09 -1.0017639241e+07 1.9201312609e+06 8.7355459293e+01 2.9681454433e-146 -2.3757559187e-138
1.5868676921e+05 1.8465794722e-13 3.9572067481e-14 -2.5991255303e+06 8.0441222656e+06 7.6064249156e-18 1.0451324656e-17 -6.5227304513e+03 -7.1170799515e+03 -4.6638741425e+09 -1.0017639241e+07 1.9201312609e+06 9.1573495176e+01 1.1508782217e-120 -9.4439471947e-113
1.5877834271e+05 1.8534287016e-13 4.0561560923e-14 -3.1882678864e+06 7.3696020655e+06 7.3364899414e-18 1.1167565745e-17 -6.3330773142e+03 -7.6203025141e+03 -4.6638737398e+09 -1.0017639241e+07 1.9201312609e+06 9.9905126158e+01 3.2943434099e-95 -2.7745490379e-87
1.5887824783e+05 1.8605614247e-13 4.1718344611e-14 -3.8071473908e+06 6.5794278033e+06 6.9188003345e-18 1.1997146375e-17 -6.0396135104e+03 -8.2031561046e+03 -4.6638719055e+09 -1.0017639241e+07 1.9201312609e+06 1.0140827993e+02 1.7070911326e-69 -1.4781170382e-61
1.5896821168e+05 1.8665670377e-13 4.2832330693e-14 -4.3351212082e+06 5.8170769228e+06 6.4095109646e-18 1.2770250212e-17 -5.6817927907e+03 -8.7463297656e+03 -4.6638692298e+09 -1.0017639241e+07 1.9201312609e+06 8.9966727530e+01 1.1442250414e-48 -1.0143947770e-40
1.5905817841e+05 1.8720503052e-13 4.4016073478e-14 -4.8263990392e+06 5.0057164540e+06 5.7544745484e-18 1.3541958137e-17 -5.2215719110e+03 -9.2885226746e+03 -4.6638642002e+09 -1.0017639241e+07 1.9201312609e+06 8.1067808357e+01 1.4210151585e-30 -1.2870484220e-22
1.5913924622e+05 1.8764302592e-13 4.5141138450e-14 -5.2296715834e+06 4.2335720802e+06 5.0295932219e-18 1.4206608922e-17 -4.7122788190e+03 -9.7554984969e+03 -4.6638596248e+09 -1.0017639241e+07 1.9201312609e+06 7.4552817864e+01 4.6592054951e-17 -4.2906114823e-09
1.5921379904e+05 1.8798960166e-13 4.6221453975e-14 -5.5610355312e+06 3.4913964190e+06 4.2503895819e-18 1.4763570736e-17 -4.1648195081e+03 -1.0146813313e+04 -4.6638561323e+09 -1.0017639235e+07 1.9201312740e+06 6.7962880312e+01 2.6099744106e-07 -2.4332928613e+01
1.5922717060e+05 1.8804543271e-13 4.6419485554e-14 -5.6160207594e+06 3.3552823669e+06 4.0998023127e-18 1.4855811073e-17 -4.0590186534e+03 -1.0211620262e+04 -4.6638588502e+09 -1.0017639143e+07 1.9201315038e+06 5.1290897131e+01 7.4284030266e-06 -6.9384589999e+02
1.5923973041e+05 1.8809602226e-13 4.6606602934e-14 -5.6663667026e+06 3.2266531338e+06 3.9555269033e-18 1.4939975371e-17 -3.9576522375e+03 -1.0270752565e+04 -4.6639132240e+09 -1.0017637352e+07 1.9201361102e+06 3.1513975477e+01 1.4192036120e-04 -1.3277851201e+04
1.5925232125e+05 1.8814490109e-13 4.6795227615e-14 -5.7155472495e+06 3.0969719350e+06 3.8082259648e-18 1.5021810500e-17 -3.8541568890e+03 -1.0328239828e+04 -4.6648276816e+09 -1.0017608094e+07 1.9202137707e+06 1.8923950564e+01 2.2529460836e-03 -2.1110874591e+05
1.5926281795e+05 1.8818422156e-13 4.6953256139e-14 -5.7555440518e+06 2.9883145144e+06 3.6834455105e-18 1.5088003447e-17 -3.7664584785e+03 -1.0374666709e+04 -4.6727683537e+09 -1.0017360478e+07 1.9208895616e+06 1.2340125303e+01 1.9453652695e-02 -1.8250687828e+06
1.5927116991e+05 1.8821456650e-13 4.7079485663e-14 -5.7867065196e+06 2.9015157622e+06 3.5829148054e-18 1.5139301884e-17 -3.6956890300e+03 -1.0410323569e+04 -4.7111355988e+09 -1.0016189537e+07 1.9241605170e+06 8.9501183353e+00 9.8049066734e-02 -9.2066355657e+06
1.5927797651e+05 1.8823867282e-13 4.7182672396e-14 -5.8116628564e+06 2.8305622214e+06 3.5001910985e-18 1.5180184681e-17 -3.6371248978e+03 -1.0437784234e+04 -4.8368817633e+09 -1.0012420391e+07 1.9348969211e+06 7.0425578438e+00 3.4336302679e-01 -3.2260079717e+07
1.5928372275e+05 1.8825858379e-13 4.7269998947e-14 -5.8324180613e+06 2.7705234192e+06 3.4298125790e-18 1.5214038196e-17 -3.5865596889e+03 -1.0458330723e+04 -5.1588395645e+09 -1.0002916634e+07 1.9624249618e+06 5.8565375504e+00 9.4469321337e-01 -8.8780289123e+07
1.5928872919e+05 1.8827560063e-13 4.7346239984e-14 -5.8502603605e+06 2.7181284304e+06 3.3680993253e-18 1.5243031579e-17 -3.5407980048e+03 -1.0471638576e+04 -5.8598774936e+09 -9.9824938704e+06 2.0224566920e+06 5.0640726411e+00 2.2026976585e+00 -2.0696458110e+08
1.5929321341e+05 1.8829057941e-13 4.7414650528e-14 -5.8660414216e+06 2.6711581850e+06 3.3125170771e-18 1.5268598245e-17 -3.4971080784e+03 -1.0475784883e+04 -7.2286973315e+09 -9.9430666823e+06 2.1398972141e+06 4.5157072538e+00 4.5672676305e+00 -4.2875101713e+08
1.5929772912e+05 1.8830541085e-13 4.7483656449e-14 -5.8817252838e+06 2.6238691197e+06 3.2562578459e-18 1.5293955538e-17 -3.4481364908e+03 -1.0465102304e+04 -1.0043865583e+10 -9.8627883156e+06 2.3821328889e+06 4.1287843167e+00 9.2392739809e+00 -8.6532737806e+08
1.5930185790e+05 1.8831874862e-13 4.7546849157e-14 -5.8958564535e+06 2.5807208449e+06 3.2045726229e-18 1.5316795326e-17 -3.3953894600e+03 -1.0430939467e+04 -1.4980983478e+10 -9.7231027062e+06 2.8089162186e+06 3.9313432141e+00 1.7087676307e+01 -1.5932891880e+09
1.5930578925e+05 1.8833124980e-13 4.7607106978e-14 -5.9090871230e+06 2.5398364594e+06 3.1551451762e-18 1.5338234834e-17 -3.3329511360e+03 -1.0360324658e+04 -2.3344299389e+10 -9.4875576637e+06 3.5371788367e+06 4.1268049253e+00 2.9765120593e+01 -2.7534978211e+09
1.5930991605e+05 1.8834416303e-13 4.7670450764e-14 -5.9226722973e+06 2.4973420391e+06 3.1030417543e-18 1.5360416413e-17 -3.2465017567e+03 -1.0219911912e+04 -3.8382755604e+10 -9.0638995753e+06 4.8631555640e+06 4.0025892008e+00 5.1238903090e+01 -4.6702694473e+09
1.5931275020e+05 1.8835290666e-13 4.7714005861e-14 -5.9317675757e+06 2.4685835098e+06 3.0671329857e-18 1.5375458612e-17 -3.1689061083e+03 -1.0064857427e+04 -5.4089083510e+10 -8.6187837301e+06 6.2709507040e+06 2.9156208391e+00 7.2273384896e+01 -6.4823041782e+09
1.5931527153e+05 1.8836059953e-13 4.7752789075e-14 -5.9396531365e+06 2.4434368035e+06 3.0351042903e-18 1.5388710807e-17 -3.0833061369e+03 -9.8729137041e+03 -7.2819214977e+10 -8.0824593422e+06 7.9816144559e+06 2.5406311383e+00 9.5785330324e+01 -8.4211550384e+09
1.5931781216e+05 1.8836826953e-13 4.7791902948e-14 -5.9473572697e+06 2.4186644438e+06 3.0027533379e-18 1.5401942843e-17 -2.9780077792e+03 -9.6166599881e+03 -9.6942098977e+10 -7.3806231896e+06 1.0238792761e+07 2.3173289977e+00 1.2378555394e+02 -1.0592486954e+10
1.5932012949e+05 1.8837519365e-13 4.7827608199e-14 -5.9541287998e+06 2.3967111076e+06 2.9731808340e-18 1.5413907625e-17 -2.8631233182e+03 -9.3199219732e+03 -1.2383656942e+11 -6.5807122640e+06 1.2832519564e+07 2.1895750010e+00 1.5214172825e+02 -1.2608475195e+10
1.5932231906e+05 1.8838167301e-13 4.7861370400e-14 -5.9602629641e+06 2.3766656983e+06 2.9451840467e-18 1.5425123904e-17 -2.7370939209e+03 -8.9801917535e+03 -1.5340370832e+11 -5.6766592008e+06 1.5787210049e+07 2.1437674271e+00 1.7990991111e+02 -1.4356531153e+10
1.5932446283e+05 1.8838795737e-13 4.7894449977e-14 -5.9659838027e+06 2.3578211543e+06 2.9177238945e-18 1.5436024676e-17 -2.5975043901e+03 -8.5915437875e+03 -1.8572730985e+11 -4.6541402184e+06 1.9155817172e+07 2.1785803021e+00 2.0615135796e+02 -1.5727848311e+10
1.5932664141e+05 1.8839428343e-13 4.7928090592e-14 -5.9714744675e+06 2.3395823983e+06 2.8897706159e-18 1.5447023884e-17 -2.4407906064e+03 -8.1438884673e+03 -2.2105194564e+11 -3.4890100361e+06 2.3026574665e+07 2.3356533678e+00 2.2973648484e+02 -1.6601950148e+10
1.5932897706e+05 1.8840099788e-13 4.7964183175e-14 -5.9769657958e+06 2.3211704285e+06 2.8597522487e-18 1.5458732618e-17 -2.2594499945e+03 -7.6147426553e+03 -2.6024328119e+11 -2.1268845239e+06 2.7594238623e+07 2.8629176743e+00 2.4927072052e+02 -1.6829393384e+10
1.5933183998e+05 1.8840913237e-13 4.8008460668e-14 -5.9831015777e+06 2.3003569317e+06 2.8228924373e-18 1.5472974567e-17 -2.0255583995e+03 -6.9190831228e+03 -3.0761938588e+11 -3.5893276047e+05 3.3592397571e+07 2.8630436170e+00 2.6256833502e+02 -1.6090339274e+10
1.5933470302e+05 1.8841716159e-13 4.8052780724e-14 -5.9885612860e+06 2.2815711784e+06 2.7859659539e-18 1.5487106286e-17 -1.7887585244e+03 -6.2033967584e+03 -3.5150559183e+11 1.4333412195e+06 3.9760126295e+07 3.0058783630e+00 2.6322913921e+02 -1.4445283232e+10
1.5933694336e+05 1.8842337067e-13 4.8087489300e-14 -5.9923649819e+06 2.2682950804e+06 2.7570300327e-18 1.5498094403e-17 -1.6079858478e+03 -5.6510808373e+03 -3.8203726939e+11 2.7971036492e+06 4.4520432660e+07 2.2876827448e+00 2.5580295650e+02 -1.2775031342e+10
1.5933885188e+05 1.8842860899e-13 4.8117076702e-14 -5.9952919193e+06 2.2579460972e+06 2.7323539344e-18 1.5507411149e-17 -1.4604120951e+03 -5.1971195122e+03 -4.0496726715e+11 3.9041148873e+06 4.8434743529e+07 1.9250087324e+00 2.4513484118e+02 -1.1248380880e+10
1.5934077689e+05 1.8843384482e-13 4.8146937619e-14 -5.9979661939e+06 2.2483648917e+06 2.7074426903e-18 1.5516770898e-17 -1.3194862446e+03 -4.7614864275e+03 -4.2514155585e+11 4.9532146670e+06 5.2193521171e+07 1.7562410743e+00 2.3146532621e+02 -9.7210603107e+09
1.5934253313e+05 1.8843857977e-13 4.8174196285e-14 -6.0001764583e+06 2.2403345835e+06 2.6846976427e-18 1.5525279955e-17 -1.1988760831e+03 -4.3873162866e+03 -4.4104249919e+11 5.8425676157e+06 5.5424783458e+07 1.6574921893e+00 2.1735111523e+02 -8.4026730201e+09
1.5934419062e+05 1.8844301184e-13 4.8199935954e-14 -6.0020744001e+06 2.2333399031e+06 2.6632170744e-18 1.5533286359e-17 -1.0924840981e+03 -4.0564591771e+03 -4.5400661833e+11 6.6186175345e+06 5.8284883130e+07 1.5949290909e+00 2.0326734131e+02 -7.2583680652e+09
1.5934578555e+05 1.8844724299e-13 4.8224716574e-14 -6.0037398333e+06 2.2271099186e+06 2.6425350124e-18 1.5540970091e-17 -9.9706318572e+02 -3.7592652255e+03 -4.6477612288e+11 7.3061820156e+06 6.0856918968e+07 1.5555324631e+00 1.8949773584e+02 -6.2645230886e+09
1.5934734108e+05 1.8845133784e-13 4.8248896874e-14 -6.0052226574e+06 2.2214746405e+06 2.6223529837e-18 1.5548446164e-17 -9.1051321612e+02 -3.4894829016e+03 -4.7383588708e+11 7.9213296818e+06 6.3194715827e+07 1.5308570582e+00 1.7620762235e+02 -5.4014152331e+09
1.5934887194e+05 1.8845533708e-13 4.8272704944e-14 -6.0065552399e+06 2.2163238012e+06 2.6024813222e-18 1.5555787710e-17 -8.3143910518e+02 -3.2429613582e+03 -4.8151920862e+11 8.4747860624e+06 6.5333992662e+07 1.5162982017e+00 1.6350555158e+02 -4.6528303863e+09
1.5935038824e+05 1.8845926829e-13 4.8296297661e-14 -6.0077602019e+06 2.2115802520e+06 2.5827896727e-18 1.5563045009e-17 -7.5883170244e+02 -3.0166937275e+03 -4.8807159038e+11 8.9743504549e+06 6.7300608108e+07 1.5091063300e+00 1.5145891237e+02 -4.0046786483e+09
1.5935189735e+05 1.8846315120e-13 4.8319789392e-14 -6.0088542169e+06 2.2071869964e+06 2.5631830859e-18 1.5570254676e-17 -6.9191512105e+02 -2.8083608959e+03 -4.9368222539e+11 9.4260508599e+06 6.9114493310e+07 1.5074916205e+00 1.4010462494e+02 -3.4444581885e+09
1.5935340484e+05 1.8846700041e-13 4.8343266842e-14 -6.0098500493e+06 2.2031002623e+06 2.5435896569e-18 1.5577444435e-17 -6.3006717751e+02 -2.6160948935e+03 -4.9850130698e+11 9.8347464219e+06 7.0791691572e+07 1.5102121816e+00 1.2945721456e+02 -2.9610283993e+09
1.5935491505e+05 1.8847082694e-13 4.8366797520e-14 -6.0107577555e+06 2.1992854322e+06 2.5239534713e-18 1.5584635842e-17 -5.7277353475e+02 -2.4383430902e+03 -5.0265055048e+11 1.0204475085e+07 7.2345528980e+07 1.5163616303e+00 1.1951485041e+02 -2.5444782612e+09
1.5935643141e+05 1.8847463922e-13 4.8390434931e-14 -6.0115854422e+06 2.1957144836e+06 2.5042302874e-18 1.5591845956e-17 -5.1959926775e+02 -2.2737842953e+03 -5.0623006971e+11 1.0538669501e+07 7.3787337541e+07 1.5252500700e+00 1.1026388871e+02 -2.1860234209e+09
1.5935795666e+05 1.8847844366e-13 4.8414221920e-14 -6.0123397693e+06 2.1923642950e+06 2.4843847514e-18 1.5599088426e-17 -4.7017021688e+02 -2.1212739117e+03 -5.0932312439e+11 1.0840298892e+07 7.5126927830e+07 1.5363331800e+00 1.0168231609e+02 -1.8779112175e+09
1.5935949299e+05 1.8848224514e-13 4.8438192915e-14 -6.0130262994e+06 2.1892154783e+06 2.4643885255e-18 1.5606374212e-17 -4.2416019858e+02 -1.9798064201e+03 -5.1199954030e+11 1.1111966587e+07 7.6372912223e+07 1.5491678443e+00 9.3742373526e+01 -1.6133281735e+09
1.5936104216e+05 1.8848604727e-13 4.8462375493e-14 -6.0136497462e+06 2.1862515479e+06 2.4442189876e-18 1.5613712098e-17 -3.8128190360e+02 -1.8484887422e+03 -5.1431825782e+11 1.1355979613e+07 7.7532934342e+07 1.5633837926e+00 8.6412561164e+01 -1.3863095875e+09
1.5936260555e+05 1.8848985261e-13 4.8486791501e-14 -6.0142141584e+06 2.1834583119e+06 2.4238582949e-18 1.5621109055e-17 -3.4128020236e+02 -1.7265206855e+03 -5.1632928347e+11 1.1574400017e+07 7.8613837452e+07 1.5786646141e+00 7.9659167533e+01 -1.1916522581e+09
1.5936418421e+05 1.8849366284e-13 4.8511457883e-14 -6.0147230580e+06 2.1808234172e+06 2.4032926932e-18 1.5628570512e-17 -3.0392708978e+02 -1.6131802022e+03 -5.1807521684e+11 1.1769083700e+07 7.9621791378e+07 1.5947351051e+00 7.3447432346e+01 -1.0248316536e+09
1.5936577895e+05 1.8849747888e-13 4.8536387318e-14 -6.0151795459e+06 2.1783360017e+06 2.3825119871e-18 1.5636100561e-17 -2.6901777140e+02 -1.5078119950e+03 -5.1959246676e+11 1.1941710530e+07 8.0562390592e+07 1.6113524546e+00 6.7742423370e+01 -8.8192448577e+08
1.5936739030e+05 1.8850130103e-13 4.8561588713e-14 -6.0155863853e+06 2.1759864260e+06 2.3615091248e-18 1.5643702123e-17 -2.3636757322e+02 -1.4098185358e+03 -5.2091223385e+11 1.2093808121e+07 8.1440731524e+07 1.6283005522e+00 6.2509690454e+01 -7.5953733232e+08
1.5936901860e+05 1.8850512899e-13 4.8587067611e-14 -6.0159460672e+06 2.1737660613e+06 2.3402798553e-18 1.5651377079e-17 -2.0580944840e+02 -1.3186528309e+03 -5.2206131403e+11 1.2226770984e+07 8.2261474850e+07 1.6453860309e+00 5.7715743530e+01 -6.5474155773e+08
1.5937066398e+05 1.8850896200e-13 4.8612826544e-14 -6.0162608626e+06 2.1716671215e+06 2.3188224357e-18 1.5659126382e-17 -1.7719193539e+02 -1.2338125090e+03 -5.2306276182e+11 1.2341876135e+07 8.3028896427e+07 1.6624355523e+00 5.3328393100e+01 -5.6501457253e+08
1.5937232642e+05 1.8851279887e-13 4.8638865337e-14 -6.0165328653e+06 2.1696825289e+06 2.2971373742e-18 1.5666950159e-17 -1.5037746234e+02 -1.1548349214e+03 -5.2393644233e+11 1.2440295969e+07 8.3746929520e+07 1.6792942006e+00 4.9316983027e+01 -4.8818725261e+08
1.5937400571e+05 1.8851663805e-13 4.8665181387e-14 -6.0167640259e+06 2.1678058054e+06 2.2752271925e-18 1.5674847800e-17 -1.2524091829e+02 -1.0812930233e+03 -5.2469949372e+11 1.2523108988e+07 8.4419200361e+07 1.6958246844e+00 4.5652538564e+01 -4.2239719155e+08
1.5937570154e+05 1.8852047767e-13 4.8691769940e-14 -6.0169561796e+06 2.1660309841e+06 2.2530961989e-18 1.5682818039e-17 -1.0166843359e+02 -1.0127918653e+03 -5.2536671699e+11 1.2591308815e+07 8.5049058474e+07 1.7119064922e+00 4.2307848072e+01 -3.6604738640e+08
1.5937741345e+05 1.8852431563e-13 4.8718624341e-14 -6.0171110690e+06 2.1643525377e+06 2.2307502710e-18 1.5690859043e-17 -7.9556335902e+01 -9.4896559604e+02 -5.2595090564e+11 1.2645811763e+07 8.5639602637e+07 1.7274360429e+00 3.9257494334e+01 -3.1776993270e+08
1.5937914088e+05 1.8852814963e-13 4.8745736302e-14 -6.0172303621e+06 2.1627653199e+06 2.2081966368e-18 1.5698968485e-17 -5.8810240292e+01 -8.8947485389e+02 -5.2646312608e+11 1.2687463273e+07 8.6193703534e+07 1.7423264870e+00 3.6477845786e+01 -2.7639424204e+08
1.5938088321e+05 1.8853197721e-13 4.8773096153e-14 -6.0173156671e+06 2.1612645173e+06 2.1854436580e-18 1.5707143629e-17 -3.9344257545e+01 -8.3400449988e+02 -5.2691295656e+11 1.2717043337e+07 8.6714023502e+07 1.7328460090e+00 3.3947018257e+01 -2.4091934620e+08
1.5938233893e+05 1.8853514477e-13 4.8795966364e-14 -6.0173617474e+06 2.1600821904e+06 2.1664297327e-18 1.5713971027e-17 -2.4115800664e+01 -7.9084167582e+02 -5.2724465017e+11 1.2732934058e+07 8.7121680731e+07 1.5037646177e+00 3.2022412362e+01 -2.1535965411e+08
1.5938355430e+05 1.8853776814e-13 4.8815068148e-14 -6.0173836796e+06 2.1591418610e+06 2.1505526243e-18 1.5719669251e-17 -1.2074388154e+01 -7.5685027071e+02 -5.2749470490e+11 1.2740467973e+07 8.7444637463e+07 1.2842956680e+00 3.0536682257e+01 -1.9647441588e+08
1.5938430811e+05 1.8853938552e-13 4.8826919031e-14 -6.0173900627e+06 2.1585790003e+06 2.1407041123e-18 1.5723202603e-17 -4.8976290818e+00 -7.3664586012e+02 -5.2763872530e+11 1.2742655112e+07 8.7637476134e+07 1.0829482802e+00 2.9666900253e+01 -1.8576309919e+08
1.5938539106e+05 1.8854169613e-13 4.8843949194e-14 -6.0173899469e+06 2.1577964812e+06 2.1265538070e-18 1.5728277723e-17 5.0396251034e+00 -7.0873216313e+02 -5.2783209867e+11 1.2742616149e+07 8.7905051174e+07 1.0675503100e+00 2.8482566184e+01 -1.7158967919e+08
1.5938645861e+05 1.8854395889e-13 4.8860742592e-14 -6.0173795227e+06 2.1570540156e+06 2.1126029937e-18 1.5733279530e-17 1.4422799399e+01 -6.8243427576e+02 -5.2800839592e+11 1.2739058873e+07 8.8158454011e+07 1.2703209657e+00 2.7386217991e+01 -1.5889447169e+08
1.5938772893e+05 1.8854663203e-13 4.8880732686e-14 -6.0173543752e+06 2.1562062045e+06 2.0960001882e-18 1.5739229982e-17 2.5079589272e+01 -6.5262456576e+02 -5.2820142673e+11 1.2730489633e+07 8.8447372643e+07 1.3904181841e+00 2.6167791162e+01 -1.4526796373e+08
1.5938911934e+05 1.8854953371e-13 4.8902621325e-14 -6.0173117425e+06 2.1553204666e+06 2.0778250753e-18 1.5745741366e-17 3.6141840466e+01 -6.2172614623e+02 -5.2839399364e+11 1.2715976994e+07 8.8748895196e+07 1.4737736935e+00 2.4934163622e+01 -1.3199133562e+08
1.5939059312e+05 1.8855258176e-13 4.8925832069e-14 -6.0172502367e+06 2.1544271876e+06 2.0585573760e-18 1.5752641389e-17 4.7216643068e+01 -5.9081064319e+02 -5.2857916481e+11 1.2695046115e+07 8.9052883910e+07 1.5368258183e+00 2.3732169451e+01 -1.1956034930e+08
1.5939212994e+05 1.8855572996e-13 4.8950046663e-14 -6.0171692317e+06 2.1535427891e+06 2.0384621302e-18 1.5759834885e-17 5.8090228617e+01 -5.6043615276e+02 -5.2875396216e+11 1.2667462785e+07 8.9354026632e+07 1.5874743076e+00 2.2585475173e+01 -1.0816700939e+08
1.5939371742e+05 1.8855894949e-13 4.8975070892e-14 -6.0170685541e+06 2.1526767881e+06 2.0177012204e-18 1.5767263760e-17 6.8636699216e+01 -5.3090689809e+02 -5.2891731007e+11 1.2633123632e+07 8.9649390541e+07 1.6300725364e+00 2.1506260581e+01 -9.7859178041e+07
1.5939534749e+05 1.8856222111e-13 4.9000778892e-14 -6.0169483132e+06 2.1518348544e+06 1.9963796846e-18 1.5774890358e-17 7.8778311599e+01 -5.0238663954e+02 -5.2906912001e+11 1.2591995125e+07 8.9937358783e+07 1.6672728518e+00 2.0500383051e+01 -8.8612253882e+07
1.5939701476e+05 1.8856553144e-13 4.9027086440e-14 -6.0168087986e+06 2.1510203409e+06 1.9745679272e-18 1.5782689472e-17 8.8465526427e+01 -4.7495581901e+02 -5.2920982793e+11 1.2544076636e+07 9.0217097068e+07 1.7008374797e+00 1.9569994877e+01 -8.0365306160e+07
1.5939871560e+05 1.8856887093e-13 4.9053936995e-14 -6.0166504134e+06 2.1502351244e+06 1.9523133399e-18 1.5790644166e-17 9.7665997933e+01 -4.4864317505e+02 -5.2934014264e+11 1.2489376248e+07 9.0488259970e+07 1.7320418697e+00 1.8714988613e+01 -7.3040497636e+07
1.5940044764e+05 1.8857223279e-13 4.9081294066e-14 -6.0164736277e+06 2.1494801015e+06 1.9296466529e-18 1.5798743485e-17 1.0635808263e+02 -4.2344441768e+02 -5.2946090300e+11 1.2427893513e+07 9.0750818543e+07 1.7618972457e+00 1.7933841271e+01 -6.6553869246e+07
1.5940220954e+05 1.8857561231e-13 4.9109137086e-14 -6.0162789417e+06 2.1487554925e+06 1.9065853809e-18 1.5806981218e-17 1.1452682252e+02 -3.9933379250e+02 -5.2957299529e+11 1.2359605886e+07 9.1004954595e+07 1.7912869541e+00 1.7224125428e+01 -6.0821371335e+07
1.5940400083e+05 1.8857900655e-13 4.9137459426e-14 -6.0160668543e+06 2.1480610363e+06 1.8831354862e-18 1.5815355288e-17 1.2216136591e+02 -3.7627148153e+02 -5.2967730548e+11 1.2284456734e+07 9.1250994188e+07 1.8210615911e+00 1.6582825021e+01 -5.5762167608e+07
1.5940582189e+05 1.8858241415e-13 4.9166267913e-14 -6.0158378328e+06 2.1473961151e+06 1.8592917984e-18 1.5823867603e-17 1.2925326060e+02 -3.5420842378e+02 -5.2977469277e+11 1.2202343335e+07 9.1489365723e+07 1.8521174313e+00 1.6006531607e+01 -5.1300330565e+07
1.5940767401e+05 1.8858583531e-13 4.9195583590e-14 -6.0155922794e+06 2.1467598345e+06 1.8350374071e-18 1.5832524260e-17 1.3579528831e+02 -3.3308943971e+02 -5.2986597648e+11 1.2113103346e+07 9.1720574643e+07 1.8854759501e+00 1.5491565131e+01 -4.7365572658e+07
1.5940955948e+05 1.8858927195e-13 4.9225443741e-14 -6.0153304926e+06 2.1461510710e+06 1.8103420131e-18 1.5841336132e-17 1.4178063252e+02 -3.1285514360e+02 -5.2995193178e+11 1.2016497879e+07 9.1945190660e+07 1.8986961730e+00 1.5034045667e+01 -4.3893392633e+07
1.5941145818e+05 1.8859268563e-13 4.9255530050e-14 -6.0150561022e+06 2.1455754458e+06 1.7854692984e-18 1.5850209224e-17 1.4713953806e+02 -2.9367492947e+02 -5.3003232460e+11 1.1913508723e+07 9.2161212583e+07 1.9075477746e+00 1.4634555677e+01 -4.0860073400e+07
1.5941336573e+05 1.8859606766e-13 4.9285773583e-14 -6.0147708147e+06 2.1450327264e+06 1.7604764915e-18 1.5859123249e-17 1.5186671214e+02 -2.7552955575e+02 -5.3010768156e+11 1.1804432660e+07 9.2368682820e+07 1.9172931347e+00 1.4288530822e+01 -3.8210287182e+07
1.5941528302e+05 1.8859941893e-13 4.9316188760e-14 -6.0144756029e+06 2.1445210871e+06 1.7353518960e-18 1.5868082510e-17 1.5597358599e+02 -2.5835203771e+02 -5.3017866496e+11 1.1689297004e+07 9.2568196428e+07 1.9278681224e+00 1.3990296314e+01 -3.5887395047e+07
1.5941721089e+05 1.8860274010e-13 4.9346789014e-14 -6.0141714346e+06 2.1440388555e+06 1.7100846506e-18 1.5877091000e-17 1.5947141806e+02 -2.4208541774e+02 -5.3024583703e+11 1.1568132587e+07 9.2760261404e+07 1.9391685657e+00 1.3734398447e+01 -3.3842504989e+07
1.5941915006e+05 1.8860603160e-13 4.9377586155e-14 -6.0138592819e+06 2.1435844970e+06 1.6846652557e-18 1.5886152222e-17 1.6237217407e+02 -2.2668196777e+02 -5.3030967248e+11 1.1440984387e+07 9.2945304346e+07 1.9509205790e+00 1.3515579775e+01 -3.2033340760e+07
1.5942110098e+05 1.8860929330e-13 4.9408587669e-14 -6.0135401505e+06 2.1431566253e+06 1.6590878000e-18 1.5895268391e-17 1.6468928194e+02 -2.1210323454e+02 -5.3037056529e+11 1.1307931238e+07 9.3123665338e+07 1.9626302047e+00 1.3328785045e+01 -3.0423436361e+07
1.5942306361e+05 1.8861252422e-13 4.9439793202e-14 -6.0132151166e+06 2.1427540122e+06 1.6333528495e-18 1.5904439408e-17 1.6643853748e+02 -1.9831998188e+02 -5.3042883370e+11 1.1169110786e+07 9.3295592299e+07 1.9735396297e+00 1.3169180249e+01 -2.8981489783e+07
1.5942503715e+05 1.8861572217e-13 4.9471190344e-14 -6.0128853694e+06 2.1423755932e+06 1.6074709130e-18 1.5913661628e-17 1.6763916842e+02 -1.8531188672e+02 -5.3048472400e+11 1.1024749224e+07 9.3461236202e+07 1.9826139959e+00 1.3032185832e+01 -2.7680849414e+07
1.5942701976e+05 1.8861888338e-13 4.9502750177e-14 -6.0125522508e+06 2.1420204633e+06 1.5814660842e-18 1.5922926561e-17 1.6831501651e+02 -1.7306674562e+02 -5.3053841420e+11 1.0875193095e+07 9.3620650084e+07 1.9885921091e+00 1.2913524163e+01 -2.6499097894e+07
1.5942900835e+05 1.8862200234e-13 4.9534423623e-14 -6.0122172819e+06 2.1416878556e+06 1.5553790201e-18 1.5932219818e-17 1.6849569935e+02 -1.6157888684e+02 -5.3059001921e+11 1.0720936953e+07 9.3773796214e+07 1.9901335971e+00 1.2809279453e+01 -2.5417688304e+07
1.5943099849e+05 1.8862507177e-13 4.9566140124e-14 -6.0118821570e+06 2.1413770957e+06 1.5292679909e-18 1.5941520734e-17 1.6821747803e+02 -1.5084653385e+02 -5.3063959963e+11 1.0562637005e+07 9.3920566286e+07 1.9860694837e+00 1.2715964694e+01 -2.4421579811e+07
1.5943298456e+05 1.8862808312e-13 4.9597810309e-14 -6.0115486893e+06 2.1410875315e+06 1.5032066414e-18 1.5950803170e-17 1.6752344294e+02 -1.4086812210e+02 -5.3068717551e+11 1.0401099327e+07 9.4060817492e+07 1.9757014497e+00 1.2630585155e+01 -2.3498822891e+07
1.5943496026e+05 1.8863102739e-13 4.9629333457e-14 -6.0112187036e+06 2.1408184480e+06 1.4772778216e-18 1.5960037707e-17 1.6646265288e+02 -1.3163806514e+02 -5.3073274493e+11 1.0237235700e+07 9.4194421633e+07 1.9590344350e+00 1.2550683876e+01 -2.2640070206e+07
1.5943691929e+05 1.8863389625e-13 4.9660608690e-14 -6.0108938948e+06 2.1405689901e+06 1.4515643581e-18 1.5969194936e-17 1.6508811963e+02 -1.2314296218e+02 -5.3077630456e+11 1.0071991363e+07 9.4321316976e+07 1.9368223734e+00 1.2474354759e+01 -2.1838033369e+07
1.5943885611e+05 1.8863668305e-13 4.9691546952e-14 -6.0105756900e+06 2.1403381182e+06 1.4261392174e-18 1.5978248954e-17 1.6345395988e+02 -1.1535935646e+02 -5.3081786731e+11 9.9062620652e+06 9.4441548223e+07 1.9103918268e+00 1.2400215732e+01 -2.1086947566e+07
1.5944076651e+05 1.8863938357e-13 4.9722080199e-14 -6.0102651546e+06 2.1401246122e+06 1.4010579777e-18 1.5987180048e-17 1.6161238892e+02 -1.0825366412e+02 -5.3085747301e+11 9.7408235484e+06 9.4555283101e+07 1.8813299065e+00 1.2327345876e+01 -2.0382115828e+07
1.5944264784e+05 1.8864199619e-13 4.9752165632e-14 -6.0099629643e+06 2.1399271171e+06 1.3763553939e-18 1.5995975912e-17 1.5961125688e+02 -1.0178404411e+02 -5.3089519057e+11 9.5762900957e+06 9.4662803771e+07 1.8511748834e+00 1.2255200061e+01 -1.9719574948e+07
1.5944449901e+05 1.8864452156e-13 4.9781784993e-14 -6.0096694364e+06 2.1397442124e+06 1.3520460254e-18 1.6004631424e-17 1.5749253357e+02 -9.5903353262e+01 -5.3093111349e+11 9.4131053988e+06 9.4764480359e+07 1.8212121494e+00 1.2183517765e+01 -1.9095881688e+07
1.5944632022e+05 1.8864696215e-13 4.9810940576e-14 -6.0093845977e+06 2.1395744807e+06 1.3281275451e-18 1.6013147465e-17 1.5529175986e+02 -9.0562222503e+01 -5.3096535203e+11 9.2515576578e+06 9.4860737773e+07 1.7923944401e+00 1.2112239278e+01 -1.8507987658e+07
1.5944811262e+05 1.8864932158e-13 4.9839649965e-14 -6.0091082620e+06 2.1394165630e+06 1.3045851002e-18 1.6021529372e-17 1.5303823029e+02 -8.5711609293e+01 -5.3099802496e+11 9.0918071760e+06 9.4952024730e+07 1.7653544007e+00 1.2041436381e+01 -1.7953166833e+07
1.5944987797e+05 1.8865160416e-13 4.9867940929e-14 -6.0088401023e+06 2.1392691940e+06 1.2813955117e-18 1.6029785435e-17 1.5075560288e+02 -8.1304579998e+01 -5.3102925276e+11 8.9339166207e+06 9.5038789686e+07 1.7404622274e+00 1.1971259165e+01 -1.7428968724e+07
1.5945161843e+05 1.8865381449e-13 4.9895847249e-14 -6.0085797084e+06 2.1391312207e+06 1.2585307192e-18 1.6037925678e-17 1.4846268568e+02 -7.7297363655e+01 -5.3105915279e+11 8.7778782836e+06 9.5121464556e+07 1.7178944602e+00 1.1901897515e+01 -1.6933182744e+07
1.5945161843e+05 1.8865381449e-13 4.9895847249e-14 -6.0085797084e+06 2.1391312207e+06 1.2585307192e-18 1.6037925678e-17 1.4846268568e+02 -7.7297363655e+01 -5.3105915279e+11 8.7778782836e+06 9.5121464556e+07 1.7178944602e+00 1.1901897515e+01 -1.6933182744e+07
