0.0000000000e+00 0.0000000000e+00 0.0000000000e+00 3.1415900000e+08 0.0000000000e+00 0.0000000000e+00 0.0000000000e+00 -1.1783877990e+03 2.2672052040e+02 -4.6638893078e+09 -1.0016296292e+07 1.9271244234e+06 1.0000000000e+01 0.0000000000e+00 -0.0000000000e+00
1.0000000000e+01 2.8740014370e-22 6.9138607062e-28 3.1414721592e+08 2.2672052035e+03 5.7480747453e-23 2.0741971140e-28 -1.1784281843e+03 2.2672052025e+02 -4.6638893078e+09 -1.0016296292e+07 1.9271244234e+06 5.0000000000e+01 0.0000000000e+00 -0.0000000000e+00
6.0000000000e+01 1.0347699089e-20 1.4938141674e-25 3.1408828946e+08 1.3603231119e+04 3.4494918598e-22 7.4699115766e-27 -1.1786301562e+03 2.2672051515e+02 -4.6638893078e+09 -1.0016296292e+07 1.9271244234e+06 2.5000000000e+02 0.0000000000e+00 -0.0000000000e+00
3.1000000000e+02 2.7639896801e-19 2.0631906337e-23 3.1379350559e+08 7.0283346828e+04 1.7839113331e-21 1.9977987933e-25 -1.1796411541e+03 2.2672038004e+02 -4.6638893078e+09 -1.0016296292e+07 1.9271244234e+06 1.2500000000e+03 0.0000000000e+00 -0.0000000000e+00
1.5600000000e+03 7.0214333139e-18 2.6478725199e-21 3.1231578186e+08 3.5368215146e+05 9.0195262579e-21 5.1070817076e-24 -1.1847248120e+03 2.2671693222e+02 -4.6638893078e+09 -1.0016296292e+07 1.9271244234e+06 3.6000000000e+03 0.0000000000e+00 -0.0000000000e+00
5.1600000000e+03 7.7526288756e-17 9.7818944933e-20 3.0802404990e+08 1.1698091588e+06 3.0247678702e-20 5.7436886511e-23 -1.1996394622e+03 2.2668016592e+02 -4.6638893078e+09 -1.0016296292e+07 1.9271244234e+06 3.6000000000e+03 0.0000000000e+00 -0.0000000000e+00
8.7600000000e+03 2.2552835712e-16 4.8877534242e-19 3.0367786931e+08 1.9857283509e+06 5.2078947758e-20 1.7026848145e-22 -1.2149778550e+03 2.2660089177e+02 -4.6638893076e+09 -1.0016296292e+07 1.9271244234e+06 3.6000000000e+03 0.0000000000e+00 -0.0000000000e+00
1.2360000000e+04 4.5325888773e-16 1.4026654700e-18 2.9927567244e+08 2.8012801359e+06 7.4547124270e-20 3.4888035763e-22 -1.2307637315e+03 2.2647540117e+02 -4.6638893075e+09 -1.0016296292e+07 1.9271244234e+06 3.6000000000e+03 0.0000000000e+00 -0.0000000000e+00
1.5960000000e+04 7.6307570945e-16 3.0866366478e-18 2.9481580271e+08 3.6162908710e+06 9.7688787432e-20 5.9911609774e-22 -1.2470227918e+03 2.2629958848e+02 -4.6638893074e+09 -1.0016296292e+07 1.9271244234e+06 3.6000000000e+03 0.0000000000e+00 -0.0000000000e+00
1.9560000000e+04 1.1574738110e-15 5.8100007133e-18 2.9029650717e+08 4.4305713409e+06 1.2154361261e-19 9.2745913692e-22 -1.2637829113e+03 2.2606889852e+02 -4.6638893072e+09 -1.0016296292e+07 1.9271244234e+06 3.6000000000e+03 0.0000000000e+00 -0.0000000000e+00
2.3160000000e+04 1.6390971045e-15 9.8666897392e-18 2.8571592823e+08 5.2439150323e+06 1.4615472217e-19 1.3411195228e-21 -1.2810743873e+03 2.2577826560e+02 -4.6638893070e+09 -1.0016296292e+07 1.9271244234e+06 3.6000000000e+03 0.0000000000e+00 -0.0000000000e+00
2.6760000000e+04 2.2107515406e-15 1.5578049053e-17 2.8107209448e+08 6.0560961719e+06 1.7156908658e-19 1.8481349659e-21 -1.2989302208e+03 2.2542204252e+02 -4.6638893068e+09 -1.0016296291e+07 1.9271244234e+06 3.6000000000e+03 0.0000000000e+00 -0.0000000000e+00
3.0360000000e+04 2.8754197708e-15 2.3296023875e-17 2.7636291032e+08 6.8668674870e+06 1.9783798462e-19 2.4574889822e-21 -1.3173864395e+03 2.2499391755e+02 -4.6638893066e+09 -1.0016296292e+07 1.9271244234e+06 3.6000000000e+03 0.0000000000e+00 -0.0000000000e+00
3.3960000000e+04 3.6362775884e-15 3.3406807092e-17 2.7158614449e+08 7.6759576431e+06 2.2501753341e-19 3.1792495747e-21 -1.3364824707e+03 2.2448681705e+02 -4.6638893063e+09 -1.0016296292e+07 1.9271244234e+06 3.6000000000e+03 0.0000000000e+00 -0.0000000000e+00
3.7560000000e+04 4.4967124226e-15 4.6335029512e-17 2.6673941702e+08 8.4830682996e+06 2.5316930103e-19 4.0247327150e-21 -1.3562615714e+03 2.2389279054e+02 -4.6638893059e+09 -1.0016296292e+07 1.9271244234e+06 3.6000000000e+03 0.0000000000e+00 -0.0000000000e+00
4.1160000000e+04 5.4603442096e-15 6.2548591043e-17 2.6182018459e+08 9.2878707155e+06 2.8236101771e-19 5.0066959214e-21 -1.3767713282e+03 2.2320287475e+02 -4.6638893055e+09 -1.0016296292e+07 1.9271244234e+06 3.6000000000e+03 0.0000000000e+00 -0.0000000000e+00
4.4760000000e+04 6.5310490300e-15 8.2564252652e-17 2.5682572390e+08 1.0090001821e+07 3.1266740480e-19 6.1395685640e-21 -1.3980642392e+03 2.2240693176e+02 -4.6638893050e+09 -1.0016296292e+07 1.9271244234e+06 3.6000000000e+03 0.0000000000e+00 -0.0000000000e+00
4.8360000000e+04 7.7129859775e-15 1.0695413573e-16 2.5175311283e+08 1.0889059649e+07 3.4417114561e-19 7.4397272379e-21 -1.4201983968e+03 2.2149345557e+02 -4.6638893044e+09 -1.0016296292e+07 1.9271244234e+06 3.6000000000e+03 0.0000000000e+00 -0.0000000000e+00
5.1960000000e+04 9.0106278219e-15 1.3635330943e-16 2.4659920886e+08 1.1684598009e+07 3.7696402781e-19 8.9258267855e-21 -1.4432382901e+03 2.2044933951e+02 -4.6638893037e+09 -1.0016296292e+07 1.9271244234e+06 3.6000000000e+03 0.0000000000e+00 -0.0000000000e+00
5.5560000000e+04 1.0428796148e-14 1.7146868949e-16 2.4136062441e+08 1.2476120229e+07 4.1114829474e-19 1.0619200469e-20 -1.4672557538e+03 2.1925959508e+02 -4.6638893028e+09 -1.0016296292e+07 1.9271244234e+06 3.6000000000e+03 0.0000000000e+00 -0.0000000000e+00
5.9160000000e+04 1.1972701803e-14 2.1308952768e-16 2.3603369838e+08 1.3263071792e+07 4.4683825242e-19 1.2544346670e-20 -1.4923310982e+03 2.1790701001e+02 -4.6638893018e+09 -1.0016296292e+07 1.9271244234e+06 3.6000000000e+03 0.0000000000e+00 -0.0000000000e+00
6.2760000000e+04 1.3647991680e-14 2.6209984184e-16 2.3061446335e+08 1.4044831595e+07 4.8416219217e-19 1.4729524648e-20 -1.5185544592e+03 2.1637172967e+02 -4.6638893004e+09 -1.0016296292e+07 1.9271244234e+06 3.6000000000e+03 0.0000000000e+00 -0.0000000000e+00
6.6360000000e+04 1.5460803096e-14 3.1949322998e-16 2.2509860729e+08 1.4820701549e+07 5.2326470492e-19 1.7207488849e-20 -1.5460274246e+03 2.1463074118e+02 -4.6638892988e+09 -1.0016296292e+07 1.9271244234e+06 3.6000000000e+03 0.0000000000e+00 -0.0000000000e+00
6.9960000000e+04 1.7417827360e-14 3.8639063404e-16 2.1948142899e+08 1.5589894093e+07 5.6430948602e-19 2.0016400709e-20 -1.5748650049e+03 2.1265723275e+02 -4.6638892968e+09 -1.0016296292e+07 1.9271244234e+06 3.6000000000e+03 0.0000000000e+00 -0.0000000000e+00
7.3560000000e+04 1.9526384498e-14 4.6406178104e-16 2.1375778548e+08 1.6351517133e+07 6.0748275900e-19 2.3200969897e-20 -1.6051980386e+03 2.1041979190e+02 -4.6638892943e+09 -1.0016296292e+07 1.9271244234e+06 3.6000000000e+03 0.0000000000e+00 -0.0000000000e+00
7.7160000000e+04 2.1794511671e-14 5.5395124761e-16 2.0792202993e+08 1.7104555725e+07 6.5299748751e-19 2.6813895072e-20 -1.6371761514e+03 2.0788139318e+02 -4.6638892910e+09 -1.0016296292e+07 1.9271244234e+06 3.6000000000e+03 0.0000000000e+00 -0.0000000000e+00
8.0760000000e+04 2.4231068504e-14 6.5771038885e-16 2.0196793769e+08 1.7847849646e+07 7.0109860060e-19 3.0917699727e-20 -1.6709714276e+03 2.0499810831e+02 -4.6638892869e+09 -1.0016296292e+07 1.9271244234e+06 3.6000000000e+03 0.0000000000e+00 -0.0000000000e+00
8.4360000000e+04 2.6845863480e-14 7.7723677871e-16 1.9588861743e+08 1.8580065684e+07 7.5206953457e-19 3.5587095193e-20 -1.7067830061e+03 2.0171744599e+02 -4.6638892815e+09 -1.0016296292e+07 1.9271244234e+06 3.6000000000e+03 0.0000000000e+00 -0.0000000000e+00
8.7960000000e+04 2.9649806867e-14 9.1472337351e-16 1.8967640372e+08 1.9299663094e+07 8.0624050473e-19 4.0912055777e-20 -1.7448428924e+03 1.9797619133e+02 -4.6638892743e+09 -1.0016296292e+07 1.9271244234e+06 3.6000000000e+03 0.0000000000e+00 -0.0000000000e+00
9.1560000000e+04 3.2655097356e-14 1.0727204074e-15 1.8332272590e+08 2.0004850110e+07 8.6399907857e-19 4.7001869047e-20 -1.7854233869e+03 1.9369756017e+02 -4.6638892648e+09 -1.0016296292e+07 1.9271244234e+06 3.6000000000e+03 0.0000000000e+00 -0.0000000000e+00
9.5160000000e+04 3.5875452065e-14 1.2542141715e-15 1.7681794649e+08 2.0693528600e+07 9.2580385221e-19 5.3990541370e-20 -1.8288466938e+03 1.8878740122e+02 -4.6638892519e+09 -1.0016296292e+07 1.9271244234e+06 3.6000000000e+03 0.0000000000e+00 -0.0000000000e+00
9.8760000000e+04 3.9326393020e-14 1.4627284966e-15 1.7015115990e+08 2.1363222762e+07 9.9220237450e-19 6.2044118025e-20 -1.8754975144e+03 1.8312905301e+02 -4.6638892340e+09 -1.0016296292e+07 1.9271244234e+06 3.6000000000e+03 0.0000000000e+00 -0.0000000000e+00
1.0236000000e+05 4.3025608194e-14 1.7024572378e-15 1.6330993876e+08 2.2010986042e+07 1.0638549813e-18 7.1370757434e-20 -1.9258397929e+03 1.7657626588e+02 -4.6638892088e+09 -1.0016296292e+07 1.9271244234e+06 3.6000000000e+03 0.0000000000e+00 -0.0000000000e+00
1.0596000000e+05 4.6993412532e-14 1.9784398264e-15 1.5628001004e+08 2.2633277795e+07 1.1415670049e-18 8.2234847858e-20 -1.9804393465e+03 1.6894328376e+02 -4.6638891726e+09 -1.0016296292e+07 1.9271244234e+06 3.6000000000e+03 0.0000000000e+00 -0.0000000000e+00
1.0956000000e+05 5.1253345359e-14 2.2967978064e-15 1.4904483527e+08 2.3225797097e+07 1.2263330987e-18 9.4977192966e-20 -2.0399950067e+03 1.5999066200e+02 -4.6638891191e+09 -1.0016296292e+07 1.9271244234e+06 3.6000000000e+03 0.0000000000e+00 -0.0000000000e+00
1.1316000000e+05 5.5832957458e-14 2.6650596190e-15 1.4158505761e+08 2.3783254554e+07 1.3193994906e-18 1.1004454353e-19 -2.1053823587e+03 1.4940451876e+02 -4.6638890379e+09 -1.0016296292e+07 1.9271244234e+06 3.3313079295e+03 0.0000000000e+00 -0.0000000000e+00
1.1615547989e+05 5.9910502038e-14 3.0162066638e-15 1.3519038581e+08 2.4215679531e+07 1.4042936198e-18 1.2477753380e-19 -2.1650279752e+03 1.3905329312e+02 -4.6638889891e+09 -1.0016296292e+07 1.9271244234e+06 3.0148592257e+03 0.0000000000e+00 -0.0000000000e+00
1.1917033912e+05 6.4283016008e-14 3.4178154669e-15 1.2856563561e+08 2.4617044363e+07 1.4978113317e-18 1.4210560254e-19 -2.2307324193e+03 1.2687879589e+02 -4.6638889138e+09 -1.0016296292e+07 1.9271244234e+06 2.7226559193e+03 0.0000000000e+00 -0.0000000000e+00
1.2161715790e+05 6.8047884659e-14 3.7850328340e-15 1.2303718178e+08 2.4913785790e+07 1.5806740912e-18 1.5842761595e-19 -2.2889508193e+03 1.1541114129e+02 -4.6638888746e+09 -1.0016296292e+07 1.9271244234e+06 2.4634099022e+03 0.0000000000e+00 -0.0000000000e+00
1.2408056781e+05 7.2051935116e-14 4.1980621411e-15 1.1732113086e+08 2.5182101833e+07 1.6714749349e-18 1.7736493367e-19 -2.3527464239e+03 1.0210600465e+02 -4.6638888155e+09 -1.0016296292e+07 1.9271244234e+06 2.2234825660e+03 0.0000000000e+00 -0.0000000000e+00
1.2607555480e+05 7.5465110866e-14 4.5690544374e-15 1.1257220540e+08 2.5373751500e+07 1.7512866120e-18 1.9492470644e-19 -2.4088211692e+03 8.9768714884e+01 -4.6638887860e+09 -1.0016296291e+07 1.9271244234e+06 2.0098801217e+03 0.0000000000e+00 -0.0000000000e+00
1.2788313207e+05 7.8700244560e-14 4.9373151237e-15 1.0816921153e+08 2.5524830733e+07 1.8291838251e-18 2.1289399163e-19 -2.4635508347e+03 7.7143706519e+01 -4.6638887609e+09 -1.0016296291e+07 1.9271244234e+06 1.8215658319e+03 0.0000000000e+00 -0.0000000000e+00
1.2951520554e+05 8.1746523342e-14 5.2993562707e-15 1.0410571643e+08 2.5640489429e+07 1.9047080021e-18 2.3110483396e-19 -2.5166132329e+03 6.4348982940e+01 -4.6638887402e+09 -1.0016296291e+07 1.9271244234e+06 1.6462684136e+03 0.0000000000e+00 -0.0000000000e+00
1.3098114410e+05 8.4591328309e-14 5.6512756548e-15 1.0037954581e+08 2.5725593364e+07 1.9772944308e-18 2.4934450573e-19 -2.5676116038e+03 5.1534004139e+01 -4.6638887239e+09 -1.0016296291e+07 1.9271244234e+06 1.4810163581e+03 0.0000000000e+00 -0.0000000000e+00
1.3228617005e+05 8.7216225466e-14 5.9882158584e-15 9.6997497296e+07 2.5784739303e+07 2.0461629150e-18 2.6732265811e-19 -2.6159977906e+03 3.8902765782e+01 -4.6638887118e+09 -1.0016296291e+07 1.9271244234e+06 1.3222130427e+03 0.0000000000e+00 -0.0000000000e+00
1.3342899304e+05 8.9590839024e-14 6.3034514919e-15 9.3982433082e+07 2.5822359878e+07 2.1101364386e-18 2.8461393963e-19 -2.6609448356e+03 2.6754114818e+01 -4.6638887037e+09 -1.0016296291e+07 1.9271244234e+06 1.1648818240e+03 0.0000000000e+00 -0.0000000000e+00
1.3439451120e+05 9.1655500062e-14 6.5858208437e-15 9.1394071710e+07 2.5842873273e+07 2.1671288979e-18 3.0050093363e-19 -2.7009870670e+03 1.5592099734e+01 -4.6638886994e+09 -1.0016296291e+07 1.9271244234e+06 1.0011238531e+03 0.0000000000e+00 -0.0000000000e+00
1.3511437196e+05 9.3231410981e-14 6.8066629673e-15 8.9438580100e+07 2.5850919401e+07 2.2115314703e-18 3.1319548182e-19 -2.7321837920e+03 6.6730595226e+00 -4.6638886981e+09 -1.0016296291e+07 1.9271244234e+06 8.2412313800e+02 0.0000000000e+00 -0.0000000000e+00
1.3584908244e+05 9.4873444936e-14 7.0417801657e-15 8.7419132499e+07 2.5852302766e+07 2.2586651865e-18 3.2697638143e-19 -2.7652993865e+03 -3.0092384149e+00 -4.6638886965e+09 -1.0016296292e+07 1.9271244234e+06 6.9823895911e+02 0.0000000000e+00 -0.0000000000e+00
1.3654732139e+05 9.6466700378e-14 7.2749046731e-15 8.5476933699e+07 2.5846817330e+07 2.3052808314e-18 3.4091692187e-19 -2.7980509902e+03 -1.2803698118e+01 -4.6638886950e+09 -1.0016296292e+07 1.9271244234e+06 8.6207998924e+02 0.0000000000e+00 -0.0000000000e+00
1.3740940138e+05 9.8479766478e-14 7.5766562785e-15 8.3046712600e+07 2.5830261425e+07 2.3654785802e-18 3.5937975110e-19 -2.8403452203e+03 -2.5775464728e+01 -4.6638886897e+09 -1.0016296291e+07 1.9271244234e+06 9.4465761786e+02 0.0000000000e+00 -0.0000000000e+00
1.3835405900e+05 1.0074690282e-13 7.9263858286e-15 8.0340676268e+07 2.5798718825e+07 2.4351005386e-18 3.8138498385e-19 -2.8892607892e+03 -4.1236082372e+01 -4.6638886792e+09 -1.0016296291e+07 1.9271244234e+06 9.8500940875e+02 0.0000000000e+00 -0.0000000000e+00
1.3933906841e+05 1.0318307381e-13 8.3142593477e-15 7.7468328122e+07 2.5749525299e+07 2.5121996527e-18 4.0657656253e-19 -2.9434297197e+03 -5.8935389180e+01 -4.6638886622e+09 -1.0016296291e+07 1.9271244234e+06 9.9987806382e+02 0.0000000000e+00 -0.0000000000e+00
1.4033894647e+05 1.0573625131e-13 8.7346770595e-15 7.4496251534e+07 2.5680837636e+07 2.5957105730e-18 4.3484881875e-19 -3.0021035098e+03 -7.8799143786e+01 -4.6638886378e+09 -1.0016296291e+07 1.9271244234e+06 9.9778656722e+02 0.0000000000e+00 -0.0000000000e+00
1.4133673304e+05 1.0837022638e-13 9.1839287806e-15 7.1469872124e+07 2.5591417352e+07 2.6849733500e-18 4.6621448800e-19 -3.0648184868e+03 -1.0083629400e+02 -4.6638886050e+09 -1.0016296292e+07 1.9271244234e+06 9.8385126136e+02 0.0000000000e+00 -0.0000000000e+00
1.4232058430e+05 1.1105779548e-13 9.6592869847e-15 6.8422259370e+07 2.5480495540e+07 2.7795467226e-18 5.0075459465e-19 -3.1312646257e+03 -1.2510376657e+02 -4.6638885630e+09 -1.0016296292e+07 1.9271244234e+06 9.6147555464e+02 0.0000000000e+00 -0.0000000000e+00
1.4328205986e+05 1.1377752610e-13 1.0158590279e-14 6.5378417570e+07 2.5347677158e+07 2.8791204121e-18 5.3859602678e-19 -3.2012239285e+03 -1.5169071159e+02 -4.6638885108e+09 -1.0016296292e+07 1.9271244234e+06 9.3307473595e+02 0.0000000000e+00 -0.0000000000e+00
1.4421513459e+05 1.1651201090e-13 1.0680028317e-14 6.2357676838e+07 2.5192868117e+07 2.9834682006e-18 5.7990040585e-19 -3.2745374571e+03 -1.8071068240e+02 -4.6638884476e+09 -1.0016296291e+07 1.9271244234e+06 9.0043568638e+02 0.0000000000e+00 -0.0000000000e+00
1.4511557028e+05 1.1924683274e-13 1.1222021734e-14 5.9375160759e+07 2.5016217166e+07 3.0924203131e-18 6.2485827714e-19 -3.3510859295e+03 -2.1229755385e+02 -4.6638883724e+09 -1.0016296292e+07 1.9271244234e+06 8.6491629331e+02 0.0000000000e+00 -0.0000000000e+00
1.4598048657e+05 1.2196990484e-13 1.1783151569e-14 5.6442755527e+07 2.4818068217e+07 3.2058458932e-18 6.7368609801e-19 -3.4307774077e+03 -2.4660340634e+02 -4.6638882842e+09 -1.0016296292e+07 1.9271244234e+06 8.2756591652e+02 0.0000000000e+00 -0.0000000000e+00
1.4680805249e+05 1.2467102414e-13 1.2362116423e-14 5.3569787308e+07 2.4598920497e+07 3.3236411559e-18 7.2662483617e-19 -3.5135389735e+03 -2.8379754096e+02 -4.6638881822e+09 -1.0016296292e+07 1.9271244234e+06 7.8920334362e+02 0.0000000000e+00 -0.0000000000e+00
1.4759725583e+05 1.2734155321e-13 1.2957706024e-14 5.0763517408e+07 2.4359394844e+07 3.4457209067e-18 7.8393957369e-19 -3.5993107701e+03 -3.2406620125e+02 -4.6638880654e+09 -1.0016296292e+07 1.9271244234e+06 7.5047011421e+02 0.0000000000e+00 -0.0000000000e+00
1.4834772595e+05 1.2997418357e-13 1.3568784927e-14 4.8029517464e+07 2.4100204970e+07 3.5720121306e-18 8.4591979078e-19 -3.6880414983e+03 -3.6761277261e+02 -4.6638879327e+09 -1.0016296292e+07 1.9271244234e+06 7.1186867577e+02 0.0000000000e+00 -0.0000000000e+00
1.4905959462e+05 1.3256275254e-13 1.4194282666e-14 4.5371962001e+07 2.3822132854e+07 3.7024488807e-18 9.1288014777e-19 -3.7796848244e+03 -4.1465833166e+02 -4.6638877831e+09 -1.0016296292e+07 1.9271244234e+06 6.7379070069e+02 0.0000000000e+00 -0.0000000000e+00
1.4973338532e+05 1.3510209678e-13 1.4833188114e-14 4.2793861870e+07 2.3526007581e+07 3.8369679772e-18 9.8516166332e-19 -3.8741963590e+03 -4.6544247411e+02 -4.6638876154e+09 -1.0016296292e+07 1.9271244234e+06 6.3653871650e+02 0.0000000000e+00 -0.0000000000e+00
1.5036992404e+05 1.3758793181e-13 1.5484546654e-14 4.0297253967e+07 2.3212687123e+07 3.9755051956e-18 1.0631332336e-18 -3.9715309788e+03 -5.2022438210e+02 -4.6638874287e+09 -1.0016296292e+07 1.9271244234e+06 6.0034302060e+02 0.0000000000e+00 -0.0000000000e+00
1.5097026706e+05 1.4001675042e-13 1.6147459243e-14 3.7883357697e+07 2.2883042619e+07 4.1179917157e-18 1.1471934672e-18 -4.0716403315e+03 -5.7928411328e+02 -4.6638872216e+09 -1.0016296292e+07 1.9271244234e+06 5.6537514574e+02 0.0000000000e+00 -0.0000000000e+00
1.5153564221e+05 1.4238573545e-13 1.6821082797e-14 3.5552705507e+07 2.2537944782e+07 4.2643506586e-18 1.2377728300e-18 -4.1744704029e+03 -6.4292410795e+02 -4.6638869931e+09 -1.0016296292e+07 1.9271244234e+06 5.3175873466e+02 0.0000000000e+00 -0.0000000000e+00
1.5206740094e+05 1.4469268374e-13 1.7504631511e-14 3.3305252775e+07 2.2178252115e+07 4.4144935748e-18 1.3353361109e-18 -4.2799590495e+03 -7.1147092129e+02 -4.6638867418e+09 -1.0016296292e+07 1.9271244234e+06 4.9957841717e+02 0.0000000000e+00 -0.0000000000e+00
1.5256697936e+05 1.4693593893e-13 1.8197378878e-14 3.1140470962e+07 2.1804800643e+07 4.5683167596e-18 1.4403852304e-18 -4.3880334094e+03 -7.8527719678e+02 -4.6638864666e+09 -1.0016296291e+07 1.9271244234e+06 4.6888711843e+02 0.0000000000e+00 -0.0000000000e+00
1.5303586648e+05 1.4911433170e-13 1.8898660276e-14 2.9057426971e+07 2.1418394915e+07 4.7256972815e-18 1.5534624284e-18 -4.4986071126e+03 -8.6472390578e+02 -4.6638861662e+09 -1.0016296291e+07 1.9271244234e+06 4.3971211173e+02 0.0000000000e+00 -0.0000000000e+00
1.5347557859e+05 1.5122712625e-13 1.9607876055e-14 2.7054850987e+07 2.1019800011e+07 4.8864886043e-18 1.6751538783e-18 -4.6115772043e+03 -9.5022288678e+02 -4.6638858392e+09 -1.0016296292e+07 1.9271244234e+06 4.1206005570e+02 0.0000000000e+00 -0.0000000000e+00
1.5388763864e+05 1.5327397215e-13 2.0324495147e-14 2.5131194596e+07 2.0609734338e+07 5.0505156741e-18 1.8060937899e-18 -4.7268206938e+03 -1.0422197282e+03 -4.6638854845e+09 -1.0016296291e+07 1.9271244234e+06 3.8592120045e+02 0.0000000000e+00 -0.0000000000e+00
1.5427355984e+05 1.5525486095e-13 2.1048059221e-14 2.3284680592e+07 2.0188862988e+07 5.2175693245e-18 1.9469690814e-18 -4.8441906232e+03 -1.1411970507e+03 -4.6638851007e+09 -1.0016296291e+07 1.9271244234e+06 3.6127291024e+02 0.0000000000e+00 -0.0000000000e+00
1.5463483275e+05 1.5717008713e-13 2.1778187525e-14 2.1513345621e+07 1.9757791413e+07 5.3873998255e-18 2.0985247208e-18 -4.9635115352e+03 -1.2476782599e+03 -4.6638846866e+09 -1.0016296291e+07 1.9271244234e+06 3.3808261824e+02 0.0000000000e+00 -0.0000000000e+00
1.5497291537e+05 1.5902021291e-13 2.2514582562e-14 1.9815076582e+07 1.9317059190e+07 5.5597093636e-18 2.2615698642e-18 -5.0845741896e+03 -1.3622318595e+03 -4.6638842410e+09 -1.0016296291e+07 1.9271244234e+06 3.1631031297e+02 0.0000000000e+00 -0.0000000000e+00
1.5528922569e+05 1.6080603674e-13 2.3257036826e-14 1.8187641558e+07 1.8867133599e+07 5.7341431883e-18 2.4369849555e-18 -5.2071293426e+03 -1.4854764389e+03 -4.6638837630e+09 -1.0016296291e+07 1.9271244234e+06 2.9591063626e+02 0.0000000000e+00 -0.0000000000e+00
1.5558513632e+05 1.6252856517e-13 2.4005440910e-14 1.6628715865e+07 1.8408402707e+07 5.9102790883e-18 2.6257299951e-18 -5.3308803537e+03 -1.6180864832e+03 -4.6638832515e+09 -1.0016296291e+07 1.9271244234e+06 2.7683466452e+02 0.0000000000e+00 -0.0000000000e+00
1.5586197099e+05 1.6418898802e-13 2.4759793415e-14 1.5135903714e+07 1.7941167611e+07 6.0876147639e-18 2.8288542515e-18 -5.4554743131e+03 -1.7607991961e+03 -4.6638827058e+09 -1.0016296291e+07 1.9271244234e+06 2.5903143099e+02 0.0000000000e+00 -0.0000000000e+00
1.5612100242e+05 1.6578865669e-13 2.5520213178e-14 1.3706755847e+07 1.7465633372e+07 6.2655525249e-18 3.0475077692e-18 -5.5804912906e+03 -1.9144225852e+03 -4.6638821255e+09 -1.0016296291e+07 1.9271244234e+06 2.4244924923e+02 0.0000000000e+00 -0.0000000000e+00
1.5636345167e+05 1.6732906562e-13 2.6286954599e-14 1.2338783419e+07 1.6981898090e+07 6.4433805530e-18 3.2829551458e-18 -5.7054311710e+03 -2.0798451420e+03 -4.6638815106e+09 -1.0016296291e+07 1.9271244234e+06 2.2703689016e+02 0.0000000000e+00 -0.0000000000e+00
1.5659048856e+05 1.6881183692e-13 2.7060427069e-14 1.1029468245e+07 1.6489939355e+07 6.6202497015e-18 3.5365922122e-18 -5.8296973540e+03 -2.2580475609e+03 -4.6638808614e+09 -1.0016296291e+07 1.9271244234e+06 2.1274466677e+02 0.0000000000e+00 -0.0000000000e+00
1.5680323322e+05 1.7023870839e-13 2.7841219911e-14 9.7762694202e+06 1.5989597071e+07 6.7951444098e-18 3.8099664773e-18 -5.9525763184e+03 -2.4501171034e+03 -4.6638801792e+09 -1.0016296291e+07 1.9271244234e+06 1.9952548958e+02 0.0000000000e+00 -0.0000000000e+00
1.5700275871e+05 1.7161152507e-13 2.8630134821e-14 8.5766261695e+06 1.5480551260e+07 6.9668457394e-18 4.1048025285e-18 -6.0732116526e+03 -2.6572654443e+03 -4.6638794660e+09 -1.0016296291e+07 1.9271244234e+06 1.8733596339e+02 0.0000000000e+00 -0.0000000000e+00
1.5719009468e+05 1.7293223494e-13 2.9428228642e-14 7.4279565388e+06 1.4962292838e+07 7.1338836731e-18 4.4230340559e-18 -6.1905705397e+03 -2.8808511716e+03 -4.6638787251e+09 -1.0016296291e+07 1.9271244234e+06 1.7613762242e+02 0.0000000000e+00 -0.0000000000e+00
1.5736623230e+05 1.7420288932e-13 3.0236870612e-14 6.3276512946e+06 1.4434084516e+07 7.2944744872e-18 4.7668448754e-18 -6.3033997563e+03 -3.1224086085e+03 -4.6638779615e+09 -1.0016296291e+07 1.9271244234e+06 1.6589842908e+02 0.0000000000e+00 -0.0000000000e+00
1.5753213073e+05 1.7542564904e-13 3.1057820207e-14 5.2730620143e+06 1.3894907567e+07 7.4464369074e-18 5.1387223688e-18 -6.4101667650e+03 -3.3836853603e+03 -4.6638771825e+09 -1.0016296291e+07 1.9271244234e+06 1.5659472663e+02 0.0000000000e+00 -0.0000000000e+00
1.5768872546e+05 1.7660279778e-13 3.1893334856e-14 4.2614818424e+06 1.3343388043e+07 7.5870773514e-18 5.5415283314e-18 -6.5089790863e+03 -3.6666920908e+03 -4.6638763984e+09 -1.0016296291e+07 1.9271244234e+06 1.4821391545e+02 0.0000000000e+00 -0.0000000000e+00
1.5783693937e+05 1.7773676437e-13 3.2746321778e-14 3.2901167900e+06 1.2777692602e+07 7.7130288714e-18 5.9785945267e-18 -6.5974711426e+03 -3.9737696577e+03 -4.6638756237e+09 -1.0016296291e+07 1.9271244234e+06 1.4075825028e+02 0.0000000000e+00 -0.0000000000e+00
1.5797769762e+05 1.7883015597e-13 3.3620556148e-14 2.3560449110e+06 1.2195378602e+07 7.8200186278e-18 6.4538535039e-18 -6.6726408867e+03 -4.3076810238e+03 -4.6638748785e+09 -1.0016296291e+07 1.9271244234e+06 1.3023545291e+02 0.0000000000e+00 -0.0000000000e+00
1.5808653428e+05 1.7968514272e-13 3.4345136046e-14 1.6270894829e+06 1.1710972796e+07 7.8888377646e-18 6.8685627196e-18 -6.7209924025e+03 -4.5990508398e+03 -4.6638746361e+09 -1.0016296291e+07 1.9271244234e+06 1.1154286199e+02 0.0000000000e+00 -0.0000000000e+00
1.5817856776e+05 1.8041332991e-13 3.4994831885e-14 1.0070226058e+06 1.1275370020e+07 7.9330386322e-18 7.2561022972e-18 -6.7520474121e+03 -4.8713315877e+03 -4.6638745217e+09 -1.0016296291e+07 1.9271244234e+06 9.5158301235e+01 8.5604754486e-293 -6.0582353105e-285
1.5825197386e+05 1.8099657936e-13 3.5539654359e-14 5.1073754581e+05 1.0909226829e+07 7.9559008191e-18 7.5921439584e-18 -6.7681101157e+03 -5.1074305054e+03 -4.6638744833e+09 -1.0016296291e+07 1.9271244234e+06 7.9025888607e+01 7.8148310100e-269 -5.6322549598e-261
1.5829318559e+05 1.8132461314e-13 3.5856631529e-14 2.3170147370e+05 1.0695865943e+07 7.9627469204e-18 7.7921208668e-18 -6.7729201059e+03 -5.2479319286e+03 -4.6638744811e+09 -1.0016296291e+07 1.9271244234e+06 6.5245419974e+01 1.8625968132e-255 -1.3565161420e-247
1.5835843101e+05 1.8184422943e-13 3.6375817241e-14 -2.1025922746e+05 1.0345884645e+07 7.9629707730e-18 8.1264468824e-18 -6.7730773821e+03 -5.4828254539e+03 -4.6638744608e+09 -1.0016296292e+07 1.9271244234e+06 6.2193487187e+01 2.0238165124e-234 -1.4990419352e-226
1.5842062450e+05 1.8233911335e-13 3.6891692669e-14 -6.3124689015e+05 9.9975371789e+06 7.9487861367e-18 8.4665038327e-18 -6.7631114235e+03 -5.7217454665e+03 -4.6638744462e+09 -1.0016296292e+07 1.9271244234e+06 7.5017758621e+01 1.4291894276e-214 -1.0761747913e-206
1.5849564226e+05 1.8293408502e-13 3.7543113047e-14 -1.1376669963e+06 9.5568649502e+06 7.9087746902e-18 8.9060908428e-18 -6.7349998519e+03 -6.0305941282e+03 -4.6638744164e+09 -1.0016296292e+07 1.9271244234e+06 8.1836090580e+01 5.7424647907e-191 -4.4126905135e-183
1.5857747835e+05 1.8357835485e-13 3.8292871243e-14 -1.6867580507e+06 9.0486475836e+06 7.8297401626e-18 9.4241571536e-18 -6.6794711227e+03 -6.3945814233e+03 -4.6638743819e+09 -1.0016296292e+07 1.9271244234e+06 8.6083592864e+01 9.2941966141e-166 -7.3051492250e-158
1.5866356194e+05 1.8424704331e-13 3.9129187327e-14 -2.2580105514e+06 8.4805786587e+06 7.6964743717e-18 1.0013853166e-17 -6.5858401458e+03 -6.8088949037e+03 -4.6638743304e+09 -1.0016296292e+07 1.9271244234e+06 8.9755567108e+01 4.9918050660e-140 -4.0193505047e-132
1.5875331751e+05 1.8492909974e-13 4.0057390528e-14 -2.8429822394e+06 7.8487834387e+06 7.4884946282e-18 1.0677094241e-17 -6.4397160249e+03 -7.2748802807e+03 -4.6638741613e+09 -1.0016296292e+07 1.9271244234e+06 9.4989953984e+01 2.5938681638e-114 -2.1420944613e-106
1.5884830746e+05 1.8562627361e-13 4.1106915700e-14 -3.4447434039e+06 7.1329355723e+06 7.1720520379e-18 1.1428249785e-17 -6.2173871837e+03 -7.8026333283e+03 -4.6638734557e+09 -1.0016296292e+07 1.9271244234e+06 1.0808256337e+02 1.0845437928e-88 -9.1972559184e-81
1.5895639002e+05 1.8637547319e-13 4.2390473931e-14 -4.0984853871e+06 6.2556271948e+06 6.6621049591e-18 1.2329412363e-17 -5.8591043655e+03 -8.4357795541e+03 -4.6638696759e+09 -1.0016296292e+07 1.9271244234e+06 9.8229013839e+01 4.0849566904e-62 -3.5662770283e-54
1.5904257365e+05 1.8692717570e-13 4.3484668070e-14 -4.5876628207e+06 5.5063988632e+06 6.1191347363e-18 1.3062780421e-17 -5.4776198749e+03 -8.9510353237e+03 -4.6638668559e+09 -1.0016296292e+07 1.9271244234e+06 8.6223135710e+01 2.1133946009e-43 -1.8851381212e-35
1.5912879679e+05 1.8742650838e-13 4.4642213417e-14 -5.0400923750e+06 4.7126696745e+06 5.4396948509e-18 1.3782245389e-17 -5.0002534049e+03 -9.4565229458e+03 -4.6638621277e+09 -1.0016296292e+07 1.9271244234e+06 7.8764846187e+01 2.2852311905e-27 -2.0778581983e-19
1.5920756164e+05 1.8782640510e-13 4.5752394913e-14 -5.4138706429e+06 3.9505268230e+06 4.6947888766e-18 1.4398436849e-17 -4.4768912309e+03 -9.8894518161e+03 -4.6638579768e+09 -1.0016296292e+07 1.9271244234e+06 7.3678121180e+01 1.8205167822e-15 -1.6798364646e-07
1.5927167148e+05 1.8810562333e-13 4.6690236252e-14 -5.6855923384e+06 3.3061455484e+06 4.0036927661e-18 1.4849784012e-17 -3.9913352340e+03 -1.0206563023e+04 -4.6638563464e+09 -1.0016296290e+07 1.9271244261e+06 6.4977342447e+01 5.8819920710e-08 -5.4792780044e+00
1.5929944988e+05 1.8821240697e-13 4.7105226858e-14 -5.7933509961e+06 3.0208759652e+06 3.6824906605e-18 1.5026793933e-17 -3.7656623732e+03 -1.0330928002e+04 -4.6638672127e+09 -1.0016295948e+07 1.9271253560e+06 5.3214526747e+01 2.3530492773e-05 -2.1992671186e+03
1.5931572866e+05 1.8827078118e-13 4.7350646438e-14 -5.8535467364e+06 2.8521378012e+06 3.4886627392e-18 1.5124527109e-17 -3.6294802781e+03 -1.0399591696e+04 -4.6641138515e+09 -1.0016288485e+07 1.9271464786e+06 2.9876387875e+01 5.0879667830e-04 -4.7636263506e+04
1.5933103722e+05 1.8832276958e-13 4.7582857145e-14 -5.9081125267e+06 2.6924602634e+06 3.3028493940e-18 1.5212117700e-17 -3.4989178278e+03 -1.0461095875e+04 -4.6676703411e+09 -1.0016184956e+07 1.9274519659e+06 1.8788047503e+01 6.7856687542e-03 -6.3623234458e+05
1.5934344047e+05 1.8836278938e-13 4.7771960061e-14 -5.9508452949e+06 2.5624123775e+06 3.1499230232e-18 1.5279879523e-17 -3.3913949489e+03 -1.0508464033e+04 -4.6914104449e+09 -1.0015516771e+07 1.9294962367e+06 1.3352587572e+01 4.4610301410e-02 -4.1870510783e+06
1.5935371422e+05 1.8839449354e-13 4.7929220370e-14 -5.9852245685e+06 2.4542591258e+06 3.0217266705e-18 1.5333758762e-17 -3.3010180589e+03 -1.0545347784e+04 -4.7870698921e+09 -1.0012901825e+07 1.9377511618e+06 1.0576074854e+01 1.8311756760e-01 -1.7199217535e+07
1.5936260531e+05 1.8842086276e-13 4.8065755061e-14 -6.0142216196e+06 2.3603688435e+06 2.9097225461e-18 1.5378698362e-17 -3.2214377937e+03 -1.0574041127e+04 -5.0702549708e+09 -1.0005358201e+07 1.9622370389e+06 9.0042847740e+00 5.5732400866e-01 -5.2364983236e+07
1.5937062817e+05 1.8844379891e-13 4.8189294279e-14 -6.0397727490e+06 2.2754477836e+06 2.8078503008e-18 1.5417876664e-17 -3.1477435529e+03 -1.0594508063e+04 -5.7627738451e+09 -9.9873382033e+06 2.0222409030e+06 8.0674141638e+00 1.3933325896e+00 -1.3089522906e+08
1.5937869558e+05 1.8846603531e-13 4.8313831104e-14 -6.0648574638e+06 2.1899280768e+06 2.7046779329e-18 1.5455936168e-17 -3.0702829652e+03 -1.0604264281e+04 -7.4244293358e+09 -9.9450685891e+06 2.1666044001e+06 7.5319447588e+00 3.2129498662e+00 -3.0149759807e+08
1.5938622753e+05 1.8848604204e-13 4.8430374307e-14 -6.0876939831e+06 2.1100789958e+06 2.6077209813e-18 1.5490242353e-17 -2.9924755918e+03 -1.0594449211e+04 -1.0729975698e+10 -9.8627328301e+06 2.4549090419e+06 7.4331336655e+00 6.4695101388e+00 -6.0539207562e+08
1.5939366066e+05 1.8850506818e-13 4.8545637536e-14 -6.1096262433e+06 2.0314579743e+06 2.5114682493e-18 1.5522923548e-17 -2.9069326713e+03 -1.0553101317e+04 -1.6959308140e+10 -9.7104393208e+06 3.0015382279e+06 8.2875504885e+00 1.1926403135e+01 -1.1096597040e+09
1.5940194821e+05 1.8852543525e-13 4.8674430808e-14 -6.1332702744e+06 1.9443851445e+06 2.4035256101e-18 1.5557975577e-17 -2.7956415481e+03 -1.0446984981e+04 -2.9487800559e+10 -9.4090982159e+06 4.1128578060e+06 8.0382559518e+00 2.1397664954e+01 -1.9669571718e+09
1.5940810512e+05 1.8853998561e-13 4.8770297518e-14 -6.1501900099e+06 1.8804560501e+06 2.3229332737e-18 1.5583069307e-17 -2.6981665306e+03 -1.0310153750e+04 -4.4068132263e+10 -9.0618579994e+06 5.4257830238e+06 6.1800379720e+00 3.0813323764e+01 -2.7913044397e+09
1.5941428516e+05 1.8855409063e-13 4.8866677231e-14 -6.1665236184e+06 1.8173211147e+06 2.2417176251e-18 1.5607450549e-17 -2.5850895288e+03 -1.0110627130e+04 -6.4129423457e+10 -8.5857233374e+06 7.2673640722e+06 5.6030327215e+00 4.1794215003e+01 -3.7073529202e+09
1.5941988819e+05 1.8856644415e-13 4.8954186585e-14 -6.1806877687e+06 1.7613175139e+06 2.1678252359e-18 1.5628865469e-17 -2.4685921964e+03 -9.8702081977e+03 -8.7210433688e+10 -8.0367813607e+06 9.4388149001e+06 5.3022860583e+00 5.2265179176e+01 -4.5199426347e+09
1.5942519048e+05 1.8857775272e-13 4.9037107707e-14 -6.1934583961e+06 1.7097031847e+06 2.0976872799e-18 1.5648537963e-17 -2.3466421558e+03 -9.5902103960e+03 -1.1299871100e+11 -7.4190698888e+06 1.1936280350e+07 5.1440249679e+00 6.1767772276e+01 -5.1836550762e+09
1.5943033450e+05 1.8858836787e-13 4.9117652105e-14 -6.2052046668e+06 1.6611676403e+06 2.0294596111e-18 1.5667085585e-17 -2.2189359069e+03 -9.2735340142e+03 -1.4097971453e+11 -6.7410224105e+06 1.4738795990e+07 5.0267853567e+00 6.9892587231e+01 -5.6648027856e+09
1.5943536129e+05 1.8859840161e-13 4.9196451691e-14 -6.2160301586e+06 1.6154074664e+06 1.9626250484e-18 1.5684714012e-17 -2.0872401852e+03 -8.9276355069e+03 -1.7024577314e+11 -6.0207447848e+06 1.7784210270e+07 4.9074846971e+00 7.6314208513e+01 -5.9472620996e+09
1.5944026877e+05 1.8860787276e-13 4.9273465474e-14 -6.2259483709e+06 1.5724810828e+06 1.8972334309e-18 1.5701466942e-17 -1.9543018068e+03 -8.5628117167e+03 -1.9973412723e+11 -5.2812873082e+06 2.0985260987e+07 4.7805516114e+00 8.0928418836e+01 -6.0417496554e+09
1.5944504933e+05 1.8861679007e-13 4.9348565318e-14 -6.2349769135e+06 1.5324335411e+06 1.8334069321e-18 1.5717369048e-17 -1.8227114499e+03 -8.1891404340e+03 -2.2852604175e+11 -4.5439411257e+06 2.4256434267e+07 4.6548558034e+00 8.3870864390e+01 -5.9809192182e+09
1.5944970418e+05 1.8862517945e-13 4.9421762701e-14 -6.2431623476e+06 1.4951833127e+06 1.7711474136e-18 1.5732473720e-17 -1.6943146048e+03 -7.8144538416e+03 -2.5599775970e+11 -3.8243817869e+06 2.7531475403e+07 4.5350259504e+00 8.5428826358e+01 -5.8062726318e+09
1.5945423921e+05 1.8863307392e-13 4.9493142592e-14 -6.2505642631e+06 1.4605828972e+06 1.7103923656e-18 1.5746845672e-17 -1.5702836206e+03 -7.4442530945e+03 -2.8178868013e+11 -3.1329475678e+06 3.0764011048e+07 4.4181416916e+00 8.5935555361e+01 -5.5573299772e+09
1.5945865735e+05 1.8864049976e-13 4.9562744740e-14 -6.2572385157e+06 1.4284925541e+06 1.6511160623e-18 1.5760536054e-17 -1.4513928087e+03 -7.0824333789e+03 -3.0571280107e+11 -2.4763737505e+06 3.3921237595e+07 4.2986531465e+00 8.5704024166e+01 -5.2666638959e+09
1.5946295600e+05 1.8864747324e-13 4.9630521941e-14 -6.2632332711e+06 1.3988020566e+06 1.5933654864e-18 1.5773575677e-17 -1.3381851903e+03 -6.7318235833e+03 -3.2769641120e+11 -1.8589954329e+06 3.6979293484e+07 4.1730242643e+00 8.4997645429e+01 -4.9587706540e+09
1.5946712903e+05 1.8865400530e-13 4.9696371427e-14 -6.2685929418e+06 1.3714152862e+06 1.5372339201e-18 1.5785982684e-17 -1.2310089874e+03 -6.3943718080e+03 -3.4774764503e+11 -1.2832154225e+06 3.9921728218e+07 4.0413536893e+00 8.4020848895e+01 -4.6505701283e+09
1.5947117038e+05 1.8866010786e-13 4.9760192065e-14 -6.2733628370e+06 1.3462277325e+06 1.4828123946e-18 1.5797773951e-17 -1.1300064830e+03 -6.0711785949e+03 -3.6593877299e+11 -7.4969948524e+05 4.2739287978e+07 3.9064651889e+00 8.2919795343e+01 -4.3525665868e+09
1.5947507685e+05 1.8866579757e-13 4.9821927454e-14 -6.2775909405e+06 1.3231149219e+06 1.4301530450e-18 1.5808972662e-17 -1.0351215168e+03 -5.7625712541e+03 -3.8238815741e+11 -2.5765890798e+05 4.5429329078e+07 3.7720884316e+00 8.1789231736e+01 -4.0703077939e+09
1.5947884893e+05 1.8867109626e-13 4.9881580413e-14 -6.2813268649e+06 1.3019342015e+06 1.3792568153e-18 1.5819610126e-17 -9.4614166503e+02 -5.4682738144e+03 -3.9724023829e+11 1.9471754826e+05 4.7994384248e+07 3.6414726585e+00 8.0682698877e+01 -3.8058790081e+09
1.5948249041e+05 1.8867602926e-13 4.9939205550e-14 -6.2846196362e+06 1.2825336495e+06 1.3300798583e-18 1.5829723755e-17 -8.6275745173e+02 -5.1876234444e+03 -4.1064749665e+11 6.0979857402e+05 5.0440310986e+07 3.5168336318e+00 7.9623384937e+01 -3.5592015033e+09
1.5948600724e+05 1.8868062336e-13 4.9994893027e-14 -6.2875157118e+06 1.2647615567e+06 1.2825474717e-18 1.5839353867e-17 -7.8461688133e+02 -4.9197678852e+03 -4.2275758818e+11 9.9013000997e+05 5.2774594267e+07 3.3993852001e+00 7.8613691629e+01 -3.3290148139e+09
1.5948940663e+05 1.8868490509e-13 5.0048752740e-14 -6.2900577781e+06 1.2484732427e+06 1.2365676805e-18 1.5848540926e-17 -7.1136453533e+02 -4.6638102480e+03 -4.3370609332e+11 1.3381836375e+06 5.5005099305e+07 3.2895967424e+00 7.7642727211e+01 -3.1135413313e+09
1.5949269622e+05 1.8868889967e-13 5.0100902523e-14 -6.2922842850e+06 1.2335347751e+06 1.1920413849e-18 1.5857323733e-17 -6.4266465707e+02 -4.4188990239e+03 -4.4361360186e+11 1.6562215657e+06 5.7139295629e+07 3.1874600395e+00 7.6691779753e+01 -2.9108974418e+09
1.5949588368e+05 1.8869263045e-13 5.0151460544e-14 -6.2942294707e+06 1.2198243557e+06 1.1488689206e-18 1.5865738442e-17 -5.7821212818e+02 -4.1842756669e+03 -4.5258550270e+11 1.9462421043e+06 5.9183846808e+07 3.0926886058e+00 7.5738182829e+01 -2.7193278061e+09
1.5949897637e+05 1.8869611874e-13 5.0200540847e-14 -6.2959236505e+06 1.2072322946e+06 1.1069539223e-18 1.5873818164e-17 -5.1773573901e+02 -3.9592941122e+03 -4.6071318588e+11 2.2099750427e+06 6.1144442121e+07 3.0048454877e+00 7.4758027494e+01 -2.5373257204e+09
1.5950198122e+05 1.8869938375e-13 5.0248250917e-14 -6.2973936121e+06 1.1956602602e+06 1.0662054518e-18 1.5881592886e-17 -4.6099711161e+02 -3.7434234767e+03 -4.6807582907e+11 2.4489035096e+06 6.3025773163e+07 2.9234185524e+00 7.3728086136e+01 -2.3636832845e+09
1.5950490463e+05 1.8870244274e-13 5.0294690434e-14 -6.2986630337e+06 1.1850202267e+06 1.0265390951e-18 1.5889089573e-17 -4.0778742971e+02 -3.5362413561e+03 -4.7474230649e+11 2.6642983237e+06 6.4831591405e+07 2.8478630100e+00 7.2627202302e+01 -2.1974991516e+09
1.5950775250e+05 1.8870531113e-13 5.0339950711e-14 -6.2997528818e+06 1.1752333476e+06 9.8787747360e-19 1.5896332340e-17 -3.5792322807e+02 -3.3374221576e+03 -4.8077298994e+11 2.8572568338e+06 6.6564808395e+07 2.7776259999e+00 7.1437306636e+01 -2.0381607105e+09
1.5951053012e+05 1.8870800270e-13 5.0384114525e-14 -6.3006817714e+06 1.1662288630e+06 9.5015041133e-19 1.5903342653e-17 -3.1124191720e+02 -3.1467229455e+03 -4.8622134346e+11 3.0287419602e+06 6.8227617286e+07 2.7121633755e+00 7.0144150573e+01 -1.8853107980e+09
1.5951324229e+05 1.8871052969e-13 5.0427256216e-14 -6.3014662839e+06 1.1579430837e+06 9.1329486631e-19 1.5910139544e-17 -2.6759738105e+02 -2.9639680731e+03 -4.9113528192e+11 3.1796192027e+06 6.9821624734e+07 2.6509531179e+00 6.8737803192e+01 -1.7388051238e+09
1.5951589324e+05 1.8871290302e-13 5.0469442008e-14 -6.3021212440e+06 1.1503184686e+06 8.7725467182e-19 1.5916739829e-17 -2.2685583635e+02 -2.7890333434e+03 -4.9555829369e+11 3.3106902911e+06 7.1347986842e+07 2.5935089903e+00 6.7212928923e+01 -1.5986645982e+09
1.5951848675e+05 1.8871513245e-13 5.0510730547e-14 -6.3026599559e+06 1.1433027943e+06 8.4198008539e-19 1.5923158336e-17 -1.8889205282e+02 -2.6218301187e+03 -4.9953034244e+11 3.4227226210e+06 7.2807545573e+07 2.5393936240e+00 6.5568849119e+01 -1.4650257090e+09
1.5952102614e+05 1.8871722670e-13 5.0551173656e-14 -6.3030944039e+06 1.1368484196e+06 8.0742715397e-19 1.5929408138e-17 -1.5358603388e+02 -2.4622898596e+03 -5.0308856494e+11 3.5164736755e+06 7.4200961594e+07 2.4882309076e+00 6.3809388527e+01 -1.3380917575e+09
1.5952351437e+05 1.8871919363e-13 5.0590817288e-14 -6.3034354184e+06 1.1309116440e+06 7.7355690494e-19 1.5935500803e-17 -1.2082024274e+02 -2.3103495887e+03 -5.0626778505e+11 3.5927097730e+06 7.5528839294e+07 2.4397153302e+00 6.1942514000e+01 -1.2180875232e+09
1.5952595409e+05 1.8872104036e-13 5.0629702632e-14 -6.3036928103e+06 1.1254521632e+06 7.4033440503e-19 1.5941446647e-17 -9.0477463497e+01 -2.1659389114e+03 -5.0910086439e+11 3.6522186271e+06 7.6791838629e+07 2.3936163573e+00 5.9979786548e+01 -1.1052197339e+09
1.5952834771e+05 1.8872277342e-13 5.0667867296e-14 -6.3038754796e+06 1.1204326239e+06 7.0772775523e-19 1.5947254977e-17 -6.2439365598e+01 -2.0289692432e+03 -5.1161891313e+11 3.6958155466e+06 7.7990768159e+07 2.3497767082e+00 5.7935664462e+01 -9.9964530445e+08
1.5953069748e+05 1.8872439880e-13 5.0705346461e-14 -6.3039914994e+06 1.1158182757e+06 6.7570710515e-19 1.5952934330e-17 -3.6585794134e+01 -1.8993257963e+03 -5.1385138809e+11 3.7243435818e+06 7.9126654548e+07 2.3081043153e+00 5.5826710221e+01 -9.0144863447e+08
1.5953239583e+05 1.8872552673e-13 5.0732443563e-14 -6.3040385172e+06 1.1126698662e+06 6.5255678538e-19 1.5957026134e-17 -1.8926213936e+01 -1.8087332007e+03 -5.1532469904e+11 3.7361963038e+06 7.9921127868e+07 1.8644581059e+00 5.4247563431e+01 -8.3406029410e+08
1.5953343987e+05 1.8872620059e-13 5.0749104591e-14 -6.3040528035e+06 1.1108099467e+06 6.3832266449e-19 1.5959536359e-17 -8.4947519731e+00 -1.7543779899e+03 -5.1617457081e+11 3.7398575606e+06 8.0398138221e+07 1.5397950141e+00 5.3257069013e+01 -7.9419006214e+08
1.5953497966e+05 1.8872716731e-13 5.0773681852e-14 -6.3040544001e+06 1.1081691158e+06 6.1732570795e-19 1.5963231709e-17 6.3053447104e+00 -1.6761090118e+03 -5.1735355576e+11 3.7402645579e+06 8.1085493165e+07 1.3956243938e+00 5.1772803605e+01 -7.3760855205e+08
1.5953637529e+05 1.8872801559e-13 5.0795962861e-14 -6.3040365898e+06 1.1058782356e+06 5.9829083643e-19 1.5966574308e-17 1.9123950858e+01 -1.6071552693e+03 -5.1834856019e+11 3.7355464575e+06 8.1691561976e+07 1.6449042934e+00 5.0407423318e+01 -6.8865547495e+08
1.5953802019e+05 1.8872898126e-13 5.0822229582e-14 -6.3039931908e+06 1.1032998001e+06 5.7585141154e-19 1.5970506102e-17 3.3515555827e+01 -1.5283507359e+03 -5.1943582456e+11 3.7238668542e+06 8.2384881187e+07 1.7640139091e+00 4.8779577205e+01 -6.3384692386e+08
1.5953978420e+05 1.8872997584e-13 5.0850405489e-14 -6.3039210749e+06 1.1006761183e+06 5.5178163815e-19 1.5974713666e-17 4.8103647358e+01 -1.4468425003e+03 -5.2050465100e+11 3.7041209456e+06 8.3102828760e+07 1.8254379802e+00 4.7019229190e+01 -5.7856956871e+08
1.5954160964e+05 1.8873096035e-13 5.0879570306e-14 -6.3038201700e+06 1.0981094801e+06 5.2686787336e-19 1.5979058567e-17 6.2300068698e+01 -1.3657984681e+03 -5.2151147619e+11 3.6760055236e+06 8.3817650785e+07 1.8574975600e+00 4.5190950578e+01 -5.2518022712e+08
1.5954346714e+05 1.8873191545e-13 5.0909255467e-14 -6.3036917387e+06 1.0956464286e+06 5.0151054381e-19 1.5983470790e-17 7.5833143039e+01 -1.2867947750e+03 -5.2243959201e+11 3.6396026835e+06 8.4515531970e+07 1.8731826109e+00 4.3333718460e+01 -4.7479595311e+08
1.5954534032e+05 1.8873283092e-13 5.0939199587e-14 -6.3035376132e+06 1.0933078874e+06 4.7593306625e-19 1.5987911679e-17 8.8578632966e+01 -1.2106600540e+03 -5.2328447213e+11 3.5951906519e+06 8.5189198086e+07 1.8792649841e+00 4.1474304177e+01 -4.2793674567e+08
1.5954721959e+05 1.8873370121e-13 5.0969249290e-14 -6.3033598245e+06 1.0911017280e+06 4.5026657114e-19 1.5992358890e-17 1.0048879121e+02 -1.1378255771e+03 -5.2404754751e+11 3.5431466881e+06 8.5834849884e+07 1.8795968726e+00 3.9632515632e+01 -3.8479851979e+08
1.5954909918e+05 1.8873452340e-13 5.0999312652e-14 -6.3031604140e+06 1.0890287796e+06 4.2458968008e-19 1.5996799322e-17 1.1155803459e+02 -1.0684935110e+03 -5.2473320359e+11 3.4838928634e+06 8.6450690707e+07 1.8765106301e+00 3.7823599110e+01 -3.4538854853e+08
1.5955097569e+05 1.8873529609e-13 5.1029334970e-14 -6.3029413374e+06 1.0870859805e+06 3.9894921120e-19 1.6001225437e-17 1.2180462102e+02 -1.0027267175e+03 -5.2534720914e+11 3.4178639680e+06 8.7036141212e+07 1.8714843976e+00 3.6059491049e+01 -3.0960065685e+08
1.5955284718e+05 1.8873601878e-13 5.1059285139e-14 -6.3027044180e+06 1.0852681386e+06 3.7337181672e-19 1.6005633196e-17 1.3126015725e+02 -9.4050059568e+02 -5.2589585327e+11 3.3454878260e+06 8.7591386383e+07 1.8654864096e+00 3.4349553067e+01 -2.7726053205e+08
1.5955471267e+05 1.8873669152e-13 5.1089147524e-14 -6.3024513270e+06 1.0835689600e+06 3.4787093034e-19 1.6010020828e-17 1.3996327867e+02 -8.8173487981e+02 -5.2638546086e+11 3.2671730647e+06 8.8117097908e+07 1.8591665595e+00 3.2701055570e+01 -2.4815465295e+08
1.5955657183e+05 1.8873731464e-13 5.1118916879e-14 -6.3021835797e+06 1.0819816652e+06 3.2245110539e-19 1.6014388069e-17 1.4795571172e+02 -8.2631403799e+02 -5.2682212215e+11 3.1833015510e+06 8.8614256223e+07 1.8529690091e+00 3.1119528274e+01 -2.2204944161e+08
1.5955842480e+05 1.8873788865e-13 5.1148595073e-14 -6.3019025404e+06 1.0804993635e+06 2.9711081904e-19 1.6018735664e-17 1.5527976894e+02 -7.7410080647e+02 -5.2721154799e+11 3.0942238473e+06 8.9084032531e+07 1.8472019259e+00 2.9609034035e+01 -1.9870418300e+08
1.5956027200e+05 1.8873841414e-13 5.1178188912e-14 -6.3016094316e+06 1.0791152794e+06 2.7184432656e-19 1.6023065052e-17 1.6197674289e+02 -7.2494537968e+02 -5.2755900083e+11 3.0002566328e+06 8.9527708764e+07 1.8420826056e+00 2.8172393547e+01 -1.7787976315e+08
1.5956211409e+05 1.8873889169e-13 5.1207708694e-14 -6.3013053454e+06 1.0778228867e+06 2.4664290072e-19 1.6027378146e-17 1.6808588167e+02 -6.7869174378e+02 -5.2786927148e+11 2.9016813974e+06 8.9946622464e+07 1.8377678049e+00 2.6811375076e+01 -1.5934450170e+08
1.5956395185e+05 1.8873932186e-13 5.1237167245e-14 -6.3009912556e+06 1.0766159834e+06 2.2149565789e-19 1.6031677192e-17 1.7364374940e+02 -6.3518207629e+02 -5.2814668354e+11 2.7987439388e+06 9.0342128541e+07 1.8343750727e+00 2.5526856920e+01 -1.4287792165e+08
1.5956578623e+05 1.8873970514e-13 5.1266579287e-14 -6.3006680296e+06 1.0754887285e+06 1.9639009312e-19 1.6035964681e-17 1.7868384624e+02 -5.9425980314e+02 -5.2839511386e+11 2.6916543292e+06 9.0715572750e+07 1.8319982575e+00 2.4318967006e+01 -1.2827303637e+08
1.5956761823e+05 1.8874004195e-13 5.1295961066e-14 -6.3003364394e+06 1.0744356549e+06 1.7131240379e-19 1.6040243295e-17 1.8323640546e+02 -5.5577171143e+02 -5.2861802202e+11 2.5805871218e+06 9.1068273413e+07 1.8307193159e+00 2.3187202620e+01 -1.1533757034e+08
1.5956944895e+05 1.8874033264e-13 5.1325330160e-14 -6.2999971712e+06 1.0734516666e+06 1.4624765184e-19 1.6044515879e-17 1.8732831255e+02 -5.1956939005e+02 -5.2881848390e+11 2.4656816335e+06 9.1401509014e+07 1.8306180169e+00 2.2130532443e+01 -1.0389441655e+08
1.5957127956e+05 1.8874057741e-13 5.1354705449e-14 -6.2996508342e+06 1.0725320260e+06 1.2117979340e-19 1.6048785439e-17 1.9098311035e+02 -4.8551018407e+02 -5.2899922676e+11 2.3470421642e+06 9.1716510075e+07 1.8317800586e+00 2.1147482619e+01 -9.3781553929e+07
1.5957311134e+05 1.8874077641e-13 5.1384107205e-14 -6.2992979668e+06 1.0716723358e+06 9.6091597266e-20 1.6053055158e-17 1.9422106449e+02 -4.5345780280e+02 -5.2916266371e+11 2.2247380670e+06 9.2014454077e+07 1.8343046053e+00 2.0236208619e+01 -8.4851593343e+07
1.5957494565e+05 1.8874092963e-13 5.1413557317e-14 -6.2989390424e+06 1.0708685168e+06 7.0964460068e-20 1.6057328429e-17 1.9705927304e+02 -4.2328267609e+02 -5.2931092674e+11 2.0988035763e+06 9.2296462629e+07 1.8383114303e+00 1.9394554431e+01 -7.6971076015e+07
1.5957678396e+05 1.8874103693e-13 5.1443079622e-14 -6.2985744727e+06 1.0701167854e+06 4.5778123401e-20 1.6061608905e-17 1.9951180825e+02 -3.9486213212e+02 -5.2944589759e+11 1.9692373230e+06 9.2563600255e+07 1.8439486001e+00 1.8620100723e+01 -7.0019617949e+07
1.5957862791e+05 1.8874109805e-13 5.1472700361e-14 -6.2982046094e+06 1.0694136298e+06 2.0510285376e-20 1.6065900565e-17 2.0158988280e+02 -3.6808044253e+02 -5.2956923616e+11 1.8360014280e+06 9.2816874412e+07 1.8514001432e+00 1.7910203359e+01 -6.3888967339e+07
1.5958047931e+05 1.8874111254e-13 5.1502448759e-14 -6.2978297438e+06 1.0687557869e+06 -4.8638932874e-21 1.6070207801e-17 2.0330203308e+02 -3.4282878082e+02 -5.2968240652e+11 1.6990201104e+06 9.3057236350e+07 1.8608954435e+00 1.7262024075e+01 -5.8482027323e+07
1.5958234020e+05 1.8874107975e-13 5.1532357762e-14 -6.2974501051e+06 1.0681402199e+06 -3.0372412393e-20 1.6074535522e-17 2.0465431464e+02 -3.1900510935e+02 -5.2978670039e+11 1.5581776276e+06 9.3285582709e+07 1.8641925139e+00 1.6672554482e+01 -5.3711877224e+07
1.5958420440e+05 1.8874099931e-13 5.1562327831e-14 -6.2970676093e+06 1.0675666268e+06 -5.5930283160e-20 1.6078869467e-17 2.0564678384e+02 -2.9661318990e+02 -5.2988283622e+11 1.4139820116e+06 9.3501796341e+07 1.8624677956e+00 1.6140936908e+01 -4.9518769667e+07
1.5958606686e+05 1.8874087136e-13 5.1592278239e-14 -6.2966839509e+06 1.0670339440e+06 -8.1468593955e-20 1.6083198115e-17 2.0628407549e+02 -2.7562944479e+02 -5.2997156441e+11 1.2668841986e+06 9.3706008864e+07 1.8613504599e+00 1.5664997851e+01 -4.5840961389e+07
1.5958792821e+05 1.8874069596e-13 5.1622218732e-14 -6.2962996603e+06 1.0665393995e+06 -1.0699559538e-19 1.6087523029e-17 2.0657480323e+02 -2.5596425248e+02 -5.3005381966e+11 1.1169081319e+06 9.3898991386e+07 1.8606574368e+00 1.5240606565e+01 -4.2610481309e+07
1.5958978887e+05 1.8874047314e-13 5.1652156123e-14 -6.2959152877e+06 1.0660804660e+06 -1.3251703220e-19 1.6091845333e-17 2.0652742197e+02 -2.3753766110e+02 -5.3013040276e+11 9.6409137043e+05 9.4081430210e+07 1.8602297804e+00 1.4863615384e+01 -3.9767782858e+07
1.5959164910e+05 1.8874020289e-13 5.1682094671e-14 -6.2955313992e+06 1.0656548200e+06 -1.5803647201e-19 1.6096165770e-17 2.0615085467e+02 -2.2027811548e+02 -5.3020199982e+11 8.0848845388e+05 9.4253937998e+07 1.8598501411e+00 1.4529866639e+01 -3.7260652499e+07
1.5959350895e+05 1.8873988523e-13 5.1712035144e-14 -6.2951485879e+06 1.0652603256e+06 -1.8355450194e-19 1.6100484570e-17 2.0545508520e+02 -2.0412198602e+02 -5.3026919556e+11 6.5018073867e+05 9.4417056973e+07 1.8592346851e+00 1.4235223531e+01 -3.5043393518e+07
1.5959536819e+05 1.8873952025e-13 5.1741973736e-14 -6.2947674846e+06 1.0648950177e+06 -2.0906781391e-19 1.6104801295e-17 2.0445174371e+02 -1.8901297738e+02 -5.3033248487e+11 4.8928683685e+05 9.4571263025e+07 1.8580307137e+00 1.3975604287e+01 -3.3076107061e+07
1.5959722622e+05 1.8873910810e-13 5.1771900959e-14 -6.2943887676e+06 1.0645570847e+06 -2.3456825662e-19 1.6109114679e-17 2.0315465489e+02 -1.7490138190e+02 -5.3039228297e+11 3.2597293803e+05 9.4716971114e+07 1.8558249725e+00 1.3747020160e+01 -3.1324061899e+07
1.5959908204e+05 1.8873864915e-13 5.1801800653e-14 -6.2940131671e+06 1.0642448492e+06 -2.6004200092e-19 1.6113422489e-17 2.0158030424e+02 -1.6174313692e+02 -5.3044893484e+11 1.6046175657e+05 9.4854542443e+07 1.8521668722e+00 1.3545617131e+01 -2.9757140726e+07
1.5960093421e+05 1.8873814396e-13 5.1831649382e-14 -6.2936414647e+06 1.0639567468e+06 -2.8546902372e-19 1.6117721442e-17 1.9974816110e+02 -1.4949866219e+02 -5.3050272409e+11 -6.9616403395e+03 9.4984293826e+07 1.8466094071e+00 1.3367720487e+01 -2.8349349088e+07
1.5960278082e+05 1.8873759340e-13 5.1861416475e-14 -6.2932744812e+06 1.0636913026e+06 -3.1082315354e-19 1.6122007209e-17 1.9768078558e+02 -1.3813148760e+02 -5.3055388196e+11 -1.7594919549e+05 9.5106509405e+07 1.8387641885e+00 1.3209880484e+01 -2.7078371913e+07
1.5960461958e+05 1.8873699866e-13 5.1891064968e-14 -6.2929130546e+06 1.0634471061e+06 -3.3607287224e-19 1.6126274551e-17 1.9540365211e+02 -1.2760674962e+02 -5.3060259660e+11 -3.4609615009e+05 9.5221454245e+07 1.8283634288e+00 1.3068916375e+01 -2.5925164688e+07
1.5960644795e+05 1.8873636124e-13 5.1920553538e-14 -6.2925580058e+06 1.0632227886e+06 -3.6118296908e-19 1.6130517603e-17 1.9294464893e+02 -1.1788969283e+02 -5.3064902253e+11 -5.1695517547e+05 9.5329388738e+07 1.8153129003e+00 1.2941955005e+01 -2.4873568348e+07
1.5960826326e+05 1.8873568295e-13 5.1949839298e-14 -6.2922100972e+06 1.0630170045e+06 -3.8611692370e-19 1.6134730275e-17 1.9033326927e+02 -1.0894437503e+02 -5.3069328996e+11 -6.8805747959e+05 9.5430582017e+07 1.7997208075e+00 1.2826459876e+01 -2.3909943103e+07
1.5961006298e+05 1.8873496580e-13 5.1978881066e-14 -6.2918699905e+06 1.0628284199e+06 -4.1083968774e-19 1.6138906720e-17 1.8759957733e+02 -1.0073277161e+02 -5.3073551343e+11 -8.5893820783e+05 9.5525322375e+07 1.7818918346e+00 1.2720246981e+01 -2.3022821424e+07
1.5961184487e+05 1.8873421192e-13 5.2007642536e-14 -6.2915382105e+06 1.0626557115e+06 -4.3532038659e-19 1.6143041791e-17 1.8477308983e+02 -9.3214414466e+01 -5.3077579881e+11 -1.0291620852e+06 9.5613923055e+07 1.7622867744e+00 1.2621485231e+01 -2.2202584768e+07
1.5961360716e+05 1.8873342342e-13 5.2036094809e-14 -6.2912151226e+06 1.0624975732e+06 -4.5953446820e-19 1.6147131404e-17 1.8188173460e+02 -8.6346586831e+01 -5.3081424840e+11 -1.1983451000e+06 9.5696722758e+07 1.7414596282e+00 1.2528681535e+01 -2.1441170131e+07
1.5961534862e+05 1.8873260232e-13 5.2064217905e-14 -6.2909009255e+06 1.0623527299e+06 -4.8346498854e-19 1.6151172754e-17 1.7895102156e+02 -8.0084972521e+01 -5.3085096381e+11 -1.3661692283e+06 9.5774081421e+07 1.7199896486e+00 1.2440652852e+01 -2.0731810949e+07
1.5961706861e+05 1.8873175044e-13 5.2092001188e-14 -6.2905956602e+06 1.0622199539e+06 -5.0710296344e-19 1.6155164375e-17 1.7600350066e+02 -7.4384576668e+01 -5.3088604705e+11 -1.5323891420e+06 9.5846372744e+07 1.6984234568e+00 1.2356489160e+01 -2.0068813824e+07
1.5961876703e+05 1.8873086934e-13 5.2119442845e-14 -6.2902992290e+06 1.0620980803e+06 -5.3044692460e-19 1.6159106063e-17 1.7305851433e+02 -6.9200719442e+01 -5.3091960019e+11 -1.6968316619e+06 9.5913975293e+07 1.6772361633e+00 1.2275511842e+01 -1.9447369760e+07
1.5962044427e+05 1.8872996032e-13 5.2146548747e-14 -6.2900114216e+06 1.0619860198e+06 -5.5350194039e-19 1.6162998714e-17 1.7013219994e+02 -6.4489941221e+01 -5.3095172433e+11 -1.8593898885e+06 9.5977263822e+07 1.6568125998e+00 1.2197231585e+01 -1.8863396523e+07
1.5962210108e+05 1.8872902441e-13 5.2173330992e-14 -6.2897319426e+06 1.0618827667e+06 -5.7627837766e-19 1.6166844114e-17 1.6723767251e+02 -6.0210722563e+01 -5.3098251826e+11 -2.0200142551e+06 9.6036601908e+07 1.6374446869e+00 1.2121308876e+01 -1.8313408014e+07
1.5962373852e+05 1.8872806235e-13 5.2199806417e-14 -6.2894604373e+06 1.0617874021e+06 -5.9879062636e-19 1.6170644721e-17 1.6438531629e+02 -5.6323985384e+01 -5.3101207731e+11 -2.1787024322e+06 9.6092336400e+07 1.6193394413e+00 1.2047518987e+01 -1.7794406696e+07
1.5962535786e+05 1.8872707468e-13 5.2225995223e-14 -6.2891965137e+06 1.0616990937e+06 -6.2105593338e-19 1.6174403474e-17 1.6158312596e+02 -5.2793386089e+01 -5.3104049230e+11 -2.3354894635e+06 9.6144793765e+07 1.6026318701e+00 1.1975722290e+01 -1.7303795413e+07
1.5962696050e+05 1.8872606170e-13 5.2251919818e-14 -6.2889397601e+06 1.0616170926e+06 -6.4309341291e-19 1.6178123621e-17 1.5883705580e+02 -4.9585436683e+01 -5.3106784898e+11 -2.4904388876e+06 9.6194278055e+07 1.5873997813e+00 1.1905839999e+01 -1.6839305614e+07
1.5962696050e+05 1.8872606170e-13 5.2251919818e-14 -6.2889397601e+06 1.0616170926e+06 -6.4309341291e-19 1.6178123621e-17 1.5883705580e+02 -4.9585436683e+01 -5.3106784898e+11 -2.4904388876e+06 9.6194278055e+07 1.5873997813e+00 1.1905839999e+01 -1.6839305614e+07
