0.0000000000e+00 0.0000000000e+00 0.0000000000e+00 3.1415900000e+08 0.0000000000e+00 0.0000000000e+00 0.0000000000e+00 -1.1786639110e+03 2.2528067930e+02 -4.6638893063e+09 -1.0018643244e+07 1.9148857741e+06 1.0000000000e+01 0.0000000000e+00 -0.0000000000e+00
1.0000000000e+01 2.8740014539e-22 6.8699527253e-28 3.1414721316e+08 2.2528067925e+03 5.7480747958e-23 2.0610244817e-28 -1.1787042963e+03 2.2528067916e+02 -4.6638893063e+09 -1.0018643244e+07 1.9148857740e+06 5.0000000000e+01 0.0000000000e+00 -0.0000000000e+00
6.0000000000e+01 1.0347699453e-20 1.4843274725e-25 3.1408827290e+08 1.3516840654e+04 3.4494920418e-22 7.4224729587e-27 -1.1789062683e+03 2.2528067409e+02 -4.6638893063e+09 -1.0018643243e+07 1.9148857741e+06 2.5000000000e+02 0.0000000000e+00 -0.0000000000e+00
3.1000000000e+02 2.7639901831e-19 2.0500887037e-23 3.1379341999e+08 6.9836996179e+04 1.7839118203e-21 1.9851123940e-25 -1.1799172665e+03 2.2528053983e+02 -4.6638893063e+09 -1.0018643244e+07 1.9148857740e+06 1.2500000000e+03 0.0000000000e+00 -0.0000000000e+00
1.5600000000e+03 7.0214397918e-18 2.6310620517e-21 3.1231535112e+08 3.5143601115e+05 9.0195387706e-21 5.0746620634e-24 -1.1850009328e+03 2.2527711390e+02 -4.6638893063e+09 -1.0018643244e+07 1.9148857740e+06 3.6000000000e+03 0.0000000000e+00 -0.0000000000e+00
5.1600000000e+03 7.7526530546e-17 9.7198404021e-20 3.0802262499e+08 1.1623800147e+06 3.0247821375e-20 5.7072656075e-23 -1.1999156744e+03 2.2524058072e+02 -4.6638893062e+09 -1.0018643244e+07 1.9148857740e+06 3.6000000000e+03 0.0000000000e+00 -0.0000000000e+00
8.7600000000e+03 2.2552957805e-16 4.8567716163e-19 3.0367544971e+08 1.9731175196e+06 5.2079376678e-20 1.6918991606e-22 -1.2152542684e+03 2.2516180846e+02 -4.6638893061e+09 -1.0018643244e+07 1.9148857740e+06 3.6000000000e+03 0.0000000000e+00 -0.0000000000e+00
1.2360000000e+04 4.5326242926e-16 1.3937819313e-18 2.9927225721e+08 2.7834899414e+06 7.4548015798e-20 3.4667290802e-22 -1.2310404699e+03 2.2503711099e+02 -4.6638893060e+09 -1.0018643244e+07 1.9148857740e+06 3.6000000000e+03 0.0000000000e+00 -0.0000000000e+00
1.5960000000e+04 7.6308358851e-16 3.0671051706e-18 2.9481139043e+08 3.5933247296e+06 9.7690340952e-20 5.9532992391e-22 -1.2472999953e+03 2.2486240750e+02 -4.6638893059e+09 -1.0018643244e+07 1.9148857740e+06 3.6000000000e+03 0.0000000000e+00 -0.0000000000e+00
1.9560000000e+04 1.1574888084e-15 5.7732703253e-18 2.9029109588e+08 4.4024338553e+06 1.2154605372e-19 9.2160543419e-22 -1.2640607384e+03 2.2463317016e+02 -4.6638893057e+09 -1.0018643243e+07 1.9148857740e+06 3.6000000000e+03 0.0000000000e+00 -0.0000000000e+00
2.3160000000e+04 1.6391228659e-15 9.8043734964e-18 2.8570951538e+08 5.2106120951e+06 1.4615830637e-19 1.3326663781e-21 -1.2813530175e+03 2.2434436358e+02 -4.6638893055e+09 -1.0018643243e+07 1.9148857740e+06 3.6000000000e+03 0.0000000000e+00 -0.0000000000e+00
2.6760000000e+04 2.2107926917e-15 1.5479760590e-17 2.8106467681e+08 6.0176350804e+06 1.7157410357e-19 1.8365026721e-21 -1.2992098576e+03 2.2399037413e+02 -4.6638893053e+09 -1.0018643243e+07 1.9148857740e+06 3.6000000000e+03 0.0000000000e+00 -0.0000000000e+00
3.0360000000e+04 2.8754820491e-15 2.3149195983e-17 2.7635448380e+08 6.8232570708e+06 1.9784476336e-19 2.4420447248e-21 -1.3176673142e+03 2.2356492741e+02 -4.6638893050e+09 -1.0018643243e+07 1.9148857740e+06 3.6000000000e+03 0.0000000000e+00 -0.0000000000e+00
3.3960000000e+04 3.6363679951e-15 3.3196489898e-17 2.7157670421e+08 7.6272084058e+06 2.2502644801e-19 3.1593013900e-21 -1.3367648460e+03 2.2306099131e+02 -4.6638893047e+09 -1.0018643243e+07 1.9148857740e+06 3.6000000000e+03 0.0000000000e+00 -0.0000000000e+00
3.7560000000e+04 4.4968393972e-15 4.6043665404e-17 2.6672895705e+08 8.4291925769e+06 2.5318077772e-19 3.9995225985e-21 -1.3565457468e+03 2.2247066178e+02 -4.6638893044e+09 -1.0018643243e+07 1.9148857740e+06 3.6000000000e+03 0.0000000000e+00 -0.0000000000e+00
4.1160000000e+04 5.4605178319e-15 6.2155763060e-17 2.6180869784e+08 9.2288828521e+06 2.8237554306e-19 4.9753919432e-21 -1.3770576455e+03 2.2178502745e+02 -4.6638893040e+09 -1.0018643243e+07 1.9148857740e+06 3.6000000000e+03 0.0000000000e+00 -0.0000000000e+00
4.4760000000e+04 6.5312812546e-15 8.2046402436e-17 2.5681320197e+08 1.0025918368e+07 3.1268553548e-19 6.1012558170e-21 -1.3983530896e+03 2.2099400874e+02 -4.6638893035e+09 -1.0018643243e+07 1.9148857740e+06 3.6000000000e+03 0.0000000000e+00 -0.0000000000e+00
4.8360000000e+04 7.7132909063e-15 1.0628424649e-16 2.5173954582e+08 1.0819899590e+07 3.4419352012e-19 7.3933974117e-21 -1.4204902289e+03 2.2008616526e+02 -4.6638893029e+09 -1.0018643244e+07 1.9148857740e+06 3.6000000000e+03 0.0000000000e+00 -0.0000000000e+00
5.1960000000e+04 9.0110220234e-15 1.3550054850e-16 2.4658458512e+08 1.1610383005e+07 3.7699138044e-19 8.8703661117e-21 -1.4435336197e+03 2.1904846443e+02 -4.6638893022e+09 -1.0018643244e+07 1.9148857740e+06 3.6000000000e+03 0.0000000000e+00 -0.0000000000e+00
5.5560000000e+04 1.0429299031e-14 1.7039800420e-16 2.4134493030e+08 1.2396874909e+07 4.1118147247e-19 1.0553375733e-20 -1.4675551761e+03 2.1786600167e+02 -4.6638893013e+09 -1.0018643244e+07 1.9148857740e+06 3.6000000000e+03 0.0000000000e+00 -0.0000000000e+00
5.9160000000e+04 1.1973336059e-14 2.1176118668e-16 2.3601691797e+08 1.3178824069e+07 4.4687823543e-19 1.2466788910e-20 -1.4926353018e+03 2.1652166008e+02 -4.6638893002e+09 -1.0018643244e+07 1.9148857740e+06 3.6000000000e+03 0.0000000000e+00 -0.0000000000e+00
6.2760000000e+04 1.3648783806e-14 2.6046891304e-16 2.3059657802e+08 1.3955613039e+07 4.8421011879e-19 1.4638710086e-20 -1.5188642439e+03 2.1499569381e+02 -4.6638892989e+09 -1.0018643244e+07 1.9148857740e+06 3.6000000000e+03 0.0000000000e+00 -0.0000000000e+00
6.6360000000e+04 1.5461784016e-14 3.1750898399e-16 2.2507959532e+08 1.4726547802e+07 5.2332190238e-19 1.7101716477e-20 -1.5463437229e+03 2.1326521450e+02 -4.6638892973e+09 -1.0018643244e+07 1.9148857740e+06 3.6000000000e+03 0.0000000000e+00 -0.0000000000e+00
6.9960000000e+04 1.7419033171e-14 3.8399585980e-16 2.1946126501e+08 1.5490845350e+07 5.6437750841e-19 1.9893765829e-20 -1.5751889087e+03 2.1130355347e+02 -4.6638892953e+09 -1.0018643244e+07 1.9148857740e+06 3.6000000000e+03 0.0000000000e+00 -0.0000000000e+00
7.3560000000e+04 1.9527857370e-14 4.6119199770e-16 2.1373643986e+08 1.6247618698e+07 6.0756343459e-19 2.3059332727e-20 -1.6055308323e+03 2.0907946341e+02 -4.6638892927e+09 -1.0018643244e+07 1.9148857740e+06 3.6000000000e+03 0.0000000000e+00 -0.0000000000e+00
7.7160000000e+04 2.1796300937e-14 5.5053379282e-16 2.0789946802e+08 1.6995858649e+07 6.5309297822e-19 2.6650843316e-20 -1.6375193540e+03 2.0655611033e+02 -4.6638892895e+09 -1.0018643244e+07 1.9148857740e+06 3.6000000000e+03 0.0000000000e+00 -0.0000000000e+00
8.0760000000e+04 2.4233231990e-14 6.5366335944e-16 2.0194411885e+08 1.7734411474e+07 7.0121147738e-19 3.0730503713e-20 -1.6713268455e+03 2.0368978893e+02 -4.6638892853e+09 -1.0018643244e+07 1.9148857740e+06 3.6000000000e+03 0.0000000000e+00 -0.0000000000e+00
8.4360000000e+04 2.6848469145e-14 7.7246779392e-16 1.9586349391e+08 1.8461951322e+07 7.5220287386e-19 3.5372653804e-20 -1.7071528007e+03 2.0042826889e+02 -4.6638892799e+09 -1.0018643243e+07 1.9148857740e+06 3.6000000000e+03 0.0000000000e+00 -0.0000000000e+00
8.7960000000e+04 2.9652934838e-14 9.0912812363e-16 1.8964991923e+08 1.9176945827e+07 8.0639801323e-19 4.0666830933e-20 -1.7452296681e+03 1.9670864232e+02 -4.6638892727e+09 -1.0018643244e+07 1.9148857740e+06 3.6000000000e+03 0.0000000000e+00 -0.0000000000e+00
9.1560000000e+04 3.2658842474e-14 1.0661809418e-15 1.8329481381e+08 1.9877612810e+07 8.6418525647e-19 4.6721805873e-20 -1.7858303053e+03 1.9245448816e+02 -4.6638892632e+09 -1.0018643244e+07 1.9148857740e+06 3.6000000000e+03 0.0000000000e+00 -0.0000000000e+00
9.5160000000e+04 3.5879927117e-14 1.2465968683e-15 1.7678852755e+08 2.0561865148e+07 9.2602420945e-19 5.3670970375e-20 -1.8292776262e+03 1.8757208694e+02 -4.6638892502e+09 -1.0018643244e+07 1.9148857740e+06 3.6000000000e+03 0.0000000000e+00 -0.0000000000e+00
9.8760000000e+04 3.9331732867e-14 1.4538816404e-15 1.7012013936e+08 2.1227239752e+07 9.9246372136e-19 6.1679634633e-20 -1.8759572456e+03 1.8194529365e+02 -4.6638892322e+09 -1.0018643244e+07 1.9148857740e+06 3.6000000000e+03 0.0000000000e+00 -0.0000000000e+00
1.0236000000e+05 4.3031975129e-14 1.6922081152e-15 1.6327720260e+08 2.1870804820e+07 1.0641658248e-18 7.0955072983e-20 -1.9263342999e+03 1.7542847979e+02 -4.6638892069e+09 -1.0018643244e+07 1.9148857740e+06 3.6000000000e+03 0.0000000000e+00 -0.0000000000e+00
1.0596000000e+05 4.7001003327e-14 1.9665912223e-15 1.5624542001e+08 2.2489036922e+07 1.1419380998e-18 8.1760604761e-20 -1.9809761853e+03 1.6783664028e+02 -4.6638891705e+09 -1.0018643244e+07 1.9148857740e+06 3.6000000000e+03 0.0000000000e+00 -0.0000000000e+00
1.0956000000e+05 5.1262400670e-14 2.2831237580e-15 1.4900822229e+08 2.3077655332e+07 1.2267782263e-18 9.4435735404e-20 -2.0405838601e+03 1.5893124261e+02 -4.6638891167e+09 -1.0018643244e+07 1.9148857740e+06 3.6000000000e+03 0.0000000000e+00 -0.0000000000e+00
1.1316000000e+05 5.5843774630e-14 2.6493002500e-15 1.4154621276e+08 2.3631394482e+07 1.3199365882e-18 1.0942563442e-19 -2.1060358292e+03 1.4839951592e+02 -4.6638890350e+09 -1.0018643244e+07 1.9148857740e+06 3.3276451974e+03 0.0000000000e+00 -0.0000000000e+00
1.1615198907e+05 5.9918160572e-14 2.9980522274e-15 1.3515704760e+08 2.4060402775e+07 1.4048215866e-18 1.2406658492e-19 -2.1656750305e+03 1.3811295634e+02 -4.6638889862e+09 -1.0018643244e+07 1.9148857740e+06 3.0113615787e+03 0.0000000000e+00 -0.0000000000e+00
1.1916335064e+05 6.4287179623e-14 3.3968948955e-15 1.2853804300e+08 2.4458582191e+07 1.4983314613e-18 1.4128584702e-19 -2.2313739683e+03 1.2601490537e+02 -4.6638889109e+09 -1.0018643244e+07 1.9148857740e+06 2.7194621709e+03 0.0000000000e+00 -0.0000000000e+00
1.2160726064e+05 6.8048834155e-14 3.7615488361e-15 1.2301460026e+08 2.4752946327e+07 1.5811865379e-18 1.5750436143e-19 -2.2895869703e+03 1.1461996795e+02 -4.6638888717e+09 -1.0018643244e+07 1.9148857740e+06 2.4604872686e+03 0.0000000000e+00 -0.0000000000e+00
1.2406774791e+05 7.2049386918e-14 4.1716718059e-15 1.1730377141e+08 2.5019098996e+07 1.6719810665e-18 1.7632106575e-19 -2.3533781380e+03 1.0139957287e+02 -4.6638888126e+09 -1.0018643244e+07 1.9148857740e+06 2.2208078606e+03 0.0000000000e+00 -0.0000000000e+00
1.2606029454e+05 7.5459389074e-14 4.5400201944e-15 1.1255940120e+08 2.5209184011e+07 1.7517859675e-18 1.9376786109e-19 -2.4094481225e+03 8.9141659717e+01 -4.6638887830e+09 -1.0018643244e+07 1.9148857740e+06 2.0074282580e+03 0.0000000000e+00 -0.0000000000e+00
1.2786562655e+05 7.8691399728e-14 4.9056320161e-15 1.0816074886e+08 2.5359015867e+07 1.8296766456e-18 2.1162072126e-19 -2.4641731966e+03 7.6598450196e+01 -4.6638887579e+09 -1.0018643244e+07 1.9148857740e+06 1.8193103321e+03 0.0000000000e+00 -0.0000000000e+00
1.2949563529e+05 8.1734622486e-14 5.2650447011e-15 1.0410138387e+08 2.5473706220e+07 1.9051942548e-18 2.2971269351e-19 -2.5172309804e+03 6.3887243341e+01 -4.6638887373e+09 -1.0018643244e+07 1.9148857740e+06 1.6441942011e+03 0.0000000000e+00 -0.0000000000e+00
1.3095967641e+05 8.4576451891e-14 5.6143841494e-15 1.0037913554e+08 2.5558084611e+07 1.9777736513e-18 2.4783231769e-19 -2.5682244105e+03 5.1156608563e+01 -4.6638887210e+09 -1.0018643244e+07 1.9148857740e+06 1.4791103318e+03 0.0000000000e+00 -0.0000000000e+00
1.3226295982e+05 8.7198463258e-14 5.9488270848e-15 9.7000808079e+07 2.5616713510e+07 2.0466338860e-18 2.6569095245e-19 -2.6166048013e+03 3.8609341884e+01 -4.6638887089e+09 -1.0018643244e+07 1.9148857740e+06 1.3204636235e+03 0.0000000000e+00 -0.0000000000e+00
1.3340418083e+05 8.9570279361e-14 6.2616932159e-15 9.3989281973e+07 2.5653992491e+07 2.1105964674e-18 2.8286566485e-19 -2.6615441584e+03 2.6542591006e+01 -4.6638887008e+09 -1.0018643243e+07 1.9148857740e+06 1.1632780441e+03 0.0000000000e+00 -0.0000000000e+00
1.3436820707e+05 9.1632185246e-14 6.5418886429e-15 9.1404348210e+07 2.5674306969e+07 2.1675715512e-18 2.9864277717e-19 -2.7015741821e+03 1.5457777505e+01 -4.6638886964e+09 -1.0018643243e+07 1.9148857740e+06 9.9965458979e+02 0.0000000000e+00 -0.0000000000e+00
1.3508646393e+05 9.3204887131e-14 6.7608696158e-15 8.9452802930e+07 2.5682262906e+07 2.2119298894e-18 3.1124023764e-19 -2.7327398286e+03 6.6069499807e+00 -4.6638886952e+09 -1.0018643243e+07 1.9148857740e+06 8.2284272220e+02 0.0000000000e+00 -0.0000000000e+00
1.3582102143e+05 9.4846889644e-14 6.9944732966e-15 8.7433354872e+07 2.5683617320e+07 2.2591128804e-18 3.2494333275e-19 -2.7658900430e+03 -3.0206834249e+00 -4.6638886936e+09 -1.0018643243e+07 1.9148857740e+06 6.9875552697e+02 0.0000000000e+00 -0.0000000000e+00
1.3651977695e+05 9.6441669924e-14 7.2263273178e-15 8.5489283087e+07 2.5678135532e+07 2.3058252292e-18 3.3881950547e-19 -2.7987095897e+03 -1.2769919130e+01 -4.6638886920e+09 -1.0018643243e+07 1.9148857740e+06 8.6175099600e+02 0.0000000000e+00 -0.0000000000e+00
1.3738152795e+05 9.8454463306e-14 7.5261119284e-15 8.3059403338e+07 2.5661646241e+07 2.3660854935e-18 3.5717814994e-19 -2.8410477424e+03 -2.5668486755e+01 -4.6638886868e+09 -1.0018643243e+07 1.9148857740e+06 9.4394151418e+02 0.0000000000e+00 -0.0000000000e+00
1.3832546946e+05 1.0072047739e-13 7.8734370919e-15 8.0354738704e+07 2.5630271453e+07 2.4357584508e-18 3.7905215126e-19 -2.8899991426e+03 -4.1036902738e+01 -4.6638886762e+09 -1.0018643243e+07 1.9148857740e+06 9.8407329725e+02 0.0000000000e+00 -0.0000000000e+00
1.3930954276e+05 1.0315500294e-13 8.2585716569e-15 7.7484378015e+07 2.5581373140e+07 2.5129043450e-18 4.0408963735e-19 -2.9442009402e+03 -5.8627945909e+01 -4.6638886591e+09 -1.0018643243e+07 1.9148857740e+06 9.9880398926e+02 0.0000000000e+00 -0.0000000000e+00
1.4030834675e+05 1.0570616384e-13 8.6759675652e-15 7.4514708158e+07 2.5513126926e+07 2.5964611516e-18 4.3218630870e-19 -3.0029069695e+03 -7.8368336648e+01 -4.6638886347e+09 -1.0018643243e+07 1.9148857740e+06 9.9662321222e+02 0.0000000000e+00 -0.0000000000e+00
1.4130496996e+05 1.0833783852e-13 9.1219455659e-15 7.1491040677e+07 2.5424307984e+07 2.6857709037e-18 4.6335507815e-19 -3.0656549506e+03 -1.0026714737e+02 -4.6638886018e+09 -1.0018643243e+07 1.9148857740e+06 9.8263078466e+02 0.0000000000e+00 -0.0000000000e+00
1.4228760075e+05 1.1102288082e-13 9.5937988612e-15 6.8446370103e+07 2.5314157141e+07 2.7803937781e-18 4.9767650888e-19 -3.1321358690e+03 -1.2438098082e+02 -4.6638885597e+09 -1.0018643243e+07 1.9148857741e+06 9.6022058675e+02 0.0000000000e+00 -0.0000000000e+00
1.4324782133e+05 1.1373989948e-13 1.0089381124e-14 6.5405647407e+07 2.5182286019e+07 2.8800207009e-18 5.3527661890e-19 -3.2021325729e+03 -1.5079837577e+02 -4.6638885074e+09 -1.0018643243e+07 1.9148857740e+06 9.3180180793e+02 0.0000000000e+00 -0.0000000000e+00
1.4417962314e+05 1.1647151873e-13 1.0606893641e-14 6.2388162694e+07 2.5028604757e+07 2.9844265713e-18 5.7631585754e-19 -3.2754869091e+03 -1.7963206202e+02 -4.6638884440e+09 -1.0018643243e+07 1.9148857740e+06 8.9915713831e+02 0.0000000000e+00 -0.0000000000e+00
1.4507878028e+05 1.1920334674e-13 1.1144766444e-14 5.9409008405e+07 2.4853264384e+07 3.0934427248e-18 6.2098334845e-19 -3.3520803760e+03 -2.1101491563e+02 -4.6638883686e+09 -1.0018643243e+07 1.9148857740e+06 8.6364142984e+02 0.0000000000e+00 -0.0000000000e+00
1.4594242171e+05 1.2192331762e-13 1.1701588416e-14 5.6480045877e+07 2.4656609546e+07 3.2069394597e-18 6.6949390225e-19 -3.4318218467e+03 -2.4509786002e+02 -4.6638882803e+09 -1.0018643243e+07 1.9148857740e+06 8.2630176414e+02 0.0000000000e+00 -0.0000000000e+00
1.4676872347e+05 1.2462124597e-13 1.2276064841e-14 5.3610581093e+07 2.4439138991e+07 3.3248142280e-18 7.2208662373e-19 -3.5146392722e+03 -2.8204888740e+02 -4.6638881782e+09 -1.0018643243e+07 1.9148857741e+06 7.8795517252e+02 0.0000000000e+00 -0.0000000000e+00
1.4755667865e+05 1.2728850951e-13 1.2866991211e-14 5.0807858784e+07 2.4201472152e+07 3.4469831864e-18 7.7902451461e-19 -3.6004737450e+03 -3.2205277967e+02 -4.6638880611e+09 -1.0018643243e+07 1.9148857741e+06 7.4924181324e+02 0.0000000000e+00 -0.0000000000e+00
1.4830592046e+05 1.2991781287e-13 1.3473237052e-14 4.8077436889e+07 2.3944320661e+07 3.5733748149e-18 8.4059474915e-19 -3.6892750163e+03 -3.6531130210e+02 -4.6638879281e+09 -1.0018643243e+07 1.9148857740e+06 7.1066303187e+02 0.0000000000e+00 -0.0000000000e+00
1.4901658349e+05 1.3250300478e-13 1.4093736147e-14 4.5423478597e+07 2.3668463947e+07 3.7039248350e-18 9.0710944218e-19 -3.7809979245e+03 -4.1204374290e+02 -4.6638877782e+09 -1.0018643243e+07 1.9148857741e+06 6.7260961317e+02 0.0000000000e+00 -0.0000000000e+00
1.4968919310e+05 1.3503893186e-13 1.4727480920e-14 4.2848985391e+07 2.3374728276e+07 3.8385719415e-18 9.7890680875e-19 -3.8755993974e+03 -4.6248772797e+02 -4.6638876102e+09 -1.0018643243e+07 1.9148857741e+06 6.3538336303e+02 0.0000000000e+00 -0.0000000000e+00
1.5032457647e+05 1.3752131825e-13 1.5373519594e-14 4.0355986480e+07 2.3063968701e+07 3.9772540259e-18 1.0563526597e-18 -3.9730357984e+03 -5.1690027171e+02 -4.6638874230e+09 -1.0018643243e+07 1.9148857741e+06 5.9921398780e+02 0.0000000000e+00 -0.0000000000e+00
1.5092379046e+05 1.3994666421e-13 1.6030955226e-14 3.7945695039e+07 2.2737053494e+07 4.1199046654e-18 1.1398422079e-18 -4.0732604594e+03 -5.7555904603e+02 -4.6638872155e+09 -1.0018643243e+07 1.9148857741e+06 5.6427253452e+02 0.0000000000e+00 -0.0000000000e+00
1.5148806299e+05 1.4231215898e-13 1.6698946040e-14 3.5618638568e+07 2.2394850707e+07 4.2664497067e-18 1.2298021794e-18 -4.1762212814e+03 -6.3876386369e+02 -4.6638869864e+09 -1.0018643243e+07 1.9148857741e+06 5.3068224236e+02 0.0000000000e+00 -0.0000000000e+00
1.5201874523e+05 1.4461560477e-13 1.7376706672e-14 3.3374768646e+07 2.2038216517e+07 4.4168038079e-18 1.3266932388e-18 -4.2818583040e+03 -7.0683838215e+02 -4.6638867346e+09 -1.0018643243e+07 1.9148857741e+06 4.9852740456e+02 0.0000000000e+00 -0.0000000000e+00
1.5251727264e+05 1.4685534967e-13 1.8063510100e-14 3.1213553972e+07 2.1667985100e+07 4.5708668178e-18 1.4310127504e-18 -4.3901011623e+03 -7.8013204368e+02 -4.6638864587e+09 -1.0018643243e+07 1.9148857741e+06 4.6786066151e+02 0.0000000000e+00 -0.0000000000e+00
1.5298513330e+05 1.4903022789e-13 1.8758690123e-14 2.9134059646e+07 2.1284959762e+07 4.7285198797e-18 1.5432979093e-18 -4.5008663488e+03 -8.5902227535e+02 -4.6638861574e+09 -1.0018643244e+07 1.9148857741e+06 4.3870904239e+02 0.0000000000e+00 -0.0000000000e+00
1.5342384234e+05 1.5113950627e-13 1.9461644321e-14 2.7135014953e+07 2.0889905084e+07 4.8896211438e-18 1.6641292893e-18 -4.6140542017e+03 -9.4391698134e+02 -4.6638858296e+09 -1.0018643244e+07 1.9148857741e+06 4.1107899123e+02 0.0000000000e+00 -0.0000000000e+00
1.5383492133e+05 1.5318283616e-13 2.0171837494e-14 2.5214871438e+07 2.0483539870e+07 5.0540009627e-18 1.7941348653e-18 -4.7295455286e+03 -1.0352573696e+03 -4.6638854738e+09 -1.0018643244e+07 1.9148857741e+06 3.8496056530e+02 0.0000000000e+00 -0.0000000000e+00
1.5421988190e+05 1.5516021004e-13 2.0888805642e-14 2.3371852691e+07 2.0066530662e+07 5.2214564290e-18 1.9339945904e-18 -4.8471977691e+03 -1.1335211670e+03 -4.6638850887e+09 -1.0018643243e+07 1.9148857741e+06 3.6033094737e+02 0.0000000000e+00 -0.0000000000e+00
1.5458021284e+05 1.5707192240e-13 2.1612160563e-14 2.1603996995e+07 1.9639485605e+07 5.3917450847e-18 2.0844456202e-18 -4.9668405752e+03 -1.2392262906e+03 -4.6638846733e+09 -1.0018643243e+07 1.9148857741e+06 3.3715739340e+02 0.0000000000e+00 -0.0000000000e+00
1.5491737024e+05 1.5891853458e-13 2.2341595251e-14 1.9909193748e+07 1.9202948421e+07 5.5645776005e-18 2.2462883112e-18 -5.0882706675e+03 -1.3529350612e+03 -4.6638842261e+09 -1.0018643243e+07 1.9148857741e+06 3.1539970964e+02 0.0000000000e+00 -0.0000000000e+00
1.5523276995e+05 1.6070084318e-13 2.3076890276e-14 1.8285214435e+07 1.8757392248e+07 5.7396091690e-18 2.4203931456e-18 -5.2112457883e+03 -1.4752590696e+03 -4.6638837462e+09 -1.0018643243e+07 1.9148857741e+06 2.9501234231e+02 0.0000000000e+00 -0.0000000000e+00
1.5552778229e+05 1.6241985188e-13 2.3817921463e-14 1.6729738750e+07 1.8303213035e+07 5.9164292914e-18 2.6077087854e-18 -5.3354775261e+03 -1.6068648344e+03 -4.6638832325e+09 -1.0018643243e+07 1.9148857740e+06 2.7594614675e+02 0.0000000000e+00 -0.0000000000e+00
1.5580372844e+05 1.6407674643e-13 2.4564669235e-14 1.5240376362e+07 1.7840722171e+07 6.0945495430e-18 2.8092715132e-18 -5.4606227193e+03 -1.7484804356e+03 -4.6638826842e+09 -1.0018643243e+07 1.9148857741e+06 2.5814989842e+02 0.0000000000e+00 -0.0000000000e+00
1.5606187834e+05 1.6567287291e-13 2.5317230144e-14 1.3814684707e+07 1.7370137915e+07 6.2733887754e-18 3.0262163976e-18 -5.5862730600e+03 -1.9009033591e+03 -4.6638821010e+09 -1.0018643243e+07 1.9148857741e+06 2.4157160061e+02 0.0000000000e+00 -0.0000000000e+00
1.5630344994e+05 1.6720971891e-13 2.6075831285e-14 1.2450183065e+07 1.6891575092e+07 6.4522550353e-18 3.2597906313e-18 -5.7119423899e+03 -2.0650098678e+03 -4.6638814825e+09 -1.0018643243e+07 1.9148857740e+06 2.2615964067e+02 0.0000000000e+00 -0.0000000000e+00
1.5652960958e+05 1.6868889792e-13 2.6840848526e-14 1.1144363086e+07 1.6405032376e+07 6.6303232266e-18 3.5113696404e-18 -5.8370510062e+03 -2.2417663198e+03 -4.6638808292e+09 -1.0018643243e+07 1.9148857740e+06 2.1186384900e+02 0.0000000000e+00 -0.0000000000e+00
1.5674147343e+05 1.7011213699e-13 2.7612829872e-14 9.8946957847e+06 1.5910376196e+07 6.8066071793e-18 3.7824767785e-18 -5.9609060374e+03 -2.4322430056e+03 -4.6638801421e+09 -1.0018643243e+07 1.9148857740e+06 1.9863651718e+02 0.0000000000e+00 -0.0000000000e+00
1.5694010994e+05 1.7148126781e-13 2.8392525772e-14 8.6986348848e+06 1.5407320000e+07 6.9799242550e-18 4.0748077251e-18 -6.0826765758e+03 -2.6376312895e+03 -4.6638794230e+09 -1.0018643244e+07 1.9148857740e+06 1.8643344481e+02 0.0000000000e+00 -0.0000000000e+00
1.5712654339e+05 1.7279822171e-13 2.9180928984e-14 7.5536161939e+06 1.4895397031e+07 7.1488498187e-18 4.3902611527e-18 -6.2013616895e+03 -2.8592651564e+03 -4.6638786749e+09 -1.0018643244e+07 1.9148857740e+06 1.7521510118e+02 0.0000000000e+00 -0.0000000000e+00
1.5730175849e+05 1.7406502921e-13 2.9979327772e-14 6.4570524314e+06 1.4373924013e+07 7.3116576837e-18 4.7309778820e-18 -6.3157485800e+03 -3.0986487220e+03 -4.6638779027e+09 -1.0018643244e+07 1.9148857740e+06 1.6494802001e+02 0.0000000000e+00 -0.0000000000e+00
1.5746670651e+05 1.7528382498e-13 3.0789378004e-14 5.4063225890e+06 1.3841951852e+07 7.4662407122e-18 5.0993917161e-18 -6.4243567972e+03 -3.3574919476e+03 -4.6638771130e+09 -1.0018643244e+07 1.9148857740e+06 1.5560659715e+02 0.0000000000e+00 -0.0000000000e+00
1.5762231311e+05 1.7645685953e-13 3.1613202581e-14 4.3987544330e+06 1.3298197556e+07 7.6100026533e-18 5.4982965996e-18 -6.5253622458e+03 -3.6377578258e+03 -4.6638763157e+09 -1.0018643243e+07 1.9148857741e+06 1.4717553892e+02 0.0000000000e+00 -0.0000000000e+00
1.5776948864e+05 1.7758651944e-13 3.2453531081e-14 3.4315981689e+06 1.2740948444e+07 7.7397071519e-18 5.9309369055e-18 -6.6164911005e+03 -3.9417258148e+03 -4.6638755244e+09 -1.0018643244e+07 1.9148857741e+06 1.3965332318e+02 0.0000000000e+00 -0.0000000000e+00
1.5790914197e+05 1.7867535795e-13 3.3313899659e-14 2.5019887157e+06 1.2167924798e+07 7.8512610573e-18 6.4011307419e-18 -6.6948675621e+03 -4.2720784725e+03 -4.6638747583e+09 -1.0018643244e+07 1.9148857741e+06 1.3213621960e+02 0.0000000000e+00 -0.0000000000e+00
1.5801984287e+05 1.7954878735e-13 3.4045404099e-14 1.7578483375e+06 1.1678917158e+07 7.9262391535e-18 6.8225047143e-18 -6.7475462904e+03 -4.5681308682e+03 -4.6638744727e+09 -1.0018643244e+07 1.9148857741e+06 1.1332039698e+02 0.0000000000e+00 -0.0000000000e+00
1.5811393803e+05 1.8029706549e-13 3.4705753847e-14 1.1212103435e+06 1.1236161017e+07 7.9759088732e-18 7.2196367980e-18 -6.7824436511e+03 -4.8471511980e+03 -4.6638743325e+09 -1.0018643244e+07 1.9148857741e+06 9.6974282675e+01 4.2740967648e-291 -3.0286178804e-283
1.5819054310e+05 1.8090919476e-13 3.5272153393e-14 6.0084388704e+05 1.0855473001e+07 8.0032696104e-18 7.5725438302e-18 -6.8016669832e+03 -5.0950995271e+03 -4.6638742799e+09 -1.0018643244e+07 1.9148857741e+06 8.1176986140e+01 6.9209958546e-266 -4.9994751477e-258
1.5823735644e+05 1.8128409895e-13 3.5631986424e-14 2.8226341863e+05 1.0613204688e+07 8.0126861998e-18 7.8024186347e-18 -6.8082829681e+03 -5.2566068603e+03 -4.6638742752e+09 -1.0018643243e+07 1.9148857741e+06 6.7248252087e+01 1.4407272755e-250 -1.0533470052e-242
1.5829662154e+05 1.8175909665e-13 3.6103417293e-14 -1.2131800918e+05 1.0295334187e+07 8.0149630153e-18 8.1099665871e-18 -6.8098826318e+03 -5.4726864334e+03 -4.6638742609e+09 -1.0018643243e+07 1.9148857741e+06 5.5146285510e+01 2.6713339904e-231 -1.9837180656e-223
1.5835176783e+05 1.8220089003e-13 3.6558945849e-14 -4.9671577337e+05 9.9877085758e+06 8.0056252534e-18 8.4136613912e-18 -6.8033220302e+03 -5.6860588299e+03 -4.6638742514e+09 -1.0018643243e+07 1.9148857741e+06 7.0926920496e+01 1.5829505115e-213 -1.1930070040e-205
1.5842269475e+05 1.8276772487e-13 3.7170305544e-14 -9.7856626353e+05 9.5741529114e+06 7.9739767409e-18 8.8305335679e-18 -6.7810861577e+03 -5.9789483169e+03 -4.6638742243e+09 -1.0018643244e+07 1.9148857741e+06 7.8827350780e+01 5.9935545288e-191 -4.6057108226e-183
1.5850152210e+05 1.8339389530e-13 3.7885834292e-14 -1.5114171963e+06 9.0891891102e+06 7.9069455015e-18 9.3303450337e-18 -6.7339907975e+03 -6.3301099726e+03 -4.6638741900e+09 -1.0018643244e+07 1.9148857741e+06 8.3453136502e+01 2.5066580648e-166 -1.9691825834e-158
1.5858497523e+05 1.8404924667e-13 3.8688061104e-14 -2.0702225581e+06 8.5443543697e+06 7.7901205114e-18 9.9029982809e-18 -6.6519109338e+03 -6.7324494070e+03 -4.6638741476e+09 -1.0018643244e+07 1.9148857741e+06 8.7007648120e+01 5.8226598110e-141 -4.6841503662e-133
1.5867198288e+05 1.8471951563e-13 3.9577405549e-14 -2.6436984234e+06 7.9391125674e+06 7.6049570311e-18 1.0547945757e-17 -6.5218172510e+03 -7.1855819158e+03 -4.6638740333e+09 -1.0018643244e+07 1.9148857741e+06 9.1358689369e+01 1.6545308344e-115 -1.3647164869e-107
1.5876334157e+05 1.8540217421e-13 4.0573888349e-14 -3.2310074955e+06 7.2595768231e+06 7.3229776863e-18 1.1274745277e-17 -6.3237018807e+03 -7.6962227084e+03 -4.6638735696e+09 -1.0018643244e+07 1.9148857741e+06 1.0043335535e+02 3.4439015575e-90 -2.9158928613e-82
1.5886377493e+05 1.8611684702e-13 4.1748431669e-14 -3.8515053761e+06 6.4569821991e+06 6.8838974460e-18 1.2121674905e-17 -6.0152092695e+03 -8.2912655010e+03 -4.6638713993e+09 -1.0018643244e+07 1.9148857741e+06 9.9624117476e+01 1.6724367837e-64 -1.4561763534e-56
1.5895188949e+05 1.8670152911e-13 4.2850226245e-14 -4.3661535832e+06 5.7027248000e+06 6.3643642379e-18 1.2888242140e-17 -5.6501913497e+03 -8.8298466219e+03 -4.6638686628e+09 -1.0018643244e+07 1.9148857741e+06 8.8129327871e+01 2.6030460801e-44 -2.3194315240e-36
1.5904001881e+05 1.8723427781e-13 4.4019793017e-14 -4.8443314136e+06 4.9008547804e+06 5.7006062932e-18 1.3650379631e-17 -5.1838428266e+03 -9.3653154566e+03 -4.6638636542e+09 -1.0018643244e+07 1.9148857741e+06 7.9643948040e+01 8.0740664586e-27 -7.3462927667e-19
1.5911966276e+05 1.8765996926e-13 4.5133379791e-14 -5.2372906664e+06 4.1364040568e+06 4.9680290305e-18 1.4305769978e-17 -4.6691426605e+03 -9.8257850039e+03 -4.6638591400e+09 -1.0018643243e+07 1.9148857741e+06 7.3521743640e+01 9.0342279930e-14 -8.3538850752e-06
1.5917836566e+05 1.8793372531e-13 4.5986396607e-14 -5.4988194271e+06 3.5503091056e+06 4.3477485274e-18 1.4749437217e-17 -4.2333408669e+03 -1.0137500364e+04 -4.6638602301e+09 -1.0018643163e+07 1.9148859656e+06 6.7198017879e+01 4.6610572830e-06 -4.3525039001e+02
1.5918508546e+05 1.8796268922e-13 4.6085671346e-14 -5.5270895195e+06 3.4820736839e+06 4.2725798593e-18 1.4797379611e-17 -4.1805282118e+03 -1.0171184046e+04 -4.6638683634e+09 -1.0018642881e+07 1.9148866493e+06 3.3599008940e+01 2.7594733209e-05 -2.5793590129e+03
1.5919774827e+05 1.8801588417e-13 4.6273610819e-14 -5.5793888578e+06 3.3528823165e+06 4.1287021132e-18 1.4885918640e-17 -4.0794404234e+03 -1.0233388096e+04 -4.6641134679e+09 -1.0018634579e+07 1.9149073026e+06 2.2146778579e+01 6.7995986018e-04 -6.3671819538e+04
1.5920775349e+05 1.8805661544e-13 4.6422890409e-14 -5.6197989252e+06 3.2502543267e+06 4.0130011520e-18 1.4954135174e-17 -3.9981398552e+03 -1.0281289610e+04 -4.6667932892e+09 -1.0018545889e+07 1.9151335715e+06 1.3390418247e+01 7.4559041807e-03 -6.9911200171e+05
1.5921591723e+05 1.8808898670e-13 4.6545195165e-14 -5.6521646164e+06 3.1661642966e+06 3.9173053372e-18 1.5008607865e-17 -3.9308409546e+03 -1.0319394313e+04 -4.6835939029e+09 -1.0018000640e+07 1.9165545139e+06 9.1572636808e+00 4.8049233642e-02 -4.5100462601e+06
1.5922240409e+05 1.8811414884e-13 4.6642692110e-14 -5.6774879630e+06 3.0991283457e+06 3.8404564597e-18 1.5051104817e-17 -3.8766035994e+03 -1.0348604383e+04 -4.7486056112e+09 -1.0015924618e+07 1.9220607113e+06 6.8509537525e+00 1.9913165887e-01 -1.8704909073e+07
1.5922772747e+05 1.8813442399e-13 4.6722906449e-14 -5.6980043227e+06 3.0439784490e+06 3.7768652510e-18 1.5085445732e-17 -3.8312395360e+03 -1.0370886510e+04 -4.9335789980e+09 -1.0010096777e+07 1.9377465778e+06 5.4823772340e+00 6.1480151071e-01 -5.7776243465e+07
1.5923224189e+05 1.8815135193e-13 4.6791073548e-14 -5.7152111206e+06 2.9971224310e+06 3.7225718486e-18 1.5114183482e-17 -3.7915150058e+03 -1.0386774627e+04 -5.3643234010e+09 -9.9966784695e+06 1.9743194245e+06 4.5947388724e+00 1.5543909089e+00 -1.4609069820e+08
1.5923618066e+05 1.8816592052e-13 4.6850653617e-14 -5.7300736750e+06 2.9561920648e+06 3.6749314784e-18 1.5138963709e-17 -3.7548619889e+03 -1.0395417434e+04 -6.2407696415e+09 -9.9696361171e+06 2.0488430829e+06 3.9832329826e+00 3.4146957921e+00 -3.2080565863e+08
1.5923970484e+05 1.8817879624e-13 4.6904044887e-14 -5.7432443608e+06 2.9195549088e+06 3.6320948635e-18 1.5160901209e-17 -3.7189115822e+03 -1.0394537723e+04 -7.8663327473e+09 -9.9198779240e+06 2.1873313757e+06 3.5497006523e+00 6.7759307521e+00 -6.3584060656e+08
1.5924325455e+05 1.8819161222e-13 4.6957900432e-14 -5.7563731871e+06 2.8826811085e+06 3.5887497550e-18 1.5182771229e-17 -3.6769521029e+03 -1.0377570760e+04 -1.1082428985e+10 -9.8220793375e+06 2.4621583185e+06 3.2343715191e+00 1.3241801779e+01 -1.2392025917e+09
1.5924648892e+05 1.8820315547e-13 4.7007039110e-14 -5.7681923734e+06 2.8491741694e+06 3.5490842558e-18 1.5202499087e-17 -3.6296465365e+03 -1.0336303690e+04 -1.6539215329e+10 -9.6568643841e+06 2.9307431869e+06 3.0565390089e+00 2.3875545694e+01 -2.2232448619e+09
1.5924954546e+05 1.8821394590e-13 4.7053534408e-14 -5.7792016669e+06 2.8176880603e+06 3.5114523981e-18 1.5220966638e-17 -3.5713184911e+03 -1.0258044184e+04 -2.5500669614e+10 -9.3858134532e+06 3.7062371990e+06 3.1368920429e+00 4.0721605858e+01 -3.7596836638e+09
1.5925268235e+05 1.8822490019e-13 4.7101310432e-14 -5.7902829392e+06 2.7857162529e+06 3.4726854262e-18 1.5239742136e-17 -3.4891563358e+03 -1.0112702603e+04 -4.0874151385e+10 -8.9189514888e+06 5.0537679047e+06 3.4648636585e+00 6.8293788434e+01 -6.2099898143e+09
1.5925494065e+05 1.8823271097e-13 4.7135741585e-14 -5.7980763448e+06 2.7630538810e+06 3.4446870501e-18 1.5253148197e-17 -3.4094258327e+03 -9.9474409538e+03 -5.7527654645e+10 -8.4084485149e+06 6.5385529250e+06 2.3578659081e+00 9.6591692745e+01 -8.6335355397e+09
1.5925694975e+05 1.8823960660e-13 4.7166398531e-14 -5.8048389067e+06 2.7432638890e+06 3.4197171777e-18 1.5264997795e-17 -3.3191268232e+03 -9.7428214936e+03 -7.7428305738e+10 -7.7900270125e+06 8.3485841345e+06 2.0286867078e+00 1.2848321833e+02 -1.1240706867e+10
1.5925897844e+05 1.8824651851e-13 4.7197378505e-14 -5.8114611341e+06 2.7237645575e+06 3.3944470456e-18 1.5276890534e-17 -3.2053751763e+03 -9.4684678878e+03 -1.0317300917e+11 -6.9740512420e+06 1.0751613223e+07 1.8456068369e+00 1.6678887808e+02 -1.4171830434e+10
1.5926082404e+05 1.8825276208e-13 4.7225583575e-14 -5.8172642217e+06 2.7065721193e+06 3.3714095534e-18 1.5287648257e-17 -3.0794390985e+03 -9.1508368565e+03 -1.3183750097e+11 -6.0411744844e+06 1.3515722108e+07 1.7597335220e+00 2.0558037348e+02 -1.6871624336e+10
1.5926258378e+05 1.8825867550e-13 4.7252494747e-14 -5.8225619940e+06 2.6907832182e+06 3.3494031777e-18 1.5297852307e-17 -2.9382081217e+03 -8.7831370164e+03 -1.6362646011e+11 -4.9721332575e+06 1.6702109340e+07 1.7731146970e+00 2.4377140317e+02 -1.9190487291e+10
1.5926435689e+05 1.8826459469e-13 4.7279628672e-14 -5.8276303894e+06 2.6755854317e+06 3.3271910518e-18 1.5308083474e-17 -2.7754417968e+03 -8.3490149007e+03 -1.9933260488e+11 -3.7212703118e+06 2.0453247851e+07 1.9808030604e+00 2.8034871734e+02 -2.0965903567e+10
1.5926633769e+05 1.8827116059e-13 4.7309962244e-14 -5.8329300740e+06 2.6595844810e+06 3.3023341372e-18 1.5319456040e-17 -2.5722409107e+03 -7.7961590376e+03 -2.4203767383e+11 -2.1425082740e+06 2.5220439653e+07 2.1609398019e+00 3.1465294973e+02 -2.1956821248e+10
1.5926793368e+05 1.8827641506e-13 4.7334419152e-14 -5.8368958873e+06 2.6475262119e+06 3.2822753154e-18 1.5328577970e-17 -2.3960126085e+03 -7.3095534679e+03 -2.7711240770e+11 -7.6435898847e+05 2.9411063160e+07 1.6399668793e+00 3.3435362212e+02 -2.1861370671e+10
1.5926957365e+05 1.8828178097e-13 4.7359565174e-14 -5.8406717450e+06 2.6359665224e+06 3.2616369620e-18 1.5337915456e-17 -2.2080264209e+03 -6.7849567791e+03 -3.1232427918e+11 7.1027135986e+05 3.3925898479e+07 1.5080318376e+00 3.4547203689e+02 -2.0952590340e+10
1.5927108168e+05 1.8828668529e-13 4.7382701694e-14 -5.8438697207e+06 2.6261050133e+06 3.2426367198e-18 1.5346471880e-17 -2.0332770874e+03 -6.2932396154e+03 -3.4289855287e+11 2.0821712476e+06 3.8156593335e+07 1.4925875155e+00 3.4711955967e+02 -1.9513395039e+10
1.5927257427e+05 1.8829151117e-13 4.7405613950e-14 -5.8467765687e+06 2.6170739160e+06 3.2238116544e-18 1.5354914573e-17 -1.8624065607e+03 -5.8093765446e+03 -3.7070176776e+11 3.4221474337e+06 4.2319849202e+07 1.5794896008e+00 3.4116177389e+02 -1.7691000165e+10
1.5927415375e+05 1.8829658740e-13 4.7429873916e-14 -5.8495790596e+06 2.6082938632e+06 3.2038711645e-18 1.5363822763e-17 -1.6874765675e+03 -5.3114622664e+03 -3.9695858306e+11 4.7899677706e+06 4.6605320275e+07 2.0032365893e+00 3.2791486629e+02 -1.5533711127e+10
1.5927577585e+05 1.8830176777e-13 4.7454802959e-14 -5.8521767835e+06 2.6000766970e+06 3.1833737395e-18 1.5372945757e-17 -1.5172456208e+03 -4.8249332522e+03 -4.2031662253e+11 6.1145201950e+06 5.0795299418e+07 1.6564589391e+00 3.0873983253e+02 -1.3273301701e+10
1.5927717173e+05 1.8830619904e-13 4.7476267091e-14 -5.8541978782e+06 2.5936190089e+06 3.1657208855e-18 1.5380777531e-17 -1.3801081492e+03 -4.4318834872e+03 -4.3753219420e+11 7.1747658601e+06 5.4182993775e+07 1.4075015075e+00 2.8927882677e+02 -1.1413578261e+10
1.5927857923e+05 1.8831064226e-13 4.7497921106e-14 -5.8560486931e+06 2.5876443147e+06 3.1479088335e-18 1.5388658419e-17 -1.2514772979e+03 -4.0625763730e+03 -4.5236326681e+11 8.1617545208e+06 5.7369168910e+07 1.3070918165e+00 2.6817348978e+02 -9.6899720471e+09
1.5927988632e+05 1.8831474605e-13 4.7518040271e-14 -5.8576113380e+06 2.5825443507e+06 3.1313574163e-18 1.5395963790e-17 -1.1409927741e+03 -3.7450748836e+03 -4.6407422884e+11 9.0020279100e+06 6.0111559241e+07 1.2540368030e+00 2.4813980650e+02 -8.2575331258e+09
1.5928114036e+05 1.8831866292e-13 4.7537351765e-14 -5.8589799711e+06 2.5780267147e+06 3.1154693982e-18 1.5402961573e-17 -1.0430756181e+03 -3.4636293284e+03 -4.7365276797e+11 9.7394404918e+06 6.2545637221e+07 1.2234351029e+00 2.2913917907e+02 -7.0453202995e+09
1.5928236379e+05 1.8832246501e-13 4.7556200461e-14 -5.8602014702e+06 2.5739461870e+06 3.0999616984e-18 1.5409778971e-17 -9.5495300529e+02 -3.2104363144e+03 -4.8162616366e+11 1.0395870718e+07 6.4738491340e+07 1.2074294197e+00 2.1121327053e+02 -6.0133161562e+09
1.5928357122e+05 1.8832619876e-13 4.7574810739e-14 -5.8613054688e+06 2.5702106068e+06 3.0846502077e-18 1.5416498575e-17 -8.7482414312e+02 -2.9804293825e+03 -4.8834159127e+11 1.0985525824e+07 6.6733679739e+07 1.2008717611e+00 1.9437484047e+02 -5.1319669171e+09
1.5928477209e+05 1.8832989388e-13 4.7593327985e-14 -5.8623113682e+06 2.5667595126e+06 3.0694157316e-18 1.5423173845e-17 -8.0147787421e+02 -2.7702039921e+03 -4.9404043611e+11 1.1517988818e+07 6.8560460270e+07 1.2010243549e+00 1.7862758126e+02 -4.3785977375e+09
1.5928597312e+05 1.8833357117e-13 4.7611855598e-14 -5.8632328872e+06 2.5635499677e+06 3.0541735811e-18 1.5429842727e-17 -7.3402417619e+02 -2.5772572342e+03 -4.9890226480e+11 1.2000319129e+07 7.0240334274e+07 1.2062404979e+00 1.6396004237e+02 -3.7346577824e+09
1.5928717936e+05 1.8833724600e-13 4.7630471735e-14 -5.8640802197e+06 2.5605498658e+06 3.0388598140e-18 1.5436533828e-17 -6.7177052734e+02 -2.3996387742e+03 -5.0306630176e+11 1.2438021327e+07 7.1790050440e+07 1.2154400671e+00 1.5034704787e+02 -3.1845172901e+09
1.5928839480e+05 1.8834093017e-13 4.7649238011e-14 -5.8648612059e+06 2.5577343077e+06 3.0234240924e-18 1.5443269629e-17 -6.1415642629e+02 -2.2357664590e+03 -5.0664348807e+11 1.2835559057e+07 7.3223191324e+07 1.2278663591e+00 1.3775266944e+02 -2.7148266727e+09
1.5928962266e+05 1.8834463296e-13 4.7668204457e-14 -5.8655820314e+06 2.5550834494e+06 3.0078256090e-18 1.5450068319e-17 -5.6071514243e+02 -2.0843188317e+03 -5.0972393434e+11 1.3196655827e+07 7.4551097931e+07 1.2429594638e+00 1.2613318425e+02 -2.3141136702e+09
1.5929086562e+05 1.8834836175e-13 4.7687412540e-14 -5.8662476717e+06 2.5525811337e+06 2.9920306084e-18 1.5456944913e-17 -5.1104973353e+02 -1.9441678418e+03 -5.1238185607e+11 1.3524484059e+07 7.5783448367e+07 1.2602848989e+00 1.1543962213e+02 -1.9724959535e+09
1.5929212591e+05 1.8835212246e-13 4.7706897085e-14 -5.8668621922e+06 2.5502139766e+06 2.9760108090e-18 1.5463911971e-17 -4.6481715684e+02 -1.8143343014e+03 -5.1467901706e+11 1.3821790718e+07 7.6928640726e+07 1.2794905826e+00 1.0561983894e+02 -1.6814571218e+09
1.5929340540e+05 1.8835591983e-13 4.7726687537e-14 -5.8674289571e+06 2.5479707307e+06 2.9597423670e-18 1.5470980062e-17 -4.2171727597e+02 -1.6939570687e+03 -5.1666723032e+11 1.4090984570e+07 7.7994057844e+07 1.3002797404e+00 9.6620157076e+01 -1.4336622069e+09
1.5929470568e+05 1.8835975758e-13 4.7746808806e-14 -5.8679507814e+06 2.5458418275e+06 2.9432051818e-18 1.5478158087e-17 -3.8148497378e+02 -1.5822709212e+03 -5.1839023334e+11 1.4334199069e+07 7.8986257268e+07 1.3223932519e+00 8.8386636415e+01 -1.2228007517e+09
1.5929602807e+05 1.8836363853e-13 4.7767281842e-14 -5.8684300441e+06 2.5438190396e+06 2.9263824240e-18 1.5485453495e-17 -3.4388431767e+02 -1.4785901588e+03 -5.1988513035e+11 1.4553339136e+07 7.9911111924e+07 1.3455979735e+00 8.0866040045e+01 -1.0434510288e+09
1.5929737367e+05 1.8836756474e-13 4.7788124029e-14 -5.8688687751e+06 2.5418952240e+06 2.9092602101e-18 1.5492872430e-17 -3.0870412591e+02 -1.3822961145e+03 -5.2118352454e+11 1.4750116904e+07 8.0773917181e+07 1.3696786686e+00 7.4006551891e+01 -8.9096157640e+08
1.5929874335e+05 1.8837153756e-13 4.7809349455e-14 -5.8692687238e+06 2.5400641255e+06 2.8918273796e-18 1.5500419839e-17 -2.7575452724e+02 -1.2928274305e+03 -5.2231242147e+11 1.4926079629e+07 8.1579474120e+07 1.3944329286e+00 6.7758296349e+01 -7.6134754763e+08
1.5930013778e+05 1.8837555764e-13 4.7830969106e-14 -5.8696314133e+06 2.5383202206e+06 2.8740753351e-18 1.5508099546e-17 -2.4486422922e+02 -1.2096723116e+03 -5.2329496011e+11 1.5082631953e+07 8.2332155838e+07 1.4196677483e+00 6.2073698455e+01 -6.5119995818e+08
1.5930155745e+05 1.8837962504e-13 4.7852991002e-14 -5.8699581859e+06 2.5366585942e+06 2.8559979262e-18 1.5515914306e-17 -2.1587831614e+02 -1.1323622567e+03 -5.2415101073e+11 1.5221053928e+07 8.3035961054e+07 1.4451976774e+00 5.6907719127e+01 -5.5760635422e+08
1.5930300265e+05 1.8838373922e-13 4.7875420312e-14 -5.8702502396e+06 2.5350748395e+06 2.8375913559e-18 1.5523865855e-17 -1.8865644240e+02 -1.0604669007e+03 -5.2489766855e+11 1.5342515817e+07 8.3694558233e+07 1.4708441023e+00 5.2217991639e+01 -4.7808159068e+08
1.5930447349e+05 1.8838789910e-13 4.7898259448e-14 -5.8705086600e+06 2.5335649760e+06 2.8188540963e-18 1.5531954946e-17 -1.6307132881e+02 -9.9358971161e+02 -5.2554966444e+11 1.5448090368e+07 8.4311322388e+07 1.4964351926e+00 4.7964881193e+01 -4.1050757754e+08
1.5930596993e+05 1.8839210306e-13 4.7921508167e-14 -5.8707344465e+06 2.5321253822e+06 2.7997868044e-18 1.5540181388e-17 -1.3900749860e+02 -9.3136437124e+02 -5.2611970867e+11 1.5538763058e+07 8.4889366091e+07 1.5218069484e+00 4.4111485806e+01 -3.5308097313e+08
1.5930749173e+05 1.8839634904e-13 4.7945163687e-14 -5.8709285357e+06 2.5307527395e+06 2.7803922246e-18 1.5548544092e-17 -1.1636019621e+02 -8.7345168538e+02 -5.2661878039e+11 1.5615440697e+07 8.5431565993e+07 1.5468044369e+00 4.0623591405e+01 -3.0426787224e+08
1.5930903854e+05 1.8840063452e-13 4.7969220816e-14 -5.8710918202e+06 2.5294439857e+06 2.7606750746e-18 1.5557041125e-17 -9.5034458651e+01 -8.1953694174e+02 -5.2705637235e+11 1.5678958647e+07 8.5940585596e+07 1.5712838204e+00 3.7469593550e+01 -2.6276466381e+08
1.5931060982e+05 1.8840495658e-13 4.7993672122e-14 -5.8712251656e+06 2.5281962752e+06 2.7406419063e-18 1.5565669767e-17 -7.4944305333e+01 -7.6932762495e+02 -5.2744069864e+11 1.5730086869e+07 8.6418895038e+07 1.5951143977e+00 3.4620393846e+01 -2.2746428350e+08
1.5931220494e+05 1.8840931200e-13 4.8018508131e-14 -5.8713294247e+06 2.5270069469e+06 2.7203009394e-18 1.5574426586e-17 -5.6012029336e+01 -7.2255144281e+02 -5.2777887168e+11 1.5769534961e+07 8.6868788309e+07 1.6181811958e+00 3.2049278828e+01 -1.9742718858e+08
1.5931382312e+05 1.8841369724e-13 4.8043717561e-14 -5.8714054485e+06 2.5258734963e+06 2.6996618624e-18 1.5583307524e-17 -3.8167568177e+01 -6.7895460704e+02 -5.2807705335e+11 1.5797956313e+07 8.7292398376e+07 1.6262222982e+00 2.9731786219e+01 -1.7185643648e+08
1.5931521048e+05 1.8841743037e-13 4.8065342523e-14 -5.8714483769e+06 2.5249558233e+06 2.6819636836e-18 1.5590919840e-17 -2.3863706377e+01 -6.4435428407e+02 -5.2830221844e+11 1.5813845614e+07 8.7631961872e+07 1.4267297171e+00 2.7951391126e+01 -1.5319504118e+08
1.5931638883e+05 1.8842058180e-13 4.8083717869e-14 -5.8714696732e+06 2.5242129435e+06 2.6669296370e-18 1.5597384106e-17 -1.2380467438e+01 -6.1679638430e+02 -5.2847440992e+11 1.5821669819e+07 8.7904808614e+07 1.2328153743e+00 2.6573586391e+01 -1.3934724461e+08
1.5931721414e+05 1.8842277851e-13 4.8096592507e-14 -5.8714766944e+06 2.5237115248e+06 2.6563986083e-18 1.5601911062e-17 -4.6795749061e+00 -5.9842168376e+02 -5.2858575768e+11 1.5824236102e+07 8.8088028553e+07 1.0289391225e+00 2.5675991903e+01 -1.3060709075e+08
1.5931824308e+05 1.8842550503e-13 4.8112648827e-14 -5.8714767276e+06 2.5231071490e+06 2.6432680145e-18 1.5607554248e-17 4.5473956513e+00 -5.7651300504e+02 -5.2871495600e+11 1.5824249446e+07 8.8307953427e+07 1.0092220162e+00 2.4629062508e+01 -1.2069504057e+08
1.5931925230e+05 1.8842816617e-13 4.8128403107e-14 -5.8714677340e+06 2.5225357338e+06 2.6303876182e-18 1.5613088621e-17 1.3213634903e+01 -5.5603587516e+02 -5.2883226399e+11 1.5820990752e+07 8.8515060303e+07 1.2067911587e+00 2.3674682316e+01 -1.1192535824e+08
1.5932045909e+05 1.8843133121e-13 4.8147248837e-14 -5.8714457702e+06 2.5218788793e+06 2.6149838906e-18 1.5619705607e-17 2.3103046425e+01 -5.3277573387e+02 -5.2896155585e+11 1.5813059689e+07 8.8752288149e+07 1.3270127947e+00 2.2620617910e+01 -1.0253585695e+08
1.5932178611e+05 1.8843479009e-13 4.8167981214e-14 -5.8714082071e+06 2.5211880611e+06 2.5980433828e-18 1.5626980841e-17 3.3414355271e+01 -5.0862656184e+02 -5.2909144417e+11 1.5799537102e+07 8.9001003807e+07 1.4136314580e+00 2.1562307490e+01 -9.3421827652e+07
1.5932319974e+05 1.8843845000e-13 4.8190077483e-14 -5.8713535682e+06 2.5204863402e+06 2.5799945648e-18 1.5634729967e-17 4.3786176858e+01 -4.8441462072e+02 -5.2921736410e+11 1.5779910044e+07 8.9253083087e+07 1.4817959840e+00 2.0540843494e+01 -8.4922231570e+07
1.5932468153e+05 1.8844225901e-13 4.8213250981e-14 -5.8712810267e+06 2.5197863885e+06 2.5610726726e-18 1.5642851770e-17 5.4017895955e+01 -4.6056989003e+02 -5.2933731939e+11 1.5753878116e+07 8.9504266706e+07 1.5388234291e+00 1.9576674192e+01 -7.7164944148e+07
1.5932622036e+05 1.8844618493e-13 4.8237329056e-14 -5.8711901485e+06 2.5190957267e+06 2.5414196149e-18 1.5651285200e-17 6.3987639077e+01 -4.3732545552e+02 -5.2945055759e+11 1.5721252872e+07 8.9752208840e+07 1.5888056828e+00 1.8679952758e+01 -7.0177703584e+07
1.5932780916e+05 1.8845020663e-13 4.8262202824e-14 -5.8710807481e+06 2.5184189818e+06 2.5211251100e-18 1.5659991669e-17 7.3616628402e+01 -4.1480477646e+02 -5.2955697870e+11 1.5681900498e+07 8.9995629647e+07 1.6343179269e+00 1.7855143518e+01 -6.3938130012e+07
1.5932944348e+05 1.8845430989e-13 4.8287803547e-14 -5.8709527986e+06 2.5177590112e+06 2.5002460270e-18 1.5668946730e-17 8.2851301450e+01 -3.9306573183e+02 -5.2965683572e+11 1.5635705336e+07 9.0233891154e+07 1.6771775680e+00 1.7103366088e+01 -5.8398971542e+07
1.5933112066e+05 1.8845848527e-13 4.8314090859e-14 -5.8708063674e+06 2.5171175156e+06 2.4788160454e-18 1.5678135913e-17 9.1653458551e+01 -3.7212500495e+02 -5.2975057180e+11 1.5582543821e+07 9.0466765128e+07 1.7188354780e+00 1.6423692003e+01 -5.3501649264e+07
1.5933283949e+05 1.8846272707e-13 4.8341047088e-14 -5.8706415651e+06 2.5164953943e+06 2.4568503222e-18 1.5687552707e-17 9.9994471153e+01 -3.5197242454e+02 -5.2983872801e+11 1.5522263129e+07 9.0694299156e+07 1.7606126030e+00 1.5813900727e+01 -4.9183726762e+07
1.5933460011e+05 1.8846703283e-13 4.8368675282e-14 -5.8704584967e+06 2.5158929558e+06 2.4343471391e-18 1.5697197851e-17 1.0785171526e+02 -3.3257968245e+02 -5.2992189091e+11 1.5454660694e+07 9.0916738266e+07 1.8038767998e+00 1.5270934563e+01 -4.5383021941e+07
1.5933640398e+05 1.8847140329e-13 4.8397000005e-14 -5.8702572080e+06 2.5153100396e+06 2.4112872897e-18 1.5707079585e-17 1.1520629374e+02 -3.1390560378e+02 -5.3000066407e+11 1.5379461191e+07 9.1134481651e+07 1.8502158200e+00 1.4791176159e+01 -4.2039780570e+07
1.5933825420e+05 1.8847584281e-13 4.8426070869e-14 -5.8700376193e+06 2.5147460758e+06 2.3876312547e-18 1.5717214853e-17 1.2204152582e+02 -2.9589903697e+02 -5.3007565541e+11 1.5296286823e+07 9.1348065287e+07 1.8697191177e+00 1.4370616668e+01 -3.9097690543e+07
1.5934012392e+05 1.8848028466e-13 4.8455467221e-14 -5.8698035302e+06 2.5142089907e+06 2.3637220065e-18 1.5727456762e-17 1.2824201264e+02 -2.7878323651e+02 -5.3014631021e+11 1.5206204930e+07 9.1554714273e+07 1.8861909451e+00 1.4010584213e+01 -3.6544538194e+07
1.5934201011e+05 1.8848472034e-13 4.8485141951e-14 -5.8695562926e+06 2.5136986354e+06 2.3395982679e-18 1.5737788824e-17 1.3379818393e+02 -2.6252861781e+02 -5.3021309671e+11 1.5109365419e+07 9.1754581604e+07 1.9039821560e+00 1.3705335243e+01 -3.4326265408e+07
1.5934391409e+05 1.8848915171e-13 4.8515116349e-14 -5.8692967533e+06 2.5132136449e+06 2.3152431300e-18 1.5748218378e-17 1.3871579383e+02 -2.4707354491e+02 -5.3027656625e+11 1.5005716220e+07 9.1948235022e+07 1.9231475874e+00 1.3448424958e+01 -3.2390232730e+07
1.5934583724e+05 1.8849358060e-13 4.8545412627e-14 -5.8690257544e+06 2.5127527685e+06 2.2906389749e-18 1.5758753063e-17 1.4300022721e+02 -2.3236653572e+02 -5.3033718615e+11 1.4895197889e+07 9.2136157737e+07 1.9436620660e+00 1.3233697895e+01 -3.0691129258e+07
1.5934778090e+05 1.8849800866e-13 4.8576052665e-14 -5.8687441486e+06 2.5123148690e+06 2.2657684993e-18 1.5769400375e-17 1.4665736538e+02 -2.1836592269e+02 -5.3039534856e+11 1.4777757084e+07 9.2318748694e+07 1.9652567613e+00 1.3055255443e+01 -2.9189887872e+07
1.5934974616e+05 1.8850243677e-13 4.8607054165e-14 -5.8684528386e+06 2.5118989509e+06 2.2406178345e-18 1.5780166335e-17 1.4969435470e+02 -2.0504037329e+02 -5.3045137358e+11 1.4653371722e+07 9.2496310179e+07 1.9873084184e+00 1.2907454151e+01 -2.7852925937e+07
1.5935173347e+05 1.8850686429e-13 4.8638425040e-14 -5.8681528342e+06 2.5115041935e+06 2.2151810858e-18 1.5791053548e-17 1.5212063945e+02 -1.9236948933e+02 -5.3050550968e+11 1.4522086880e+07 9.2669031129e+07 2.0087177479e+00 1.2784921165e+01 -2.6651577270e+07
1.5935374218e+05 1.8851128814e-13 4.8670155863e-14 -5.8678453283e+06 2.5111299837e+06 2.1894664342e-18 1.5802058592e-17 1.5394936006e+02 -1.8034429896e+02 -5.3055793180e+11 1.4384063105e+07 9.2836967371e+07 2.0278218929e+00 1.2682590059e+01 -2.5561690497e+07
1.5935577001e+05 1.8851570166e-13 4.8702210888e-14 -5.8675317815e+06 2.5107759396e+06 2.1635033622e-18 1.5813168930e-17 1.5519917450e+02 -1.6896720958e+02 -5.3060873868e+11 1.4239635062e+07 9.3000023566e+07 2.0424293999e+00 1.2595760325e+01 -2.4563352901e+07
1.5935781244e+05 1.8852009376e-13 4.8734519597e-14 -5.8672139942e+06 2.5104419042e+06 2.1373494395e-18 1.5824360007e-17 1.5589639458e+02 -1.5825069087e+02 -5.3065795271e+11 1.4089370206e+07 9.3157947088e+07 2.0500926616e+00 1.2520181206e+01 -2.3640669563e+07
1.5935986253e+05 1.8852444861e-13 4.8766972517e-14 -5.8668941223e+06 2.5101278847e+06 2.1110936221e-18 1.5835593845e-17 1.5607699207e+02 -1.4821382507e+02 -5.3070552733e+11 1.3934105544e+07 9.3310348929e+07 2.0486768450e+00 1.2452153151e+01 -2.2781492905e+07
1.5936191121e+05 1.8852874668e-13 4.8799426031e-14 -5.8665745915e+06 2.5098339231e+06 2.0848522663e-18 1.5846820749e-17 1.5578761916e+02 -1.3887630029e+02 -5.3075136686e+11 1.3774932497e+07 9.3456764958e+07 2.0370813733e+00 1.2388627199e+01 -2.1976986627e+07
1.5936394829e+05 1.8853296711e-13 4.8831718666e-14 -5.8662578895e+06 2.5095599155e+06 2.0587558925e-18 1.5857984967e-17 1.5508466098e+02 -1.3025073892e+02 -5.3079535896e+11 1.3613109808e+07 9.3596754941e+07 2.0157414842e+00 1.2327270279e+01 -2.1220967514e+07
1.5936596403e+05 1.8853709100e-13 4.8863695399e-14 -5.8659462852e+06 2.5093054423e+06 2.0329295112e-18 1.5869033110e-17 1.5403092304e+02 -1.2233580520e+02 -5.3083741188e+11 1.3449917887e+07 9.3730011386e+07 1.9865527884e+00 1.2266465229e+01 -2.0509097951e+07
1.5936795058e+05 1.8854110424e-13 4.8895230886e-14 -5.8656415800e+06 2.5090696829e+06 2.0074738983e-18 1.5879922152e-17 1.5269072697e+02 -1.1511286009e+02 -5.3087748309e+11 1.3286505300e+07 9.3856435781e+07 1.9522434423e+00 1.2205236001e+01 -1.9838116741e+07
1.5936990282e+05 1.8854499890e-13 4.8926242806e-14 -5.8653449821e+06 2.5088514472e+06 1.9824549046e-18 1.5890624005e-17 1.5112503811e+02 -1.0854722310e+02 -5.3091559010e+11 1.3123783514e+07 9.3976155159e+07 1.9155900324e+00 1.2143118777e+01 -1.9205282897e+07
1.5937181841e+05 1.8854877295e-13 4.8956692786e-14 -5.8650571233e+06 2.5086492935e+06 1.9579028102e-18 1.5901125785e-17 1.4938803246e+02 -1.0259274969e+02 -5.3095180390e+11 1.2962393858e+07 9.4089484818e+07 1.8788715348e+00 1.2080016215e+01 -1.8608082167e+07
1.5937369729e+05 1.8855242897e-13 4.8986578636e-14 -5.8647781700e+06 2.5084616706e+06 1.9338186812e-18 1.5911427099e-17 1.4752555421e+02 -9.7197368175e+01 -5.3098623297e+11 1.2802732375e+07 9.4196865006e+07 1.8436769142e+00 1.2016066340e+01 -1.8044128141e+07
1.5937554096e+05 1.8855597252e-13 4.9015923485e-14 -5.8645079620e+06 2.5082870373e+06 1.9101831999e-18 1.5921536260e-17 1.4557509011e+02 -9.2307775861e+01 -5.3101900612e+11 1.2645002336e+07 9.4298798450e+07 1.8109615448e+00 1.1951540939e+01 -1.7511157548e+07
1.5937735192e+05 1.8855941077e-13 4.9044765767e-14 -5.8642461377e+06 2.5081239407e+06 1.8869647790e-18 1.5931466822e-17 1.4356660834e+02 -8.7872609452e+01 -5.3105025881e+11 1.2489269831e+07 9.4395802679e+07 1.7812034166e+00 1.1886774405e+01 -1.7007049291e+07
1.5937735192e+05 1.8855941077e-13 4.9044765767e-14 -5.8642461377e+06 2.5081239407e+06 1.8869647790e-18 1.5931466822e-17 1.4356660834e+02 -8.7872609452e+01 -5.3105025881e+11 1.2489269831e+07 9.4395802679e+07 1.7812034166e+00 1.1886774405e+01 -1.7007049291e+07
