0.0000000000e+00 0.0000000000e+00 0.0000000000e+00 3.1415900000e+08 0.0000000000e+00 0.0000000000e+00 0.0000000000e+00 -1.1783521720e+03 2.2690561830e+02 -4.6638893007e+09 -1.0015993462e+07 1.9286977555e+06 1.0000000000e+01 0.0000000000e+00 -0.0000000000e+00
1.0000000000e+01 2.8740014349e-22 6.9195052699e-28 3.1414721628e+08 2.2690561825e+03 5.7480747388e-23 2.0758905137e-28 -1.1783925573e+03 2.2690561815e+02 -4.6638893007e+09 -1.0015993462e+07 1.9286977555e+06 5.0000000000e+01 0.0000000000e+00 -0.0000000000e+00
6.0000000000e+01 1.0347699042e-20 1.4950337235e-25 3.1408829160e+08 1.3614336993e+04 3.4494918364e-22 7.4760100183e-27 -1.1785945292e+03 2.2690561305e+02 -4.6638893007e+09 -1.0015993462e+07 1.9286977555e+06 2.5000000000e+02 0.0000000000e+00 -0.0000000000e+00
3.1000000000e+02 2.7639896152e-19 2.0648749432e-23 3.1379351663e+08 7.0340727165e+04 1.7839112702e-21 1.9994296842e-25 -1.1796055271e+03 2.2690547782e+02 -4.6638893007e+09 -1.0015993462e+07 1.9286977555e+06 1.2500000000e+03 0.0000000000e+00 -0.0000000000e+00
1.5600000000e+03 7.0214324780e-18 2.6500335718e-21 3.1231583744e+08 3.5397090267e+05 9.0195246434e-21 5.1112493755e-24 -1.1846891839e+03 2.2690202720e+02 -4.6638893007e+09 -1.0015993462e+07 1.9286977555e+06 3.6000000000e+03 0.0000000000e+00 -0.0000000000e+00
5.1600000000e+03 7.7526257558e-17 9.7898717237e-20 3.0802423376e+08 1.1707642079e+06 3.0247660293e-20 5.7483709181e-23 -1.1996038223e+03 2.2686523092e+02 -4.6638893007e+09 -1.0015993462e+07 1.9286977555e+06 3.6000000000e+03 0.0000000000e+00 -0.0000000000e+00
8.7600000000e+03 2.2552819958e-16 4.8917361889e-19 3.0367818151e+08 1.9873495287e+06 5.2078892415e-20 1.7040713189e-22 -1.2149421891e+03 2.2678589225e+02 -4.6638893005e+09 -1.0015993462e+07 1.9286977555e+06 3.6000000000e+03 0.0000000000e+00 -0.0000000000e+00
1.2360000000e+04 4.5325843076e-16 1.4038074536e-18 2.9927611311e+08 2.8035671436e+06 7.4547009238e-20 3.4916412347e-22 -1.2307280237e+03 2.2666029969e+02 -4.6638893004e+09 -1.0015993462e+07 1.9286977555e+06 3.6000000000e+03 0.0000000000e+00 -0.0000000000e+00
1.5960000000e+04 7.6307469283e-16 3.0891474055e-18 2.9481637203e+08 3.6192432694e+06 9.7688586985e-20 5.9960280085e-22 -1.2469870239e+03 2.2648434443e+02 -4.6638893003e+09 -1.0015993462e+07 1.9286977555e+06 3.6000000000e+03 0.0000000000e+00 -0.0000000000e+00
1.9560000000e+04 1.1574718759e-15 5.8147223312e-18 2.9029720539e+08 4.4341885384e+06 1.2154329764e-19 9.2821160518e-22 -1.2637470630e+03 2.2625346775e+02 -4.6638893001e+09 -1.0015993462e+07 1.9286977555e+06 3.6000000000e+03 0.0000000000e+00 -0.0000000000e+00
2.3160000000e+04 1.6390937805e-15 9.8747002830e-18 2.8571675569e+08 5.2481962716e+06 1.4615425972e-19 1.3422061222e-21 -1.2810384354e+03 2.2596260007e+02 -4.6638892999e+09 -1.0015993462e+07 1.9286977555e+06 3.6000000000e+03 0.0000000000e+00 -0.0000000000e+00
2.6760000000e+04 2.2107462310e-15 1.5590683565e-17 2.8107305158e+08 6.0610405149e+06 1.7156843926e-19 1.8496302019e-21 -1.2988941390e+03 2.2560608988e+02 -4.6638892997e+09 -1.0015993462e+07 1.9286977555e+06 3.6000000000e+03 0.0000000000e+00 -0.0000000000e+00
3.0360000000e+04 2.8754117353e-15 2.3314897678e-17 2.7636399760e+08 6.8724737988e+06 1.9783711000e-19 2.4594741820e-21 -1.3173501980e+03 2.2517762067e+02 -4.6638892995e+09 -1.0015993462e+07 1.9286977555e+06 3.6000000000e+03 0.0000000000e+00 -0.0000000000e+00
3.3960000000e+04 3.6362659237e-15 3.3433841717e-17 2.7158736258e+08 7.6822245736e+06 2.2501638322e-19 3.1818136630e-21 -1.3364460356e+03 2.2467011345e+02 -4.6638892992e+09 -1.0015993462e+07 1.9286977555e+06 3.6000000000e+03 0.0000000000e+00 -0.0000000000e+00
3.7560000000e+04 4.4966960398e-15 4.6372481598e-17 2.6674076668e+08 8.4899942633e+06 2.5316782030e-19 4.0279730980e-21 -1.3562249041e+03 2.2407561179e+02 -4.6638892988e+09 -1.0015993462e+07 1.9286977555e+06 3.6000000000e+03 0.0000000000e+00 -0.0000000000e+00
4.1160000000e+04 5.4603218083e-15 6.2599084658e-17 2.6182166674e+08 9.2954538688e+06 2.8235914365e-19 5.0107194994e-21 -1.3767343845e+03 2.2338514573e+02 -4.6638892984e+09 -1.0015993462e+07 1.9286977555e+06 3.6000000000e+03 0.0000000000e+00 -0.0000000000e+00
4.4760000000e+04 6.5310190678e-15 8.2630815511e-17 2.5682733962e+08 1.0098240036e+07 3.1266506560e-19 6.1444928921e-21 -1.3980269687e+03 2.2258856988e+02 -4.6638892979e+09 -1.0015993462e+07 1.9286977555e+06 3.6000000000e+03 0.0000000000e+00 -0.0000000000e+00
4.8360000000e+04 7.7129466352e-15 1.0704023991e-16 2.5175486340e+08 1.0897950488e+07 3.4416825891e-19 7.4456818646e-21 -1.4201607417e+03 2.2167436982e+02 -4.6638892973e+09 -1.0015993462e+07 1.9286977555e+06 3.6000000000e+03 0.0000000000e+00 -0.0000000000e+00
5.1960000000e+04 9.0105769619e-15 1.3646291723e-16 2.4660109578e+08 1.1694138687e+07 3.7696049890e-19 8.9329547984e-21 -1.4432001837e+03 2.2062942935e+02 -4.6638892966e+09 -1.0015993462e+07 1.9286977555e+06 3.6000000000e+03 0.0000000000e+00 -0.0000000000e+00
5.5560000000e+04 1.0428731266e-14 1.7160630538e-16 2.4136264943e+08 1.2486307581e+07 4.1114401435e-19 1.0627660290e-20 -1.4672171195e+03 2.1943874921e+02 -4.6638892957e+09 -1.0015993462e+07 1.9286977555e+06 3.6000000000e+03 0.0000000000e+00 -0.0000000000e+00
5.9160000000e+04 1.1972619973e-14 2.1326025711e-16 2.3603586357e+08 1.3273902231e+07 4.4683309414e-19 1.2554314144e-20 -1.4922918471e+03 2.1808510488e+02 -4.6638892947e+09 -1.0015993462e+07 1.9286977555e+06 3.6000000000e+03 0.0000000000e+00 -0.0000000000e+00
6.2760000000e+04 1.3647889483e-14 2.6230945828e-16 2.3061677110e+08 1.4056301065e+07 4.8415600916e-19 1.4741195489e-20 -1.5185144881e+03 2.1654862778e+02 -4.6638892934e+09 -1.0015993462e+07 1.9286977555e+06 3.6000000000e+03 0.0000000000e+00 -0.0000000000e+00
6.6360000000e+04 1.5460676543e-14 3.1974825148e-16 2.2510106042e+08 1.4832805471e+07 5.2325732601e-19 1.7221081516e-20 -1.5459866133e+03 2.1480628903e+02 -4.6638892917e+09 -1.0015993462e+07 1.9286977555e+06 3.6000000000e+03 0.0000000000e+00 -0.0000000000e+00
6.9960000000e+04 1.7417671795e-14 3.8669841103e-16 2.1948403076e+08 1.5602627302e+07 5.6430071077e-19 2.0032159793e-20 -1.5748232126e+03 2.1283125850e+02 -4.6638892897e+09 -1.0015993462e+07 1.9286977555e+06 3.6000000000e+03 0.0000000000e+00 -0.0000000000e+00
7.3560000000e+04 1.9526194480e-14 4.6443059745e-16 2.1376053971e+08 1.6364873808e+07 6.0747235164e-19 2.3219170145e-20 -1.6051550995e+03 2.1059210252e+02 -4.6638892872e+09 -1.0015993462e+07 1.9286977555e+06 3.6000000000e+03 0.0000000000e+00 -0.0000000000e+00
7.7160000000e+04 2.1794280839e-14 5.5439043780e-16 2.0792494109e+08 1.7118529309e+07 6.5298516924e-19 2.6834846184e-20 -1.6371318697e+03 2.0805177107e+02 -4.6638892839e+09 -1.0015993462e+07 1.9286977555e+06 3.6000000000e+03 0.0000000000e+00 -0.0000000000e+00
8.0760000000e+04 2.4230789397e-14 6.5823047346e-16 2.0197101103e+08 1.7862432747e+07 7.0108403989e-19 3.0941752100e-20 -1.6709255704e+03 2.0516630730e+02 -4.6638892798e+09 -1.0015993462e+07 1.9286977555e+06 3.6000000000e+03 0.0000000000e+00 -0.0000000000e+00
8.4360000000e+04 2.6845527335e-14 7.7784962325e-16 1.9589185909e+08 1.8595249966e+07 7.5205233474e-19 3.5614646839e-20 -1.7067352947e+03 2.0188318643e+02 -4.6638892744e+09 -1.0015993462e+07 1.9286977555e+06 3.6000000000e+03 0.0000000000e+00 -0.0000000000e+00
8.7960000000e+04 2.9649403349e-14 9.1544237438e-16 1.8967982097e+08 1.9315439143e+07 8.0622018787e-19 4.0943560711e-20 -1.7447929911e+03 1.9813915423e+02 -4.6638892673e+09 -1.0015993462e+07 1.9286977555e+06 3.6000000000e+03 0.0000000000e+00 -0.0000000000e+00
9.1560000000e+04 3.2654614234e-14 1.0735607112e-15 1.8332632734e+08 2.0021207286e+07 8.6397506449e-19 4.7037847495e-20 -1.7853708879e+03 1.9385738004e+02 -4.6638892577e+09 -1.0015993462e+07 1.9286977555e+06 3.6000000000e+03 0.0000000000e+00 -0.0000000000e+00
9.5160000000e+04 3.5874874795e-14 1.2551929353e-15 1.7682174234e+08 2.0710454848e+07 9.2577543062e-19 5.4031592273e-20 -1.8287910981e+03 1.8894365723e+02 -4.6638892448e+09 -1.0015993462e+07 1.9286977555e+06 3.6000000000e+03 0.0000000000e+00 -0.0000000000e+00
9.8760000000e+04 3.9325704211e-14 1.4638651979e-15 1.7015516237e+08 2.1380704397e+07 9.9216866755e-19 6.2090934426e-20 -1.8754382053e+03 1.8328125825e+02 -4.6638892269e+09 -1.0015993462e+07 1.9286977555e+06 3.6000000000e+03 0.0000000000e+00 -0.0000000000e+00
1.0236000000e+05 4.3024786921e-14 1.7037740462e-15 1.6331416256e+08 2.2029007489e+07 1.0638148925e-18 7.1424145494e-20 -1.9257760000e+03 1.7672385396e+02 -4.6638892018e+09 -1.0015993462e+07 1.9286977555e+06 3.6000000000e+03 0.0000000000e+00 -0.0000000000e+00
1.0596000000e+05 4.6992433425e-14 1.9799620519e-15 1.5628447298e+08 2.2651821271e+07 1.1415191484e-18 8.2295750417e-20 -1.9803700961e+03 1.6908559224e+02 -4.6638891656e+09 -1.0015993462e+07 1.9286977555e+06 3.6000000000e+03 0.0000000000e+00 -0.0000000000e+00
1.0956000000e+05 5.1252177394e-14 2.2985544422e-15 1.4904955917e+08 2.3244842232e+07 1.2262756986e-18 9.5046718734e-20 -2.0399190511e+03 1.6012691191e+02 -4.6638891121e+09 -1.0015993462e+07 1.9286977555e+06 3.6000000000e+03 0.0000000000e+00 -0.0000000000e+00
1.1316000000e+05 5.5831562307e-14 2.6670840009e-15 1.4159006938e+08 2.3802777925e+07 1.3193302362e-18 1.1012400304e-19 -2.1052980744e+03 1.4953378934e+02 -4.6638890309e+09 -1.0015993462e+07 1.9286977555e+06 3.3317806826e+03 0.0000000000e+00 -0.0000000000e+00
1.1615593046e+05 5.9909514519e-14 3.0185391762e-15 1.3519468697e+08 2.4235643107e+07 1.4042255454e-18 1.2486882370e-19 -2.1649445199e+03 1.3917425181e+02 -4.6638889822e+09 -1.0015993462e+07 1.9286977555e+06 3.0153106752e+03 0.0000000000e+00 -0.0000000000e+00
1.1917124113e+05 6.4282479538e-14 3.4205038864e-15 1.2856919531e+08 2.4637418364e+07 1.4977442705e-18 1.4221087875e-19 -2.2306496759e+03 1.2698992796e+02 -4.6638889068e+09 -1.0015993462e+07 1.9286977555e+06 2.7230681484e+03 0.0000000000e+00 -0.0000000000e+00
1.2161843538e+05 6.8047763021e-14 3.7880511267e-15 1.2304009478e+08 2.4934466120e+07 1.5806080231e-18 1.5854619766e-19 -2.2888687736e+03 1.1551292507e+02 -4.6638888677e+09 -1.0015993462e+07 1.9286977555e+06 2.4637871435e+03 0.0000000000e+00 -0.0000000000e+00
1.2408222252e+05 7.2052264919e-14 4.2014544664e-15 1.1732336993e+08 2.5203060942e+07 1.6714096834e-18 1.7749902180e-19 -2.3526649519e+03 1.0219689381e+02 -4.6638888086e+09 -1.0015993462e+07 1.9286977555e+06 2.2238278112e+03 0.0000000000e+00 -0.0000000000e+00
1.2607752452e+05 7.5465850298e-14 4.5727870680e-15 1.1257385656e+08 2.5394912258e+07 1.7512222363e-18 1.9507332087e-19 -2.4087403126e+03 8.9849398037e+01 -4.6638887791e+09 -1.0015993462e+07 1.9286977555e+06 2.0101966076e+03 0.0000000000e+00 -0.0000000000e+00
1.2788539160e+05 7.8701387106e-14 4.9413887313e-15 1.0817030235e+08 2.5546152265e+07 1.8291202940e-18 2.1305757676e-19 -2.4634705715e+03 7.7213871427e+01 -4.6638887539e+09 -1.0015993462e+07 1.9286977555e+06 1.8218569767e+03 0.0000000000e+00 -0.0000000000e+00
1.2951773160e+05 8.1748060362e-14 5.3037682618e-15 1.0410627419e+08 2.5661935786e+07 1.9046453194e-18 2.3128370541e-19 -2.5165335658e+03 6.4408407865e+01 -4.6638887333e+09 -1.0015993462e+07 1.9286977555e+06 1.6465361602e+03 0.0000000000e+00 -0.0000000000e+00
1.3098391510e+05 8.4593249421e-14 5.6560198156e-15 1.0037959732e+08 2.5747133261e+07 1.9772326561e-18 2.4953881624e-19 -2.5675325746e+03 5.1582581764e+01 -4.6638887170e+09 -1.0015993462e+07 1.9286977555e+06 1.4812623983e+03 0.0000000000e+00 -0.0000000000e+00
1.3228916598e+05 8.7218519085e-14 5.9932815809e-15 9.6997068523e+07 2.5806345872e+07 2.0461022047e-18 2.6753234108e-19 -2.6159195092e+03 3.8940542900e+01 -4.6638887049e+09 -1.0015993462e+07 1.9286977555e+06 1.3224388700e+03 0.0000000000e+00 -0.0000000000e+00
1.3343219576e+05 8.9593493740e-14 6.3088223656e-15 9.3981547650e+07 2.5844010508e+07 2.1100771393e-18 2.8483861781e-19 -2.6608675456e+03 2.6781356467e+01 -4.6638886968e+09 -1.0015993462e+07 1.9286977555e+06 1.1650888502e+03 0.0000000000e+00 -0.0000000000e+00
1.3439790649e+05 9.1658510376e-14 6.5914717405e-15 9.1392743923e+07 2.5864549572e+07 2.1670718375e-18 3.0073975000e-19 -2.7009113501e+03 1.5609408067e+01 -4.6638886924e+09 -1.0015993462e+07 1.9286977555e+06 1.0013135131e+03 0.0000000000e+00 -0.0000000000e+00
1.3511797411e+05 9.3234835092e-14 6.8125537380e-15 8.9436743477e+07 2.5872607350e+07 2.2114801004e-18 3.1344679842e-19 -2.7321120731e+03 6.6815853374e+00 -4.6638886912e+09 -1.0015993462e+07 1.9286977555e+06 8.2428847449e+02 0.0000000000e+00 -0.0000000000e+00
1.3585270456e+05 9.4876873646e-14 7.0478656159e-15 8.7417295289e+07 2.5873994459e+07 2.2586074784e-18 3.2723769201e-19 -2.7652232145e+03 -3.0077342480e+00 -4.6638886896e+09 -1.0015993462e+07 1.9286977555e+06 6.9817211566e+02 0.0000000000e+00 -0.0000000000e+00
1.3655087667e+05 9.6469931981e-14 7.2811531050e-15 8.5475338615e+07 2.5868508590e+07 2.3052106473e-18 3.4118647282e-19 -2.7979660527e+03 -1.2807983545e+01 -4.6638886881e+09 -1.0015993462e+07 1.9286977555e+06 8.6212246536e+02 0.0000000000e+00 -0.0000000000e+00
1.3741299914e+05 9.8483033358e-14 7.5831576660e-15 8.3045073392e+07 2.5851944169e+07 2.3654003383e-18 3.5966267935e-19 -2.8402546214e+03 -2.5789148888e+01 -4.6638886828e+09 -1.0015993462e+07 1.9286977555e+06 9.4475009392e+02 0.0000000000e+00 -0.0000000000e+00
1.3835774923e+05 1.0075031469e-13 7.9331966048e-15 8.0338859875e+07 2.5820380033e+07 2.4350157252e-18 3.8168477324e-19 -2.8891655733e+03 -4.1261612971e+01 -4.6638886723e+09 -1.0015993462e+07 1.9286977555e+06 9.8513029150e+02 0.0000000000e+00 -0.0000000000e+00
1.3934287952e+05 1.0318669822e-13 8.3214226615e-15 7.7466255054e+07 2.5771148571e+07 2.5121088117e-18 4.0689615586e-19 -2.9433302689e+03 -5.8974833791e+01 -4.6638886553e+09 -1.0015993462e+07 1.9286977555e+06 1.0000167566e+03 0.0000000000e+00 -0.0000000000e+00
1.4034289628e+05 1.0574013617e-13 8.7422293866e-15 7.4493867674e+07 2.5702404137e+07 2.5956138194e-18 4.3519098181e-19 -3.0019999049e+03 -7.8854445623e+01 -4.6638886309e+09 -1.0015993462e+07 1.9286977555e+06 9.9793678703e+02 0.0000000000e+00 -0.0000000000e+00
1.4134083307e+05 1.0837440831e-13 9.1919026104e-15 7.1467138075e+07 2.5612906484e+07 2.6848705430e-18 4.6658196351e-19 -3.0647106288e+03 -1.0090938006e+02 -4.6638885982e+09 -1.0015993462e+07 1.9286977555e+06 9.8400885583e+02 0.0000000000e+00 -0.0000000000e+00
1.4232484192e+05 1.1106230372e-13 9.6677121371e-15 6.8419145411e+07 2.5501885446e+07 2.7794375356e-18 5.0115018454e-19 -3.1311522852e+03 -1.2519660547e+02 -4.6638885561e+09 -1.0015993462e+07 1.9286977555e+06 9.6163760383e+02 0.0000000000e+00 -0.0000000000e+00
1.4328647953e+05 1.1378238456e-13 1.0167494636e-14 6.5374900858e+07 2.5368945117e+07 2.8790043632e-18 5.3902264501e-19 -3.2011067669e+03 -1.5180535064e+02 -4.6638885040e+09 -1.0015993462e+07 1.9286977555e+06 9.3323910650e+02 0.0000000000e+00 -0.0000000000e+00
1.4421971863e+05 1.1651723940e-13 1.0689438267e-14 6.2353739693e+07 2.5213990859e+07 2.9833446638e-18 5.8036111732e-19 -3.2744150346e+03 -1.8084927495e+02 -4.6638884407e+09 -1.0015993462e+07 1.9286977555e+06 9.0060078709e+02 0.0000000000e+00 -0.0000000000e+00
1.4512031942e+05 1.1925244786e-13 1.1231962460e-14 5.9370789516e+07 2.5037171122e+07 3.0922885189e-18 6.2535632992e-19 -3.3509577055e+03 -2.1246238197e+02 -4.6638883655e+09 -1.0015993462e+07 1.9286977555e+06 8.6508092315e+02 0.0000000000e+00 -0.0000000000e+00
1.4598540034e+05 1.2197592045e-13 1.1793647248e-14 5.6437939726e+07 2.4838829720e+07 3.2057049230e-18 6.7422495231e-19 -3.4306427368e+03 -2.4679690114e+02 -4.6638882774e+09 -1.0015993462e+07 1.9286977555e+06 8.2772916923e+02 0.0000000000e+00 -0.0000000000e+00
1.4681312951e+05 1.2467745184e-13 1.2373190377e-14 5.3564519095e+07 2.4619465935e+07 3.3234899314e-18 7.2720819229e-19 -3.5133970979e+03 -2.8402230221e+02 -4.6638881755e+09 -1.0015993462e+07 1.9286977555e+06 7.8936453974e+02 0.0000000000e+00 -0.0000000000e+00
1.4760249405e+05 1.2734840264e-13 1.2969380839e-14 5.0757791065e+07 2.4379700779e+07 3.4455581747e-18 7.8457140005e-19 -3.5991608095e+03 -3.2432501712e+02 -4.6638880587e+09 -1.0015993462e+07 1.9286977555e+06 7.5062875241e+02 0.0000000000e+00 -0.0000000000e+00
1.4835312280e+05 1.2998146268e-13 1.3581082556e-14 4.8023329036e+07 2.4120248230e+07 3.5718364450e-18 8.4660435308e-19 -3.6878824366e+03 -3.6790864012e+02 -4.6638879260e+09 -1.0015993462e+07 1.9286977555e+06 7.1202439723e+02 0.0000000000e+00 -0.0000000000e+00
1.4906514720e+05 1.3257046781e-13 1.4207224521e-14 4.5365308996e+07 2.3841890588e+07 3.7022585795e-18 9.1362203991e-19 -3.7795154940e+03 -4.1499447845e+02 -4.6638877764e+09 -1.0015993462e+07 1.9286977555e+06 6.7394326063e+02 0.0000000000e+00 -0.0000000000e+00
1.4973909046e+05 1.3511025342e-13 1.4846795159e-14 4.2786743002e+07 2.3545457294e+07 3.8367611560e-18 9.8596584078e-19 -3.8740154219e+03 -4.6582238184e+02 -4.6638876088e+09 -1.0015993462e+07 1.9286977555e+06 6.3668796370e+02 0.0000000000e+00 -0.0000000000e+00
1.5037577843e+05 1.3759653390e-13 1.5498839495e-14 4.0289668941e+07 2.3231806691e+07 3.9752796765e-18 1.0640050499e-18 -3.9713369047e+03 -5.2065181203e+02 -4.6638874221e+09 -1.0015993462e+07 1.9286977555e+06 6.0048887996e+02 0.0000000000e+00 -0.0000000000e+00
1.5097626731e+05 1.4002580109e-13 1.6162458225e-14 3.7875307018e+07 2.2901810279e+07 4.1177450105e-18 1.1481387138e-18 -4.0714313723e+03 -5.7976313451e+02 -4.6638872151e+09 -1.0015993462e+07 1.9286977555e+06 5.6551760519e+02 0.0000000000e+00 -0.0000000000e+00
1.5154178491e+05 1.4239523701e-13 1.6836808109e-14 3.5544190315e+07 2.2556339106e+07 4.2640799263e-18 1.2387977812e-18 -4.1742445626e+03 -6.4345912870e+02 -4.6638869867e+09 -1.0015993462e+07 1.9286977555e+06 5.3189783389e+02 0.0000000000e+00 -0.0000000000e+00
1.5207368275e+05 1.4470263780e-13 1.7521103297e-14 3.3296274699e+07 2.2196251965e+07 4.4141955722e-18 1.3364475733e-18 -4.2797140493e+03 -7.1206672382e+02 -4.6638867355e+09 -1.0015993462e+07 1.9286977555e+06 4.9971423993e+02 0.0000000000e+00 -0.0000000000e+00
1.5257339698e+05 1.4694634653e-13 1.8214617361e-14 3.1131031984e+07 2.1822385111e+07 4.5679877833e-18 1.4415905992e-18 -4.3877666475e+03 -7.8593897679e+02 -4.6638864604e+09 -1.0015993462e+07 1.9286977555e+06 4.6901978504e+02 0.0000000000e+00 -0.0000000000e+00
1.5304241677e+05 1.4912519343e-13 1.8916685898e-14 2.9047529299e+07 2.1435543241e+07 4.7253331004e-18 1.5547697503e-18 -4.4983156162e+03 -8.6545731684e+02 -4.6638861600e+09 -1.0015993462e+07 1.9286977555e+06 4.3984177416e+02 0.0000000000e+00 -0.0000000000e+00
1.5348225854e+05 1.5123844238e-13 1.9626709634e-14 2.7044496943e+07 2.1036491487e+07 4.8860843798e-18 1.6765719236e-18 -4.6112575739e+03 -9.5103409087e+02 -4.6638858332e+09 -1.0015993462e+07 1.9286977555e+06 4.1218689388e+02 0.0000000000e+00 -0.0000000000e+00
1.5389444544e+05 1.5328574270e-13 2.0344158051e-14 2.5120386502e+07 2.0625948191e+07 5.0500658669e-18 1.8076321353e-18 -4.7264690375e+03 -1.0431154537e+03 -4.6638854786e+09 -1.0015993462e+07 1.9286977555e+06 3.8604541962e+02 0.0000000000e+00 -0.0000000000e+00
1.5428049086e+05 1.5526708584e-13 2.1068573575e-14 2.3273420660e+07 2.0204578241e+07 5.2170675835e-18 1.9486382044e-18 -4.8438024789e+03 -1.1421846589e+03 -4.6638850949e+09 -1.0015993462e+07 1.9286977555e+06 3.6139473903e+02 0.0000000000e+00 -0.0000000000e+00
1.5464188560e+05 1.5718276628e-13 2.1799576441e-14 2.1501635844e+07 1.9772986725e+07 5.3868388560e-18 2.1003361098e-18 -4.9630817777e+03 -1.2487658226e+03 -4.6638846810e+09 -1.0015993462e+07 1.9286977555e+06 3.3820230859e+02 0.0000000000e+00 -0.0000000000e+00
1.5498008791e+05 1.5903334637e-13 2.2536870408e-14 1.9802918624e+07 1.9331712661e+07 5.5590807694e-18 2.2635361472e-18 -5.0840969197e+03 -1.3634282489e+03 -4.6638842357e+09 -1.0015993462e+07 1.9286977555e+06 3.1642814079e+02 0.0000000000e+00 -0.0000000000e+00
1.5529651605e+05 1.6081962479e-13 2.3280249544e-14 1.8175036634e+07 1.8881222549e+07 5.7334372815e-18 2.4391200511e-18 -5.2065977538e+03 -1.4867914340e+03 -4.6638837578e+09 -1.0015993462e+07 1.9286977555e+06 2.9602690370e+02 0.0000000000e+00 -0.0000000000e+00
1.5559254295e+05 1.6254260849e-13 2.4029606395e-14 1.6615664612e+07 1.8421903409e+07 5.9094846585e-18 2.6280492923e-18 -5.3302865697e+03 -1.6195308962e+03 -4.6638832466e+09 -1.0015993462e+07 1.9286977555e+06 2.7694970242e+02 0.0000000000e+00 -0.0000000000e+00
1.5586949265e+05 1.6420348782e-13 2.4784941957e-14 1.5122406048e+07 1.7954054973e+07 6.0867187960e-18 2.8313748243e-18 -5.4548091896e+03 -1.7623850230e+03 -4.6638827013e+09 -1.0015993462e+07 1.9286977555e+06 2.5914560452e+02 0.0000000000e+00 -0.0000000000e+00
1.5612863826e+05 1.6580361489e-13 2.5546378007e-14 1.3692810805e+07 1.7477880556e+07 6.2645398499e-18 3.0502486366e-18 -5.5797441701e+03 -1.9161631885e+03 -4.6638821214e+09 -1.0015993462e+07 1.9286977555e+06 2.4256296497e+02 0.0000000000e+00 -0.0000000000e+00
1.5637120122e+05 1.6734448505e-13 2.6314172549e-14 1.2324388966e+07 1.6993476043e+07 6.4422334135e-18 3.2859375895e-18 -5.7045895773e+03 -2.0817554740e+03 -4.6638815069e+09 -1.0015993462e+07 1.9286977555e+06 2.2715060542e+02 0.0000000000e+00 -0.0000000000e+00
1.5659835183e+05 1.6882772154e-13 2.7088739398e-14 1.1014621048e+07 1.6500816236e+07 6.6189472025e-18 3.5398401693e-18 -5.8287466065e+03 -2.2601444395e+03 -4.6638808583e+09 -1.0015993462e+07 1.9286977555e+06 2.1285890351e+02 0.0000000000e+00 -0.0000000000e+00
1.5681121073e+05 1.7025506357e-13 2.7870673337e-14 9.7609645754e+06 1.5999737531e+07 6.7936618180e-18 3.8135070326e-18 -5.9514990399e+03 -2.4524195580e+03 -4.6638801767e+09 -1.0015993462e+07 1.9286977555e+06 1.9964085186e+02 0.0000000000e+00 -0.0000000000e+00
1.5701085158e+05 1.7162835797e-13 2.8660782836e-14 8.5608568573e+06 1.5489915523e+07 6.9651535742e-18 4.1086665378e-18 -6.0719871302e+03 -2.6597951539e+03 -4.6638794643e+09 -1.0015993462e+07 1.9286977555e+06 1.8745316334e+02 0.0000000000e+00 -0.0000000000e+00
1.5719830475e+05 1.7294955491e-13 2.9460133223e-14 7.4117135897e+06 1.4970835521e+07 7.1319465098e-18 4.4272569510e-18 -6.1891738845e+03 -2.8836330301e+03 -4.6638787243e+09 -1.0015993462e+07 1.9286977555e+06 1.7625751431e+02 0.0000000000e+00 -0.0000000000e+00
1.5737456226e+05 1.7422070846e-13 3.0270104470e-14 6.3109226327e+06 1.4441753073e+07 7.2922493519e-18 4.7714677146e-18 -6.3018007755e+03 -3.1254714631e+03 -4.6638779619e+09 -1.0015993462e+07 1.9286977556e+06 1.6602205875e+02 0.0000000000e+00 -0.0000000000e+00
1.5754058432e+05 1.7544398293e-13 3.1092469806e-14 5.2558319285e+06 1.3901640200e+07 7.4438710790e-18 5.1437932348e-18 -6.4083284172e+03 -3.3870629932e+03 -4.6638771843e+09 -1.0015993462e+07 1.9286977555e+06 1.5672340120e+02 0.0000000000e+00 -0.0000000000e+00
1.5769730772e+05 1.7662166639e-13 3.1929504553e-14 4.2437300255e+06 1.3349110855e+07 7.5841052822e-18 5.5471042185e-18 -6.5068553185e+03 -3.6704245456e+03 -4.6638764019e+09 -1.0015993462e+07 1.9286977555e+06 1.4834930421e+02 0.0000000000e+00 -0.0000000000e+00
1.5784565702e+05 1.7775619327e-13 3.2784139606e-14 3.2718170608e+06 1.2782315611e+07 7.7095677575e-18 5.9847439288e-18 -6.5950037776e+03 -3.9779050573e+03 -4.6638756293e+09 -1.0015993462e+07 1.9286977555e+06 1.4090253073e+02 0.0000000000e+00 -0.0000000000e+00
1.5798655956e+05 1.7885017790e-13 3.3660182065e-14 2.3371635265e+06 1.2198790062e+07 7.8159618473e-18 6.4606599996e-18 -6.6697550134e+03 -4.3122780897e+03 -4.6638748868e+09 -1.0015993462e+07 1.9286977555e+06 1.2998774141e+02 0.0000000000e+00 -0.0000000000e+00
1.5809514815e+05 1.7970273276e-13 3.4383803392e-14 1.6102129128e+06 1.1715021592e+07 7.8839937609e-18 6.8744748015e-18 -6.7175534355e+03 -4.6030195011e+03 -4.6638746496e+09 -1.0015993462e+07 1.9286977555e+06 1.1130802231e+02 0.0000000000e+00 -0.0000000000e+00
1.5818689978e+05 1.8042821334e-13 3.5031994281e-14 9.9238305841e+05 1.1280429260e+07 7.9275000035e-18 7.2607055569e-18 -6.7481204098e+03 -4.8743806859e+03 -4.6638745384e+09 -1.0015993462e+07 1.9286977555e+06 9.4913879983e+01 5.0996346234e-293 -3.6083970081e-285
1.5825984302e+05 1.8100735976e-13 3.5573631793e-14 4.9952876509e+05 1.0916432348e+07 7.9497991713e-18 7.5943408621e-18 -6.7637875427e+03 -5.1087889262e+03 -4.6638745017e+09 -1.0015993462e+07 1.9286977556e+06 7.8735993008e+01 3.1036707671e-269 -2.2361635492e-261
1.5830374368e+05 1.8135653219e-13 3.5911670163e-14 2.0247389341e+05 1.0688891871e+07 7.9566905612e-18 7.8073991625e-18 -6.7686293522e+03 -5.2584811815e+03 -4.6638744987e+09 -1.0015993462e+07 1.9286977556e+06 6.3532123662e+01 5.3013699875e-255 -3.8623368032e-247
1.5836727580e+05 1.8186209261e-13 3.6417925787e-14 -2.2759012260e+05 1.0347618422e+07 7.9561937342e-18 8.1331105124e-18 -6.7682802874e+03 -5.4873221440e+03 -4.6638744811e+09 -1.0015993462e+07 1.9286977556e+06 6.3197254000e+01 1.5138423117e-234 -1.1211883772e-226
1.5843047305e+05 1.8236450884e-13 3.6942718181e-14 -6.5505047793e+05 9.9932452717e+06 7.9410759465e-18 8.4786506160e-18 -6.7576587076e+03 -5.7300945557e+03 -4.6638744656e+09 -1.0015993462e+07 1.9286977556e+06 7.5622982993e+01 2.0916381150e-214 -1.5752160238e-206
1.5850609604e+05 1.8296364307e-13 3.7600453590e-14 -1.1651056474e+06 9.5482873914e+06 7.8995252890e-18 8.9220380743e-18 -6.7284657045e+03 -6.0416133676e+03 -4.6638744356e+09 -1.0015993462e+07 1.9286977556e+06 8.2274980520e+01 1.1838238819e-190 -9.0993820219e-183
1.5858837102e+05 1.8361052203e-13 3.8355673702e-14 -1.7165440966e+06 9.0363472808e+06 7.8183070341e-18 9.4432836964e-18 -6.6714027141e+03 -6.4078344093e+03 -4.6638744009e+09 -1.0015993462e+07 1.9286977556e+06 8.6467202589e+01 2.3083516628e-165 -1.8149993599e-157
1.5867483822e+05 1.8428107869e-13 3.9197501336e-14 -2.2895581285e+06 8.4645089833e+06 7.6820519556e-18 1.0036030447e-17 -6.5756714989e+03 -6.8242913027e+03 -4.6638743472e+09 -1.0015993462e+07 1.9286977556e+06 9.0171053962e+01 1.3779382755e-139 -1.1099719986e-131
1.5876500927e+05 1.8496481231e-13 4.0132152714e-14 -2.8761945867e+06 7.8282942393e+06 7.4698918010e-18 1.0702632407e-17 -6.4266102703e+03 -7.2926379975e+03 -4.6638741661e+09 -1.0015993462e+07 1.9286977556e+06 9.5589905000e+01 7.6969047720e-114 -6.3593674318e-106
1.5886059918e+05 1.8566431763e-13 4.1190972775e-14 -3.4802973663e+06 7.1060696080e+06 7.1469788630e-18 1.1458451805e-17 -6.1997354390e+03 -7.8236678143e+03 -4.6638734073e+09 -1.0015993462e+07 1.9286977556e+06 1.0793667988e+02 3.5673084126e-88 -3.0268479342e-80
1.5896853586e+05 1.8640951523e-13 4.2475941086e-14 -4.1310518533e+06 6.2277574288e+06 6.6317526255e-18 1.2357152292e-17 -5.8377435461e+03 -8.4550842041e+03 -4.6638695315e+09 -1.0015993462e+07 1.9286977556e+06 9.7871953736e+01 8.5533740252e-62 -7.4700226068e-54
1.5905447584e+05 1.8695690959e-13 4.3569246131e-14 -4.6169122564e+06 5.4791144319e+06 6.0856545134e-18 1.3086125082e-17 -5.4540614372e+03 -8.9672519102e+03 -4.6638667031e+09 -1.0015993462e+07 1.9286977556e+06 8.5980505334e+01 2.8367292866e-43 -2.5307288380e-35
1.5914045635e+05 1.8745185908e-13 4.4725307718e-14 -5.0659732639e+06 4.6863886214e+06 5.4041218018e-18 1.3799959977e-17 -4.9752245720e+03 -9.4687839094e+03 -4.6638620143e+09 -1.0015993462e+07 1.9286977556e+06 7.8637507238e+01 1.9754468001e-27 -1.7960467592e-19
1.5921909385e+05 1.8784824480e-13 4.5834883116e-14 -5.4371318862e+06 3.9246572923e+06 4.6577176215e-18 1.4410816605e-17 -4.4508097762e+03 -9.8979645897e+03 -4.6638579168e+09 -1.0015993462e+07 1.9286977556e+06 7.3713616279e+01 1.1018117018e-15 -1.0163914304e-07
1.5928294353e+05 1.8812400663e-13 4.6769521956e-14 -5.7061163060e+06 3.2824788895e+06 3.9682198896e-18 1.4856297863e-17 -3.9663767814e+03 -1.0210954480e+04 -4.6638563249e+09 -1.0015993462e+07 1.9286977567e+06 6.4720139474e+01 2.5946781288e-08 -2.4159354365e+00
1.5931720813e+05 1.8825320703e-13 4.7282292463e-14 -5.8372667573e+06 2.9299871959e+06 3.5700411579e-18 1.5070534004e-17 -3.6866210308e+03 -1.0361474111e+04 -4.6638723188e+09 -1.0015992966e+07 1.9286991317e+06 5.3966769840e+01 3.2360452949e-05 -3.0250936528e+03
1.5933481336e+05 1.8831420320e-13 4.7548521097e-14 -5.9008670953e+06 2.7469328357e+06 3.3585381804e-18 1.5172816673e-17 -3.5380202195e+03 -1.0433332907e+04 -4.6642488432e+09 -1.0015981853e+07 1.9287314679e+06 2.9705786190e+01 7.2108607484e-04 -6.7525114488e+04
1.5935108578e+05 1.8836723766e-13 4.7796154349e-14 -5.9573030154e+06 2.5766412557e+06 3.1591920339e-18 1.5262305960e-17 -3.3979448604e+03 -1.0496154964e+04 -4.6693855752e+09 -1.0015836487e+07 1.9291739997e+06 1.9091940766e+01 9.0082576422e-03 -8.4475799047e+05
1.5936438447e+05 1.8840815286e-13 4.7999588153e-14 -6.0017193475e+06 2.4367309145e+06 2.9937017852e-18 1.5331679316e-17 -3.2815693151e+03 -1.0544566276e+04 -4.7018180357e+09 -1.0014952118e+07 1.9319755302e+06 1.4027140509e+01 5.5358949287e-02 -5.1964813645e+06
1.5937567120e+05 1.8844114117e-13 4.8172951930e-14 -6.0381931653e+06 2.3174986309e+06 2.8515472561e-18 1.5387810987e-17 -3.1812991298e+03 -1.0582710549e+04 -4.8287718661e+09 -1.0011602389e+07 1.9429675510e+06 1.1500123089e+01 2.1662474503e-01 -2.0347472853e+07
1.5938574723e+05 1.8846922879e-13 4.8328243178e-14 -6.0697904166e+06 2.2107118587e+06 2.7234012838e-18 1.5435734892e-17 -3.0901412440e+03 -1.0612571832e+04 -5.2019169588e+09 -1.0002048107e+07 1.9753482074e+06 1.0143626929e+01 6.3764029875e-01 -5.9908303069e+07
1.5939589086e+05 1.8849619495e-13 4.8485053232e-14 -6.1006597072e+06 2.1029412783e+06 2.5932860566e-18 1.5481851607e-17 -2.9957191011e+03 -1.0634455717e+04 -6.2293960616e+09 -9.9765080292e+06 2.0647442063e+06 9.4105144316e+00 1.6543321624e+00 -1.5535991046e+08
1.5940530137e+05 1.8852002742e-13 4.8630939060e-14 -6.1284232810e+06 2.0028230162e+06 2.4716423806e-18 1.5522691124e-17 -2.9039635736e+03 -1.0640421059e+04 -8.4422364094e+09 -9.9230420791e+06 2.2579323935e+06 9.0958368145e+00 3.5471404089e+00 -3.3254938974e+08
1.5941439721e+05 1.8854197131e-13 4.8772303596e-14 -6.1544113860e+06 1.9060962488e+06 2.3532716436e-18 1.5560360668e-17 -2.8090850463e+03 -1.0623221812e+04 -1.2672834200e+10 -9.8234846381e+06 2.6290885074e+06 8.8873291864e+00 6.6181979371e+00 -6.1814604980e+08
1.5942328454e+05 1.8856236905e-13 4.8910750777e-14 -6.1789343376e+06 1.8118774454e+06 2.2369147415e-18 1.5595435876e-17 -2.7079641868e+03 -1.0573345211e+04 -1.9840370259e+10 -9.6588407521e+06 3.2625087552e+06 8.0825465453e+00 1.0908795188e+01 -1.0120545300e+09
1.5943034558e+05 1.8857783623e-13 4.9020965492e-14 -6.1977500390e+06 1.7374478568e+06 2.1440120694e-18 1.5622077101e-17 -2.6203375574e+03 -1.0503572509e+04 -2.8273419516e+10 -9.4688291589e+06 4.0146781180e+06 7.1387275823e+00 1.5014328601e+01 -1.3815682719e+09
1.5943674905e+05 1.8859129472e-13 4.9121075848e-14 -6.2142588255e+06 1.6704606961e+06 2.0594373599e-18 1.5645297504e-17 -2.5349285274e+03 -1.0414384923e+04 -3.8222180577e+10 -9.2479325701e+06 4.9114448435e+06 6.4447264793e+00 1.8917138885e+01 -1.7234812538e+09
1.5944319378e+05 1.8860429217e-13 4.9221978401e-14 -6.2303041720e+06 1.6036990736e+06 1.9740291294e-18 1.5667767299e-17 -2.4436103874e+03 -1.0299838605e+04 -5.0358763339e+10 -8.9817863316e+06 6.0192781689e+06 5.9441212715e+00 2.2605218874e+01 -2.0339903841e+09
1.5944913790e+05 1.8861579132e-13 4.9315169115e-14 -6.2445688468e+06 1.5428397016e+06 1.8950171010e-18 1.5687695552e-17 -2.3554377753e+03 -1.0174461901e+04 -6.3153078632e+10 -8.7041789626e+06 7.2039916782e+06 5.6033841086e+00 2.5447032643e+01 -2.2589378048e+09
1.5945474128e+05 1.8862620069e-13 4.9403124300e-14 -6.2575283912e+06 1.4861927888e+06 1.8203406768e-18 1.5705787428e-17 -2.2698713011e+03 -1.0042466869e+04 -7.6237260277e+10 -8.4228315370e+06 8.4339941375e+06 5.3794917429e+00 2.7407459755e+01 -2.3985441902e+09
1.5946012078e+05 1.8863579999e-13 4.9487658758e-14 -6.2695152422e+06 1.4325307255e+06 1.7484842669e-18 1.5722528717e-17 -2.1865156662e+03 -9.9070618124e+03 -8.9337538686e+10 -8.1434351212e+06 9.6849160918e+06 5.2302266590e+00 2.8526636906e+01 -2.4600391287e+09
1.5946535100e+05 1.8864476195e-13 4.9569932436e-14 -6.2807386570e+06 1.3810690637e+06 1.6784791123e-18 1.5738222183e-17 -2.1052756334e+03 -9.7710999825e+03 -1.0221521856e+11 -7.8709656249e+06 1.0934313025e+07 5.1309578856e+00 2.8884185109e+01 -2.4540086675e+09
1.5947048196e+05 1.8865319769e-13 4.9650722903e-14 -6.2913374248e+06 1.3312782279e+06 1.6096761463e-18 1.5753065285e-17 -2.0261854812e+03 -9.6370700868e+03 -1.1467083348e+11 -7.6095906444e+06 1.2162210142e+07 5.0675891980e+00 2.8585517028e+01 -2.3927802477e+09
1.5947554955e+05 1.8866118245e-13 4.9730588988e-14 -6.3014098565e+06 1.2827725303e+06 1.5416090763e-18 1.5767194241e-17 -1.9492983825e+03 -9.5070382830e+03 -1.2654933515e+11 -7.3625468473e+06 1.3351858603e+07 5.0322168531e+00 2.7748768132e+01 -2.2890229194e+09
1.5948058177e+05 1.8866876987e-13 4.9809967147e-14 -6.3110304852e+06 1.2352465013e+06 1.4739135715e-18 1.5780708730e-17 -1.8746260596e+03 -9.3826176638e+03 -1.3774087656e+11 -7.1321096575e+06 1.4490142395e+07 5.0205227296e+00 2.6493181441e+01 -2.1546505590e+09
1.5948560229e+05 1.8867599995e-13 4.9889227340e-14 -6.3202591851e+06 1.1884391750e+06 1.4062803662e-18 1.5793685572e-17 -1.8021141143e+03 -9.2649823469e+03 -1.4817693023e+11 -6.9196636247e+06 1.5567540287e+07 5.0301620229e+00 2.4930399347e+01 -2.0001224246e+09
1.5949063245e+05 1.8868290315e-13 4.9968703786e-14 -6.3291459266e+06 1.1421151086e+06 1.3384294801e-18 1.5806186022e-17 -1.7316402006e+03 -9.1549179160e+03 -1.5782334032e+11 -6.7258408499e+06 1.6577740638e+07 5.0598164204e+00 2.3159200159e+01 -1.8341299861e+09
1.5949569227e+05 1.8868950252e-13 5.0048710941e-14 -6.3377331512e+06 1.0960548117e+06 1.2700968961e-18 1.5818259514e-17 -1.6630238662e+03 -9.0528899427e+03 -1.6667235837e+11 -6.5506841995e+06 1.7517081307e+07 5.1086958336e+00 2.1263281484e+01 -1.6635788058e+09
1.5950080096e+05 1.8869581466e-13 5.0129551682e-14 -6.3460569664e+06 1.0500498741e+06 1.2010278025e-18 1.5829945568e-17 -1.5960400073e+03 -8.9591139963e+03 -1.7473521748e+11 -6.3938020256e+06 1.8383965966e+07 5.1763132072e+00 1.9311212138e+01 -1.4937499225e+09
1.5950597728e+05 1.8870185027e-13 5.0211521981e-14 -6.3541478093e+06 1.0039000775e+06 1.1309727901e-18 1.5841274822e-17 -1.5304313964e+03 -8.8736171575e+03 -1.8203602633e+11 -6.2544973672e+06 1.9178347398e+07 5.2624050688e+00 1.7357646917e+01 -1.3285426101e+09
1.5951123968e+05 1.8870761437e-13 5.0294914346e-14 -6.3620308835e+06 9.5741113571e+05 1.0596850701e-18 1.5852269645e-17 -1.4659184428e+03 -8.7962872645e+03 -1.8860715563e+11 -6.1318675255e+06 1.9901312570e+07 5.3669193715e+00 1.5445107639e+01 -1.1707329571e+09
1.5951660660e+05 1.8871310637e-13 5.0380021087e-14 -6.3697264854e+06 9.1039249718e+05 9.8691782102e-19 1.5862944528e-17 -1.4022059104e+03 -8.7269100201e+03 -1.9448595815e+11 -6.0248770114e+06 2.0554769550e+07 5.4900307689e+00 1.3605886828e+01 -1.0222124921e+09
1.5952209663e+05 1.8871832011e-13 5.0467137841e-14 -6.3772502498e+06 8.6265501135e+05 9.1242130552e-19 1.5873306303e-17 -1.3389869942e+03 -8.6651958224e+03 -1.9971254638e+11 -5.9324094143e+06 2.1141220749e+07 5.6321663232e+00 1.1863833325e+01 -8.8419168511e+08
1.5952772880e+05 1.8872324367e-13 5.0556567513e-14 -6.3846133114e+06 8.1400840864e+05 8.3593962404e-19 1.5883354194e-17 -1.2759453259e+03 -8.6107986174e+03 -2.0432835060e+11 -5.8533038351e+06 2.1663603000e+07 5.7940366302e+00 1.0235912886e+01 -7.5736511364e+08
1.5953352284e+05 1.8872785906e-13 5.0648624723e-14 -6.3918223688e+06 7.6425857234e+05 7.5720704099e-19 1.5893079689e-17 -1.2127554191e+03 -8.5633288769e+03 -2.0837522521e+11 -5.7863806137e+06 2.2125176451e+07 5.9766725441e+00 8.7335141236e+00 -6.4204098074e+08
1.5953949951e+05 1.8873214182e-13 5.0743640831e-14 -6.3988796328e+06 7.1320457011e+05 6.7594381698e-19 1.5902466186e-17 -1.1490819355e+03 -8.5223624207e+03 -2.1189492411e+11 -5.7304599763e+06 2.2529447487e+07 6.1814696631e+00 7.3635100186e+00 -5.3824001474e+08
1.5954568098e+05 1.8873606026e-13 5.0841969687e-14 -6.4057826394e+06 6.6063538693e+05 5.9185145287e-19 1.5911488389e-17 -1.0845780124e+03 -8.4874464047e+03 -2.1492881299e+11 -5.6843762288e+06 2.2880114219e+07 6.4102430906e+00 6.1291031427e+00 -4.4576926670e+08
1.5955209122e+05 1.8873957457e-13 5.0943994231e-14 -6.4125239007e+06 6.0632627595e+05 5.0460721972e-19 1.5920111390e-17 -1.0188827826e+03 -8.4581034571e+03 -2.1751772242e+11 -5.6469893358e+06 2.3181025835e+07 6.6652944322e+00 5.0304889552e+00 -3.6427598005e+08
1.5955875652e+05 1.8874263550e-13 5.1050134161e-14 -6.4190903572e+06 5.5003462558e+05 4.1385782602e-19 1.5928289363e-17 -9.5161812398e+02 -8.4338346820e+03 -2.1970187188e+11 -5.6171951169e+06 2.3436149276e+07 6.9494913757e+00 4.0653721285e+00 -2.9328607733e+08
1.5956570601e+05 1.8874518275e-13 5.1160854840e-14 -6.4254625810e+06 4.9149523822e+05 3.1921207490e-19 1.5935963768e-17 -8.8238462872e+02 -8.4141220346e+03 -2.2152081418e+11 -5.5939348328e+06 2.3649538326e+07 7.2663557840e+00 3.2293690585e+00 -2.3223115185e+08
1.5957297236e+05 1.8874714265e-13 5.1276677581e-14 -6.4316136529e+06 4.3041495132e+05 2.2023242812e-19 1.5943060924e-17 -8.1075678106e+02 -8.3984303992e+03 -2.2301336302e+11 -5.5762045783e+06 2.3825301447e+07 7.6201463278e+00 2.5163272210e+00 -1.8046727692e+08
1.5958059251e+05 1.8874842535e-13 5.1398191187e-14 -6.4375076097e+06 3.6646665197e+05 1.1642559703e-19 1.5949488755e-17 -7.3627744343e+02 -8.3862095449e+03 -2.2421747754e+11 -5.5630646037e+06 2.3967565714e+07 8.0158967373e+00 1.9185894025e+00 -1.3728847084e+08
1.5958860841e+05 1.8874892096e-13 5.1526064026e-14 -6.4430973087e+06 2.9928306627e+05 7.2328282161e-21 1.5955132459e-17 -6.5845210580e+02 -8.3768959869e+03 -2.2517008612e+11 -5.5536484492e+06 2.4080435157e+07 8.4593103549e+00 1.4272282860e+00 -1.0193727194e+08
1.5959706772e+05 1.8874849482e-13 5.1661054288e-14 -6.4483215049e+06 2.2845154358e+05 -1.0797807278e-19 1.5959848819e-17 -5.7674429528e+02 -8.3699146465e+03 -2.2590684047e+11 -5.5471715605e+06 2.4167942655e+07 8.9562541188e+00 1.0322741407e+00 -7.3614541399e+07
1.5960602397e+05 1.8874698165e-13 5.1804011977e-14 -6.4531008811e+06 1.5351321370e+05 -2.2991341770e-19 1.5963458918e-17 -4.9057599502e+02 -8.3646801375e+03 -2.2646179903e+11 -5.5429388882e+06 2.4233995488e+07 9.5111589298e+00 7.2295526297e-01 -5.1490287412e+07
1.5961553513e+05 1.8874417938e-13 5.1955855083e-14 -6.4573327735e+06 7.3975699623e+04 -3.5933202204e-19 1.5965739429e-17 -3.9934352893e+02 -8.3605976902e+03 -2.2686704707e+11 -5.5403508315e+06 2.4282315505e+07 1.0001894615e+01 4.8796716158e-01 -3.4716961124e+07
1.5962260815e+05 1.8874129764e-13 5.2068783905e-14 -6.4599178315e+06 1.4850092595e+04 -4.5551295995e-19 1.5966400868e-17 -3.3163713466e+02 -8.3580845893e+03 -2.2707904466e+11 -5.5392390414e+06 2.4307626974e+07 7.8173375047e+00 3.6067656561e-01 -2.5643967600e+07
1.5963042548e+05 1.8873732148e-13 5.2193598205e-14 -6.4622182274e+06 -5.0477702506e+04 -5.6174079611e-19 1.5966108065e-17 -2.5691806826e+02 -8.3554925399e+03 -2.2724876784e+11 -5.5385196146e+06 2.4327910774e+07 1.0431769060e+01 2.5570938330e-01 -1.8169494898e+07
1.5964085725e+05 1.8873072275e-13 5.2360143867e-14 -6.4643789564e+06 -1.3762192233e+05 -7.0335123825e-19 1.5964047652e-17 -1.5737052983e+02 -8.3519190186e+03 -2.2739982170e+11 -5.5380630983e+06 2.4345980922e+07 1.1541653329e+01 1.5900703744e-01 -1.1290121826e+07
1.5965239891e+05 1.8872170182e-13 5.2544371659e-14 -6.4655606362e+06 -2.3399130462e+05 -8.5980142784e-19 1.5959551515e-17 -4.7432260315e+01 -8.3473440794e+03 -2.2750033969e+11 -5.5379083398e+06 2.4358016973e+07 1.0793242999e+01 9.2006853184e-02 -6.5282147115e+06
1.5966319215e+05 1.8871163334e-13 5.2716594783e-14 -6.4655186328e+06 -3.2405906853e+05 -1.0058551313e-18 1.5953248745e-17 5.5183411553e+01 -8.3421444257e+03 -2.2755505819e+11 -5.5379078457e+06 2.4364573886e+07 1.3794286325e+01 5.4051335382e-02 -3.8327682475e+06
1.5967698644e+05 1.8869647310e-13 5.2936586425e-14 -6.4638545067e+06 -4.3907825672e+05 -1.1921096120e-18 1.5942255984e-17 1.8603636069e+02 -8.3338854246e+03 -2.2759302968e+11 -5.5379695370e+06 2.4369126628e+07 1.8146226380e+01 2.6619823375e-02 -1.8861655164e+06
1.5969513266e+05 1.8867262361e-13 5.3225710289e-14 -6.4589209615e+06 -5.9018559249e+05 -1.4363156261e-18 1.5922807186e-17 3.5760305154e+02 -8.3199117613e+03 -2.2761493759e+11 -5.5380509812e+06 2.4371754546e+07 2.1299786438e+01 9.9907888730e-03 -7.0719343267e+05
1.5971643245e+05 1.8863898941e-13 5.3564556897e-14 -6.4491676120e+06 -7.6718151907e+05 -1.7215913578e-18 1.5892811300e-17 5.5802791314e+02 -8.2987134601e+03 -2.2762369074e+11 -5.5381063269e+06 2.4372804675e+07 2.6219791536e+01 2.9509979935e-03 -2.0863071435e+05
1.5974265224e+05 1.8858927088e-13 5.3980666514e-14 -6.4313193010e+06 -9.8435226474e+05 -2.0703796070e-18 1.5845387141e-17 8.0307939337e+02 -8.2653550046e+03 -2.2762644066e+11 -5.5381321697e+06 2.4373134466e+07 3.4161270142e+01 5.9439918349e-04 -4.1956475548e+04
1.5977681351e+05 1.8851084538e-13 5.4520672362e-14 -6.3984760879e+06 -1.2657988647e+06 -2.5201615200e-18 1.5766514798e-17 1.1190899787e+03 -8.2099320806e+03 -2.2762701859e+11 -5.5381397786e+06 2.4373203689e+07 4.8772288606e+01 6.2543023517e-05 -4.4048891315e+03
1.5982558580e+05 1.8837248048e-13 5.5286253417e-14 -6.3330399230e+06 -1.6638356731e+06 -3.1514414299e-18 1.5621291627e-17 1.5626196878e+03 -8.1078991336e+03 -2.2762707954e+11 -5.5381408733e+06 2.4373210963e+07 6.1931524054e+01 1.8386849945e-06 -1.2904885231e+02
1.5988751732e+05 1.8815303130e-13 5.6246650238e-14 -6.2192087509e+06 -2.1610144620e+06 -3.9308992049e-18 1.5383870215e-17 2.1102575456e+03 -7.9410896191e+03 -2.2762708135e+11 -5.5381409142e+06 2.4373211161e+07 6.4968923814e+01 1.2589652508e-08 -8.7928544051e-01
1.5995248625e+05 1.8787191933e-13 5.7236404214e-14 -6.0640330247e+06 -2.6701096911e+06 -4.7170354662e-18 1.5074790533e-17 2.6625876341e+03 -7.7239338708e+03 -2.2762708155e+11 -5.5381409146e+06 2.4373211162e+07 6.9215761222e+01 3.8130640342e-11 -2.6479749269e-03
1.6002170201e+05 1.8751760001e-13 5.8266616723e-14 -5.8601896936e+06 -3.1954530720e+06 -5.5136088157e-18 1.4683107315e-17 3.2222506980e+03 -7.4487418500e+03 -2.2762708182e+11 -5.5381409146e+06 2.4373211162e+07 7.3448872394e+01 4.3637267390e-14 -3.0102965153e-06
1.6009515088e+05 1.8708314371e-13 5.9327850121e-14 -5.6028011252e+06 -3.7304531872e+06 -6.3072904986e-18 1.4203767921e-17 3.7798821109e+03 -7.1119636311e+03 -2.2762708217e+11 -5.5381409146e+06 2.4373211162e+07 7.7782398303e+01 1.7966093658e-17 -1.2299466785e-09
1.6017293328e+05 1.8656187633e-13 6.0410847063e-14 -5.2872436095e+06 -4.2683180013e+06 -7.0847489230e-18 1.3632982313e-17 4.3261152534e+03 -6.7109363779e+03 -2.2762708263e+11 -5.5381409146e+06 2.4373211162e+07 8.2269815045e+01 2.5483215766e-21 -1.7294971892e-13
1.6025520309e+05 1.8594773484e-13 6.1505492791e-14 -4.9093575887e+06 -4.8014997322e+06 -7.8320287604e-18 1.2968616574e-17 4.8511452756e+03 -6.2441608253e+03 -2.2762708321e+11 -5.5381409146e+06 2.4373211162e+07 8.6453198324e+01 1.2078714820e-25 -8.1182065252e-18
1.6034165629e+05 1.8523977720e-13 6.2594458184e-14 -4.4682831127e+06 -5.3186949402e+06 -8.5308300993e-18 1.2214907442e-17 5.3421148751e+03 -5.7146136570e+03 -2.2762708391e+11 -5.5381409146e+06 2.4373211162e+07 8.8944803534e+01 2.0135748041e-30 -1.3388892839e-22
1.6043060110e+05 1.8445251377e-13 6.3644645738e-14 -3.9731127233e+06 -5.8015007748e+06 -9.1554606412e-18 1.1392567033e-17 5.7809729452e+03 -5.1368469601e+03 -2.2762708465e+11 -5.5381409146e+06 2.4373211162e+07 8.7866035709e+01 1.5503049687e-35 -1.0190875843e-27
1.6051846713e+05 1.8362440067e-13 6.4608660052e-14 -3.4485389626e+06 -6.2268556027e+06 -9.6784828187e-18 1.0545447876e-17 6.1484421740e+03 -4.5416710062e+03 -2.2762708527e+11 -5.5381409146e+06 2.4373211162e+07 8.6900518602e+01 9.8574989588e-41 -6.4047774312e-33
1.6060536765e+05 1.8276415200e-13 6.5487784391e-14 -2.9007580543e+06 -6.5953362928e+06 -1.0105139356e-17 9.6844312337e-18 6.4482060378e+03 -3.9367308430e+03 -2.2762708580e+11 -5.5381409146e+06 2.4373211162e+07 8.5803744553e+01 5.7683765536e-46 -3.7042807940e-38
1.6069117139e+05 1.8188211163e-13 6.6281765954e-14 -2.3369519518e+06 -6.9071415998e+06 -1.0440328138e-17 8.8210115176e-18 6.6837057323e+03 -3.3301023083e+03 -2.2762708624e+11 -5.5381409146e+06 2.4373211162e+07 8.3896134227e+01 3.5318383452e-51 -2.2417489833e-43
1.6077506753e+05 1.8099526566e-13 6.6986206020e-14 -1.7685265985e+06 -7.1615060563e+06 -1.0688328443e-17 7.9719335372e-18 6.8579478288e+03 -2.7335501085e+03 -2.2762708658e+11 -5.5381409146e+06 2.4373211162e+07 8.0188031230e+01 2.7917347864e-56 -1.7518876633e-48
1.6085525556e+05 1.8013106426e-13 6.7592962310e-14 -1.2135950473e+06 -7.3578717911e+06 -1.0854828068e-17 7.1621576102e-18 6.9749285070e+03 -2.1646110689e+03 -2.2762708683e+11 -5.5381409146e+06 2.4373211162e+07 7.5205667244e+01 3.9620911351e-61 -2.4595192350e-53
1.6093046123e+05 1.7931073996e-13 6.8103223140e-14 -6.8624479597e+05 -7.5007275635e+06 -1.0951274615e-17 6.4089307117e-18 7.0426907161e+03 -1.6354027116e+03 -2.2762708698e+11 -5.5381409146e+06 2.4373211162e+07 6.7864294673e+01 1.2675350478e-65 -7.7897211703e-58
1.6098446528e+05 1.7871825061e-13 6.8434859157e-14 -3.0515488061e+05 -7.5788779177e+06 -1.0986497084e-17 5.8739124390e-18 7.0674376085e+03 -1.2595051675e+03 -2.2762708701e+11 -5.5381409146e+06 2.4373211162e+07 5.8356679922e+01 8.2966876203e-69 -5.0626152264e-61
1.6102208612e+05 1.7830473101e-13 6.8648888255e-14 -3.9132574521e+04 -7.6213768831e+06 -1.0994871934e-17 5.5048498989e-18 7.0733216792e+03 -1.0002061687e+03 -2.2762708701e+11 -5.5381409146e+06 2.4373211162e+07 3.9024981570e+01 5.3348371873e-71 -3.2393854891e-63
1.6106111110e+05 1.7787570746e-13 6.8856302938e-14 2.3686775393e+05 -7.6552023386e+06 -1.0989980293e-17 5.1256395620e-18 7.0698848700e+03 -7.3377744728e+02 -2.2762708701e+11 -5.5381409146e+06 2.4373211162e+07 5.6274715052e+01 3.0159146475e-73 -1.8221199207e-65
1.6111738582e+05 1.7725798205e-13 6.9129522845e-14 6.3420879142e+05 -7.6857992527e+06 -1.0959391806e-17 4.5860833047e-18 7.0483937589e+03 -3.5469156864e+02 -2.2762708704e+11 -5.5381409146e+06 2.4373211162e+07 6.0524203580e+01 1.9493215123e-76 -1.1693425527e-68
1.6115826242e+05 1.7681074994e-13 6.9309079334e-14 9.2179582719e+05 -7.6947424720e+06 -1.0920358721e-17 4.2000813693e-18 7.0209695729e+03 -8.3491150029e+01 -2.2762708704e+11 -5.5381409146e+06 2.4373211162e+07 4.6161155130e+01 1.0355482329e-78 -6.1804066852e-71
1.6120442357e+05 1.7630798306e-13 6.9493021736e-14 1.2449578069e+06 -7.6916140543e+06 -1.0859913826e-17 3.7706823691e-18 6.9785017006e+03 2.1819953579e+02 -2.2762708705e+11 -5.5381409146e+06 2.4373211162e+07 5.6428520678e+01 3.1103887274e-81 -1.8458991673e-73
1.6126085209e+05 1.7569778355e-13 6.9691215637e-14 1.6369110301e+06 -7.6690575512e+06 -1.0763361162e-17 3.2558194779e-18 6.9106649345e+03 5.7993614590e+02 -2.2762708707e+11 -5.5381409146e+06 2.4373211162e+07 6.9348844255e+01 3.0308776839e-84 -1.7866153067e-76
1.6133020094e+05 1.7495639733e-13 6.9895518283e-14 2.1126163027e+06 -7.6137447722e+06 -1.0612173693e-17 2.6392857055e-18 6.8044423975e+03 1.0131055211e+03 -2.2762708713e+11 -5.5381409146e+06 2.4373211162e+07 7.8623385875e+01 7.9143482905e-88 -4.6279402409e-80
1.6140882432e+05 1.7413010245e-13 7.0076292465e-14 2.6419346085e+06 -7.5153070104e+06 -1.0399874422e-17 1.9634212936e-18 6.6552834275e+03 1.4879599055e+03 -2.2762708723e+11 -5.5381409146e+06 2.4373211162e+07 8.6473527851e+01 1.0136620428e-91 -5.8758465115e-84
1.6149529785e+05 1.7324256773e-13 7.0215006697e-14 3.2091645823e+06 -7.3648086390e+06 -1.0119565495e-17 1.2502368304e-18 6.4583416734e+03 1.9890349190e+03 -2.2762708737e+11 -5.5381409146e+06 2.4373211162e+07 9.3624402224e+01 8.9089046948e-96 -5.1173109008e-88
1.6158892225e+05 1.7231133170e-13 7.0297359109e-14 3.8024394622e+06 -7.1542064361e+06 -9.7649544394e-18 5.1563114085e-19 6.2091961173e+03 2.5051602340e+03 -2.2762708755e+11 -5.5381409146e+06 2.4373211162e+07 1.0043585546e+02 6.9778369421e-100 -3.9712190361e-92
1.6168935811e+05 1.7135195611e-13 7.0311450933e-14 4.4110468843e+06 -6.8761137374e+06 -9.3303588663e-18 -2.2703628627e-19 5.9038543806e+03 3.0269496310e+03 -2.2762708779e+11 -5.5381409146e+06 2.4373211162e+07 1.0712200150e+02 6.1712871889e-104 -3.4802420052e-96
1.6179648011e+05 1.7037981454e-13 7.0247078294e-14 5.0242672063e+06 -6.5237207303e+06 -8.8106151999e-18 -9.6543180631e-19 5.5386885952e+03 3.5457376364e+03 -2.2762708807e+11 -5.5381409146e+06 2.4373211162e+07 1.1383347555e+02 7.7832933271e-108 -4.3508288459e-100
1.6191031358e+05 1.6941104050e-13 7.0095464392e-14 5.6307487042e+06 -6.0907883112e+06 -8.2009540285e-18 -1.6874530112e-18 5.1103478286e+03 4.0530212406e+03 -2.2762708841e+11 -5.5381409146e+06 2.4373211162e+07 1.1932094846e+02 1.7821632195e-111 -9.8804926765e-104
1.6202963453e+05 1.6847346084e-13 6.9852471197e-14 6.2117380538e+06 -5.5779188954e+06 -7.5051795628e-18 -2.3732237697e-18 4.6215048747e+03 4.5348357077e+03 -2.2762708877e+11 -5.5381409146e+06 2.4373211162e+07 1.2410618224e+02 1.0352134619e-114 -5.6973805914e-107
1.6215374072e+05 1.6758977504e-13 6.9517731931e-14 6.7517444131e+06 -4.9868684150e+06 -6.7269210436e-18 -3.0076443817e-18 4.0747095950e+03 4.9805721658e+03 -2.2762708915e+11 -5.5381409146e+06 2.4373211162e+07 1.2788413868e+02 1.9962490519e-117 -1.0919000705e-109
1.6228162485e+05 1.6678353745e-13 6.9095848652e-14 7.2348750626e+06 -4.3237585258e+06 -5.8738969799e-18 -3.5756101214e-18 3.4753849234e+03 5.3796182126e+03 -2.2762708952e+11 -5.5381409146e+06 2.4373211162e+07 1.2373923727e+02 1.6416255597e-119 -8.9368281744e-112
1.6240536409e+05 1.6611002123e-13 6.8623762944e-14 7.6274578330e+06 -3.6372622427e+06 -5.0056460375e-18 -4.0407573973e-18 2.8653620261e+03 5.7064252163e+03 -2.2762708976e+11 -5.5381409146e+06 2.4373211162e+07 1.1902846933e+02 7.9292534224e-121 -4.3036871229e-113
1.6252439256e+05 1.6556564272e-13 6.8120133831e-14 7.9323792470e+06 -2.9421117626e+06 -4.1362275975e-18 -4.4084127371e-18 2.2545188586e+03 5.9647355328e+03 -2.2762708992e+11 -5.5381409146e+06 2.4373211162e+07 1.1237346576e+02 1.9577808399e-121 -1.0611374159e-113
1.6263676603e+05 1.6514821293e-13 6.7608680551e-14 8.1524440270e+06 -2.2605469163e+06 -3.2892232635e-18 -4.6823766133e-18 1.6594235783e+03 6.1572193290e+03 -2.2762709001e+11 -5.5381409146e+06 2.4373211162e+07 1.0526584112e+02 2.0604260527e-121 -1.1168286373e-113
1.6274203187e+05 1.6484459916e-13 6.7105172277e-14 8.2971739510e+06 -1.6049447997e+06 -2.4764725141e-18 -4.8733464281e-18 1.0883944635e+03 6.2913924742e+03 -2.2762709005e+11 -5.5381409146e+06 2.4373211162e+07 9.7322540933e+01 7.2369811729e-121 -3.9275941085e-113
1.6282666627e+05 1.6466306728e-13 6.6687909903e-14 8.3695729085e+06 -1.0690973738e+06 -1.8118275032e-18 -4.9799659262e-18 6.2142269817e+02 6.3663020792e+03 -2.2762709005e+11 -5.5381409146e+06 2.4373211162e+07 8.6664021892e+01 4.6223125649e-120 -2.5131861179e-112
1.6289053180e+05 1.6456352030e-13 6.6368061588e-14 8.3979021139e+06 -6.6124535832e+05 -1.3048686743e-18 -5.0322721639e-18 2.6523938921e+02 6.4030518264e+03 -2.2762709005e+11 -5.5381409146e+06 2.4373211162e+07 7.2712850677e+01 3.0723183183e-119 -1.6735721698e-111
1.6295330976e+05 1.6449734398e-13 6.6051158472e-14 8.4034940965e+06 -2.5858114352e+05 -8.0285212884e-19 -5.0597443288e-18 -8.7471529548e+01 6.4223534463e+03 -2.2762709005e+11 -5.5381409146e+06 2.4373211162e+07 5.8081578348e+01 2.9841840618e-118 -1.6292172967e-110
1.6301139134e+05 1.6446426601e-13 6.5757064217e-14 8.3888914651e+06 1.1459126417e+05 -3.3580575255e-19 -5.0637381237e-18 -4.1561281887e+02 6.4251594396e+03 -2.2762709005e+11 -5.5381409146e+06 2.4373211162e+07 5.6299701623e+01 3.5058222939e-117 -1.9186661791e-109
1.6306769104e+05 1.6445814703e-13 6.5472336290e-14 8.3565087492e+06 4.7607358152e+05 1.1867279340e-19 -5.0476956653e-18 -7.3492409844e+02 6.4138881971e+03 -2.2762709004e+11 -5.5381409146e+06 2.4373211162e+07 7.4665734970e+01 5.2971116164e-116 -2.9067780831e-108
1.6314235677e+05 1.6448956319e-13 6.5097166826e-14 8.2857879578e+06 9.5376249475e+05 7.2305540694e-19 -4.9957385788e-18 -1.1595562123e+03 6.3773837594e+03 -2.2762709004e+11 -5.5381409146e+06 2.4373211162e+07 8.5533690729e+01 3.1700336900e-114 -1.7465782939e-106
1.6322789046e+05 1.6458104605e-13 6.4673942665e-14 8.1657840452e+06 1.4963772470e+06 1.4159803767e-18 -4.8924860041e-18 -1.6463971440e+03 6.3048397152e+03 -2.2762709002e+11 -5.5381409146e+06 2.4373211162e+07 9.3255121550e+01 6.7646213120e-112 -3.7468019080e-104
1.6332114558e+05 1.6474825684e-13 6.4225029643e-14 7.9875437119e+06 2.0791814044e+06 2.1695289927e-18 -4.7256028693e-18 -2.1758315363e+03 6.1875895879e+03 -2.2762708998e+11 -5.5381409146e+06 2.4373211162e+07 9.9218958369e+01 5.2279991439e-109 -2.9146888500e-101
1.6342036454e+05 1.6500306842e-13 6.3767576412e-14 7.7438703786e+06 2.6850867361e+06 2.9654960338e-18 -4.4844234579e-18 -2.7350686151e+03 6.0181397709e+03 -2.2762708992e+11 -5.5381409146e+06 2.4373211162e+07 1.0403781090e+02 1.5063533997e-105 -8.4640767413e-98
1.6352440235e+05 1.6535455598e-13 6.3317286963e-14 7.4291339388e+06 3.2997766326e+06 3.7891201252e-18 -4.1593868462e-18 -3.3137372120e+03 5.7897728715e+03 -2.2762708983e+11 -5.5381409146e+06 2.4373211162e+07 1.0803808664e+02 1.6460231669e-101 -9.3335361905e-94
1.6363244044e+05 1.6580936111e-13 6.2889729654e-14 7.0392014225e+06 3.9099657330e+06 4.6266812335e-18 -3.7417992438e-18 -3.9021977931e+03 5.4963807348e+03 -2.2762708969e+11 -5.5381409146e+06 2.4373211162e+07 1.1141659886e+02 6.7951516208e-97 -3.8933600554e-89
1.6374385704e+05 1.6637179604e-13 6.2500856854e-14 6.5714482185e+06 4.5026632209e+06 5.4643044272e-18 -3.2237793458e-18 -4.4907019945e+03 5.1324260489e+03 -2.2762708948e+11 -5.5381409146e+06 2.4373211162e+07 1.1430520508e+02 1.0291938002e-91 -5.9659671819e-84
1.6385816224e+05 1.6704382502e-13 6.2167193938e-14 6.0248134614e+06 5.0648537899e+06 6.2872427051e-18 -2.5983311203e-18 -5.0688887470e+03 4.6929934838e+03 -2.2762708921e+11 -5.5381409146e+06 2.4373211162e+07 1.1680427208e+02 5.3988946275e-86 -3.1700351565e-78
1.6397496652e+05 1.6782500222e-13 6.1905861366e-14 5.3998641988e+06 5.5833918264e+06 7.0793942248e-18 -1.8595096072e-18 -5.6254450853e+03 4.1739061807e+03 -2.2762708884e+11 -5.5381409146e+06 2.4373211162e+07 1.1334375734e+02 8.9850092528e-80 -5.3497410562e-72
1.6408831027e+05 1.6866824218e-13 6.1740313943e-14 4.7335650544e+06 6.0247095368e+06 7.7892471533e-18 -1.0457773074e-18 -6.1241794016e+03 3.6021874403e+03 -2.2762708844e+11 -5.5381409146e+06 2.4373211162e+07 1.0537772991e+02 1.9987000733e-73 -1.2070685607e-65
1.6419368800e+05 1.6952108276e-13 6.1673734110e-14 4.0657108561e+06 6.3736517050e+06 8.3860048789e-18 -2.0434770577e-19 -6.5434543590e+03 3.0110089013e+03 -2.2762708810e+11 -5.5381409146e+06 2.4373211162e+07 9.7572808835e+01 2.6521280330e-67 -1.6237749018e-59
1.6429126081e+05 1.7036369188e-13 6.1694736701e-14 3.4101304286e+06 6.6386793754e+06 8.8742586071e-18 6.4609031322e-19 -6.8864956843e+03 2.4135011543e+03 -2.2762708782e+11 -5.5381409146e+06 2.4373211162e+07 8.9939566975e+01 1.7196933354e-61 -1.0666572505e-53
1.6438120038e+05 1.7117971799e-13 6.1790316858e-14 2.7782003225e+06 6.8294218886e+06 9.2610315934e-18 1.4884486591e-18 -7.1582378342e+03 1.8216700906e+03 -2.2762708760e+11 -5.5381409146e+06 2.4373211162e+07 8.2207810639e+01 4.6978708587e-56 -2.9495285677e-48
1.6445515038e+05 1.7187473556e-13 6.1927254152e-14 2.2417073265e+06 6.9452583037e+06 9.5277831044e-18 2.2208481772e-18 -7.3456543075e+03 1.3070948056e+03 -2.2762708749e+11 -5.5381409146e+06 2.4373211162e+07 7.4573270825e+01 1.4766130269e-51 -9.3645098883e-44
1.6452058318e+05 1.7250472286e-13 6.2094549850e-14 1.7564531808e+06 7.0153427213e+06 9.7212778745e-18 2.8968739105e-18 -7.4816014566e+03 8.3212707869e+02 -2.2762708743e+11 -5.5381409146e+06 2.4373211162e+07 6.6488451957e+01 1.4069432917e-47 -9.0024319481e-40
1.6457482481e+05 1.7303562289e-13 6.2267307205e-14 1.3481081528e+06 7.0494998512e+06 9.8489801728e-18 3.4757078832e-18 -7.5713235890e+03 4.2544513929e+02 -2.2762708740e+11 -5.5381409146e+06 2.4373211162e+07 5.6914168415e+01 2.7107566857e-44 -1.7472933883e-36
1.6460301606e+05 1.7331405955e-13 6.2369609149e-14 1.1341139359e+06 7.0584603503e+06 9.9029792591e-18 3.7826697236e-18 -7.6092627117e+03 2.0977736153e+02 -2.2762708740e+11 -5.5381409146e+06 2.4373211162e+07 4.8495016652e+01 1.3539875141e-42 -8.7607470268e-35
1.6465151108e+05 1.7379616209e-13 6.2566027855e-14 7.6379762742e+05 7.0595152640e+06 9.9751305540e-18 4.3197359958e-18 -7.6599553627e+03 -1.6755908293e+02 -2.2762708738e+11 -5.5381409146e+06 2.4373211162e+07 4.6085086352e+01 1.0811897342e-39 -7.0412693623e-32
1.6469759617e+05 1.7425696018e-13 6.2777051745e-14 4.1001975717e+05 7.0433984254e+06 1.0018370450e-17 4.8397454910e-18 -7.6903352051e+03 -5.3291163648e+02 -2.2762708737e+11 -5.5381409146e+06 2.4373211162e+07 5.5330297684e+01 5.7905999087e-37 -3.7942679292e-29
1.6472614930e+05 1.7454323865e-13 6.2919894183e-14 1.9028018684e+05 7.0249133241e+06 1.0032287449e-17 5.1661321942e-18 -7.7001131249e+03 -7.6222709429e+02 -2.2762708737e+11 -5.5381409146e+06 2.4373211162e+07 4.6946254657e+01 2.7287135740e-35 -1.7946981527e-27
1.6477309556e+05 1.7501434273e-13 6.3175136270e-14 -1.7129964293e+05 6.9801986456e+06 1.0032977772e-17 5.7088406872e-18 -7.7005981372e+03 -1.1435276967e+03 -2.2762708735e+11 -5.5381409146e+06 2.4373211162e+07 4.5599301850e+01 1.4211609676e-32 -9.4042272423e-25
1.6481869486e+05 1.7547133626e-13 6.3447591851e-14 -5.2208796123e+05 6.9195276668e+06 1.0006337922e-17 6.2420237247e-18 -7.6818812923e+03 -1.5181358261e+03 -2.2762708733e+11 -5.5381409146e+06 2.4373211162e+07 5.6347495775e+01 5.5459284133e-30 -3.6913074774e-22
1.6487504236e+05 1.7603335770e-13 6.3818022155e-14 -9.5367059421e+05 6.8208405658e+06 9.9348420292e-18 6.9069522119e-18 -7.6316491192e+03 -1.9853067585e+03 -2.2762708729e+11 -5.5381409146e+06 2.4373211162e+07 6.2835510562e+01 7.4231011219e-27 -4.9755594872e-19
1.6493787787e+05 1.7665376882e-13 6.4275446867e-14 -1.4305043723e+06 6.6796361879e+06 9.8029892516e-18 7.6529313658e-18 -7.5390109089e+03 -2.5094229358e+03 -2.2762708721e+11 -5.5381409146e+06 2.4373211162e+07 6.7255323298e+01 1.7484267219e-23 -1.1808578802e-15
1.6500513319e+05 1.7730657885e-13 6.4817020896e-14 -1.9329809606e+06 6.4919830227e+06 9.5988845637e-18 8.4516661167e-18 -7.3956093564e+03 -3.0706045749e+03 -2.2762708710e+11 -5.5381409146e+06 2.4373211162e+07 7.0482974936e+01 4.9723265446e-20 -3.3844467544e-12
1.6507561617e+05 1.7797350436e-13 6.5442059975e-14 -2.4474778756e+06 6.2549433817e+06 9.3131787631e-18 9.2825794193e-18 -7.1948758221e+03 -3.6543944858e+03 -2.2762708697e+11 -5.5381409146e+06 2.4373211162e+07 7.2964502771e+01 1.3126071551e-16 -9.0035479219e-09
1.6514858067e+05 1.7863986115e-13 6.6150324576e-14 -2.9631920450e+06 5.9665460916e+06 8.9386286674e-18 1.0128191499e-17 -6.9317213313e+03 -4.2485115850e+03 -2.2762708682e+11 -5.5381409146e+06 2.4373211162e+07 7.4975141975e+01 2.6165907763e-13 -1.8082184636e-05
1.6522355581e+05 1.7929299310e-13 6.6941521933e-14 -3.4709246216e+06 5.6256466034e+06 8.4698563147e-18 1.0972411699e-17 -6.6023673913e+03 -4.8416507649e+03 -2.2762708665e+11 -5.5381409146e+06 2.4373211162e+07 7.6709608276e+01 3.3143838157e-10 -2.3065640902e-02
1.6530026542e+05 1.7992153424e-13 6.7815215685e-14 -3.9625100697e+06 5.2317595908e+06 7.9031778439e-18 1.1799808339e-17 -6.2042257623e+03 -5.4229699083e+03 -2.2762708670e+11 -5.5381408957e+06 2.4373211178e+07 7.8321671296e+01 2.2959052451e-07 -1.6080925312e+01
1.6537858709e+05 1.8051498309e-13 6.8770910234e-14 -4.4304904089e+06 4.7848822824e+06 7.2364474736e-18 1.2595263100e-17 -5.7357880676e+03 -5.9818462752e+03 -2.2762716474e+11 -5.5381342629e+06 2.4373217896e+07 7.8668250449e+01 7.6029586667e-05 -5.3557738465e+03
1.6541420855e+05 1.8076690251e-13 6.9225705086e-14 -4.6306949350e+06 4.5674911620e+06 6.9049344658e-18 1.2937409501e-17 -5.5028635695e+03 -6.2222262040e+03 -2.2762793725e+11 -5.5380717110e+06 2.4373286803e+07 4.6493227555e+01 7.7971437952e-04 -5.5051794711e+04
1.6544321103e+05 1.8096309380e-13 6.9604837496e-14 -4.7874324177e+06 4.3842807140e+06 6.6225020117e-18 1.3205847127e-17 -5.3043897827e+03 -6.4107800542e+03 -2.2763231731e+11 -5.5377311390e+06 2.4373688582e+07 3.2063777858e+01 4.4674376665e-03 -3.1596514985e+05
1.6546619885e+05 1.8111268165e-13 6.9910789704e-14 -4.9075063926e+06 4.2352411935e+06 6.3909067763e-18 1.3411748121e-17 -5.1415420046e+03 -6.5552792992e+03 -2.2764722532e+11 -5.5366117705e+06 2.4375085735e+07 2.4089944832e+01 1.6165678808e-02 -1.1447613251e+06
1.6548513506e+05 1.8123185464e-13 7.0166324963e-14 -5.0035677885e+06 4.1100109797e+06 6.1951388919e-18 1.3576584905e-17 -5.0036780000e+03 -6.6706732720e+03 -2.2768453901e+11 -5.5338935371e+06 2.4378642239e+07 1.9415237573e+01 4.3657579722e-02 -3.0944202707e+06
1.6550126419e+05 1.8133040839e-13 7.0386411770e-14 -5.0833067989e+06 4.0016462353e+06 6.0249269665e-18 1.3713464477e-17 -4.8834489903e+03 -6.7659711338e+03 -2.2776124812e+11 -5.5284525737e+06 2.4386055217e+07 1.6374329053e+01 9.7024400444e-02 -6.8815613620e+06
1.6551536844e+05 1.8141432061e-13 7.0580657843e-14 -5.1514289387e+06 3.9056455489e+06 5.8735334915e-18 1.3830429215e-17 -4.7759570416e+03 -6.8465612838e+03 -2.2789929523e+11 -5.5188928424e+06 2.4399552359e+07 1.4244857823e+01 1.8809079682e-01 -1.3346169765e+07
1.6552795324e+05 1.8148737743e-13 7.0755356120e-14 -5.2109185665e+06 3.8190446728e+06 5.7364852907e-18 1.3932592177e-17 -4.6778679709e+03 -6.9157148065e+03 -2.2812518973e+11 -5.5035875964e+06 2.4421864627e+07 1.2672252360e+01 3.2983030833e-01 -2.3407533702e+07
1.6554062550e+05 1.8155918755e-13 7.0932553989e-14 -5.2695587514e+06 3.7309835666e+06 5.5966534436e-18 1.4033324888e-17 -4.5765518523e+03 -6.9818688157e+03 -2.2851889180e+11 -5.4774763793e+06 2.4461131299e+07 1.1406734502e+01 5.6462246885e-01 -4.0065117850e+07
1.6555203223e+05 1.8162230182e-13 7.1093136578e-14 -5.3212292083e+06 3.6510224067e+06 5.4692481133e-18 1.4122128543e-17 -4.4825959005e+03 -7.0373788767e+03 -2.2910002296e+11 -5.4397154216e+06 2.4519631208e+07 1.0369515198e+01 8.9402382953e-01 -6.3405938910e+07
1.6556240174e+05 1.8167840936e-13 7.1239987964e-14 -5.3672563857e+06 3.5778055959e+06 5.3521905957e-18 1.4201296274e-17 -4.3942880579e+03 -7.0833456006e+03 -2.2990831366e+11 -5.3881662544e+06 2.4601703740e+07 9.5558995780e+00 1.3304444474e+00 -9.4266347100e+07
1.6557195764e+05 1.8172903484e-13 7.1376037358e-14 -5.4088468292e+06 3.5099351152e+06 5.2432960554e-18 1.4272918737e-17 -4.3098234658e+03 -7.1206732238e+03 -2.3098705917e+11 -5.3205354168e+06 2.4712148296e+07 8.9003601581e+00 1.8862399007e+00 -1.3344899158e+08
1.6558085800e+05 1.8177524747e-13 7.1503364002e-14 -5.4468436115e+06 3.4464243422e+06 5.1410081916e-18 1.4338464639e-17 -4.2278444415e+03 -7.1498115031e+03 -2.3237983564e+11 -5.2345768323e+06 2.4855913046e+07 8.3612215278e+00 2.5719669486e+00 -1.8158980421e+08
1.6558921923e+05 1.8181782825e-13 7.1623504892e-14 -5.4818593950e+06 3.3865502075e+06 5.0441728413e-18 1.4399008719e-17 -4.1472850159e+03 -7.1709228617e+03 -2.3412972615e+11 -5.1281224272e+06 2.5038035748e+07 7.9113368858e+00 3.3962689779e+00 -2.3914044356e+08
1.6559713056e+05 1.8185736980e-13 7.1737643837e-14 -5.5143561051e+06 3.3297620672e+06 4.9518977690e-18 1.4455368366e-17 -4.0672736084e+03 -7.1839813485e+03 -2.3627884174e+11 -4.9990921951e+06 2.5263618420e+07 7.5310253639e+00 4.3659866906e+00 -3.0636672918e+08
1.6560466159e+05 1.8189433009e-13 7.1846706950e-14 -5.5446875554e+06 3.2756359862e+06 4.8634829983e-18 1.4508176651e-17 -3.9870867225e+03 -7.1888293805e+03 -2.3886760989e+11 -4.8455166750e+06 2.5537781225e+07 7.2062393886e+00 5.4862343006e+00 -3.8334511198e+08
1.6561186783e+05 1.8192907112e-13 7.1951436084e-14 -5.5731303607e+06 3.2238393175e+06 4.7783662608e-18 1.4557935355e-17 -3.9061112381e+03 -7.1852168980e+03 -2.4193432095e+11 -4.6655422143e+06 2.5865646306e+07 6.9267345474e+00 6.7606724452e+00 -4.6997346541e+08
1.6561879456e+05 1.8196188489e-13 7.2052438619e-14 -5.5999046235e+06 3.1741067063e+06 4.6960858836e-18 1.4605050498e-17 -3.8238176156e+03 -7.1728255236e+03 -2.4551485615e+11 -4.4574248358e+06 2.6252344624e+07 6.6849395796e+00 8.1919119998e+00 -5.6599118525e+08
1.6562547950e+05 1.8199301134e-13 7.2150222627e-14 -5.6251882742e+06 3.1262231959e+06 4.6162544510e-18 1.4649857050e-17 -3.7397391343e+03 -7.1512817479e+03 -2.4964263682e+11 -4.2195110598e+06 2.6703051448e+07 6.4752590541e+00 9.7820384709e+00 -6.7100706551e+08
1.6563195476e+05 1.8202265137e-13 7.2245223081e-14 -5.6491273953e+06 3.0800117551e+06 4.5385390435e-18 1.4692636854e-17 -3.6534539133e+03 -7.1201610237e+03 -2.5434884658e+11 -3.9502030950e+06 2.7223058593e+07 6.2936506943e+00 1.1533246924e+01 -7.8453289744e+08
1.6563824841e+05 1.8205097671e-13 7.2337822713e-14 -5.6718439612e+06 3.0353235395e+06 4.4626453470e-18 1.4733632266e-17 -3.5645673707e+03 -7.0789831729e+03 -2.5966299310e+11 -3.6479046389e+06 2.7817894922e+07 6.1373984657e+00 1.3448579535e+01 -9.0602021861e+08
1.6564438581e+05 1.8207813778e-13 7.2428370146e-14 -5.6934419281e+06 2.9920297107e+06 4.3883036288e-18 1.4773057211e-17 -3.4726929980e+03 -7.0271982015e+03 -2.6561390717e+11 -3.3109412115e+06 2.8493512951e+07 6.0050547191e+00 1.5532767755e+01 -1.0348974226e+09
1.6565039086e+05 1.8210427060e-13 7.2517197668e-14 -5.7140123656e+06 2.9500138303e+06 4.3152547496e-18 1.4811106983e-17 -3.3774289058e+03 -6.9641599156e+03 -2.7223134433e+11 -2.9374443343e+06 2.9256571620e+07 5.8965749638e+00 1.7793204837e+01 -1.1706046811e+09
1.6565628744e+05 1.8212950363e-13 7.2604641391e-14 -5.7336382473e+06 2.9091637523e+06 4.2432339771e-18 1.4847968107e-17 -3.2783261968e+03 -6.8890818181e+03 -2.7954849942e+11 -2.5251793615e+06 3.0114870079e+07 5.8137459861e+00 2.0241125140e+01 -1.3126250931e+09
1.6566210119e+05 1.8215396562e-13 7.2691068182e-14 -5.7523996567e+06 2.8693614195e+06 4.1719490355e-18 1.4883830067e-17 -3.1748418767e+03 -6.8009638650e+03 -2.8760606450e+11 -2.0712763116e+06 3.1078040309e+07 5.7611801202e+00 2.2893175167e+01 -1.4605127679e+09
1.6566786237e+05 1.8217779685e-13 7.2776917857e-14 -5.7703806891e+06 2.8304675018e+06 4.1010453437e-18 1.4918902156e-17 -3.0662609426e+03 -6.6984651939e+03 -2.9645922214e+11 -1.5717752194e+06 3.2158729530e+07 5.7486227867e+00 2.5773813474e+01 -1.6139240297e+09
1.6567361099e+05 1.8220116825e-13 7.2862780494e-14 -5.7876808920e+06 2.7922937498e+06 4.0300419510e-18 1.4953442806e-17 -2.9515509258e+03 -6.5796630723e+03 -3.0619097578e+11 -1.0207723382e+06 3.3374824321e+07 5.7969308337e+00 2.8919636626e+01 -1.7726726389e+09
1.6567940792e+05 1.8222432199e-13 7.2949564431e-14 -5.8044391603e+06 2.7545429650e+06 3.9581919732e-18 1.4987821861e-17 -2.8290458216e+03 -6.4415315210e+03 -3.1694146753e+11 -4.0856701973e+05 3.4754254224e+07 5.9571860337e+00 3.2388778783e+01 -1.9368776405e+09
1.6568536511e+05 1.8224768112e-13 7.3038953759e-14 -5.8208987170e+06 2.7166439406e+06 3.8841021704e-18 1.5022688995e-17 -2.6955927857e+03 -6.2785538681e+03 -3.2898779065e+11 2.8331948288e+05 3.6347790802e+07 6.4016910097e+00 3.6286707266e+01 -2.1074726892e+09
1.6569176680e+05 1.8227229036e-13 7.3135242954e-14 -5.8376723001e+06 2.6770795658e+06 3.8042071439e-18 1.5059649624e-17 -2.5431751521e+03 -6.0773377569e+03 -3.4306177164e+11 1.1017362708e+06 3.8278856618e+07 8.2327320135e+00 4.0870159333e+01 -2.2886479750e+09
1.6569730687e+05 1.8229317391e-13 7.3218762219e-14 -5.8513779608e+06 2.6439482751e+06 3.7348419547e-18 1.5091224223e-17 -2.4034105749e+03 -5.8794137455e+03 -3.5616068694e+11 1.8754862668e+06 4.0149774225e+07 5.7850187747e+00 4.5167708776e+01 -2.4385735739e+09
1.6570220037e+05 1.8231130010e-13 7.3292678708e-14 -5.8628241421e+06 2.6156457074e+06 3.6734061252e-18 1.5118807379e-17 -2.2737263642e+03 -5.6848105833e+03 -3.6839745439e+11 2.6109072844e+06 4.1968627712e+07 4.9452565332e+00 4.9201444353e+01 -2.5605694444e+09
1.6570663102e+05 1.8232745220e-13 7.3359719686e-14 -5.8726286348e+06 2.5908800714e+06 3.6176512868e-18 1.5143542571e-17 -2.1512342806e+03 -5.4916879351e+03 -3.7996330073e+11 3.3191220998e+06 4.3757888788e+07 4.4539431822e+00 5.3013751082e+01 -2.6577399609e+09
1.6571108496e+05 1.8234343997e-13 7.3427223129e-14 -5.8819269912e+06 2.5668839410e+06 3.5614830620e-18 1.5168187584e-17 -2.0233170704e+03 -5.2806832937e+03 -3.9198582324e+11 4.0709817476e+06 4.5698608255e+07 4.0927539002e+00 5.6947888381e+01 -2.7373598734e+09
1.6571517772e+05 1.8235791044e-13 7.3489348808e-14 -5.8899603929e+06 2.5456943634e+06 3.5097671173e-18 1.5190647234e-17 -1.9017300633e+03 -5.0715528910e+03 -4.0330342059e+11 4.7956236867e+06 4.7610345707e+07 3.8075837660e+00 6.0586836005e+01 -2.7893738286e+09
1.6571898530e+05 1.8237118244e-13 7.3547228003e-14 -5.8969808615e+06 2.5267753991e+06 3.4615693963e-18 1.5211388282e-17 -1.7854065352e+03 -4.8638700589e+03 -4.1398053068e+11 5.4965368857e+06 4.9499515319e+07 3.5829175869e+00 6.3917051336e+01 -2.8149236567e+09
1.6572256822e+05 1.8238350360e-13 7.3601763922e-14 -5.9031779347e+06 2.5097157021e+06 3.4161432146e-18 1.5230776291e-17 -1.6734568535e+03 -4.6571338232e+03 -4.2407373663e+11 6.1768240223e+06 5.1372558511e+07 3.3992861464e+00 6.6921626439e+01 -2.8149719478e+09
1.6572596750e+05 1.8239504271e-13 7.3653568795e-14 -5.9086832829e+06 2.4942319942e+06 3.3729826297e-18 1.5249060209e-17 -1.5654007247e+03 -4.4513258538e+03 -4.3360809810e+11 6.8375461047e+06 5.3231117808e+07 3.2453935722e+00 6.9573748560e+01 -2.7904455058e+09
1.6572921290e+05 1.8240592243e-13 7.3703086193e-14 -5.9135944636e+06 2.4801156825e+06 3.3317211746e-18 1.5266420926e-17 -1.4609907174e+03 -4.2467090677e+03 -4.4259311708e+11 7.4786177568e+06 5.5074038696e+07 3.1141187753e+00 7.1843446708e+01 -2.7425124667e+09
1.6573232702e+05 1.8241623609e-13 7.3750653470e-14 -5.9179872108e+06 2.4672054224e+06 3.2920801902e-18 1.5282996190e-17 -1.3601205907e+03 -4.0437216852e+03 -4.5103109356e+11 8.0992778747e+06 5.6898418925e+07 3.0005377926e+00 7.3701918252e+01 -2.6727150326e+09
1.6573532755e+05 1.8242605674e-13 7.3796534546e-14 -5.9219222359e+06 2.4553721869e+06 3.2538417211e-18 1.5298893878e-17 -1.2627765452e+03 -3.8429226042e+03 -4.5892159714e+11 8.6983421246e+06 5.8700152104e+07 2.9009897352e+00 7.5124592049e+01 -2.5830213083e+09
1.6573822854e+05 1.8243544243e-13 7.3840938696e-14 -5.9254493830e+06 2.4445102812e+06 3.2168329922e-18 1.5314199733e-17 -1.1690075575e+03 -3.6449577874e+03 -4.6626417112e+11 9.2743623907e+06 6.0474259613e+07 2.8126015870e+00 7.6093534959e+01 -2.4758226202e+09
1.6574104115e+05 1.8244443960e-13 7.3884032240e-14 -5.9286103789e+06 2.4345314472e+06 3.1809167582e-18 1.5328982253e-17 -1.0789044122e+03 -3.4505341552e+03 -4.7306015015e+11 9.8257473767e+06 6.2215141697e+07 2.7330410118e+00 7.6599375923e+01 -2.3538870376e+09
1.6574377419e+05 1.8245308545e-13 7.3925946548e-14 -5.9314407780e+06 2.4253606868e+06 3.1459846918e-18 1.5343296058e-17 -9.9258245387e+02 -3.2603942227e+03 -4.7931397530e+11 1.0350869722e+07 6.3916813168e+07 2.6603963078e+00 7.6642731359e+01 -2.2202751856e+09
1.6574643458e+05 1.8246140975e-13 7.3966784280e-14 -5.9339714094e+06 2.4169330970e+06 3.1119522244e-18 1.5357184483e-17 -9.1016561487e+02 -3.0752880089e+03 -4.8503416282e+11 1.0848170958e+07 6.5573157657e+07 2.5931290743e+00 7.6235025878e+01 -2.0782245401e+09
1.6574902771e+05 1.8246943641e-13 7.4006624950e-14 -5.9362294863e+06 2.4091913616e+06 3.0787539336e-18 1.5370681814e-17 -8.3177085947e+02 -2.8959412408e+03 -4.9023395880e+11 1.1316266186e+07 6.7178211249e+07 2.5300630501e+00 7.5398576807e+01 -1.9310111440e+09
1.6575155778e+05 1.8247718485e-13 7.4045530366e-14 -5.9382394587e+06 2.4020837343e+06 3.0463390277e-18 1.5383815390e-17 -7.5749336070e+02 -2.7230211810e+03 -4.9493164668e+11 1.1754043108e+07 6.8726465472e+07 2.4703792830e+00 7.4165849994e+01 -1.7818015984e+09
1.6575402815e+05 1.8248467134e-13 7.4083550032e-14 -5.9400236444e+06 2.3955624684e+06 3.0146668552e-18 1.5396607608e-17 -6.8739357569e+02 -2.5571034482e+03 -4.9915045756e+11 1.2160745066e+07 7.0213161326e+07 2.4135938386e+00 7.2577895714e+01 -1.6335115163e+09
1.6575644175e+05 1.8249191016e-13 7.4120726243e-14 -5.9416026606e+06 2.3895826930e+06 2.9837026694e-18 1.5409077770e-17 -6.2148776778e+02 -2.3986444047e+03 -5.0291806072e+11 1.2536026316e+07 7.1634535004e+07 2.3595074942e+00 7.0682114350e+01 -1.4886874250e+09
1.6575880126e+05 1.8249891450e-13 7.4157098435e-14 -5.9429956817e+06 2.3841017298e+06 2.9534140168e-18 1.5421243631e-17 -5.5974321653e+02 -2.2479632981e+03 -5.0626567774e+11 1.2879971168e+07 7.2987978931e+07 2.3081299952e+00 6.8529632174e+01 -1.3494258388e+09
1.6576110939e+05 1.8250569715e-13 7.4192706383e-14 -5.9442205591e+06 2.3790787983e+06 2.9237680804e-18 1.5433122531e-17 -5.0207854196e+02 -2.1052365379e+03 -5.0922693374e+11 1.3193075369e+07 7.4272097180e+07 2.2595928136e+00 6.6172634909e+01 -1.2173363948e+09
1.6576336898e+05 1.8251227088e-13 7.4227592076e-14 -5.9452938508e+06 2.3744750147e+06 2.8947301349e-18 1.5444732064e-17 -4.4836855982e+02 -1.9705039037e+03 -5.1183660553e+11 1.3476195607e+07 7.5486656707e+07 2.2140681216e+00 6.3661983149e+01 -1.0935476259e+09
1.6576558305e+05 1.8251864849e-13 7.4261800342e-14 -5.9462308097e+06 2.3702535603e+06 2.8662630375e-18 1.5456090330e-17 -3.9845229931e+02 -1.8436841692e+03 -5.1412942825e+11 1.3730478316e+07 7.6632456016e+07 2.1717079299e+00 6.1045333240e+01 -9.7874697545e+08
1.6576775475e+05 1.8252484285e-13 7.4295378539e-14 -5.9470453687e+06 2.3663799028e+06 2.8383275004e-18 1.5467215861e-17 -3.5214250577e+02 -1.7245963601e+03 -5.1613908534e+11 1.3957280534e+07 7.7711144059e+07 2.1326072412e+00 5.8365854557e+01 -8.7324295144e+08
1.6576988736e+05 1.8253086662e-13 7.4328375673e-14 -5.9477501460e+06 2.3628219837e+06 2.8108828378e-18 1.5478127363e-17 -3.0923515851e+02 -1.6129829325e+03 -5.1789744699e+11 1.4158093460e+07 7.8725021686e+07 2.0967896473e+00 5.5661519532e+01 -7.7703728151e+08
1.6577198415e+05 1.8253673215e-13 7.4360841287e-14 -5.9483564822e+06 2.3595503283e+06 2.7838878990e-18 1.5488843391e-17 -2.6951796815e+02 -1.5085319436e+03 -5.1943406824e+11 1.4334475804e+07 7.9676851211e+07 2.0642094083e+00 5.2964868850e+01 -6.8989724004e+08
1.6577404836e+05 1.8254245124e-13 7.4392824382e-14 -5.9488745046e+06 2.3565380618e+06 2.7573019768e-18 1.5499382022e-17 -2.3277731695e+02 -1.4108964150e+03 -5.2077591910e+11 1.4488000212e+07 8.0569689909e+07 2.0347618204e+00 5.0303125647e+01 -6.1142163089e+08
1.6577608312e+05 1.8254803503e-13 7.4424372493e-14 -5.9493132140e+06 2.3537608447e+06 2.7310855820e-18 1.5509760588e-17 -1.9880353419e+02 -1.3197101709e+03 -5.2194729880e+11 1.4620213055e+07 8.1406753778e+07 2.0082978754e+00 4.7698538719e+01 -5.4109708730e+08
1.6577809142e+05 1.8255349387e-13 7.4455530991e-14 -5.9496805841e+06 2.3511967450e+06 2.7052010289e-18 1.5519995476e-17 -1.6739462332e+02 -1.2346000787e+03 -5.2296988347e+11 1.4732606246e+07 8.2191312316e+07 1.9846387271e+00 4.5168854273e+01 -4.7834363305e+08
1.6578007606e+05 1.8255883733e-13 7.4486342605e-14 -5.9499836658e+06 2.3488260707e+06 2.6796128349e-18 1.5530102007e-17 -1.3835869918e+02 -1.1551950771e+03 -5.2386286142e+11 1.4826598907e+07 8.2926611032e+07 1.9635881573e+00 4.2727843060e+01 -4.2254997817e+08
1.6578203965e+05 1.8256407412e-13 7.4516847141e-14 -5.9502286904e+06 2.3466311804e+06 2.6542879570e-18 1.5540094365e-17 -1.1151542077e+02 -1.0811325411e+03 -5.2464311917e+11 1.4903526603e+07 8.3615816947e+07 1.9449426560e+00 4.0385833571e+01 -3.7309978763e+08
1.6578398459e+05 1.8256921216e-13 7.4547081353e-14 -5.9504211670e+06 2.3445962891e+06 2.6291958982e-18 1.5549985582e-17 -8.6696679869e+01 -1.0120625440e+03 -5.2532545164e+11 1.4964636125e+07 8.4261982271e+07 1.9284989653e+00 3.8150220550e+01 -3.2939043598e+08
1.6578591309e+05 1.8257425856e-13 7.4577078937e-14 -5.9505659730e+06 2.3427072767e+06 2.6043087149e-18 1.5559787558e-17 -6.3746765269e+01 -9.4765052875e+02 -5.2592277813e+11 1.5011084141e+07 8.4868021803e+07 1.9140595810e+00 3.6025931907e+01 -2.9084575974e+08
1.6578782715e+05 1.8257921972e-13 7.4606870604e-14 -5.9506674351e+06 2.3409515080e+06 2.5796009522e-18 1.5569511104e-17 -4.2522172548e+01 -8.8757880779e+02 -5.2644635223e+11 1.5043938420e+07 8.5436700447e+07 1.9014364502e+00 3.4015846167e+01 -2.5692416282e+08
1.6578972859e+05 1.8258410133e-13 7.4636484220e-14 -5.9507294014e+06 2.3393176659e+06 2.5550495303e-18 1.5579166001e-17 -2.2891188810e+01 -8.3154723331e+02 -5.2690595891e+11 1.5064180690e+07 8.5970627878e+07 1.7845028877e+00 3.2121158584e+01 -2.2712322443e+08
1.6579099976e+05 1.8258733881e-13 7.4656292159e-14 -5.9507505841e+06 2.3382833595e+06 2.5386325062e-18 1.5585618321e-17 -1.0536820826e+01 -7.9603059148e+02 -5.2718310933e+11 1.5071150350e+07 8.6311052583e+07 1.4436440520e+00 3.0913024295e+01 -2.0918388380e+08
1.6579190219e+05 1.8258962448e-13 7.4670359114e-14 -5.9507562756e+06 2.3375760213e+06 2.5269760960e-18 1.5590197882e-17 -2.1258228812e+00 -7.7172815757e+02 -5.2736648619e+11 1.5073031751e+07 8.6544972415e+07 1.0743668698e+00 3.0084257081e+01 -1.9734412917e+08
1.6579297655e+05 1.8259233192e-13 7.4687111635e-14 -5.9507533466e+06 2.3367620218e+06 2.5130969838e-18 1.5595648921e-17 7.5108815381e+00 -7.4375305617e+02 -5.2757133793e+11 1.5072057681e+07 8.6815314376e+07 1.2707141071e+00 2.9129101499e+01 -1.8416068508e+08
1.6579424727e+05 1.8259551492e-13 7.4706933342e-14 -5.9507368281e+06 2.3358372662e+06 2.4966788854e-18 1.5602094758e-17 1.8397125946e+01 -7.1196792610e+02 -5.2779607676e+11 1.5066541874e+07 8.7123982522e+07 1.4514912238e+00 2.8043732091e+01 -1.6976967005e+08
1.6579569876e+05 1.8259912521e-13 7.4729584988e-14 -5.9507014914e+06 2.3348292038e+06 2.4779218395e-18 1.5609455862e-17 3.0179524111e+01 -6.7732426845e+02 -5.2803145522e+11 1.5054675181e+07 8.7462414126e+07 1.5492674074e+00 2.6862686970e+01 -1.5480881773e+08
1.6579724803e+05 1.8260294867e-13 7.4753774294e-14 -5.9506454668e+06 2.3338072843e+06 2.4578975407e-18 1.5617310936e-17 4.2020803953e+01 -6.4221985612e+02 -5.2825995679e+11 1.5035740946e+07 8.7807712135e+07 1.6102353070e+00 2.5670743229e+01 -1.4043286456e+08
1.6579885826e+05 1.8260688970e-13 7.4778928411e-14 -5.9505684097e+06 2.3328012237e+06 2.4370812416e-18 1.5625473238e-17 5.3561201964e+01 -6.0768524638e+02 -5.2847512470e+11 1.5009519391e+07 8.8150001585e+07 1.6522023876e+00 2.4506100396e+01 -1.2707269472e+08
1.6580051046e+05 1.8261089860e-13 7.4804751773e-14 -5.9504706675e+06 2.3318251238e+06 2.4157182846e-18 1.5633846456e-17 6.4628917972e+01 -5.7421105509e+02 -5.2867479787e+11 1.4976015398e+07 8.8484537066e+07 1.6834791246e+00 2.3388289869e+01 -1.1487420073e+08
1.6580219394e+05 1.8261494709e-13 7.4831078207e-14 -5.9503529129e+06 2.3308858018e+06 2.3939467181e-18 1.5642376479e-17 7.5139635724e+01 -5.4203396209e+02 -5.2885872180e+11 1.4935336704e+07 8.8808983653e+07 1.7084589159e+00 2.2327812145e+01 -1.0385440445e+08
1.6580390240e+05 1.8261901817e-13 7.4857809958e-14 -5.9502159657e+06 2.3299863102e+06 2.3718478654e-18 1.5651031503e-17 8.5053843944e+01 -5.1125795893e+02 -5.2902753263e+11 1.4887633126e+07 8.9122267483e+07 1.7296954645e+00 2.1330238188e+01 -9.3968626535e+07
1.6580563210e+05 1.8262310139e-13 7.4884889054e-14 -5.9500606992e+06 2.3291276236e+06 2.3494700720e-18 1.5659792683e-17 9.4356243887e+01 -4.8191285212e+02 -5.2918227540e+11 1.4833063343e+07 8.9424022662e+07 1.7488005227e+00 2.0398207516e+01 -8.5142882530e+07
1.6580738090e+05 1.8262719036e-13 7.4912282652e-14 -5.9498879891e+06 2.3283095213e+06 2.3268408633e-18 1.5668649353e-17 1.0304488933e+02 -4.5398519545e+02 -5.2932415994e+11 1.4771775195e+07 8.9714299773e+07 1.7668776323e+00 1.9532501080e+01 -7.7290672705e+07
1.6580914778e+05 1.8263128140e-13 7.4939975142e-14 -5.9496986820e+06 2.3275310785e+06 2.3039735025e-18 1.5677596435e-17 1.1112507968e+02 -4.2743578928e+02 -5.2945443288e+11 1.4703892934e+07 8.9993401703e+07 1.7847516897e+00 1.8732660798e+01 -7.0322050398e+07
1.6581093253e+05 1.8263537281e-13 7.4967963823e-14 -5.9494935761e+06 2.3267909527e+06 2.2808705843e-18 1.5686633034e-17 1.1860576153e+02 -4.0221010402e+02 -5.2957431011e+11 1.4629508102e+07 9.0261786596e+07 1.8031018534e+00 1.7997367706e+01 -6.4148590265e+07
1.6581273563e+05 1.8263946441e-13 7.4996256650e-14 -5.9492734063e+06 2.3260875548e+06 2.2575259122e-18 1.5695761689e-17 1.2549733831e+02 -3.7824473127e+02 -5.2968494250e+11 1.4548672124e+07 9.0520008591e+07 1.8225468363e+00 1.7324682485e+01 -5.8686062458e+07
1.6581455818e+05 1.8264355735e-13 7.5024871319e-14 -5.9490388309e+06 2.3254191528e+06 2.2339252739e-18 1.5704988069e-17 1.3181031004e+02 -3.5547147945e+02 -5.2978740042e+11 1.4461389371e+07 9.0768681171e+07 1.8437066635e+00 1.6712203030e+01 -5.3855774980e+07
1.6581640188e+05 1.8264765404e-13 7.5053835314e-14 -5.9487904188e+06 2.3247839342e+06 2.2100464171e-18 1.5714320978e-17 1.3755441662e+02 -3.3382000682e+02 -5.2988266913e+11 1.4367609744e+07 9.1008454821e+07 1.8483065358e+00 1.6157169903e+01 -4.9585125906e+07
1.6581825019e+05 1.8265171675e-13 7.5082888842e-14 -5.9485313368e+06 2.3241859782e+06 2.1861038247e-18 1.5723676716e-17 1.4268861237e+02 -3.1342213357e+02 -5.2997078242e+11 1.4268265246e+07 9.1237709211e+07 1.8517847527e+00 1.5661323365e+01 -4.5843501126e+07
1.6582010197e+05 1.8265574273e-13 7.5112014386e-14 -5.9482628133e+06 2.3236235562e+06 2.1621120920e-18 1.5733049732e-17 1.4722827328e+02 -2.9421378841e+02 -5.3005257094e+11 1.4163573736e+07 9.1456955800e+07 1.8561795627e+00 1.5220669529e+01 -4.2563996301e+07
1.6582195815e+05 1.8265973368e-13 7.5141226470e-14 -5.9479857622e+06 2.3230944130e+06 2.1380594085e-18 1.5742444786e-17 1.5119338297e+02 -2.7611515923e+02 -5.3012884575e+11 1.4053634543e+07 9.1666901406e+07 1.8614386725e+00 1.4830603579e+01 -3.9683725094e+07
1.6582381959e+05 1.8266369109e-13 7.5170538835e-14 -5.9477010657e+06 2.3225964836e+06 2.1139346334e-18 1.5751866361e-17 1.5460238463e+02 -2.5905529447e+02 -5.3020030361e+11 1.3938537900e+07 9.1868175905e+07 1.8674839436e+00 1.4486574159e+01 -3.7147779430e+07
1.6582568708e+05 1.8266761623e-13 7.5199964018e-14 -5.9474095840e+06 2.3221278761e+06 2.0897276314e-18 1.5761318541e-17 1.5747285899e+02 -2.4297159263e+02 -5.3026754141e+11 1.3818372716e+07 9.2061335787e+07 1.8741615144e+00 1.4184093481e+01 -3.4908223306e+07
1.6582756124e+05 1.8267150995e-13 7.5229512164e-14 -5.9471121715e+06 2.3216868650e+06 2.0654302555e-18 1.5770804621e-17 1.5982215894e+02 -2.2780958950e+02 -5.3033106708e+11 1.3693237837e+07 9.2246863686e+07 1.8812182967e+00 1.3918759420e+01 -3.2923276995e+07
1.6582944246e+05 1.8267537253e-13 7.5259189447e-14 -5.9468096963e+06 2.3212718862e+06 2.0410376366e-18 1.5780326611e-17 1.6166808839e+02 -2.1352268682e+02 -5.3039130854e+11 1.3563255517e+07 9.2425167684e+07 1.8882798211e+00 1.3686282406e+01 -3.1156618978e+07
1.6583133074e+05 1.8267920346e-13 7.5288996143e-14 -5.9465030608e+06 2.3208815318e+06 2.0165497598e-18 1.5789884619e-17 1.6302962371e+02 -2.0007176981e+02 -5.3044862131e+11 1.3428586967e+07 9.2596580900e+07 1.8948365762e+00 1.3482517682e+01 -2.9576792285e+07
1.6583322557e+05 1.8268300121e-13 7.5318924481e-14 -5.9461932236e+06 2.3205145418e+06 1.9919732201e-18 1.5799476166e-17 1.6392766226e+02 -1.8742463115e+02 -5.3050329507e+11 1.3289449200e+07 9.2761362297e+07 1.9002476074e+00 1.3303502999e+01 -2.8156698522e+07
1.6583512582e+05 1.8268676303e-13 7.5348956537e-14 -5.9458812174e+06 2.3201697920e+06 1.9673229325e-18 1.5809095523e-17 1.6438575486e+02 -1.7555510680e+02 -5.3055555978e+11 1.3146131469e+07 9.2919700053e+07 1.9037732714e+00 1.3145501194e+01 -2.6873160507e+07
1.6583702959e+05 1.8269048486e-13 7.5379062645e-14 -5.9455681581e+06 2.3198462741e+06 1.9426234177e-18 1.5818733209e-17 1.6443074103e+02 -1.6444182819e+02 -5.3060559230e+11 1.2999008349e+07 9.3071719184e+07 1.9046458165e+00 1.3005045992e+01 -2.5706530851e+07
1.6583893424e+05 1.8269416133e-13 7.5409200912e-14 -5.9452552392e+06 2.3195430665e+06 1.9179091732e-18 1.5828375848e-17 1.6409316346e+02 -1.5406654338e+02 -5.3065352404e+11 1.2848545472e+07 9.3217494947e+07 1.9021776021e+00 1.2878987849e+01 -2.4640322850e+07
1.6584083642e+05 1.8269778606e-13 7.5439318453e-14 -5.9449437046e+06 2.3192592962e+06 1.8932236392e-18 1.5838006574e-17 1.6340731281e+02 -1.4441206412e+02 -5.3069945030e+11 1.2695293732e+07 9.3357072712e+07 1.8958879184e+00 1.2764534974e+01 -2.3660842718e+07
1.6584273231e+05 1.8270135207e-13 7.5469354638e-14 -5.9446348006e+06 2.3189940964e+06 1.8686165166e-18 1.5847606073e-17 1.6241077621e+02 -1.3546005818e+02 -5.3074344112e+11 1.2539869435e+07 9.3490492974e+07 1.8856136263e+00 1.2659283523e+01 -2.2756811928e+07
1.6584461792e+05 1.8270485249e-13 7.5499246102e-14 -5.9443297108e+06 2.3187465657e+06 1.8441396473e-18 1.5857154198e-17 1.6114345251e+02 -1.2718904805e+02 -5.3078555286e+11 1.2382921320e+07 9.3617817959e+07 1.8715616614e+00 1.2561231118e+01 -2.1918982026e+07
1.6584648948e+05 1.8270828117e-13 7.5528932613e-14 -5.9440294874e+06 2.3185157403e+06 1.8198422077e-18 1.5866631834e-17 1.5964613922e+02 -1.1957302715e+02 -5.3082583881e+11 1.2225089848e+07 9.3739154582e+07 1.8542807250e+00 1.2468770074e+01 -2.1139759032e+07
1.6584834376e+05 1.8271163335e-13 7.5558362509e-14 -5.9437349940e+06 2.3183005839e+06 1.7957662683e-18 1.5876022638e-17 1.5795893026e+02 -1.1258097696e+02 -5.3086435739e+11 1.2066967061e+07 9.3854668888e+07 1.8345600959e+00 1.2380660406e+01 -2.0412860946e+07
1.6585017832e+05 1.8271490594e-13 7.5587496549e-14 -5.9434468722e+06 2.3180999973e+06 1.7719436627e-18 1.5885314251e-17 1.5611971890e+02 -1.0617732136e+02 -5.3090117675e+11 1.1909065164e+07 9.3964589477e+07 1.8132933876e+00 1.2295986733e+01 -1.9733028584e+07
1.6585199161e+05 1.8271809764e-13 7.5616309612e-14 -5.9431655365e+06 2.3179128438e+06 1.7483946260e-18 1.5894498836e-17 1.5416304688e+02 -1.0032309298e+02 -5.3093637580e+11 1.1751798605e+07 9.4069200759e+07 1.7913517166e+00 1.2214105718e+01 -1.9095798029e+07
1.6585378297e+05 1.8272120879e-13 7.5644790377e-14 -5.9428911920e+06 2.3177379808e+06 1.7251280795e-18 1.5903572960e-17 1.5211941426e+02 -9.4977445247e+01 -5.3097004263e+11 1.1595479912e+07 9.4168829434e+07 1.7694943913e+00 1.2134591049e+01 -1.8497330388e+07
1.6585555246e+05 1.8272424106e-13 7.5672939591e-14 -5.9426238684e+06 2.3175742920e+06 1.7021430771e-18 1.5912537034e-17 1.5001503593e+02 -9.0099161357e+01 -5.3100227142e+11 1.1440326262e+07 9.4263828297e+07 1.7483254440e+00 1.2057181634e+01 -1.7934287520e+07
1.6585730079e+05 1.8272719711e-13 7.5700767627e-14 -5.9423634588e+06 2.3174207121e+06 1.6794308176e-18 1.5921394527e-17 1.4787194670e+02 -8.5647922960e+01 -5.3103315898e+11 1.1286472390e+07 9.4354560768e+07 1.7282874214e+00 1.1981736431e+01 -1.7403740594e+07
1.6585902907e+05 1.8273008024e-13 7.5728291940e-14 -5.9421097580e+06 2.3172762454e+06 1.6569767400e-18 1.5930151147e-17 1.4570833061e+02 -8.1585237185e+01 -5.3106280169e+11 1.1133985902e+07 9.4441388136e+07 1.7096780377e+00 1.1908197339e+01 -1.6903100776e+07
1.6585902907e+05 1.8273008024e-13 7.5728291940e-14 -5.9421097580e+06 2.3172762454e+06 1.6569767400e-18 1.5930151147e-17 1.4570833061e+02 -8.1585237185e+01 -5.3106280169e+11 1.1133985902e+07 9.4441388136e+07 1.7096780377e+00 1.1908197339e+01 -1.6903100776e+07
