0.0000000000e+00 0.0000000000e+00 0.0000000000e+00 3.1415900000e+08 0.0000000000e+00 0.0000000000e+00 0.0000000000e+00 -1.1783402890e+03 2.2696731640e+02 -4.6638893070e+09 -1.0015892456e+07 1.9292221894e+06 1.0000000000e+01 0.0000000000e+00 -0.0000000000e+00
1.0000000000e+01 2.8740014342e-22 6.9213867546e-28 3.1414721640e+08 2.2696731635e+03 5.7480747366e-23 2.0764549693e-28 -1.1783806743e+03 2.2696731625e+02 -4.6638893070e+09 -1.0015892456e+07 1.9292221894e+06 5.0000000000e+01 0.0000000000e+00 -0.0000000000e+00
6.0000000000e+01 1.0347699027e-20 1.4954402343e-25 3.1408829231e+08 1.3618038879e+04 3.4494918285e-22 7.4780427926e-27 -1.1785826462e+03 2.2696731115e+02 -4.6638893070e+09 -1.0015892457e+07 1.9292221894e+06 2.5000000000e+02 0.0000000000e+00 -0.0000000000e+00
3.1000000000e+02 2.7639895936e-19 2.0654363687e-23 3.1379352032e+08 7.0359853572e+04 1.7839112493e-21 1.9999733038e-25 -1.1795936441e+03 2.2696717588e+02 -4.6638893070e+09 -1.0015892457e+07 1.9292221894e+06 1.2500000000e+03 0.0000000000e+00 -0.0000000000e+00
1.5600000000e+03 7.0214321992e-18 2.6507539080e-21 3.1231585597e+08 3.5406715120e+05 9.0195241049e-21 5.1126385701e-24 -1.1846773005e+03 2.2696372432e+02 -4.6638893070e+09 -1.0015892457e+07 1.9292221894e+06 3.6000000000e+03 0.0000000000e+00 -0.0000000000e+00
5.1600000000e+03 7.7526247152e-17 9.7925307436e-20 3.0802429508e+08 1.1710825515e+06 3.0247654153e-20 5.7499316394e-23 -1.1995919350e+03 2.2692691806e+02 -4.6638893069e+09 -1.0015892457e+07 1.9292221894e+06 3.6000000000e+03 0.0000000000e+00 -0.0000000000e+00
8.7600000000e+03 2.2552814704e-16 4.8930637468e-19 3.0367828565e+08 1.9878899108e+06 5.2078873956e-20 1.7045334760e-22 -1.2149302931e+03 2.2684755788e+02 -4.6638893068e+09 -1.0015892456e+07 1.9292221894e+06 3.6000000000e+03 0.0000000000e+00 -0.0000000000e+00
1.2360000000e+04 4.5325827835e-16 1.4041881056e-18 2.9927626009e+08 2.8043294647e+06 7.4546970871e-20 3.4925870963e-22 -1.2307161137e+03 2.2672193134e+02 -4.6638893067e+09 -1.0015892456e+07 1.9292221894e+06 3.6000000000e+03 0.0000000000e+00 -0.0000000000e+00
1.5960000000e+04 7.6307435375e-16 3.0899843031e-18 2.9481656192e+08 3.6202273831e+06 9.7688520128e-20 5.9976503068e-22 -1.2469750940e+03 2.2654592855e+02 -4.6638893066e+09 -1.0015892456e+07 1.9292221894e+06 3.6000000000e+03 0.0000000000e+00 -0.0000000000e+00
1.9560000000e+04 1.1574712305e-15 5.8162961608e-18 2.9029743828e+08 4.4353942475e+06 1.2154319259e-19 9.2846242035e-22 -1.2637351062e+03 2.2631498963e+02 -4.6638893064e+09 -1.0015892456e+07 1.9292221894e+06 3.6000000000e+03 0.0000000000e+00 -0.0000000000e+00
2.3160000000e+04 1.6390926719e-15 9.8773703868e-18 2.8571703168e+08 5.2496233236e+06 1.4615410548e-19 1.3425683102e-21 -1.2810264440e+03 2.2602404370e+02 -4.6638893062e+09 -1.0015892456e+07 1.9292221894e+06 3.6000000000e+03 0.0000000000e+00 -0.0000000000e+00
2.6760000000e+04 2.2107444601e-15 1.5594894939e-17 2.8107337082e+08 6.0626885971e+06 1.7156822336e-19 1.8501285964e-21 -1.2988821043e+03 2.2566743781e+02 -4.6638893060e+09 -1.0015892456e+07 1.9292221894e+06 3.6000000000e+03 0.0000000000e+00 -0.0000000000e+00
3.0360000000e+04 2.8754090552e-15 2.3321188741e-17 2.7636436025e+08 6.8743425331e+06 1.9783681829e-19 2.4601358904e-21 -1.3173381100e+03 2.2523885387e+02 -4.6638893057e+09 -1.0015892456e+07 1.9292221894e+06 3.6000000000e+03 0.0000000000e+00 -0.0000000000e+00
3.3960000000e+04 3.6362620331e-15 3.3442852946e-17 2.7158776886e+08 7.6843135099e+06 2.2501599960e-19 3.1826683245e-21 -1.3364338831e+03 2.2473121108e+02 -4.6638893055e+09 -1.0015892456e+07 1.9292221894e+06 3.6000000000e+03 0.0000000000e+00 -0.0000000000e+00
3.7560000000e+04 4.4966905756e-15 4.6384965169e-17 2.6674121685e+08 8.4923028732e+06 2.5316732642e-19 4.0290531789e-21 -1.3562126741e+03 2.2413655104e+02 -4.6638893051e+09 -1.0015892456e+07 1.9292221894e+06 3.6000000000e+03 0.0000000000e+00 -0.0000000000e+00
4.1160000000e+04 5.4603143367e-15 6.2615915211e-17 2.6182216109e+08 9.2979815377e+06 2.8235851860e-19 5.0120606297e-21 -1.3767220623e+03 2.2344590157e+02 -4.6638893047e+09 -1.0015892456e+07 1.9292221894e+06 3.6000000000e+03 0.0000000000e+00 -0.0000000000e+00
4.4760000000e+04 6.5310090745e-15 8.2653002221e-17 2.5682787852e+08 1.0100986055e+07 3.1266428541e-19 6.1461342531e-21 -1.3980145375e+03 2.2264911478e+02 -4.6638893042e+09 -1.0015892456e+07 1.9292221894e+06 3.6000000000e+03 0.0000000000e+00 -0.0000000000e+00
4.8360000000e+04 7.7129335133e-15 1.0706894005e-16 2.5175544728e+08 1.0900914043e+07 3.4416729611e-19 7.4476666342e-21 -1.4201481822e+03 2.2173467344e+02 -4.6638893036e+09 -1.0015892456e+07 1.9292221894e+06 3.6000000000e+03 0.0000000000e+00 -0.0000000000e+00
5.1960000000e+04 9.0105599985e-15 1.3649945148e-16 2.4660172514e+08 1.1697318851e+07 3.7695932190e-19 8.9353306668e-21 -1.4431874738e+03 2.2068945820e+02 -4.6638893029e+09 -1.0015892456e+07 1.9292221894e+06 3.6000000000e+03 0.0000000000e+00 -0.0000000000e+00
5.5560000000e+04 1.0428709626e-14 1.7165217511e-16 2.4136332485e+08 1.2489703300e+07 4.1114258672e-19 1.0630480057e-20 -1.4672042335e+03 2.1949846618e+02 -4.6638893020e+09 -1.0015892456e+07 1.9292221894e+06 3.6000000000e+03 0.0000000000e+00 -0.0000000000e+00
5.9160000000e+04 1.1972592680e-14 2.1331716398e-16 2.3603658574e+08 1.3277512308e+07 4.4683137371e-19 1.2557636416e-20 -1.4922787553e+03 2.1814446879e+02 -4.6638893009e+09 -1.0015892456e+07 1.9292221894e+06 3.6000000000e+03 0.0000000000e+00 -0.0000000000e+00
6.2760000000e+04 1.3647855397e-14 2.6237932660e-16 2.3061754082e+08 1.4060124149e+07 4.8415394697e-19 1.4745085496e-20 -1.5185011562e+03 2.1660759280e+02 -4.6638892996e+09 -1.0015892456e+07 1.9292221894e+06 3.6000000000e+03 0.0000000000e+00 -0.0000000000e+00
6.6360000000e+04 1.5460634334e-14 3.1983325372e-16 2.2510187863e+08 1.4836840035e+07 5.2325486496e-19 1.7225612062e-20 -1.5459730012e+03 2.1486480402e+02 -4.6638892980e+09 -1.0015892456e+07 1.9292221894e+06 3.6000000000e+03 0.0000000000e+00 -0.0000000000e+00
6.9960000000e+04 1.7417619909e-14 3.8680099705e-16 2.1948489855e+08 1.5606871625e+07 5.6429778403e-19 2.0037412394e-20 -1.5748092733e+03 2.1288926619e+02 -4.6638892960e+09 -1.0015892456e+07 1.9292221894e+06 3.6000000000e+03 0.0000000000e+00 -0.0000000000e+00
7.3560000000e+04 1.9526131104e-14 4.6455352823e-16 2.1376145835e+08 1.6369325951e+07 6.0746888057e-19 2.3225236365e-20 -1.6051407778e+03 2.1064953857e+02 -4.6638892935e+09 -1.0015892456e+07 1.9292221894e+06 3.6000000000e+03 0.0000000000e+00 -0.0000000000e+00
7.7160000000e+04 2.1794203850e-14 5.5453682438e-16 2.0792591208e+08 1.7123187085e+07 6.5298106085e-19 2.6841829232e-20 -1.6371171002e+03 2.0810856297e+02 -4.6638892902e+09 -1.0015892456e+07 1.9292221894e+06 3.6000000000e+03 0.0000000000e+00 -0.0000000000e+00
8.0760000000e+04 2.4230696309e-14 6.5840382222e-16 2.0197203610e+08 1.7867293693e+07 7.0107918363e-19 3.0949768745e-20 -1.6709102754e+03 2.0522237299e+02 -4.6638892861e+09 -1.0015892457e+07 1.9292221894e+06 3.6000000000e+03 0.0000000000e+00 -0.0000000000e+00
8.4360000000e+04 2.6845415223e-14 7.7805388873e-16 1.9589294031e+08 1.8600311303e+07 7.5204659832e-19 3.5623829717e-20 -1.7067193814e+03 2.0193843275e+02 -4.6638892807e+09 -1.0015892457e+07 1.9292221894e+06 3.6000000000e+03 0.0000000000e+00 -0.0000000000e+00
8.7960000000e+04 2.9649268767e-14 9.1568202126e-16 1.8968096076e+08 1.9320697735e+07 8.0621341191e-19 4.0954061113e-20 -1.7447763473e+03 1.9819347487e+02 -4.6638892735e+09 -1.0015892457e+07 1.9292221894e+06 3.6000000000e+03 0.0000000000e+00 -0.0000000000e+00
9.1560000000e+04 3.2654453103e-14 1.0738407875e-15 1.8332752856e+08 2.0026659586e+07 8.6396705551e-19 4.7049838772e-20 -1.7853533779e+03 1.9391065321e+02 -4.6638892640e+09 -1.0015892457e+07 1.9292221894e+06 3.6000000000e+03 0.0000000000e+00 -0.0000000000e+00
9.5160000000e+04 3.5874682265e-14 1.2555191587e-15 1.7682300839e+08 2.0716096839e+07 9.2576595174e-19 5.4045273998e-20 -1.8287725553e+03 1.8899574272e+02 -4.6638892511e+09 -1.0015892457e+07 1.9292221894e+06 3.6000000000e+03 0.0000000000e+00 -0.0000000000e+00
9.8760000000e+04 3.9325474482e-14 1.4642440593e-15 1.7015649734e+08 2.1386531518e+07 9.9215742605e-19 6.2106537518e-20 -1.8754184241e+03 1.8333199380e+02 -4.6638892332e+09 -1.0015892457e+07 1.9292221894e+06 3.6000000000e+03 0.0000000000e+00 -0.0000000000e+00
1.0236000000e+05 4.3024513014e-14 1.7042129338e-15 1.6331557135e+08 2.2035014549e+07 1.0638015227e-18 7.1441938549e-20 -1.9257547236e+03 1.7677305087e+02 -4.6638892081e+09 -1.0015892457e+07 1.9292221894e+06 3.6000000000e+03 0.0000000000e+00 -0.0000000000e+00
1.0596000000e+05 4.6992106880e-14 1.9804693999e-15 1.5628596153e+08 2.2658002345e+07 1.1415031882e-18 8.2316047553e-20 -1.9803469996e+03 1.6913302981e+02 -4.6638891719e+09 -1.0015892457e+07 1.9292221894e+06 3.6000000000e+03 0.0000000000e+00 -0.0000000000e+00
1.0956000000e+05 5.1251787865e-14 2.2991399119e-15 1.4905113475e+08 2.3251190531e+07 1.2262565559e-18 9.5069889304e-20 -2.0398937186e+03 1.6017233064e+02 -4.6638891184e+09 -1.0015892457e+07 1.9292221894e+06 3.6000000000e+03 0.0000000000e+00 -0.0000000000e+00
1.1316000000e+05 5.5831097012e-14 2.6677587003e-15 1.4159174097e+08 2.3809285646e+07 1.3193071403e-18 1.1015048360e-19 -2.1052699645e+03 1.4957688251e+02 -4.6638890373e+09 -1.0015892457e+07 1.9292221894e+06 3.3319383647e+03 0.0000000000e+00 -0.0000000000e+00
1.1615608074e+05 5.9909185185e-14 3.0193165957e-15 1.3519612155e+08 2.4242297611e+07 1.4042028432e-18 1.2489924754e-19 -2.1649166866e+03 1.3921457448e+02 -4.6638889885e+09 -1.0015892457e+07 1.9292221894e+06 3.0154612524e+03 0.0000000000e+00 -0.0000000000e+00
1.1917154199e+05 6.4282300644e-14 3.4213999551e-15 1.2857038260e+08 2.4644209721e+07 1.4977219063e-18 1.4224596454e-19 -2.2306220801e+03 1.2702697519e+02 -4.6638889132e+09 -1.0015892457e+07 1.9292221894e+06 2.7232056442e+03 0.0000000000e+00 -0.0000000000e+00
1.2161886147e+05 6.8047722488e-14 3.7890571682e-15 1.2304106637e+08 2.4941359622e+07 1.5805859902e-18 1.5858571853e-19 -2.2888414106e+03 1.1554685627e+02 -4.6638888740e+09 -1.0015892457e+07 1.9292221894e+06 2.4639129705e+03 0.0000000000e+00 -0.0000000000e+00
1.2408277444e+05 7.2052374961e-14 4.2025852044e-15 1.1732411673e+08 2.5210047404e+07 1.6713879231e-18 1.7754371143e-19 -2.3526377804e+03 1.0222719350e+02 -4.6638888150e+09 -1.0015892457e+07 1.9292221894e+06 2.2239429656e+03 0.0000000000e+00 -0.0000000000e+00
1.2607818150e+05 7.5466096969e-14 4.5740312604e-15 1.1257440728e+08 2.5401965961e+07 1.7512007682e-18 1.9512285263e-19 -2.4087133464e+03 8.9876295703e+01 -4.6638887854e+09 -1.0015892457e+07 1.9292221894e+06 2.0103021691e+03 0.0000000000e+00 -0.0000000000e+00
1.2788614526e+05 7.8701768233e-14 4.9427466037e-15 1.0817066618e+08 2.5553259580e+07 1.8290991076e-18 2.1311209885e-19 -2.4634438032e+03 7.7237262948e+01 -4.6638887603e+09 -1.0015892457e+07 1.9292221894e+06 1.8219540846e+03 0.0000000000e+00 -0.0000000000e+00
1.2951857415e+05 8.1748573062e-14 5.3052389515e-15 1.0410646022e+08 2.5669084726e+07 1.9046244160e-18 2.3134332309e-19 -2.5165069964e+03 6.4428219281e+01 -4.6638887396e+09 -1.0015892457e+07 1.9292221894e+06 1.6466254662e+03 0.0000000000e+00 -0.0000000000e+00
1.3098483934e+05 8.4593890234e-14 5.6576012526e-15 1.0037961450e+08 2.5754313395e+07 1.9772120556e-18 2.4960358050e-19 -2.5675062180e+03 5.1598777254e+01 -4.6638887233e+09 -1.0015892457e+07 1.9292221894e+06 1.4813444635e+03 0.0000000000e+00 -0.0000000000e+00
1.3229016526e+05 8.7219284146e-14 5.9949702301e-15 9.6996925507e+07 2.5813548240e+07 2.0460819593e-18 2.6760222980e-19 -2.6158934021e+03 3.8953138007e+01 -4.6638887113e+09 -1.0015892457e+07 1.9292221894e+06 1.3225141930e+03 0.0000000000e+00 -0.0000000000e+00
1.3343326401e+05 8.9594379243e-14 6.3106127579e-15 9.3981252319e+07 2.5851227570e+07 2.1100573645e-18 2.8491350536e-19 -2.6608417691e+03 2.6790439459e+01 -4.6638887032e+09 -1.0015892457e+07 1.9292221894e+06 1.1651579030e+03 0.0000000000e+00 -0.0000000000e+00
1.3439903897e+05 9.1659514487e-14 6.5933555009e-15 9.1392301049e+07 2.5871775195e+07 2.1670528094e-18 3.0081935083e-19 -2.7008860982e+03 1.5615179559e+01 -4.6638886988e+09 -1.0015892457e+07 1.9292221894e+06 1.0013767725e+03 0.0000000000e+00 -0.0000000000e+00
1.3511917558e+05 9.3235977205e-14 6.8145174874e-15 8.9436130907e+07 2.5879836860e+07 2.2114629694e-18 3.1353056695e-19 -2.7320881541e+03 6.6844286536e+00 -4.6638886975e+09 -1.0015892456e+07 1.9292221894e+06 8.2434362538e+02 0.0000000000e+00 -0.0000000000e+00
1.3585391270e+05 9.4878017321e-14 7.0498942629e-15 8.7416682490e+07 2.5881225219e+07 2.2585882346e-18 3.2732479138e-19 -2.7651978110e+03 -3.0072311408e+00 -4.6638886959e+09 -1.0015892456e+07 1.9292221894e+06 6.9814981146e+02 0.0000000000e+00 -0.0000000000e+00
1.3655206251e+05 9.6471009898e-14 7.2832360600e-15 8.5474806596e+07 2.5875739206e+07 2.3051872426e-18 3.4127631714e-19 -2.7979377258e+03 -1.2809409009e+01 -4.6638886944e+09 -1.0015892456e+07 1.9292221894e+06 8.6213663367e+02 0.0000000000e+00 -0.0000000000e+00
1.3741419915e+05 9.8484123045e-14 7.5853249425e-15 8.3044526652e+07 2.5859171950e+07 2.3653742465e-18 3.5975698186e-19 -2.8402244067e+03 -2.5793706622e+01 -4.6638886892e+09 -1.0015892456e+07 1.9292221894e+06 9.4478094035e+02 0.0000000000e+00 -0.0000000000e+00
1.3835898009e+05 1.0075145275e-13 7.9354670239e-15 8.0338254032e+07 2.5827600637e+07 2.4349874421e-18 3.8178469554e-19 -2.8891338189e+03 -4.1270119101e+01 -4.6638886786e+09 -1.0015892456e+07 1.9292221894e+06 9.8517061327e+02 0.0000000000e+00 -0.0000000000e+00
1.3934415070e+05 1.0318790717e-13 8.3238106131e-15 7.7465563593e+07 2.5778356531e+07 2.5120785189e-18 4.0700267906e-19 -2.9432971025e+03 -5.8987977638e+01 -4.6638886617e+09 -1.0015892456e+07 1.9292221894e+06 1.0000630186e+03 0.0000000000e+00 -0.0000000000e+00
1.4034421372e+05 1.0574143200e-13 8.7447470346e-15 7.4493072546e+07 2.5709593173e+07 2.5955815550e-18 4.3530502796e-19 -3.0019653533e+03 -7.8872875010e+01 -4.6638886373e+09 -1.0015892456e+07 1.9292221894e+06 9.9798689362e+02 0.0000000000e+00 -0.0000000000e+00
1.4134220061e+05 1.0837580324e-13 9.1945607898e-15 7.1466226140e+07 2.5620069727e+07 2.6848362600e-18 4.6670444697e-19 -3.0646746589e+03 -1.0093373740e+02 -4.6638886045e+09 -1.0015892456e+07 1.9292221894e+06 9.8406142215e+02 0.0000000000e+00 -0.0000000000e+00
1.4232626203e+05 1.1106380749e-13 9.6705207927e-15 6.8418106756e+07 2.5509015609e+07 2.7794011251e-18 5.0128203938e-19 -3.1311148206e+03 -1.2522754703e+02 -4.6638885625e+09 -1.0015892456e+07 1.9292221894e+06 9.6169165618e+02 0.0000000000e+00 -0.0000000000e+00
1.4328795369e+05 1.1378400514e-13 1.0170463067e-14 6.5373727864e+07 2.5376034623e+07 2.8789656645e-18 5.3916484267e-19 -3.2010676947e+03 -1.5184355895e+02 -4.6638885103e+09 -1.0015892456e+07 1.9292221894e+06 9.3329393373e+02 0.0000000000e+00 -0.0000000000e+00
1.4422124762e+05 1.1651898341e-13 1.0692575274e-14 6.2352426461e+07 2.5221031948e+07 2.9833034681e-18 5.8051467958e-19 -3.2743742080e+03 -1.8089546789e+02 -4.6638884471e+09 -1.0015892456e+07 1.9292221894e+06 9.0065585761e+02 0.0000000000e+00 -0.0000000000e+00
1.4512190348e+05 1.1925432083e-13 1.1235276442e-14 5.9369331488e+07 2.5044155935e+07 3.0922445695e-18 6.2552233961e-19 -3.3509149442e+03 -2.1251732032e+02 -4.6638883719e+09 -1.0015892456e+07 1.9292221894e+06 8.6513583701e+02 0.0000000000e+00 -0.0000000000e+00
1.4598703932e+05 1.2197792701e-13 1.1797146271e-14 5.6436333414e+07 2.4845750363e+07 3.2056579135e-18 6.7440456300e-19 -3.4305978254e+03 -2.4686139540e+02 -4.6638882838e+09 -1.0015892456e+07 1.9292221894e+06 8.2778362409e+02 0.0000000000e+00 -0.0000000000e+00
1.4681482294e+05 1.2467959585e-13 1.2376882219e-14 5.3562761877e+07 2.4626314534e+07 3.3234395021e-18 7.2740263761e-19 -3.5133497839e+03 -2.8409721911e+02 -4.6638881819e+09 -1.0015892456e+07 1.9292221894e+06 7.8941830914e+02 0.0000000000e+00 -0.0000000000e+00
1.4760424125e+05 1.2735068733e-13 1.2973273034e-14 5.0755881032e+07 2.4386469519e+07 3.4455039076e-18 7.8478200306e-19 -3.5991107992e+03 -3.2441128622e+02 -4.6638880651e+09 -1.0015892456e+07 1.9292221894e+06 7.5068166859e+02 0.0000000000e+00 -0.0000000000e+00
1.4835492292e+05 1.2998389070e-13 1.3585182428e-14 4.8021264871e+07 2.4126929381e+07 3.5717778577e-18 8.4683253592e-19 -3.6878293909e+03 -3.6800726060e+02 -4.6638879324e+09 -1.0015892457e+07 1.9292221894e+06 7.1207634097e+02 0.0000000000e+00 -0.0000000000e+00
1.4906699926e+05 1.3257304132e-13 1.4211539214e-14 4.5363089866e+07 2.3848476528e+07 3.7021951177e-18 9.1386933420e-19 -3.7794590234e+03 -4.1510652641e+02 -4.6638877828e+09 -1.0015892456e+07 1.9292221894e+06 6.7399415017e+02 0.0000000000e+00 -0.0000000000e+00
1.4974099341e+05 1.3511297415e-13 1.4851331668e-14 4.2784368476e+07 2.3551940521e+07 3.8366921844e-18 9.8623389870e-19 -3.8739550802e+03 -4.6594901808e+02 -4.6638876153e+09 -1.0015892456e+07 1.9292221894e+06 6.3673774882e+02 0.0000000000e+00 -0.0000000000e+00
1.5037773116e+05 1.3759940322e-13 1.5503604695e-14 4.0287138919e+07 2.3238179824e+07 3.9752044685e-18 1.0642956563e-18 -3.9712721814e+03 -5.2079429062e+02 -4.6638874286e+09 -1.0015892456e+07 1.9292221894e+06 6.0053753558e+02 0.0000000000e+00 -0.0000000000e+00
1.5097826869e+05 1.4002882005e-13 1.6167458905e-14 3.7872621668e+07 2.2908066059e+07 4.1176627359e-18 1.1484537999e-18 -4.0713616842e+03 -5.7992281218e+02 -4.6638872216e+09 -1.0015892456e+07 1.9292221894e+06 5.6556512727e+02 0.0000000000e+00 -0.0000000000e+00
1.5154383382e+05 1.4239840637e-13 1.6842051007e-14 3.5541350015e+07 2.2562470384e+07 4.2639896376e-18 1.2391394389e-18 -4.1741692438e+03 -6.4363747526e+02 -4.6638869932e+09 -1.0015892456e+07 1.9292221894e+06 5.3194423601e+02 0.0000000000e+00 -0.0000000000e+00
1.5207577806e+05 1.4470595811e-13 1.7526595136e-14 3.3293279990e+07 2.2202251688e+07 4.4140961873e-18 1.3368180722e-18 -4.2796323396e+03 -7.1226533389e+02 -4.6638867420e+09 -1.0015892456e+07 1.9292221894e+06 4.9975954977e+02 0.0000000000e+00 -0.0000000000e+00
1.5257553761e+05 1.4694981813e-13 1.8220364892e-14 3.1127883524e+07 2.1828246303e+07 4.5678780667e-18 1.4419924052e-18 -4.3876776789e+03 -7.8615958286e+02 -4.6638864669e+09 -1.0015892456e+07 1.9292221894e+06 4.6906404285e+02 0.0000000000e+00 -0.0000000000e+00
1.5304460165e+05 1.4912881653e-13 1.8922695945e-14 2.9044227824e+07 2.1441258975e+07 4.7252116404e-18 1.5552055466e-18 -4.4982183968e+03 -8.6570180412e+02 -4.6638861666e+09 -1.0015892456e+07 1.9292221894e+06 4.3988503074e+02 0.0000000000e+00 -0.0000000000e+00
1.5348448668e+05 1.5124221706e-13 1.9632989147e-14 2.7041043224e+07 2.1042054852e+07 4.8859495621e-18 1.6770446350e-18 -4.6111509695e+03 -9.5130451421e+02 -4.6638858398e+09 -1.0015892456e+07 1.9292221894e+06 4.1222920937e+02 0.0000000000e+00 -0.0000000000e+00
1.5389671589e+05 1.5328966897e-13 2.0350714167e-14 2.5116781310e+07 2.0631352255e+07 5.0499158432e-18 1.8081449552e-18 -4.7263517496e+03 -1.0434140569e+03 -4.6638854853e+09 -1.0015892456e+07 1.9292221894e+06 3.8608686234e+02 0.0000000000e+00 -0.0000000000e+00
1.5428280275e+05 1.5527116369e-13 2.1075413681e-14 2.3269664730e+07 2.0209816002e+07 5.2169002346e-18 1.9491946271e-18 -4.8436730185e+03 -1.1425138969e+03 -4.6638851017e+09 -1.0015892456e+07 1.9292221894e+06 3.6143538548e+02 0.0000000000e+00 -0.0000000000e+00
1.5464423814e+05 1.5718699567e-13 2.1806708255e-14 2.1497729838e+07 1.9778051056e+07 5.3866517478e-18 2.1009399669e-18 -4.9629384346e+03 -1.2491283874e+03 -4.6638846878e+09 -1.0015892456e+07 1.9292221894e+06 3.3824224301e+02 0.0000000000e+00 -0.0000000000e+00
1.5498248038e+05 1.5903772732e-13 2.2544302071e-14 1.9798863092e+07 1.9336596253e+07 5.5588711000e-18 2.2641916504e-18 -5.0839377253e+03 -1.3638270996e+03 -4.6638842425e+09 -1.0015892456e+07 1.9292221894e+06 3.1646745524e+02 0.0000000000e+00 -0.0000000000e+00
1.5529894784e+05 1.6082415741e-13 2.3287989723e-14 1.8170831977e+07 1.8885917827e+07 5.7332018176e-18 2.4398318429e-18 -5.2064204366e+03 -1.4872298325e+03 -4.6638837648e+09 -1.0015892456e+07 1.9292221894e+06 2.9606569918e+02 0.0000000000e+00 -0.0000000000e+00
1.5559501354e+05 1.6254729301e-13 2.4037664409e-14 1.6611311037e+07 1.8426402450e+07 5.9092196589e-18 2.6288225060e-18 -5.3300885011e+03 -1.6200124490e+03 -4.6638832537e+09 -1.0015892456e+07 1.9292221894e+06 2.7698808947e+02 0.0000000000e+00 -0.0000000000e+00
1.5587200163e+05 1.6420832465e-13 2.4793327927e-14 1.5117903521e+07 1.7958349396e+07 6.0864199165e-18 2.8322151556e-18 -5.4545873174e+03 -1.7629137317e+03 -4.6638827084e+09 -1.0015892456e+07 1.9292221894e+06 2.5918370520e+02 0.0000000000e+00 -0.0000000000e+00
1.5613118533e+05 1.6580860468e-13 2.5555103039e-14 1.3688158998e+07 1.7481961394e+07 6.2642020270e-18 3.0511624305e-18 -5.5794949367e+03 -1.9167435113e+03 -4.6638821286e+09 -1.0015892456e+07 1.9292221894e+06 2.4260091513e+02 0.0000000000e+00 -0.0000000000e+00
1.5637378625e+05 1.6734962873e-13 2.6323248954e-14 1.2319587193e+07 1.6997333590e+07 6.4418507192e-18 3.2869319466e-18 -5.7043088178e+03 -2.0823923995e+03 -4.6638815143e+09 -1.0015892456e+07 1.9292221894e+06 2.2718855809e+02 0.0000000000e+00 -0.0000000000e+00
1.5660097480e+05 1.6883302046e-13 2.7098180969e-14 1.1009668189e+07 1.6504439850e+07 6.6185126607e-18 3.5409230771e-18 -5.8284294195e+03 -2.2608435796e+03 -4.6638808659e+09 -1.0015892457e+07 1.9292221894e+06 2.1289703304e+02 0.0000000000e+00 -0.0000000000e+00
1.5681387184e+05 1.7026051953e-13 2.7880495692e-14 9.7558589828e+06 1.6003115398e+07 6.7931671698e-18 3.8146875293e-18 -5.9511396229e+03 -2.4531872630e+03 -4.6638801845e+09 -1.0015892456e+07 1.9292221894e+06 1.9967936067e+02 0.0000000000e+00 -0.0000000000e+00
1.5701355120e+05 1.7163397336e-13 2.8671003863e-14 8.5555962431e+06 1.5493034346e+07 6.9645889744e-18 4.1099549224e-18 -6.0715785661e+03 -2.6606386597e+03 -4.6638794723e+09 -1.0015892456e+07 1.9292221894e+06 1.8749228962e+02 0.0000000000e+00 -0.0000000000e+00
1.5720104349e+05 1.7295533287e-13 2.9470773650e-14 7.4062948797e+06 1.4973680124e+07 7.1313001263e-18 4.4286650509e-18 -6.1887078601e+03 -2.8845606464e+03 -4.6638787327e+09 -1.0015892456e+07 1.9292221894e+06 1.7629754411e+02 0.0000000000e+00 -0.0000000000e+00
1.5737734103e+05 1.7422665305e-13 3.0281188618e-14 6.3053417790e+06 1.4444305882e+07 7.2915068281e-18 4.7730092381e-18 -6.3012672040e+03 -3.1264928212e+03 -4.6638779706e+09 -1.0015892456e+07 1.9292221894e+06 1.6606334232e+02 0.0000000000e+00 -0.0000000000e+00
1.5754340437e+05 1.7545009936e-13 3.1104026607e-14 5.2500836662e+06 1.3903880543e+07 7.4430147984e-18 5.1454842384e-18 -6.4077149215e+03 -3.3881893744e+03 -4.6638771935e+09 -1.0015892456e+07 1.9292221894e+06 1.5676637651e+02 0.0000000000e+00 -0.0000000000e+00
1.5770017075e+05 1.7662796136e-13 3.1941568930e-14 4.2378075496e+06 1.3351014004e+07 7.5831133363e-18 5.5489637392e-18 -6.5061465060e+03 -3.6716693249e+03 -4.6638764117e+09 -1.0015892456e+07 1.9292221894e+06 1.4839453074e+02 0.0000000000e+00 -0.0000000000e+00
1.5784856528e+05 1.7776267534e-13 3.2796754422e-14 3.2657115986e+06 1.2783851447e+07 7.7084124617e-18 5.9867948503e-18 -6.5941801974e+03 -3.9792843126e+03 -4.6638756398e+09 -1.0015892456e+07 1.9292221894e+06 1.4095073849e+02 0.0000000000e+00 -0.0000000000e+00
1.5798951602e+05 1.7885685804e-13 3.3673400881e-14 2.3308637723e+06 1.2199921169e+07 7.8146075405e-18 6.4629302530e-18 -6.6687916104e+03 -4.3138114449e+03 -4.6638748982e+09 -1.0015892456e+07 1.9292221894e+06 1.2990498301e+02 0.0000000000e+00 -0.0000000000e+00
1.5809802146e+05 1.7970859894e-13 3.4396698959e-14 1.6045843108e+06 1.1716367637e+07 7.8823772866e-18 6.8764448766e-18 -6.7164058367e+03 -4.6043419545e+03 -4.6638746628e+09 -1.0015892456e+07 1.9292221894e+06 1.1122939819e+02 0.0000000000e+00 -0.0000000000e+00
1.5818967821e+05 1.8043317045e-13 3.5044380711e-14 9.8750604339e+05 1.1282117144e+07 7.9256524395e-18 7.2622351854e-18 -6.7468104500e+03 -4.8753936868e+03 -4.6638745526e+09 -1.0015892456e+07 1.9292221894e+06 9.4831814557e+01 4.2872998240e-293 -3.0334347789e-285
1.5826246410e+05 1.8101092594e-13 3.5584932191e-14 4.9581529681e+05 1.0918852052e+07 7.9477647464e-18 7.5950542514e-18 -6.7623462967e+03 -5.1092284471e+03 -4.6638745164e+09 -1.0015892456e+07 1.9292221894e+06 7.8638741105e+01 2.2745661224e-269 -1.6386308809e-261
1.5830712987e+05 1.8136609358e-13 3.5928975499e-14 1.9364721153e+05 1.0687268942e+07 7.9546489165e-18 7.8118214380e-18 -6.7671830336e+03 -5.2615265222e+03 -4.6638745132e+09 -1.0015892456e+07 1.9292221894e+06 6.2978142545e+01 6.7863113002e-255 -4.9446166877e-247
1.5837010801e+05 1.8186710948e-13 3.6431008189e-14 -2.3257034746e+05 1.0348840660e+07 7.9539463430e-18 8.1347048281e-18 -6.7666894137e+03 -5.4883805934e+03 -4.6638744965e+09 -1.0015892456e+07 1.9292221894e+06 6.3479480948e+01 1.2591144014e-234 -9.3246980491e-227
1.5843358749e+05 1.8237161911e-13 3.6958291787e-14 -6.6183331085e+05 9.9927851747e+06 7.9385621754e-18 8.4817349706e-18 -6.7558806786e+03 -5.7321998888e+03 -4.6638744807e+09 -1.0015892456e+07 1.9292221894e+06 7.5800284922e+01 2.0954432217e-214 -1.5780827060e-206
1.5850938778e+05 1.8297195203e-13 3.7617841831e-14 -1.1729386895e+06 9.5465972605e+06 7.8965756700e-18 8.9261646220e-18 -6.7263814538e+03 -6.0444509333e+03 -4.6638744505e+09 -1.0015892456e+07 1.9292221894e+06 8.2407805943e+01 1.3087507762e-190 -1.0060008658e-182
1.5859179558e+05 1.8361960817e-13 3.8374656643e-14 -1.7250787076e+06 9.0335719555e+06 7.8147408021e-18 9.4482821151e-18 -6.6688852384e+03 -6.4112845414e+03 -4.6638744159e+09 -1.0015892456e+07 1.9292221894e+06 8.6585935896e+01 2.6985270497e-165 -2.1219164989e-157
1.5867838152e+05 1.8429074203e-13 3.9218109045e-14 -2.2986371618e+06 8.4606243986e+06 7.6776420053e-18 1.0041866612e-17 -6.5725612367e+03 -6.8283300254e+03 -4.6638743615e+09 -1.0015892456e+07 1.9292221894e+06 9.0300369901e+01 1.6661967992e-139 -1.3422796117e-131
1.5876868189e+05 1.8497500712e-13 4.0154669848e-14 -2.8857983264e+06 7.8231030293e+06 7.4642995776e-18 1.0709397551e-17 -6.4226693569e+03 -7.2973294100e+03 -4.6638741769e+09 -1.0015892456e+07 1.9292221894e+06 9.5774693818e+01 9.5415747866e-114 -7.8842210256e-106
1.5886445658e+05 1.8567524531e-13 4.1216248144e-14 -3.4906326245e+06 7.0989883328e+06 7.1395436033e-18 1.1466529241e-17 -6.1944996301e+03 -7.8292812280e+03 -4.6638734023e+09 -1.0015892456e+07 1.9292221894e+06 1.0790599336e+02 4.5779902739e-88 -3.8848554709e-80
1.5897236258e+05 1.8641934987e-13 4.2501686116e-14 -4.1405817108e+06 6.2203458703e+06 6.6228561324e-18 1.2364468633e-17 -5.8314810917e+03 -8.4601628807e+03 -4.6638694999e+09 -1.0015892456e+07 1.9292221894e+06 9.7781795018e+01 9.6853431574e-62 -8.4591329846e-54
1.5905824456e+05 1.8696557220e-13 4.3594829483e-14 -4.6255492927e+06 5.4718086042e+06 6.0758983658e-18 1.3092167253e-17 -5.4471949996e+03 -8.9714353697e+03 -4.6638666694e+09 -1.0015892456e+07 1.9292221894e+06 8.5922717636e+01 2.8416088204e-43 -2.5350842327e-35
1.5914416727e+05 1.8745932400e-13 4.4750565905e-14 -5.0736996997e+06 4.6793034393e+06 5.3938060103e-18 1.3804380102e-17 -4.9679649353e+03 -9.4718277389e+03 -4.6638619924e+09 -1.0015892456e+07 1.9292221894e+06 7.8609772571e+01 1.7519006737e-27 -1.5927007975e-19
1.5922277705e+05 1.8785474195e-13 4.5860038151e-14 -5.4441447612e+06 3.9176431413e+06 4.6470288508e-18 1.4413690247e-17 -4.4432880886e+03 -9.8999218786e+03 -4.6638579108e+09 -1.0015892456e+07 1.9292221894e+06 7.3733442574e+01 8.8452960115e-16 -8.1585707247e-08
1.5928656113e+05 1.8812955215e-13 4.6793846814e-14 -5.7123825247e+06 3.2760370620e+06 3.9580177647e-18 1.4857499649e-17 -3.9591970055e+03 -1.0211737143e+04 -4.6638563311e+09 -1.0015892456e+07 1.9292221903e+06 6.4656116064e+01 1.9073049884e-08 -1.7756113627e+00
1.5932332298e+05 1.8826725559e-13 4.7344301689e-14 -5.8524493153e+06 2.8976376828e+06 3.5301220218e-18 1.5085854183e-17 -3.6585624239e+03 -1.0372176165e+04 -4.6638747696e+09 -1.0015891889e+07 1.9292237783e+06 5.4171192858e+01 3.6373820644e-05 -3.4004900826e+03
1.5934145893e+05 1.8832930288e-13 4.7618850899e-14 -5.9174133162e+06 2.7088589310e+06 3.3115626623e-18 1.5189956445e-17 -3.5050036725e+03 -1.0445312732e+04 -4.6643155015e+09 -1.0015878997e+07 1.9292616657e+06 2.9653261418e+01 8.2067598059e-04 -7.6856641814e+04
1.5935810990e+05 1.8838274493e-13 4.7872536898e-14 -5.9745814606e+06 2.5344017458e+06 3.1069163975e-18 1.5280181583e-17 -3.3612022268e+03 -1.0508644150e+04 -4.6701999266e+09 -1.0015714202e+07 1.9297691423e+06 1.9235733366e+01 9.9916236014e-03 -9.3702789870e+05
1.5937179103e+05 1.8842408529e-13 4.8082070945e-14 -6.0197468736e+06 2.3902934593e+06 2.9361113098e-18 1.5350309319e-17 -3.2410809443e+03 -1.0557543962e+04 -4.7066770352e+09 -1.0014731284e+07 1.9329235748e+06 1.4328449050e+01 5.9933557604e-02 -5.6261198527e+06
1.5938353153e+05 1.8845768735e-13 4.8262629770e-14 -6.0571859790e+06 2.2661114101e+06 2.7877510670e-18 1.5407510053e-17 -3.1364110235e+03 -1.0596288068e+04 -4.8483111819e+09 -1.0011044327e+07 1.9452014587e+06 1.1919918181e+01 2.3051007220e-01 -2.1652067694e+07
1.5939415217e+05 1.8848657639e-13 4.8426531301e-14 -6.0899863053e+06 2.1534052609e+06 2.6522157646e-18 1.5456821064e-17 -3.0399526864e+03 -1.0626684674e+04 -5.2639281238e+09 -1.0000565288e+07 1.9813156674e+06 1.0672300802e+01 6.6914042249e-01 -6.2865802085e+07
1.5940482447e+05 1.8851414958e-13 4.8591745002e-14 -6.1219006430e+06 2.0398675277e+06 2.5148369347e-18 1.5503992727e-17 -2.9402250573e+03 -1.0648387624e+04 -6.3798322153e+09 -9.9733068128e+06 2.0785497660e+06 1.0022982041e+01 1.6839692408e+00 -1.5812184411e+08
1.5941484745e+05 1.8853870490e-13 4.8747353984e-14 -6.1508840472e+06 1.9330963795e+06 2.3848117840e-18 1.5546083690e-17 -2.8423001116e+03 -1.0653704072e+04 -8.7374227359e+09 -9.9174549741e+06 2.2847271832e+06 9.5825379686e+00 3.4936170656e+00 -3.2743525576e+08
1.5942442999e+05 1.8856095844e-13 4.8896509592e-14 -6.1776491838e+06 1.8310685802e+06 2.2596598002e-18 1.5584294133e-17 -2.7428074848e+03 -1.0636403792e+04 -1.3006518992e+10 -9.8191752938e+06 2.6599723257e+06 8.7392970847e+00 6.1894592347e+00 -5.7789140560e+08
1.5943204244e+05 1.8857777981e-13 4.9015255220e-14 -6.1982109068e+06 1.7502199020e+06 2.1596971703e-18 1.5613220254e-17 -2.6584709522e+03 -1.0601222489e+04 -1.8340202214e+10 -9.6992915927e+06 3.1317601991e+06 7.6931496682e+00 8.9256363636e+00 -8.2919628483e+08
1.5943892182e+05 1.8859232534e-13 4.9122751175e-14 -6.2162243975e+06 1.6774546298e+06 2.0689800902e-18 1.5638266895e-17 -2.5777685766e+03 -1.0550247513e+04 -2.4882071870e+10 -9.5550838024e+06 3.7146260361e+06 6.9238235265e+00 1.1622214824e+01 -1.0729058376e+09
1.5944584564e+05 1.8860633353e-13 4.9231112015e-14 -6.2337790598e+06 1.6046389607e+06 1.9773386854e-18 1.5662424718e-17 -2.4923740403e+03 -1.0480037812e+04 -3.3127133428e+10 -9.3765127135e+06 4.4556790156e+06 6.3679373303e+00 1.4236893417e+01 -1.3035985227e+09
1.5945221358e+05 1.8861865599e-13 4.9330917608e-14 -6.2493917015e+06 1.5381498624e+06 1.8927778323e-18 1.5683713170e-17 -2.4107103247e+03 -1.0400201088e+04 -4.2002998942e+10 -9.1873685453e+06 5.2614258014e+06 5.9933278314e+00 1.6261820653e+01 -1.4756869615e+09
1.5945820691e+05 1.8862976097e-13 4.9424973245e-14 -6.2636044594e+06 1.4760707659e+06 1.8129678239e-18 1.5702937688e-17 -2.3319108170e+03 -1.0314426143e+04 -5.1201627670e+10 -8.9941981003e+06 6.1053216606e+06 5.7581065491e+00 1.7625339482e+01 -1.5842592369e+09
1.5946396501e+05 1.8863997901e-13 4.9515443830e-14 -6.2768114589e+06 1.4169328259e+06 1.7361017346e-18 1.5720669624e-17 -2.2552822085e+03 -1.0225571772e+04 -6.0486828974e+10 -8.8018992128e+06 6.9664789332e+06 5.6161257701e+00 1.8326483667e+01 -1.6311715828e+09
1.5946958114e+05 1.8864951827e-13 4.9603780026e-14 -6.2892672101e+06 1.3597552550e+06 1.6609671608e-18 1.5737271283e-17 -2.1804809283e+03 -1.0136185017e+04 -6.9646554826e+10 -8.6147920062e+06 7.8254114601e+06 5.5402897667e+00 1.8404964233e+01 -1.6220026449e+09
1.5947512143e+05 1.8865851485e-13 4.9691012895e-14 -6.3011446460e+06 1.3038415873e+06 1.5867014932e-18 1.5752982186e-17 -2.1073378566e+03 -1.0048533399e+04 -7.8494775881e+10 -8.4365904639e+06 8.6642757205e+06 5.5149961764e+00 1.7930480496e+01 -1.5648034198e+09
1.5948063643e+05 1.8866706134e-13 4.9777932154e-14 -6.3125685167e+06 1.2486575554e+06 1.5126432763e-18 1.5767968012e-17 -2.0357432948e+03 -9.9645747575e+03 -8.6875981184e+10 -8.2703123594e+06 9.4674195295e+06 5.5316382434e+00 1.6992736740e+01 -1.4689946522e+09
1.5948616806e+05 1.8867522301e-13 4.9865194922e-14 -6.3236346092e+06 1.1937576681e+06 1.4382412836e-18 1.5782348469e-17 -1.9655764751e+03 -9.8859244020e+03 -9.4667998718e+10 -8.1182230921e+06 1.0221827642e+07 5.5861311610e+00 1.5691932395e+01 -1.3444092896e+09
1.5949175420e+05 1.8868304709e-13 4.9953396223e-14 -6.3344211485e+06 1.1387386688e+06 1.3629954452e-18 1.5796213546e-17 -1.8966638876e+03 -9.8138397954e+03 -1.0178223413e+11 -7.9818342458e+06 1.0917349035e+07 5.6774464789e+00 1.4130569434e+01 -1.2005504886e+09
1.5949743164e+05 1.8869056809e-13 5.0043116793e-14 -6.3449955607e+06 1.0832088263e+06 1.2864167394e-18 1.5809632822e-17 -1.8287569135e+03 -9.7492273362e+03 -1.0816155265e+11 -7.8619529973e+06 1.1546694858e+07 5.8067259534e+00 1.2407219577e+01 -1.0460990671e+09
1.5950323837e+05 1.8869781033e-13 5.0134957163e-14 -6.3554183768e+06 1.0267666439e+06 1.2079986147e-18 1.5822660393e-17 -1.7615214593e+03 -9.6926661107e+03 -1.1377667557e+11 -7.7587646768e+06 1.2105265929e+07 5.9767789910e+00 1.0612395643e+01 -8.8865209883e+08
1.5950921515e+05 1.8870478884e-13 5.0229563958e-14 -6.3657453425e+06 9.6898478892e+05 1.1271949873e-18 1.5835336882e-17 -1.6945336850e+03 -9.6444395805e+03 -1.1862211103e+11 -7.6719278584e+06 1.2590895427e+07 6.1918347006e+00 8.8262091202e+00 -7.3463604389e+08
1.5951540698e+05 1.8871150886e-13 5.0327652398e-14 -6.3760283423e+06 9.0939652533e+05 1.0434015196e-18 1.5847689352e-17 -1.6272776647e+03 -9.6045668902e+03 -1.2271241844e+11 -7.6006662753e+06 1.3003582241e+07 6.4574303019e+00 7.1172401511e+00 -5.8932368942e+08
1.5952186441e+05 1.8871796420e-13 5.0430027083e-14 -6.3863153772e+06 8.4748323208e+05 9.5593845092e-19 1.5859729380e-17 -1.5591428336e+03 -9.5728284872e+03 -1.2607924172e+11 -7.5438496563e+06 1.3345261714e+07 6.7803141815e+00 5.5420041909e+00 -4.5688961009e+08
1.5952864473e+05 1.8872413423e-13 5.0537601296e-14 -6.3966495462e+06 7.8266285472e+05 8.6403489997e-19 1.5871449177e-17 -1.4894210789e+03 -9.5487841565e+03 -1.2876919839e+11 -7.5000627485e+06 1.3619629157e+07 7.1682498197e+00 4.1444984907e+00 -3.4045435613e+08
1.5953581298e+05 1.8872997943e-13 5.0651413174e-14 -6.4070667633e+06 7.1428028703e+05 7.6681613182e-19 1.5882815352e-17 -1.4173050647e+03 -9.5317846919e+03 -1.3084242810e+11 -7.4676671111e+06 1.3832003403e+07 7.6296815047e+00 2.9554875993e+00 -2.4208673651e+08
1.5954344266e+05 1.8873543510e-13 5.0772636504e-14 -6.4175919096e+06 6.4160109944e+05 6.6329586667e-19 1.5893759925e-17 -1.3418902233e+03 -9.5209815185e+03 -1.3237135296e+11 -7.4448639821e+06 1.3989191364e+07 8.1735106660e+00 1.9914315544e+00 -1.6275607217e+08
1.5955161617e+05 1.8874040325e-13 5.0902587784e-14 -6.4282334881e+06 5.6380770736e+05 5.5237239639e-19 1.5904168630e-17 -1.2621807902e+03 -9.5153421354e+03 -1.3343894349e+11 -7.4297687655e+06 1.4099286905e+07 8.8099415729e+00 1.2533154550e+00 -1.0225657802e+08
1.5956042611e+05 1.8874474296e-13 5.1042746460e-14 -6.4389779122e+06 4.7998796390e+05 4.3281434473e-19 1.5913867372e-17 -1.1770910901e+03 -9.5136825729e+03 -1.3413556684e+11 -7.4205069995e+06 1.4171314073e+07 9.5544278696e+00 7.2613156353e-01 -5.9167311365e+07
1.5956998054e+05 1.8874825898e-13 5.1194837583e-14 -6.4497859947e+06 3.8908674571e+05 3.0319452100e-19 1.5922607740e-17 -1.0854131332e+03 -9.5147269587e+03 -1.3455359483e+11 -7.4153339527e+06 1.4214634276e+07 1.0437235024e+01 3.8023009392e-01 -3.0950621959e+07
1.5958041777e+05 1.8875068496e-13 5.1361066322e-14 -6.4605940164e+06 2.8976693731e+05 1.6169684730e-19 1.5930048392e-17 -9.8569590962e+02 -9.5171906946e+03 -1.3477983815e+11 -7.4127616597e+06 1.4238128090e+07 1.1519853385e+01 1.7564064872e-01 -1.4284650221e+07
1.5959193763e+05 1.8875164897e-13 5.1544613351e-14 -6.4713167867e+06 1.8011431544e+05 5.7066138752e-21 1.5935716960e-17 -8.7596888060e+02 -9.5198545720e+03 -1.3488757653e+11 -7.4116555870e+06 1.4249337825e+07 1.2005076072e+01 6.9161189139e-02 -5.6200798153e+06
1.5960394270e+05 1.8875074307e-13 5.1735944222e-14 -6.4811479327e+06 6.5816335966e+04 -1.5657086212e-19 1.5938798986e-17 -7.6190990803e+02 -9.5215061612e+03 -1.3492947210e+11 -7.4112754069e+06 1.4253705172e+07 1.1213247108e+01 2.3964294260e-02 -1.9456970619e+06
1.5961515595e+05 1.8874813912e-13 5.1914673871e-14 -6.4890953377e+06 -4.0952355709e+04 -3.0781202462e-19 1.5939089655e-17 -6.5563716592e+02 -9.5215448812e+03 -1.3494294306e+11 -7.4111693213e+06 1.4255111929e+07 1.1926085025e+01 8.2091971801e-03 -6.6596927649e+05
1.5962708203e+05 1.8874351101e-13 5.2104753194e-14 -6.4962420413e+06 -1.5449854355e+05 -4.6823910013e-19 1.5936675915e-17 -5.4291935255e+02 -9.5197922836e+03 -1.3494755325e+11 -7.4111384026e+06 1.4255594155e+07 1.8452942547e+01 2.4111730385e-03 -1.9542490055e+05
1.5964553498e+05 1.8873258794e-13 5.2398756956e-14 -6.5046567010e+06 -3.3011393534e+05 -7.1541450524e-19 1.5927466205e-17 -3.6925585063e+02 -9.5133025665e+03 -1.3494910112e+11 -7.4111301557e+06 1.4255756358e+07 2.4501785530e+01 3.0474187378e-04 -2.4660919883e+04
1.5967003676e+05 1.8871106155e-13 5.2788757890e-14 -6.5108955594e+06 -5.6303084483e+05 -1.0412125209e-18 1.5905119390e-17 -1.4035392108e+02 -9.4975995721e+03 -1.3494929417e+11 -7.4111295040e+06 1.4255776637e+07 2.8609324269e+01 1.4189043464e-05 -1.1456008218e+03
1.5969864609e+05 1.8867588021e-13 5.3243251503e-14 -6.5111219657e+06 -8.3437057425e+05 -1.4173836234e-18 1.5864769670e-17 1.2393947087e+02 -9.4692502309e+03 -1.3494930245e+11 -7.4111294967e+06 1.4255777508e+07 3.1869615557e+01 2.5067142644e-07 -2.0177927073e+01
1.5973051570e+05 1.8862411511e-13 5.3747908884e-14 -6.5025394543e+06 -1.1354867778e+06 -1.8299349415e-18 1.5802349060e-17 4.1379317335e+02 -9.4253942430e+03 -1.3494930260e+11 -7.4111294970e+06 1.4255777522e+07 4.1300370934e+01 1.5906392174e-09 -1.2755816383e-01
1.5977181607e+05 1.8853769667e-13 5.4398441269e-14 -6.4778325743e+06 -1.5232762492e+06 -2.3524954587e-18 1.5695377189e-17 7.8093804499e+02 -9.3502370650e+03 -1.3494930267e+11 -7.4111294970e+06 1.4255777522e+07 4.7803032028e+01 9.5827902565e-13 -7.6426333666e-05
1.5981961911e+05 1.8841116697e-13 5.5145089527e-14 -6.4306136372e+06 -1.9676896614e+06 -2.9375076893e-18 1.5537275240e-17 1.1919607557e+03 -9.2391564956e+03 -1.3494930281e+11 -7.4111294970e+06 1.4255777522e+07 5.3441475552e+01 5.6396949625e-17 -4.4657183352e-09
1.5987306058e+05 1.8823733096e-13 5.5969821217e-14 -6.3550739955e+06 -2.4575070578e+06 -3.5628209438e-18 1.5321016319e-17 1.6312984917e+03 -9.0872155218e+03 -1.3494930304e+11 -7.4111294970e+06 1.4255777522e+07 5.8881640475e+01 2.6164742046e-22 -2.0533055921e-14
1.5993194222e+05 1.8800819748e-13 5.6863886490e-14 -6.2454262732e+06 -2.9869134394e+06 -4.2129733601e-18 1.5040335316e-17 2.0880879306e+03 -8.8900123510e+03 -1.3494930340e+11 -7.4111294970e+06 1.4255777522e+07 6.4459525469e+01 7.1335134996e-29 -5.5371428754e-21
1.5999640175e+05 1.8771501683e-13 5.7822308345e-14 -6.0956431036e+06 -3.5521810468e+06 -4.8746748644e-18 1.4690050022e-17 2.5529916227e+03 -8.6439060249e+03 -1.3494930390e+11 -7.4111294970e+06 1.4255777522e+07 7.0353796314e+01 8.1296500164e-37 -6.2281926894e-29
1.6006675554e+05 1.8734845940e-13 5.8841134055e-14 -5.8994454694e+06 -4.1500021142e+06 -5.5348317993e-18 1.4266596124e-17 3.0168101186e+03 -8.3463922978e+03 -1.3494930455e+11 -7.4111294970e+06 1.4255777522e+07 7.6617394003e+01 2.6926625947e-46 -2.0312487536e-38
1.6014337294e+05 1.8689920616e-13 5.9915342078e-14 -5.6506079492e+06 -4.7762291483e+06 -6.1795296722e-18 1.3768935070e-17 3.4697672595e+03 -7.9967414963e+03 -1.3494930537e+11 -7.4111294970e+06 1.4255777522e+07 8.3171548852e+01 1.8314146123e-57 -1.3569870575e-49
1.6022654449e+05 1.8635909596e-13 6.1037016754e-14 -5.3436499510e+06 -5.4248133918e+06 -6.7937874870e-18 1.3199744456e-17 3.9013375736e+03 -7.5968348667e+03 -1.3494930634e+11 -7.4111294970e+06 1.4255777522e+07 8.9824503663e+01 1.9527894729e-70 -1.4175370199e-62
1.6031636899e+05 1.8572260068e-13 6.2194321886e-14 -4.9747736225e+06 -6.0872731690e+06 -7.3623540210e-18 1.2566347957e-17 4.3008057314e+03 -7.1518179381e+03 -1.3494930740e+11 -7.4111294970e+06 1.4255777522e+07 9.6366692625e+01 2.8867086666e-85 -2.0477087832e-77
1.6041273568e+05 1.8498778121e-13 6.3372247820e-14 -4.5425199910e+06 -6.7532486454e+06 -7.8716097946e-18 1.1880429018e-17 4.6586028466e+03 -6.6698993613e+03 -1.3494930852e+11 -7.4111294970e+06 1.4255777522e+07 1.0012083310e+02 6.2751189392e-102 -4.3394783980e-94
1.6051285652e+05 1.8417734377e-13 6.4526268962e-14 -4.0604112929e+06 -7.3961326376e+06 -8.3018091202e-18 1.1174165048e-17 4.9608558316e+03 -6.1736866049e+03 -1.3494930951e+11 -7.4111294970e+06 1.4255777522e+07 1.0357602904e+02 7.2623559960e-120 -4.8889438894e-112
1.6061643254e+05 1.8329847773e-13 6.5646523294e-14 -3.5332380419e+06 -8.0094975843e+06 -8.6540211263e-18 1.0461050793e-17 5.2083158434e+03 -5.6726609190e+03 -1.3494931037e+11 -7.4111294970e+06 1.4255777522e+07 1.0682580145e+02 6.7498299351e-139 -4.4183461755e-131
1.6072325835e+05 1.8235843382e-13 6.6725896097e-14 -2.9659154107e+06 -8.5886892927e+06 -8.9322881960e-18 9.7519988069e-18 5.4038230129e+03 -5.1744893356e+03 -1.3494931112e+11 -7.4111294970e+06 1.4255777522e+07 1.0982929147e+02 7.4615863866e-159 -4.7451890777e-151
1.6083308764e+05 1.8136523318e-13 6.7758411686e-14 -2.3638642238e+06 -9.1299223695e+06 -9.1421871980e-18 9.0560587259e-18 5.5512955823e+03 -4.6855300222e+03 -1.3494931177e+11 -7.4111294970e+06 1.4255777522e+07 1.1261545173e+02 1.4826635143e-179 -9.1550241376e-172
1.6094570309e+05 1.8032676118e-13 6.8739832455e-14 -1.7324351518e+06 -9.6305840171e+06 -9.2902982681e-18 8.3799843055e-18 5.6553566776e+03 -4.2105280883e+03 -1.3494931233e+11 -7.4111294970e+06 1.4255777522e+07 1.1522992879e+02 7.8280417421e-201 -4.6913837062e-193
1.6106093302e+05 1.7925035466e-13 6.9667526127e-14 -1.0766332950e+06 -1.0089112768e+07 -9.3835503459e-18 7.7283864346e-18 5.7208744904e+03 -3.7527230900e+03 -1.3494931281e+11 -7.4111294970e+06 1.4255777522e+07 1.1317761218e+02 1.5620313714e-222 -9.0841478380e-215
1.6115928202e+05 1.7832521884e-13 7.0401582195e-14 -5.1239400066e+05 -1.0439905872e+07 -9.4243648265e-18 7.2039952540e-18 5.7495502644e+03 -3.3842920158e+03 -1.3494931298e+11 -7.4111294970e+06 1.4255777522e+07 1.0151330253e+02 6.4129631777e-241 -3.6367226400e-233
1.6123101258e+05 1.7764873294e-13 7.0905165744e-14 -9.9644672054e+04 -1.0673414815e+07 -9.4350080692e-18 6.8394574081e-18 5.7570280815e+03 -3.1281720140e+03 -1.3494931301e+11 -7.4111294970e+06 1.4255777522e+07 7.5810518601e+01 3.2123527703e-254 -1.7890261820e-246
1.6130682310e+05 1.7693351817e-13 7.1409565433e-14 3.3675780160e+05 -1.0900654469e+07 -9.4310281222e-18 6.4700690824e-18 5.7542318175e+03 -2.8686441221e+03 -1.3494931304e+11 -7.4111294970e+06 1.4255777522e+07 1.0032972835e+02 3.7313270079e-268 -2.0392433962e-260
1.6140715283e+05 1.7598843302e-13 7.2035166247e-14 9.1328626306e+05 -1.1171926207e+07 -9.4048687251e-18 6.0052986687e-18 5.7358525329e+03 -2.5421018973e+03 -1.3494931316e+11 -7.4111294970e+06 1.4255777522e+07 1.2497289323e+02 2.2394197036e-286 -1.1942481546e-278
1.6153212572e+05 1.7481657389e-13 7.2751352200e-14 1.6276571329e+06 -1.1465511707e+07 -9.3442260570e-18 5.4626576731e-18 5.6932457077e+03 -2.1608487178e+03 -1.3494931344e+11 -7.4111294970e+06 1.4255777522e+07 1.2566755853e+02 1.1160380526e-308 -5.7767203123e-301
1.6165779328e+05 1.7364751292e-13 7.3405538962e-14 2.3394563753e+06 -1.1714372247e+07 -9.2575359661e-18 4.9547963732e-18 5.6323382697e+03 -1.8040313433e+03 -1.3494931366e+11 -7.4111294970e+06 1.4255777522e+07 1.2696091306e+02 0.0000000000e+00 -0.0000000000e+00
1.6178475419e+05 1.7247886703e-13 7.4003923425e-14 3.0498363172e+06 -1.1921857598e+07 -9.1488330185e-18 4.4771769425e-18 5.5559648576e+03 -1.4684615504e+03 -1.3494931385e+11 -7.4111294970e+06 1.4255777522e+07 1.2757303976e+02 0.0000000000e+00 -0.0000000000e+00
1.6191232723e+05 1.7131962472e-13 7.4546244740e-14 3.7530757023e+06 -1.2088927012e+07 -9.0223717904e-18 4.0302255002e-18 5.4671146865e+03 -1.1544387253e+03 -1.3494931400e+11 -7.4111294970e+06 1.4255777522e+07 1.2726325311e+02 0.0000000000e+00 -0.0000000000e+00
1.6203959048e+05 1.7018018657e-13 7.5032387559e-14 4.4426710180e+06 -1.2217045634e+07 -8.8823521816e-18 3.6145353794e-18 5.3687385566e+03 -8.6237973685e+02 -1.3494931412e+11 -7.4111294970e+06 1.4255777522e+07 1.2558664615e+02 0.0000000000e+00 -0.0000000000e+00
1.6216517713e+05 1.6907394356e-13 7.5461996760e-14 5.1104056466e+06 -1.2308256324e+07 -8.7332328630e-18 3.2313909995e-18 5.2639690778e+03 -5.9318700311e+02 -1.3494931421e+11 -7.4111294970e+06 1.4255777522e+07 1.2178232543e+02 0.0000000000e+00 -0.0000000000e+00
1.6228695946e+05 1.6801963100e-13 7.5834108967e-14 5.7449715314e+06 -1.2365450719e+07 -8.5802372175e-18 2.8834168219e-18 5.1564761371e+03 -3.4870443979e+02 -1.3494931428e+11 -7.4111294970e+06 1.4255777522e+07 1.1427511363e+02 0.0000000000e+00 -0.0000000000e+00
1.6238513037e+05 1.6718356486e-13 7.6104064362e-14 6.2467867841e+06 -1.2390470829e+07 -8.4519668660e-18 2.6185191946e-18 5.0663548973e+03 -1.6259048327e+02 -1.3494931429e+11 -7.4111294970e+06 1.4255777522e+07 1.0206341285e+02 0.0000000000e+00 -0.0000000000e+00
1.6245586563e+05 1.6658905271e-13 7.6282782811e-14 6.6028101219e+06 -1.2397402642e+07 -8.3572335878e-18 2.4357408001e-18 4.9997964105e+03 -3.4172533606e+01 -1.3494931430e+11 -7.4111294970e+06 1.4255777522e+07 7.7356350589e+01 0.0000000000e+00 -0.0000000000e+00
1.6253322198e+05 1.6594663688e-13 7.6463707272e-14 6.9867171078e+06 -1.2394779813e+07 -8.2517115563e-18 2.2431954979e-18 4.9256578726e+03 1.0110753042e+02 -1.3494931430e+11 -7.4111294970e+06 1.4255777522e+07 9.7986646537e+01 0.0000000000e+00 -0.0000000000e+00
1.6263120863e+05 1.6514472926e-13 7.6671979742e-14 7.4646936458e+06 -1.2376771267e+07 -8.1155483990e-18 2.0097325931e-18 4.8299912402e+03 2.6513582076e+02 -1.3494931431e+11 -7.4111294970e+06 1.4255777522e+07 1.2181324840e+02 0.0000000000e+00 -0.0000000000e+00
1.6275302188e+05 1.6416662380e-13 7.6899877640e-14 8.0456903587e+06 -1.2332590524e+07 -7.9430001102e-18 1.7347480923e-18 4.7087608425e+03 4.5833669590e+02 -1.3494931434e+11 -7.4111294970e+06 1.4255777522e+07 1.4034267948e+02 0.0000000000e+00 -0.0000000000e+00
1.6289336456e+05 1.6306604641e-13 7.7122234477e-14 8.6965786400e+06 -1.2253440055e+07 -7.7405672426e-18 1.4373487130e-18 4.5665338913e+03 6.6728600096e+02 -1.3494931439e+11 -7.4111294970e+06 1.4255777522e+07 1.5726910305e+02 0.0000000000e+00 -0.0000000000e+00
1.6305063366e+05 1.6186677161e-13 7.7323559627e-14 9.4020524578e+06 -1.2131124814e+07 -7.5101272898e-18 1.1267284635e-18 4.4046294915e+03 8.8552413390e+02 -1.3494931446e+11 -7.4111294970e+06 1.4255777522e+07 1.7382220374e+02 0.0000000000e+00 -0.0000000000e+00
1.6322445586e+05 1.6058372428e-13 7.7491407230e-14 1.0151951259e+07 -1.1957526604e+07 -7.2521373911e-18 8.0875207945e-19 4.2233688239e+03 1.1089306004e+03 -1.3494931455e+11 -7.4111294970e+06 1.4255777522e+07 1.9065452481e+02 0.0000000000e+00 -0.0000000000e+00
1.6341511039e+05 1.5922827827e-13 7.7614552484e-14 1.0938040458e+07 -1.1724290718e+07 -6.9663220677e-18 4.8764563469e-19 4.0225583401e+03 1.3345362108e+03 -1.3494931467e+11 -7.4111294970e+06 1.4255777522e+07 2.0819605046e+02 0.0000000000e+00 -0.0000000000e+00
1.6362330644e+05 1.5781061444e-13 7.7682161205e-14 1.1752548747e+07 -1.1422615742e+07 -6.6519012798e-18 1.6672998029e-19 3.8016499936e+03 1.5600077741e+03 -1.3494931480e+11 -7.4111294970e+06 1.4255777522e+07 2.2678623948e+02 0.0000000000e+00 -0.0000000000e+00
1.6385009268e+05 1.5634106402e-13 7.7683332811e-14 1.2587303209e+07 -1.1043084290e+07 -6.3076451328e-18 -1.5119344789e-19 3.5597796748e+03 1.7833770345e+03 -1.3494931496e+11 -7.4111294970e+06 1.4255777522e+07 2.4673464193e+02 0.0000000000e+00 -0.0000000000e+00
1.6409682732e+05 1.5483109058e-13 7.7606809411e-14 1.3433065448e+07 -1.0575508772e+07 -5.9318425554e-18 -4.6359847711e-19 3.2957452052e+03 2.0028691327e+03 -1.3494931513e+11 -7.4111294970e+06 1.4255777522e+07 2.6835743112e+02 0.0000000000e+00 -0.0000000000e+00
1.6436518475e+05 1.5329418429e-13 7.7440770711e-14 1.4278897529e+07 -1.0008776189e+07 -5.5222074586e-18 -7.6804750014e-19 3.0079404054e+03 2.2167714345e+03 -1.3494931533e+11 -7.4111294970e+06 1.4255777522e+07 2.9200869895e+02 0.0000000000e+00 -0.0000000000e+00
1.6465719345e+05 1.5174682309e-13 7.7172678463e-14 1.5111453620e+07 -9.3306752534e+06 -5.0757177598e-18 -1.0620175997e-18 2.6942419958e+03 2.4233113680e+03 -1.3494931556e+11 -7.4111294970e+06 1.4255777522e+07 3.1812048920e+02 0.0000000000e+00 -0.0000000000e+00
1.6497531394e+05 1.5020962283e-13 7.6789146031e-14 1.5914103954e+07 -8.5276740060e+06 -4.5883574132e-18 -1.3427064900e-18 2.3518283500e+03 2.6205200800e+03 -1.3494931580e+11 -7.4111294970e+06 1.4255777522e+07 3.4727510515e+02 0.0000000000e+00 -0.0000000000e+00
1.6532258904e+05 1.4870880462e-13 7.6275787571e-14 1.6665772845e+07 -7.5845618462e+06 -4.0546858529e-18 -1.6067828243e-18 1.9768769902e+03 2.8060570058e+03 -1.3494931606e+11 -7.4111294970e+06 1.4255777522e+07 3.8037384850e+02 0.0000000000e+00 -0.0000000000e+00
1.6570296289e+05 1.4727814451e-13 7.5616888205e-14 1.7339290769e+07 -6.4836827901e+06 -3.4670385673e-18 -1.8500289599e-18 1.5640029208e+03 2.9769588789e+03 -1.3494931634e+11 -7.4111294970e+06 1.4255777522e+07 4.0005283574e+02 0.0000000000e+00 -0.0000000000e+00
1.6610301573e+05 1.4601562085e-13 7.4833592316e-14 1.7877519935e+07 -5.2623995819e+06 -2.8436532111e-18 -2.0580334003e-18 1.1260197035e+03 3.1231003516e+03 -1.3494931656e+11 -7.4111294970e+06 1.4255777522e+07 4.0064390352e+02 0.0000000000e+00 -0.0000000000e+00
1.6650365963e+05 1.4500265528e-13 7.3975098566e-14 1.8239897176e+07 -3.9872919311e+06 -2.2115085672e-18 -2.2199482700e-18 6.8188231367e+02 3.2368598342e+03 -1.3494931667e+11 -7.4111294970e+06 1.4255777522e+07 3.8251127533e+02 0.0000000000e+00 -0.0000000000e+00
1.6682147832e+05 1.4438046191e-13 7.3253505547e-14 1.8399937565e+07 -2.9472794509e+06 -1.7026558942e-18 -2.3162409413e-18 3.2436841211e+02 3.3045139322e+03 -1.3494931667e+11 -7.4111294970e+06 1.4255777522e+07 3.3308094894e+02 0.0000000000e+00 -0.0000000000e+00
1.6705131167e+05 1.4403191000e-13 7.2714902455e-14 1.8444434898e+07 -2.1833981925e+06 -1.3296636498e-18 -2.3681682734e-18 6.2308449340e+01 3.3409974649e+03 -1.3494931666e+11 -7.4111294970e+06 1.4255777522e+07 2.3200794518e+02 0.0000000000e+00 -0.0000000000e+00
1.6728331961e+05 1.4376756970e-13 7.2160863256e-14 1.8427870110e+07 -1.4050245753e+06 -9.4816526884e-19 -2.4052758754e-18 -2.0572782488e+02 3.3670688294e+03 -1.3494931665e+11 -7.4111294970e+06 1.4255777522e+07 2.8385201843e+02 0.0000000000e+00 -0.0000000000e+00
1.6756717163e+05 1.4356556498e-13 7.1474163578e-14 1.8322306364e+07 -4.4649496344e+05 -4.7361876607e-19 -2.4291327497e-18 -5.3913861483e+02 3.3838303886e+03 -1.3494931661e+11 -7.4111294970e+06 1.4255777522e+07 2.7897213115e+02 0.0000000000e+00 -0.0000000000e+00
1.6784614376e+05 1.4349959332e-13 7.0796032111e-14 1.8125422146e+07 4.9783041984e+05 2.3515923499e-21 -2.4283962164e-18 -8.7354978900e+02 3.3833129090e+03 -1.3494931656e+11 -7.4111294970e+06 1.4255777522e+07 3.0344859617e+02 0.0000000000e+00 -0.0000000000e+00
1.6814959236e+05 1.4358039055e-13 7.0062879832e-14 1.7804078861e+07 1.5218634885e+06 5.3247147135e-19 -2.3984843076e-18 -1.2460057793e+03 3.3622971538e+03 -1.3494931643e+11 -7.4111294970e+06 1.4255777522e+07 3.4879132510e+02 0.0000000000e+00 -0.0000000000e+00
1.6849838368e+05 1.4387496430e-13 6.9238126177e-14 1.7293004498e+07 2.6863011783e+06 1.1601356429e-18 -2.3229984478e-18 -1.6869952420e+03 3.3092616768e+03 -1.3494931606e+11 -7.4111294970e+06 1.4255777522e+07 3.4864276649e+02 0.0000000000e+00 -0.0000000000e+00
1.6884702645e+05 1.4439203111e-13 6.8448488819e-14 1.6625738650e+07 3.8258174155e+06 1.8100508644e-18 -2.1979106514e-18 -2.1436180305e+03 3.2213764626e+03 -1.3494931550e+11 -7.4111294970e+06 1.4255777522e+07 3.3898949558e+02 0.0000000000e+00 -0.0000000000e+00
1.6918601595e+05 1.4511617225e-13 6.7731735355e-14 1.5821401483e+07 4.8979362993e+06 2.4666025369e-18 -2.0210035123e-18 -2.6049035114e+03 3.0970835880e+03 -1.3494931473e+11 -7.4111294970e+06 1.4255777522e+07 3.1370660565e+02 0.0000000000e+00 -0.0000000000e+00
1.6946809070e+05 1.4589144093e-13 6.7188174186e-14 1.5030766533e+07 5.7529177434e+06 3.0335845957e-18 -1.8249714521e-18 -3.0032584356e+03 2.9593537687e+03 -1.3494931426e+11 -7.4111294970e+06 1.4255777522e+07 2.8318478736e+02 0.0000000000e+00 -0.0000000000e+00
1.6975127549e+05 1.4683351224e-13 6.6705360044e-14 1.4121970180e+07 6.5670807292e+06 3.6233732449e-18 -1.5753275394e-18 -3.4176370018e+03 2.7839568927e+03 -1.3494931356e+11 -7.4111294970e+06 1.4255777522e+07 2.5710514059e+02 0.0000000000e+00 -0.0000000000e+00
1.7000838063e+05 1.4783597316e-13 6.6335247179e-14 1.3193483576e+07 7.2583216367e+06 4.1777459914e-18 -1.2943409552e-18 -3.8071327715e+03 2.5865390243e+03 -1.3494931293e+11 -7.4111294970e+06 1.4255777522e+07 2.3264646936e+02 0.0000000000e+00 -0.0000000000e+00
1.7024102710e+05 1.4886781741e-13 6.6068796082e-14 1.2265678053e+07 7.8357101381e+06 4.6952556623e-18 -9.8713398575e-19 -4.1707289779e+03 2.3706990218e+03 -1.3494931237e+11 -7.4111294970e+06 1.4255777522e+07 2.1101586888e+02 0.0000000000e+00 -0.0000000000e+00
1.7045204297e+05 1.4990925569e-13 6.5894386571e-14 1.1349991544e+07 8.3121535357e+06 5.1774216157e-18 -6.5705669633e-19 -4.5094931042e+03 2.1387906015e+03 -1.3494931189e+11 -7.4111294970e+06 1.4255777522e+07 1.9175558480e+02 0.0000000000e+00 -0.0000000000e+00
1.7064379855e+05 1.5094485745e-13 6.5801107768e-14 1.0455198694e+07 8.6992930611e+06 5.6252814678e-18 -3.0727962540e-19 -4.8241541674e+03 1.8930413465e+03 -1.3494931147e+11 -7.4111294970e+06 1.4255777522e+07 1.7441335649e+02 0.0000000000e+00 -0.0000000000e+00
1.7081821191e+05 1.5196201083e-13 6.5778729362e-14 9.5884881103e+06 9.0075332788e+06 6.0393500530e-18 5.8882859230e-20 -5.1150738839e+03 1.6357798926e+03 -1.3494931112e+11 -7.4111294970e+06 1.4255777522e+07 1.5859828455e+02 0.0000000000e+00 -0.0000000000e+00
1.7097681019e+05 1.5294997031e-13 6.5817491127e-14 8.7560779426e+06 9.2462928789e+06 6.4197280421e-18 4.3773980775e-19 -5.3823229841e+03 1.3695994577e+03 -1.3494931084e+11 -7.4111294970e+06 1.4255777522e+07 1.4394666657e+02 0.0000000000e+00 -0.0000000000e+00
1.7112075686e+05 1.5389900341e-13 6.5907842271e-14 7.9637917047e+06 9.4242334224e+06 6.7661669676e-18 8.2494460413e-19 -5.6257268973e+03 1.0975539231e+03 -1.3494931061e+11 -7.4111294970e+06 1.4255777522e+07 1.3007769075e+02 0.0000000000e+00 -0.0000000000e+00
1.7123727582e+05 1.5470369158e-13 6.6023897633e-14 7.2968346583e+06 9.5381141029e+06 7.0456822169e-18 1.1724946553e-18 -5.8221110231e+03 8.5336934595e+02 -1.3494931050e+11 -7.4111294970e+06 1.4255777522e+07 1.1750687171e+02 0.0000000000e+00 -0.0000000000e+00
1.7134143612e+05 1.5545049271e-13 6.6163456787e-14 6.6813238604e+06 9.6147539474e+06 7.2932831124e-18 1.5119641695e-18 -5.9960724993e+03 6.1486205909e+02 -1.3494931043e+11 -7.4111294970e+06 1.4255777522e+07 1.0540787308e+02 2.3472094418e-316 -1.2025664738e-308
1.7143203961e+05 1.5612093364e-13 6.6314743278e-14 6.1312829818e+06 9.6604175217e+06 7.5055704412e-18 1.8314938971e-18 -6.1452230790e+03 3.9036423163e+02 -1.3494931039e+11 -7.4111294970e+06 1.4255777522e+07 9.2605544085e+01 2.3630387371e-300 -1.2368068685e-292
1.7150524761e+05 1.5667658701e-13 6.6458825955e-14 5.6770575781e+06 9.6819675479e+06 7.6740184340e-18 2.1075215242e-18 -6.2635726570e+03 1.9643046824e+02 -1.3494931037e+11 -7.4111294970e+06 1.4255777522e+07 7.8091777232e+01 3.0479007705e-287 -1.6235113455e-279
1.7155532007e+05 1.5706368453e-13 6.6569292393e-14 5.3614293687e+06 9.6883341608e+06 7.7871631999e-18 2.3061064261e-18 -6.3430668384e+03 5.6907052440e+01 -1.3494931037e+11 -7.4111294970e+06 1.4255777522e+07 5.9494453317e+01 3.4543903008e-278 -1.8625463801e-270
1.7161481452e+05 1.5753091227e-13 6.6713776287e-14 4.9812875821e+06 9.6866026168e+06 7.9189037125e-18 2.5529693641e-18 -6.4356261727e+03 -1.1653594353e+02 -1.3494931036e+11 -7.4111294970e+06 1.4255777522e+07 6.7165711174e+01 2.4129442643e-267 -1.3201650034e-259
1.7168198023e+05 1.5806767060e-13 6.6895019794e-14 4.5456058696e+06 9.6719100537e+06 8.0633752775e-18 2.8466593398e-18 -6.5371301946e+03 -3.2287906532e+02 -1.3494931035e+11 -7.4111294970e+06 1.4255777522e+07 8.0332497391e+01 5.3552800587e-255 -2.9793212834e-247
1.7176231273e+05 1.5872212725e-13 6.7138531876e-14 4.0157506189e+06 9.6355510014e+06 8.2288478718e-18 3.2200940285e-18 -6.6533892926e+03 -5.8524988421e+02 -1.3494931030e+11 -7.4111294970e+06 1.4255777522e+07 8.8067681615e+01 4.2065650635e-240 -2.3881586056e-232
1.7185038041e+05 1.5945440321e-13 6.7441215248e-14 3.4244761462e+06 9.5705919632e+06 8.3987537583e-18 3.6591321354e-18 -6.7727631696e+03 -8.9371289301e+02 -1.3494931023e+11 -7.4111294970e+06 1.4255777522e+07 9.2900648398e+01 1.2239225228e-223 -7.1070161670e-216
1.7194328106e+05 1.6024235693e-13 6.7804041287e-14 2.7898692773e+06 9.4714830070e+06 8.5614289151e-18 4.1583059473e-18 -6.8870568210e+03 -1.2444265406e+03 -1.3494931010e+11 -7.4111294970e+06 1.4255777522e+07 9.5984668864e+01 3.6969584388e-206 -2.1992446556e-198
1.7203926573e+05 1.6107130606e-13 6.8229575330e-14 2.1237705754e+06 9.3334885108e+06 8.7067804498e-18 4.7156894276e-18 -6.9891790992e+03 -1.6360376164e+03 -1.3494930993e+11 -7.4111294970e+06 1.4255777522e+07 9.7919030949e+01 4.9593879055e-188 -3.0259171373e-180
1.7213718476e+05 1.6192992485e-13 6.8721050555e-14 1.4351397426e+06 9.1524087313e+06 8.8248375822e-18 5.3307553523e-18 -7.0721246515e+03 -2.0681756990e+03 -1.3494930970e+11 -7.4111294970e+06 1.4255777522e+07 9.9051065768e+01 1.5398158253e-169 -9.6439914297e-162
1.7223623583e+05 1.6280836947e-13 6.9281945546e-14 7.3159250125e+05 8.9244540336e+06 8.9050135539e-18 6.0032269442e-18 -7.1284553460e+03 -2.5406463280e+03 -1.3494930940e+11 -7.4111294970e+06 1.4255777522e+07 9.9579907600e+01 6.3381337866e-151 -4.0770215505e-143
1.7229235645e+05 1.6330888178e-13 6.9630112868e-14 3.3100700401e+05 8.7739584940e+06 8.9291930436e-18 6.4074179587e-18 -7.1454435710e+03 -2.8246261797e+03 -1.3494930938e+11 -7.4111294970e+06 1.4255777522e+07 9.7559034754e+01 1.8476995305e-140 -1.2067249254e-132
1.7238991549e+05 1.6418039549e-13 7.0291044436e-14 -3.6636975979e+05 8.4732169135e+06 8.9271482488e-18 7.1505069051e-18 -7.1440069222e+03 -3.3467117312e+03 -1.3494930897e+11 -7.4111294970e+06 1.4255777522e+07 9.9268442868e+01 1.7125410731e-122 -1.1483792689e-114
1.7248918393e+05 1.6506369802e-13 7.1040549215e-14 -1.0735196447e+06 8.1131117719e+06 8.8563514775e-18 7.9586304206e-18 -7.0942659436e+03 -3.9144898058e+03 -1.3494930838e+11 -7.4111294970e+06 1.4255777522e+07 9.8533693641e+01 1.2454926041e-104 -8.5779503656e-97
1.7258771762e+05 1.6592952541e-13 7.1866284791e-14 -1.7677510733e+06 7.6982154846e+06 8.7027182794e-18 8.8094950981e-18 -6.9863250661e+03 -4.5122973181e+03 -1.3494930760e+11 -7.4111294970e+06 1.4255777522e+07 9.7012432389e+01 1.7112706960e-87 -1.2097486928e-79
1.7268473006e+05 1.6676259744e-13 7.2763242504e-14 -2.4376425803e+06 7.2307279773e+06 8.4544041474e-18 9.6881063902e-18 -6.8118624783e+03 -5.1295992753e+03 -1.3494930659e+11 -7.4111294970e+06 1.4255777522e+07 9.4734690907e+01 2.1657532003e-71 -1.5697759906e-63
1.7277946475e+05 1.6754779798e-13 7.3722870635e-14 -3.0719141931e+06 6.7153888575e+06 8.1032432196e-18 1.0574776096e-17 -6.5651409417e+03 -5.7525629794e+03 -1.3494930534e+11 -7.4111294970e+06 1.4255777522e+07 9.1820057534e+01 1.2903742825e-56 -9.5739757295e-49
1.7280000000e+05 1.6771326790e-13 7.3942022954e-14 -3.2060760490e+06 6.5958557225e+06 8.0114790574e-18 1.0769323557e-17 -6.5006685209e+03 -5.8892497367e+03 -1.3494930534e+11 -7.4111294970e+06 1.4255777522e+07 8.6482841494e+01 1.4714928902e-53 -1.0971315358e-45
1.7280000000e+05 1.6771326790e-13 7.3942022954e-14 -3.2060760490e+06 6.5958557225e+06 8.0114790574e-18 1.0769323557e-17 -6.5006685209e+03 -5.8892497367e+03 -1.3494930534e+11 -7.4111294970e+06 1.4255777522e+07 8.6482841494e+01 1.4714928902e-53 -1.0971315358e-45
