0.0000000000e+00 0.0000000000e+00 0.0000000000e+00 3.1415900000e+08 0.0000000000e+00 0.0000000000e+00 0.0000000000e+00 -1.1989799709e+03 4.9467458325e+01 -4.6638893045e+09 -1.0191329752e+07 4.2047339576e+05 1.0000000000e+01 0.0000000000e+00 -0.0000000000e+00
1.0000000000e+01 2.8740026930e-22 1.5085156475e-28 3.1414701000e+08 4.9467458314e+02 5.7480785133e-23 4.5256333053e-29 -1.1990203562e+03 4.9467458293e+01 -4.6638893045e+09 -1.0191329752e+07 4.2047339576e+05 5.0000000000e+01 0.0000000000e+00 -0.0000000000e+00
6.0000000000e+01 1.0347726230e-20 3.2593267699e-26 3.1408705393e+08 2.9680474766e+03 3.4495054323e-22 1.6298500313e-27 -1.1992223291e+03 4.9467457180e+01 -4.6638893045e+09 -1.0191329752e+07 4.2047339576e+05 2.5000000000e+02 0.0000000000e+00 -0.0000000000e+00
3.1000000000e+02 2.7640271921e-19 4.5017501172e-24 3.1378712201e+08 1.5334908918e+04 1.7839476670e-21 4.3591137194e-26 -1.2002333515e+03 4.9467427698e+01 -4.6638893045e+09 -1.0191329752e+07 4.2047339576e+05 1.2500000000e+03 0.0000000000e+00 -0.0000000000e+00
1.5600000000e+03 7.0219164865e-18 5.7782062855e-22 3.1228365773e+08 7.7168829017e+04 9.0204595837e-21 1.1145288527e-24 -1.2053176397e+03 4.9466675270e+01 -4.6638893045e+09 -1.0191329752e+07 4.2047339576e+05 3.6000000000e+03 0.0000000000e+00 -0.0000000000e+00
5.1600000000e+03 7.7544328248e-17 2.1353973666e-20 3.0791778162e+08 2.5523708191e+05 3.0258324636e-20 1.2540758934e-23 -1.2202391138e+03 4.9458647335e+01 -4.6638893044e+09 -1.0191329752e+07 4.2047339576e+05 3.6000000000e+03 0.0000000000e+00 -0.0000000000e+00
8.7600000000e+03 2.2561947441e-16 1.0674110740e-19 3.0349741787e+08 4.3325993988e+05 5.2110965273e-20 3.7195674886e-23 -1.2355925220e+03 4.9441325081e+01 -4.6638893042e+09 -1.0191329752e+07 4.2047339576e+05 3.6000000000e+03 0.0000000000e+00 -0.0000000000e+00
1.2360000000e+04 4.5352327046e-16 3.0644360677e-19 2.9902096745e+08 6.1120248122e+05 7.4613701418e-20 7.6255576346e-23 -1.2514026797e+03 4.9413882054e+01 -4.6638893041e+09 -1.0191329752e+07 4.2047339576e+05 3.6000000000e+03 0.0000000000e+00 -0.0000000000e+00
1.5960000000e+04 7.6366408481e-16 6.7462727218e-19 2.9448673826e+08 7.8902664968e+05 9.7804851282e-20 1.3102541894e-22 -1.2676965087e+03 4.9375401407e+01 -4.6638893039e+09 -1.0191329752e+07 4.2047339576e+05 3.6000000000e+03 0.0000000000e+00 -0.0000000000e+00
1.9560000000e+04 1.1585941334e-15 1.2704130627e-18 2.8989293716e+08 9.6669090756e+05 1.2172607270e-19 2.0295624116e-22 -1.2845032775e+03 4.9324863658e+01 -4.6638893038e+09 -1.0191329752e+07 4.2047339576e+05 3.6000000000e+03 0.0000000000e+00 -0.0000000000e+00
2.3160000000e+04 1.6410221893e-15 2.1584385884e-18 2.8523766099e+08 1.1441498412e+06 1.4642275370e-19 2.9366546030e-22 -1.3018548750e+03 4.9261132427e+01 -4.6638893036e+09 -1.0191329752e+07 4.2047339576e+05 3.6000000000e+03 0.0000000000e+00 -0.0000000000e+00
2.6760000000e+04 2.2138278001e-15 3.4094986578e-18 2.8051888661e+08 1.3213537111e+06 1.7194446103e-19 4.0496060008e-22 -1.3197861263e+03 4.9182937771e+01 -4.6638893033e+09 -1.0191329752e+07 4.2047339576e+05 3.6000000000e+03 0.0000000000e+00 -0.0000000000e+00
3.0360000000e+04 2.8800772393e-15 5.1012784393e-18 2.7573445970e+08 1.4982479365e+06 1.9834545710e-19 5.3886714233e-22 -1.3383351556e+03 4.9088856610e+01 -4.6638893030e+09 -1.0191329752e+07 4.2047339576e+05 3.6000000000e+03 0.0000000000e+00 -0.0000000000e+00
3.3960000000e+04 3.6430414610e-15 7.3191955653e-18 2.7088208212e+08 1.6747725040e+06 2.2568529815e-19 6.9766135836e-22 -1.3575438062e+03 4.8977289662e+01 -4.6638893027e+09 -1.0191329752e+07 4.2047339576e+05 3.6000000000e+03 0.0000000000e+00 -0.0000000000e+00
3.7560000000e+04 4.5062163769e-15 1.0157370955e-17 2.6595929768e+08 1.8508612853e+06 2.5402952931e-19 8.8390918474e-22 -1.3774581296e+03 4.8846434131e+01 -4.6638893023e+09 -1.0191329752e+07 4.2047339576e+05 3.6000000000e+03 0.0000000000e+00 -0.0000000000e+00
4.1160000000e+04 5.4733458385e-15 1.3719752418e-17 2.6096347600e+08 2.0264412480e+06 2.8345049581e-19 1.1005124754e-21 -1.3981289545e+03 4.8694251207e+01 -4.6638893018e+09 -1.0191329752e+07 4.2047339576e+05 3.6000000000e+03 0.0000000000e+00 -0.0000000000e+00
4.4760000000e+04 6.5484477832e-15 1.8121420504e-17 2.5589179413e+08 2.2014315378e+06 3.1402829398e-19 1.3507643075e-21 -1.4196125558e+03 4.8518427214e+01 -4.6638893012e+09 -1.0191329752e+07 4.2047339576e+05 3.6000000000e+03 0.0000000000e+00 -0.0000000000e+00
4.8360000000e+04 7.7358440995e-15 2.3490112854e-17 2.5074121555e+08 2.3757424077e+06 3.4585189205e-19 1.6384154690e-21 -1.4419714414e+03 4.8316326892e+01 -4.6638893005e+09 -1.0191329752e+07 4.2047339576e+05 3.6000000000e+03 0.0000000000e+00 -0.0000000000e+00
5.1960000000e+04 9.0401948870e-15 2.9968012010e-17 2.4550846614e+08 2.5492739619e+06 3.7902045756e-19 1.9677548440e-21 -1.4652752853e+03 4.8084936921e+01 -4.6638892997e+09 -1.0191329752e+07 4.2047339576e+05 3.6000000000e+03 0.0000000000e+00 -0.0000000000e+00
5.5560000000e+04 1.0466537936e-14 3.7713852736e-17 2.4019000640e+08 2.7219146753e+06 4.1364493871e-19 2.3437071937e-21 -1.4896020384e+03 4.7820797224e+01 -4.6638892987e+09 -1.0191329752e+07 4.2047339576e+05 3.6000000000e+03 0.0000000000e+00 -0.0000000000e+00
5.9160000000e+04 1.2020334443e-14 4.6905419273e-17 2.3478199936e+08 2.8935396387e+06 4.4984995935e-19 2.7719528724e-21 -1.5150392600e+03 4.7519916848e+01 -4.6638892974e+09 -1.0191329752e+07 4.2047339576e+05 3.6000000000e+03 0.0000000000e+00 -0.0000000000e+00
6.2760000000e+04 1.3707522230e-14 5.7742521732e-17 2.2928027317e+08 3.0640084680e+06 4.8777610445e-19 3.2590754212e-21 -1.5416857233e+03 4.7177670276e+01 -4.6638892959e+09 -1.0191329752e+07 4.2047339576e+05 3.6000000000e+03 0.0000000000e+00 -0.0000000000e+00
6.6360000000e+04 1.5534578030e-14 7.0450565420e-17 2.2368027737e+08 3.2331627960e+06 5.2758269571e-19 3.8127448939e-21 -1.5696533660e+03 4.6788668618e+01 -4.6638892939e+09 -1.0191329752e+07 4.2047339576e+05 3.6000000000e+03 0.0000000000e+00 -0.0000000000e+00
6.9960000000e+04 1.7508590849e-14 8.5284859722e-17 2.1797703129e+08 3.4008232453e+06 5.6945118741e-19 4.4419474049e-21 -1.5990696757e+03 4.6346598336e+01 -4.6638892915e+09 -1.0191329752e+07 4.2047339576e+05 3.6000000000e+03 0.0000000000e+00 -0.0000000000e+00
7.3560000000e+04 1.9637348908e-14 1.0253585711e-16 2.1216506303e+08 3.5667857475e+06 6.1358935462e-19 5.1572750553e-21 -1.6300806327e+03 4.5844017545e+01 -4.6638892883e+09 -1.0191329752e+07 4.2047339576e+05 3.6000000000e+03 0.0000000000e+00 -0.0000000000e+00
7.7160000000e+04 2.1929443433e-14 1.2253557259e-16 2.0623833648e+08 3.7308170326e+06 6.6023650354e-19 5.9712955778e-21 -1.6628543708e+03 4.5272096302e+01 -4.6638892843e+09 -1.0191329752e+07 4.2047339576e+05 3.6000000000e+03 0.0000000000e+00 -0.0000000000e+00
8.0760000000e+04 2.4394393486e-14 1.4566551614e-16 2.0019016368e+08 3.8926490564e+06 7.0967001508e-19 6.8990284525e-21 -1.6975857744e+03 4.4620282099e+01 -4.6638892791e+09 -1.0191329752e+07 4.2047339576e+05 3.6000000000e+03 0.0000000000e+00 -0.0000000000e+00
8.4360000000e+04 2.7042797372e-14 1.7236658506e-16 1.9401309837e+08 4.0519720495e+06 7.6221364749e-19 7.9585650309e-21 -1.7345023124e+03 4.3875864164e+01 -4.6638892721e+09 -1.0191329752e+07 4.2047339576e+05 3.6000000000e+03 0.0000000000e+00 -0.0000000000e+00
8.7960000000e+04 2.9886517966e-14 2.0315152506e-16 1.8769880584e+08 4.2084257628e+06 8.1824819045e-19 9.1718861277e-21 -1.7738715230e+03 4.3023399036e+01 -4.6638892629e+09 -1.0191329752e+07 4.2047339576e+05 3.6000000000e+03 0.0000000000e+00 -0.0000000000e+00
9.1560000000e+04 3.2938911821e-14 2.3862080173e-16 1.8123790194e+08 4.3615883162e+06 8.7822530673e-19 1.0565954509e-20 -1.8160107393e+03 4.2043942992e+01 -4.6638892503e+09 -1.0191329752e+07 4.2047339576e+05 3.6000000000e+03 0.0000000000e+00 -0.0000000000e+00
9.5160000000e+04 3.6215115589e-14 2.7948306379e-16 1.7461975182e+08 4.5109618216e+06 9.4268576308e-19 1.2174196494e-20 -1.8612998976e+03 4.0914011094e+01 -4.6638892328e+09 -1.0191329752e+07 4.2047339576e+05 3.6000000000e+03 0.0000000000e+00 -0.0000000000e+00
9.8760000000e+04 3.9732408494e-14 3.2658188701e-16 1.6783221531e+08 4.6559535925e+06 1.0122838098e-18 1.4038544591e-20 -1.9101986664e+03 3.9604142055e+01 -4.6638892082e+09 -1.0191329752e+07 4.2047339576e+05 3.6000000000e+03 0.0000000000e+00 -0.0000000000e+00
1.0236000000e+05 4.3510677424e-14 3.8093125975e-16 1.6086132011e+08 4.7958512126e+06 1.0878203417e-18 1.6212305919e-20 -1.9632697451e+03 3.8076882919e+01 -4.6638891726e+09 -1.0191329752e+07 4.2047339576e+05 3.6000000000e+03 0.0000000000e+00 -0.0000000000e+00
1.0596000000e+05 4.7573022965e-14 4.4376347699e-16 1.5369083603e+08 4.9297888859e+06 1.1702888739e-18 1.8764274480e-20 -2.0212111656e+03 3.6283899831e+01 -4.6638891198e+09 -1.0191329752e+07 4.2047339576e+05 3.6000000000e+03 0.0000000000e+00 -0.0000000000e+00
1.0956000000e+05 5.1946563072e-14 5.1659504183e-16 1.4630171031e+08 5.0567011353e+06 1.2609406814e-18 2.1784766675e-20 -2.0849020590e+03 3.4161737551e+01 -4.6638890393e+09 -1.0191329752e+07 4.2047339576e+05 3.4315843258e+03 0.0000000000e+00 -0.0000000000e+00
1.1264453485e+05 5.5965667227e-14 5.8837393868e-16 1.3977963951e+08 5.1588542261e+06 1.3463246255e-18 2.4835981959e-20 -2.1448918136e+03 3.2017989588e+01 -4.6638889827e+09 -1.0191329752e+07 4.2047339576e+05 3.1045134682e+03 0.0000000000e+00 -0.0000000000e+00
1.1574904832e+05 6.0289604639e-14 6.7092527815e-16 1.3301944249e+08 5.2544270168e+06 1.4408133119e-18 2.8445833530e-20 -2.2112784531e+03 2.9481750343e+01 -4.6638888935e+09 -1.0191329752e+07 4.2047339576e+05 2.7996509487e+03 0.0000000000e+00 -0.0000000000e+00
1.1826182652e+05 6.4013942795e-14 7.4658648895e-16 1.2738999558e+08 5.3255690909e+06 1.5247110957e-18 3.1856543925e-20 -2.2702240489e+03 2.7085425346e+01 -4.6638888468e+09 -1.0191329752e+07 4.2047339576e+05 2.5297627287e+03 0.0000000000e+00 -0.0000000000e+00
1.2079158925e+05 6.7986148434e-14 8.3208217183e-16 1.2156603579e+08 5.3906417623e+06 1.6171030100e-18 3.5836252859e-20 -2.3351375210e+03 2.4289328669e+01 -4.6638887751e+09 -1.0191329752e+07 4.2047339576e+05 2.2822087974e+03 0.0000000000e+00 -0.0000000000e+00
1.2283935745e+05 7.1380021993e-14 9.0918253253e-16 1.1672630710e+08 5.4377698440e+06 1.6987026400e-18 3.9546133133e-20 -2.3924684610e+03 2.1682810434e+01 -4.6638887384e+09 -1.0191329752e+07 4.2047339576e+05 2.0624680144e+03 0.0000000000e+00 -0.0000000000e+00
1.2490182546e+05 7.4974385040e-14 9.9505101036e-16 1.1172809207e+08 5.4794647122e+06 1.7880931068e-18 4.3820264825e-20 -2.4552731514e+03 1.8679855792e+01 -4.6638886835e+09 -1.0191329752e+07 4.2047339576e+05 1.8573448399e+03 0.0000000000e+00 -0.0000000000e+00
1.2656263140e+05 7.8008073760e-14 1.0710128597e-15 1.0760538500e+08 5.5082506594e+06 1.8661539338e-18 4.7732365179e-20 -2.5101177700e+03 1.5931260108e+01 -4.6638886569e+09 -1.0191329752e+07 4.2047339576e+05 1.6745236324e+03 0.0000000000e+00 -0.0000000000e+00
1.2806127470e+05 8.0860887875e-14 1.1454579000e-15 1.0380418808e+08 5.5300805245e+06 1.9419461898e-18 5.1691123677e-20 -2.5633685174e+03 1.3149882960e+01 -4.6638886350e+09 -1.0191329752e+07 4.2047339576e+05 1.5119291639e+03 0.0000000000e+00 -0.0000000000e+00
1.2940606592e+05 8.3520879981e-14 1.2175866349e-15 1.0032293117e+08 5.5459271279e+06 2.0148717005e-18 5.5649330823e-20 -2.6146051233e+03 1.0368893187e+01 -4.6638886177e+09 -1.0191329752e+07 4.2047339576e+05 1.3588685950e+03 0.0000000000e+00 -0.0000000000e+00
1.3060213195e+05 8.5971785877e-14 1.2864385698e-15 9.7166894308e+07 5.5567189150e+06 2.0841412092e-18 5.9544633042e-20 -2.6632730652e+03 7.6320996744e+00 -4.6638886048e+09 -1.0191329752e+07 4.2047339576e+05 1.2120591126e+03 0.0000000000e+00 -0.0000000000e+00
1.3164864744e+05 8.8186253003e-14 1.3506815649e-15 9.4356284656e+07 5.5633510035e+06 2.1485629265e-18 6.3285872234e-20 -2.7085350058e+03 5.0035490329e+00 -4.6638885962e+09 -1.0191329752e+07 4.2047339576e+05 1.0669527893e+03 0.0000000000e+00 -0.0000000000e+00
1.3253221779e+05 9.0109828421e-14 1.4080962918e-15 9.1945420039e+07 5.5667200715e+06 2.2060269123e-18 6.6719482669e-20 -2.7489085262e+03 2.5911347364e+00 -4.6638885915e+09 -1.0191329752e+07 4.2047339576e+05 9.1636441079e+02 0.0000000000e+00 -0.0000000000e+00
1.3322428049e+05 9.1652742364e-14 1.4552584616e-15 9.0031617543e+07 5.5678190684e+06 2.2531867428e-18 6.9605348897e-20 -2.7820424683e+03 5.6355907612e-01 -4.6638885898e+09 -1.0191329752e+07 4.2047339576e+05 7.4413189260e+02 0.0000000000e+00 -0.0000000000e+00
1.3396841238e+05 9.3348976553e-14 1.5082735321e-15 8.7947664122e+07 5.5673816170e+06 2.3061857045e-18 7.2921658564e-20 -2.8192789153e+03 -1.7664410801e+00 -4.6638885868e+09 -1.0191329752e+07 4.2047339576e+05 8.0173266912e+02 0.0000000000e+00 -0.0000000000e+00
1.3477014505e+05 9.5221759815e-14 1.5682593675e-15 8.5670607223e+07 5.5648959521e+06 2.3661753871e-18 7.6768801359e-20 -2.8614269605e+03 -4.4693983480e+00 -4.6638885815e+09 -1.0191329752e+07 4.2047339576e+05 8.7916407504e+02 0.0000000000e+00 -0.0000000000e+00
1.3564930912e+05 9.7332292240e-14 1.6377376361e-15 8.3133671854e+07 5.5595713503e+06 2.4357426444e-18 8.1354391535e-20 -2.9103040970e+03 -7.6911800571e+00 -4.6638885707e+09 -1.0191329752e+07 4.2047339576e+05 9.1750602687e+02 0.0000000000e+00 -0.0000000000e+00
1.3656681515e+05 9.9602171206e-14 1.7147509013e-15 8.0438810248e+07 5.5508494274e+06 2.5130333000e-18 8.6605597404e-20 -2.9646076023e+03 -1.1380615522e+01 -4.6638885532e+09 -1.0191329752e+07 4.2047339576e+05 9.3131203682e+02 0.0000000000e+00 -0.0000000000e+00
1.3749812719e+05 1.0198122636e-13 1.7981036237e-15 7.7650689606e+07 5.5383564246e+06 2.5969869336e-18 9.2496241951e-20 -3.0235924376e+03 -1.5519313079e+01 -4.6638885278e+09 -1.0191329752e+07 4.2047339576e+05 9.2882077731e+02 0.0000000000e+00 -0.0000000000e+00
1.3842694797e+05 1.0443463367e-13 1.8869936923e-15 7.4813316985e+07 5.5218497112e+06 2.6869647311e-18 9.9025577168e-20 -3.0868097796e+03 -2.0106747186e+01 -4.6638884935e+09 -1.0191329752e+07 4.2047339576e+05 9.1497614793e+02 0.0000000000e+00 -0.0000000000e+00
1.3934192411e+05 1.0693631211e-13 1.9808237769e-15 7.1958629072e+07 5.5011873421e+06 2.7825576051e-18 1.0620734689e-19 -3.1539722082e+03 -2.5152574101e+01 -4.6638884493e+09 -1.0191329752e+07 4.2047339576e+05 8.9305762483e+02 0.0000000000e+00 -0.0000000000e+00
1.4023498174e+05 1.0946576638e-13 2.0791138341e-15 6.9110706056e+07 5.4763071951e+06 2.8834957551e-18 1.1406480878e-19 -3.2248901650e+03 -3.0673134388e+01 -4.6638883942e+09 -1.0191329752e+07 4.2047339576e+05 8.6538852832e+02 0.0000000000e+00 -0.0000000000e+00
1.4110037027e+05 1.1200638888e-13 2.1814560352e-15 6.6288111065e+07 5.4472113397e+06 2.9896008819e-18 1.2262823948e-19 -3.2994383787e+03 -3.6689700048e+01 -4.6638883272e+09 -1.0191329752e+07 4.2047339576e+05 8.3368588180e+02 0.0000000000e+00 -0.0000000000e+00
1.4193405615e+05 1.1454445576e-13 2.2874896263e-15 6.3505322456e+07 5.4139537076e+06 3.1007585356e-18 1.3193360036e-19 -3.3775364384e+03 -4.3227537126e+01 -4.6638882472e+09 -1.0191329752e+07 4.2047339576e+05 7.9925352902e+02 0.0000000000e+00 -0.0000000000e+00
1.4273330968e+05 1.1706848784e-13 2.3968861264e-15 6.0773678242e+07 5.3766300543e+06 3.2169009893e-18 1.4202180599e-19 -3.4591367601e+03 -5.0315391718e+01 -4.6638881531e+09 -1.0191329752e+07 4.2047339576e+05 7.6309843831e+02 0.0000000000e+00 -0.0000000000e+00
1.4349640812e+05 1.1956881827e-13 2.5093402922e-15 5.8102035753e+07 5.3353696206e+06 3.3379960595e-18 1.5293833289e-19 -3.5442167318e+03 -5.7985215087e+01 -4.6638880438e+09 -1.0191329752e+07 4.2047339576e+05 7.2600580236e+02 0.0000000000e+00 -0.0000000000e+00
1.4422241392e+05 1.2203728482e-13 2.6245644820e-15 5.5497253778e+07 5.2903281222e+06 3.4640394979e-18 1.6473303458e-19 -3.6327733687e+03 -6.6272033736e+01 -4.6638879181e+09 -1.0191329752e+07 4.2047339576e+05 6.8859033478e+02 0.0000000000e+00 -0.0000000000e+00
1.4491100425e+05 1.2446700071e-13 2.7422851036e-15 5.2964557959e+07 5.2416818121e+06 3.5950496374e-18 1.7746008986e-19 -3.7248195514e+03 -7.5213913044e+01 -4.6638877747e+09 -1.0191329752e+07 4.2047339576e+05 6.5133294711e+02 0.0000000000e+00 -0.0000000000e+00
1.4556233720e+05 1.2685217728e-13 2.8622403776e-15 5.0507825806e+07 5.1896224332e+06 3.7310635184e-18 1.9117804230e-19 -3.8203813040e+03 -8.4851985038e+01 -4.6638876122e+09 -1.0191329752e+07 4.2047339576e+05 6.1460794844e+02 0.0000000000e+00 -0.0000000000e+00
1.4617694515e+05 1.2918798205e-13 2.9841789467e-15 4.8129814234e+07 5.1343529222e+06 3.8721340197e-18 2.0594990596e-19 -3.9194957786e+03 -9.5230522664e+01 -4.6638874294e+09 -1.0191329752e+07 4.2047339576e+05 5.7870382894e+02 0.0000000000e+00 -0.0000000000e+00
1.4675564898e+05 1.3147042186e-13 3.1078590333e-15 4.5832344572e+07 5.0760837560e+06 4.0183276928e-18 2.2184332213e-19 -4.0222097334e+03 -1.0639704988e+02 -4.6638872248e+09 -1.0191329752e+07 4.2047339576e+05 5.4383950394e+02 0.0000000000e+00 -0.0000000000e+00
1.4729948848e+05 1.3369624430e-13 3.2330479536e-15 4.3616455239e+07 5.0150298514e+06 4.1697230994e-18 2.3893075732e-19 -4.1285783649e+03 -1.1840248082e+02 -4.6638869967e+09 -1.0191329752e+07 4.2047339576e+05 5.1017725061e+02 0.0000000000e+00 -0.0000000000e+00
1.4780966573e+05 1.3586285293e-13 3.3595218592e-15 4.1482529201e+07 4.9514079451e+06 4.3264095159e-18 2.5728973670e-19 -4.2386643978e+03 -1.3130128374e+02 -4.6638867435e+09 -1.0191329752e+07 4.2047339576e+05 4.7783315493e+02 0.0000000000e+00 -0.0000000000e+00
1.4828749889e+05 1.3796823327e-13 3.4870656202e-15 3.9430401362e+07 4.8854343909e+06 4.4884859129e-18 2.7700310929e-19 -4.3525373675e+03 -1.4515166740e+02 -4.6638864635e+09 -1.0191329752e+07 4.2047339576e+05 4.4688564022e+02 0.0000000000e+00 -0.0000000000e+00
1.4873438453e+05 1.4001088739e-13 3.6154727916e-15 3.7459449678e+07 4.8173233197e+06 4.6560601404e-18 2.9815934271e-19 -4.4702730484e+03 -1.6001578811e+02 -4.6638861549e+09 -1.0191329752e+07 4.2047339576e+05 4.1738248175e+02 0.0000000000e+00 -0.0000000000e+00
1.4915176701e+05 1.4198977554e-13 3.7445456226e-15 3.5568672909e+07 4.7472851176e+06 4.8292482722e-18 3.2085284647e-19 -4.5919529923e+03 -1.7595997687e+02 -4.6638858156e+09 -1.0191329752e+07 4.2047339576e+05 3.8934661629e+02 0.0000000000e+00 -0.0000000000e+00
1.4954111363e+05 1.4390426377e-13 3.8740950816e-15 3.3756757205e+07 4.6755251794e+06 5.0081740714e-18 3.4518432340e-19 -4.7176641537e+03 -1.9305498630e+02 -4.6638854435e+09 -1.0191329752e+07 4.2047339576e+05 3.6278096784e+02 0.0000000000e+00 -0.0000000000e+00
1.4990389459e+05 1.4575407666e-13 4.0039408796e-15 3.2022133319e+07 4.6022429017e+06 5.1929685518e-18 3.7126114952e-19 -4.8474985817e+03 -2.1137625755e+02 -4.6638850365e+09 -1.0191329752e+07 4.2047339576e+05 3.3767246718e+02 0.0000000000e+00 -0.0000000000e+00
1.5024156706e+05 1.4753925450e-13 4.1339114789e-15 3.0363025847e+07 4.5276308864e+06 5.3837696136e-18 3.9919778294e-19 -4.9815531629e+03 -2.3100420753e+02 -4.6638845921e+09 -1.0191329752e+07 4.2047339576e+05 3.1399540594e+02 0.0000000000e+00 -0.0000000000e+00
1.5055556247e+05 1.4926011451e-13 4.2638440811e-15 2.8777495644e+07 4.4518743233e+06 5.5807217362e-18 4.2911620285e-19 -5.1199294072e+03 -2.5202453737e+02 -4.6638841079e+09 -1.0191329752e+07 4.2047339576e+05 2.9171423284e+02 0.0000000000e+00 -0.0000000000e+00
1.5084727670e+05 1.5091721562e-13 4.3935845896e-15 2.7263476376e+07 4.3751505301e+06 5.7839757174e-18 4.6114637975e-19 -5.2627332632e+03 -2.7452856283e+02 -4.6638835812e+09 -1.0191329752e+07 4.2047339576e+05 2.7078588480e+02 0.0000000000e+00 -0.0000000000e+00
1.5111806258e+05 1.5251132647e-13 4.5229875442e-15 2.5818805999e+07 4.2976286260e+06 5.9936884463e-18 4.9542677863e-19 -5.4100749592e+03 -2.9861356779e+02 -4.6638830092e+09 -1.0191329752e+07 4.2047339576e+05 2.5116172544e+02 0.0000000000e+00 -0.0000000000e+00
1.5136922431e+05 1.5404339637e-13 4.6519160291e-15 2.4441253829e+07 4.2194693216e+06 6.2100227023e-18 5.3210489676e-19 -5.5620688624e+03 -3.2438318208e+02 -4.6638823888e+09 -1.0191329752e+07 4.2047339576e+05 2.3278915248e+02 0.0000000000e+00 -0.0000000000e+00
1.5160201346e+05 1.5551452904e-13 4.7802415534e-15 2.3128543790e+07 4.1408248056e+06 6.4331469735e-18 5.7133783801e-19 -5.7188333504e+03 -3.5194778504e+02 -4.6638817169e+09 -1.0191329752e+07 4.2047339576e+05 2.1561292645e+02 0.0000000000e+00 -0.0000000000e+00
1.5181762639e+05 1.5692595875e-13 4.9078439075e-15 2.1878374306e+07 4.0618387163e+06 6.6632352869e-18 6.1329292613e-19 -5.8804906925e+03 -3.8142493636e+02 -4.6638809901e+09 -1.0191329752e+07 4.2047339576e+05 1.9957626159e+02 0.0000000000e+00 -0.0000000000e+00
1.5201720265e+05 1.5827902878e-13 5.0346109957e-15 2.0688435278e+07 3.9826461819e+06 6.9004670456e-18 6.5814835907e-19 -6.0471669352e+03 -4.1293983583e+02 -4.6638802047e+09 -1.0191329752e+07 4.2047339576e+05 1.8462171771e+02 0.0000000000e+00 -0.0000000000e+00
1.5220182437e+05 1.5957517207e-13 5.1604386488e-15 1.9556422513e+07 3.9033739203e+06 7.1450268681e-18 7.0609390726e-19 -6.2189917892e+03 -4.4662581393e+02 -4.6638793569e+09 -1.0191329752e+07 4.2047339576e+05 1.7069192243e+02 0.0000000000e+00 -0.0000000000e+00
1.5237251629e+05 1.6081589369e-13 5.2852304185e-15 1.8480049902e+07 3.8241403866e+06 7.3971044242e-18 7.5733165855e-19 -6.3960985146e+03 -4.8262485519e+02 -4.6638784427e+09 -1.0191329752e+07 4.2047339576e+05 1.5773015032e+02 0.0000000000e+00 -0.0000000000e+00
1.5253024644e+05 1.6200275523e-13 5.4088973563e-15 1.7457059658e+07 3.7450559606e+06 7.6568942641e-18 8.1207681283e-19 -6.5786237997e+03 -5.2108815653e+02 -4.6638774576e+09 -1.0191329752e+07 4.2047339576e+05 1.4568078222e+02 0.0000000000e+00 -0.0000000000e+00
1.5267592722e+05 1.6313736075e-13 5.5313577800e-15 1.6485230828e+07 3.6662231656e+06 7.9245956351e-18 8.7055852993e-19 -6.7667076336e+03 -5.6217672294e+02 -4.6638763972e+09 -1.0191329752e+07 4.2047339576e+05 1.3448966225e+02 0.0000000000e+00 -0.0000000000e+00
1.5281041688e+05 1.6422134431e-13 5.6525370291e-15 1.5562386316e+07 3.5877369127e+06 8.2004122830e-18 9.3302083415e-19 -6.9604931655e+03 -6.0606200304e+02 -4.6638752565e+09 -1.0191329752e+07 4.2047339576e+05 1.2410437018e+02 0.0000000000e+00 -0.0000000000e+00
1.5293452125e+05 1.6525635889e-13 5.7723672127e-15 1.4686398597e+07 3.5096847632e+06 8.4845522316e-18 9.9972357942e-19 -7.1601265505e+03 -6.5292656712e+02 -4.6638740303e+09 -1.0191329752e+07 4.2047339576e+05 1.1447442268e+02 0.0000000000e+00 -0.0000000000e+00
1.5304899568e+05 1.6624406653e-13 5.8907869515e-15 1.3855194289e+07 3.4321472066e+06 8.7772275379e-18 1.0709434794e-18 -7.3657567775e+03 -7.0296483094e+02 -4.6638727131e+09 -1.0191329752e+07 4.2047339576e+05 1.0555141492e+02 0.0000000000e+00 -0.0000000000e+00
1.5315454709e+05 1.6718612974e-13 6.0077411157e-15 1.3066757730e+07 3.3551979470e+06 9.0786540166e-18 1.1469752067e-18 -7.5775354753e+03 -7.5638382805e+02 -4.6638712991e+09 -1.0191329752e+07 4.2047339576e+05 9.7289113435e+01 0.0000000000e+00 -0.0000000000e+00
1.5325183621e+05 1.6808420389e-13 6.1231805608e-15 1.2319133700e+07 3.2789041961e+06 9.3890509292e-18 1.2281325667e-18 -7.7956166943e+03 -8.1340403444e+02 -4.6638697819e+09 -1.0191329752e+07 4.2047339576e+05 8.9643508374e+01 0.0000000000e+00 -0.0000000000e+00
1.5334147971e+05 1.6893993063e-13 6.2370618636e-15 1.1610429383e+07 3.2033269691e+06 9.7086406316e-18 1.3147497512e-18 -8.0201566593e+03 -8.7426024921e+02 -4.6638681552e+09 -1.0191329752e+07 4.2047339576e+05 8.2572832553e+01 0.0000000000e+00 -0.0000000000e+00
1.5342405255e+05 1.6975493221e-13 6.3493470588e-15 1.0938815689e+07 3.1285213801e+06 1.0037648175e-17 1.4071826764e-18 -8.2513134883e+03 -9.3920253501e+02 -4.6638664117e+09 -1.0191329752e+07 4.2047339576e+05 7.6037553922e+01 3.1695073344e-296 -2.2373249910e-288
1.5350009010e+05 1.7053080652e-13 6.4600033785e-15 1.0302528023e+07 3.0545369362e+06 1.0376300851e-17 1.5058104139e-18 -8.4892468744e+03 -1.0084972230e+03 -4.6638645441e+09 -1.0191329752e+07 4.2047339576e+05 7.0000346287e+01 2.6454362801e-258 -1.9223325157e-250
1.5357009045e+05 1.7126912296e-13 6.5690029954e-15 9.6998665703e+06 2.9814178270e+06 1.0724827679e-17 1.6110367190e-18 -8.7341177235e+03 -1.0824279871e+03 -4.6638625445e+09 -1.0191329752e+07 4.2047339576e+05 6.4426043267e+01 2.1517043062e-222 -1.6096458888e-214
1.5363451649e+05 1.7197141889e-13 6.6763227708e-15 9.1291961738e+06 2.9092032080e+06 1.1083458819e-17 1.7232916654e-18 -8.9860877437e+03 -1.1612969918e+03 -4.6638604045e+09 -1.0191329752e+07 4.2047339576e+05 5.9281578774e+01 2.1373551153e-188 -1.6461253917e-180
1.5369379807e+05 1.7263919676e-13 6.7819440080e-15 8.5889458714e+06 2.8379274783e+06 1.1452424911e-17 1.8430333932e-18 -9.2453189791e+03 -1.2454261210e+03 -4.6638581152e+09 -1.0191329752e+07 4.2047339576e+05 5.4535917684e+01 3.2207069168e-156 -2.5538604419e-148
1.5374833399e+05 1.7327392168e-13 6.8858522127e-15 8.0776081376e+06 2.7676205494e+06 1.1831956319e-17 1.9707499791e-18 -9.5119732813e+03 -1.3351582917e+03 -4.6638556672e+09 -1.0191329752e+07 4.2047339576e+05 5.0159979077e+01 9.0649708970e-126 -7.4010396679e-118
1.5379849397e+05 1.7387701952e-13 6.9880368602e-15 7.5937378819e+06 2.6983081049e+06 1.2222282282e-17 2.1069614394e-18 -9.7862117105e+03 -1.4308588612e+03 -4.6638530505e+09 -1.0191329752e+07 4.2047339576e+05 4.6126554287e+01 5.8174398827e-97 -4.8905607491e-89
1.5384462052e+05 1.7444987542e-13 7.0884911703e-15 7.1359512471e+06 2.6300118519e+06 1.2623629945e-17 2.2522218745e-18 -1.0068193857e+04 -1.5329171340e+03 -4.6638502546e+09 -1.0191329752e+07 4.2047339576e+05 4.2410221709e+01 1.0303370236e-69 -8.9192031796e-62
1.5388703074e+05 1.7499383272e-13 7.1872118908e-15 6.7029242415e+06 2.5627497609e+06 1.3036223271e-17 2.4071217670e-18 -1.0358077074e+04 -1.6417479761e+03 -4.6638472682e+09 -1.0191329752e+07 4.2047339576e+05 3.8987259879e+01 6.0456754329e-44 -5.3892790943e-36
1.5392601800e+05 1.7551019215e-13 7.2841990896e-15 6.2933912391e+06 2.4965362967e+06 1.3460281802e-17 2.5722904461e-18 -1.0656015608e+04 -1.7577935469e+03 -4.6638440794e+09 -1.0191329752e+07 4.2047339576e+05 3.5835559917e+01 1.3994575659e-19 -1.2847048365e-11
1.5392960156e+05 1.7555850195e-13 7.2934464772e-15 6.2551527293e+06 2.4902164604e+06 1.3501726999e-17 2.5887607224e-18 -1.0685134517e+04 -1.7693653692e+03 -4.6638440793e+09 -1.0191329752e+07 4.2047339576e+05 1.7917779958e+01 2.6338439348e-17 -2.4247282185e-09
1.5394751934e+05 1.7580232377e-13 7.3405926808e-15 6.0623633324e+06 2.4579784394e+06 1.3715863196e-17 2.6747948626e-18 -1.0835584078e+04 -1.8298119420e+03 -4.6638450643e+09 -1.0191329655e+07 4.2047341218e+05 3.5285075320e+01 7.7248530377e-06 -7.2155140477e+02
1.5395104785e+05 1.7585079705e-13 7.3500618750e-15 6.0240759627e+06 2.4515000414e+06 1.3759451965e-17 2.6925005959e-18 -1.0866208057e+04 -1.8422516164e+03 -4.6639378950e+09 -1.0191321346e+07 4.2047481987e+05 5.3410722056e+00 1.4624797369e-03 -1.3700625097e+05
1.5395237241e+05 1.7586903326e-13 7.3536327114e-15 6.0096752939e+06 2.4490567374e+06 1.3775940363e-17 2.6992152431e-18 -1.0877786620e+04 -1.8469682316e+03 -4.6645076259e+09 -1.0191270418e+07 4.2048346264e+05 2.7201334961e+00 1.0509360094e-02 -9.8561532527e+05
1.5395382192e+05 1.7588901476e-13 7.3575506035e-15 5.9938986323e+06 2.4463757821e+06 1.3794063591e-17 2.7066064687e-18 -1.0890466417e+04 -1.8521521482e+03 -4.6695887441e+09 -1.0190816779e+07 4.2056057152e+05 1.7953024530e+00 9.1177440479e-02 -8.5613939084e+06
1.5395492198e+05 1.7590419659e-13 7.3605311218e-15 5.9819132776e+06 2.4443361506e+06 1.3807873436e-17 2.7122461705e-18 -1.0899918314e+04 -1.8560718596e+03 -4.6934847945e+09 -1.0188685512e+07 4.2092332355e+05 1.2317987370e+00 4.7063979295e-01 -4.4232117129e+07
1.5395579026e+05 1.7591619053e-13 7.3628880683e-15 5.9724459734e+06 2.4427232338e+06 1.3818807949e-17 2.7167163082e-18 -1.0906775434e+04 -1.8590719004e+03 -4.7722024929e+09 -1.0181670120e+07 4.2211863941e+05 9.1995008293e-01 1.7206032892e+00 -1.6181360719e+08
1.5395649467e+05 1.7592592769e-13 7.3648030161e-15 5.9647616102e+06 2.4414129006e+06 1.3827700965e-17 2.7203549073e-18 -1.0910907364e+04 -1.8612674593e+03 -4.9741437421e+09 -1.0163682425e+07 4.2518610241e+05 7.2856139523e-01 4.9263936753e+00 -4.6348719218e+08
1.5395708387e+05 1.7593407713e-13 7.3664067423e-15 5.9583325391e+06 2.4403158114e+06 1.3835154921e-17 2.7234068163e-18 -1.0911557790e+04 -1.8626289700e+03 -5.4119370082e+09 -1.0124696029e+07 4.3183926204e+05 6.0197935809e-01 1.1871963764e+01 -1.1170312623e+09
1.5395758990e+05 1.7594107983e-13 7.3677855462e-15 5.9528117267e+06 2.4393731233e+06 1.3841568018e-17 2.7260340971e-18 -1.0907220784e+04 -1.8629648937e+03 -6.2558567208e+09 -1.0049532462e+07 4.4467403136e+05 5.1340727482e-01 2.5244049935e+01 -2.3743036118e+09
1.5395803461e+05 1.7594723650e-13 7.3689983419e-15 5.9479634540e+06 2.4385448225e+06 1.3847212455e-17 2.7283476526e-18 -1.0895500776e+04 -1.8619104761e+03 -7.7517759873e+09 -9.9162038113e+06 4.6745313439e+05 4.4917392936e-01 4.8893531399e+01 -4.5937566879e+09
1.5395843387e+05 1.7595276622e-13 7.3700880904e-15 5.9436172775e+06 2.4378019430e+06 1.3852286991e-17 2.7304285536e-18 -1.0872830580e+04 -1.8588880320e+03 -1.0249920520e+10 -9.6932020189e+06 5.0557105006e+05 4.0199332236e-01 8.8234621343e+01 -8.2728792094e+09
1.5395883586e+05 1.7595833577e-13 7.3711861261e-15 5.9392543908e+06 2.4370558637e+06 1.3857402755e-17 2.7325272572e-18 -1.0828786317e+04 -1.8522159004e+03 -1.4772278545e+10 -9.2882744408e+06 5.7481762630e+05 3.6667452177e-01 1.5896519896e+02 -1.4844398172e+10
1.5395920254e+05 1.7596341779e-13 7.3721884257e-15 5.9352958214e+06 2.4363786243e+06 1.3862074769e-17 2.7344446995e-18 -1.0756311939e+04 -1.8406022002e+03 -2.1925475241e+10 -8.6443409617e+06 6.8498504326e+05 3.4553894724e-01 2.6954910288e+02 -2.5002721609e+10
1.5395954808e+05 1.7596820843e-13 7.3731335954e-15 5.9315973523e+06 2.4357456208e+06 1.3866482451e-17 2.7362543375e-18 -1.0641138255e+04 -1.8216309674e+03 -3.2996093193e+10 -7.6390419706e+06 8.5704768085e+05 3.4937877335e-01 4.3752581279e+02 -4.0149743430e+10
1.5395989746e+05 1.7597305387e-13 7.3740899046e-15 5.9279100474e+06 2.4351142696e+06 1.3870943968e-17 2.7380867439e-18 -1.0451662483e+04 -1.7899385235e+03 -5.0768962636e+10 -6.0018537262e+06 1.1373765847e+06 6.9127841439e-01 6.9895845312e+02 -6.2998888220e+10
1.5396014445e+05 1.7597648031e-13 7.3747663591e-15 5.9253516807e+06 2.4346760617e+06 1.3874100965e-17 2.7393837640e-18 -1.0253886508e+04 -1.7565936883e+03 -6.8884593666e+10 -4.3019043541e+06 1.4285534879e+06 2.9222167856e-01 9.5464884751e+02 -8.4417408037e+10
1.5396038990e+05 1.7597988613e-13 7.3754389061e-15 5.9228659024e+06 2.4342501586e+06 1.3877240579e-17 2.7406739630e-18 -9.9879469191e+03 -1.7115568601e+03 -9.2629870380e+10 -2.0226680742e+06 1.8190715961e+06 2.4890322940e-01 1.2726038205e+03 -1.0961577929e+11
1.5396063881e+05 1.7598334062e-13 7.3761212317e-15 5.9204221911e+06 2.4338313329e+06 1.3880426649e-17 2.7419835706e-18 -9.6323025641e+03 -1.6511392277e+03 -1.2334907547e+11 1.0193361539e+06 2.3404424487e+06 2.3055882435e-01 1.6533953674e+03 -1.3734549259e+11
1.5396086937e+05 1.7598654121e-13 7.3767535601e-15 5.9182477730e+06 2.4334585444e+06 1.3883379915e-17 2.7431977622e-18 -9.2152807323e+03 -1.5801406926e+03 -1.5790653123e+11 4.5816586281e+06 2.9511811489e+06 2.4374054955e-01 2.0375681576e+03 -1.6193178712e+11
1.5396111311e+05 1.7598992554e-13 7.3774223452e-15 5.9160649904e+06 2.4330842007e+06 1.3886504039e-17 2.7444824755e-18 -8.6794196609e+03 -1.4887669288e+03 -2.0003073302e+11 9.1551350031e+06 3.7355304491e+06 2.5082785631e-01 2.4364261265e+03 -1.8237259673e+11
1.5396128866e+05 1.7599236357e-13 7.3779042323e-15 5.9145794770e+06 2.4328293602e+06 1.3888755408e-17 2.7454084584e-18 -8.2369803643e+03 -1.4132452620e+03 -2.3289302218e+11 1.2929314200e+07 4.3829945865e+06 1.8087755834e-01 2.6888214163e+03 -1.9100682252e+11
1.5396144824e+05 1.7599458009e-13 7.3783424091e-15 5.9132994783e+06 2.4326097197e+06 1.3890802740e-17 2.7462506359e-18 -7.8003851817e+03 -1.3386726906e+03 -2.6362799580e+11 1.6652599917e+07 5.0218909273e+06 1.6062839105e-01 2.8727877694e+03 -1.9325983115e+11
1.5396160887e+05 1.7599681151e-13 7.3787836030e-15 5.9120835340e+06 2.4324010166e+06 1.3892864294e-17 2.7470987684e-18 -7.3360760464e+03 -1.2593263679e+03 -2.9447286477e+11 2.0611539172e+07 5.7013997176e+06 1.4970410577e-01 3.0008230590e+03 -1.8985827903e+11
1.5396175857e+05 1.7599889147e-13 7.3791949141e-15 5.9110186109e+06 2.4322181859e+06 1.3894786291e-17 2.7478895749e-18 -6.8894674819e+03 -1.1829742739e+03 -3.2235411094e+11 2.4419190132e+07 6.3551152131e+06 1.4434613945e-01 3.0616408577e+03 -1.8191500558e+11
1.5396190292e+05 1.7600089727e-13 7.3795916164e-15 5.9100555432e+06 2.4320527978e+06 1.3896640053e-17 2.7486523827e-18 -6.4543073021e+03 -1.1085561360e+03 -3.4783633930e+11 2.8129122331e+07 6.9922248740e+06 1.4305330634e-01 3.0655066763e+03 -1.7064120998e+11
1.5396204597e+05 1.7600288536e-13 7.3799848743e-15 5.9091629393e+06 2.4318994674e+06 1.3898477717e-17 2.7494086350e-18 -6.0260993699e+03 -1.0353085788e+03 -3.7128993573e+11 3.1779864279e+07 7.6193454479e+06 1.4537057163e-01 3.0193298585e+03 -1.5692150456e+11
1.5396219134e+05 1.7600490592e-13 7.3803846133e-15 5.9083179871e+06 2.4317542788e+06 1.3900345627e-17 2.7501774007e-18 -5.6008918960e+03 -9.6255949807e+02 -3.9298857249e+11 3.5405282969e+07 8.2423037036e+06 1.5221400495e-01 2.9279104445e+03 -1.4143422575e+11
1.5396234356e+05 1.7600702190e-13 7.3808032901e-15 5.9074982986e+06 2.4316133842e+06 1.3902301952e-17 2.7509826210e-18 -5.1726800818e+03 -8.8928441304e+02 -4.1323946418e+11 3.9056766564e+07 8.8699507019e+06 1.6769637682e-01 2.7937077499e+03 -1.2463515796e+11
1.5396251125e+05 1.7600935345e-13 7.3812646943e-15 5.9066686454e+06 2.4314707211e+06 1.3904457791e-17 2.7518700326e-18 -4.7269978789e+03 -8.1301006052e+02 -4.3261096277e+11 4.2857939956e+07 9.5235823205e+06 2.2470888465e-01 2.6134945872e+03 -1.0655070197e+11
1.5396269252e+05 1.7601187403e-13 7.3817635959e-15 5.9058528274e+06 2.4313303718e+06 1.3906788615e-17 2.7528295518e-18 -4.2809076332e+03 -7.3665926648e+02 -4.5025884143e+11 4.6663626724e+07 1.0178294318e+07 1.8569667150e-01 2.3966509596e+03 -8.8490425213e+10
1.5396285123e+05 1.7601408140e-13 7.3822005755e-15 5.9052022096e+06 2.4312183869e+06 1.3908829919e-17 2.7536699462e-18 -3.9228395946e+03 -6.7537187464e+02 -4.6316452319e+11 4.9719395720e+07 1.0704255985e+07 1.5986819555e-01 2.1998957793e+03 -7.4432804178e+10
1.5396301110e+05 1.7601630514e-13 7.3826408674e-15 5.9046018327e+06 2.4311149967e+06 1.3910886446e-17 2.7545166603e-18 -3.5932119903e+03 -6.1895318718e+02 -4.7405363553e+11 5.2533511939e+07 1.1188871404e+07 1.5071075975e-01 2.0037884062e+03 -6.2101647493e+10
1.5396316181e+05 1.7601840181e-13 7.3830560628e-15 5.9040819495e+06 2.4310254196e+06 1.3912825495e-17 2.7553150498e-18 -3.3102747761e+03 -5.7052869371e+02 -4.8264254192e+11 5.4950058257e+07 1.1605247581e+07 1.4670797526e-01 1.8260732282e+03 -5.2138379909e+10
1.5396330852e+05 1.7602044307e-13 7.3834603466e-15 5.9036149881e+06 2.4309449157e+06 1.3914713318e-17 2.7560923855e-18 -3.0595230020e+03 -5.2761674055e+02 -4.8966951094e+11 5.7092722420e+07 1.1974641432e+07 1.4527678962e-01 1.6628714636e+03 -4.3882863361e+10
1.5396345380e+05 1.7602246469e-13 7.3838607987e-15 5.9031871760e+06 2.4308711170e+06 1.3916582973e-17 2.7568622739e-18 -2.8336805885e+03 -4.8897267000e+02 -4.9552816401e+11 5.9023548512e+07 1.2307713805e+07 1.4534807878e-01 1.5124808002e+03 -3.6968436974e+10
1.5396359914e+05 1.7602448758e-13 7.3842615593e-15 5.9027904629e+06 2.4308026389e+06 1.3918453773e-17 2.7576326652e-18 -2.6284276018e+03 -4.5385763482e+02 -5.0046626710e+11 6.0779371318e+07 1.2610792381e+07 1.4645893923e-01 1.3739507855e+03 -3.1150563578e+10
1.5396374560e+05 1.7602652620e-13 7.3846654962e-15 5.9024194705e+06 2.4307385560e+06 1.3920339086e-17 2.7584090620e-18 -2.4408006793e+03 -4.2176487692e+02 -5.0465852160e+11 6.2385459246e+07 1.2888217464e+07 1.4836670893e-01 1.2465474100e+03 -2.6245142778e+10
1.5396389397e+05 1.7602859165e-13 7.3850748106e-15 5.9020703233e+06 2.4306782010e+06 1.3922249160e-17 2.7591956837e-18 -2.2685929247e+03 -3.9231704829e+02 -5.0823588621e+11 6.3860632122e+07 1.3143221712e+07 1.5091839589e-01 1.1296054989e+03 -2.2105540225e+10
1.5396404489e+05 1.7603069292e-13 7.3854912844e-15 5.9017401123e+06 2.4306210722e+06 1.3924192279e-17 2.7599959412e-18 -2.1100826604e+03 -3.6521980323e+02 -5.1130010243e+11 6.5219573680e+07 1.3378327434e+07 1.5403686692e-01 1.0224912572e+03 -1.8611771413e+10
1.5396419892e+05 1.7603283791e-13 7.3859164884e-15 5.9014265348e+06 2.4305667722e+06 1.3926175740e-17 2.7608128384e-18 -1.9638549053e+03 -3.4023126093e+02 -5.1393267732e+11 6.6474354822e+07 1.3595608553e+07 1.5766604581e-01 9.2457276549e+02 -1.5663581381e+10
1.5396435659e+05 1.7603503376e-13 7.3863518408e-15 5.9011277367e+06 2.4305149802e+06 1.3928206115e-17 2.7616490830e-18 -1.8287246044e+03 -3.1714887444e+02 -5.1619987889e+11 6.7635087781e+07 1.3796802891e+07 1.6176958957e-01 8.3522914293e+02 -1.3176730043e+10
1.5396451836e+05 1.7603728709e-13 7.3867986610e-15 5.9008421939e+06 2.4304654320e+06 1.3930289515e-17 2.7625071913e-18 -1.7036789739e+03 -2.9579956989e+02 -5.1815630027e+11 6.8710417704e+07 1.3983396602e+07 1.6632429144e-01 7.5385401807e+02 -1.1080087373e+10
1.5396468468e+05 1.7603960421e-13 7.3872582064e-15 5.9005686323e+06 2.4304179061e+06 1.3932431751e-17 2.7633895571e-18 -1.5878388367e+03 -2.7603313423e+02 -5.1984736808e+11 6.9707852305e+07 1.4156680794e+07 1.7131599383e-01 6.7985974175e+02 -9.3134348538e+09
1.5396485600e+05 1.7604199125e-13 7.3877316971e-15 5.9003059723e+06 2.4303722138e+06 1.3934638455e-17 2.7642985005e-18 -1.4804316384e+03 -2.5771760084e+02 -5.2131117452e+11 7.0633991928e+07 1.4317791038e+07 1.7673699126e-01 6.1268124278e+02 -7.8257276590e+09
1.5396503274e+05 1.7604445422e-13 7.3882203338e-15 5.9000532882e+06 2.4303281931e+06 1.3936915160e-17 2.7652363011e-18 -1.3807719197e+03 -2.4073591042e+02 -5.2257985673e+11 7.1494696020e+07 1.4467735952e+07 1.8258431178e-01 5.5177909263e+02 -6.5736792677e+09
1.5396521532e+05 1.7604699909e-13 7.3887253110e-15 5.8998097787e+06 2.4302857025e+06 1.3939267363e-17 2.7662052234e-18 -1.2882467440e+03 -2.2498341905e+02 -5.2368066059e+11 7.2295207368e+07 1.4607418532e+07 1.8885848637e-01 4.9664168975e+02 -5.5205862024e+09
1.5396540418e+05 1.7604963187e-13 7.3892478270e-15 5.8995747438e+06 2.4302446178e+06 1.3941700567e-17 2.7672075355e-18 -1.2023045506e+03 -2.1036599217e+02 -5.2463677703e+11 7.3040247108e+07 1.4737652468e+07 1.9556266260e-01 4.4678663375e+02 -4.6353404526e+09
1.5396559974e+05 1.7605235859e-13 7.3897890910e-15 5.8993475680e+06 2.4302048290e+06 1.3944220319e-17 2.7682455225e-18 -1.1224464284e+03 -1.9679851194e+02 -5.2546801012e+11 7.3734089105e+07 1.4859174909e+07 2.0270193380e-01 4.0176139042e+02 -3.8915932231e+09
1.5396580244e+05 1.7605518538e-13 7.3903503287e-15 5.8991277060e+06 2.4301662376e+06 1.3946832231e-17 2.7693214973e-18 -1.0482191413e+03 -1.8420368437e+02 -5.2619131773e+11 7.4380619384e+07 1.4972656665e+07 2.1028279537e-01 3.6114336974e+02 -3.2670436862e+09
1.5396601273e+05 1.7605811844e-13 7.3909327868e-15 5.8989146722e+06 2.4301287550e+06 1.3949542000e-17 2.7704378078e-18 -9.7920946180e+02 -1.7251106941e+02 -5.2682125377e+11 7.4983384399e+07 1.5078710498e+07 2.1831267998e-01 3.2453953726e+02 -2.7428326468e+09
1.5396623104e+05 1.7606116411e-13 7.3915377350e-15 5.8987080319e+06 2.4300923006e+06 1.3952355420e-17 2.7715968416e-18 -9.1503949495e+02 -1.6165628042e+02 -5.2737033313e+11 7.5545630860e+07 1.5177897954e+07 2.2679958689e-01 2.9158566527e+02 -2.3030250941e+09
1.5396645784e+05 1.7606432883e-13 7.3921664686e-15 5.8985073938e+06 2.4300568012e+06 1.3955278388e-17 2.7728010293e-18 -8.5536275579e+02 -1.5158031207e+02 -5.2784933513e+11 7.6070339108e+07 1.5270735095e+07 2.3575169612e-01 2.6194530853e+02 -1.9341684353e+09
1.5396669359e+05 1.7606761917e-13 7.3928203087e-15 5.8983124045e+06 2.4300221891e+06 1.3958316908e-17 2.7740528456e-18 -7.9986085253e+02 -1.4222897138e+02 -5.2826755740e+11 7.6560251330e+07 1.5357697337e+07 2.4517703796e-01 2.3530859007e+02 -1.6249155760e+09
1.5396693877e+05 1.7607104182e-13 7.3935006023e-15 5.8981227430e+06 2.4299884017e+06 1.3961477089e-17 2.7753548079e-18 -7.4824064115e+02 -1.3355238903e+02 -5.2863302937e+11 7.7017895726e+07 1.5439223606e+07 2.5508318535e-01 2.1139085373e+02 -1.3657034738e+09
1.5396719385e+05 1.7607460357e-13 7.3942087214e-15 5.8979381172e+06 2.4299553809e+06 1.3964765137e-17 2.7767094745e-18 -7.0023176001e+02 -1.2550459527e+02 -5.2895269267e+11 7.7445607438e+07 1.5515719922e+07 2.6547693501e-01 1.8993123513e+02 -1.1484792561e+09
1.5396745933e+05 1.7607831135e-13 7.3949460609e-15 5.8977582596e+06 2.4299230719e+06 1.3968187347e-17 2.7781194400e-18 -6.5558448000e+02 -1.1804314920e+02 -5.2923255415e+11 7.7845546754e+07 1.5587562527e+07 2.7636401787e-01 1.7069119469e+02 -9.6646713104e+08
1.5396773569e+05 1.7608217215e-13 7.3957140360e-15 5.8975829246e+06 2.4298914230e+06 1.3971750088e-17 2.7795873299e-18 -6.1406781175e+02 -1.1112881164e+02 -5.2947781602e+11 7.8219715125e+07 1.5655100636e+07 2.8774882971e-01 1.5345304298e+02 -8.1397021642e+08
1.5396802344e+05 1.7608619304e-13 7.3965140789e-15 5.8974118857e+06 2.4298603852e+06 1.3975459787e-17 2.7811157936e-18 -5.7546782800e+02 -1.0472525424e+02 -5.2969298694e+11 7.8569969312e+07 1.5718658858e+07 2.9963416411e-01 1.3801848352e+02 -6.8620224796e+08
1.5396832308e+05 1.7609038114e-13 7.3973476347e-15 5.8972449334e+06 2.4298299113e+06 1.3979322909e-17 2.7827074953e-18 -5.3958617062e+02 -9.8798799687e+01 -5.2988197700e+11 7.8898033961e+07 1.5778539364e+07 3.1202102074e-01 1.2420719332e+02 -5.7914483451e+08
1.5396863510e+05 1.7609474361e-13 7.3982161565e-15 5.8970818725e+06 2.4297999560e+06 1.3983345929e-17 2.7843651051e-18 -5.0623871009e+02 -9.3318187481e+01 -5.3004817920e+11 7.9205512854e+07 1.5835023814e+07 3.2490841504e-01 1.1185545265e+02 -4.8942650054e+08
1.5396863510e+05 1.7609474361e-13 7.3982161565e-15 5.8970818725e+06 2.4297999560e+06 1.3983345929e-17 2.7843651051e-18 -5.0623871009e+02 -9.3318187481e+01 -5.3004817920e+11 7.9205512854e+07 1.5835023814e+07 3.2490841504e-01 1.1185545265e+02 -4.8942650054e+08
