0.0000000000e+00 0.0000000000e+00 0.0000000000e+00 3.1415900000e+08 0.0000000000e+00 0.0000000000e+00 0.0000000000e+00 -1.1250114289e+03 4.1755153550e+02 -4.6638893045e+09 -9.5625971458e+06 3.5491880518e+06 1.0000000000e+01 0.0000000000e+00 -0.0000000000e+00
1.0000000000e+01 2.8739981815e-22 1.2733235577e-27 3.1414774968e+08 4.1755153541e+03 5.7480649785e-23 3.8200390735e-28 -1.1250518141e+03 4.1755153523e+02 -4.6638893045e+09 -9.5625971458e+06 3.5491880518e+06 5.0000000000e+01 0.0000000000e+00 -0.0000000000e+00
6.0000000000e+01 1.0347628741e-20 2.7511177964e-25 3.1409149204e+08 2.5053091937e+04 3.4494566799e-22 1.3757067190e-26 -1.1252537837e+03 4.1755152584e+02 -4.6638893045e+09 -9.5625971458e+06 3.5491880518e+06 2.5000000000e+02 0.0000000000e+00 -0.0000000000e+00
3.1000000000e+02 2.7638924545e-19 3.7994807059e-23 3.1381005227e+08 1.2944094931e+05 1.7838171634e-21 3.6789608163e-25 -1.1262647179e+03 4.1755127702e+02 -4.6638893045e+09 -9.5625971458e+06 3.5491880518e+06 1.2500000000e+03 0.0000000000e+00 -0.0000000000e+00
1.5600000000e+03 7.0201814187e-18 4.8746358788e-21 3.1239904987e+08 6.5137697052e+05 9.0171083593e-21 9.4006853580e-24 -1.1313467432e+03 4.1754493069e+02 -4.6638893045e+09 -9.5625971458e+06 3.5491880518e+06 3.6000000000e+03 0.0000000000e+00 -0.0000000000e+00
5.1600000000e+03 7.7479595174e-17 1.7990965953e-19 3.0829950477e+08 2.1544395208e+06 3.0220135915e-20 1.0558995482e-22 -1.1462437409e+03 4.1747734924e+02 -4.6638893044e+09 -9.5625971458e+06 3.5491880518e+06 3.6000000000e+03 0.0000000000e+00 -0.0000000000e+00
8.7600000000e+03 2.2529275479e-16 8.9806930799e-19 3.0414561184e+08 3.6571204781e+06 5.1996230052e-20 3.1259633567e-22 -1.1615433684e+03 4.1733190899e+02 -4.6638893043e+09 -9.5625971458e+06 3.5491880518e+06 3.6000000000e+03 0.0000000000e+00 -0.0000000000e+00
1.2360000000e+04 4.5257602240e-16 2.5745739003e-18 2.9993588415e+08 5.1591281135e+06 7.4375377848e-20 6.3960957924e-22 -1.1772666944e+03 4.1710215334e+02 -4.6638893042e+09 -9.5625971458e+06 3.5491880518e+06 3.6000000000e+03 0.0000000000e+00 -0.0000000000e+00
1.5960000000e+04 7.6155776725e-16 5.6593666024e-18 2.9566875607e+08 6.6601463022e+06 9.7389854782e-20 1.0967483285e-21 -1.1934363951e+03 4.1678097303e+02 -4.6638893041e+09 -9.5625971458e+06 3.5491880518e+06 3.6000000000e+03 0.0000000000e+00 -0.0000000000e+00
1.9560000000e+04 1.1545870130e-15 1.0640660257e-17 2.9134257720e+08 8.1598320317e+06 1.2107445656e-19 1.6951754497e-21 -1.2100769177e+03 4.1636052517e+02 -4.6638893040e+09 -9.5625971458e+06 3.5491880518e+06 3.6000000000e+03 0.0000000000e+00 -0.0000000000e+00
2.3160000000e+04 1.6341429712e-15 1.8048929680e-17 2.8695560568e+08 9.6578125965e+06 1.4546676042e-19 2.4472306456e-21 -1.2272146634e+03 4.1583214004e+02 -4.6638893038e+09 -9.5625971458e+06 3.5491880518e+06 3.6000000000e+03 0.0000000000e+00 -0.0000000000e+00
2.6760000000e+04 2.2028455760e-15 2.8461416976e-17 2.8250600078e+08 1.1153682433e+07 1.7060742052e-19 3.3665834159e-21 -1.2448781954e+03 4.1518621360e+02 -4.6638893037e+09 -9.5625971458e+06 3.5491880518e+06 3.6000000000e+03 0.0000000000e+00 -0.0000000000e+00
3.0360000000e+04 2.8634671505e-15 4.2507229584e-17 2.7799181469e+08 1.2646999538e+07 1.9654050269e-19 4.4684100629e-21 -1.2630984739e+03 4.1441208316e+02 -4.6638893035e+09 -9.5625971458e+06 3.5491880518e+06 3.6000000000e+03 0.0000000000e+00 -0.0000000000e+00
3.3960000000e+04 3.6189453589e-15 6.0873125405e-17 2.7341098344e+08 1.4137281404e+07 2.2331386503e-19 5.7695992247e-21 -1.2819091233e+03 4.1349788296e+02 -4.6638893033e+09 -9.5625971458e+06 3.5491880518e+06 3.6000000000e+03 0.0000000000e+00 -0.0000000000e+00
3.7560000000e+04 4.4723976233e-15 8.4310097222e-17 2.6876131678e+08 1.5624000391e+07 2.5097959193e-19 7.2889913922e-21 -1.3013467375e+03 4.1243037590e+02 -4.6638893030e+09 -9.5625971458e+06 3.5491880518e+06 3.6000000000e+03 0.0000000000e+00 -0.0000000000e+00
4.1160000000e+04 5.4271372107e-15 1.1364089035e-16 2.6404048683e+08 1.7106578449e+07 2.7959449052e-19 9.0476590860e-21 -1.3214512286e+03 4.1119475667e+02 -4.6638893027e+09 -9.5625971458e+06 3.5491880518e+06 3.6000000000e+03 0.0000000000e+00 -0.0000000000e+00
4.4760000000e+04 6.4866912379e-15 1.4976861416e-16 2.5924601549e+08 1.8584381063e+07 3.0922066067e-19 1.1069235898e-20 -1.3422662272e+03 4.0977442059e+02 -4.6638893024e+09 -9.5625971458e+06 3.5491880518e+06 3.6000000000e+03 0.0000000000e+00 -0.0000000000e+00
4.8360000000e+04 7.6548208784e-15 1.9368664099e-16 2.5437526020e+08 2.0056710302e+07 3.3992615159e-19 1.3380304543e-20 -1.3638395439e+03 4.0815069094e+02 -4.6638893020e+09 -9.5625971458e+06 3.5491880518e+06 3.6000000000e+03 0.0000000000e+00 -0.0000000000e+00
5.1960000000e+04 8.9355441136e-15 2.4649002672e-16 2.4942539798e+08 2.1522796792e+07 3.7178572108e-19 1.6010856532e-20 -1.3862237026e+03 4.0630249606e+02 -4.6638893015e+09 -9.5625971458e+06 3.5491880518e+06 3.6000000000e+03 0.0000000000e+00 -0.0000000000e+00
5.5560000000e+04 1.0333161430e-14 3.0938873822e-16 2.4439340736e+08 2.2981790425e+07 4.0488171705e-19 1.8994839223e-20 -1.4094765600e+03 4.0420598493e+02 -4.6638893010e+09 -9.5625971458e+06 3.5491880518e+06 3.6000000000e+03 0.0000000000e+00 -0.0000000000e+00
5.9160000000e+04 1.1852284946e-14 3.8372303649e-16 2.3927604790e+08 2.4432749549e+07 4.3930510513e-19 2.2370810102e-20 -1.4336620275e+03 4.0183406751e+02 -4.6638893003e+09 -9.5625971458e+06 3.5491880518e+06 3.6000000000e+03 0.0000000000e+00 -0.0000000000e+00
6.2760000000e+04 1.3497871543e-14 4.7098144493e-16 2.3406983697e+08 2.5874628346e+07 4.7515667202e-19 2.6182723399e-20 -1.4588509166e+03 3.9915586207e+02 -4.6638892995e+09 -9.5625971458e+06 3.5491880518e+06 3.6000000000e+03 0.0000000000e+00 -0.0000000000e+00
6.6360000000e+04 1.5275260700e-14 5.7282183454e-16 2.2877102312e+08 2.7306262014e+07 5.1254844099e-19 3.0480881094e-20 -1.4851219336e+03 3.9613602704e+02 -4.6638892985e+09 -9.5625971458e+06 3.5491880518e+06 3.6000000000e+03 0.0000000000e+00 -0.0000000000e+00
6.9960000000e+04 1.7190217873e-14 6.9109628872e-16 2.2337555559e+08 2.8726349302e+07 5.5160534545e-19 3.5323089484e-20 -1.5125628552e+03 3.9273394840e+02 -4.6638892973e+09 -9.5625971458e+06 3.5491880518e+06 3.6000000000e+03 0.0000000000e+00 -0.0000000000e+00
7.3560000000e+04 1.9248984444e-14 8.2788057952e-16 2.1787904928e+08 3.0133431796e+07 5.9246721773e-19 4.0776074621e-20 -1.5412719259e+03 3.8890274519e+02 -4.6638892958e+09 -9.5625971458e+06 3.5491880518e+06 3.6000000000e+03 0.0000000000e+00 -0.0000000000e+00
7.7160000000e+04 2.1458335510e-14 9.8550930700e-16 2.1227674407e+08 3.1525869234e+07 6.3529116564e-19 4.6917226296e-20 -1.5713595279e+03 3.8458804427e+02 -4.6638892939e+09 -9.5625971458e+06 3.5491880518e+06 3.6000000000e+03 0.0000000000e+00 -0.0000000000e+00
8.0760000000e+04 2.3825647053e-14 1.1666180419e-15 2.0656345768e+08 3.2901809896e+07 6.8025442937e-19 5.3836762316e-20 -1.6029501880e+03 3.7972645967e+02 -4.6638892917e+09 -9.5625971458e+06 3.5491880518e+06 3.6000000000e+03 0.0000000000e+00 -0.0000000000e+00
8.4360000000e+04 2.6358974441e-14 1.3741941940e-15 2.0073353052e+08 3.4259154861e+07 7.2755783716e-19 6.1640435237e-20 -1.6361850058e+03 3.7424369088e+02 -4.6638892888e+09 -9.5625971458e+06 3.5491880518e+06 3.6000000000e+03 0.0000000000e+00 -0.0000000000e+00
8.7960000000e+04 2.9067144659e-14 1.6116388396e-15 1.9478076084e+08 3.5595514574e+07 7.7743001341e-19 7.0452945737e-20 -1.6712246101e+03 3.6805212468e+02 -4.6638892851e+09 -9.5625971458e+06 3.5491880518e+06 3.6000000000e+03 0.0000000000e+00 -0.0000000000e+00
9.1560000000e+04 3.1959865354e-14 1.8828424328e-15 1.8869832817e+08 3.6908155648e+07 8.3013253995e-19 8.0422285836e-20 -1.7082527852e+03 3.6104778362e+02 -4.6638892804e+09 -9.5625971458e+06 3.5491880518e+06 3.6000000000e+03 0.0000000000e+00 -0.0000000000e+00
9.5160000000e+04 3.5047854542e-14 2.1922782714e-15 1.8247870215e+08 3.8193935196e+07 8.8596633459e-19 9.1725319074e-20 -1.7474809525e+03 3.5310640544e+02 -4.6638892744e+09 -9.5625971458e+06 3.5491880518e+06 3.6000000000e+03 0.0000000000e+00 -0.0000000000e+00
9.8760000000e+04 3.8342995994e-14 2.5451188970e-15 1.7611353339e+08 3.9449219052e+07 9.4527959910e-19 1.0457502564e-19 -1.7891537543e+03 3.4407835278e+02 -4.6638892664e+09 -9.5625971458e+06 3.5491880518e+06 3.6000000000e+03 0.0000000000e+00 -0.0000000000e+00
1.0236000000e+05 4.1858526743e-14 2.9473824482e-15 1.6959352170e+08 4.0669778941e+07 1.0084778099e-18 1.1923001738e-19 -1.8335560737e+03 3.3378192799e+02 -4.6638892558e+09 -9.5625971458e+06 3.5491880518e+06 3.6000000000e+03 0.0000000000e+00 -0.0000000000e+00
1.0596000000e+05 4.5609265166e-14 3.4061186048e-15 1.6290825587e+08 4.1850661842e+07 1.0760363951e-18 1.3600719080e-19 -1.8810219409e+03 3.2199448333e+02 -4.6638892415e+09 -9.5625971458e+06 3.5491880518e+06 3.6000000000e+03 0.0000000000e+00 -0.0000000000e+00
1.0956000000e+05 4.9611890829e-14 3.9296475546e-15 1.5604601702e+08 4.2986022089e+07 1.1485169839e-18 1.5529878491e-19 -1.9319459498e+03 3.0844043627e+02 -4.6638892219e+09 -9.5625971458e+06 3.5491880518e+06 3.6000000000e+03 0.0000000000e+00 -0.0000000000e+00
1.1316000000e+05 5.3885291033e-14 4.5278709992e-15 1.4899353517e+08 4.4068902862e+07 1.2265884611e-18 1.7759572644e-19 -1.9867980513e+03 2.9277486747e+02 -4.6638891945e+09 -9.5625971458e+06 3.5491880518e+06 3.6000000000e+03 0.0000000000e+00 -0.0000000000e+00
1.1676000000e+05 5.8450994334e-14 5.2126826077e-15 1.4173568460e+08 4.5090947811e+07 1.3110545670e-18 2.0352011701e-19 -2.0461429435e+03 2.7456069564e+02 -4.6638891555e+09 -9.5625971458e+06 3.5491880518e+06 3.6000000000e+03 0.0000000000e+00 -0.0000000000e+00
1.2036000000e+05 6.3333718771e-14 5.9985182010e-15 1.3425509871e+08 4.6042014496e+07 1.4028905248e-18 2.3387128779e-19 -2.1106658071e+03 2.5323632013e+02 -4.6638890987e+09 -9.5625971458e+06 3.5491880518e+06 3.3867470558e+03 0.0000000000e+00 -0.0000000000e+00
1.2374674706e+05 6.8242154843e-14 6.8458388717e-15 1.2699636013e+08 4.6860838394e+07 1.4970809762e-18 2.6739511392e-19 -2.1768429101e+03 2.2968287429e+02 -4.6638890370e+09 -9.5625971458e+06 3.5491880518e+06 3.0586538532e+03 0.0000000000e+00 -0.0000000000e+00
1.2680540091e+05 7.2960851746e-14 7.7164420777e-15 1.2024003865e+08 4.7526308437e+07 1.5896738369e-18 3.0277209069e-19 -2.2418975647e+03 2.0482742661e+02 -4.6638889827e+09 -9.5625971458e+06 3.5491880518e+06 2.7570193624e+03 0.0000000000e+00 -0.0000000000e+00
1.2956242027e+05 7.7466751023e-14 8.6009305295e-15 1.1397256854e+08 4.8056074925e+07 1.6801978762e-18 3.3974147942e-19 -2.3054986897e+03 1.7885316902e+02 -4.6638889362e+09 -9.5625971458e+06 3.5491880518e+06 2.4828548263e+03 0.0000000000e+00 -0.0000000000e+00
1.3179392515e+05 8.1303117895e-14 9.3964236368e-15 1.0876671382e+08 4.8428939115e+07 1.7590589014e-18 3.7391982633e-19 -2.3609055182e+03 1.5483986458e+02 -4.6638889136e+09 -9.5625971458e+06 3.5491880518e+06 2.2482132110e+03 0.0000000000e+00 -0.0000000000e+00
1.3381667675e+05 8.4937656306e-14 1.0187378149e-14 1.0393751122e+08 4.8717826818e+07 1.8354160345e-18 4.0881020098e-19 -2.4145531416e+03 1.3032629782e+02 -4.6638888950e+09 -9.5625971458e+06 3.5491880518e+06 2.0389435692e+03 0.0000000000e+00 -0.0000000000e+00
1.3564088313e+05 8.8352010394e-14 1.0964655076e-14 9.9486373181e+07 4.8933421368e+07 1.9087081444e-18 4.4400794416e-19 -2.4660473158e+03 1.0559677756e+02 -4.6638888803e+09 -9.5625971458e+06 3.5491880518e+06 1.8413593005e+03 0.0000000000e+00 -0.0000000000e+00
1.3727271751e+05 9.1522883255e-14 1.1717251238e-14 9.5422722892e+07 4.9086031107e+07 1.9782115065e-18 4.7897385625e-19 -2.5148795603e+03 8.1030139090e+01 -4.6638888693e+09 -9.5625971458e+06 3.5491880518e+06 1.6512696221e+03 0.0000000000e+00 -0.0000000000e+00
1.3871104712e+05 9.4414299110e-14 1.2430212803e-14 9.1773110878e+07 4.9185689437e+07 2.0428613780e-18 5.1292342415e-19 -2.5603017995e+03 5.7177572087e+01 -4.6638888618e+09 -9.5625971458e+06 3.5491880518e+06 1.4629206092e+03 0.0000000000e+00 -0.0000000000e+00
1.3994007227e+05 9.6960387289e-14 1.3079791162e-14 8.8601591931e+07 4.9242484665e+07 2.1008411880e-18 5.4456997664e-19 -2.6010377318e+03 3.4943076622e+01 -4.6638888576e+09 -9.5625971458e+06 3.5491880518e+06 1.2672343154e+03 0.0000000000e+00 -0.0000000000e+00
1.4089529835e+05 9.8989448554e-14 1.3612483897e-14 8.6101357107e+07 4.9267077130e+07 2.1477790132e-18 5.7104091918e-19 -2.6340156956e+03 1.6344903811e+01 -4.6638888561e+09 -9.5625971458e+06 3.5491880518e+06 1.0523979324e+03 0.0000000000e+00 -0.0000000000e+00
1.4155362052e+05 1.0041431354e-13 1.3994712540e-14 8.4359643761e+07 4.9273411217e+07 2.1811394487e-18 5.9032751212e-19 -2.6574543451e+03 2.7943705169e+00 -4.6638888558e+09 -9.5625971458e+06 3.5491880518e+06 7.5330818383e+02 0.0000000000e+00 -0.0000000000e+00
1.4230692870e+05 1.0207209011e-13 1.4448070124e-14 8.2347429133e+07 4.9269432501e+07 2.2203777207e-18 6.1352429341e-19 -2.6850226934e+03 -1.3503415118e+01 -4.6638888552e+09 -9.5625971458e+06 3.5491880518e+06 9.5863321788e+02 0.0000000000e+00 -0.0000000000e+00
1.4326556192e+05 1.0422522123e-13 1.5051090837e-14 7.9756191210e+07 4.9246036014e+07 2.2720387316e-18 6.4492611865e-19 -2.7213191119e+03 -3.5565968093e+01 -4.6638888530e+09 -9.5625971458e+06 3.5491880518e+06 1.1152102968e+03 0.0000000000e+00 -0.0000000000e+00
1.4438077222e+05 1.0679370966e-13 1.5792010301e-14 7.6696977124e+07 4.9191132488e+07 2.3347260440e-18 6.8437832362e-19 -2.7653624800e+03 -6.3284623164e+01 -4.6638888471e+09 -9.5625971458e+06 3.5491880518e+06 1.1971449338e+03 0.0000000000e+00 -0.0000000000e+00
1.4557791715e+05 1.0963063017e-13 1.6638577939e-14 7.3356988419e+07 4.9096213730e+07 2.4053474667e-18 7.3065192794e-19 -2.8149802608e+03 -9.5795913166e+01 -4.6638888365e+09 -9.5625971458e+06 3.5491880518e+06 1.2379197390e+03 0.0000000000e+00 -0.0000000000e+00
1.4681583689e+05 1.1265545740e-13 1.7575147251e-14 6.9839106537e+07 4.8955086438e+07 2.4822967017e-18 7.8336266846e-19 -2.8690438880e+03 -1.3282985933e+02 -4.6638888206e+09 -9.5625971458e+06 3.5491880518e+06 1.2527781702e+03 0.0000000000e+00 -0.0000000000e+00
1.4806861506e+05 1.1581628368e-13 1.8592912143e-14 6.6208957423e+07 4.8763116247e+07 2.5645815190e-18 8.4249145689e-19 -2.9268562326e+03 -1.7437305045e+02 -4.6638887986e+09 -9.5625971458e+06 3.5491880518e+06 1.2500369776e+03 0.0000000000e+00 -0.0000000000e+00
1.4931865204e+05 1.1907590965e-13 1.9686381501e-14 6.2512476677e+07 4.8516812400e+07 2.6515021887e-18 9.0821391493e-19 -2.9879256725e+03 -2.2054887626e+02 -4.6638887699e+09 -9.5625971458e+06 3.5491880518e+06 1.2349052997e+03 0.0000000000e+00 -0.0000000000e+00
1.5055355734e+05 1.2240591007e-13 2.0851927975e-14 5.8783574982e+07 4.8213549763e+07 2.7425127821e-18 9.8083254601e-19 -3.0518686448e+03 -2.7156987212e+02 -4.6638887342e+09 -9.5625971458e+06 3.5491880518e+06 1.2109428206e+03 0.0000000000e+00 -0.0000000000e+00
1.5176450016e+05 1.2578367520e-13 2.2087103600e-14 5.5048072431e+07 4.7851360935e+07 2.8371497697e-18 1.0607468051e-18 -3.1183594788e+03 -3.2771669042e+02 -4.6638886910e+09 -9.5625971458e+06 3.5491880518e+06 1.1807233828e+03 0.0000000000e+00 -0.0000000000e+00
1.5294522354e+05 1.2919076368e-13 2.3390292242e-14 5.1325964847e+07 4.7428768788e+07 2.9349895145e-18 1.1484400034e-18 -3.1871005325e+03 -3.8932889983e+02 -4.6638886399e+09 -9.5625971458e+06 3.5491880518e+06 1.1461795950e+03 0.0000000000e+00 -0.0000000000e+00
1.5409140314e+05 1.3261190847e-13 2.4760531593e-14 4.7632843619e+07 4.6944643790e+07 3.0356193794e-18 1.2444750075e-18 -3.2578018917e+03 -4.5680196391e+02 -4.6638885806e+09 -9.5625971458e+06 3.5491880518e+06 1.1088007799e+03 0.0000000000e+00 -0.0000000000e+00
1.5520020392e+05 1.3603437868e-13 2.6197431219e-14 4.3980842765e+07 4.6398076486e+07 3.1386153586e-18 1.3494953375e-18 -3.3301656550e+03 -5.3058801222e+02 -4.6638885131e+09 -9.5625971458e+06 3.5491880518e+06 1.0697562641e+03 0.0000000000e+00 -0.0000000000e+00
1.5626996018e+05 1.3944754988e-13 2.7701152078e-14 4.0379300813e+07 4.5788258272e+07 3.2435224407e-18 1.4642302069e-18 -3.4038721367e+03 -6.1119938161e+02 -4.6638884371e+09 -9.5625971458e+06 3.5491880518e+06 1.0299775469e+03 0.0000000000e+00 -0.0000000000e+00
1.5729993773e+05 1.4284260441e-13 2.9272431315e-14 3.6835238933e+07 4.5114364672e+07 3.3498353023e-18 1.5895030015e-18 -3.4785663025e+03 -6.9921457333e+02 -4.6638883530e+09 -9.5625971458e+06 3.5491880518e+06 9.9021639862e+02 0.0000000000e+00 -0.0000000000e+00
1.5829015413e+05 1.4621231773e-13 3.0912646153e-14 3.3353713232e+07 4.4375435401e+07 3.4569774729e-18 1.7262432567e-18 -3.5538431311e+03 -7.9528666793e+02 -4.6638882608e+09 -9.5625971458e+06 3.5491880518e+06 9.5108826554e+02 0.0000000000e+00 -0.0000000000e+00
1.5924124239e+05 1.4955090565e-13 3.2623917324e-14 2.9938075467e+07 4.3570244775e+07 3.5642771787e-18 1.8755026209e-18 -3.6292306420e+03 -9.0015454120e+02 -4.6638881612e+09 -9.5625971458e+06 3.5491880518e+06 9.1310654030e+02 0.0000000000e+00 -0.0000000000e+00
1.6015434893e+05 1.5285391799e-13 3.4409258026e-14 2.6590162560e+07 4.2697154440e+07 3.6709377789e-18 2.0384757136e-18 -3.7041691249e+03 -1.0146575188e+03 -4.6638880552e+09 -9.5625971458e+06 3.5491880518e+06 8.7671128308e+02 0.0000000000e+00 -0.0000000000e+00
1.6103106022e+05 1.5611817090e-13 3.6272780303e-14 2.3310426658e+07 4.1753937754e+07 3.7760000426e-18 2.2165272709e-18 -3.7779846353e+03 -1.1397544483e+03 -4.6638879439e+09 -9.5625971458e+06 3.5491880518e+06 8.4229495723e+02 0.0000000000e+00 -0.0000000000e+00
1.6187335517e+05 1.5934171409e-13 3.8219978236e-14 2.0098011682e+07 4.0737560947e+07 3.8782923205e-18 2.4112275810e-18 -3.8498539863e+03 -1.2765485955e+03 -4.6638878293e+09 -9.5625971458e+06 3.5491880518e+06 8.1022722333e+02 0.0000000000e+00 -0.0000000000e+00
1.6268358240e+05 1.6252383154e-13 4.0258117503e-14 1.6950778513e+07 3.9643899897e+07 3.9763626634e-18 2.6243989720e-18 -3.9187570555e+03 -1.4263203069e+03 -4.6638877140e+09 -9.5625971458e+06 3.5491880518e+06 7.8088044384e+02 0.0000000000e+00 -0.0000000000e+00
1.6346446284e+05 1.6566507298e-13 4.2396774957e-14 1.3865279806e+07 3.8467362160e+07 4.0683835770e-18 2.8581769050e-18 -3.9834098668e+03 -1.5905699323e+03 -4.6638876014e+09 -9.5625971458e+06 3.5491880518e+06 7.5465676261e+02 0.0000000000e+00 -0.0000000000e+00
1.6421911960e+05 1.6876730550e-13 4.4648589437e-14 1.0836690251e+07 3.7200371887e+07 4.1520144298e-18 3.1150894949e-18 -4.0421679201e+03 -1.7710736955e+03 -4.6638874959e+09 -9.5625971458e+06 3.5491880518e+06 7.3201476870e+02 0.0000000000e+00 -0.0000000000e+00
1.6495113437e+05 1.7183374548e-13 4.7030299209e-14 7.8587206191e+06 3.5832664513e+07 4.2241970035e-18 3.3981569040e-18 -4.0928825471e+03 -1.9699535270e+03 -4.6638874027e+09 -9.5625971458e+06 3.5491880518e+06 7.1130723602e+02 0.0000000000e+00 -0.0000000000e+00
1.6555559903e+05 1.7440255504e-13 4.9162301939e-14 5.3738755880e+06 3.4587139626e+07 4.2733234613e-18 3.6606409580e-18 -4.1273982184e+03 -2.1543717352e+03 -4.6638873676e+09 -9.5625971458e+06 3.5491880518e+06 6.1787330313e+02 0.0000000000e+00 -0.0000000000e+00
1.6607093299e+05 1.7661325519e-13 5.1111370098e-14 3.2409070800e+06 3.3432925753e+07 4.3044191110e-18 3.9073360946e-18 -4.1492456561e+03 -2.3276968359e+03 -4.6638873527e+09 -9.5625971458e+06 3.5491880518e+06 5.3226774404e+02 0.0000000000e+00 -0.0000000000e+00
1.6647844381e+05 1.7837078043e-13 5.2746196722e-14 1.5476361948e+06 3.2454472566e+07 4.3196872341e-18 4.1186058591e-18 -4.1599728598e+03 -2.4761324869e+03 -4.6638873479e+09 -9.5625971458e+06 3.5491880518e+06 4.4418792045e+02 0.0000000000e+00 -0.0000000000e+00
1.6679112521e+05 1.7972238592e-13 5.4060717521e-14 2.4624393028e+05 3.1661466319e+07 4.3244651216e-18 4.2909629916e-18 -4.1633297473e+03 -2.5972285805e+03 -4.6638873464e+09 -9.5625971458e+06 3.5491880518e+06 3.0152508323e+02 0.0000000000e+00 -0.0000000000e+00
1.6709265030e+05 1.8102617274e-13 5.5380708356e-14 -1.0090005182e+06 3.0859958548e+07 4.3222861870e-18 4.4659180276e-18 -4.1617988534e+03 -2.7201499304e+03 -4.6638873449e+09 -9.5625971458e+06 3.5491880518e+06 3.9515943888e+02 0.0000000000e+00 -0.0000000000e+00
1.6748780973e+05 1.8273172852e-13 5.7192892463e-14 -2.6518628259e+06 2.9751738746e+07 4.3075187897e-18 4.7085383287e-18 -4.1514234538e+03 -2.8906120997e+03 -4.6638873374e+09 -9.5625971458e+06 3.5491880518e+06 4.7647300229e+02 0.0000000000e+00 -0.0000000000e+00
1.6796428274e+05 1.8477578241e-13 5.9510041778e-14 -4.6240286155e+06 2.8322688931e+07 4.2680879037e-18 5.0214141451e-18 -4.1237197773e+03 -3.1104349674e+03 -4.6638873051e+09 -9.5625971458e+06 3.5491880518e+06 5.3887579649e+02 0.0000000000e+00 -0.0000000000e+00
1.6850315853e+05 1.8705613103e-13 6.2317136688e-14 -6.8324161627e+06 2.6575465488e+07 4.1883890273e-18 5.4014095022e-18 -4.0677242843e+03 -3.3774152348e+03 -4.6638871790e+09 -9.5625971458e+06 3.5491880518e+06 6.2756021249e+02 0.0000000000e+00 -0.0000000000e+00
1.6913071875e+05 1.8964075008e-13 6.5853948408e-14 -9.3543515054e+06 2.4352581913e+07 4.0370101720e-18 5.8752987712e-18 -3.9613672815e+03 -3.7103642600e+03 -4.6638865758e+09 -9.5625971458e+06 3.5491880518e+06 6.0601240436e+02 0.0000000000e+00 -0.0000000000e+00
1.6973673115e+05 1.9202470273e-13 6.9559408280e-14 -1.1711059473e+07 2.2002210811e+07 3.8175082379e-18 6.3565314180e-18 -3.8071478050e+03 -4.0484726561e+03 -4.6638855021e+09 -9.5625971458e+06 3.5491880518e+06 5.4954544800e+02 0.0000000000e+00 -0.0000000000e+00
1.7028627660e+05 1.9405122320e-13 7.3174689044e-14 -1.3753113827e+07 1.9691620625e+07 3.5454689524e-18 6.8008393562e-18 -3.6160162035e+03 -4.3606381863e+03 -4.6638843690e+09 -9.5625971458e+06 3.5491880518e+06 4.9578818572e+02 0.0000000000e+00 -0.0000000000e+00
1.7078206478e+05 1.9573461516e-13 7.6644714397e-14 -1.5493612588e+07 1.7460638753e+07 3.2347216475e-18 7.1949109071e-18 -3.3976888029e+03 -4.6375082218e+03 -4.6638834303e+09 -9.5625971458e+06 3.5491880518e+06 4.6201107183e+02 0.0000000000e+00 -0.0000000000e+00
1.7124407586e+05 1.9715111453e-13 8.0050303578e-14 -1.7008596113e+07 1.5260825293e+07 2.8880937809e-18 7.5434539729e-18 -3.1541521418e+03 -4.8823904793e+03 -4.6638826844e+09 -9.5625971458e+06 3.5491880518e+06 4.4692679644e+02 0.0000000000e+00 -0.0000000000e+00
1.7169100265e+05 1.9835754405e-13 8.3491758516e-14 -1.8359017054e+07 1.3029514512e+07 2.5029151068e-18 7.8512869185e-18 -2.8835301369e+03 -5.0986702853e+03 -4.6638821148e+09 -9.5625971458e+06 3.5491880518e+06 4.3018835641e+02 0.0000000000e+00 -0.0000000000e+00
1.7207781415e+05 1.9925541605e-13 8.6575135907e-14 -1.9425018715e+07 1.1024683566e+07 2.1345963436e-18 8.0856638973e-18 -2.6247537071e+03 -5.2633407933e+03 -4.6638819281e+09 -9.5625971458e+06 3.5491880518e+06 3.8923897835e+02 0.0000000000e+00 -0.0000000000e+00
1.7246705313e+05 2.0000976241e-13 8.9762422810e-14 -2.0392911890e+07 8.9478606177e+06 1.7376098953e-18 8.2847532599e-18 -2.3458356989e+03 -5.4032186372e+03 -4.6638818786e+09 -9.5625971458e+06 3.5491880518e+06 3.6302503526e+02 0.0000000000e+00 -0.0000000000e+00
1.7280000000e+05 2.0052954925e-13 9.2544551488e-14 -2.1132677052e+07 7.1321922187e+06 1.3828981535e-18 8.4221228983e-18 -2.0966194022e+03 -5.4997329291e+03 -4.6638819224e+09 -9.5625971458e+06 3.5491880518e+06 3.4174689491e+02 0.0000000000e+00 -0.0000000000e+00
1.7280000000e+05 2.0052954925e-13 9.2544551488e-14 -2.1132677052e+07 7.1321922187e+06 1.3828981535e-18 8.4221228983e-18 -2.0966194022e+03 -5.4997329291e+03 -4.6638819224e+09 -9.5625971458e+06 3.5491880518e+06 3.4174689491e+02 0.0000000000e+00 -0.0000000000e+00
