0.0000000000e+00 0.0000000000e+00 0.0000000000e+00 3.1415900000e+08 0.0000000000e+00 0.0000000000e+00 0.0000000000e+00 -1.1990644820e+03 4.7374769230e+01 -4.6638893013e+09 -1.0192048097e+07 4.0268553845e+05 1.0000000000e+01 0.0000000000e+00 -0.0000000000e+00
1.0000000000e+01 2.8740026982e-22 1.4446988665e-28 3.1414700915e+08 4.7374769220e+02 5.7480785288e-23 4.3341793145e-29 -1.1991048673e+03 4.7374769200e+01 -4.6638893013e+09 -1.0192048097e+07 4.0268553845e+05 5.0000000000e+01 0.0000000000e+00 -0.0000000000e+00
6.0000000000e+01 1.0347726341e-20 3.1214431171e-26 3.1408704886e+08 2.8424861319e+03 3.4495054880e-22 1.5609003215e-27 -1.1993068402e+03 4.7374768133e+01 -4.6638893013e+09 -1.0192048097e+07 4.0268553845e+05 2.5000000000e+02 0.0000000000e+00 -0.0000000000e+00
3.1000000000e+02 2.7640273460e-19 4.3113070063e-24 3.1378709581e+08 1.4686175432e+04 1.7839478161e-21 4.1747049073e-26 -1.2003178627e+03 4.7374739899e+01 -4.6638893013e+09 -1.0192048097e+07 4.0268553845e+05 1.2500000000e+03 0.0000000000e+00 -0.0000000000e+00
1.5600000000e+03 7.0219184697e-18 5.5337664894e-22 3.1228352589e+08 7.3904251203e+04 9.0204634147e-21 1.0673803297e-24 -1.2054021535e+03 4.7374019301e+01 -4.6638893013e+09 -1.0192048097e+07 4.0268553845e+05 3.6000000000e+03 0.0000000000e+00 -0.0000000000e+00
5.1600000000e+03 7.7544402312e-17 2.0450651381e-20 3.0791734549e+08 2.4443944084e+05 3.0258368350e-20 1.2010264703e-23 -1.2203236556e+03 4.7366330959e+01 -4.6638893012e+09 -1.0192048097e+07 4.0268553845e+05 3.6000000000e+03 0.0000000000e+00 -0.0000000000e+00
8.7600000000e+03 2.2561984862e-16 1.0222587377e-19 3.0349667729e+08 4.1493115576e+05 5.2111096796e-20 3.5622314029e-23 -1.2356771255e+03 4.7349741411e+01 -4.6638893010e+09 -1.0192048097e+07 4.0268553845e+05 3.6000000000e+03 0.0000000000e+00 -0.0000000000e+00
1.2360000000e+04 4.5352435658e-16 2.9348128201e-19 2.9901992213e+08 5.8534595119e+05 7.4613975020e-20 7.3030162374e-23 -1.2514873830e+03 4.7323459097e+01 -4.6638893009e+09 -1.0192048097e+07 4.0268553845e+05 3.6000000000e+03 0.0000000000e+00 -0.0000000000e+00
1.5960000000e+04 7.6366650271e-16 6.4609217899e-19 2.9448538777e+08 7.5564738015e+05 9.7805328465e-20 1.2548367843e-22 -1.2677813551e+03 4.7286605874e+01 -4.6638893007e+09 -1.0192048097e+07 4.0268553846e+05 3.6000000000e+03 0.0000000000e+00 -0.0000000000e+00
1.9560000000e+04 1.1585987389e-15 1.2166798726e-18 2.8989128089e+08 9.2579566117e+05 1.2172682322e-19 1.9437265966e-22 -1.2845883159e+03 4.7238205286e+01 -4.6638893006e+09 -1.0192048097e+07 4.0268553845e+05 3.6000000000e+03 0.0000000000e+00 -0.0000000000e+00
2.3160000000e+04 1.6410301059e-15 2.0671495171e-18 2.8523569815e+08 1.0957473004e+06 1.4642385675e-19 2.8124627509e-22 -1.3019401611e+03 4.7177168906e+01 -4.6638893004e+09 -1.0192048097e+07 4.0268553845e+05 3.6000000000e+03 0.0000000000e+00 -0.0000000000e+00
2.6760000000e+04 2.2138404555e-15 3.2653036875e-18 2.8051661620e+08 1.2654546606e+06 1.7194600667e-19 3.8783579604e-22 -1.3198717234e+03 4.7102280362e+01 -4.6638893001e+09 -1.0192048097e+07 4.0268553845e+05 3.6000000000e+03 0.0000000000e+00 -0.0000000000e+00
3.0360000000e+04 2.8800964074e-15 4.8855446763e-18 2.7573188047e+08 1.4348654676e+06 1.9834754784e-19 5.1608127788e-22 -1.3384211356e+03 4.7012176596e+01 -4.6638892998e+09 -1.0192048097e+07 4.0268553845e+05 3.6000000000e+03 0.0000000000e+00 -0.0000000000e+00
3.3960000000e+04 3.6430693100e-15 7.0096811595e-18 2.7087919255e+08 1.6039222435e+06 2.2568805094e-19 6.6816301298e-22 -1.3576302514e+03 4.6905325758e+01 -4.6638892995e+09 -1.0192048097e+07 4.0268553845e+05 3.6000000000e+03 0.0000000000e+00 -0.0000000000e+00
3.7560000000e+04 4.5062555254e-15 9.7278581765e-18 2.6595609594e+08 1.7725616536e+06 2.5403307782e-19 8.4653877495e-22 -1.3775451339e+03 4.6780001046e+01 -4.6638892991e+09 -1.0192048097e+07 4.0268553845e+05 3.6000000000e+03 0.0000000000e+00 -0.0000000000e+00
4.1160000000e+04 5.4733994203e-15 1.3139633483e-17 2.6095995988e+08 1.9407137496e+06 2.8345499309e-19 1.0539881304e-21 -1.3982166254e+03 4.6634249569e+01 -4.6638892986e+09 -1.0192048097e+07 4.0268553845e+05 3.6000000000e+03 0.0000000000e+00 -0.0000000000e+00
4.4760000000e+04 6.5485195229e-15 1.7355228499e-17 2.5588796101e+08 2.1083010914e+06 3.1403391581e-19 1.2936654263e-21 -1.4197010167e+03 4.6465855121e+01 -4.6638892980e+09 -1.0192048097e+07 4.0268553845e+05 3.6000000000e+03 0.0000000000e+00 -0.0000000000e+00
4.8360000000e+04 7.7359384011e-15 2.2496988614e-17 2.5073706234e+08 2.2752377204e+06 3.4585884075e-19 1.5691634903e-21 -1.4420608346e+03 4.6272293422e+01 -4.6638892973e+09 -1.0192048097e+07 4.0268553845e+05 3.6000000000e+03 0.0000000000e+00 -0.0000000000e+00
5.1960000000e+04 9.0403169375e-15 2.8701095897e-17 2.4550398919e+08 2.4414279569e+06 3.7902896675e-19 1.8845906498e-21 -1.4653657749e+03 4.6050678011e+01 -4.6638892965e+09 -1.0192048097e+07 4.0268553845e+05 3.6000000000e+03 0.0000000000e+00 -0.0000000000e+00
5.5560000000e+04 1.0466693828e-14 3.6119587944e-17 2.4018520143e+08 2.6067649809e+06 4.1365527903e-19 2.2446644198e-21 -1.4896938145e+03 4.5797694416e+01 -4.6638892955e+09 -1.0192048097e+07 4.0268553845e+05 3.6000000000e+03 0.0000000000e+00 -0.0000000000e+00
5.9160000000e+04 1.2020531321e-14 4.4922750349e-17 2.3477686136e+08 2.7711291518e+06 4.4986244542e-19 2.6548262101e-21 -1.5151325437e+03 4.5509519568e+01 -4.6638892942e+09 -1.0192048097e+07 4.0268553845e+05 3.6000000000e+03 0.0000000000e+00 -0.0000000000e+00
6.2760000000e+04 1.3707768462e-14 5.5301968265e-17 2.2927479626e+08 2.9343860046e+06 4.8779110349e-19 3.1213827488e-21 -1.5417807726e+03 4.5181722433e+01 -4.6638892927e+09 -1.0192048097e+07 4.0268553845e+05 3.6000000000e+03 0.0000000000e+00 -0.0000000000e+00
6.6360000000e+04 1.5534883417e-14 6.7473146128e-17 2.2367445465e+08 3.0963838474e+06 5.2760063817e-19 3.6516817501e-21 -1.5697504833e+03 4.4809140593e+01 -4.6638892907e+09 -1.0192048097e+07 4.0268553845e+05 3.6000000000e+03 0.0000000000e+00 -0.0000000000e+00
6.9960000000e+04 1.7508966875e-14 8.1680836044e-17 2.1797085470e+08 3.2569508609e+06 5.6947258026e-19 4.2543318798e-21 -1.5991692172e+03 4.4385725702e+01 -4.6638892883e+09 -1.0192048097e+07 4.0268553845e+05 3.6000000000e+03 0.0000000000e+00 -0.0000000000e+00
7.3560000000e+04 1.9637809043e-14 9.8203257501e-17 2.1215852310e+08 3.4158915712e+06 6.1361479804e-19 4.9394805900e-21 -1.6301830201e+03 4.3904348279e+01 -4.6638892851e+09 -1.0192048097e+07 4.0268553845e+05 3.6000000000e+03 0.0000000000e+00 -0.0000000000e+00
7.7160000000e+04 2.1930003508e-14 1.1735844832e-16 2.0623142210e+08 3.5729825287e+06 6.6026671219e-19 5.7191683617e-21 -1.6629601061e+03 4.3356548823e+01 -4.6638892811e+09 -1.0192048097e+07 4.0268553845e+05 3.6000000000e+03 0.0000000000e+00 -0.0000000000e+00
8.0760000000e+04 2.4395072149e-14 1.3951186558e-16 2.0018286174e+08 3.7279669676e+06 7.0970584531e-19 6.6077850035e-21 -1.6976954594e+03 4.2732217225e+01 -4.6638892758e+09 -1.0192048097e+07 4.0268553845e+05 3.6000000000e+03 0.0000000000e+00 -0.0000000000e+00
8.4360000000e+04 2.7043616663e-14 1.6508586487e-16 1.9400539339e+08 3.8805481458e+06 7.6225613263e-19 7.6226639924e-21 -1.7346166731e+03 4.2019175187e+01 -4.6638892689e+09 -1.0192048097e+07 4.0268553845e+05 3.6000000000e+03 0.0000000000e+00 -0.0000000000e+00
8.7960000000e+04 2.9887504028e-14 1.9457164171e-16 1.8769067945e+08 4.0303809551e+06 8.1829858714e-19 8.7848661162e-21 -1.7739914423e+03 4.1202625648e+01 -4.6638892596e+09 -1.0192048097e+07 4.0268553845e+05 3.6000000000e+03 0.0000000000e+00 -0.0000000000e+00
9.1560000000e+04 3.2940095814e-14 2.2854444164e-16 1.8122933224e+08 4.1770612348e+06 8.7828515644e-19 1.0120226661e-20 -1.8161373001e+03 4.0264417039e+01 -4.6638892470e+09 -1.0192048097e+07 4.0268553845e+05 3.6000000000e+03 0.0000000000e+00 -0.0000000000e+00
9.5160000000e+04 3.6216534855e-14 2.6768317198e-16 1.7461071258e+08 4.3201119925e+06 9.4275697512e-19 1.1660775672e-20 -1.8614344415e+03 3.9182045429e+01 -4.6638892296e+09 -1.0192048097e+07 4.0268553845e+05 3.6000000000e+03 0.0000000000e+00 -0.0000000000e+00
9.8760000000e+04 3.9734108077e-14 3.1279603440e-16 1.6782267488e+08 4.4589653953e+06 1.0123687750e-18 1.3446696171e-20 -1.9103428731e+03 3.7927278697e+01 -4.6638892049e+09 -1.0192048097e+07 4.0268553845e+05 3.6000000000e+03 0.0000000000e+00 -0.0000000000e+00
1.0236000000e+05 4.3512712068e-14 3.6485453825e-16 1.6085124004e+08 4.5929388722e+06 1.0879220912e-18 1.5529074264e-20 -1.9634257442e+03 3.6464224347e+01 -4.6638891692e+09 -1.0192048097e+07 4.0268553845e+05 3.6000000000e+03 0.0000000000e+00 -0.0000000000e+00
1.0596000000e+05 4.7575459807e-14 4.2503941113e-16 1.5368016914e+08 4.7212028578e+06 1.1704113047e-18 1.7973842179e-20 -2.0213816952e+03 3.4746559172e+01 -4.6638891164e+09 -1.0192048097e+07 4.0268553845e+05 3.6000000000e+03 0.0000000000e+00 -0.0000000000e+00
1.0956000000e+05 5.1949485309e-14 4.9480377690e-16 1.4629039814e+08 4.8427364044e+06 1.2610888861e-18 2.0867566048e-20 -2.0850906970e+03 3.2713462825e+01 -4.6638890357e+09 -1.0192048097e+07 4.0268553845e+05 3.4313562118e+03 0.0000000000e+00 -0.0000000000e+00
1.1264427877e+05 5.5968742598e-14 5.6355525181e-16 1.3976826613e+08 4.9405494219e+06 1.3464928023e-18 2.3790585499e-20 -2.1450944838e+03 3.0659783747e+01 -4.6638889790e+09 -1.0192048097e+07 4.0268553845e+05 3.1042587366e+03 0.0000000000e+00 -0.0000000000e+00
1.1574853751e+05 6.0292884874e-14 6.4262591429e-16 1.3300796825e+08 5.0320588460e+06 1.4410066607e-18 2.7248885506e-20 -2.2114988088e+03 2.8230022849e+01 -4.6638888897e+09 -1.0192048097e+07 4.0268553845e+05 2.7993918423e+03 0.0000000000e+00 -0.0000000000e+00
1.1826105869e+05 6.4017356309e-14 7.1509645800e-16 1.2737852352e+08 5.1001720060e+06 1.5249278307e-18 3.0516447202e-20 -2.2704608355e+03 2.5934272443e+01 -4.6638888430e+09 -1.0192048097e+07 4.0268553845e+05 2.5295038226e+03 0.0000000000e+00 -0.0000000000e+00
1.2079056252e+05 6.7989738846e-14 7.9698784728e-16 1.2155453609e+08 5.1624707391e+06 1.6173485789e-18 3.4329255330e-20 -2.3353945659e+03 2.3255438309e+01 -4.6638887711e+09 -1.0192048097e+07 4.0268553845e+05 2.2819652722e+03 0.0000000000e+00 -0.0000000000e+00
1.2283811013e+05 7.1383777315e-14 8.7083851458e-16 1.1671478297e+08 5.2075862249e+06 1.6989760780e-18 3.7883657911e-20 -2.3927450865e+03 2.0758156872e+01 -4.6638887344e+09 -1.0192048097e+07 4.0268553845e+05 2.0622422559e+03 0.0000000000e+00 -0.0000000000e+00
1.2490035239e+05 7.4978344361e-14 9.5308884964e-16 1.1171652101e+08 5.2474963581e+06 1.7884001411e-18 4.1978808829e-20 -2.4555733811e+03 1.7880952015e+01 -4.6638886793e+09 -1.0192048097e+07 4.0268553845e+05 1.8571549112e+03 0.0000000000e+00 -0.0000000000e+00
1.2656101668e+05 7.8012311861e-14 1.0258529974e-15 1.0759364757e+08 5.2750467116e+06 1.8664951742e-18 4.5727328498e-20 -2.5104420326e+03 1.5247286196e+01 -4.6638886527e+09 -1.0192048097e+07 4.0268553845e+05 1.6743714106e+03 0.0000000000e+00 -0.0000000000e+00
1.2805957450e+05 8.0865502618e-14 1.0971675793e-15 1.0379216186e+08 5.2959357563e+06 1.9423257407e-18 4.9520821699e-20 -2.5637196966e+03 1.2582022502e+01 -4.6638886307e+09 -1.0192048097e+07 4.0268553845e+05 1.5118288930e+03 0.0000000000e+00 -0.0000000000e+00
1.2940435772e+05 8.3526017970e-14 1.1662683578e-15 1.0031043328e+08 5.3110951568e+06 2.0152949283e-18 5.3314158545e-20 -2.6149869893e+03 9.9168686620e+00 -4.6638886133e+09 -1.0192048097e+07 4.0268553845e+05 1.3588381426e+03 0.0000000000e+00 -0.0000000000e+00
1.3060052853e+05 8.5977674807e-14 1.2322379003e-15 9.7153642091e+07 5.3214140486e+06 2.0846156747e-18 5.7047762863e-20 -2.6636909301e+03 7.2936821925e+00 -4.6638886004e+09 -1.0192048097e+07 4.0268553845e+05 1.2121262146e+03 0.0000000000e+00 -0.0000000000e+00
1.3164733148e+05 8.8193279339e-14 1.2938051758e-15 9.4341800177e+07 5.3277496533e+06 2.1491006324e-18 6.0634607880e-20 -2.7089973028e+03 4.7736070818e+00 -4.6638885918e+09 -1.0192048097e+07 4.0268553845e+05 1.0671647701e+03 0.0000000000e+00 -0.0000000000e+00
1.3253155538e+05 9.0118790875e-14 1.3488569970e-15 9.1928716949e+07 5.3309607947e+06 2.2066517603e-18 6.3928343396e-20 -2.7494320482e+03 2.4594672581e+00 -4.6638885870e+09 -1.0192048097e+07 4.0268553845e+05 9.1680501494e+02 0.0000000000e+00 -0.0000000000e+00
1.3323165829e+05 9.1680274356e-14 1.3945830065e-15 8.9992168494e+07 5.3320014522e+06 2.2544110227e-18 6.6727984857e-20 -2.7829871441e+03 4.9247210461e-01 -4.6638885852e+09 -1.0192048097e+07 4.0268553845e+05 7.4292619220e+02 0.0000000000e+00 -0.0000000000e+00
1.3397458448e+05 9.3374664226e-14 1.4453231140e-15 8.7910893696e+07 5.3315480065e+06 2.3073949099e-18 6.9904282548e-20 -2.8202129999e+03 -1.7391572847e+00 -4.6638885823e+09 -1.0192048097e+07 4.0268553845e+05 8.0613319703e+02 0.0000000000e+00 -0.0000000000e+00
1.3478071768e+05 9.5258867999e-14 1.5031518315e-15 8.5620468608e+07 5.3291086041e+06 2.3678048150e-18 7.3616113702e-20 -2.8626562885e+03 -4.3470461852e+00 -4.6638885768e+09 -1.0192048097e+07 4.0268553845e+05 8.8161681023e+02 0.0000000000e+00 -0.0000000000e+00
1.3566233449e+05 9.7376863774e-14 1.5699699967e-15 8.3075274290e+07 5.3239293402e+06 2.4376931115e-18 7.8030487705e-20 -2.9117589834e+03 -7.4485334255e+00 -4.6638885657e+09 -1.0192048097e+07 4.0268553845e+05 9.1876837389e+02 0.0000000000e+00 -0.0000000000e+00
1.3658110286e+05 9.9651777186e-14 1.6439441117e-15 8.0375284366e+07 5.3154824370e+06 2.5152493113e-18 8.3080124065e-20 -2.9662490569e+03 -1.0996348525e+01 -4.6638885479e+09 -1.0192048097e+07 4.0268553845e+05 9.3180374014e+02 0.0000000000e+00 -0.0000000000e+00
1.3751290660e+05 1.0203425956e-13 1.7239506110e-15 7.7584087509e+07 5.3034147990e+06 2.5994362101e-18 8.8741277249e-20 -3.0253977816e+03 -1.4973808150e+01 -4.6638885222e+09 -1.0192048097e+07 4.0268553845e+05 9.2877871174e+02 0.0000000000e+00 -0.0000000000e+00
1.3844168532e+05 1.0448992724e-13 1.8092319772e-15 7.4745098720e+07 5.2874977916e+06 2.6896270310e-18 9.5013922189e-20 -3.0887647913e+03 -1.9380894689e+01 -4.6638884875e+09 -1.0192048097e+07 4.0268553845e+05 9.1455116707e+02 0.0000000000e+00 -0.0000000000e+00
1.3935623648e+05 1.0699296776e-13 1.8992220753e-15 7.1889886080e+07 5.2675984579e+06 2.7854197594e-18 1.0191163651e-19 -3.1560676353e+03 -2.4227147622e+01 -4.6638884430e+09 -1.0192048097e+07 4.0268553845e+05 8.9235390400e+02 0.0000000000e+00 -0.0000000000e+00
1.4024859039e+05 1.0952306618e-13 1.9934647399e-15 6.9042278826e+07 5.2436597307e+06 2.8865491697e-18 1.0945697361e-19 -3.2271199693e+03 -2.9528412701e+01 -4.6638883874e+09 -1.0192048097e+07 4.0268553845e+05 8.6448188905e+02 0.0000000000e+00 -0.0000000000e+00
1.4111307228e+05 1.1206374494e-13 2.0915716774e-15 6.6220658289e+07 5.2156855806e+06 2.9928401481e-18 1.1767913581e-19 -3.3017987602e+03 -3.5305207132e+01 -4.6638883199e+09 -1.0192048097e+07 4.0268553845e+05 8.3263344168e+02 0.0000000000e+00 -0.0000000000e+00
1.4194570572e+05 1.1460137913e-13 2.1931989262e-15 6.3439365178e+07 5.1837292884e+06 3.1041806003e-18 1.2661272774e-19 -3.3800252520e+03 -4.1581843716e+01 -4.6638882394e+09 -1.0192048097e+07 4.0268553845e+05 7.9809929065e+02 0.0000000000e+00 -0.0000000000e+00
1.4274380501e+05 1.1712456793e-13 2.2980329718e-15 6.0709629898e+07 5.1478838910e+06 3.2205046338e-18 1.3629707261e-19 -3.4617531494e+03 -4.8385950491e+01 -4.6638881448e+09 -1.0192048097e+07 4.0268553845e+05 7.6187678261e+02 0.0000000000e+00 -0.0000000000e+00
1.4350568179e+05 1.1962370861e-13 2.4057822641e-15 5.8040223667e+07 5.1082742426e+06 3.3417815598e-18 1.4677584741e-19 -3.5469608908e+03 -5.5748214387e+01 -4.6638880349e+09 -1.0192048097e+07 4.0268553845e+05 7.2474381116e+02 0.0000000000e+00 -0.0000000000e+00
1.4423042560e+05 1.2209069261e-13 2.5161719223e-15 5.5437935172e+07 5.0650503383e+06 3.4680083997e-18 1.5809691182e-19 -3.6356463835e+03 -6.3702261054e+01 -4.6638879085e+09 -1.0192048097e+07 4.0268553845e+05 6.8730941196e+02 0.0000000000e+00 -0.0000000000e+00
1.4491773501e+05 1.2451867889e-13 2.6289403974e-15 5.2907932269e+07 5.0183816591e+06 3.5992046061e-18 1.7031226253e-19 -3.7278232947e+03 -7.2284622751e+01 -4.6638877644e+09 -1.0192048097e+07 4.0268553845e+05 6.5004999829e+02 0.0000000000e+00 -0.0000000000e+00
1.4556778501e+05 1.2690191834e-13 2.7438373725e-15 5.0454044405e+07 4.9684523648e+06 3.7354082408e-18 1.8347807364e-19 -3.8235183660e+03 -8.1534766743e+01 -4.6638876012e+09 -1.0192048097e+07 4.0268553845e+05 6.1333627106e+02 0.0000000000e+00 -0.0000000000e+00
1.4618112128e+05 1.2923561298e-13 2.8606224571e-15 4.8078988266e+07 4.9154572026e+06 3.8766731427e-18 1.9765479971e-19 -3.9227694241e+03 -9.1495167699e+01 -4.6638874176e+09 -1.0192048097e+07 4.0268553845e+05 5.7745379645e+02 0.0000000000e+00 -0.0000000000e+00
1.4675857508e+05 1.3151579998e-13 2.9790643998e-15 4.5784551372e+07 4.8595980275e+06 4.0230667902e-18 2.1290732707e-19 -4.0256238786e+03 -1.0221141398e+02 -4.6638872121e+09 -1.0192048097e+07 4.0268553845e+05 5.4261910724e+02 0.0000000000e+00 -0.0000000000e+00
1.4730119419e+05 1.3373925367e-13 3.0989406336e-15 4.3571743667e+07 4.8010808509e+06 4.1746686605e-18 2.2930516430e-19 -4.1321375691e+03 -1.1373234150e+02 -4.6638869831e+09 -1.0192048097e+07 4.0268553845e+05 5.0899253196e+02 0.0000000000e+00 -0.0000000000e+00
1.4781018672e+05 1.3590340132e-13 3.2200370369e-15 4.1440924120e+07 4.7401133463e+06 4.3315689522e-18 2.4692266648e-19 -4.2423738682e+03 -1.2611019127e+02 -4.6638867289e+09 -1.0192048097e+07 4.0268553845e+05 4.7668855990e+02 0.0000000000e+00 -0.0000000000e+00
1.4828687528e+05 1.3800624948e-13 3.3421478262e-15 3.9391907424e+07 4.6769027529e+06 4.4938675797e-18 2.6583928953e-19 -4.3564029745e+03 -1.3940078807e+02 -4.6638864479e+09 -1.0192048097e+07 4.0268553845e+05 4.4578430559e+02 0.0000000000e+00 -0.0000000000e+00
1.4873265958e+05 1.4004631885e-13 3.4650755270e-15 3.7424054555e+07 4.6116541251e+06 4.6616733724e-18 2.8613987280e-19 -4.4743013502e+03 -1.5366373905e+02 -4.6638861381e+09 -1.0192048097e+07 4.0268553845e+05 4.1632647441e+02 0.0000000000e+00 -0.0000000000e+00
1.4914898606e+05 1.4202258623e-13 3.5886309843e-15 3.5536350057e+07 4.5445688851e+06 4.8351034307e-18 3.0791494880e-19 -4.5961512689e+03 -1.6896265127e+02 -4.6638857976e+09 -1.0192048097e+07 4.0268553845e+05 3.8833713145e+02 0.0000000000e+00 -0.0000000000e+00
1.4953732319e+05 1.4393443230e-13 3.7126333872e-15 3.3727468243e+07 4.4758436376e+06 5.0142826049e-18 3.3126107989e-19 -4.7220404487e+03 -1.8536536831e+02 -4.6638854242e+09 -1.0192048097e+07 4.0268553845e+05 3.6181849318e+02 0.0000000000e+00 -0.0000000000e+00
1.4989914168e+05 1.4578159454e-13 3.8369102918e-15 3.1995830077e+07 4.4056692141e+06 5.1993430677e-18 3.5628122197e-19 -4.8520617526e+03 -2.0294422578e+02 -4.6638850158e+09 -1.0192048097e+07 4.0268553845e+05 3.3675692076e+02 0.0000000000e+00 -0.0000000000e+00
1.5023589860e+05 1.4756412465e-13 3.9612976286e-15 3.0339652134e+07 4.3342299161e+06 5.3904239615e-18 3.8308511592e-19 -4.9863129406e+03 -2.2177632633e+02 -4.6638845699e+09 -1.0192048097e+07 4.0268553845e+05 3.1312625133e+02 0.0000000000e+00 -0.0000000000e+00
1.5054902486e+05 1.4928234981e-13 4.0856396909e-15 2.8756988783e+07 4.2617029299e+06 5.5876711046e-18 4.1178970778e-19 -5.1248964628e+03 -2.4194383487e+02 -4.6638840841e+09 -1.0192048097e+07 4.0268553845e+05 2.9089057532e+02 0.0000000000e+00 -0.0000000000e+00
1.5083991543e+05 1.5093683766e-13 4.2097890975e-15 2.7245768523e+07 4.1882578913e+06 5.7912367426e-18 4.4251959869e-19 -5.2679192852e+03 -2.6353429470e+02 -4.6638835557e+09 -1.0192048097e+07 4.0268553845e+05 2.7000655168e+02 0.0000000000e+00 -0.0000000000e+00
1.5110992198e+05 1.5252836441e-13 4.3336067300e-15 2.5803825291e+07 4.1140565774e+06 6.0012793356e-18 4.7540752633e-19 -5.4154927399e+03 -2.8664096574e+02 -4.6638829818e+09 -1.0192048097e+07 4.0268553845e+05 2.5042533311e+02 0.0000000000e+00 -0.0000000000e+00
1.5136034732e+05 1.5405788589e-13 4.4569616432e-15 2.4428925372e+07 4.0392527090e+06 6.2179633718e-18 5.1059487924e-19 -5.5677323945e+03 -3.1136318592e+02 -4.6638823594e+09 -1.0192048097e+07 4.0268553845e+05 2.3209416218e+02 0.0000000000e+00 -0.0000000000e+00
1.5159244148e+05 1.5552651138e-13 4.5797309500e-15 2.3118790510e+07 3.9639918458e+06 6.4414592021e-18 5.4823224613e-19 -5.7247579355e+03 -3.3780675711e+02 -4.6638816853e+09 -1.0192048097e+07 4.0268553845e+05 2.1495769034e+02 0.0000000000e+00 -0.0000000000e+00
1.5180739917e+05 1.5693547989e-13 4.7017996828e-15 2.1871117684e+07 3.8884113612e+06 6.6719428874e-18 5.8848000218e-19 -5.8866930613e+03 -3.6608435701e+02 -4.6638809562e+09 -1.0192048097e+07 4.0268553845e+05 1.9895906106e+02 0.0000000000e+00 -0.0000000000e+00
1.5200635823e+05 1.5828613865e-13 4.8230606323e-15 2.0683595984e+07 3.8126404842e+06 6.9095960551e-18 6.3150893453e-19 -6.0536653809e+03 -3.9631597865e+02 -4.6638801683e+09 -1.0192048097e+07 4.0268553845e+05 1.8404079460e+02 0.0000000000e+00 -0.0000000000e+00
1.5219039902e+05 1.5957992385e-13 4.9434141676e-15 1.9553920942e+07 3.7368003965e+06 7.1546057588e-18 6.7750090960e-19 -6.2258063163e+03 -4.2862939926e+02 -4.6638793179e+09 -1.0192048097e+07 4.0268553845e+05 1.7014550443e+02 0.0000000000e+00 -0.0000000000e+00
1.5236054453e+05 1.6081834321e-13 5.0627680377e-15 1.8479806637e+07 3.6610043755e+06 7.4071643375e-18 7.2664958481e-19 -6.4032510024e+03 -4.6316068024e+02 -4.6638784007e+09 -1.0192048097e+07 4.0268553845e+05 1.5721647198e+02 0.0000000000e+00 -0.0000000000e+00
1.5251776100e+05 1.6200296039e-13 5.1810371601e-15 1.7458995857e+07 3.5853579756e+06 7.6674692691e-18 7.7916116765e-19 -6.5861381850e+03 -5.0005470056e+02 -4.6638774126e+09 -1.0192048097e+07 4.0268553845e+05 1.4519810102e+02 0.0000000000e+00 -0.0000000000e+00
1.5266295910e+05 1.6313538103e-13 5.2981433955e-15 1.6489268554e+07 3.5099592388e+06 7.9357230155e-18 8.3525522535e-19 -6.7746101112e+03 -5.3946572557e+02 -4.6638763488e+09 -1.0192048097e+07 4.0268553845e+05 1.3403627175e+02 0.0000000000e+00 -0.0000000000e+00
1.5279699537e+05 1.6421724031e-13 5.4140153138e-15 1.5568448815e+07 3.4348989297e+06 8.2121328533e-18 8.9516554834e-19 -6.9688124114e+03 -5.8155801368e+02 -4.6638752045e+09 -1.0192048097e+07 4.0268553846e+05 1.2367861016e+02 0.0000000000e+00 -0.0000000000e+00
1.5292067398e+05 1.6525019195e-13 5.5285879514e-15 1.4694410521e+07 3.3602607880e+06 8.4969106882e-18 9.5914107145e-19 -7.1688939679e+03 -6.2650646356e+02 -4.6638739744e+09 -1.0192048097e+07 4.0268553846e+05 1.1407468659e+02 0.0000000000e+00 -0.0000000000e+00
1.5303474867e+05 1.6623589836e-13 5.6418025637e-15 1.3865081886e+07 3.2861217953e+06 8.7902728464e-18 1.0274468565e-18 -7.3750067689e+03 -6.7449730453e+02 -4.6638726530e+09 -1.0192048097e+07 4.0268553845e+05 1.0517615567e+02 0.0000000000e+00 -0.0000000000e+00
1.5313992483e+05 1.6717602212e-13 5.7536063736e-15 1.3078448997e+07 3.2125524499e+06 9.0924398403e-18 1.1003651409e-18 -7.5873057439e+03 -7.2572883326e+02 -4.6638712344e+09 -1.0192048097e+07 4.0268553845e+05 9.6936847119e+01 0.0000000000e+00 -0.0000000000e+00
1.5323686167e+05 1.6807221841e-13 5.8639523180e-15 1.2332558498e+07 3.1396170484e+06 9.4036361036e-18 1.1781964564e-18 -7.8059485774e+03 -7.8041219993e+02 -4.6638697124e+09 -1.0192048097e+07 4.0268553846e+05 8.9312816698e+01 0.0000000000e+00 -0.0000000000e+00
1.5332617449e+05 1.6892612844e-13 5.9727987939e-15 1.1625519531e+07 3.0673739690e+06 9.7240896887e-18 1.2612608239e-18 -8.0310954962e+03 -8.3877224731e+02 -4.6638680803e+09 -1.0192048097e+07 4.0268553845e+05 8.2262364274e+01 0.0000000000e+00 -0.0000000000e+00
1.5340843685e+05 1.6973937379e-13 6.0801094065e-15 1.0955505037e+07 2.9958759556e+06 1.0054031924e-17 1.3498990281e-18 -8.2629090290e+03 -9.0104840677e+02 -4.6638663311e+09 -1.0192048097e+07 4.0268553845e+05 7.5746025083e+01 4.8012803426e-295 -3.3921566403e-287
1.5348418288e+05 1.7051355153e-13 6.1858527182e-15 1.0320752496e+07 2.9251703993e+06 1.0393697022e-17 1.4444739796e-18 -8.5015537305e+03 -9.6749565502e+02 -4.6638644573e+09 -1.0192048097e+07 4.0268553845e+05 6.9726539851e+01 3.4244224421e-257 -2.4905701063e-249
1.5355390942e+05 1.7125023008e-13 6.2900020024e-15 9.7195642002e+06 2.8552996162e+06 1.0743321632e-17 1.5453721694e-18 -8.7471958688e+03 -1.0383855362e+03 -4.6638624509e+09 -1.0192048097e+07 4.0268553846e+05 6.4168808092e+01 2.3977371283e-221 -1.7952629652e-213
1.5361807823e+05 1.7195094569e-13 6.3925350014e-15 9.1503071156e+06 2.7863011199e+06 1.1103144337e-17 1.6530052239e-18 -9.0000030678e+03 -1.1140072540e+03 -4.6638603036e+09 -1.0192048097e+07 4.0268553845e+05 5.9039828129e+01 2.0649440077e-187 -1.5917379648e-179
1.5367711806e+05 1.7261719958e-13 6.4934336897e-15 8.6114124064e+06 2.7182078868e+06 1.1473405069e-17 1.7678115659e-18 -9.2601439020e+03 -1.1946688392e+03 -4.6638580063e+09 -1.0192048097e+07 4.0268553846e+05 5.4308627382e+01 2.7161821640e-155 -2.1556587975e-147
1.5373142668e+05 1.7325045556e-13 6.5926840431e-15 8.1013746644e+06 2.6510486148e+06 1.1854344456e-17 1.8902581921e-18 -9.5277874341e+03 -1.2806983982e+03 -4.6638555497e+09 -1.0192048097e+07 4.0268553846e+05 4.9946185294e+01 6.7172954999e-125 -5.4890075501e-117
1.5378137287e+05 1.7385213809e-13 6.6902758153e-15 7.6187508999e+06 2.5848479728e+06 1.2246203078e-17 2.0208425737e-18 -9.8031026913e+03 -1.3724454484e+03 -4.6638529236e+09 -1.0192048097e+07 4.0268553846e+05 4.5925351217e+01 3.8115954558e-96 -3.2070391309e-88
1.5382729822e+05 1.7442363088e-13 6.7862023214e-15 7.1621593313e+06 2.5196268411e+06 1.2649220613e-17 2.1600946910e-18 -1.0086258070e+04 -1.4702823478e+03 -4.6638501175e+09 -1.0192048097e+07 4.0268553846e+05 4.2220759080e+01 6.0049816743e-69 -5.2026731124e-61
1.5386951898e+05 1.7496627576e-13 6.8804602286e-15 6.7302780111e+06 2.4554025431e+06 1.3063634886e-17 2.3085792122e-18 -1.0377420663e+04 -1.5746058255e+03 -4.6638471199e+09 -1.0192048097e+07 4.0268553846e+05 3.8808740364e+01 3.1523299454e-43 -2.8124366398e-35
1.5390832772e+05 1.7548137192e-13 6.9730493564e-15 6.3218433213e+06 2.3921890663e+06 1.3489680776e-17 2.4668978267e-18 -1.0676755493e+04 -1.6858386215e+03 -4.6638439189e+09 -1.0192048097e+07 4.0268553846e+05 3.5667236519e+01 6.5642762477e-19 -6.0310447843e-11
1.5391189444e+05 1.7552956002e-13 6.9818761840e-15 6.2837102004e+06 2.3861564138e+06 1.3531324469e-17 2.4826836418e-18 -1.0706013862e+04 -1.6969295495e+03 -4.6638439189e+09 -1.0192048097e+07 4.0268553846e+05 1.7833618260e+01 1.2228999835e-16 -1.1267450568e-08
1.5392972806e+05 1.7577277364e-13 7.0268777152e-15 6.0914475178e+06 2.3553837310e+06 1.3746512660e-17 2.5651436969e-18 -1.0857202503e+04 -1.7548650059e+03 -4.6638485839e+09 -1.0192047669e+07 4.0268560757e+05 3.3958745104e+01 3.4099195475e-05 -3.1877266281e+03
1.5393312393e+05 1.7581952685e-13 7.0356164105e-15 6.0545273887e+06 2.3494049056e+06 1.3788865524e-17 2.5815493184e-18 -1.0886955549e+04 -1.7663908225e+03 -4.6641882078e+09 -1.0192017258e+07 4.0269053837e+05 4.0490535527e+00 5.3758260492e-03 -5.0397957770e+05
1.5393442519e+05 1.7583748025e-13 7.0389797793e-15 6.0403532755e+06 2.3471034910e+06 1.3805216134e-17 2.5878983542e-18 -1.0898422046e+04 -1.7708481294e+03 -4.6662078235e+09 -1.0191836641e+07 4.0271987121e+05 2.0990043685e+00 3.7510833495e-02 -3.5204484434e+06
1.5393567152e+05 1.7585469591e-13 7.0422089653e-15 6.0267634079e+06 2.3448937623e+06 1.3820940541e-17 2.5940124019e-18 -1.0909335030e+04 -1.7751218643e+03 -4.6790337943e+09 -1.0190690847e+07 4.0290621744e+05 1.4347198713e+00 2.4158801083e-01 -2.2696927920e+07
1.5393662971e+05 1.7586794485e-13 7.0446967913e-15 6.0163062634e+06 2.3431912945e+06 1.3833072405e-17 2.5987350543e-18 -1.0917349861e+04 -1.7783570871e+03 -4.7274945414e+09 -1.0186365418e+07 4.0361050421e+05 1.0344745460e+00 1.0127127328e+00 -9.5215818075e+07
1.5393739705e+05 1.7587856329e-13 7.0466923664e-15 6.0079267412e+06 2.3418257361e+06 1.3842814827e-17 2.6025310077e-18 -1.0922756889e+04 -1.7807897373e+03 -4.8645125663e+09 -1.0174143413e+07 4.0560241097e+05 8.0038342182e-01 3.1926561828e+00 -3.0033076301e+08
1.5393803064e+05 1.7588733643e-13 7.0483422826e-15 6.0010053590e+06 2.3406969029e+06 1.3850877152e-17 2.6056746700e-18 -1.0925092651e+04 -1.7824555118e+03 -5.1818318764e+09 -1.0145849177e+07 4.1021727923e+05 6.5022402340e-01 8.2389554800e+00 -7.7521255864e+08
1.5393856880e+05 1.7589479238e-13 7.0497452954e-15 5.9951260871e+06 2.3397373911e+06 1.3857738265e-17 2.6083516157e-18 -1.0923191359e+04 -1.7832392385e+03 -5.8226332017e+09 -1.0088713633e+07 4.1954232217e+05 5.4745333526e-01 1.8420075268e+01 -1.7328915000e+09
1.5393903717e+05 1.7590128423e-13 7.0509674960e-15 5.9900116428e+06 2.3389022215e+06 1.3863719112e-17 2.6106863600e-18 -1.0915069231e+04 -1.7828670442e+03 -6.9970036746e+09 -9.9839579238e+06 4.3664906633e+05 4.7389449838e-01 3.7045826804e+01 -3.4825892220e+09
1.5393945376e+05 1.7590706093e-13 7.0520555358e-15 5.9854676116e+06 2.3381598226e+06 1.3869046535e-17 2.6127670024e-18 -1.0897717837e+04 -1.7808824179e+03 -9.0047806074e+09 -9.8046557074e+06 4.6594398600e+05 4.1998632910e-01 6.8791526167e+01 -6.4567259878e+09
1.5393987375e+05 1.7591288687e-13 7.0531533033e-15 5.9808973705e+06 2.3374127832e+06 1.3874424528e-17 2.6148683257e-18 -1.0861992677e+04 -1.7759014572e+03 -1.2755711989e+10 -9.4688744721e+06 5.2083125497e+05 3.7867011887e-01 1.2776677261e+02 -1.1952939990e+10
1.5394025242e+05 1.7591814162e-13 7.0541438351e-15 5.9767945767e+06 2.3367418429e+06 1.3879279683e-17 2.6167661629e-18 -1.0801677337e+04 -1.7668132853e+03 -1.8780052569e+10 -8.9271990992e+06 6.0941459975e+05 3.5086784626e-01 2.2157591555e+02 -2.0614177572e+10
1.5394060329e+05 1.7592301220e-13 7.0550622831e-15 5.9730200865e+06 2.3361243296e+06 1.3883783616e-17 2.6185273856e-18 -1.0705244977e+04 -1.7517562115e+03 -2.8127421837e+10 -8.0806265459e+06 7.4791774870e+05 3.4261435924e-01 3.6488345388e+02 -3.3644003544e+10
1.5394094590e+05 1.7592776974e-13 7.0559597231e-15 5.9693767029e+06 2.3355280234e+06 1.3888186438e-17 2.6202496915e-18 -1.0550585804e+04 -1.7271467815e+03 -4.2760279407e+10 -6.7397299248e+06 9.6738351460e+05 3.9269218951e-01 5.8363254811e+02 -5.3036828832e+10
1.5394125714e+05 1.7593209281e-13 7.0567754711e-15 5.9661247210e+06 2.3349955702e+06 1.3892190057e-17 2.6218163630e-18 -1.0332093482e+04 -1.6920123002e+03 -6.2928161816e+10 -4.8586355783e+06 1.2753827679e+06 3.2594318702e-01 8.7360856675e+02 -7.7744723888e+10
1.5394150848e+05 1.7593558494e-13 7.0574346099e-15 5.9635577774e+06 2.3345751359e+06 1.3895426093e-17 2.6230830276e-18 -1.0080849352e+04 -1.6513787571e+03 -8.5512249368e+10 -2.7037348668e+06 1.6283324052e+06 2.5754775647e-01 1.1818386685e+03 -1.0261823613e+11
1.5394176603e+05 1.7593916410e-13 7.0581103463e-15 5.9610038572e+06 2.3341567018e+06 1.3898744513e-17 2.6243822641e-18 -9.7355588850e+03 -1.5953367497e+03 -1.1557494174e+11 2.5105170930e+05 2.1124485090e+06 2.3238968240e-01 1.5636360667e+03 -1.3112016959e+11
1.5394199842e+05 1.7594239438e-13 7.0587203620e-15 5.9587861932e+06 2.3337932450e+06 1.3901740899e-17 2.6255556902e-18 -9.3354737517e+03 -1.5302450594e+03 -1.4904898108e+11 3.6696697620e+06 2.6727355770e+06 2.3509445690e-01 1.9478002276e+03 -1.5662359647e+11
1.5394223351e+05 1.7594566295e-13 7.0593377552e-15 5.9566479486e+06 2.3334426938e+06 1.3904774122e-17 2.6267437945e-18 -8.8398297160e+03 -1.4494723131e+03 -1.8853324873e+11 7.9007584705e+06 3.3663992791e+06 3.3205590693e-01 2.3404334427e+03 -1.7820517565e+11
1.5394241293e+05 1.7594815791e-13 7.0598091174e-15 5.9551004596e+06 2.3331889184e+06 1.3907090242e-17 2.6276511746e-18 -8.4023590341e+03 -1.3781011356e+03 -2.2157544194e+11 1.1633091133e+07 3.9784731619e+06 1.9198166459e-01 2.6135052466e+03 -1.8915059481e+11
1.5394257725e+05 1.7595044339e-13 7.0602409797e-15 5.9537554024e+06 2.3329682833e+06 1.3909212480e-17 2.6284827160e-18 -7.9625070446e+03 -1.3062899123e+03 -2.5309712456e+11 1.5384507054e+07 4.5938345250e+06 1.6585379393e-01 2.8216136045e+03 -1.9352333938e+11
1.5394274311e+05 1.7595275046e-13 7.0606769931e-15 5.9524737253e+06 2.3327579898e+06 1.3911355274e-17 2.6293224187e-18 -7.4888198521e+03 -1.2289115596e+03 -2.8514225075e+11 1.9423644951e+07 5.2565652274e+06 1.5220357279e-01 2.9746386733e+03 -1.9188307213e+11
1.5394289531e+05 1.7595486797e-13 7.0610772440e-15 5.9513681600e+06 2.3325765436e+06 1.3913322406e-17 2.6300933743e-18 -7.0366123295e+03 -1.1550096239e+03 -3.1389798741e+11 2.3279156606e+07 5.8893358280e+06 1.4522785662e-01 3.0554398095e+03 -1.8519507231e+11
1.5394304054e+05 1.7595688871e-13 7.0614592603e-15 5.9503780678e+06 2.3324140057e+06 1.3915199965e-17 2.6308293001e-18 -6.5979070439e+03 -1.0832902030e+03 -3.4008312679e+11 2.7019364319e+07 6.5033458548e+06 1.4277786383e-01 3.0763297398e+03 -1.7483734653e+11
1.5394318332e+05 1.7595887562e-13 7.0618349362e-15 5.9494668189e+06 2.3322643699e+06 1.3917046372e-17 2.6315530824e-18 -6.1673958457e+03 -1.0128915414e+03 -3.6414152298e+11 3.0689736243e+07 7.1060569060e+06 1.4393436910e-01 3.0451677877e+03 -1.6177499592e+11
1.5394332725e+05 1.7596087890e-13 7.0622137596e-15 5.9486099226e+06 2.3321236181e+06 1.3918908223e-17 2.6322829820e-18 -5.7412127504e+03 -9.4318555643e+02 -3.8636127227e+11 3.4323411530e+07 7.7029167391e+06 1.4913666935e-01 2.9673677209e+03 -1.4674956860e+11
1.5394347639e+05 1.7596295486e-13 7.0626063859e-15 5.9477857498e+06 2.3319881978e+06 1.3920837851e-17 2.6330395139e-18 -5.3143470295e+03 -8.7335570845e+02 -4.0702493343e+11 3.7963293893e+07 8.3009884554e+06 1.6099078691e-01 2.8462707787e+03 -1.3029622501e+11
1.5394363738e+05 1.7596519616e-13 7.0630303468e-15 5.9469657957e+06 2.3318534211e+06 1.3922921364e-17 2.6338564441e-18 -4.8763771151e+03 -8.0169942675e+02 -4.2657124057e+11 4.1698480906e+07 8.9149455565e+06 1.9342624294e-01 2.6812330373e+03 -1.1262689393e+11
1.5394383081e+05 1.7596788946e-13 7.0635398987e-15 5.9460705356e+06 2.3317061987e+06 1.3925425290e-17 2.6348382976e-18 -4.3877275954e+03 -7.2174319932e+02 -4.4640192782e+11 4.5866955272e+07 9.6004371190e+06 2.0442359049e-01 2.4539443101e+03 -9.2751436379e+10
1.5394399205e+05 1.7597013505e-13 7.0639648223e-15 5.9453935409e+06 2.3315948128e+06 1.3927513128e-17 2.6356570546e-18 -4.0146157653e+03 -6.6068901940e+02 -4.6014017702e+11 4.9050874394e+07 1.0124287265e+07 1.6337751125e-01 2.2539301360e+03 -7.7948229766e+10
1.5394415543e+05 1.7597241066e-13 7.0643954972e-15 5.9447663107e+06 2.3314915621e+06 1.3929628972e-17 2.6364868476e-18 -3.6691180092e+03 -6.0415366316e+02 -4.7177825921e+11 5.2000241145e+07 1.0609793317e+07 1.5195082342e-01 2.0515682310e+03 -6.4844866954e+10
1.5394430738e+05 1.7597452743e-13 7.0647961721e-15 5.9442313512e+06 2.3314034529e+06 1.3931597174e-17 2.6372587813e-18 -3.3766493767e+03 -5.5629794537e+02 -4.8081616470e+11 5.4497978619e+07 1.1021176906e+07 1.4703756027e-01 1.8696440695e+03 -5.4384994354e+10
1.5394445442e+05 1.7597657604e-13 7.0651840032e-15 5.9437540986e+06 2.3313248044e+06 1.3933502020e-17 2.6380059041e-18 -3.1189569383e+03 -5.1413613168e+02 -4.8816122478e+11 5.6699740089e+07 1.1384014140e+07 1.4514909247e-01 1.7029426834e+03 -4.5756219187e+10
1.5394459957e+05 1.7597859861e-13 7.0655669609e-15 5.9433184470e+06 2.3312529693e+06 1.3935382657e-17 2.6387435642e-18 -2.8875257806e+03 -4.7627562259e+02 -4.9426434942e+11 5.8678136094e+07 1.1710233773e+07 1.4492697197e-01 1.5493698270e+03 -3.8541504843e+10
1.5394474449e+05 1.7598061836e-13 7.0659494394e-15 5.9429154262e+06 2.3311864729e+06 1.3937260650e-17 2.6394802174e-18 -2.6775554136e+03 -4.4193144971e+02 -4.9939771434e+11 6.0474099589e+07 1.2006558536e+07 1.4582247388e-01 1.4078738809e+03 -3.2475619780e+10
1.5394489032e+05 1.7598265086e-13 7.0663343889e-15 5.9425391846e+06 2.3311243526e+06 1.3939150467e-17 2.6402215363e-18 -2.4858369482e+03 -4.1057897775e+02 -5.0374946501e+11 6.2114992527e+07 1.2277481704e+07 1.4755762328e-01 1.2776888205e+03 -2.7362837166e+10
1.5394503787e+05 1.7598470783e-13 7.0667240291e-15 5.9421855662e+06 2.3310659245e+06 1.3941062978e-17 2.6409717844e-18 -2.3100179342e+03 -3.8183364436e+02 -5.0745902825e+11 6.3620875662e+07 1.2526297519e+07 1.4996848114e-01 1.1581381791e+03 -2.3048784080e+10
1.5394518784e+05 1.7598679870e-13 7.0671201488e-15 5.9418514670e+06 2.3310106770e+06 1.3943006935e-17 2.6417343938e-18 -2.1482754425e+03 -3.5539748695e+02 -5.1063405559e+11 6.5007296153e+07 1.2755559161e+07 1.5295595476e-01 1.0485788919e+03 -1.9407656370e+10
1.5394534080e+05 1.7598893152e-13 7.0675242773e-15 5.9415344742e+06 2.3309582120e+06 1.3944989809e-17 2.6425122949e-18 -1.9991355209e+03 -3.3102961459e+02 -5.1336009347e+11 6.6286827210e+07 1.2967331701e+07 1.5646416540e-01 9.4838033715e+02 -1.6334937129e+10
1.5394549726e+05 1.7599111357e-13 7.0679377981e-15 5.9412326434e+06 2.3309082083e+06 1.3947018349e-17 2.6433081353e-18 -1.8613642891e+03 -3.0852839986e+02 -5.1570657276e+11 6.7469997123e+07 1.3163344785e+07 1.6045287925e-01 8.5691742496e+02 -1.3742785668e+10
1.5394565772e+05 1.7599335157e-13 7.0683619899e-15 5.9409443836e+06 2.3308604022e+06 1.3949098785e-17 2.6441243589e-18 -1.7339117995e+03 -2.8772229932e+02 -5.1773053423e+11 6.8565767650e+07 1.3345071127e+07 1.6489634550e-01 7.7357877160e+02 -1.1557100495e+10
1.5394582261e+05 1.7599565190e-13 7.0687980656e-15 5.9406683697e+06 2.3308145735e+06 1.3951237015e-17 2.6449632799e-18 -1.6158695911e+03 -2.6846291362e+02 -5.1947934239e+11 6.9581895930e+07 1.3513785942e+07 1.6977862918e-01 6.9777078551e+02 -9.7151764719e+09
1.5394599239e+05 1.7599802071e-13 7.0692471971e-15 5.9404034820e+06 2.3307705357e+06 1.3953438731e-17 2.6458271320e-18 -1.5064414254e+03 -2.5062020301e+02 -5.2099265009e+11 7.0525183988e+07 1.3670607907e+07 1.7509074749e-01 6.2892166905e+02 -8.1638716564e+09
1.5394616748e+05 1.7600046403e-13 7.0697105350e-15 5.9401487630e+06 2.3307281283e+06 1.3955709512e-17 2.6467181042e-18 -1.4049222731e+03 -2.3407905220e+02 -5.2230386807e+11 7.1401657883e+07 1.3816528574e+07 1.8082877402e-01 5.6648468680e+02 -6.8581229634e+09
1.5394634831e+05 1.7600298783e-13 7.0701892210e-15 5.9399033852e+06 2.3306872122e+06 1.3958054884e-17 2.6476383658e-18 -1.3106827458e+03 -2.1873672527e+02 -5.2344129244e+11 7.2216700429e+07 1.3952434156e+07 1.8699253497e-01 5.0994056066e+02 -5.7597183570e+09
1.5394653530e+05 1.7600559811e-13 7.0706843986e-15 5.9396666277e+06 2.3306476652e+06 1.3960480376e-17 2.6485900862e-18 -1.2231572436e+03 -2.0450092792e+02 -5.2442898762e+11 7.2975152232e+07 1.4079122108e+07 1.9358464955e-01 4.5879902359e+02 -4.8362673217e+09
1.5394672889e+05 1.7600830089e-13 7.0711972203e-15 5.9394378569e+06 2.3306093792e+06 1.3962991548e-17 2.6495754485e-18 -1.1418347262e+03 -1.9128829861e+02 -5.2528748916e+11 7.3681390351e+07 1.4197314040e+07 2.0060982429e-01 4.1259964037e+02 -4.0603304180e+09
1.5394692950e+05 1.7601110227e-13 7.0717288536e-15 5.9392165130e+06 2.3305722578e+06 1.3965594025e-17 2.6505966601e-18 -1.0662513701e+03 -1.7902320772e+02 -5.2603437098e+11 7.4339390871e+07 1.4307665989e+07 2.0807427816e-01 3.7091201014e+02 -3.4086795252e+09
1.5394713757e+05 1.7601400843e-13 7.0722804848e-15 5.9390020976e+06 2.3305362143e+06 1.3968293512e-17 2.6516559608e-18 -9.9598462568e+02 -1.6763678534e+02 -5.2668470822e+11 7.4952779538e+07 1.4410776723e+07 2.1598527571e-01 3.3333547636e+02 -2.8616674842e+09
1.5394735356e+05 1.7601702568e-13 7.0728533222e-15 5.9387941652e+06 2.3305011701e+06 1.3971095811e-17 2.6527556278e-18 -9.3064832676e+02 -1.5706612089e+02 -5.2725145854e+11 7.5524873406e+07 1.4507194582e+07 2.2435072183e-01 2.9949844987e+02 -2.4026901972e+09
1.5394757791e+05 1.7602016043e-13 7.0734485980e-15 5.9385923153e+06 2.3304670536e+06 1.3974006825e-17 2.6538979789e-18 -8.6988860789e+02 -1.4725359442e+02 -5.2774577860e+11 7.6058715592e+07 1.4597423177e+07 2.3317880072e-01 2.6905744050e+02 -2.0177274553e+09
1.5394781109e+05 1.7602341922e-13 7.0740675692e-15 5.9383961862e+06 2.3304337991e+06 1.3977032566e-17 2.6550853740e-18 -8.1338045243e+02 -1.3814631076e+02 -5.2817728851e+11 7.6557104636e+07 1.4681926212e+07 2.4247761555e-01 2.4169587670e+02 -1.6949510577e+09
1.5394805356e+05 1.7602680872e-13 7.0747115176e-15 5.9382054502e+06 2.3304013457e+06 1.3980179150e-17 2.6563202147e-18 -7.6082474600e+02 -1.2969561582e+02 -5.2855429396e+11 7.7022619540e+07 1.4761131588e+07 2.5225488705e-01 2.1712278248e+02 -1.4243905981e+09
1.5394830582e+05 1.7603033570e-13 7.0753817494e-15 5.9380198088e+06 2.3303696371e+06 1.3983452795e-17 2.6576049423e-18 -7.1194572611e+02 -1.2185667736e+02 -5.2888397372e+11 7.7457641422e+07 1.4835434958e+07 2.6251763980e-01 1.9507135972e+02 -1.1976486182e+09
1.5394856834e+05 1.7603400705e-13 7.0760795931e-15 5.9378389892e+06 2.3303386200e+06 1.3986859813e-17 2.6589420343e-18 -6.6648876116e+02 -1.1458811907e+02 -5.2917253856e+11 7.7864372332e+07 1.4905202817e+07 2.7327190133e-01 1.7529752355e+02 -1.0076581246e+09
1.5394884161e+05 1.7603782975e-13 7.0768063975e-15 5.9376627409e+06 2.3303082446e+06 1.3990406591e-17 2.6603339992e-18 -6.2421840032e+02 -1.0785169854e+02 -5.2942536629e+11 7.8244851757e+07 1.4970775206e+07 2.8452241233e-01 1.5757842399e+02 -8.4847638709e+08
1.5394912613e+05 1.7604181086e-13 7.0775635283e-15 5.9374908335e+06 2.3302784634e+06 1.3994099581e-17 2.6617833700e-18 -5.8491664948e+02 -1.0161202171e+02 -5.2964711702e+11 7.8600971175e+07 1.5032468101e+07 2.9627240455e-01 1.4171098080e+02 -7.1510978561e+08
1.5394942240e+05 1.7604595750e-13 7.0783523648e-15 5.9373230535e+06 2.3302492310e+06 1.3997945276e-17 2.6632926967e-18 -5.4838143174e+02 -9.5836286986e+01 -5.2984183161e+11 7.8934487021e+07 1.5090575545e+07 3.0852334150e-01 1.2751044890e+02 -6.0336518231e+08
1.5394973093e+05 1.7605027681e-13 7.0791742953e-15 5.9371592026e+06 2.3302205037e+06 1.4001950191e-17 2.6648645367e-18 -5.1442521505e+02 -9.0494056251e+01 -5.3001301603e+11 7.9247032215e+07 1.5145371535e+07 3.2127474658e-01 1.1480903419e+02 -5.0972397630e+08
1.5394973093e+05 1.7605027681e-13 7.0791742953e-15 5.9371592026e+06 2.3302205037e+06 1.4001950191e-17 2.6648645367e-18 -5.1442521505e+02 -9.0494056251e+01 -5.3001301603e+11 7.9247032215e+07 1.5145371535e+07 3.2127474658e-01 1.1480903419e+02 -5.0972397630e+08
