0.0000000000e+00 0.0000000000e+00 0.0000000000e+00 3.1415900000e+08 0.0000000000e+00 0.0000000000e+00 0.0000000000e+00 -1.1966806880e+03 8.9192656720e+01 -4.6638893085e+09 -1.0171785848e+07 7.5813758212e+05 1.0000000000e+01 0.0000000000e+00 -0.0000000000e+00
1.0000000000e+01 2.8740025528e-22 2.7199396955e-28 3.1414703299e+08 8.9192656701e+02 5.7480780926e-23 8.1599745049e-29 -1.1967210733e+03 8.9192656663e+01 -4.6638893085e+09 -1.0171785848e+07 7.5813758212e+05 5.0000000000e+01 0.0000000000e+00 -0.0000000000e+00
6.0000000000e+01 1.0347723199e-20 5.8767487156e-26 3.1408719189e+08 5.3515593619e+03 3.4495039168e-22 2.9387102459e-27 -1.1969230461e+03 8.9192654655e+01 -4.6638893085e+09 -1.0171785848e+07 7.5813758212e+05 2.5000000000e+02 0.0000000000e+00 -0.0000000000e+00
3.1000000000e+02 2.7640230035e-19 8.1168852725e-24 3.1378783479e+08 2.7649717880e+04 1.7839436099e-21 7.8596956229e-26 -1.1979340658e+03 8.9192601499e+01 -4.6638893085e+09 -1.0171785848e+07 7.5813758212e+05 1.2500000000e+03 0.0000000000e+00 -0.0000000000e+00
1.5600000000e+03 7.0218625308e-18 1.0418256404e-21 3.1228724465e+08 1.3913981251e+05 9.0203553560e-21 2.0095128984e-24 -1.2030182836e+03 8.9191244860e+01 -4.6638893085e+09 -1.0171785848e+07 7.5813758212e+05 3.6000000000e+03 0.0000000000e+00 -0.0000000000e+00
5.1600000000e+03 7.7542313288e-17 3.8500188724e-20 3.0792964733e+08 4.6020705890e+05 3.0257135373e-20 2.2609936973e-23 -1.2179389953e+03 8.9176771244e+01 -4.6638893084e+09 -1.0171785848e+07 7.5813758212e+05 3.6000000000e+03 0.0000000000e+00 -0.0000000000e+00
8.7600000000e+03 2.2560929423e-16 1.9244083639e-19 3.0351756674e+08 7.8119246620e+05 5.2107387329e-20 6.7056796970e-23 -1.2332907253e+03 8.9145543403e+01 -4.6638893083e+09 -1.0171785848e+07 7.5813758212e+05 3.6000000000e+03 0.0000000000e+00 -0.0000000000e+00
1.2360000000e+04 4.5349372396e-16 5.5245466344e-19 2.9904940734e+08 1.1020330889e+06 7.4606258692e-20 1.3746606025e-22 -1.2490981676e+03 8.9096074683e+01 -4.6638893082e+09 -1.0171785848e+07 7.5813758212e+05 3.6000000000e+03 0.0000000000e+00 -0.0000000000e+00
1.5960000000e+04 7.6359831115e-16 1.2161569634e-18 2.9452348103e+08 1.4226603437e+06 9.7791871291e-20 2.3618457648e-22 -1.2653881063e+03 8.9026716215e+01 -4.6638893080e+09 -1.0171785848e+07 7.5813758212e+05 3.6000000000e+03 0.0000000000e+00 -0.0000000000e+00
1.9560000000e+04 1.1584688563e-15 2.2900733464e-18 2.8993799915e+08 1.7429993869e+06 1.2170565879e-19 3.6582127003e-22 -1.2821896520e+03 8.8935634999e+01 -4.6638893078e+09 -1.0171785848e+07 7.5813758212e+05 3.6000000000e+03 0.0000000000e+00 -0.0000000000e+00
2.3160000000e+04 1.6408068531e-15 3.8906468966e-18 2.8529106367e+08 2.0629684069e+06 1.4639275265e-19 5.2928345310e-22 -1.2995345137e+03 8.8820788393e+01 -4.6638893076e+09 -1.0171785848e+07 7.5813758212e+05 3.6000000000e+03 0.0000000000e+00 -0.0000000000e+00
2.6760000000e+04 2.2134835800e-15 6.1453867451e-18 2.8058065727e+08 2.3824778174e+06 1.7190242519e-19 7.2981926132e-22 -1.3174573096e+03 8.8679894293e+01 -4.6638893074e+09 -1.0171785848e+07 7.5813758212e+05 3.6000000000e+03 0.0000000000e+00 -0.0000000000e+00
3.0360000000e+04 2.8795559034e-15 9.1941822376e-18 2.7580463221e+08 2.7014293337e+06 1.9828859991e-19 9.7106744250e-22 -1.3359959255e+03 8.8510396159e+01 -4.6638893071e+09 -1.0171785848e+07 7.5813758212e+05 3.6000000000e+03 0.0000000000e+00 -0.0000000000e+00
3.3960000000e+04 3.6422840583e-15 1.3190811809e-17 2.7096069791e+08 3.0197149130e+06 2.2561044177e-19 1.2571160200e-21 -1.3551919302e+03 8.8309421794e+01 -4.6638893068e+09 -1.0171785848e+07 7.5813758212e+05 3.6000000000e+03 0.0000000000e+00 -0.0000000000e+00
3.7560000000e+04 4.5051517207e-15 1.8304681792e-17 2.6604640676e+08 3.3372155323e+06 2.5393304264e-19 1.5925717213e-21 -1.3750910563e+03 8.8073734565e+01 -4.6638893064e+09 -1.0171785848e+07 7.5813758212e+05 3.6000000000e+03 0.0000000000e+00 -0.0000000000e+00
4.1160000000e+04 5.4718887456e-15 2.4722838010e-17 2.6105913822e+08 3.6537997755e+06 2.8332822072e-19 1.9826425364e-21 -1.3957437626e+03 8.7799675399e+01 -4.6638893059e+09 -1.0171785848e+07 7.5813758212e+05 3.6000000000e+03 0.0000000000e+00 -0.0000000000e+00
4.4760000000e+04 6.5464970229e-15 3.2652302566e-17 2.5599608061e+08 3.9693221911e+06 3.1387545740e-19 2.4332363810e-21 -1.4172058917e+03 8.7483093465e+01 -4.6638893053e+09 -1.0171785848e+07 7.5813758212e+05 3.6000000000e+03 0.0000000000e+00 -0.0000000000e+00
4.8360000000e+04 7.7332799959e-15 4.2322800329e-17 2.5085421038e+08 4.2836213774e+06 3.4566300027e-19 2.9510796346e-21 -1.4395394454e+03 8.7119262887e+01 -4.6638893047e+09 -1.0171785848e+07 7.5813758212e+05 3.6000000000e+03 0.0000000000e+00 -0.0000000000e+00
5.1960000000e+04 9.0368765020e-15 5.3989954954e-17 2.4563026834e+08 4.5965177360e+06 3.7878916877e-19 3.5438603649e-21 -1.4628135016e+03 8.6702782120e+01 -4.6638893038e+09 -1.0171785848e+07 7.5813758212e+05 3.6000000000e+03 0.0000000000e+00 -0.0000000000e+00
5.5560000000e+04 1.0462299747e-14 6.7939053991e-17 2.4032073226e+08 4.9078108273e+06 4.1336390833e-19 4.2204024251e-21 -1.4871053069e+03 8.6227451628e+01 -4.6638893028e+09 -1.0171785848e+07 7.5813758212e+05 3.6000000000e+03 0.0000000000e+00 -0.0000000000e+00
5.9160000000e+04 1.2014982405e-14 8.4489508008e-17 2.3492178521e+08 5.2172762372e+06 4.4951065108e-19 4.9908784468e-21 -1.5125015831e+03 8.5686124240e+01 -4.6638893016e+09 -1.0171785848e+07 7.5813758212e+05 3.6000000000e+03 0.0000000000e+00 -0.0000000000e+00
6.2760000000e+04 1.3700829081e-14 1.0400016180e-16 2.2942927870e+08 5.5246618456e+06 4.8736855807e-19 5.8670722194e-21 -1.5391001032e+03 8.5070520803e+01 -4.6638893001e+09 -1.0171785848e+07 7.5813758212e+05 3.6000000000e+03 0.0000000000e+00 -0.0000000000e+00
6.6360000000e+04 1.5526277667e-14 1.2687565922e-16 2.2383868952e+08 5.8296833544e+06 5.2709523963e-19 6.8627043106e-21 -1.5670116022e+03 8.4371001409e+01 -4.6638892982e+09 -1.0171785848e+07 7.5813758212e+05 3.6000000000e+03 0.0000000000e+00 -0.0000000000e+00
6.9960000000e+04 1.7498371545e-14 1.5357412094e-16 2.1814506908e+08 6.1320188935e+06 5.6887008008e-19 7.9938393992e-21 -1.5963621137e+03 8.3576279203e+01 -4.6638892958e+09 -1.0171785848e+07 7.5813758212e+05 3.6000000000e+03 0.0000000000e+00 -0.0000000000e+00
7.3560000000e+04 1.9624845081e-14 1.8461647189e-16 2.1234298332e+08 6.4313024671e+06 6.1289833345e-19 9.2794002242e-21 -1.6272958465e+03 8.2673059292e+01 -4.6638892927e+09 -1.0171785848e+07 7.5813758212e+05 3.6000000000e+03 0.0000000000e+00 -0.0000000000e+00
7.7160000000e+04 2.1914225579e-14 2.2059786003e-16 2.0642644104e+08 6.7271159313e+06 6.5941621247e-19 1.0741822118e-20 -1.6599787610e+03 8.1645578874e+01 -4.6638892888e+09 -1.0171785848e+07 7.5813758212e+05 3.6000000000e+03 0.0000000000e+00 -0.0000000000e+00
8.0760000000e+04 2.4375955781e-14 2.6220175247e-16 2.0038880788e+08 7.0189790901e+06 7.0869727087e-19 1.2407895042e-20 -1.6946030529e+03 8.0475015639e+01 -4.6638892837e+09 -1.0171785848e+07 7.5813758212e+05 3.6000000000e+03 0.0000000000e+00 -0.0000000000e+00
8.4360000000e+04 2.7020542257e-14 3.1021749546e-16 1.9422270206e+08 7.3063373582e+06 7.6106048924e-19 1.4309858833e-20 -1.7313928341e+03 7.9138718255e+01 -4.6638892769e+09 -1.0171785848e+07 7.5813758212e+05 3.6000000000e+03 0.0000000000e+00 -0.0000000000e+00
8.7960000000e+04 2.9859736807e-14 3.6556240779e-16 1.8791986689e+08 7.5885462381e+06 8.1688063380e-19 1.6486845076e-20 -1.7706114109e+03 7.7609193332e+01 -4.6638892679e+09 -1.0171785848e+07 7.5813758212e+05 3.6000000000e+03 0.0000000000e+00 -0.0000000000e+00
9.1560000000e+04 3.2906760393e-14 4.2930988342e-16 1.8147101349e+08 7.8648515759e+06 8.7660168963e-19 1.8986800612e-20 -1.8125707222e+03 7.5852753984e+01 -4.6638892557e+09 -1.0171785848e+07 7.5813758212e+05 3.6000000000e+03 0.0000000000e+00 -0.0000000000e+00
9.5160000000e+04 3.6176582627e-14 5.0272557112e-16 1.7486562438e+08 8.1343641416e+06 9.4075451762e-19 2.1869091366e-20 -1.8576437444e+03 7.3827690410e+01 -4.6638892388e+09 -1.0171785848e+07 7.5813758212e+05 3.6000000000e+03 0.0000000000e+00 -0.0000000000e+00
9.8760000000e+04 3.9686274841e-14 5.8731458031e-16 1.6809170545e+08 8.3960264631e+06 1.0099804126e-18 2.5208084814e-20 -1.9062810438e+03 7.1481752896e+01 -4.6638892151e+09 -1.0171785848e+07 7.5813758212e+05 3.6000000000e+03 0.0000000000e+00 -0.0000000000e+00
1.0236000000e+05 4.3455462171e-14 6.8488400000e-16 1.6113546830e+08 8.6485689009e+06 1.0850630647e-18 2.9098169078e-20 -1.9590332318e+03 6.8748625457e+01 -4.6638891808e+09 -1.0171785848e+07 7.5813758212e+05 3.6000000000e+03 0.0000000000e+00 -0.0000000000e+00
1.0596000000e+05 4.7506911299e-14 7.9762710006e-16 1.5398091733e+08 8.8904504894e+06 1.1669727427e-18 3.3660929575e-20 -2.0165820080e+03 6.5542883611e+01 -4.6638891303e+09 -1.0171785848e+07 7.5813758212e+05 3.6000000000e+03 0.0000000000e+00 -0.0000000000e+00
1.0956000000e+05 5.1867307786e-14 9.2823890956e-16 1.4660930358e+08 9.1197777328e+06 1.2569286865e-18 3.9055650309e-20 -2.0797839958e+03 6.1752616291e+01 -4.6638890534e+09 -1.0171785848e+07 7.5813758212e+05 3.4524891229e+03 0.0000000000e+00 -0.0000000000e+00
1.1266483533e+05 5.5900176465e-14 1.0577888451e-15 1.4006036101e+08 9.3056859838e+06 1.3421567065e-18 4.4537712701e-20 -2.1396641999e+03 5.7900983750e+01 -4.6638889977e+09 -1.0171785848e+07 7.5813758212e+05 3.1248377467e+03 0.0000000000e+00 -0.0000000000e+00
1.1578967307e+05 6.0239078272e-14 1.2068124159e-15 1.3327246666e+08 9.4796963567e+06 1.4364305447e-18 5.1022338156e-20 -2.2058998896e+03 5.3344962195e+01 -4.6638889101e+09 -1.0171785848e+07 7.5813758212e+05 2.8184410720e+03 0.0000000000e+00 -0.0000000000e+00
1.1831974136e+05 6.3977713345e-14 1.3434700164e-15 1.2761806179e+08 9.6093458460e+06 1.5201292518e-18 5.7150224362e-20 -2.2647056164e+03 4.9039581439e+01 -4.6638888643e+09 -1.0171785848e+07 7.5813758212e+05 2.5471456444e+03 0.0000000000e+00 -0.0000000000e+00
1.2086688700e+05 6.7965224964e-14 1.4979138199e-15 1.2176836304e+08 9.7280221337e+06 1.6122601024e-18 6.4298954568e-20 -2.3294356682e+03 4.4016967699e+01 -4.6638887939e+09 -1.0171785848e+07 7.5813758212e+05 2.2981540987e+03 0.0000000000e+00 -0.0000000000e+00
1.2292915703e+05 7.1372896371e-14 1.6372381192e-15 1.1690629448e+08 9.8140738627e+06 1.6936084858e-18 7.0962896633e-20 -2.3865900853e+03 3.9334960404e+01 -4.6638887581e+09 -1.0171785848e+07 7.5813758212e+05 2.0770837789e+03 0.0000000000e+00 -0.0000000000e+00
1.2500624081e+05 7.4981833117e-14 1.7924217362e-15 1.1188509194e+08 9.8903042995e+06 1.7826815136e-18 7.8638513045e-20 -2.4491717467e+03 3.3942162613e+01 -4.6638887043e+09 -1.0171785848e+07 7.5813758212e+05 1.8705330342e+03 0.0000000000e+00 -0.0000000000e+00
1.2667873012e+05 7.8027553096e-14 1.9297019127e-15 1.0774376925e+08 9.9430266276e+06 1.8604221346e-18 8.5661612893e-20 -2.5037913925e+03 2.9007815285e+01 -4.6638886784e+09 -1.0171785848e+07 7.5813758212e+05 1.6863685565e+03 0.0000000000e+00 -0.0000000000e+00
1.2818763295e+05 8.0890983018e-14 2.0642167617e-15 1.0392628220e+08 9.9831011294e+06 1.9358517174e-18 9.2764921908e-20 -2.5567873299e+03 2.4017113939e+01 -4.6638886571e+09 -1.0171785848e+07 7.5813758212e+05 1.5223895085e+03 0.0000000000e+00 -0.0000000000e+00
1.2954109480e+05 8.3559603041e-14 2.1944896226e-15 1.0043167951e+08 1.0012291808e+07 2.0083611643e-18 9.9861833852e-20 -2.6077316143e+03 1.9030907101e+01 -4.6638886403e+09 -1.0171785848e+07 7.5813758212e+05 1.3678171097e+03 0.0000000000e+00 -0.0000000000e+00
1.3074392512e+05 8.6016252153e-14 2.3187338296e-15 9.7266262925e+07 1.0032282922e+07 2.0771419587e-18 1.0683739092e-19 -2.6560561912e+03 1.4129962769e+01 -4.6638886279e+09 -1.0171785848e+07 7.5813758212e+05 1.2192565791e+03 0.0000000000e+00 -0.0000000000e+00
1.3179461700e+05 8.8231893748e-14 2.4344471841e-15 9.4452236530e+07 1.0044698081e+07 2.1409626641e-18 1.1352225226e-19 -2.7008958680e+03 9.4332578404e+00 -4.6638886197e+09 -1.0171785848e+07 7.5813758212e+05 1.0719481593e+03 0.0000000000e+00 -0.0000000000e+00
1.3267792082e+05 9.0147818888e-14 2.5373831495e-15 9.2049097440e+07 1.0051160697e+07 2.1976039697e-18 1.1962648280e-19 -2.7406913829e+03 5.1444972776e+00 -4.6638886153e+09 -1.0171785848e+07 7.5813758212e+05 9.1832434776e+02 0.0000000000e+00 -0.0000000000e+00
1.3332126910e+05 9.1575428761e-14 2.6158598235e-15 9.0276193081e+07 1.0053405851e+07 2.2407328531e-18 1.2438264928e-19 -2.7709932290e+03 1.8028706630e+00 -4.6638886142e+09 -1.0171785848e+07 7.5813758212e+05 7.5414196498e+02 0.0000000000e+00 -0.0000000000e+00
1.3407541106e+05 9.3284991334e-14 2.7118767861e-15 8.8172607404e+07 1.0053209388e+07 2.2934689144e-18 1.3032546925e-19 -2.8080449652e+03 -2.3724847338e+00 -4.6638886113e+09 -1.0171785848e+07 7.5813758212e+05 7.5348599284e+02 0.0000000000e+00 -0.0000000000e+00
1.3482889706e+05 9.5033729958e-14 2.8124478055e-15 8.6042282084e+07 1.0049754790e+07 2.3487008960e-18 1.3669971285e-19 -2.8468503057e+03 -6.8509532971e+00 -4.6638886078e+09 -1.0171785848e+07 7.5813758212e+05 8.5530152910e+02 0.0000000000e+00 -0.0000000000e+00
1.3568419858e+05 9.7070562159e-14 2.9326668263e-15 8.3587704921e+07 1.0041576937e+07 2.4147636529e-18 1.4452589569e-19 -2.8932652216e+03 -1.2349537285e+01 -4.6638885994e+09 -1.0171785848e+07 7.5813758212e+05 9.0758197307e+02 0.0000000000e+00 -0.0000000000e+00
1.3659178056e+05 9.9295577054e-14 3.0678922486e-15 8.0938349812e+07 1.0027518793e+07 2.4891897722e-18 1.5360670838e-19 -2.9455561374e+03 -1.8729609453e+01 -4.6638885847e+09 -1.0171785848e+07 7.5813758212e+05 9.3016290609e+02 0.0000000000e+00 -0.0000000000e+00
1.3752194346e+05 1.0164837743e-13 3.2154621248e-15 7.8172191959e+07 1.0006801635e+07 2.5706330483e-18 1.6386446905e-19 -3.0027772250e+03 -2.5936591415e+01 -4.6638885627e+09 -1.0171785848e+07 7.5813758212e+05 9.3363953576e+02 0.0000000000e+00 -0.0000000000e+00
1.3845558300e+05 1.0408886043e-13 3.3736884551e-15 7.5340268913e+07 9.9789074674e+06 2.6583117120e-18 1.7528284630e-19 -3.0643792226e+03 -3.3959008940e+01 -4.6638885321e+09 -1.0171785848e+07 7.5813758212e+05 9.2401197674e+02 0.0000000000e+00 -0.0000000000e+00
1.3937959498e+05 1.0658779030e-13 3.5413636002e-15 7.2478802897e+07 9.9435159661e+06 2.7517337273e-18 1.8787808419e-19 -3.1300164315e+03 -4.2808274899e+01 -4.6638884921e+09 -1.0171785848e+07 7.5813758212e+05 9.0511739785e+02 0.0000000000e+00 -0.0000000000e+00
1.4028471237e+05 1.0912257833e-13 3.7175452282e-15 6.9614754137e+07 9.9004626524e+06 2.8505754891e-18 2.0168668398e-19 -3.1994614905e+03 -5.2510034659e+01 -4.6638884417e+09 -1.0171785848e+07 7.5813758212e+05 8.7961177688e+02 0.0000000000e+00 -0.0000000000e+00
1.4116432415e+05 1.1167511830e-13 3.9014501398e-15 6.6768755160e+07 9.8497081364e+06 2.9546206077e-18 2.1675947196e-19 -3.2725623667e+03 -6.3099998170e+01 -4.6638883797e+09 -1.0171785848e+07 7.5813758212e+05 8.4942883088e+02 0.0000000000e+00 -0.0000000000e+00
1.4201375298e+05 1.1423055110e-13 4.0923967155e-15 6.3956843058e+07 9.7913141328e+06 3.0637256256e-18 2.3315849964e-19 -3.3492182687e+03 -7.4621762089e+01 -4.6638883052e+09 -1.0171785848e+07 7.5813758212e+05 8.1602296077e+02 0.0000000000e+00 -0.0000000000e+00
1.4282977594e+05 1.1677649992e-13 4.2897716689e-15 6.1191570453e+07 9.7254240684e+06 3.1777992828e-18 2.5095535765e-19 -3.4293650782e+03 -8.7125625147e+01 -4.6638882172e+09 -1.0171785848e+07 7.5813758212e+05 7.8051084475e+02 0.0000000000e+00 -0.0000000000e+00
1.4361028679e+05 1.1930256477e-13 4.4930100017e-15 5.8482764756e+07 9.6522470427e+06 3.2967892142e-18 2.7023026366e-19 -3.5129660042e+03 -1.0066794735e+02 -4.6638881145e+09 -1.0171785848e+07 7.5813758212e+05 7.4376048330e+02 0.0000000000e+00 -0.0000000000e+00
1.4435404727e+05 1.2179996967e-13 4.7015825834e-15 5.5838073649e+07 9.5720443740e+06 3.4206730080e-18 2.9107160756e-19 -3.6000053002e+03 -1.1531083038e+02 -4.6638879959e+09 -1.0171785848e+07 7.5813758212e+05 7.0645073317e+02 0.0000000000e+00 -0.0000000000e+00
1.4506049800e+05 1.2426130452e-13 4.9149883406e-15 5.3263372790e+07 9.4851182174e+06 3.5494519596e-18 3.1357578510e-19 -3.6904838766e+03 -1.3112200076e+02 -4.6638878603e+09 -1.0171785848e+07 7.5813758212e+05 6.6911313919e+02 0.0000000000e+00 -0.0000000000e+00
1.4572961114e+05 1.2668032830e-13 5.1327493241e-15 5.0763080365e+07 9.3918018908e+06 3.6831465662e-18 3.3784722548e-19 -3.7844161343e+03 -1.4817482923e+02 -4.6638877063e+09 -1.0171785848e+07 7.5813758212e+05 6.3216253341e+02 0.0000000000e+00 -0.0000000000e+00
1.4636177368e+05 1.2905181365e-13 5.3544076192e-15 4.8340405966e+07 9.2924516363e+06 3.8217931847e-18 3.6399855722e-19 -3.8818276173e+03 -1.6654844724e+02 -4.6638875326e+09 -1.0171785848e+07 7.5813758212e+05 5.9592014451e+02 0.0000000000e+00 -0.0000000000e+00
1.4695769382e+05 1.3137142022e-13 5.5795234455e-15 4.5997551550e+07 9.1874396060e+06 3.9654414887e-18 3.9215087849e-19 -3.9827532257e+03 -1.8632793697e+02 -4.6638873379e+09 -1.0171785848e+07 7.5813758212e+05 5.6063150966e+02 0.0000000000e+00 -0.0000000000e+00
1.4751832533e+05 1.3363558895e-13 5.8076740333e-15 4.3735876335e+07 9.0771479009e+06 4.1141524892e-18 4.2243411160e-19 -4.0872358251e+03 -2.0760458028e+02 -4.6638871205e+09 -1.0171785848e+07 7.5813758212e+05 5.2648063784e+02 0.0000000000e+00 -0.0000000000e+00
1.4804480597e+05 1.3584145179e-13 6.0384530002e-15 4.1556033848e+07 8.9619635207e+06 4.2679969580e-18 4.5498742847e-19 -4.1953251390e+03 -2.3047615773e+02 -4.6638868790e+09 -1.0171785848e+07 7.5813758212e+05 4.9360138471e+02 0.0000000000e+00 -0.0000000000e+00
1.4853840735e+05 1.3798675330e-13 6.2714700440e-15 3.9458086997e+07 8.8422741059e+06 4.4270541451e-18 4.8995973956e-19 -4.3070768474e+03 -2.5504729206e+02 -4.6638866116e+09 -1.0171785848e+07 7.5813758212e+05 4.6208670117e+02 0.0000000000e+00 -0.0000000000e+00
1.4900049405e+05 1.4006978180e-13 6.5063508277e-15 3.7441605447e+07 8.7184643711e+06 4.5914107098e-18 5.2751024170e-19 -4.4225518361e+03 -2.8142983310e+02 -4.6638863166e+09 -1.0171785848e+07 7.5813758212e+05 4.3199621907e+02 0.0000000000e+00 -0.0000000000e+00
1.4943249027e+05 1.4208930806e-13 6.7427369711e-15 3.5505748528e+07 8.5909131382e+06 4.7611598099e-18 5.6780902270e-19 -4.5418155568e+03 -3.0974328252e+02 -4.6638859921e+09 -1.0171785848e+07 7.5813758212e+05 4.0336251755e+02 0.0000000000e+00 -0.0000000000e+00
1.4983585279e+05 1.4404453043e-13 6.9802860919e-15 3.3649336158e+07 8.4599908952e+06 4.9364003052e-18 6.1103772227e-19 -4.6649374671e+03 -3.4011525827e+02 -4.6638856361e+09 -1.0171785848e+07 7.5813758212e+05 3.7619632060e+02 0.0000000000e+00 -0.0000000000e+00
1.5021204911e+05 1.4593502549e-13 7.2186718573e-15 3.1870909698e+07 8.3260578102e+06 5.1172360432e-18 6.5739024990e-19 -4.7919905292e+03 -3.7268199886e+02 -4.6638852465e+09 -1.0171785848e+07 7.5813758212e+05 3.5049082344e+02 0.0000000000e+00 -0.0000000000e+00
1.5056253994e+05 1.4776070335e-13 7.4575840196e-15 3.0168784309e+07 8.1894621435e+06 5.3037752009e-18 7.0707356132e-19 -4.9230507468e+03 -4.0758890895e+02 -4.6638848211e+09 -1.0171785848e+07 7.5813758212e+05 3.2622529996e+02 0.0000000000e+00 -0.0000000000e+00
1.5088876524e+05 1.4952176722e-13 7.6967284211e-15 2.8541094036e+07 8.0505390016e+06 5.4961296614e-18 7.6030849605e-19 -5.0581967277e+03 -4.4499114780e+02 -4.6638843575e+09 -1.0171785848e+07 7.5813758212e+05 3.0336811096e+02 0.0000000000e+00 -0.0000000000e+00
1.5119213335e+05 1.5121867667e-13 7.9358269572e-15 2.6985830665e+07 7.9096093909e+06 5.6944144088e-18 8.1733067921e-19 -5.1975092585e+03 -4.8505426284e+02 -4.6638838531e+09 -1.0171785848e+07 7.5813758212e+05 2.8187921210e+02 0.0000000000e+00 -0.0000000000e+00
1.5147401256e+05 1.5285211428e-13 8.1746174938e-15 2.5500877203e+07 7.7669795250e+06 5.8987469252e-18 8.7839149106e-19 -5.3410708806e+03 -5.2795487088e+02 -4.6638833054e+09 -1.0171785848e+07 7.5813758212e+05 2.6171224267e+02 0.0000000000e+00 -0.0000000000e+00
1.5173572480e+05 1.5442295546e-13 8.4128537377e-15 2.4084036684e+07 7.6229403530e+06 6.1092465768e-18 9.4375910914e-19 -5.4889654594e+03 -5.7388139032e+02 -4.6638827114e+09 -1.0171785848e+07 7.5813758212e+05 2.4281625841e+02 0.0000000000e+00 -0.0000000000e+00
1.5197854106e+05 1.5593224094e-13 8.6503050599e-15 2.2733056933e+07 7.4777672747e+06 6.3260339767e-18 1.0137196275e-18 -5.6412777361e+03 -6.2303482743e+02 -4.6638820683e+09 -1.0171785848e+07 7.5813758212e+05 2.2513716650e+02 0.0000000000e+00 -0.0000000000e+00
1.5220367823e+05 1.5738115197e-13 8.8867562760e-15 2.1445651791e+07 7.3317200141e+06 6.5492303118e-18 1.0885782586e-18 -5.7980928553e+03 -6.7562962098e+02 -4.6638813727e+09 -1.0171785848e+07 7.5813758212e+05 2.0861890717e+02 0.0000000000e+00 -0.0000000000e+00
1.5241229713e+05 1.5877098783e-13 9.1220073859e-15 2.0219519255e+07 7.1850426265e+06 6.7789566220e-18 1.1686606249e-18 -5.9594958582e+03 -7.3189454939e+02 -4.6638806215e+09 -1.0171785848e+07 7.5813758212e+05 1.9320442140e+02 0.0000000000e+00 -0.0000000000e+00
1.5260550155e+05 1.6010314553e-13 9.3558732782e-15 1.9052356921e+07 7.0379636175e+06 7.0153330200e-18 1.2543141456e-18 -6.1255711346e+03 -7.9207370537e+02 -4.6638798109e+09 -1.0171785848e+07 7.5813758212e+05 1.7883643781e+02 0.0000000000e+00 -0.0000000000e+00
1.5278433799e+05 1.6137910163e-13 9.5881834042e-15 1.7941875065e+07 6.8906961531e+06 7.2584778392e-18 1.3459095281e-18 -6.2964018240e+03 -8.5642754349e+02 -4.6638789372e+09 -1.0171785848e+07 7.5813758212e+05 1.6545810623e+02 0.0000000000e+00 -0.0000000000e+00
1.5294979610e+05 1.6260039576e-13 9.8187814251e-15 1.6885807661e+07 6.7434383446e+06 7.5085066943e-18 1.4438423707e-18 -6.4720691560e+03 -9.2523400658e+02 -4.6638779966e+09 -1.0171785848e+07 7.5813758212e+05 1.5301350287e+02 0.0000000000e+00 -0.0000000000e+00
1.5310280960e+05 1.6376861596e-13 1.0047524840e-14 1.5881921586e+07 6.5963735935e+06 7.7655314428e-18 1.5485348884e-18 -6.6526517205e+03 -9.9878973783e+02 -4.6638769846e+09 -1.0171785848e+07 7.5813758212e+05 1.4144802618e+02 0.0000000000e+00 -0.0000000000e+00
1.5324425763e+05 1.6488538561e-13 1.0274284595e-14 1.4928024246e+07 6.4496709822e+06 8.0296590293e-18 1.6604377699e-18 -6.8382246554e+03 -1.0774113858e+03 -4.6638758969e+09 -1.0171785848e+07 7.5813758212e+05 1.3070870192e+02 0.0000000000e+00 -0.0000000000e+00
1.5337496633e+05 1.6595235174e-13 1.0498944689e-14 1.4021969821e+07 6.3034856997e+06 8.3009901956e-18 1.7800321796e-18 -7.0288587407e+03 -1.1614370111e+03 -4.6638747288e+09 -1.0171785848e+07 7.5813758212e+05 1.2074441159e+02 0.0000000000e+00 -0.0000000000e+00
1.5349571074e+05 1.6697117469e-13 1.0721401763e-14 1.3161664294e+07 6.1579594917e+06 8.5796180367e-18 1.9078319174e-18 -7.2246193839e+03 -1.2512276034e+03 -4.6638734752e+09 -1.0171785848e+07 7.5813758212e+05 1.1150605680e+02 0.0000000000e+00 -0.0000000000e+00
1.5360721680e+05 1.6794351905e-13 1.0941564695e-14 1.2345069441e+07 6.0132211269e+06 8.8656263796e-18 2.0443857497e-18 -7.4255654808e+03 -1.3471687194e+03 -4.6638721310e+09 -1.0171785848e+07 7.5813758212e+05 1.0294667140e+02 0.0000000000e+00 -0.0000000000e+00
1.5371016347e+05 1.6887104562e-13 1.1159354201e-14 1.1570205890e+07 5.8693868697e+06 9.1590879608e-18 2.1902799309e-18 -7.6317481353e+03 -1.4496722547e+03 -4.6638706906e+09 -1.0171785848e+07 7.5813758212e+05 9.5021489052e+01 0.0000000000e+00 -0.0000000000e+00
1.5380518496e+05 1.6975540445e-13 1.1374702431e-14 1.0835155399e+07 5.7265609560e+06 9.4600623712e-18 2.3461409312e-18 -7.8432092151e+03 -1.5591783599e+03 -4.6638691481e+09 -1.0171785848e+07 7.5813758212e+05 8.7687975669e+01 0.0000000000e+00 -0.0000000000e+00
1.5389287293e+05 1.7059822879e-13 1.1587552590e-14 1.0138062431e+07 5.5848360615e+06 9.7685937370e-18 2.5126383952e-18 -8.0599797230e+03 -1.6761575193e+03 -4.6638674975e+09 -1.0171785848e+07 7.5813758212e+05 8.0905832299e+01 4.6060769173e-308 -3.2231294837e-300
1.5397377877e+05 1.7140112984e-13 1.1797858569e-14 9.4771351508e+06 5.4442937610e+06 1.0084708097e-17 2.6904883523e-18 -8.2820779533e+03 -1.8011128068e+03 -4.6638657322e+09 -1.0171785848e+07 7.5813758212e+05 7.4636974688e+01 2.4343957212e-269 -1.7538145110e-261
1.5404841574e+05 1.7216569236e-13 1.2005584593e-14 8.8506458949e+06 5.3050049709e+06 1.0408410431e-17 2.8804567100e-18 -8.5095074049e+03 -1.9345823400e+03 -4.6638638454e+09 -1.0171785848e+07 7.5813758212e+05 6.8845494174e+01 1.1547758971e-232 -8.5657209708e-225
1.5411726124e+05 1.7289347085e-13 1.2210704896e-14 8.2569312124e+06 5.1670303714e+06 1.0739681289e-17 3.0833630586e-18 -8.7422544126e+03 -2.0771419534e+03 -4.6638618301e+09 -1.0171785848e+07 7.5813758212e+05 6.3497603881e+01 6.1821309728e-198 -4.7217785745e-190
1.5418075884e+05 1.7358598647e-13 1.2413203428e-14 7.6943915293e+06 5.0304208048e+06 1.1078472958e-17 3.3000848273e-18 -8.9802854534e+03 -2.2294081184e+03 -4.6638596788e+09 -1.0171785848e+07 7.5813758212e+05 5.8561574062e+01 4.6552390000e-165 -3.6613212468e-157
1.5423932041e+05 1.7424472441e-13 1.2613073589e-14 7.1614904953e+06 4.8952176435e+06 1.1424705096e-17 3.5315618322e-18 -9.2235440800e+03 -2.3920411388e+03 -4.6638573837e+09 -1.0171785848e+07 7.5813758212e+05 5.4007658644e+01 6.0914565883e-134 -4.9336977871e-126
1.5429332807e+05 1.7487113187e-13 1.2810318004e-14 6.6567540646e+06 4.7614531251e+06 1.1778259746e-17 3.7788012664e-18 -9.4719474179e+03 -2.5657486565e+03 -4.6638549366e+09 -1.0171785848e+07 7.5813758212e+05 4.9808016535e+01 1.6963952433e-104 -1.4150149917e-96
1.5434313609e+05 1.7546661640e-13 1.3004948340e-14 6.1787693513e+06 4.6291506496e+06 1.2138975638e-17 4.0428831922e-18 -9.7253821596e+03 -2.7512895108e+03 -4.6638523293e+09 -1.0171785848e+07 7.5813758212e+05 4.5936628579e+01 1.2210122212e-76 -1.0489716714e-68
1.5438907272e+05 1.7603254471e-13 1.3196985184e-14 5.7261832992e+06 4.4983250327e+06 1.2506641640e-17 4.3249666035e-18 -9.9836999675e+03 -2.9494779969e+03 -4.6638495528e+09 -1.0171785848e+07 7.5813758212e+05 4.2369212566e+01 2.7355836089e-50 -2.4206435362e-42
1.5443144193e+05 1.7657024185e-13 1.3386457961e-14 5.2977011989e+06 4.3689827113e+06 1.2880989239e-17 4.6262961405e-18 -1.0246712186e+04 -3.1611885846e+03 -4.6638465982e+09 -1.0171785848e+07 7.5813758212e+05 3.9083137348e+01 2.2790089324e-25 -2.0772637198e-17
1.5444404078e+05 1.7673327169e-13 1.3445360857e-14 5.1680815460e+06 4.3287219549e+06 1.2999722894e-17 4.7249781137e-18 -1.0330133055e+04 -3.2305213780e+03 -4.6638465889e+09 -1.0171785848e+07 7.5813758212e+05 3.6838317704e+01 7.7813424686e-18 -7.1588084393e-10
1.5444772461e+05 1.7678122561e-13 1.3462821514e-14 5.1299813167e+06 4.3167828729e+06 1.3035134196e-17 4.7547070579e-18 -1.0355012620e+04 -3.2514085844e+03 -4.6638465889e+09 -1.0171785848e+07 7.5813758212e+05 1.8419158852e+01 1.2731617053e-15 -1.1745495653e-07
1.5446614377e+05 1.7702298508e-13 1.3551809992e-14 4.9380821032e+06 4.2559034688e+06 1.3217133756e-17 4.9097008227e-18 -1.0482883107e+04 -3.3603052959e+03 -4.6638723201e+09 -1.0171783615e+07 7.5813829779e+05 2.3870020717e+01 1.7852420799e-04 -1.6704595994e+04
1.5446853078e+05 1.7705456327e-13 1.3563554363e-14 4.9130391612e+06 4.2478649164e+06 1.3241343637e-17 4.9305995437e-18 -1.0499889350e+04 -3.3749874205e+03 -4.6642004642e+09 -1.0171755274e+07 7.5814740108e+05 3.7294049228e+00 5.0805792582e-03 -4.7628530069e+05
1.5447005745e+05 1.7707479030e-13 1.3571092030e-14 4.8970009727e+06 4.2427052140e+06 1.3256905144e-17 4.9440680132e-18 -1.0510796725e+04 -3.3844418557e+03 -4.6667587272e+09 -1.0171534645e+07 7.5821840141e+05 2.1809856081e+00 4.3368642029e-02 -4.0705429504e+06
1.5447133914e+05 1.7709179000e-13 1.3577436096e-14 4.8835235073e+06 4.2383622997e+06 1.3270016596e-17 4.9554374660e-18 -1.0519860067e+04 -3.3923820018e+03 -4.6814232377e+09 -1.0170271455e+07 7.5862553200e+05 1.4732060670e+00 2.6284827997e-01 -2.4695424937e+07
1.5447233668e+05 1.7710503248e-13 1.3582383775e-14 4.8730261484e+06 4.2349752171e+06 1.3280251061e-17 4.9643258659e-18 -1.0526505019e+04 -3.3984508004e+03 -4.7353179637e+09 -1.0165633329e+07 7.6012226811e+05 1.0717331293e+00 1.0694157721e+00 -1.0054940912e+08
1.5447313741e+05 1.7711566964e-13 1.3586361714e-14 4.8645954601e+06 4.2322521291e+06 1.3288485274e-17 4.9714858256e-18 -1.0530781921e+04 -3.4029940663e+03 -4.8843991719e+09 -1.0152812273e+07 7.6426378648e+05 8.3352978703e-01 3.2999120041e+00 -3.1042011864e+08
1.5447380044e+05 1.7712448260e-13 1.3589659940e-14 4.8576125861e+06 4.2299947618e+06 1.3295316347e-17 4.9774316195e-18 -1.0532140435e+04 -3.4060590934e+03 -5.2246266620e+09 -1.0123564476e+07 7.7371933816e+05 6.7973133116e-01 8.3874647327e+00 -7.8916156250e+08
1.5447436500e+05 1.7713199018e-13 1.3592471406e-14 4.8516671450e+06 4.2280713935e+06 1.3301142023e-17 4.9825065546e-18 -1.0529356333e+04 -3.4073998071e+03 -5.9046562803e+09 -1.0065108669e+07 7.9263078413e+05 5.7394291369e-01 1.8545482550e+01 -1.7445587814e+09
1.5447485737e+05 1.7713854055e-13 1.3594925744e-14 4.8464846340e+06 4.2263938017e+06 1.3306229754e-17 4.9869418377e-18 -1.0520414270e+04 -3.4064641829e+03 -7.1417778223e+09 -9.9587172068e+06 8.2707109984e+05 4.9798916077e-01 3.6989816440e+01 -3.4768371375e+09
1.5447529620e+05 1.7714438076e-13 1.3597115048e-14 4.8418714305e+06 4.2248996831e+06 1.3310769695e-17 4.9909020954e-18 -1.0502290728e+04 -3.4023435234e+03 -9.2458373840e+09 -9.7775545714e+06 8.8574736442e+05 4.4227422202e-01 6.8256403955e+01 -6.4049826109e+09
1.5447573847e+05 1.7715026878e-13 1.3599323279e-14 4.8372337032e+06 4.2233968455e+06 1.3315350419e-17 4.9949003293e-18 -1.0465868217e+04 -3.3923068229e+03 -1.3149443363e+10 -9.4406071425e+06 9.9493677162e+05 3.9974046771e-01 1.2592261664e+02 -1.1775814821e+10
1.5447613822e+05 1.7715559229e-13 1.3601320666e-14 4.8330610764e+06 4.2220440511e+06 1.3319495080e-17 4.9985200224e-18 -1.0405044903e+04 -3.3741861047e+03 -1.9397187535e+10 -8.8988570549e+06 1.1705796837e+06 3.7165350975e-01 2.1729101194e+02 -2.0203062406e+10
1.5447650987e+05 1.7716054325e-13 1.3603179010e-14 4.8292104781e+06 4.2207950891e+06 1.3323352313e-17 5.0018904525e-18 -1.0308210898e+04 -3.3442658909e+03 -2.9082243888e+10 -8.0527326217e+06 1.4450297094e+06 3.6521232121e-01 3.5665044242e+02 -3.2853062833e+10
1.5447687508e+05 1.7716540979e-13 1.3605006368e-14 4.8254719719e+06 4.2195819492e+06 1.3327146222e-17 5.0052071897e-18 -1.0152521340e+04 -3.2952092713e+03 -4.4302708708e+10 -6.7067141579e+06 1.8818185310e+06 4.3488620706e-01 5.6996043162e+02 -5.1711444754e+10
1.5447719353e+05 1.7716965427e-13 1.3606600708e-14 4.8222700521e+06 4.2185424981e+06 1.3330457108e-17 5.0081029648e-18 -9.9437051256e+03 -3.2286989599e+03 -6.4236850272e+10 -4.9120037198e+06 2.4644497464e+06 3.3704922351e-01 8.3848315453e+02 -7.4512110086e+10
1.5447745927e+05 1.7717319708e-13 1.3607931886e-14 4.8196585974e+06 4.2176944238e+06 1.3333222002e-17 5.0105221195e-18 -9.6981525256e+03 -3.1500234236e+03 -8.7076294466e+10 -2.8082946735e+06 3.1476389972e+06 2.7150208865e-01 1.1304024085e+03 -9.7976121729e+10
1.5447773077e+05 1.7717681746e-13 1.3609292589e-14 4.8170689132e+06 4.2168531307e+06 1.3336048643e-17 5.0129961404e-18 -9.3631194186e+03 -3.0422755596e+03 -1.1725988812e+11 5.6367437261e+04 4.0782706937e+06 2.4647359264e-01 1.4889943529e+03 -1.2460239765e+11
1.5447797724e+05 1.7718010476e-13 1.3610528437e-14 4.8148073685e+06 4.2161181864e+06 1.3338616237e-17 5.0152441416e-18 -8.9739689148e+03 -2.9168038293e+03 -1.5094584328e+11 3.3794803915e+06 5.1582054645e+06 2.5144994569e-01 1.8500763872e+03 -1.4838869883e+11
1.5447822869e+05 1.7718345909e-13 1.3611789809e-14 4.8126100083e+06 4.2154038545e+06 1.3341237106e-17 5.0175394553e-18 -8.4887746666e+03 -2.7600867258e+03 -1.9091213812e+11 7.5192833295e+06 6.5040084583e+06 3.2180365619e-01 2.2200416200e+03 -1.6844089814e+11
1.5447841959e+05 1.7718600614e-13 1.3612747830e-14 4.8110293459e+06 4.2148898370e+06 1.3343227795e-17 5.0192832977e-18 -8.0635311344e+03 -2.6225711180e+03 -2.2409919690e+11 1.1145741750e+07 7.6833053509e+06 2.0137421850e-01 2.4740410059e+03 -1.7831401272e+11
1.5447859315e+05 1.7718832205e-13 1.3613619078e-14 4.8096661843e+06 4.2144464246e+06 1.3345038231e-17 5.0208695434e-18 -7.6401196571e+03 -2.4855431525e+03 -2.5544182833e+11 1.4755551231e+07 8.8575161166e+06 1.7504980759e-01 2.6645871376e+03 -1.8196790711e+11
1.5447876820e+05 1.7719065825e-13 1.3614498120e-14 4.8083682368e+06 4.2140241056e+06 1.3346864880e-17 5.0224702728e-18 -7.1854998040e+03 -2.3383281158e+03 -2.8720898777e+11 1.8630728729e+07 1.0118403485e+07 1.6123140630e-01 2.8030996848e+03 -1.8004141854e+11
1.5447892943e+05 1.7719281032e-13 1.3615308019e-14 4.8072446116e+06 4.2136584005e+06 1.3348547834e-17 5.0239453123e-18 -6.7507120012e+03 -2.1974693912e+03 -3.1576636754e+11 2.2336475652e+07 1.1324511580e+07 1.5421449716e-01 2.8748218919e+03 -1.7347998578e+11
1.5447908364e+05 1.7719486899e-13 1.3616082893e-14 4.8062360809e+06 4.2133300599e+06 1.3350157965e-17 5.0253567230e-18 -6.3284826021e+03 -2.0606300900e+03 -3.4179385563e+11 2.5935041250e+07 1.2496074585e+07 1.5188666884e-01 2.8908523206e+03 -1.6354095904e+11
1.5447923553e+05 1.7719689682e-13 1.3616846283e-14 4.8053064139e+06 4.2130273035e+06 1.3351744170e-17 5.0267473359e-18 -5.9138912530e+03 -1.9262277223e+03 -3.6571694858e+11 2.9468540530e+07 1.3646799451e+07 1.5338737542e-01 2.8583670923e+03 -1.5111417874e+11
1.5447938892e+05 1.7719894493e-13 1.3617617431e-14 4.8044309371e+06 4.2127421034e+06 1.3353346402e-17 5.0281521659e-18 -5.5032019027e+03 -1.7930594498e+03 -3.8781988214e+11 3.2968968538e+07 1.4787119411e+07 1.5929012876e-01 2.7823284358e+03 -1.3688366515e+11
1.5447954821e+05 1.7720107212e-13 1.3618418482e-14 4.8035873650e+06 4.2124671998e+06 1.3355010643e-17 5.0296115298e-18 -5.0913917720e+03 -1.6595027376e+03 -4.0838987127e+11 3.6479293500e+07 1.5931066787e+07 1.7266636783e-01 2.6657057083e+03 -1.2133667110e+11
1.5447972087e+05 1.7720337824e-13 1.3619287063e-14 4.8027452085e+06 4.2121926463e+06 1.3356815012e-17 5.0311939450e-18 -4.6676725872e+03 -1.5220633808e+03 -4.2789004925e+11 4.0091682262e+07 1.7108751503e+07 2.1104656153e-01 2.5074269095e+03 -1.0463822521e+11
1.5447993192e+05 1.7720619738e-13 1.3620349084e-14 4.8018115181e+06 4.2118880959e+06 1.3359020938e-17 5.0331287473e-18 -4.1879128441e+03 -1.3664294196e+03 -4.4793193421e+11 4.4182813869e+07 1.8443194813e+07 2.1025170163e-01 2.2868539288e+03 -8.5629319483e+10
1.5448010209e+05 1.7720847087e-13 1.3621205715e-14 4.8011293698e+06 4.2116654681e+06 1.3360799985e-17 5.0346893009e-18 -3.8342802871e+03 -1.2517054074e+03 -4.6132011981e+11 4.7199315069e+07 1.9427668543e+07 1.7203227104e-01 2.1000634922e+03 -7.1998712376e+10
1.5448027412e+05 1.7721076951e-13 1.3622071980e-14 4.8004982964e+06 4.2114593953e+06 1.3362598767e-17 5.0362673017e-18 -3.5075322768e+03 -1.1457040524e+03 -4.7264628284e+11 4.9987415483e+07 2.0338103880e+07 1.6094994951e-01 1.9122064647e+03 -5.9974859098e+10
1.5448043507e+05 1.7721292035e-13 1.3622882686e-14 4.7999565035e+06 4.2112823725e+06 1.3364281914e-17 5.0377439734e-18 -3.2292344509e+03 -1.0554255222e+03 -4.8150237323e+11 5.2362998757e+07 2.1114290070e+07 1.5613745647e-01 1.7426949315e+03 -5.0324392015e+10
1.5448059121e+05 1.7721500715e-13 1.3623669378e-14 4.7994717905e+06 4.2111239035e+06 1.3365914940e-17 5.0391767686e-18 -2.9834133737e+03 -9.7568995192e+02 -4.8872022877e+11 5.4462230345e+07 2.1800599071e+07 1.5432986662e-01 1.5872064402e+03 -4.2347770492e+10
1.5448074554e+05 1.7721707003e-13 1.3624447183e-14 4.7990286875e+06 4.2109789449e+06 1.3367529245e-17 5.0405932238e-18 -2.7623764414e+03 -9.0400323643e+02 -4.9472617211e+11 5.6350684898e+07 2.2418395223e+07 1.5421406231e-01 1.4439381427e+03 -3.5673281843e+10
1.5448089975e+05 1.7721913162e-13 1.3625224623e-14 4.7986184128e+06 4.2108446333e+06 1.3369142508e-17 5.0420088437e-18 -2.5616966422e+03 -8.3893032316e+02 -4.9978203635e+11 5.8066097597e+07 2.2979969068e+07 1.5524180393e-01 1.3119485236e+03 -3.0059809228e+10
1.5448105500e+05 1.7722120719e-13 1.3626007464e-14 4.7982351910e+06 4.2107190845e+06 1.3370766681e-17 5.0434341108e-18 -2.3783868047e+03 -7.7950304626e+02 -5.0407028000e+11 5.9633930776e+07 2.3493612616e+07 1.5714241342e-01 1.1905371605e+03 -2.5327938721e+10
1.5448121214e+05 1.7722330844e-13 1.3626800115e-14 4.7978748758e+06 4.2106009445e+06 1.3372410889e-17 5.0448770294e-18 -2.2102321162e+03 -7.2500366403e+02 -5.0772704103e+11 6.1073064839e+07 2.3965474475e+07 1.5975386896e-01 1.0790703450e+03 -2.1335246792e+10
1.5448137189e+05 1.7722544486e-13 1.3627606170e-14 4.7975343484e+06 4.2104891938e+06 1.3374082565e-17 5.0463441208e-18 -2.0555043488e+03 -6.7487219466e+02 -5.1085782415e+11 6.2398234113e+07 2.4400353435e+07 1.6297666628e-01 9.7694035934e+02 -1.7965340377e+10
1.5448153487e+05 1.7722762467e-13 1.3628428729e-14 4.7972111744e+06 4.2103830356e+06 1.3375788105e-17 5.0478409957e-18 -1.9128011351e+03 -6.2865430554e+02 -5.1354662303e+11 6.3621396913e+07 2.4802144829e+07 1.6674731041e-01 8.8355104401e+02 -1.5121442228e+10
1.5448170162e+05 1.7722985519e-13 1.3629270570e-14 4.7969034005e+06 4.2102818289e+06 1.3377533239e-17 5.0493726847e-18 -1.7809519074e+03 -5.8597082011e+02 -5.1586157862e+11 6.4752537293e+07 2.5174101702e+07 1.7102467334e-01 7.9831638613e+02 -1.2722310566e+10
1.5448187264e+05 1.7723214323e-13 1.3630134272e-14 4.7966094256e+06 4.2101850473e+06 1.3379323273e-17 5.0509438424e-18 -1.6589587269e+03 -5.4649853718e+02 -5.1785873742e+11 6.5800169408e+07 2.5518999061e+07 1.7578232725e-01 7.2066345129e+02 -1.0699380362e+10
1.5448204842e+05 1.7723449524e-13 1.3631022281e-14 4.7963279148e+06 4.2100922504e+06 1.3381163233e-17 5.0525588825e-18 -1.5459569527e+03 -5.0995748315e+02 -5.1958467847e+11 6.6771672731e+07 2.5839243040e+07 1.8100391212e-01 6.5003635032e+02 -8.9946184512e+09
1.5448222943e+05 1.7723691745e-13 1.3631936964e-14 4.7960577388e+06 4.2100030643e+06 1.3383057978e-17 5.0542220702e-18 -1.4411879388e+03 -4.7610206296e+02 -5.2107842318e+11 6.7673524767e+07 2.6136946668e+07 1.8668022691e-01 5.8589996228e+02 -7.5588367461e+09
1.5448241611e+05 1.7723941599e-13 1.3632880647e-14 4.7957979316e+06 4.2099171674e+06 1.3385012271e-17 5.0559375873e-18 -1.3439793559e+03 -4.4471468281e+02 -5.2237286789e+11 6.8511468758e+07 2.6413984467e+07 1.9280726031e-01 5.2774293395e+02 -6.3503229021e+09
1.5448260891e+05 1.7724199691e-13 1.3633855640e-14 4.7955476580e+06 4.2098342804e+06 1.3387030833e-17 5.0577095797e-18 -1.2537305844e+03 -4.1560101621e+02 -5.2349588506e+11 6.9290638167e+07 2.6672032972e+07 1.9938486809e-01 4.7507986362e+02 -5.3337060166e+09
1.5448280830e+05 1.7724466629e-13 1.3634864253e-14 4.7953061902e+06 4.2097541578e+06 1.3389118385e-17 5.0595421936e-18 -1.1699015561e+03 -3.8858638774e+02 -5.2447118729e+11 7.0015651767e+07 2.6912601685e+07 2.0641575383e-01 4.2745269257e+02 -4.4790044044e+09
1.5448301472e+05 1.7724743024e-13 1.3635908818e-14 4.7950728889e+06 4.2096765825e+06 1.3391279677e-17 5.0614396007e-18 -1.0920040599e+03 -3.6351295464e+02 -5.2531901583e+11 7.0690687722e+07 2.7137057181e+07 2.1390475046e-01 3.8443142423e+02 -3.7608201445e+09
1.5448322862e+05 1.7725029494e-13 1.3636991695e-14 4.7948471891e+06 4.2096013606e+06 1.3393519511e-17 5.0634060182e-18 -1.0195948028e+03 -3.4023745726e+02 -5.2605669706e+11 7.1319542695e+07 2.7346642354e+07 2.2185821224e-01 3.4561426744e+02 -3.1576542150e+09
1.5448345048e+05 1.7725326666e-13 1.3638115279e-14 4.7946285884e+06 4.2095283175e+06 1.3395842755e-17 5.0654457226e-18 -9.5226978881e+02 -3.1862939579e+02 -5.2669909693e+11 7.1905679728e+07 2.7542491991e+07 2.3028351940e-01 3.1062732825e+02 -2.6513228260e+09
1.5448368076e+05 1.7725635178e-13 1.3639282011e-14 4.7944166377e+06 4.2094572952e+06 1.3398254356e-17 5.0675630591e-18 -8.8965968709e+02 -2.9856952703e+02 -5.2725899561e+11 7.2452267672e+07 2.7725645609e+07 2.3918865138e-01 2.7912394706e+02 -2.2264593186e+09
1.5448391995e+05 1.7725955679e-13 1.3640494378e-14 4.7942109340e+06 4.2093881496e+06 1.3400759344e-17 5.0697624470e-18 -8.3142595977e+02 -2.7994860686e+02 -5.2774739869e+11 7.2962214144e+07 2.7897058175e+07 2.4858180017e-01 2.5078376853e+02 -1.8700889493e+09
1.5448416853e+05 1.7726288830e-13 1.3641754913e-14 4.7940111140e+06 4.2093207481e+06 1.3403362837e-17 5.0720483820e-18 -7.7725758507e+02 -2.6266632470e+02 -5.2817379733e+11 7.3438193388e+07 2.8057609177e+07 2.5847100405e-01 2.2531161882e+02 -1.5712660003e+09
1.5448442700e+05 1.7726635303e-13 1.3643066198e-14 4.7938168486e+06 4.2092549684e+06 1.3406070036e-17 5.0744254341e-18 -7.2686825402e+02 -2.4663039085e+02 -5.2854638692e+11 7.3882670097e+07 2.8208110370e+07 2.6886378835e-01 2.0243625180e+02 -1.3207642874e+09
1.5448469587e+05 1.7726995781e-13 1.3644430859e-14 4.7936278390e+06 4.2091906963e+06 1.3408886224e-17 5.0768982435e-18 -6.7999394991e+02 -2.3175574682e+02 -5.2887225169e+11 7.4297919953e+07 2.8349312462e+07 2.7976687120e-01 1.8190901444e+02 -1.1108134438e+09
1.5448497563e+05 1.7727370958e-13 1.3645851567e-14 4.7934438127e+06 4.2091278252e+06 1.3411816751e-17 5.0794715128e-18 -6.3639083087e+02 -2.1796387316e+02 -5.2915752122e+11 7.4686047575e+07 2.8481910953e+07 2.9118582772e-01 1.6350246700e+02 -9.3487439719e+08
1.5448526682e+05 1.7727761536e-13 1.3647331027e-14 4.7932645203e+06 4.2090662542e+06 1.3414867030e-17 5.0821499966e-18 -5.9583337332e+02 -2.0518218069e+02 -5.2940750358e+11 7.5049002229e+07 2.8606551244e+07 3.0312479849e-01 1.4700899487e+02 -7.8744847784e+08
1.5448556994e+05 1.7728168222e-13 1.3648871975e-14 4.7930897330e+06 4.2090058878e+06 1.3418042515e-17 5.0849384883e-18 -5.5811272811e+02 -1.9334346987e+02 -5.2962679883e+11 7.5388591713e+07 2.8723833158e+07 3.1558622576e-01 1.3223943388e+02 -6.6391527753e+08
1.5448588553e+05 1.7728591729e-13 1.3650477170e-14 4.7929192396e+06 4.2089466343e+06 1.3421348689e-17 5.0878418043e-18 -5.2303525641e+02 -1.8238544719e+02 -5.2981939612e+11 7.5706494689e+07 2.8834314954e+07 3.2857061496e-01 1.1902172756e+02 -5.6039508742e+08
1.5448621410e+05 1.7729032772e-13 1.3652149382e-14 4.7927528447e+06 4.2088884059e+06 1.3424791037e-17 5.0908647663e-18 -4.9042122012e+02 -1.7225029083e+02 -5.2998875687e+11 7.6004271701e+07 2.8938516912e+07 3.4207637584e-01 1.0719963085e+02 -4.7363232454e+08
1.5448655618e+05 1.7729492063e-13 1.3653891385e-14 4.7925903666e+06 4.2088311170e+06 1.3428375031e-17 5.0940121820e-18 -4.6010360264e+02 -1.6288425753e+02 -5.3013788622e+11 7.6283375062e+07 2.9036924562e+07 3.5609964484e-01 9.6631468767e+01 -4.0089684517e+08
1.5448691228e+05 1.7729970314e-13 1.3655705944e-14 4.7924316356e+06 4.2087746845e+06 1.3432106102e-17 5.0972888242e-18 -4.3192705060e+02 -1.5423732778e+02 -5.3026939443e+11 7.6545157709e+07 2.9129991572e+07 3.7063427195e-01 8.7188959480e+01 -3.3990050765e+08
1.5448728291e+05 1.7730468225e-13 1.3657595806e-14 4.7922764920e+06 4.2087190266e+06 1.3435989616e-17 5.1006994093e-18 -4.0574691331e+02 -1.4626288191e+02 -5.3038554980e+11 7.6790881225e+07 2.9218142376e+07 3.8567179965e-01 7.8756102365e+01 -2.8872667914e+08
1.5448728291e+05 1.7730468225e-13 1.3657595806e-14 4.7922764920e+06 4.2087190266e+06 1.3435989616e-17 5.1006994093e-18 -4.0574691331e+02 -1.4626288191e+02 -5.3038554980e+11 7.6790881225e+07 2.9218142376e+07 3.8567179965e-01 7.8756102365e+01 -2.8872667914e+08
