0.0000000000e+00 0.0000000000e+00 0.0000000000e+00 3.1415900000e+08 0.0000000000e+00 0.0000000000e+00 0.0000000000e+00 -1.1980550550e+03 6.8294114500e+01 -4.6638893007e+09 -1.0183467968e+07 5.8049997325e+05 1.0000000000e+01 0.0000000000e+00 -0.0000000000e+00
1.0000000000e+01 2.8740026366e-22 2.0826365310e-28 3.1414701925e+08 6.8294114485e+02 5.7480783441e-23 6.2480287325e-29 -1.1980954403e+03 6.8294114456e+01 -4.6638893007e+09 -1.0183467967e+07 5.8049997325e+05 5.0000000000e+01 0.0000000000e+00 -0.0000000000e+00
6.0000000000e+01 1.0347725011e-20 4.4997819608e-26 3.1408710943e+08 4.0976468384e+03 3.4495048226e-22 2.2501484629e-27 -1.1982974132e+03 6.8294112919e+01 -4.6638893007e+09 -1.0183467968e+07 5.8049997325e+05 2.5000000000e+02 0.0000000000e+00 -0.0000000000e+00
3.1000000000e+02 2.7640255072e-19 6.2150477654e-24 3.1378740874e+08 2.1171171128e+04 1.7839460349e-21 6.0181233688e-26 -1.1993084345e+03 6.8294072217e+01 -4.6638893007e+09 -1.0183467968e+07 5.8049997325e+05 1.2500000000e+03 0.0000000000e+00 -0.0000000000e+00
1.5600000000e+03 7.0218947820e-18 7.9772592350e-22 3.1228510061e+08 1.0653825815e+05 9.0204176563e-21 1.5386894159e-24 -1.2043926943e+03 6.8293033435e+01 -4.6638893007e+09 -1.0183467968e+07 5.8049997325e+05 3.6000000000e+03 0.0000000000e+00 -0.0000000000e+00
5.1600000000e+03 7.7543517683e-17 2.9480319627e-20 3.0792255475e+08 3.5237691829e+05 3.0257846223e-20 1.7313060062e-23 -1.2193138618e+03 6.8281950548e+01 -4.6638893006e+09 -1.0183467968e+07 5.8049997325e+05 3.6000000000e+03 0.0000000000e+00 -0.0000000000e+00
8.7600000000e+03 2.2561537911e-16 1.4735934997e-19 3.0350552301e+08 5.9815291007e+05 5.2109525910e-20 5.1349040583e-23 -1.2346665949e+03 6.8258037268e+01 -4.6638893005e+09 -1.0183467968e+07 5.8049997325e+05 3.6000000000e+03 0.0000000000e+00 -0.0000000000e+00
1.2360000000e+04 4.5351138422e-16 4.2304710987e-19 2.9903240776e+08 8.4381802730e+05 7.4610707218e-20 1.0526908400e-22 -1.2504756601e+03 6.8220153680e+01 -4.6638893003e+09 -1.0183467968e+07 5.8049997325e+05 3.6000000000e+03 0.0000000000e+00 -0.0000000000e+00
1.5960000000e+04 7.6363762419e-16 9.3130916620e-19 2.9450151851e+08 1.0893197406e+06 9.7799629293e-20 1.8087292752e-22 -1.2667679240e+03 6.8167035309e+01 -4.6638893002e+09 -1.0183467968e+07 5.8049997325e+05 3.6000000000e+03 0.0000000000e+00 -0.0000000000e+00
1.9560000000e+04 1.1585437335e-15 1.7537446805e-18 2.8991106393e+08 1.3346007192e+06 1.2171785971e-19 2.8016158108e-22 -1.2835725913e+03 6.8097276269e+01 -4.6638893000e+09 -1.0183467968e+07 5.8049997325e+05 3.6000000000e+03 0.0000000000e+00 -0.0000000000e+00
2.3160000000e+04 1.6409355559e-15 2.9795599800e-18 2.8525914291e+08 1.5795982880e+06 1.4641068318e-19 4.0536526080e-22 -1.3009214785e+03 6.8009309637e+01 -4.6638892998e+09 -1.0183467968e+07 5.8049997325e+05 3.6000000000e+03 0.0000000000e+00 -0.0000000000e+00
2.6760000000e+04 2.2136893110e-15 4.7064509252e-18 2.8054373466e+08 1.8242438070e+06 1.7192754787e-19 5.5897604003e-22 -1.3188493275e+03 6.7901384510e+01 -4.6638892996e+09 -1.0183467968e+07 5.8049997325e+05 3.6000000000e+03 0.0000000000e+00 -0.0000000000e+00
3.0360000000e+04 2.8798674861e-15 7.0416127070e-18 2.7576268752e+08 2.0684619620e+06 1.9832257969e-19 7.4378616846e-22 -1.3373941663e+03 6.7771539088e+01 -4.6638892993e+09 -1.0183467968e+07 5.8049997325e+05 3.6000000000e+03 0.0000000000e+00 -0.0000000000e+00
3.3960000000e+04 3.6427367205e-15 1.0102899519e-17 2.7091370637e+08 2.3121699501e+06 2.2565517726e-19 9.6293323400e-22 -1.3565977278e+03 6.7617568938e+01 -4.6638892989e+09 -1.0183467968e+07 5.8049997325e+05 3.6000000000e+03 0.0000000000e+00 -0.0000000000e+00
3.7560000000e+04 4.5057880002e-15 1.4020161269e-17 2.6599433849e+08 2.5552765403e+06 2.5399070309e-19 1.2199536284e-21 -1.3765059349e+03 6.7436989433e+01 -4.6638892985e+09 -1.0183467968e+07 5.8049997325e+05 3.6000000000e+03 0.0000000000e+00 -0.0000000000e+00
4.1160000000e+04 5.4727595416e-15 1.8936790395e-17 2.6100195747e+08 2.7976809867e+06 2.8340129005e-19 1.5188461435e-21 -1.3971694673e+03 6.7226991068e+01 -4.6638892981e+09 -1.0183467968e+07 5.8049997325e+05 3.6000000000e+03 0.0000000000e+00 -0.0000000000e+00
4.4760000000e+04 6.5476628204e-15 2.5011519225e-17 2.5593374487e+08 3.0392717659e+06 3.1396678666e-19 1.8641480003e-21 -1.4186444256e+03 6.6984386046e+01 -4.6638892975e+09 -1.0183467968e+07 5.8049997325e+05 3.6000000000e+03 0.0000000000e+00 -0.0000000000e+00
4.8360000000e+04 7.7348122970e-15 3.2420517685e-17 2.5078666942e+08 3.2799251029e+06 3.4577587067e-19 2.2610262250e-21 -1.4409931138e+03 6.6705544075e+01 -4.6638892968e+09 -1.0183467968e+07 5.8049997325e+05 3.6000000000e+03 0.0000000000e+00 -0.0000000000e+00
5.1960000000e+04 9.0388595075e-15 4.1359853040e-17 2.4555746299e+08 3.5195032433e+06 3.7892736772e-19 2.7153880984e-21 -1.4642849656e+03 6.6386314768e+01 -4.6638892960e+09 -1.0183467968e+07 5.8049997325e+05 3.6000000000e+03 0.0000000000e+00 -0.0000000000e+00
5.5560000000e+04 1.0464832339e-14 5.2048388563e-17 2.4024259306e+08 3.7578524161e+06 4.1353182168e-19 3.2340154690e-21 -1.4885976478e+03 6.6021933279e+01 -4.6638892949e+09 -1.0183467968e+07 5.8049997325e+05 3.6000000000e+03 0.0000000000e+00 -0.0000000000e+00
5.9160000000e+04 1.2018180498e-14 6.4731217772e-17 2.3483823072e+08 3.9948004218e+06 4.4971337579e-19 3.8247291459e-21 -1.5140183821e+03 6.5606904799e+01 -4.6638892937e+09 -1.0183467968e+07 5.8049997325e+05 3.6000000000e+03 0.0000000000e+00 -0.0000000000e+00
6.2760000000e+04 1.3704828420e-14 7.9683756465e-17 2.2934021353e+08 4.2301537562e+06 4.8761204063e-19 4.4965915084e-21 -1.5406455381e+03 6.5134862207e+01 -4.6638892922e+09 -1.0183467968e+07 5.8049997325e+05 3.6000000000e+03 0.0000000000e+00 -0.0000000000e+00
6.6360000000e+04 1.5531237186e-14 9.7216648601e-17 2.2374400202e+08 4.4636941646e+06 5.2738644742e-19 5.2601580790e-21 -1.5685905684e+03 6.4598389318e+01 -4.6638892902e+09 -1.0183467968e+07 5.8049997325e+05 3.6000000000e+03 0.0000000000e+00 -0.0000000000e+00
6.9960000000e+04 1.7504477411e-14 1.1768168682e-16 2.1804462846e+08 4.6951744817e+06 5.6921721505e-19 6.1277924056e-21 -1.5979803736e+03 6.3988799648e+01 -4.6638892878e+09 -1.0183467968e+07 5.8049997325e+05 3.6000000000e+03 0.0000000000e+00 -0.0000000000e+00
7.3560000000e+04 1.9632315604e-14 1.4147900862e-16 2.1223663618e+08 4.9243135756e+06 6.1331110087e-19 7.1140636041e-21 -1.6289602190e+03 6.3295857107e+01 -4.6638892847e+09 -1.0183467968e+07 5.8049997325e+05 3.6000000000e+03 0.0000000000e+00 -0.0000000000e+00
7.7160000000e+04 2.1923317213e-14 1.6906591076e-16 2.0631400720e+08 5.1507901549e+06 6.5990616192e-19 8.2362529820e-21 -1.6616973608e+03 6.2507420052e+01 -4.6638892807e+09 -1.0183467968e+07 5.8049997325e+05 3.6000000000e+03 0.0000000000e+00 -0.0000000000e+00
8.0760000000e+04 2.4386970514e-14 2.0096773677e-16 2.0027007518e+08 5.3742351195e+06 7.0927823314e-19 9.5150062675e-21 -1.6963855972e+03 6.1608983038e+01 -4.6638892755e+09 -1.0183467968e+07 5.8049997325e+05 3.6000000000e+03 0.0000000000e+00 -0.0000000000e+00
8.4360000000e+04 2.7033836802e-14 2.3779144859e-16 1.9409741987e+08 5.5942220250e+06 7.6174914219e-19 1.0975182655e-20 -1.7332510405e+03 6.0583080287e+01 -4.6638892687e+09 -1.0183467968e+07 5.8049997325e+05 3.6000000000e+03 0.0000000000e+00 -0.0000000000e+00
8.7960000000e+04 2.9875734122e-14 2.8024271423e-16 1.8778773805e+08 5.8102550774e+06 8.1769724375e-19 1.2646973544e-20 -1.7725595185e+03 5.9408499676e+01 -4.6638892595e+09 -1.0183467968e+07 5.8049997325e+05 3.6000000000e+03 0.0000000000e+00 -0.0000000000e+00
9.1560000000e+04 3.2925964283e-14 3.2914766022e-16 1.8133168402e+08 6.0217538499e+06 8.7757109549e-19 1.4567396449e-20 -1.8146261823e+03 5.8059233136e+01 -4.6638892471e+09 -1.0183467968e+07 5.8049997325e+05 3.6000000000e+03 0.0000000000e+00 -0.0000000000e+00
9.5160000000e+04 3.6199596475e-14 3.8548090075e-16 1.7471867036e+08 6.2280335900e+06 9.4190745588e-19 1.6782319484e-20 -1.8598281522e+03 5.6503054270e+01 -4.6638892299e+09 -1.0183467968e+07 5.8049997325e+05 3.6000000000e+03 0.0000000000e+00 -0.0000000000e+00
9.8760000000e+04 3.9713825922e-14 4.5040214508e-16 1.6793661590e+08 6.4282794997e+06 1.0113553301e-18 1.9349250171e-20 -1.9086214116e+03 5.4699558968e+01 -4.6638892056e+09 -1.0183467968e+07 5.8049997325e+05 3.6000000000e+03 0.0000000000e+00 -0.0000000000e+00
1.0236000000e+05 4.3488433698e-14 5.2530473423e-16 1.6097162268e+08 6.6215126340e+06 1.0867086428e-18 2.2341248010e-20 -1.9615637626e+03 5.2597416486e+01 -4.6638891705e+09 -1.0183467968e+07 5.8049997325e+05 3.6000000000e+03 0.0000000000e+00 -0.0000000000e+00
1.0596000000e+05 4.7546385337e-14 6.1188109355e-16 1.5380755540e+08 6.8065439147e+06 1.1689514845e-18 2.5852527739e-20 -2.0193466157e+03 5.0130432658e+01 -4.6638891187e+09 -1.0183467968e+07 5.8049997325e+05 3.6000000000e+03 0.0000000000e+00 -0.0000000000e+00
1.0956000000e+05 5.1914623792e-14 7.1221270630e-16 1.4642548426e+08 6.9819109161e+06 1.2593221318e-18 3.0006673137e-20 -2.0828399693e+03 4.7211778974e+01 -4.6638890396e+09 -1.0183467968e+07 5.8049997325e+05 3.4381075933e+03 0.0000000000e+00 -0.0000000000e+00
1.1265098933e+05 5.5936968531e-14 8.1129082223e-16 1.3989625678e+08 7.1233961764e+06 1.3445937003e-18 3.4210613847e-20 -2.1427507700e+03 4.4258139689e+01 -4.6638889835e+09 -1.0183467968e+07 5.8049997325e+05 3.1109698386e+03 0.0000000000e+00 -0.0000000000e+00
1.1576195916e+05 6.0264295094e-14 9.2523940783e-16 1.3312881491e+08 7.2557981711e+06 1.4389357511e-18 3.9183425291e-20 -2.2090343851e+03 4.0764300872e+01 -4.6638888953e+09 -1.0183467968e+07 5.8049997325e+05 2.8057013667e+03 0.0000000000e+00 -0.0000000000e+00
1.1828036862e+05 6.3992086122e-14 1.0296949289e-15 1.2749251960e+08 7.3544014950e+06 1.5226974196e-18 4.3881900881e-20 -2.2678843479e+03 3.7463207199e+01 -4.6638888491e+09 -1.0183467968e+07 5.8049997325e+05 2.5354261506e+03 0.0000000000e+00 -0.0000000000e+00
1.2081579477e+05 6.7967869159e-14 1.1477270142e-15 1.2166160110e+08 7.4446282242e+06 1.6149172596e-18 4.9363258145e-20 -2.3326769225e+03 3.3612070071e+01 -4.6638887782e+09 -1.0183467968e+07 5.8049997325e+05 2.2874239802e+03 0.0000000000e+00 -0.0000000000e+00
1.2286830189e+05 7.1364945690e-14 1.2541750648e-15 1.1681583857e+08 7.5100132320e+06 1.6963508327e-18 5.4472413413e-20 -2.3898911930e+03 3.0022437688e+01 -4.6638887420e+09 -1.0183467968e+07 5.8049997325e+05 2.0672563255e+03 0.0000000000e+00 -0.0000000000e+00
1.2493555821e+05 7.4962588077e-14 1.3727262662e-15 1.1181149046e+08 7.5679019929e+06 1.7855371595e-18 6.0357526624e-20 -2.4525524569e+03 2.5887626382e+01 -4.6638886877e+09 -1.0183467968e+07 5.8049997325e+05 1.8616163075e+03 0.0000000000e+00 -0.0000000000e+00
1.2660005397e+05 7.7998595027e-14 1.4775849512e-15 1.0768427014e+08 7.6079047781e+06 1.8633908977e-18 6.5742446932e-20 -2.5072515775e+03 2.2104244726e+01 -4.6638886615e+09 -1.0183467968e+07 5.8049997325e+05 1.6782948195e+03 0.0000000000e+00 -0.0000000000e+00
1.2810180002e+05 8.0852995907e-14 1.5803276114e-15 1.0387962722e+08 7.6382794107e+06 1.9389500768e-18 7.1189504670e-20 -2.5603385678e+03 1.8277206042e+01 -4.6638886400e+09 -1.0183467968e+07 5.8049997325e+05 1.5151389172e+03 0.0000000000e+00 -0.0000000000e+00
1.2944898689e+05 8.3513515257e-14 1.6798358321e-15 1.0039637359e+08 7.6603710395e+06 2.0116090941e-18 7.6632794491e-20 -2.6113879386e+03 1.4452814653e+01 -4.6638886230e+09 -1.0183467968e+07 5.8049997325e+05 1.3614193187e+03 0.0000000000e+00 -0.0000000000e+00
1.3064652994e+05 8.5963357599e-14 1.7747597446e-15 9.7240420677e+07 7.6754637574e+06 2.0805656838e-18 8.1984993240e-20 -2.6598360272e+03 1.0692422779e+01 -4.6638886104e+09 -1.0183467968e+07 5.8049997325e+05 1.2137876963e+03 0.0000000000e+00 -0.0000000000e+00
1.3169316963e+05 8.8174147486e-14 1.8632149722e-15 9.4433213731e+07 7.6847954865e+06 2.1446014777e-18 8.7117805186e-20 -2.7048268226e+03 7.0861694920e+00 -4.6638886021e+09 -1.0183467968e+07 5.8049997325e+05 1.0675688566e+03 0.0000000000e+00 -0.0000000000e+00
1.3257434858e+05 9.0088795987e-14 1.9420232427e-15 9.2032303330e+07 7.6896050586e+06 2.2015341245e-18 9.1812790995e-20 -2.7448270305e+03 3.7875276973e+00 -4.6638885976e+09 -1.0183467968e+07 5.8049997325e+05 9.1534509883e+02 0.0000000000e+00 -0.0000000000e+00
1.3322165513e+05 9.1527929516e-14 2.0026373447e-15 9.0245676163e+07 7.6912255311e+06 2.2452772333e-18 9.5504241931e-20 -2.7755604241e+03 1.1939576987e+00 -4.6638885964e+09 -1.0183467968e+07 5.8049997325e+05 7.5211288407e+02 0.0000000000e+00 -0.0000000000e+00
1.3397376801e+05 9.3236423221e-14 2.0761674059e-15 8.8144235943e+07 7.6909290586e+06 2.2983189842e-18 1.0007854001e-19 -2.8128269342e+03 -2.0198903165e+00 -4.6638885934e+09 -1.0183467968e+07 5.8049997325e+05 7.7166541656e+02 0.0000000000e+00 -0.0000000000e+00
1.3474543343e+05 9.5031806520e-14 2.1553168998e-15 8.5958323106e+07 7.6880197617e+06 2.3554223233e-18 1.0512340935e-19 -2.8529470685e+03 -5.5643561622e+00 -4.6638885893e+09 -1.0183467968e+07 5.8049997325e+05 8.6329021855e+02 0.0000000000e+00 -0.0000000000e+00
1.3560872364e+05 9.7094036938e-14 2.2486709740e-15 8.3475155066e+07 7.6813879284e+06 2.4228348943e-18 1.1123970719e-19 -2.9003103478e+03 -9.8615950675e+00 -4.6638885800e+09 -1.0183467968e+07 5.8049997325e+05 9.0995951408e+02 0.0000000000e+00 -0.0000000000e+00
1.3651868316e+05 9.9332713684e-14 2.3530554428e-15 8.0812105526e+07 7.6701935080e+06 2.4983587645e-18 1.1829868093e-19 -2.9533725305e+03 -1.4821146976e+01 -4.6638885643e+09 -1.0183467968e+07 5.8049997325e+05 9.2906355532e+02 0.0000000000e+00 -0.0000000000e+00
1.3744774671e+05 1.0169168879e-13 2.4665936994e-15 7.8041648082e+07 7.6538724374e+06 2.5807650986e-18 1.2625038310e-19 -3.0112702513e+03 -2.0407919370e+01 -4.6638885409e+09 -1.0183467968e+07 5.8049997325e+05 9.3020243046e+02 0.0000000000e+00 -0.0000000000e+00
1.3837794914e+05 1.0413301417e-13 2.5880687099e-15 7.5211967868e+07 7.6320528755e+06 2.6693298704e-18 1.3508682472e-19 -3.0734948181e+03 -2.6616299295e+01 -4.6638885090e+09 -1.0183467968e+07 5.8049997325e+05 9.1894058476e+02 0.0000000000e+00 -0.0000000000e+00
1.3929688973e+05 1.0662873095e-13 2.7165959123e-15 7.2357565203e+07 7.6045094086e+06 2.7635944752e-18 1.4482292120e-19 -3.1397240204e+03 -3.3456766133e+01 -4.6638884674e+09 -1.0183467968e+07 5.8049997325e+05 8.9888806941e+02 0.0000000000e+00 -0.0000000000e+00
1.4019577780e+05 1.0915709426e-13 2.8514769890e-15 6.9504249493e+07 7.5711323157e+06 2.8632571753e-18 1.5548812473e-19 -3.2097458610e+03 -4.0950012661e+01 -4.6638884152e+09 -1.0183467968e+07 5.8049997325e+05 8.7256648944e+02 0.0000000000e+00 -0.0000000000e+00
1.4106834429e+05 1.1170060093e-13 2.9921264601e-15 6.6671828934e+07 7.5319048078e+06 2.9681173387e-18 1.6712232996e-19 -3.2834193782e+03 -4.9124068382e+01 -4.6638883513e+09 -1.0183467968e+07 5.8049997325e+05 8.4182251233e+02 0.0000000000e+00 -0.0000000000e+00
1.4191016680e+05 1.1424484861e-13 3.1380314489e-15 6.3875720731e+07 7.4868852022e+06 3.0780438224e-18 1.7977371375e-19 -3.3606524323e+03 -5.8012781798e+01 -4.6638882746e+09 -1.0183467968e+07 5.8049997325e+05 8.0805029225e+02 0.0000000000e+00 -0.0000000000e+00
1.4271821709e+05 1.1677782180e-13 3.2887282644e-15 6.1127994832e+07 7.4361924717e+06 3.1929556804e-18 1.9349755496e-19 -3.4413881519e+03 -6.7654991175e+01 -4.6638881842e+09 -1.0183467968e+07 5.8049997325e+05 7.7232273552e+02 0.0000000000e+00 -0.0000000000e+00
1.4349053983e+05 1.1928941591e-13 3.4437882142e-15 5.8438093199e+07 7.3799942726e+06 3.3128097119e-18 2.0835559696e-19 -3.5255961843e+03 -7.8094076681e+01 -4.6638880789e+09 -1.0183467968e+07 5.8049997325e+05 7.3547487777e+02 0.0000000000e+00 -0.0000000000e+00
1.4422601471e+05 1.2177110253e-13 3.6028087879e-15 5.5813349980e+07 7.3184968938e+06 3.4375920567e-18 2.2441573377e-19 -3.6132667917e+03 -8.9377739865e+01 -4.6638879574e+09 -1.0183467968e+07 5.8049997325e+05 6.9816009138e+02 0.0000000000e+00 -0.0000000000e+00
1.4492417480e+05 1.2421568287e-13 3.7654081072e-15 5.3259382367e+07 7.2519367503e+06 3.5673123156e-18 2.4175190219e-19 -3.7044067196e+03 -1.0155792784e+02 -4.6638878186e+09 -1.0183467968e+07 5.8049997325e+05 6.6088983752e+02 0.0000000000e+00 -0.0000000000e+00
1.4558506463e+05 1.2661709876e-13 3.9312214221e-15 5.0780393409e+07 7.1805731521e+06 3.7019993100e-18 2.6044411299e-19 -3.7990362173e+03 -1.1469085524e+02 -4.6638876612e+09 -1.0183467968e+07 5.8049997325e+05 6.2406289922e+02 0.0000000000e+00 -0.0000000000e+00
1.4620912753e+05 1.2897028256e-13 4.0998989210e-15 4.8379412441e+07 7.1046821490e+06 3.8416979451e-18 2.8057858204e-19 -3.8971868348e+03 -1.2883709631e+02 -4.6638874838e+09 -1.0183467968e+07 5.8049997325e+05 5.8798755839e+02 0.0000000000e+00 -0.0000000000e+00
1.4679711509e+05 1.3127103450e-13 4.2711043898e-15 4.6058489727e+07 7.0245512904e+06 3.9864668384e-18 3.0224793719e-19 -3.9988997561e+03 -1.4406173031e+02 -4.6638872850e+09 -1.0183467968e+07 5.8049997325e+05 5.5289883961e+02 0.0000000000e+00 -0.0000000000e+00
1.4735001393e+05 1.3351591973e-13 4.4445144246e-15 4.3818856525e+07 6.9404751767e+06 4.1363764899e-18 3.2555148626e-19 -4.1042245136e+03 -1.6043452973e+02 -4.6638870632e+09 -1.0183467968e+07 5.8049997325e+05 5.1897218192e+02 0.0000000000e+00 -0.0000000000e+00
1.4786898611e+05 1.3570218025e-13 4.6198179996e-15 4.1661058359e+07 6.8527516929e+06 4.2915078457e-18 3.5059553664e-19 -4.2132179790e+03 -1.7803018489e+02 -4.6638868168e+09 -1.0183467968e+07 5.8049997325e+05 4.8633444418e+02 0.0000000000e+00 -0.0000000000e+00
1.4835532056e+05 1.3782765830e-13 4.7967162583e-15 3.9585067052e+07 6.7616788377e+06 4.4519511504e-18 3.7749376108e-19 -4.3259435574e+03 -1.9692856093e+02 -4.6638865441e+09 -1.0183467968e+07 5.8049997325e+05 4.5507286582e+02 0.0000000000e+00 -0.0000000000e+00
1.4881039342e+05 1.3989072881e-13 4.9749224392e-15 3.7590375635e+07 6.6675520700e+06 4.6178050154e-18 4.0636760623e-19 -4.4424705317e+03 -2.1721498484e+02 -4.6638862433e+09 -1.0183467968e+07 5.8049997325e+05 4.2524242588e+02 0.0000000000e+00 -0.0000000000e+00
1.4923563585e+05 1.4189023934e-13 5.1541618738e-15 3.5676079221e+07 6.5706621069e+06 4.7891756492e-18 4.3734674227e-19 -4.5628735229e+03 -2.3898056136e+02 -4.6638859124e+09 -1.0183467968e+07 5.8049997325e+05 3.9687192590e+02 0.0000000000e+00 -0.0000000000e+00
1.4963250778e+05 1.4382545618e-13 5.3341720161e-15 3.3840944217e+07 6.4712931154e+06 4.9661762098e-18 4.7056955313e-19 -4.6872320344e+03 -2.6232251741e+02 -4.6638855495e+09 -1.0183467968e+07 5.8049997325e+05 3.6996904060e+02 0.0000000000e+00 -0.0000000000e+00
1.5000247682e+05 1.4569601582e-13 5.5147024752e-15 3.2083467744e+07 6.3697212467e+06 5.1489262500e-18 5.0618366757e-19 -4.8156300627e+03 -2.8734457523e+02 -4.6638851523e+09 -1.0183467968e+07 5.8049997325e+05 3.4452452265e+02 0.0000000000e+00 -0.0000000000e+00
1.5034700134e+05 1.4750188101e-13 5.6955150332e-15 3.0401928761e+07 6.2662134679e+06 5.3375512324e-18 5.4434653220e-19 -4.9481557561e+03 -3.1415735495e+02 -4.6638847186e+09 -1.0183467968e+07 5.8049997325e+05 3.2051570853e+02 0.0000000000e+00 -0.0000000000e+00
1.5066751705e+05 1.4924330100e-13 5.8763836363e-15 2.8794432096e+07 6.1610266517e+06 5.5321820941e-18 5.8522602784e-19 -5.0849011099e+03 -3.4287880765e+02 -4.6638842459e+09 -1.0183467968e+07 5.8049997325e+05 2.9790944349e+02 0.0000000000e+00 -0.0000000000e+00
1.5096542649e+05 1.5092077542e-13 6.0570943527e-15 2.7258946392e+07 6.0544068901e+06 5.7329548490e-18 6.2900113122e-19 -5.2259616854e+03 -3.7363468028e+02 -4.6638837316e+09 -1.0183467968e+07 5.8049997325e+05 2.7666451916e+02 0.0000000000e+00 -0.0000000000e+00
1.5124209101e+05 1.5253502145e-13 6.2374452941e-15 2.5793336794e+07 5.9465889988e+06 5.9400102122e-18 6.7586262442e-19 -5.3714363476e+03 -4.0655901409e+02 -4.6638831729e+09 -1.0183467968e+07 5.8049997325e+05 2.5673370265e+02 0.0000000000e+00 -0.0000000000e+00
1.5149882471e+05 1.5408694413e-13 6.4172464996e-15 2.4395393069e+07 5.8377961880e+06 6.1534932385e-18 7.2601385475e-19 -5.5214270103e+03 -4.4179467851e+02 -4.6638825670e+09 -1.0183467968e+07 5.8049997325e+05 2.3806542006e+02 0.0000000000e+00 -0.0000000000e+00
1.5173689013e+05 1.5557760931e-13 6.5963197831e-15 2.3062853768e+07 5.7282398728e+06 6.3735529646e-18 7.7967154814e-19 -5.6760383850e+03 -4.7949394261e+02 -4.6638819108e+09 -1.0183467968e+07 5.8049997325e+05 2.2060514913e+02 0.0000000000e+00 -0.0000000000e+00
1.5195749528e+05 1.5700821928e-13 6.7744985465e-15 2.1793426920e+07 5.6181196031e+06 6.6003420463e-18 8.3706667951e-19 -5.8353777257e+03 -5.1981908668e+02 -4.6638812008e+09 -1.0183467968e+07 5.8049997325e+05 2.0429656525e+02 0.0000000000e+00 -0.0000000000e+00
1.5216179185e+05 1.5838009063e-13 6.9516275607e-15 2.0584807716e+07 5.5076230947e+06 6.8340163839e-18 8.9844540398e-19 -5.9995545661e+03 -5.6294305639e+02 -4.6638804338e+09 -1.0183467968e+07 5.8049997325e+05 1.8908247913e+02 0.0000000000e+00 -0.0000000000e+00
1.5235087433e+05 1.5969463435e-13 7.1275627185e-15 1.9434693543e+07 5.3969263431e+06 7.0747347267e-18 9.6407005292e-19 -6.1686804418e+03 -6.0905016268e+02 -4.6638796058e+09 -1.0183467968e+07 5.8049997325e+05 1.7490559815e+02 0.0000000000e+00 -0.0000000000e+00
1.5252577992e+05 1.6095333789e-13 7.3021707624e-15 1.8340796708e+07 5.2861938086e+06 7.3226582519e-18 1.0342201998e-18 -6.3428685938e+03 -6.5833683058e+02 -4.6638787131e+09 -1.0183467968e+07 5.8049997325e+05 1.6170913843e+02 0.0000000000e+00 -0.0000000000e+00
1.5268748906e+05 1.6215774905e-13 7.4753289912e-15 1.7300855145e+07 5.1755786567e+06 7.5779501060e-18 1.1091938003e-18 -6.5222336471e+03 -7.1101240026e+02 -4.6638777513e+09 -1.0183467968e+07 5.8049997325e+05 1.4943731206e+02 0.0000000000e+00 -0.0000000000e+00
1.5283692638e+05 1.6330946158e-13 7.6469249485e-15 1.6312641347e+07 5.0652230447e+06 7.8407749063e-18 1.1893084129e-18 -6.7068912598e+03 -7.6729998454e+02 -4.6638767162e+09 -1.0183467968e+07 5.8049997325e+05 1.3803570748e+02 0.0000000000e+00 -0.0000000000e+00
1.5297496208e+05 1.6441010230e-13 7.8168560976e-15 1.5373969748e+07 4.9552584449e+06 8.1112981898e-18 1.2749025051e-18 -6.8969577361e+03 -8.2743738676e+02 -4.6638756029e+09 -1.0183467968e+07 5.8049997325e+05 1.2745158164e+02 0.0000000000e+00 -0.0000000000e+00
1.5310241366e+05 1.6546131970e-13 7.9850294849e-15 1.4482702759e+07 4.8458059945e+06 8.3896858028e-18 1.3663368528e-18 -7.0925495979e+03 -8.9167808373e+02 -4.6638744066e+09 -1.0183467968e+07 5.8049997325e+05 1.1763407783e+02 0.0000000000e+00 -0.0000000000e+00
1.5322004774e+05 1.6646477379e-13 8.1513613956e-15 1.3636755618e+07 4.7369768660e+06 8.6761032221e-18 1.4639960389e-18 -7.2937831071e+03 -9.6029227897e+02 -4.6638731219e+09 -1.0183467968e+07 5.8049997325e+05 1.0853438095e+02 0.0000000000e+00 -0.0000000000e+00
1.5332858212e+05 1.6742212720e-13 8.3157770055e-15 1.2834100211e+07 4.6288726523e+06 8.9707147962e-18 1.5682900602e-18 -7.5007737330e+03 -1.0335680314e+03 -4.6638717431e+09 -1.0183467968e+07 5.8049997325e+05 1.0010582197e+02 0.0000000000e+00 -0.0000000000e+00
1.5342868795e+05 1.6833503734e-13 8.4782100294e-15 1.2072768005e+07 4.5215857591e+06 9.2736828957e-18 1.6796560503e-18 -7.7136355554e+03 -1.1118124658e+03 -4.6638702645e+09 -1.0183467967e+07 5.8049997325e+05 9.2303939660e+01 0.0000000000e+00 -0.0000000000e+00
1.5352099188e+05 1.6920514955e-13 8.6386023717e-15 1.1350852196e+07 4.4151998022e+06 9.5851669616e-18 1.7985601282e-18 -7.9324805955e+03 -1.1953530720e+03 -4.6638686797e+09 -1.0183467967e+07 5.8049997325e+05 8.5086507235e+01 0.0000000000e+00 -0.0000000000e+00
1.5360607839e+05 1.7003409125e-13 8.7969037780e-15 1.0666509195e+07 4.3097900042e+06 9.9053224333e-18 1.9254993836e-18 -8.1574180634e+03 -1.2845390995e+03 -4.6638669820e+09 -1.0183467967e+07 5.8049997325e+05 7.8413531559e+01 7.6361902518e-304 -5.3600296075e-296
1.5368449192e+05 1.7082346675e-13 8.9530714935e-15 1.0017959527e+07 4.2054235872e+06 1.0234299547e-17 2.0610040103e-18 -8.3885535130e+03 -1.3797430560e+03 -4.6638651644e+09 -1.0183467967e+07 5.8049997325e+05 7.2247228626e+01 1.8810438882e-265 -1.3592566033e-257
1.5375673915e+05 1.7157485298e-13 9.1070699271e-15 9.4034882414e+06 4.1021601600e+06 1.0572241978e-17 2.2056395988e-18 -8.6259878894e+03 -1.4813623189e+03 -4.6638632194e+09 -1.0183467967e+07 5.8049997325e+05 6.6551981915e+01 4.2957682376e-229 -3.1958038092e-221
1.5382329113e+05 1.7228979580e-13 9.2588703248e-15 8.8214448911e+06 4.0000520952e+06 1.0919285318e-17 2.3600096059e-18 -8.8698164570e+03 -1.5898208698e+03 -4.6638611392e+09 -1.0183467967e+07 5.8049997325e+05 6.1294286056e+01 1.1420030777e-194 -8.7471657333e-187
1.5388458542e+05 1.7296980691e-13 9.4084504528e-15 8.2702431537e+06 3.8991448960e+06 1.1275555350e-17 2.5247580135e-18 -9.1201275904e+03 -1.7055711628e+03 -4.6638589155e+09 -1.0183467967e+07 5.8049997325e+05 5.6442679960e+01 4.3982835011e-162 -3.4687072922e-154
1.5394102810e+05 1.7361636139e-13 9.5557942938e-15 7.7483601472e+06 3.7994775496e+06 1.1641166112e-17 2.7005721960e-18 -9.3770014104e+03 -1.8290961390e+03 -4.6638565394e+09 -1.0183467968e+07 5.8049997325e+05 5.1967672023e+01 3.0274441696e-131 -2.4584875377e-123
1.5399299577e+05 1.7423089562e-13 9.7008917548e-15 7.2543354900e+06 3.7010828666e+06 1.2016217701e-17 2.8881860163e-18 -9.6405082441e+03 -1.9609114019e+03 -4.6638540017e+09 -1.0183467967e+07 5.8049997325e+05 4.7841659676e+01 4.5548440102e-102 -3.8088643212e-94
1.5404083743e+05 1.7481480577e-13 9.8437383912e-15 6.7867701470e+06 3.6039878043e+06 1.2400793797e-17 3.0883831720e-18 -9.9107068852e+03 -2.1015675682e+03 -4.6638512926e+09 -1.0183467968e+07 5.8049997325e+05 4.4038845120e+01 1.8164061604e-74 -1.5641826246e-66
1.5408487628e+05 1.7536944655e-13 9.9843351457e-15 6.3443251029e+06 3.5082137726e+06 1.2794958868e-17 3.3020008170e-18 -1.0187642627e+04 -2.2516528124e+03 -4.6638484017e+09 -1.0183467967e+07 5.8049997325e+05 4.0535149046e+01 2.3089943620e-48 -2.0477266339e-40
1.5412541143e+05 1.7589613039e-13 1.0122688105e-14 5.9257198939e+06 3.4137769230e+06 1.3198754992e-17 3.5299334872e-18 -1.0471345033e+04 -2.4117956250e+03 -4.6638453183e+09 -1.0183467967e+07 5.8049997325e+05 3.7308123586e+01 1.1161207710e-23 -1.0194286798e-15
1.5413160477e+05 1.7597807751e-13 1.0144667237e-14 5.8607248432e+06 3.3987576123e+06 1.3264408071e-17 3.5678813854e-18 -1.0517472114e+04 -2.4384573718e+03 -4.6638453180e+09 -1.0183467967e+07 5.8049997325e+05 3.0966708146e+01 7.5699118850e-20 -6.9468937399e-12
1.5413718973e+05 1.7605232633e-13 1.0164691115e-14 5.8018674052e+06 3.3850704911e+06 1.3324587259e-17 3.6028865154e-18 -1.0559753303e+04 -2.4630515643e+03 -4.6638453178e+09 -1.0183467967e+07 5.8049997325e+05 2.7924806785e+01 2.2303099226e-16 -2.0556144395e-08
1.5413998221e+05 1.7608957744e-13 1.0174776900e-14 5.7723496716e+06 3.3781750473e+06 1.3355031921e-17 3.6206765225e-18 -1.0581143364e+04 -2.4755506140e+03 -4.6638453178e+09 -1.0183467967e+07 5.8049997325e+05 1.3962403393e+01 1.2250125071e-14 -1.1315247849e-06
1.5415394461e+05 1.7627712694e-13 1.0225966280e-14 5.6238518720e+06 3.3431635413e+06 1.3510938350e-17 3.7126361253e-18 -1.0690681379e+04 -2.5401603472e+03 -4.6638460630e+09 -1.0183467899e+07 5.8049998945e+05 3.9712117013e+01 6.9100192087e-06 -6.4540051948e+02
1.5415791582e+05 1.7633087191e-13 1.0240763632e-14 5.5813335563e+06 3.3330383061e+06 1.3556441958e-17 3.7397479912e-18 -1.0722650175e+04 -2.5592084666e+03 -4.6639908443e+09 -1.0183455118e+07 5.8050303793e+05 5.2160343714e+00 2.2122637715e-03 -2.0729472242e+05
1.5415921775e+05 1.7634853112e-13 1.0245638337e-14 5.5673666321e+06 3.3297023112e+06 1.3571475367e-17 3.7487323375e-18 -1.0733204115e+04 -2.5655187661e+03 -4.6647964883e+09 -1.0183384085e+07 5.8052000781e+05 2.5713525112e+00 1.4716057397e-02 -1.3803992868e+06
1.5416064818e+05 1.7636795603e-13 1.0251007732e-14 5.5520052305e+06 3.3260275384e+06 1.3588059184e-17 3.7586589336e-18 -1.0744786567e+04 -2.5724765309e+03 -4.6714704847e+09 -1.0182796372e+07 5.8066063846e+05 1.7236056648e+00 1.1827317898e-01 -1.1107242191e+07
1.5416173145e+05 1.7638268244e-13 1.0255083478e-14 5.5403610146e+06 3.3232379984e+06 1.3600664842e-17 3.7662153387e-18 -1.0753339209e+04 -2.5777127465e+03 -4.7008383640e+09 -1.0180212842e+07 5.8127965766e+05 1.1988357102e+00 5.7402396932e-01 -5.3954134158e+07
1.5416258973e+05 1.7639435990e-13 1.0258318517e-14 5.5311289654e+06 3.3210238707e+06 1.3610681014e-17 3.7722262817e-18 -1.0759420661e+04 -2.5817067130e+03 -4.7932593461e+09 -1.0172088601e+07 5.8322829399e+05 9.0477659260e-01 2.0081199982e+00 -1.8886571151e+08
1.5416328948e+05 1.7640388690e-13 1.0260959869e-14 5.5235986921e+06 3.3192162676e+06 1.3618866066e-17 3.7771427960e-18 -1.0762794388e+04 -2.5845903746e+03 -5.0232217508e+09 -1.0151884152e+07 5.8807859311e+05 7.2197738791e-01 5.5752378021e+00 -5.2454409963e+08
1.5416387738e+05 1.7641189542e-13 1.0263181660e-14 5.5172711201e+06 3.3176962436e+06 1.3625755868e-17 3.7812844097e-18 -1.0762590355e+04 -2.5862883099e+03 -5.5113779353e+09 -1.0109003977e+07 5.9837986028e+05 5.9984435262e-01 1.3141894954e+01 -1.2364722624e+09
1.5416438421e+05 1.7641880288e-13 1.0265099037e-14 5.5118173830e+06 3.3163853090e+06 1.3631705269e-17 3.7848630211e-18 -1.0757188026e+04 -2.5864991841e+03 -6.4384296363e+09 -1.0027554357e+07 6.1795889781e+05 5.1379145260e-01 2.7491604917e+01 -2.5853674401e+09
1.5416483113e+05 1.7642489632e-13 1.0266791270e-14 5.5070123241e+06 3.3152296646e+06 1.3636958831e-17 3.7880248456e-18 -1.0744060961e+04 -2.5846756688e+03 -8.0642087038e+09 -9.8846000322e+06 6.5234119369e+05 4.5115625786e-01 5.2594175719e+01 -4.9401687793e+09
1.5416523374e+05 1.7643038761e-13 1.0268316931e-14 5.5026910940e+06 3.3141898735e+06 1.3641697480e-17 3.7908781922e-18 -1.0719464073e+04 -2.5799605330e+03 -1.0759179371e+10 -9.6472272646e+06 7.0946003330e+05 4.0518407520e-01 9.4030318245e+01 -8.8122686051e+09
1.5416563892e+05 1.7643591598e-13 1.0269853517e-14 5.4983562523e+06 3.3131463185e+06 1.3646472163e-17 3.7937545940e-18 -1.0672621701e+04 -2.5698969271e+03 -1.5587480083e+10 -9.2205527045e+06 8.1217855523e+05 3.7120092881e-01 1.6771990952e+02 -1.5649976526e+10
1.5416601012e+05 1.7644098237e-13 1.0271262252e-14 5.4944074740e+06 3.3121952726e+06 1.3650851401e-17 3.7963939630e-18 -1.0596202272e+04 -2.5526046351e+03 -2.3190281238e+10 -8.5448347452e+06 9.7492534855e+05 3.5222628543e-01 2.8231973719e+02 -2.6155304673e+10
1.5416636235e+05 1.7644579130e-13 1.0272599884e-14 5.4906948389e+06 3.3113007204e+06 1.3655011193e-17 3.7989021217e-18 -1.0474860786e+04 -2.5244251347e+03 -3.4964586739e+10 -7.4885898383e+06 1.2294298259e+06 3.6235934229e-01 4.5628612772e+02 -4.1789170885e+10
1.5416672471e+05 1.7645074009e-13 1.0273976919e-14 5.4869329987e+06 3.3103939266e+06 1.3659295089e-17 3.8014861652e-18 -1.0272100601e+04 -2.4766387947e+03 -5.4162770048e+10 -5.7395448413e+06 1.6510456232e+06 4.4935785094e-01 7.3055865853e+02 -6.5614975995e+10
1.5416699129e+05 1.7645438184e-13 1.0274990581e-14 5.4842225934e+06 3.3097403323e+06 1.3662449508e-17 3.8033895829e-18 -1.0050329053e+04 -2.4239625964e+03 -7.4633769202e+10 -3.8356484910e+06 2.1101605201e+06 2.8504461121e-01 1.0097486402e+03 -8.8733986202e+10
1.5416723668e+05 1.7645773479e-13 1.0275924100e-14 5.4817886413e+06 3.3091532160e+06 1.3665355203e-17 3.8051434110e-18 -9.7746359526e+03 -2.3581993322e+03 -9.9396358889e+10 -1.4749043240e+06 2.6796221269e+06 2.4800476216e-01 1.3283140226e+03 -1.1352856979e+11
1.5416748468e+05 1.7646112422e-13 1.0276868014e-14 5.4794075463e+06 3.3085786685e+06 1.3668293853e-17 3.8069175983e-18 -9.4123944714e+03 -2.2715397572e+03 -1.3083348425e+11 1.6216978846e+06 3.4268239611e+06 2.3529354680e-01 1.7007374863e+03 -1.3997450540e+11
1.5416771998e+05 1.7646434061e-13 1.0277763955e-14 5.4772417663e+06 3.3080559078e+06 1.3671083644e-17 3.8086023328e-18 -8.9824045841e+03 -2.1684617105e+03 -1.6656997955e+11 5.2932725584e+06 4.3130485916e+06 2.6444128991e-01 2.0772537575e+03 -1.6315536208e+11
1.5416794544e+05 1.7646742319e-13 1.0278622824e-14 5.4752706290e+06 3.3075799759e+06 1.3673758373e-17 3.8102179487e-18 -8.4903904793e+03 -2.0503454018e+03 -2.0538447761e+11 9.4913659324e+06 5.3266856740e+06 2.3128245583e-01 2.4242299037e+03 -1.7998171183e+11
1.5416812257e+05 1.7646984550e-13 1.0279297865e-14 5.4738047661e+06 3.3072259379e+06 1.3675860823e-17 3.8114881294e-18 -8.0534783237e+03 -1.9453568441e+03 -2.3800635365e+11 1.3217675083e+07 6.2266739343e+06 1.8072492692e-01 2.6605000513e+03 -1.8736138682e+11
1.5416828385e+05 1.7647205122e-13 1.0279912653e-14 5.4725402370e+06 3.3069204461e+06 1.3677775726e-17 3.8126451787e-18 -7.6238145980e+03 -1.8420439986e+03 -2.6839992680e+11 1.6881252555e+07 7.1117430191e+06 1.6218719302e-01 2.8298983474e+03 -1.8866122871e+11
1.5416844604e+05 1.7647426974e-13 1.0280531110e-14 5.4713403726e+06 3.3066304993e+06 1.3679702129e-17 3.8138093331e-18 -7.1692187215e+03 -1.7326816855e+03 -2.9873958279e+11 2.0756821979e+07 8.0482750112e+06 1.5210063876e-01 2.9443951724e+03 -1.8459248023e+11
1.5416859814e+05 1.7647635057e-13 1.0281111276e-14 5.4702831811e+06 3.3063749593e+06 1.3681509292e-17 3.8149015647e-18 -6.7307423726e+03 -1.6271552649e+03 -3.2623531695e+11 2.4494663323e+07 8.9517723929e+06 1.4731593652e-01 2.9950858416e+03 -1.7628886953e+11
1.5416874545e+05 1.7647836620e-13 1.0281673349e-14 5.4693231660e+06 3.3061428438e+06 1.3683260096e-17 3.8159598506e-18 -6.3027697185e+03 -1.5241246166e+03 -3.5139973936e+11 2.8142886685e+07 9.8338529872e+06 1.4653445301e-01 2.9912980229e+03 -1.6487339036e+11
1.5416889199e+05 1.7648037140e-13 1.0282232596e-14 5.4684305776e+06 3.3059269678e+06 1.3685002060e-17 3.8170129002e-18 -5.8811068781e+03 -1.4225875677e+03 -3.7457829808e+11 3.1737423840e+07 1.0703206714e+07 1.4949008461e-01 2.9394239155e+03 -1.5117778357e+11
1.5416904148e+05 1.7648241730e-13 1.0282803282e-14 5.4675829298e+06 3.3057218963e+06 1.3686779590e-17 3.8180875521e-18 -5.4617332639e+03 -1.3215812533e+03 -3.9604207564e+11 3.5312714967e+07 1.1568178208e+07 1.5739270609e-01 2.8438724111e+03 -1.3583610029e+11
1.5416919887e+05 1.7648457165e-13 1.0283404310e-14 5.4667569076e+06 3.3055219864e+06 1.3688651522e-17 3.8192193814e-18 -5.0380951897e+03 -1.2195311812e+03 -4.1611598406e+11 3.8924817775e+07 1.2442363105e+07 1.7552928929e-01 2.7065614081e+03 -1.1925260969e+11
1.5416937440e+05 1.7648697459e-13 1.0284074806e-14 5.4659120844e+06 3.3053174415e+06 1.3690739644e-17 3.8204820419e-18 -4.5931517023e+03 -1.1123352783e+03 -4.3545993068e+11 4.2719307684e+07 1.3361068889e+07 2.6778450874e-01 2.5226397459e+03 -1.0133527416e+11
1.5416955106e+05 1.7648939340e-13 1.0284749850e-14 5.4651377663e+06 3.3051298771e+06 1.3692841707e-17 3.8217532453e-18 -4.1788005741e+03 -1.0125016205e+03 -4.5187190747e+11 4.6253845794e+07 1.4217246606e+07 1.8403889699e-01 2.3192098748e+03 -8.4761467537e+10
1.5416971230e+05 1.7649160136e-13 1.0285366155e-14 5.4644923729e+06 3.3049734634e+06 1.3694760624e-17 3.8229137830e-18 -3.8316759675e+03 -9.2886318101e+02 -4.6443227782e+11 4.9215864725e+07 1.4935104074e+07 1.6215679510e-01 2.1282886633e+03 -7.1324415377e+10
1.5416987445e+05 1.7649382221e-13 1.0285986161e-14 5.4638973121e+06 3.3048291718e+06 1.3696690811e-17 3.8240812159e-18 -3.5126266625e+03 -8.5199087829e+02 -4.7502117730e+11 5.1939310894e+07 1.5595490556e+07 1.5363545242e-01 1.9389860860e+03 -5.9571553635e+10
1.5417002809e+05 1.7649592665e-13 1.0286573760e-14 5.4633791221e+06 3.3047034495e+06 1.3698519849e-17 3.8251875384e-18 -3.2373658159e+03 -7.8567315973e+02 -4.8342153842e+11 5.4289951106e+07 1.6165798121e+07 1.4990625905e-01 1.7669708302e+03 -5.0034220595e+10
1.5417017800e+05 1.7649798028e-13 1.0287147261e-14 5.4629124351e+06 3.3045901566e+06 1.3700304735e-17 3.8262672130e-18 -2.9928594881e+03 -7.2677096200e+02 -4.9031236308e+11 5.6378914231e+07 1.6672914619e+07 1.4863604524e-01 1.6088845178e+03 -4.2118385329e+10
1.5417032663e+05 1.7650001677e-13 1.0287716062e-14 5.4624842345e+06 3.3044861419e+06 1.3702074717e-17 3.8273379246e-18 -2.7723819194e+03 -6.7366474643e+02 -4.9606557201e+11 5.8263543897e+07 1.7130711741e+07 1.4883619898e-01 1.4631965320e+03 -3.5483937787e+10
1.5417047547e+05 1.7650205627e-13 1.0288285788e-14 5.4620867671e+06 3.3043895280e+06 1.3703847286e-17 3.8284102496e-18 -2.5718582053e+03 -6.2537346096e+02 -5.0091910950e+11 5.9978581248e+07 1.7547591592e+07 1.5005732984e-01 1.3290143320e+03 -2.9899890858e+10
1.5417062553e+05 1.7650411276e-13 1.0288860350e-14 5.4617148250e+06 3.3042990533e+06 1.3705634589e-17 3.8294915336e-18 -2.3884743099e+03 -5.8121971147e+02 -5.0504187264e+11 6.1548018133e+07 1.7929355891e+07 1.5207119828e-01 1.2056397873e+03 -2.5191228699e+10
1.5417077760e+05 1.7650619713e-13 1.0289442789e-14 5.4613646204e+06 3.3042137991e+06 1.3707446061e-17 3.8305874825e-18 -2.2201133498e+03 -5.4069398669e+02 -5.0856128848e+11 6.2989904403e+07 1.8280369559e+07 1.5474325119e-01 1.0924276173e+03 -2.1217732844e+10
1.5417093234e+05 1.7650831841e-13 1.0290035633e-14 5.4610332674e+06 3.3041330649e+06 1.3709289537e-17 3.8317028357e-18 -2.0651017438e+03 -5.0339352477e+02 -5.1157695066e+11 6.4318512292e+07 1.8604084374e+07 1.5798770059e-01 9.8875058486e+02 -1.7864102736e+10
1.5417109033e+05 1.7651048446e-13 1.0290641084e-14 5.4607184969e+06 3.3040562989e+06 1.3711171834e-17 3.8328417167e-18 -1.9220710663e+03 -4.6898904722e+02 -5.1416855681e+11 6.5545514126e+07 1.8903323831e+07 1.6174957243e-01 8.9399246196e+02 -1.5034198338e+10
1.5417125208e+05 1.7651270239e-13 1.0291261139e-14 5.4604184774e+06 3.3039830550e+06 1.3713099115e-17 3.8340078547e-18 -1.7898725704e+03 -4.3720417789e+02 -5.1640100458e+11 6.6680711065e+07 1.9180459396e+07 1.6599327072e-01 8.0754810136e+02 -1.2647184876e+10
1.5417141807e+05 1.7651497884e-13 1.0291897658e-14 5.4601317009e+06 3.3039129647e+06 1.3715077122e-17 3.8352047238e-18 -1.6675226906e+03 -4.0780232267e+02 -5.1832782146e+11 6.7732497704e+07 1.9437522868e+07 1.7069609824e-01 7.2882693739e+02 -1.0634782070e+10
1.5417158877e+05 1.7651732012e-13 1.0292552418e-14 5.4598569049e+06 3.3038457188e+06 1.3717111328e-17 3.8364356359e-18 -1.5541663895e+03 -3.8057784564e+02 -5.1999358783e+11 6.8708174542e+07 1.9676281930e+07 1.7584426816e-01 6.5725710410e+02 -8.9391726288e+09
1.5417176461e+05 1.7651973238e-13 1.0293227144e-14 5.4595930183e+06 3.3037810538e+06 1.3719207043e-17 3.8377038045e-18 -1.4490514763e+03 -3.5534988711e+02 -5.2143571287e+11 6.9614166913e+07 1.9898293080e+07 1.8143038647e-01 5.9228913697e+02 -7.5113428819e+09
1.5417194604e+05 1.7652222166e-13 1.0293923539e-14 5.4593391218e+06 3.3037187425e+06 1.3721369489e-17 3.8390123908e-18 -1.3515099442e+03 -3.3195787147e+02 -5.2268577547e+11 7.0456184065e+07 2.0104940091e+07 1.8745171067e-01 5.3339887237e+02 -6.3097277654e+09
1.5417213349e+05 1.7652479396e-13 1.0294643295e-14 5.4590944190e+06 3.3036585869e+06 1.3723603858e-17 3.8403645373e-18 -1.2609440288e+03 -3.1025815126e+02 -5.2377056045e+11 7.1239337997e+07 2.0297462731e+07 1.9390898171e-01 4.8008950643e+02 -5.2990842958e+09
1.5417232740e+05 1.7652745532e-13 1.0295388112e-14 5.4588582140e+06 3.3036004129e+06 1.3725915351e-17 3.8417633923e-18 -1.1768154929e+03 -2.9012142771e+02 -5.2471287491e+11 7.1968234786e+07 2.0476978843e+07 2.0080552039e-01 4.3189285306e+02 -4.4495436430e+09
1.5417252821e+05 1.7653021180e-13 1.0296159705e-14 5.4586298944e+06 3.3035440659e+06 1.3728309209e-17 3.8432121292e-18 -1.0986372289e+03 -2.7143072899e+02 -5.2553220128e+11 7.2647046150e+07 2.0644501639e+07 2.0814654949e-01 3.8836993051e+02 -3.7358081540e+09
1.5417273635e+05 1.7653306955e-13 1.0296959812e-14 5.4584089177e+06 3.3034894076e+06 1.3730790737e-17 3.8447139597e-18 -1.0259665380e+03 -2.5407979171e+02 -5.2624522637e+11 7.3279566709e+07 2.0800953538e+07 2.1593867518e-01 3.4911098733e+02 -3.1364681764e+09
1.5417295229e+05 1.7653603484e-13 1.0297790203e-14 5.4581948006e+06 3.3034363134e+06 1.3733365320e-17 3.8462721437e-18 -9.5839964929e+02 -2.3797174043e+02 -5.2686627469e+11 7.3869260669e+07 2.0947177448e+07 2.2418939391e-01 3.1373507804e+02 -2.6334194648e+09
1.5417317648e+05 1.7653911402e-13 1.0298652678e-14 5.4579871103e+06 3.3033846703e+06 1.3736038431e-17 3.8478899959e-18 -8.9556719921e+02 -2.2301799805e+02 -5.2740766621e+11 7.4419300315e+07 2.1083946072e+07 2.3290671229e-01 2.8188930234e+02 -2.2113660460e+09
1.5417340939e+05 1.7654231355e-13 1.0299549073e-14 5.4577854577e+06 3.3033343748e+06 1.3738815641e-17 3.8495708896e-18 -8.3713043457e+02 -2.0913736968e+02 -5.2788001410e+11 7.4932598316e+07 2.1211969710e+07 2.4209877706e-01 2.5324778321e+02 -1.8573957834e+09
1.5417365149e+05 1.7654564005e-13 1.0300481261e-14 5.4575894909e+06 3.3032853318e+06 1.3741702620e-17 3.8513182572e-18 -7.8277799139e+02 -1.9625526475e+02 -5.2829247400e+11 7.5411835120e+07 2.1331902882e+07 2.5177354062e-01 2.2751046300e+02 -1.5606182206e+09
1.5417390326e+05 1.7654910023e-13 1.0301451150e-14 5.4573988909e+06 3.3032374532e+06 1.3744705131e-17 3.8531355893e-18 -7.3222312987e+02 -1.8430302831e+02 -5.2865295375e+11 7.5859482438e+07 2.1444349998e+07 2.6193839503e-01 2.0440177608e+02 -1.3118557660e+09
1.5417416520e+05 1.7655270090e-13 1.0302460682e-14 5.4572133671e+06 3.3031906570e+06 1.3747829027e-17 3.8550264302e-18 -6.8520134654e+02 -1.7321736241e+02 -5.2896829059e+11 7.6277823502e+07 2.1549870261e+07 2.7259992548e-01 1.8366925122e+02 -1.1033806461e+09
1.5417443780e+05 1.7655644900e-13 1.0303511830e-14 5.4570326540e+06 3.3031448658e+06 1.3751080240e-17 3.8569943726e-18 -6.4146827458e+02 -1.6293981626e+02 -5.2924440167e+11 7.6668970859e+07 2.1648981955e+07 2.8376355480e-01 1.6508207276e+02 -9.2869098185e+08
1.5417472156e+05 1.7656035154e-13 1.0304606595e-14 5.4568565076e+06 3.3031000069e+06 1.3754464768e-17 3.8590430485e-18 -6.0079784607e+02 -1.5341633873e+02 -5.2948641195e+11 7.7034881901e+07 2.1742166207e+07 2.9543329870e-01 1.4842964310e+02 -7.8232049032e+08
1.5417501700e+05 1.7656441559e-13 1.0305747000e-14 5.4566847035e+06 3.3030560109e+06 1.3757988656e-17 3.8611761197e-18 -5.6298065675e+02 -1.4459687884e+02 -5.2969876353e+11 7.7377372673e+07 2.1829870317e+07 3.0761149401e-01 1.3352016183e+02 -6.5967687138e+08
1.5417532461e+05 1.7656864827e-13 1.0306935084e-14 5.4565170340e+06 3.3030128114e+06 1.3761657980e-17 3.8633972651e-18 -5.2782251104e+02 -1.3643502900e+02 -5.2988530908e+11 7.7698130113e+07 2.1912510721e+07 3.2029862572e-01 1.2017924368e+02 -5.5690474682e+08
1.5417564491e+05 1.7657305672e-13 1.0308172895e-14 5.4563533058e+06 3.3029703441e+06 1.3765478820e-17 3.8657101678e-18 -4.9514311366e+02 -1.2888770275e+02 -5.3004939204e+11 7.7998723047e+07 2.1990475649e+07 3.3349307478e-01 1.0824858539e+02 -4.7076952827e+08
1.5417597840e+05 1.7657764808e-13 1.0309462484e-14 5.4561933389e+06 3.3029285469e+06 1.3769457238e-17 3.8681184994e-18 -4.6477490156e+02 -1.2191484568e+02 -5.3019391535e+11 7.8280611964e+07 2.2064127490e+07 3.4719109338e-01 9.7584695974e+01 -3.9855916272e+08
1.5417597840e+05 1.7657764808e-13 1.0309462484e-14 5.4561933389e+06 3.3029285469e+06 1.3769457238e-17 3.8681184994e-18 -4.6477490156e+02 -1.2191484568e+02 -5.3019391535e+11 7.8280611964e+07 2.2064127490e+07 3.4719109338e-01 9.7584695974e+01 -3.9855916272e+08
