0.0000000000e+00 0.0000000000e+00 0.0000000000e+00 3.1415900000e+08 0.0000000000e+00 0.0000000000e+00 0.0000000000e+00 -1.1784036250e+03 2.2663825290e+02 -4.6638892998e+09 -1.0016430812e+07 1.9264251497e+06 1.0000000000e+01 0.0000000000e+00 -0.0000000000e+00
1.0000000000e+01 2.8740014380e-22 6.9113519573e-28 3.1414721576e+08 2.2663825285e+03 5.7480747482e-23 2.0734444757e-28 -1.1784440103e+03 2.2663825275e+02 -4.6638892998e+09 -1.0016430812e+07 1.9264251497e+06 5.0000000000e+01 0.0000000000e+00 -0.0000000000e+00
6.0000000000e+01 1.0347699110e-20 1.4932721308e-25 3.1408828851e+08 1.3598295069e+04 3.4494918703e-22 7.4672010998e-27 -1.1786459822e+03 2.2663824765e+02 -4.6638892998e+09 -1.0016430812e+07 1.9264251497e+06 2.5000000000e+02 0.0000000000e+00 -0.0000000000e+00
3.1000000000e+02 2.7639897090e-19 2.0624420356e-23 3.1379350068e+08 7.0257843909e+04 1.7839113610e-21 1.9970739373e-25 -1.1796569801e+03 2.2663811259e+02 -4.6638892998e+09 -1.0016430812e+07 1.9264251497e+06 1.2500000000e+03 0.0000000000e+00 -0.0000000000e+00
1.5600000000e+03 7.0214336852e-18 2.6469120313e-21 3.1231575717e+08 3.5355381483e+05 9.0195269751e-21 5.1052293695e-24 -1.1847406385e+03 2.2663466603e+02 -4.6638892998e+09 -1.0016430812e+07 1.9264251497e+06 3.6000000000e+03 0.0000000000e+00 -0.0000000000e+00
5.1600000000e+03 7.7526302615e-17 9.7783489747e-20 3.0802396823e+08 1.1693846834e+06 3.0247686880e-20 5.7416075936e-23 -1.1996552939e+03 2.2659791304e+02 -4.6638892997e+09 -1.0016430812e+07 1.9264251497e+06 3.6000000000e+03 0.0000000000e+00 -0.0000000000e+00
8.7600000000e+03 2.2552842710e-16 4.8859832628e-19 3.0367773063e+08 1.9850078120e+06 5.2078972342e-20 1.7020685744e-22 -1.2149936983e+03 2.2651866756e+02 -4.6638892996e+09 -1.0016430812e+07 1.9264251497e+06 3.6000000000e+03 0.0000000000e+00 -0.0000000000e+00
1.2360000000e+04 4.5325909071e-16 1.4021579084e-18 2.9927547669e+08 2.8002636662e+06 7.4547175369e-20 3.4875423596e-22 -1.2307795934e+03 2.2639322228e+02 -4.6638892995e+09 -1.0016430812e+07 1.9264251497e+06 3.6000000000e+03 0.0000000000e+00 -0.0000000000e+00
1.5960000000e+04 7.6307616105e-16 3.0855207245e-18 2.9481554981e+08 3.6149786657e+06 9.7688876473e-20 5.9889977875e-22 -1.2470386803e+03 2.2621747296e+02 -4.6638892994e+09 -1.0016430812e+07 1.9264251497e+06 3.6000000000e+03 0.0000000000e+00 -0.0000000000e+00
1.9560000000e+04 1.1574746706e-15 5.8079021548e-18 2.9029619701e+08 4.4289636630e+06 1.2154375253e-19 9.2712469580e-22 -1.2637988356e+03 2.2598686600e+02 -4.6638892992e+09 -1.0016430812e+07 1.9264251497e+06 3.6000000000e+03 0.0000000000e+00 -0.0000000000e+00
2.3160000000e+04 1.6390985810e-15 9.8631293869e-18 2.8571556067e+08 5.2420122185e+06 1.4615492760e-19 1.3406365731e-21 -1.2810903577e+03 2.2569633742e+02 -4.6638892990e+09 -1.0016430812e+07 1.9264251497e+06 3.6000000000e+03 0.0000000000e+00 -0.0000000000e+00
2.6760000000e+04 2.2107538992e-15 1.5572433530e-17 2.8107166931e+08 6.0538986390e+06 1.7156937413e-19 1.8474703920e-21 -1.2989462488e+03 2.2534024194e+02 -4.6638892988e+09 -1.0016430812e+07 1.9264251496e+06 3.6000000000e+03 0.0000000000e+00 -0.0000000000e+00
3.0360000000e+04 2.8754233403e-15 2.3287635226e-17 2.7636242733e+08 6.8643757395e+06 1.9783837314e-19 2.4566066361e-21 -1.3174025385e+03 2.2491226998e+02 -4.6638892985e+09 -1.0016430812e+07 1.9264251496e+06 3.6000000000e+03 0.0000000000e+00 -0.0000000000e+00
3.3960000000e+04 3.6362827700e-15 3.3394791263e-17 2.7158560340e+08 7.6731722810e+06 2.2501804434e-19 3.1781099315e-21 -1.3364986557e+03 2.2440535025e+02 -4.6638892982e+09 -1.0016430812e+07 1.9264251497e+06 3.6000000000e+03 0.0000000000e+00 -0.0000000000e+00
3.7560000000e+04 4.4967197001e-15 4.6318383496e-17 2.6673881749e+08 8.4799900276e+06 2.5316995880e-19 4.0232924792e-21 -1.3562778596e+03 2.2381153494e+02 -4.6638892979e+09 -1.0016430812e+07 1.9264251496e+06 3.6000000000e+03 0.0000000000e+00 -0.0000000000e+00
4.1160000000e+04 5.4603541606e-15 6.2526148519e-17 2.6181952620e+08 9.2845003530e+06 2.8236185020e-19 5.0049075776e-21 -1.3767877390e+03 2.2312186372e+02 -4.6638892975e+09 -1.0016430812e+07 1.9264251497e+06 3.6000000000e+03 0.0000000000e+00 -0.0000000000e+00
4.4760000000e+04 6.5310623396e-15 8.2534667882e-17 2.5682500618e+08 1.0086340313e+07 3.1266844391e-19 6.1373798598e-21 -1.3980807952e+03 2.2232620201e+02 -4.6638892970e+09 -1.0016430812e+07 1.9264251497e+06 3.6000000000e+03 0.0000000000e+00 -0.0000000000e+00
4.8360000000e+04 7.7130034539e-15 1.0691586547e-16 2.5175233521e+08 1.0885108081e+07 3.4417242792e-19 7.4370805899e-21 -1.4202151238e+03 2.2141304757e+02 -4.6638892964e+09 -1.0016430812e+07 1.9264251497e+06 3.6000000000e+03 0.0000000000e+00 -0.0000000000e+00
5.1960000000e+04 9.0106504146e-15 1.3630459250e-16 2.4659837067e+08 1.1680357618e+07 3.7696559542e-19 8.9226585912e-21 -1.4432552174e+03 2.2036929795e+02 -4.6638892957e+09 -1.0016430812e+07 1.9264251497e+06 3.6000000000e+03 0.0000000000e+00 -0.0000000000e+00
5.5560000000e+04 1.0428824969e-14 1.7140752376e-16 2.4135972486e+08 1.2471592421e+07 4.1115019616e-19 1.0615440309e-20 -1.4672729158e+03 2.1917996943e+02 -4.6638892948e+09 -1.0016430812e+07 1.9264251497e+06 3.6000000000e+03 0.0000000000e+00 -0.0000000000e+00
5.9160000000e+04 1.1972738153e-14 2.1301364385e-16 2.3603273657e+08 1.3258258161e+07 4.4684054383e-19 1.2539916379e-20 -1.4923485341e+03 2.1782785518e+02 -4.6638892937e+09 -1.0016430812e+07 1.9264251497e+06 3.6000000000e+03 0.0000000000e+00 -0.0000000000e+00
6.2760000000e+04 1.3648037078e-14 2.6200667367e-16 2.3061343821e+08 1.4039733946e+07 4.8416493878e-19 1.4724337228e-20 -1.5185722149e+03 2.1629310679e+02 -4.6638892924e+09 -1.0016430812e+07 1.9264251497e+06 3.6000000000e+03 0.0000000000e+00 -0.0000000000e+00
6.6360000000e+04 1.5460859313e-14 3.1937988026e-16 2.2509751758e+08 1.4815321916e+07 5.2326798278e-19 1.7201447190e-20 -1.5460455536e+03 2.1455271847e+02 -4.6638892908e+09 -1.0016430812e+07 1.9264251497e+06 3.6000000000e+03 0.0000000000e+00 -0.0000000000e+00
6.9960000000e+04 1.7417896465e-14 3.8625383552e-16 2.1948027325e+08 1.5584234772e+07 5.6431338416e-19 2.0009396083e-20 -1.5748835697e+03 2.1257988662e+02 -4.6638892888e+09 -1.0016430812e+07 1.9264251497e+06 3.6000000000e+03 0.0000000000e+00 -0.0000000000e+00
7.3560000000e+04 1.9526468907e-14 4.6389785154e-16 2.1375656201e+08 1.6345580710e+07 6.0748738217e-19 2.3192880167e-20 -1.6052171128e+03 2.1034320815e+02 -4.6638892863e+09 -1.0016430812e+07 1.9264251497e+06 3.6000000000e+03 0.0000000000e+00 -0.0000000000e+00
7.7160000000e+04 2.1794614212e-14 5.5375603794e-16 2.0792073676e+08 1.7098345116e+07 6.5300295957e-19 2.6804582561e-20 -1.6371958220e+03 2.0780566854e+02 -4.6638892830e+09 -1.0016430812e+07 1.9264251497e+06 3.6000000000e+03 0.0000000000e+00 -0.0000000000e+00
8.0760000000e+04 2.4231192488e-14 6.5747922247e-16 2.0196657248e+08 1.7841368138e+07 7.0110506881e-19 3.0907008665e-20 -1.6709917981e+03 2.0492335222e+02 -4.6638892789e+09 -1.0016430812e+07 1.9264251497e+06 3.6000000000e+03 0.0000000000e+00 -0.0000000000e+00
8.4360000000e+04 2.6846012803e-14 7.7696438120e-16 1.9588717744e+08 1.8573316981e+07 7.5207717517e-19 3.5574848634e-20 -1.7068042003e+03 2.0164378278e+02 -4.6638892734e+09 -1.0016430812e+07 1.9264251497e+06 3.6000000000e+03 0.0000000000e+00 -0.0000000000e+00
8.7960000000e+04 2.9649986118e-14 9.1440378987e-16 1.8967488572e+08 1.9292651380e+07 8.0624953004e-19 4.0898051874e-20 -1.7448650595e+03 1.9790376281e+02 -4.6638892663e+09 -1.0016430812e+07 1.9264251497e+06 3.6000000000e+03 0.0000000000e+00 -0.0000000000e+00
9.1560000000e+04 3.2655311969e-14 1.0723469045e-15 1.8332112609e+08 1.9997580116e+07 8.6400974633e-19 4.6985876508e-20 -1.7854467080e+03 1.9362652884e+02 -4.6638892568e+09 -1.0016430812e+07 1.9264251497e+06 3.6000000000e+03 0.0000000000e+00 -0.0000000000e+00
9.5160000000e+04 3.5875708502e-14 1.2537791223e-15 1.7681626032e+08 2.0686005685e+07 9.2581647799e-19 5.3972293898e-20 -1.8288713905e+03 1.8871795418e+02 -4.6638892438e+09 -1.0016430812e+07 1.9264251497e+06 3.6000000000e+03 0.0000000000e+00 -0.0000000000e+00
9.8760000000e+04 3.9326699006e-14 1.4622232425e-15 1.7014938194e+08 2.1355453009e+07 9.9221734830e-19 6.2023307470e-20 -1.8755238608e+03 1.8306140676e+02 -4.6638892260e+09 -1.0016430812e+07 1.9264251497e+06 3.6000000000e+03 0.0000000000e+00 -0.0000000000e+00
1.0236000000e+05 4.3025973026e-14 1.7018719229e-15 1.6330806249e+08 2.2002976376e+07 1.0638727902e-18 7.1347025333e-20 -1.9258681312e+03 1.7651067228e+02 -4.6638892008e+09 -1.0016430812e+07 1.9264251497e+06 3.6000000000e+03 0.0000000000e+00 -0.0000000000e+00
1.0596000000e+05 4.6993847480e-14 1.9777631985e-15 1.5627802752e+08 2.2625036122e+07 1.1415882648e-18 8.2207774944e-20 -1.9804701094e+03 1.6888003737e+02 -4.6638891645e+09 -1.0016430812e+07 1.9264251497e+06 3.6000000000e+03 0.0000000000e+00 -0.0000000000e+00
1.0956000000e+05 5.1253864206e-14 2.2960169755e-15 1.4904273684e+08 2.3217332473e+07 1.2263585984e-18 9.4946286182e-20 -2.0400287485e+03 1.5993010924e+02 -4.6638891110e+09 -1.0016430812e+07 1.9264251497e+06 3.6000000000e+03 0.0000000000e+00 -0.0000000000e+00
1.1316000000e+05 5.5833577232e-14 2.6641597636e-15 1.4158283130e+08 2.3774577391e+07 1.3194302569e-18 1.1000922001e-19 -2.1054198008e+03 1.4934706915e+02 -4.6638890298e+09 -1.0016430812e+07 1.9264251497e+06 3.3310979461e+03 0.0000000000e+00 -0.0000000000e+00
1.1615527976e+05 5.9910940747e-14 3.0151698756e-15 1.3518847514e+08 2.4206806787e+07 1.4043238621e-18 1.2473695210e-19 -2.1650650491e+03 1.3899953785e+02 -4.6638889810e+09 -1.0016430812e+07 1.9264251497e+06 3.0146587047e+03 0.0000000000e+00 -0.0000000000e+00
1.1916993846e+05 6.4283254372e-14 3.4166205169e-15 1.2856405428e+08 2.4607989272e+07 1.4978411241e-18 1.4205880449e-19 -2.2307691771e+03 1.2682940815e+02 -4.6638889057e+09 -1.0016430812e+07 1.9264251497e+06 2.7224728180e+03 0.0000000000e+00 -0.0000000000e+00
1.2161659049e+05 6.8047938765e-14 3.7836912947e-15 1.2303588770e+08 2.4904594602e+07 1.5807034426e-18 1.5837490424e-19 -2.2889872673e+03 1.1536590841e+02 -4.6638888665e+09 -1.0016430812e+07 1.9264251497e+06 2.4632423424e+03 0.0000000000e+00 -0.0000000000e+00
1.2407983283e+05 7.2051788703e-14 4.1965543913e-15 1.1732013613e+08 2.5172786788e+07 1.6715039237e-18 1.7730533017e-19 -2.3527826170e+03 1.0206561387e+02 -4.6638888074e+09 -1.0016430812e+07 1.9264251497e+06 2.2233292181e+03 0.0000000000e+00 -0.0000000000e+00
1.2607467991e+05 7.5464782507e-14 4.5673954679e-15 1.1257147181e+08 2.5364346868e+07 1.7513152118e-18 1.9485864686e-19 -2.4088570891e+03 8.9732860073e+01 -4.6638887779e+09 -1.0016430812e+07 1.9264251497e+06 2.0097395480e+03 0.0000000000e+00 -0.0000000000e+00
1.2788212844e+05 7.8699737149e-14 4.9355046386e-15 1.0816872683e+08 2.5515354673e+07 1.8292120499e-18 2.1282127852e-19 -2.4635864911e+03 7.7112526390e+01 -4.6638887528e+09 -1.0016430812e+07 1.9264251497e+06 1.8214365148e+03 0.0000000000e+00 -0.0000000000e+00
1.2951408353e+05 8.1745840718e-14 5.2973954246e-15 1.0410546850e+08 2.5630957915e+07 1.9047358500e-18 2.3102532716e-19 -2.5166486246e+03 6.4322575980e+01 -4.6638887321e+09 -1.0016430812e+07 1.9264251497e+06 1.6461494898e+03 0.0000000000e+00 -0.0000000000e+00
1.3097991331e+05 8.4590475083e-14 5.6491672113e-15 1.0037952274e+08 2.5716020295e+07 1.9773218754e-18 2.4925813745e-19 -2.5676467121e+03 5.1512417978e+01 -4.6638887158e+09 -1.0016430812e+07 1.9264251497e+06 1.4809070755e+03 0.0000000000e+00 -0.0000000000e+00
1.3228483935e+05 8.7215206784e-14 5.9859645336e-15 9.6997687556e+07 2.5775136617e+07 2.0461898867e-18 2.6722945806e-19 -2.6160325666e+03 3.8885979543e+01 -4.6638887037e+09 -1.0016430812e+07 1.9264251497e+06 1.3221127388e+03 0.0000000000e+00 -0.0000000000e+00
1.3342757048e+05 8.9589659954e-14 6.3010645807e-15 9.3982826179e+07 2.5812737619e+07 2.1101627834e-18 2.8451407559e-19 -2.6609791712e+03 2.6742010617e+01 -4.6638886956e+09 -1.0016430812e+07 1.9264251497e+06 1.1647898695e+03 0.0000000000e+00 -0.0000000000e+00
1.3439300311e+05 9.1654163042e-14 6.5833095150e-15 9.1394661294e+07 2.5833239612e+07 2.1671542479e-18 3.0039478671e-19 -2.7010207037e+03 1.5584409815e+01 -4.6638886912e+09 -1.0016430812e+07 1.9264251497e+06 1.0010396116e+03 0.0000000000e+00 -0.0000000000e+00
1.3511277197e+05 9.3229890128e-14 6.8040450692e-15 8.9439395741e+07 2.5841280566e+07 2.2115542912e-18 3.1308378045e-19 -2.7322156517e+03 6.6692720956e+00 -4.6638886900e+09 -1.0016430812e+07 1.9264251497e+06 8.2404970345e+02 0.0000000000e+00 -0.0000000000e+00
1.3584747360e+05 9.4871922080e-14 7.0390757496e-15 8.7419948354e+07 2.5842662268e+07 2.2586908242e-18 3.2686023762e-19 -2.7653332253e+03 -3.0099046356e+00 -4.6638886884e+09 -1.0016430812e+07 1.9264251497e+06 6.9826863908e+02 0.0000000000e+00 -0.0000000000e+00
1.3654574224e+05 9.6465265056e-14 7.2721277951e-15 8.5477642029e+07 2.5837177027e+07 2.3053120111e-18 3.4079711315e-19 -2.7980887227e+03 -1.2801789420e+01 -4.6638886869e+09 -1.0016430812e+07 1.9264251497e+06 8.6206112346e+02 0.0000000000e+00 -0.0000000000e+00
1.3740780336e+05 9.8478315492e-14 7.5737669799e-15 8.3047440523e+07 2.5820624911e+07 2.3655133397e-18 3.5925399563e-19 -2.8403854679e+03 -2.5769377912e+01 -4.6638886816e+09 -1.0016430812e+07 1.9264251497e+06 9.4461654758e+02 0.0000000000e+00 -0.0000000000e+00
1.3835241991e+05 1.0074538744e-13 7.9233590430e-15 8.0341482876e+07 2.5789091884e+07 2.4351382179e-18 3.8125173375e-19 -2.8893030882e+03 -4.1224729921e+01 -4.6638886711e+09 -1.0016430812e+07 1.9264251497e+06 9.8495572165e+02 0.0000000000e+00 -0.0000000000e+00
1.3933737563e+05 1.0318146405e-13 8.3110759074e-15 7.7469248722e+07 2.5739915221e+07 2.5122400101e-18 4.0643451015e-19 -2.9434739003e+03 -5.8917852352e+01 -4.6638886541e+09 -1.0016430812e+07 1.9264251497e+06 9.9981646514e+02 0.0000000000e+00 -0.0000000000e+00
1.4033719209e+05 1.0573452588e-13 8.7313207607e-15 7.4497310166e+07 2.5671252788e+07 2.5957535574e-18 4.3469673501e-19 -3.0021495361e+03 -7.8774559041e+01 -4.6638886297e+09 -1.0016430812e+07 1.9264251497e+06 9.9771984978e+02 0.0000000000e+00 -0.0000000000e+00
1.4133491194e+05 1.0836836901e-13 9.1803851913e-15 7.1471086285e+07 2.5581866886e+07 2.6850190239e-18 4.6605115411e-19 -3.0648664027e+03 -1.0080380502e+02 -4.6638885969e+09 -1.0016430812e+07 1.9264251497e+06 9.8378126824e+02 0.0000000000e+00 -0.0000000000e+00
1.4231869321e+05 1.1105579319e-13 9.6555428584e-15 6.8423642261e+07 2.5470989167e+07 2.7795952310e-18 5.0057876546e-19 -3.1313145332e+03 -1.2506249855e+02 -4.6638885549e+09 -1.0016430812e+07 1.9264251497e+06 9.6140358279e+02 0.0000000000e+00 -0.0000000000e+00
1.4328009679e+05 1.1377536827e-13 1.0154633230e-14 6.5379979337e+07 2.5338224972e+07 2.8791719689e-18 5.3840640736e-19 -3.2012759777e+03 -1.5163975472e+02 -4.6638885027e+09 -1.0016430812e+07 1.9264251497e+06 9.3300173264e+02 0.0000000000e+00 -0.0000000000e+00
1.4421309853e+05 1.1650968871e-13 1.0675846625e-14 6.2359425336e+07 2.5183480455e+07 2.9835230839e-18 5.7969563418e-19 -3.2745918435e+03 -1.8064907973e+02 -4.6638884394e+09 -1.0016430812e+07 1.9264251497e+06 9.0036235981e+02 0.0000000000e+00 -0.0000000000e+00
1.4511346089e+05 1.1924433885e-13 1.1217604213e-14 5.9377102054e+07 2.5006904499e+07 3.0924788647e-18 6.2463690989e-19 -3.3511428932e+03 -2.1222429132e+02 -4.6638883642e+09 -1.0016430813e+07 1.9264251497e+06 8.6484317613e+02 0.0000000000e+00 -0.0000000000e+00
1.4597830406e+05 1.2196723309e-13 1.1778487482e-14 5.6444894263e+07 2.4808841059e+07 3.2059085211e-18 6.7344659754e-19 -3.4308372353e+03 -2.4651740363e+02 -4.6638882761e+09 -1.0016430812e+07 1.9264251497e+06 8.2749341142e+02 0.0000000000e+00 -0.0000000000e+00
1.4680579747e+05 1.2466816937e-13 1.2357195413e-14 5.3572126973e+07 2.4589789337e+07 3.3237083391e-18 7.2636555821e-19 -3.5136020016e+03 -2.8369764282e+02 -4.6638881741e+09 -1.0016430812e+07 1.9264251497e+06 7.8913175248e+02 0.0000000000e+00 -0.0000000000e+00
1.4759492923e+05 1.2733851114e-13 1.2952518059e-14 5.0766060542e+07 2.4350370091e+07 3.4457932015e-18 7.8365875484e-19 -3.5993773896e+03 -3.2395116873e+02 -4.6638880572e+09 -1.0016430812e+07 1.9264251497e+06 7.5039965946e+02 0.0000000000e+00 -0.0000000000e+00
1.4834532889e+05 1.2997095067e-13 1.3563320261e-14 4.8032265821e+07 2.4091296918e+07 3.5720901794e-18 8.4561553555e-19 -3.6881121605e+03 -3.6748127396e+02 -4.6638879245e+09 -1.0016430812e+07 1.9264251497e+06 7.1179951737e+02 0.0000000000e+00 -0.0000000000e+00
1.4905712840e+05 1.3255932592e-13 1.4188531790e-14 4.5374916686e+07 2.3813351652e+07 3.7025334216e-18 9.1255041491e-19 -3.7797600478e+03 -4.1450893273e+02 -4.6638877749e+09 -1.0016430812e+07 1.9264251497e+06 6.7372294709e+02 0.0000000000e+00 -0.0000000000e+00
1.4973085135e+05 1.3509847415e-13 1.4827141721e-14 4.2797023451e+07 2.3517363219e+07 3.8370598558e-18 9.8480425095e-19 -3.8742767378e+03 -4.6527362788e+02 -4.6638876072e+09 -1.0016430812e+07 1.9264251497e+06 6.3647243502e+02 0.0000000000e+00 -0.0000000000e+00
1.5036732379e+05 1.3758411135e-13 1.5478195596e-14 4.0300622575e+07 2.3204189427e+07 3.9756053792e-18 1.0627457631e-18 -3.9716171926e+03 -5.2003441735e+02 -4.6638874204e+09 -1.0016430812e+07 1.9264251497e+06 6.0027824459e+02 0.0000000000e+00 -0.0000000000e+00
1.5096760203e+05 1.4001273074e-13 1.6140794487e-14 3.7886933104e+07 2.2874701254e+07 4.1181013092e-18 1.1467733652e-18 -4.0717331566e+03 -5.7907122205e+02 -4.6638872133e+09 -1.0016430812e+07 1.9264251497e+06 5.6531188072e+02 0.0000000000e+00 -0.0000000000e+00
1.5153291391e+05 1.4238151553e-13 1.6814095384e-14 3.5556487203e+07 2.2529769262e+07 4.2644709236e-18 1.2373173089e-18 -4.1745707257e+03 -6.4268633169e+02 -4.6638869848e+09 -1.0016430812e+07 1.9264251497e+06 5.3169696273e+02 0.0000000000e+00 -0.0000000000e+00
1.5206461087e+05 1.4468826287e-13 1.7497312500e-14 3.3309240036e+07 2.2170251825e+07 4.4146259513e-18 1.3348421465e-18 -4.2800678816e+03 -7.1120613524e+02 -4.6638867335e+09 -1.0016430812e+07 1.9264251497e+06 4.9951810151e+02 0.0000000000e+00 -0.0000000000e+00
1.5256412897e+05 1.4693131664e-13 1.8189719295e-14 3.1144662905e+07 2.1796984866e+07 4.5684628920e-18 1.4398495373e-18 -4.3881519063e+03 -7.8498309262e+02 -4.6638864582e+09 -1.0016430812e+07 1.9264251497e+06 4.6882820584e+02 0.0000000000e+00 -0.0000000000e+00
1.5303295718e+05 1.4910950773e-13 1.8890651049e-14 2.9061822609e+07 2.1410772868e+07 4.7258590486e-18 1.5528814318e-18 -4.4987365942e+03 -8.6439797189e+02 -4.6638861578e+09 -1.0016430812e+07 1.9264251497e+06 4.3965453451e+02 0.0000000000e+00 -0.0000000000e+00
1.5347261172e+05 1.5122210050e-13 1.9599507950e-14 2.7059449286e+07 2.1012380884e+07 4.8866681543e-18 1.6745236819e-18 -4.6117191800e+03 -9.4986238571e+02 -4.6638858308e+09 -1.0016430812e+07 1.9264251497e+06 4.1200373407e+02 0.0000000000e+00 -0.0000000000e+00
1.5388461545e+05 1.5326874461e-13 2.0315758682e-14 2.5135994521e+07 2.0602527352e+07 5.0507154663e-18 1.8054101396e-18 -4.7269768915e+03 -1.0418216710e+03 -4.6638854759e+09 -1.0016430812e+07 1.9264251497e+06 3.8586604361e+02 0.0000000000e+00 -0.0000000000e+00
1.5427048149e+05 1.5524943166e-13 2.1038944584e-14 2.3289681155e+07 2.0181877452e+07 5.2177921786e-18 1.9462273231e-18 -4.8443630239e+03 -1.1407581675e+03 -4.6638850921e+09 -1.0016430812e+07 1.9264251497e+06 3.6121881646e+02 0.0000000000e+00 -0.0000000000e+00
1.5463170031e+05 1.5716445613e-13 2.1768684466e-14 2.1518545931e+07 1.9751036797e+07 5.3876489798e-18 2.0977197514e-18 -4.9637024141e+03 -1.2471949653e+03 -4.6638846779e+09 -1.0016430812e+07 1.9264251497e+06 3.3802947586e+02 0.0000000000e+00 -0.0000000000e+00
1.5496972979e+05 1.5901438018e-13 2.2504680275e-14 1.9820475896e+07 1.9310545211e+07 5.5599885452e-18 2.2606960748e-18 -5.0847861652e+03 -1.3617002128e+03 -4.6638842322e+09 -1.0016430812e+07 1.9264251497e+06 3.1625799961e+02 0.0000000000e+00 -0.0000000000e+00
1.5528598778e+05 1.6080000216e-13 2.3246723807e-14 1.8193239330e+07 1.8860870316e+07 5.7344566973e-18 2.4360361642e-18 -5.2073654363e+03 -1.4848920968e+03 -4.6638837541e+09 -1.0016430812e+07 1.9264251497e+06 2.9585901825e+02 0.0000000000e+00 -0.0000000000e+00
1.5558184680e+05 1.6252232844e-13 2.3994704795e-14 1.6634511806e+07 1.8402400644e+07 5.9106319003e-18 2.6246993678e-18 -5.3311440613e+03 -1.6174446441e+03 -4.6638832424e+09 -1.0016430812e+07 1.9264251497e+06 2.7678359499e+02 0.0000000000e+00 -0.0000000000e+00
1.5585863040e+05 1.6418254862e-13 2.4748620775e-14 1.5141897850e+07 1.7935437896e+07 6.0880126553e-18 2.8277342060e-18 -5.4557696929e+03 -1.7600945328e+03 -4.6638826966e+09 -1.0016430812e+07 1.9264251497e+06 2.5898074807e+02 0.0000000000e+00 -0.0000000000e+00
1.5611761115e+05 1.6578201378e-13 2.5508589286e-14 1.3712948597e+07 1.7460187906e+07 6.2660022269e-18 3.0462898604e-18 -5.5808230720e+03 -1.9136491643e+03 -4.6638821162e+09 -1.0016430812e+07 1.9264251497e+06 2.4239877290e+02 0.0000000000e+00 -0.0000000000e+00
1.5636000992e+05 1.6732221794e-13 2.6274863133e-14 1.2345175677e+07 1.6976749750e+07 6.4438899452e-18 3.2816299248e-18 -5.7058048900e+03 -2.0789963248e+03 -4.6638815010e+09 -1.0016430812e+07 1.9264251497e+06 2.2698641780e+02 0.0000000000e+00 -0.0000000000e+00
1.5658699634e+05 1.6880478274e-13 2.7047849748e-14 1.1036061476e+07 1.6485102254e+07 6.6208280542e-18 3.5351490522e-18 -5.8301195238e+03 -2.2571158812e+03 -4.6638808516e+09 -1.0016430812e+07 1.9264251497e+06 2.1269396746e+02 0.0000000000e+00 -0.0000000000e+00
1.5679969030e+05 1.7023144532e-13 2.7828136039e-14 9.7830657866e+06 1.5985086874e+07 6.7958026951e-18 3.8083933560e-18 -5.9530546479e+03 -2.4490941144e+03 -4.6638801691e+09 -1.0016430812e+07 1.9264251497e+06 1.9947429567e+02 0.0000000000e+00 -0.0000000000e+00
1.5699916460e+05 1.7160404996e-13 2.8616520705e-14 8.5836286814e+06 1.5476385590e+07 6.9675970332e-18 4.1030857511e-18 -6.0737553288e+03 -2.6561415242e+03 -4.6638794556e+09 -1.0016430812e+07 1.9264251497e+06 1.8728395996e+02 0.0000000000e+00 -0.0000000000e+00
1.5718644856e+05 1.7292454366e-13 2.9414056836e-14 7.4351692453e+06 1.4958491796e+07 7.1347436850e-18 4.4211578996e-18 -6.1911905999e+03 -2.8796152738e+03 -4.6638787143e+09 -1.0016430813e+07 1.9264251497e+06 1.7608443151e+02 0.0000000000e+00 -0.0000000000e+00
1.5736253299e+05 1.7419497652e-13 3.0222108925e-14 6.3350795303e+06 1.4430671373e+07 7.2954622709e-18 4.7647911241e-18 -6.3041095876e+03 -3.1210479345e+03 -4.6638779502e+09 -1.0016430813e+07 1.9264251497e+06 1.6584358828e+02 0.0000000000e+00 -0.0000000000e+00
1.5752837658e+05 1.7541750785e-13 3.1042430366e-14 5.2807127214e+06 1.3891909680e+07 7.4475758326e-18 5.1364696943e-18 -6.4109827865e+03 -3.3821849253e+03 -4.6638771706e+09 -1.0016430813e+07 1.9264251497e+06 1.5653765821e+02 0.0000000000e+00 -0.0000000000e+00
1.5768491424e+05 1.7659441936e-13 3.1877270679e-14 4.2693639949e+06 1.3340838119e+07 7.5883964652e-18 5.5390514591e-18 -6.5099217062e+03 -3.6650341369e+03 -4.6638763857e+09 -1.0016430813e+07 1.9264251497e+06 1.4815388183e+02 0.0000000000e+00 -0.0000000000e+00
1.5783306812e+05 1.7772813741e-13 3.2729526625e-14 3.2982419588e+06 1.2775630455e+07 7.7145648556e-18 5.9758630900e-18 -6.5985661329e+03 -3.9719328499e+03 -4.6638756100e+09 -1.0016430813e+07 1.9264251497e+06 1.4069428986e+02 0.0000000000e+00 -0.0000000000e+00
1.5797376241e+05 1.7882126600e-13 3.3602959279e-14 2.3644280083e+06 1.2193853656e+07 7.8218186963e-18 6.4508304601e-18 -6.6739214196e+03 -4.3056393363e+03 -4.6638748636e+09 -1.0016430813e+07 1.9264251497e+06 1.3034528036e+02 0.0000000000e+00 -0.0000000000e+00
1.5808270867e+05 1.7967732885e-13 3.4327959905e-14 1.6345856495e+06 1.1709168137e+07 7.8909880546e-18 6.8659342875e-18 -6.7225189970e+03 -4.5972864018e+03 -4.6638746189e+09 -1.0016430813e+07 1.9264251497e+06 1.1164674469e+02 0.0000000000e+00 -0.0000000000e+00
1.5817486609e+05 1.8040670925e-13 3.4978313988e-14 1.0135329257e+06 1.1273123405e+07 7.9354982902e-18 7.2540496420e-18 -6.7537913649e+03 -4.8699716838e+03 -4.6638745031e+09 -1.0016430813e+07 1.9264251497e+06 9.5266088712e+01 1.0763624061e-292 -7.6179664415e-285
1.5824847362e+05 1.8099174982e-13 3.5524517952e-14 5.1575092666e+05 1.0906049208e+07 7.9586118711e-18 7.5911410731e-18 -6.7700306949e+03 -5.1068081575e+03 -4.6638744640e+09 -1.0016430813e+07 1.9264251497e+06 7.9153811643e+01 1.1731338468e-268 -8.4560901782e-261
1.5828822245e+05 1.8130824466e-13 3.5830063498e-14 2.4654520594e+05 1.0700385108e+07 7.9653920884e-18 7.7839778093e-18 -6.7747943958e+03 -5.2422929797e+03 -4.6638744621e+09 -1.0016430813e+07 1.9264251497e+06 6.6055194309e+01 9.5264954531e-256 -6.9364840139e-248
1.5835427765e+05 1.8183449920e-13 3.6355283556e-14 -2.0103471764e+05 1.0346342307e+07 7.9660025099e-18 8.1222901483e-18 -6.7752232708e+03 -5.4799872490e+03 -4.6638744404e+09 -1.0016430813e+07 1.9264251497e+06 6.1641811500e+01 1.9485164686e-234 -1.4432477524e-226
1.5841591946e+05 1.8232519403e-13 3.6866232751e-14 -6.1843006617e+05 1.0001325807e+07 7.9523176155e-18 8.4592366892e-18 -6.7656084250e+03 -5.7167219245e+03 -4.6638744262e+09 -1.0016430813e+07 1.9264251497e+06 7.4699852654e+01 9.4632960553e-215 -7.1247546569e-207
1.5849061931e+05 1.8291793723e-13 3.7514271614e-14 -1.1229110485e+06 9.5629511695e+06 7.9131390067e-18 8.8966917035e-18 -6.7380819954e+03 -6.0240726710e+03 -4.6638743967e+09 -1.0016430812e+07 1.9264251497e+06 8.1614185677e+01 3.1637794660e-191 -2.4305959389e-183
1.5857223350e+05 1.8356086209e-13 3.8261158060e-14 -1.6707969421e+06 9.0566944358e+06 7.8352900739e-18 9.4129765114e-18 -6.6833862511e+03 -6.3868083031e+03 -4.6638743622e+09 -1.0016430813e+07 1.9264251497e+06 8.5895044658e+01 4.6544864328e-166 -3.6573752936e-158
1.5865812854e+05 1.8422862903e-13 3.9094609327e-14 -2.2411811698e+06 8.4905884840e+06 7.7036481134e-18 1.0000966567e-17 -6.5908961583e+03 -6.7999231988e+03 -4.6638743119e+09 -1.0016430813e+07 1.9264251497e+06 8.9553044538e+01 2.3779883200e-140 -1.9141400090e-132
1.5874768158e+05 1.8490988561e-13 4.0019480531e-14 -2.8253536562e+06 7.8610810026e+06 7.4979342233e-18 1.0662341660e-17 -6.4463639993e+03 -7.2645975581e+03 -4.6638741489e+09 -1.0016430812e+07 1.9264251497e+06 9.4694226073e+01 1.1983414447e-114 -9.8929175941e-107
1.5884237581e+05 1.8560593933e-13 4.1064219959e-14 -3.4259808352e+06 7.1485207057e+06 7.1849708404e-18 1.1410956581e-17 -6.2264796084e+03 -7.7905655941e+03 -4.6638734705e+09 -1.0016430812e+07 1.9264251497e+06 1.0733902169e+02 4.7896878583e-89 -4.0602674842e-81
1.5894971483e+05 1.8635175223e-13 4.2336768120e-14 -4.0764688946e+06 6.2787704672e+06 6.6826048989e-18 1.2306163841e-17 -5.8735232081e+03 -8.4195276835e+03 -4.6638698937e+09 -1.0016430812e+07 1.9264251497e+06 9.8434079945e+01 1.4767318709e-62 -1.2885863315e-54
1.5903613715e+05 1.8690686297e-13 4.3432107888e-14 -4.5683235408e+06 5.5287842346e+06 6.1420603118e-18 1.3042568305e-17 -5.4937429405e+03 -8.9369167963e+03 -4.6638670815e+09 -1.0016430813e+07 1.9264251497e+06 8.6460468772e+01 1.0763560774e-43 -9.5977473033e-36
1.5912259762e+05 1.8740963293e-13 4.4591255963e-14 -5.0234491289e+06 4.7339756839e+06 5.4643331182e-18 1.3765973797e-17 -5.0175797876e+03 -9.4451729842e+03 -4.6638623275e+09 -1.0016430812e+07 1.9264251497e+06 7.8897120819e+01 1.6290397069e-27 -1.4809475905e-19
1.5920149474e+05 1.8781220787e-13 4.5702157095e-14 -5.3992661953e+06 3.9713507234e+06 4.7208788752e-18 1.4385797886e-17 -4.4952375829e+03 -9.8806540969e+03 -4.6638581443e+09 -1.0016430813e+07 1.9264251497e+06 7.3705749750e+01 1.6928878910e-15 -1.5620082765e-07
1.5926584938e+05 1.8809414216e-13 4.6642903503e-14 -5.6731856532e+06 3.3249785888e+06 4.0287079207e-18 1.4841419192e-17 -4.0089264133e+03 -1.0200768266e+04 -4.6638564776e+09 -1.0016430811e+07 1.9264251528e+06 6.5215860517e+01 6.9627340679e-08 -6.4866332876e+00
1.5929164763e+05 1.8819426196e-13 4.7027949096e-14 -5.7739294067e+06 3.0602969567e+06 3.7312409828e-18 1.5007322151e-17 -3.7999296087e+03 -1.0317329643e+04 -4.6638654950e+09 -1.0016430524e+07 1.9264259234e+06 5.3175209928e+01 2.0061327851e-05 -1.8748561980e+03
1.5930741512e+05 1.8825162506e-13 4.7265339017e-14 -5.8328125029e+06 2.8970831159e+06 3.5442524648e-18 1.5103292261e-17 -3.6685529503e+03 -1.0384755083e+04 -4.6640671725e+09 -1.0016424358e+07 1.9264431745e+06 3.0115996948e+01 4.2886783465e-04 -4.0149056263e+04
1.5932238701e+05 1.8830333845e-13 4.7492120674e-14 -5.8867885906e+06 2.7411423637e+06 3.3632697522e-18 1.5190357795e-17 -3.5413862462e+03 -1.0445896072e+04 -4.6670625976e+09 -1.0016336133e+07 1.9267001412e+06 1.8779268375e+01 5.9079541901e-03 -5.5389401062e+05
1.5933450460e+05 1.8834319369e-13 4.7676602708e-14 -5.9290693997e+06 2.6142750439e+06 3.2144692473e-18 1.5257798139e-17 -3.4367715656e+03 -1.0493070152e+04 -4.6876920687e+09 -1.0015747962e+07 1.9284741935e+06 1.3170080623e+01 4.0188391430e-02 -3.7718095818e+06
1.5934446071e+05 1.8837458242e-13 4.7828778025e-14 -5.9628532076e+06 2.5096205773e+06 3.0907346598e-18 1.5311110888e-17 -3.3495608387e+03 -1.0529668376e+04 -4.7723901617e+09 -1.0013399741e+07 1.9357730290e+06 1.0295982834e+01 1.6899073212e-01 -1.5871867840e+07
1.5935298589e+05 1.8840047621e-13 4.7959497049e-14 -5.9910861313e+06 2.4197293650e+06 2.9837734982e-18 1.5355216993e-17 -3.2736065580e+03 -1.0558088892e+04 -5.0252014182e+09 -1.0006560411e+07 1.9576002984e+06 8.6564824302e+00 5.2269982295e-01 -4.9112116519e+07
1.5936058548e+05 1.8842278691e-13 4.8076335734e-14 -6.0157016878e+06 2.3394103863e+06 2.8876731949e-18 1.5393307899e-17 -3.2041613356e+03 -1.0578554594e+04 -5.6438852041e+09 -9.9901870329e+06 2.0111207239e+06 7.6550379269e+00 1.3210917269e+00 -1.2411908653e+08
1.5936824051e+05 1.8844451945e-13 4.8194315163e-14 -6.0399525805e+06 2.2583813536e+06 2.7901851254e-18 1.5430487423e-17 -3.1310572071e+03 -1.0589246469e+04 -7.1562138543e+09 -9.9510006916e+06 2.1422759073e+06 7.0310196778e+00 3.1117468233e+00 -2.9207107373e+08
1.5937527153e+05 1.8846382079e-13 4.8302924125e-14 -6.0617166822e+06 2.1839416869e+06 2.7000632212e-18 1.5463569142e-17 -3.0587255287e+03 -1.0581620419e+04 -1.0170881928e+10 -9.8743894375e+06 2.4046613512e+06 6.7866596156e+00 6.3690565724e+00 -5.9630967199e+08
1.5938205819e+05 1.8848184858e-13 4.8407975682e-14 -6.0822161882e+06 2.1122302226e+06 2.6125701260e-18 1.5494520946e-17 -2.9806831878e+03 -1.0545331408e+04 -1.5807336116e+10 -9.7335383034e+06 2.8979621230e+06 7.2507144685e+00 1.1887322323e+01 -1.1072702986e+09
1.5938930891e+05 1.8850045113e-13 4.8520438699e-14 -6.1034847469e+06 2.0360594964e+06 2.5185755359e-18 1.5526517464e-17 -2.8828957332e+03 -1.0453971381e+04 -2.6758719349e+10 -9.4636806321e+06 3.8656055580e+06 7.3477982906e+00 2.1416743809e+01 -1.9741027799e+09
1.5939468706e+05 1.8851380817e-13 4.8604004823e-14 -6.1187634506e+06 1.9801347806e+06 2.4485276775e-18 1.5549534142e-17 -2.7966033304e+03 -1.0334343495e+04 -3.9651763562e+10 -9.1485210184e+06 5.0198981933e+06 5.4574267773e+00 3.1347794314e+01 -2.8526956836e+09
1.5939947073e+05 1.8852537164e-13 4.8678436594e-14 -6.1319329957e+06 1.9310496497e+06 2.3860002020e-18 1.5569496005e-17 -2.7073004333e+03 -1.0179183732e+04 -5.5463178244e+10 -8.7628604765e+06 6.4579684181e+06 4.8010049398e+00 4.2173076785e+01 -3.7757965280e+09
1.5940427173e+05 1.8853667580e-13 4.8753232955e-14 -6.1446886246e+06 1.8826607998e+06 2.3230463939e-18 1.5589051453e-17 -2.6040609046e+03 -9.9689777797e+03 -7.5971753114e+10 -8.2612846249e+06 8.3615041521e+06 4.4180363427e+00 5.4490700500e+01 -4.7722715636e+09
1.5940868977e+05 1.8854681082e-13 4.8822144927e-14 -6.1559599249e+06 1.8391423308e+06 2.2649469829e-18 1.5606629572e-17 -2.4962926806e+03 -9.7227574906e+03 -9.9062841902e+10 -7.6922244029e+06 1.0559353132e+07 4.1656808291e+00 6.6457930847e+01 -5.6704476135e+09
1.5941285545e+05 1.8855613152e-13 4.8887191057e-14 -6.1661276774e+06 1.7992068358e+06 2.2100275441e-18 1.5622844672e-17 -2.3836580033e+03 -9.4432347717e+03 -1.2429537862e+11 -7.0628085352e+06 1.3032132819e+07 3.9963157671e+00 7.7582435766e+01 -6.4226743665e+09
1.5941685177e+05 1.8856485801e-13 4.8949655426e-14 -6.1754220415e+06 1.7620742983e+06 2.1572217859e-18 1.5638081319e-17 -2.2664107811e+03 -9.1336708138e+03 -1.5116525950e+11 -6.3815631335e+06 1.5754419722e+07 3.8658416214e+00 8.7464538858e+01 -6.9963433464e+09
1.5942071761e+05 1.8857309858e-13 4.9010137793e-14 -6.1839524204e+06 1.7274008027e+06 2.1060355316e-18 1.5652531956e-17 -2.1457350841e+03 -8.7994262268e+03 -1.7900235987e+11 -5.6615040204e+06 1.8681797913e+07 3.7515655780e+00 9.5783812641e+01 -7.3740861017e+09
1.5942446917e+05 1.8858090619e-13 4.9068885186e-14 -6.1917740729e+06 1.6950419553e+06 2.0562699784e-18 1.5666293378e-17 -2.0233415030e+03 -8.4473357017e+03 -2.0706807281e+11 -4.9183584642e+06 2.1756750591e+07 3.6440338479e+00 1.0236229841e+02 -7.5577510231e+09
1.5942811321e+05 1.8858831111e-13 4.9125997680e-14 -6.1989251552e+06 1.6649151111e+06 2.0078490180e-18 1.5679422628e-17 -1.9010466311e+03 -8.0846143785e+03 -2.3467368140e+11 -4.1680220287e+06 2.4918289717e+07 3.5416105040e+00 1.0718534653e+02 -7.5665881466e+09
1.5943165482e+05 1.8859533869e-13 4.9181550364e-14 -6.2054446507e+06 1.6369287201e+06 1.9607164309e-18 1.5691967662e-17 -1.7804384429e+03 -7.7177976029e+03 -2.6127017675e+11 -3.4243282399e+06 2.8111151253e+07 3.4456583347e+00 1.1037578209e+02 -7.4309691543e+09
1.5943510048e+05 1.8860201555e-13 4.9235640269e-14 -6.2113765646e+06 1.6109639285e+06 1.9147962361e-18 1.5703978250e-17 -1.6627214604e+03 -7.3521519273e+03 -2.8647981866e+11 -2.6979692909e+06 3.1290866727e+07 3.3573808126e+00 1.1214147670e+02 -7.1850724385e+09
1.5943845786e+05 1.8860836906e-13 4.9288383902e-14 -6.2167672588e+06 1.5868845401e+06 1.8699948732e-18 1.5715505162e-17 -1.5487227841e+03 -6.9916028465e+03 -3.1007932171e+11 -1.9965342824e+06 3.4424372634e+07 3.2768030609e+00 1.1272330267e+02 -6.8613740544e+09
1.5944173466e+05 1.8861442495e-13 4.9339898731e-14 -6.2216617943e+06 1.5645524242e+06 1.8262170410e-18 1.5726596106e-17 -1.4389721624e+03 -6.6389452434e+03 -3.3196322079e+11 -1.3250952115e+06 3.7488197378e+07 3.2030183052e+00 1.1235842045e+02 -6.4877287938e+09
1.5944493768e+05 1.8862020576e-13 4.9390288474e-14 -6.2261017674e+06 1.5438376106e+06 1.7833783467e-18 1.5737292877e-17 -1.3337877788e+03 -6.2961134537e+03 -3.5210810424e+11 -6.8686063359e+05 4.0466148708e+07 3.1347428826e+00 1.1126006741e+02 -6.0864417840e+09
1.5944807242e+05 1.8862573043e-13 4.9439637077e-14 -6.2301247133e+06 1.5246220322e+06 1.7414105723e-18 1.5747630564e-17 -1.2333414910e+03 -5.9644080762e+03 -3.7054506215e+11 -8.3698735744e+04 4.3347381078e+07 3.0707355794e+00 1.0960914393e+02 -5.6744676665e+09
1.5945114316e+05 1.8863101467e-13 4.9488009281e-14 -6.2337644010e+06 1.5067993200e+06 1.7002613166e-18 1.5757638152e-17 -1.1377024387e+03 -5.6446613942e+03 -3.8734027283e+11 4.8348985309e+05 4.6124993190e+07 3.0100034858e+00 1.0755276815e+02 -5.2641143037e+09
1.5945415316e+05 1.8863607171e-13 4.9535454454e-14 -6.2370514295e+06 1.4902730057e+06 1.6598908381e-18 1.5767339725e-17 -1.0468656126e+03 -5.3373548967e+03 -4.0258157206e+11 1.0145103777e+06 4.8795036218e+07 2.9518515696e+00 1.0520650998e+02 -4.8639011231e+09
1.5945710501e+05 1.8864091299e-13 4.9582011221e-14 -6.2400138059e+06 1.4749545309e+06 1.6202681910e-18 1.5776755721e-17 -9.6077154624e+02 -5.0427056703e+03 -4.1636905218e+11 1.5096834933e+06 5.1355786967e+07 2.8958467111e+00 1.0265835763e+02 -4.4793986947e+09
1.5946000086e+05 1.8864554872e-13 4.9627711554e-14 -6.2426773859e+06 1.4607616600e+06 1.5813678058e-18 1.5785903973e-17 -8.7932101964e+02 -4.7607333726e+03 -4.2880839226e+11 1.9696998692e+06 5.3807184860e+07 2.8417500022e+00 9.9973307761e+01 -4.1139716575e+09
1.5946284261e+05 1.8864998830e-13 4.9672583806e-14 -6.2450661704e+06 1.4476174135e+06 1.5431669517e-18 1.5794800483e-17 -8.0238669062e+02 -4.4913140176e+03 -4.4000614204e+11 2.3955061656e+06 5.6150379336e+07 2.7894474470e+00 9.7197946417e+01 -3.7693962693e+09
1.5946563206e+05 1.8865424056e-13 4.9716654665e-14 -6.2472024918e+06 1.4354494326e+06 1.5056441110e-18 1.5803459924e-17 -7.2982245964e+02 -4.2342234752e+03 -4.5006647454e+11 2.7882157242e+06 5.8387363125e+07 2.7388939945e+00 9.4364668769e+01 -3.4463498270e+09
1.5946837095e+05 1.8865831387e-13 4.9759950234e-14 -6.2491071341e+06 1.4241896259e+06 1.4687780930e-18 1.5811895942e-17 -6.6147085744e+02 -3.9891719525e+03 -4.5908906958e+11 3.1490404833e+06 6.0520680969e+07 2.6900742310e+00 9.1495359823e+01 -3.1447826875e+09
1.5947106102e+05 1.8866221627e-13 4.9802496484e-14 -6.2507994186e+06 1.4137739648e+06 1.4325476690e-18 1.5820121329e-17 -5.9716862894e+02 -3.7558303309e+03 -4.6716785800e+11 3.4792413333e+06 6.2553206766e+07 2.6429783365e+00 8.8604472138e+01 -2.8641900871e+09
1.5947370400e+05 1.8866595540e-13 4.9844319341e-14 -6.2522972760e+06 1.4041423403e+06 1.3969315253e-18 1.5828148109e-17 -5.3675070550e+02 -3.5338492678e+03 -4.7439040003e+11 3.7800940725e+06 6.4487981729e+07 2.5975900407e+00 8.5701507075e+01 -2.6038028568e+09
1.5947630159e+05 1.8866953857e-13 4.9885444573e-14 -6.2536173181e+06 1.3952384254e+06 1.3619083748e-18 1.5835987577e-17 -4.8005280591e+02 -3.3228721055e+03 -4.8083770859e+11 4.0528679641e+06 6.6328104915e+07 2.5538822664e+00 8.2792945861e+01 -2.3627153211e+09
1.5947885547e+05 1.8867297274e-13 4.9925897615e-14 -6.2547749096e+06 1.3870095231e+06 1.3274571238e-18 1.5843650336e-17 -4.2691295567e+02 -3.1225427844e+03 -4.8658436407e+11 4.2988138202e+06 6.8076666142e+07 2.5118180168e+00 7.9883696254e+01 -2.1399665201e+09
1.5948136729e+05 1.8867626450e-13 4.9965703404e-14 -6.2557842433e+06 1.3794063938e+06 1.2935570251e-18 1.5851146317e-17 -3.7717220171e+02 -2.9325098943e+03 -4.9169880400e+11 4.5191588395e+06 6.9736711703e+07 2.4713541058e+00 7.6978125290e+01 -1.9345880733e+09
1.5948383865e+05 1.8867942010e-13 5.0004886275e-14 -6.2566584151e+06 1.3723830656e+06 1.2601877780e-18 1.5858484813e-17 -3.3067478186e+02 -2.7524279341e+03 -4.9624370305e+11 4.7151057645e+06 7.1311233864e+07 2.4324457739e+00 7.4080746925e+01 -1.7456292735e+09
1.5948627109e+05 1.8868244548e-13 5.0043469930e-14 -6.2574094980e+06 1.3658966373e+06 1.2273295642e-18 1.5865674527e-17 -2.8726797866e+02 -2.5819567444e+03 -5.0027638469e+11 4.8878343386e+06 7.2803175949e+07 2.3950510049e+00 7.1196628717e+01 -1.5721675430e+09
1.5948866614e+05 1.8868534624e-13 5.0081477477e-14 -6.2580486117e+06 1.3599070821e+06 1.1949630234e-18 1.5872723620e-17 -2.4680184312e+02 -2.4207599279e+03 -5.0384922775e+11 5.0385035093e+06 7.4215446074e+07 2.3591345177e+00 6.8331576093e+01 -1.4133102849e+09
1.5949102528e+05 1.8868812770e-13 5.0118931530e-14 -6.2585859883e+06 1.3543770597e+06 1.1630691736e-18 1.5879639773e-17 -2.0912891612e+02 -2.2685028632e+03 -5.0701004813e+11 5.1682533176e+06 7.5550934385e+07 2.3246700820e+00 6.5492146247e+01 -1.2681923794e+09
1.5949334995e+05 1.8869079491e-13 5.0155854351e-14 -6.2590310328e+06 1.3492717416e+06 1.1316292978e-18 1.5886430245e-17 -1.7410404871e+02 -2.1248508287e+03 -5.0980244611e+11 5.2782057527e+06 7.6812529379e+07 2.2916410636e+00 6.2685539552e+01 -1.1359722606e+09
1.5949564159e+05 1.8869335268e-13 5.0192267995e-14 -6.2593923777e+06 1.3445586536e+06 1.1006248229e-18 1.5893101940e-17 -1.4158437763e+02 -1.9894675875e+03 -5.1226611792e+11 5.3694642323e+06 7.8003130292e+07 2.2600400955e+00 5.9919411003e+01 -1.0158283930e+09
1.5949790163e+05 1.8869580557e-13 5.0228194459e-14 -6.2596779337e+06 1.3402075352e+06 1.0700372005e-18 1.5899661458e-17 -1.1142946471e+02 -1.8620145886e+03 -5.1443713569e+11 5.4431117115e+06 7.9125654223e+07 2.2298670819e+00 5.7201637589e+01 -9.0695707964e+08
1.5950013150e+05 1.8869815795e-13 5.0263655790e-14 -6.2598949362e+06 1.3361902146e+06 1.0398478155e-18 1.5906115143e-17 -8.3501596628e+01 -1.7421508859e+03 -5.1634820134e+11 5.5002075828e+06 8.0183037105e+07 2.2011264825e+00 5.4540072594e+01 -8.0857197388e+08
1.5950233262e+05 1.8870041398e-13 5.0298674157e-14 -6.2600499890e+06 1.3324804974e+06 1.0100379288e-18 1.5912469123e-17 -5.7666211250e+01 -1.6295337325e+03 -5.1802888069e+11 5.5417837149e+06 8.1178228875e+07 2.1738241976e+00 5.1942310581e+01 -7.1990520523e+08
1.5950450645e+05 1.8870257762e-13 5.0333271874e-14 -6.2601491056e+06 1.3290540648e+06 9.8058866281e-19 1.5918729331e-17 -3.3792407153e+01 -1.5238197430e+03 -5.1950582368e+11 5.5688400335e+06 8.2114183749e+07 2.0536293522e+00 4.9415480160e+01 -6.4020977958e+08
1.5950607301e+05 1.8870409715e-13 5.0358213081e-14 -6.2601892309e+06 1.3267243171e+06 9.5936060561e-19 1.5923232132e-17 -1.7569755957e+01 -1.4509893425e+03 -5.2046689948e+11 5.5799586111e+06 8.2760132880e+07 1.6900141820e+00 4.7623890248e+01 -5.8740799532e+08
1.5950709540e+05 1.8870507090e-13 5.0374494299e-14 -6.2602019740e+06 1.3252644764e+06 9.4550406736e-19 1.5926167126e-17 -7.4146816335e+00 -1.4049542844e+03 -5.2105073641e+11 5.5835254964e+06 8.3168958657e+07 1.3917361389e+00 4.6469874323e+01 -5.5495614495e+08
1.5950848713e+05 1.8870637367e-13 5.0396662099e-14 -6.2602029760e+06 1.3233517011e+06 9.2663865661e-19 1.5930157967e-17 5.8727198655e+00 -1.3441659098e+03 -5.2179373541e+11 5.5838041762e+06 8.3709493147e+07 1.2869959778e+00 4.4920324367e+01 -5.1323803211e+08
1.5950977413e+05 1.8870755502e-13 5.0417166521e-14 -6.2601878024e+06 1.3216569085e+06 9.0918994271e-19 1.5933844097e-17 1.7622137038e+01 -1.2898552848e+03 -5.2243076483e+11 5.5794705027e+06 8.4193147026e+07 1.5229497136e+00 4.3511191255e+01 -4.7709120893e+08
1.5951129708e+05 1.8870892394e-13 5.0441436282e-14 -6.2601507844e+06 1.3197400084e+06 8.8853846310e-19 1.5938200881e-17 3.0875660028e+01 -1.2279133393e+03 -5.2312659099e+11 5.5687948118e+06 8.4745672279e+07 1.6433898893e+00 4.1875789866e+01 -4.3720679735e+08
1.5951294047e+05 1.8871036585e-13 5.0467632820e-14 -6.2600888149e+06 1.3177750995e+06 8.6624927758e-19 1.5942896291e-17 4.4410477978e+01 -1.1638497188e+03 -5.2381201321e+11 5.5507297485e+06 8.5318254039e+07 1.7123410737e+00 4.0153143124e+01 -3.9751299110e+08
1.5951465281e+05 1.8871182927e-13 5.0494936680e-14 -6.2600012780e+06 1.3158372062e+06 8.4302001367e-19 1.5947782552e-17 5.7695349695e+01 -1.1000975147e+03 -5.2445977416e+11 5.5249259940e+06 8.5889328527e+07 1.7543521254e+00 3.8408158411e+01 -3.5964170462e+08
1.5951640716e+05 1.8871328735e-13 5.0522919093e-14 -6.2598887309e+06 1.3139622791e+06 8.1921574635e-19 1.5952782596e-17 7.0473096348e+01 -1.0378754598e+03 -5.2505922017e+11 5.4913777562e+06 8.6448076254e+07 1.7808413057e+00 3.6676700624e+01 -3.2430474625e+08
1.5951818800e+05 1.8871472472e-13 5.0551332982e-14 -6.2597522959e+06 1.3121679152e+06 7.9504688323e-19 1.5957852240e-17 8.2616179605e+01 -9.7782595460e+02 -5.2560731149e+11 5.4502575133e+06 8.6988772966e+07 1.7978482963e+00 3.4980698632e+01 -2.9177868644e+08
1.5951998585e+05 1.8871613216e-13 5.0580027376e-14 -6.2595933533e+06 1.3104621146e+06 7.7064201959e-19 1.5962964687e-17 9.4065425142e+01 -9.2028363305e+02 -5.2610475973e+11 5.4018302547e+06 8.7508414231e+07 1.8088582977e+00 3.3334385727e+01 -2.6211385601e+08
1.5952179471e+05 1.8871750393e-13 5.0608906766e-14 -6.2594133777e+06 1.3088475329e+06 7.4608253621e-19 1.5968103151e-17 1.0480006813e+02 -8.6540593776e+02 -5.2655414813e+11 5.3464054854e+06 8.8005561549e+07 1.8160156964e+00 3.1747298015e+01 -2.3523769470e+08
1.5952361072e+05 1.8871883643e-13 5.0637909772e-14 -6.2592138476e+06 1.3073237423e+06 7.2142075790e-19 1.5973256994e-17 1.1482164855e+02 -8.1324312442e+02 -5.2695894520e+11 5.2843087788e+06 8.8479724208e+07 1.8207076301e+00 3.0225878095e+01 -2.1101066556e+08
1.5952543143e+05 1.8872012742e-13 5.0666997103e-14 -6.2589961962e+06 1.3058885161e+06 6.9669020835e-19 1.5978419536e-17 1.2414473578e+02 -7.6377858807e+02 -5.2732296349e+11 5.2158641783e+06 8.8931003469e+07 1.8238692095e+00 2.8774408319e+01 -1.8925842267e+08
1.5952725530e+05 1.8872137549e-13 5.0696144363e-14 -6.2587617845e+06 1.3045385909e+06 6.7191173145e-19 1.5983586758e-17 1.3279130574e+02 -7.1695340198e+02 -5.2765005633e+11 5.1413829590e+06 8.9359876204e+07 1.8261541111e+00 2.7395593400e+01 -1.6979108340e+08
1.5952908146e+05 1.8872257985e-13 5.0725337577e-14 -6.2585118880e+06 1.3032701354e+06 6.4709730246e-19 1.5988756489e-17 1.4078719937e+02 -6.7268190091e+02 -5.2794394880e+11 5.0611562850e+06 8.9767057595e+07 1.8280356207e+00 2.6090946394e+01 -1.5241504346e+08
1.5953090949e+05 1.8872374006e-13 5.0754570321e-14 -6.2582476913e+06 1.3020790446e+06 6.2225247079e-19 1.5993927886e-17 1.4815983048e+02 -6.3086190582e+02 -5.2820814687e+11 4.9754503146e+06 9.0153411136e+07 1.8298694033e+00 2.4861057341e+01 -1.3694026056e+08
1.5953273936e+05 1.8872485594e-13 5.0783841854e-14 -6.2579702879e+06 1.3009611259e+06 5.9737795270e-19 1.5999101099e-17 1.5493667538e+02 -5.9138160562e+02 -5.2844589324e+11 4.8845028742e+06 9.0519888115e+07 1.8319346141e+00 2.3705787858e+01 -1.2318468068e+08
1.5953457130e+05 1.8872592749e-13 5.0813155902e-14 -6.2576806820e+06 1.2999122173e+06 5.7247066712e-19 1.6004277050e-17 1.6114427035e+02 -5.5412427245e+02 -5.2866015145e+11 4.7885211220e+06 9.0867486228e+07 1.8344620370e+00 2.2624416338e+01 -1.1097681100e+08
1.5953640576e+05 1.8872695478e-13 5.0842519893e-14 -6.2573797917e+06 1.2989282616e+06 5.4752439015e-19 1.6009457298e-17 1.6680754879e+02 -5.1897153459e+02 -5.2885360683e+11 4.6876798226e+06 9.1197220941e+07 1.8376545900e+00 2.1615748592e+01 -1.0015707043e+08
1.5953824341e+05 1.8872793798e-13 5.0871944512e-14 -6.2570684528e+06 1.2980053502e+06 5.2253013154e-19 1.6014643957e-17 1.7194941236e+02 -4.8580566192e+02 -5.2902867746e+11 4.5821199506e+06 9.1510105582e+07 1.8417030715e+00 2.0678203149e+01 -9.0578325868e+07
1.5954008512e+05 1.8872887725e-13 5.0901443515e-14 -6.2567474222e+06 1.2971397483e+06 4.9747629750e-19 1.6019839661e-17 1.7659046721e+02 -4.5451116483e+02 -5.2918753072e+11 4.4719474199e+06 9.1807137553e+07 1.8467992053e+00 1.9809877373e+01 -8.2105888068e+07
1.5954193191e+05 1.8872977279e-13 5.0931033752e-14 -6.2564173802e+06 1.2963279066e+06 4.7234867625e-19 1.6025047571e-17 1.8074887926e+02 -4.2497590638e+02 -5.2933210263e+11 4.3572317683e+06 9.2089288889e+07 1.8531473032e+00 1.9008598627e+01 -7.4617152903e+07
1.5954378506e+05 1.8873062475e-13 5.0960735366e-14 -6.2560789324e+06 1.2955664636e+06 4.4713026495e-19 1.6030271407e-17 1.8444031741e+02 -3.9709186437e+02 -5.2946411827e+11 4.2380046403e+06 9.2357499997e+07 1.8609754771e+00 1.8271963618e+01 -6.8001016893e+07
1.5954564604e+05 1.8873143328e-13 5.0990572188e-14 -6.2557326091e+06 1.2948522422e+06 4.2180094388e-19 1.6035515519e-17 1.8767796173e+02 -3.7075563883e+02 -5.2958511214e+11 4.1142579116e+06 9.2612675748e+07 1.8705471479e+00 1.7597368375e+01 -6.2157157154e+07
1.5954751658e+05 1.8873219847e-13 5.1020572304e-14 -6.2553788641e+06 1.2941822427e+06 3.9633699376e-19 1.6040784982e-17 1.9047255947e+02 -3.4586877233e+02 -5.2969644797e+11 3.9859412823e+06 9.2855683348e+07 1.8821737399e+00 1.6982030929e+01 -5.6995239113e+07
1.5954939876e+05 1.8873292033e-13 5.1050768837e-14 -6.2550180706e+06 1.2935536328e+06 3.7071043969e-19 1.6046085738e-17 1.9283251450e+02 -3.2233792902e+02 -5.2979933733e+11 3.8529591191e+06 9.3087351630e+07 1.8822438755e+00 1.6423008385e+01 -5.2434095904e+07
1.5955128100e+05 1.8873359397e-13 5.1080976472e-14 -6.2546532386e+06 1.2929679340e+06 3.4507866026e-19 1.6051385395e-17 1.9475136080e+02 -3.0023406596e+02 -5.2989418013e+11 3.7161963259e+06 9.3306884018e+07 1.8808221876e+00 1.5920738651e+01 -4.8428770978e+07
1.5955316182e+05 1.8873421891e-13 5.1111171253e-14 -6.2542854800e+06 1.2924229582e+06 3.1946204821e-19 1.6056679912e-17 1.9623970641e+02 -2.7949157267e+02 -5.2998188746e+11 3.5758648564e+06 9.3514814066e+07 1.8800218824e+00 1.5471829595e+01 -4.4911490990e+07
1.5955504185e+05 1.8873479544e-13 5.1141363136e-14 -6.2539154743e+06 1.2919159990e+06 2.9385222068e-19 1.6061971186e-17 1.9731029993e+02 -2.6002574445e+02 -5.3006335233e+11 3.4320230113e+06 9.3711873093e+07 1.8797133015e+00 1.5072173328e+01 -4.1817764933e+07
1.5955692156e+05 1.8873532373e-13 5.1171560009e-14 -6.2535438997e+06 1.2914445741e+06 2.6824255596e-19 1.6067260737e-17 1.9797560069e+02 -2.4176078596e+02 -5.3013934160e+11 3.2847371500e+06 9.3898714441e+07 1.8797399457e+00 1.4717651452e+01 -3.9091032612e+07
1.5955880130e+05 1.8873580388e-13 5.1201767251e-14 -6.2531714402e+06 1.2910064010e+06 2.4262856109e-19 1.6072549636e-17 1.9824839994e+02 -2.2462913861e+02 -5.3021051195e+11 3.1340891663e+06 9.4075918746e+07 1.8798778584e+00 1.4404151543e+01 -3.6681718161e+07
1.5956068118e+05 1.8873623591e-13 5.1231986653e-14 -6.2527987988e+06 1.2905993833e+06 2.1700879314e-19 1.6077838311e-17 1.9814243075e+02 -2.0857105737e+02 -5.3027742224e+11 2.9801871740e+06 9.4243996403e+07 1.8798257121e+00 1.4127595447e+01 -3.4546453889e+07
1.5956256100e+05 1.8873661977e-13 5.1262215157e-14 -6.2524267112e+06 1.2902215954e+06 1.9138591637e-19 1.6083126335e-17 1.9767298089e+02 -1.9353406072e+02 -5.3034054435e+11 2.8231770302e+06 9.4403390957e+07 1.8792013619e+00 1.3883972152e+01 -3.2647402223e+07
1.5956444020e+05 1.8873695535e-13 5.1292443557e-14 -6.2520559573e+06 1.2898712667e+06 1.6576780711e-19 1.6088412199e-17 1.9685747844e+02 -1.7947220861e+02 -5.3040027274e+11 2.6632539108e+06 9.4554483877e+07 1.8775511390e+00 1.3669375436e+01 -3.0951664626e+07
1.5956631776e+05 1.8873724256e-13 5.1322655331e-14 -6.2516873694e+06 1.2895467626e+06 1.4016853259e-19 1.6093693107e-17 1.9571600189e+02 -1.6634515404e+02 -5.3045693324e+11 2.5006724927e+06 9.4697601427e+07 1.8743763577e+00 1.3480045842e+01 -2.9430762928e+07
1.5956819213e+05 1.8873748133e-13 5.1352825909e-14 -6.2513218318e+06 1.2892465629e+06 1.1460896886e-19 1.6098964857e-17 1.9427164582e+02 -1.5411693705e+02 -5.3051079179e+11 2.3357537516e+06 9.4833024162e+07 1.8691800413e+00 1.3312415862e+01 -2.8060177711e+07
1.5957006131e+05 1.8873767173e-13 5.1382922686e-14 -6.2509602697e+06 1.2889692362e+06 8.9116781520e-20 1.6104221839e-17 1.9255065846e+02 -1.4275453056e+02 -5.3056206324e+11 2.1688860162e+06 9.4960999314e+07 1.8615314538e+00 1.3163156172e+01 -2.6818927606e+07
1.5957192284e+05 1.8873781399e-13 5.1412906075e-14 -6.2506036253e+06 1.2887134126e+06 6.3725525766e-20 1.6109457226e-17 1.9058226903e+02 -1.3222621632e+02 -5.3061092077e+11 2.0005181266e+06 9.5081755713e+07 1.8511372735e+00 1.3029219645e+01 -2.5689174959e+07
1.5957377398e+05 1.8873790858e-13 5.1442731710e-14 -6.2502528200e+06 1.2884777577e+06 3.8472774384e-20 1.6114663357e-17 1.8839815506e+02 -1.2249995622e+02 -5.3065750573e+11 1.8311437267e+06 9.5195519938e+07 1.8379027139e+00 1.2907878923e+01 -2.4655848083e+07
1.5957561188e+05 1.8873795625e-13 5.1472353644e-14 -6.2499087090e+06 1.2882609507e+06 1.3397409979e-20 1.6119832298e-17 1.8603156237e+02 -1.1354198275e+02 -5.3070193736e+11 1.6612776125e+06 9.5302531628e+07 1.8219619544e+00 1.2796753006e+01 -2.3706276321e+07
1.5957743385e+05 1.8873795801e-13 5.1501728033e-14 -6.2495720344e+06 1.2880616718e+06 -1.1463500235e-20 1.6124956484e-17 1.8351617316e+02 -1.0531584547e+02 -5.3074432175e+11 1.4914274484e+06 9.5403055435e+07 1.8036675430e+00 1.2693819167e+01 -2.2829841881e+07
1.5957923751e+05 1.8873791514e-13 5.1530816668e-14 -6.2492433860e+06 1.2878786000e+06 -3.6077687282e-20 1.6130029334e-17 1.8088488445e+02 -9.7782065198e+01 -5.3078475898e+11 1.3220655694e+06 9.5497387631e+07 1.7835401327e+00 1.2597408355e+01 -2.2017656028e+07
1.5958102105e+05 1.8873782909e-13 5.1559589696e-14 -6.2489231776e+06 1.2877104219e+06 -6.0419979100e-20 1.6135045726e-17 1.7816868184e+02 -9.0898413490e+01 -5.3082334809e+11 1.1536056804e+06 9.5585856560e+07 1.7621935813e+00 1.2506184822e+01 -2.1262268321e+07
1.5958278325e+05 1.8873770142e-13 5.1588027138e-14 -6.2486116416e+06 1.2875558469e+06 -8.4473577937e-20 1.6140002254e-17 1.7539576111e+02 -8.4620692633e+01 -5.3086018954e+11 9.8638776198e+05 9.5668817572e+07 1.7402576947e+00 1.2419113179e+01 -2.0557414643e+07
1.5958452350e+05 1.8873753374e-13 5.1616119160e-14 -6.2483088402e+06 1.2874136271e+06 -1.0823028338e-19 1.6144897280e-17 1.7259097564e+02 -7.8903796571e+01 -5.3089538579e+11 8.2067204058e+05 9.5746644286e+07 1.7183150722e+00 1.2335417454e+01 -1.9897804751e+07
1.5958624182e+05 1.8873732762e-13 5.1643865333e-14 -6.2480146881e+06 1.2872825752e+06 -1.3168985266e-19 1.6149730800e-17 1.6977561067e+02 -7.3702826821e+01 -5.3092904037e+11 6.5664089065e+05 9.5819718312e+07 1.6968617668e+00 1.2254537047e+01 -1.9278946665e+07
1.5958793868e+05 1.8873708450e-13 5.1671273244e-14 -6.2477289821e+06 1.2871615792e+06 -1.5485882295e-19 1.6154504201e-17 1.6696742694e+02 -6.8974085229e+01 -5.3096125639e+11 4.9440623835e+05 9.5888419365e+07 1.6762902110e+00 1.2176083658e+01 -1.8697002716e+07
1.5958961497e+05 1.8873680573e-13 5.1698356833e-14 -6.2474514310e+06 1.2870496113e+06 -1.7774909930e-19 1.6159219970e-17 1.6418089309e+02 -6.4675847605e+01 -5.3099213484e+11 3.3401997020e+05 9.5953116956e+07 1.6568901288e+00 1.2099802044e+01 -1.8148672170e+07
1.5959127186e+05 1.8873649247e-13 5.1725134747e-14 -6.2471816833e+06 1.2869457326e+06 -2.0037655401e-19 1.6163881407e-17 1.6142752623e+02 -6.0768889143e+01 -5.3102177315e+11 1.7548519247e+05 9.6014164204e+07 1.6388599755e+00 1.2025536141e+01 -1.7631095454e+07
1.5959291072e+05 1.8873614574e-13 5.1751628864e-14 -6.2469193502e+06 1.2868490925e+06 -2.2275978114e-19 1.6168492368e-17 1.5871627658e+02 -5.7216782196e+01 -5.3105026409e+11 1.8766937928e+04 9.6071893773e+07 1.6223226806e+00 1.1953201012e+01 -1.7141776092e+07
1.5959291072e+05 1.8873614574e-13 5.1751628864e-14 -6.2469193502e+06 1.2868490925e+06 -2.2275978114e-19 1.6168492368e-17 1.5871627658e+02 -5.7216782196e+01 -5.3105026409e+11 1.8766937928e+04 9.6071893773e+07 1.6223226806e+00 1.1953201012e+01 -1.7141776092e+07
