0.0000000000e+00 0.0000000000e+00 0.0000000000e+00 3.1415900000e+08 0.0000000000e+00 0.0000000000e+00 0.0000000000e+00 -1.1785063480e+03 2.2610348700e+02 -4.6638893082e+09 -1.0017303958e+07 1.9218796395e+06 1.0000000000e+01 0.0000000000e+00 -0.0000000000e+00
1.0000000000e+01 2.8740014443e-22 6.8950442615e-28 3.1414721473e+08 2.2610348695e+03 5.7480747670e-23 2.0685520786e-28 -1.1785467333e+03 2.2610348685e+02 -4.6638893082e+09 -1.0017303958e+07 1.9218796395e+06 5.0000000000e+01 0.0000000000e+00 -0.0000000000e+00
6.0000000000e+01 1.0347699246e-20 1.4897487138e-25 3.1408828235e+08 1.3566209115e+04 3.4494919380e-22 7.4495821048e-27 -1.1787487052e+03 2.2610348177e+02 -4.6638893082e+09 -1.0017303958e+07 1.9218796395e+06 2.5000000000e+02 0.0000000000e+00 -0.0000000000e+00
3.1000000000e+02 2.7639898961e-19 2.0575758992e-23 3.1379346884e+08 7.0092066514e+04 1.7839115422e-21 1.9923621320e-25 -1.1797597033e+03 2.2610334702e+02 -4.6638893082e+09 -1.0017303958e+07 1.9218796395e+06 1.2500000000e+03 0.0000000000e+00 -0.0000000000e+00
1.5600000000e+03 7.0214360952e-18 2.6406685294e-21 3.1231559692e+08 3.5271958442e+05 9.0195316302e-21 5.0931885390e-24 -1.1848433648e+03 2.2609990859e+02 -4.6638893082e+09 -1.0017303958e+07 1.9218796395e+06 3.6000000000e+03 0.0000000000e+00 -0.0000000000e+00
5.1600000000e+03 7.7526392569e-17 9.7553018269e-20 3.0802343811e+08 1.1666254533e+06 3.0247739959e-20 5.7280799487e-23 -1.1997580542e+03 2.2606324218e+02 -4.6638893082e+09 -1.0017303958e+07 1.9218796395e+06 3.6000000000e+03 0.0000000000e+00 -0.0000000000e+00
8.7600000000e+03 2.2552888132e-16 4.8744765365e-19 3.0367683045e+08 1.9803240711e+06 5.2079131914e-20 1.6980627668e-22 -1.2150965334e+03 2.2598418311e+02 -4.6638893080e+09 -1.0017303958e+07 1.9218796395e+06 3.6000000000e+03 0.0000000000e+00 -0.0000000000e+00
1.2360000000e+04 4.5326040827e-16 1.3988585522e-18 2.9927420611e+08 2.7936562778e+06 7.4547507045e-20 3.4793439063e-22 -1.2308825494e+03 2.2585903239e+02 -4.6638893079e+09 -1.0017303958e+07 1.9218796395e+06 3.6000000000e+03 0.0000000000e+00 -0.0000000000e+00
1.5960000000e+04 7.6307909230e-16 3.0782667439e-18 2.9481390829e+08 3.6064488985e+06 9.7689454429e-20 5.9749360476e-22 -1.2471418094e+03 2.2568369502e+02 -4.6638893078e+09 -1.0017303958e+07 1.9218796395e+06 3.6000000000e+03 0.0000000000e+00 -0.0000000000e+00
1.9560000000e+04 1.1574802501e-15 5.7942605700e-18 2.9029418383e+08 4.4185132264e+06 1.2154466069e-19 9.2495066135e-22 -1.2639021967e+03 2.2545362755e+02 -4.6638893076e+09 -1.0017303958e+07 1.9218796395e+06 3.6000000000e+03 0.0000000000e+00 -0.0000000000e+00
2.3160000000e+04 1.6391081650e-15 9.8399853835e-18 2.8571317487e+08 5.2296433010e+06 1.4615626102e-19 1.3374971406e-21 -1.2811940175e+03 2.2516377724e+02 -4.6638893074e+09 -1.0017303958e+07 1.9218796395e+06 3.6000000000e+03 0.0000000000e+00 -0.0000000000e+00
2.6760000000e+04 2.2107692086e-15 1.5535929772e-17 2.8106890969e+08 6.0396139506e+06 1.7157124058e-19 1.8431502788e-21 -1.2990502831e+03 2.2480851130e+02 -4.6638893072e+09 -1.0017303958e+07 1.9218796395e+06 3.6000000000e+03 0.0000000000e+00 -0.0000000000e+00
3.0360000000e+04 2.8754465095e-15 2.3233104498e-17 2.7635929239e+08 6.8481785594e+06 1.9784089500e-19 2.4508708422e-21 -1.3175070333e+03 2.2438153398e+02 -4.6638893070e+09 -1.0017303958e+07 1.9218796395e+06 3.6000000000e+03 0.0000000000e+00 -0.0000000000e+00
3.3960000000e+04 3.6363164037e-15 3.3316681541e-17 2.7158209130e+08 7.6550665100e+06 2.2502136078e-19 3.1707014974e-21 -1.3366037088e+03 2.2387578943e+02 -4.6638893067e+09 -1.0017303958e+07 1.9218796395e+06 3.6000000000e+03 0.0000000000e+00 -0.0000000000e+00
3.7560000000e+04 4.4967669378e-15 4.6210174388e-17 2.6673492602e+08 8.4599802468e+06 2.5317422837e-19 4.0139299278e-21 -1.3563835823e+03 2.2328334706e+02 -4.6638893063e+09 -1.0017303958e+07 1.9218796395e+06 3.6000000000e+03 0.0000000000e+00 -0.0000000000e+00
4.1160000000e+04 5.4604187522e-15 6.2380257858e-17 2.6181525274e+08 9.2625918896e+06 2.8236725391e-19 4.9932819883e-21 -1.3768942586e+03 2.2259526582e+02 -4.6638893059e+09 -1.0017303958e+07 1.9218796395e+06 3.6000000000e+03 0.0000000000e+00 -0.0000000000e+00
4.4760000000e+04 6.5311487323e-15 8.2342347020e-17 2.5682034760e+08 1.0062539314e+07 3.1267518885e-19 6.1231515094e-21 -1.3981882572e+03 2.2180143279e+02 -4.6638893054e+09 -1.0017303958e+07 1.9218796395e+06 3.6000000000e+03 0.0000000000e+00 -0.0000000000e+00
4.8360000000e+04 7.7131168939e-15 1.0666708159e-16 2.5174728782e+08 1.0859421595e+07 3.4418075160e-19 7.4198750835e-21 -1.4203236949e+03 2.2089037006e+02 -4.6638893048e+09 -1.0017303958e+07 1.9218796395e+06 3.6000000000e+03 0.0000000000e+00 -0.0000000000e+00
5.1960000000e+04 9.0107970653e-15 1.3598789595e-16 2.4659293015e+08 1.1652793689e+07 3.7697577097e-19 8.9020623894e-21 -1.4433650897e+03 2.1984900270e+02 -4.6638893041e+09 -1.0017303958e+07 1.9218796395e+06 3.6000000000e+03 0.0000000000e+00 -0.0000000000e+00
5.5560000000e+04 1.0429012051e-14 1.7100989803e-16 2.4135388613e+08 1.2442160195e+07 4.1116253865e-19 1.0590995538e-20 -1.4673843105e+03 2.1866237813e+02 -4.6638893032e+09 -1.0017303958e+07 1.9218796395e+06 3.6000000000e+03 0.0000000000e+00 -0.0000000000e+00
5.9160000000e+04 1.1972974107e-14 2.1252033533e-16 2.3602649370e+08 1.3226968004e+07 4.4685541786e-19 1.2511114783e-20 -1.4924617075e+03 2.1731332494e+02 -4.6638893021e+09 -1.0017303958e+07 1.9218796395e+06 3.6000000000e+03 0.0000000000e+00 -0.0000000000e+00
6.2760000000e+04 1.3648331760e-14 2.6140099792e-16 2.3060678427e+08 1.4006597578e+07 4.8418276778e-19 1.4690613094e-20 -1.5186874644e+03 2.1578203507e+02 -4.6638893008e+09 -1.0017303958e+07 1.9218796395e+06 3.6000000000e+03 0.0000000000e+00 -0.0000000000e+00
6.6360000000e+04 1.5461224228e-14 3.1864300059e-16 2.2509044450e+08 1.4780352574e+07 5.2328926042e-19 1.7162169036e-20 -1.5461632260e+03 2.1404554894e+02 -4.6638892992e+09 -1.0017303958e+07 1.9218796395e+06 3.6000000000e+03 0.0000000000e+00 -0.0000000000e+00
6.9960000000e+04 1.7418345040e-14 3.8536450906e-16 2.1947277159e+08 1.5547447380e+07 5.6433868850e-19 1.9963856841e-20 -1.5750040713e+03 2.1207711605e+02 -4.6638892972e+09 -1.0017303958e+07 1.9218796395e+06 3.6000000000e+03 0.0000000000e+00 -0.0000000000e+00
7.3560000000e+04 1.9527016828e-14 4.6283213674e-16 2.1374862075e+08 1.6306992090e+07 6.0751739322e-19 2.3140285544e-20 -1.6053409212e+03 2.0984539462e+02 -4.6638892947e+09 -1.0017303958e+07 1.9218796395e+06 3.6000000000e+03 0.0000000000e+00 -0.0000000000e+00
7.7160000000e+04 2.1795279829e-14 5.5248695639e-16 2.0791234300e+08 1.7057974221e+07 6.5303848142e-19 2.6744037158e-20 -1.6373235022e+03 2.0731344113e+02 -4.6638892914e+09 -1.0017303958e+07 1.9218796395e+06 3.6000000000e+03 0.0000000000e+00 -0.0000000000e+00
8.0760000000e+04 2.4231997313e-14 6.5597636581e-16 2.0195771111e+08 1.7799236333e+07 7.0114705768e-19 3.0837499342e-20 -1.6711240219e+03 2.0443742276e+02 -4.6638892873e+09 -1.0017303958e+07 1.9218796395e+06 3.6000000000e+03 0.0000000000e+00 -0.0000000000e+00
8.4360000000e+04 2.6846982111e-14 7.7519345240e-16 1.9587783070e+08 1.8529448364e+07 7.5212677523e-19 3.5495224470e-20 -1.7069417717e+03 2.0116495988e+02 -4.6638892818e+09 -1.0017303958e+07 1.9218796395e+06 3.6000000000e+03 0.0000000000e+00 -0.0000000000e+00
8.7960000000e+04 2.9651149715e-14 9.1232606485e-16 1.8966503268e+08 1.9247073157e+07 8.0630811984e-19 4.0806999885e-20 -1.7450089470e+03 1.9743296896e+02 -4.6638892747e+09 -1.0017303958e+07 1.9218796395e+06 3.6000000000e+03 0.0000000000e+00 -0.0000000000e+00
9.1560000000e+04 3.2656705130e-14 1.0699185972e-15 1.8331074195e+08 1.9950323051e+07 8.6407899946e-19 4.6881892064e-20 -1.7855980874e+03 1.9316482119e+02 -4.6638892651e+09 -1.0017303958e+07 1.9218796395e+06 3.6000000000e+03 0.0000000000e+00 -0.0000000000e+00
9.5160000000e+04 3.5877373176e-14 1.2509506321e-15 1.7680531562e+08 2.0637104626e+07 9.2589844347e-19 5.3853644488e-20 -1.8290317015e+03 1.8826654996e+02 -4.6638892522e+09 -1.0017303958e+07 1.9218796395e+06 3.6000000000e+03 0.0000000000e+00 -0.0000000000e+00
9.8760000000e+04 3.9328685351e-14 1.4589382557e-15 1.7013784143e+08 2.1304947522e+07 9.9231455862e-19 6.1887988088e-20 -1.8756948826e+03 1.8262171466e+02 -4.6638892343e+09 -1.0017303958e+07 1.9218796395e+06 3.6000000000e+03 0.0000000000e+00 -0.0000000000e+00
1.0236000000e+05 4.3028341401e-14 1.6980663367e-15 1.6329588377e+08 2.1950911498e+07 1.0639884087e-18 7.1192703324e-20 -1.9260520864e+03 1.7608433121e+02 -4.6638892091e+09 -1.0017303958e+07 1.9218796395e+06 3.6000000000e+03 0.0000000000e+00 -0.0000000000e+00
1.0596000000e+05 4.6996671065e-14 1.9733638223e-15 1.5626515918e+08 2.2571463277e+07 1.1417262902e-18 8.2031721616e-20 -1.9806698074e+03 1.6846896447e+02 -4.6638891727e+09 -1.0017303958e+07 1.9218796395e+06 3.6000000000e+03 0.0000000000e+00 -0.0000000000e+00
1.0956000000e+05 5.1257232496e-14 2.2909399581e-15 1.4902911599e+08 2.3162310573e+07 1.2265241547e-18 9.4745292015e-20 -2.0402477894e+03 1.5953655948e+02 -4.6638891191e+09 -1.0017303958e+07 1.9218796395e+06 3.6000000000e+03 0.0000000000e+00 -0.0000000000e+00
1.1316000000e+05 5.5837600800e-14 2.6583086807e-15 1.4156838025e+08 2.3718174184e+07 1.3196300127e-18 1.0977949011e-19 -2.1056628698e+03 1.4897370878e+02 -4.6638890377e+09 -1.0017303958e+07 1.9218796395e+06 3.3297350936e+03 0.0000000000e+00 -0.0000000000e+00
1.1615398087e+05 5.9913789102e-14 3.0084289422e-15 1.3517607285e+08 2.4149133321e+07 1.4045202185e-18 1.2447304035e-19 -2.1653057298e+03 1.3865019324e+02 -4.6638889889e+09 -1.0017303958e+07 1.9218796395e+06 3.0133572728e+03 0.0000000000e+00 -0.0000000000e+00
1.1916733814e+05 6.4284802375e-14 3.4088518186e-15 1.2855378967e+08 2.4549131506e+07 1.4980345622e-18 1.4175448293e-19 -2.2310078074e+03 1.2650845500e+02 -4.6638889136e+09 -1.0017303958e+07 1.9218796395e+06 2.7212844559e+03 0.0000000000e+00 -0.0000000000e+00
1.2161290782e+05 6.8048290861e-14 3.7749700854e-15 1.2302748754e+08 2.4844852952e+07 1.5808940200e-18 1.5803214219e-19 -2.2892238877e+03 1.1507196310e+02 -4.6638888744e+09 -1.0017303958e+07 1.9218796395e+06 2.4621548533e+03 0.0000000000e+00 -0.0000000000e+00
1.2407506267e+05 7.2050839370e-14 4.1867532112e-15 1.1731367893e+08 2.5112240770e+07 1.6716921493e-18 1.7691777021e-19 -2.3530175852e+03 1.0180314304e+02 -4.6638888153e+09 -1.0017303958e+07 1.9218796395e+06 2.2223339736e+03 0.0000000000e+00 -0.0000000000e+00
1.2606900170e+05 7.5462652309e-14 4.5566117728e-15 1.1256670949e+08 2.5303219063e+07 1.7515009146e-18 1.9442912302e-19 -2.4090902847e+03 8.9499872568e+01 -4.6638887858e+09 -1.0017303958e+07 1.9218796395e+06 2.0088272146e+03 0.0000000000e+00 -0.0000000000e+00
1.2787561477e+05 7.8696444883e-14 4.9237365423e-15 1.0816557990e+08 2.5453763034e+07 1.8293953197e-18 2.1234850877e-19 -2.4638179773e+03 7.6909922956e+01 -4.6638887606e+09 -1.0017303958e+07 1.9218796395e+06 1.8205972435e+03 0.0000000000e+00 -0.0000000000e+00
1.2950680157e+05 8.1741411309e-14 5.2846504660e-15 1.0410385832e+08 2.5569006181e+07 1.9049166750e-18 2.3050840169e-19 -2.5168783931e+03 6.4150995835e+01 -4.6638887400e+09 -1.0017303958e+07 1.9218796395e+06 1.6453776687e+03 0.0000000000e+00 -0.0000000000e+00
1.3097192530e+05 8.4584938463e-14 5.6354633812e-15 1.0037937198e+08 2.5653798737e+07 1.9775000834e-18 2.4869661713e-19 -2.5678746419e+03 5.1372169650e+01 -4.6638887237e+09 -1.0017303958e+07 1.9218796395e+06 1.4801978335e+03 0.0000000000e+00 -0.0000000000e+00
1.3227620292e+05 8.7208596355e-14 5.9713325101e-15 9.6998921348e+07 2.5712722758e+07 2.0463650255e-18 2.6662353771e-19 -2.6162583401e+03 3.8776926150e+01 -4.6638887116e+09 -1.0017303958e+07 1.9218796395e+06 1.3214617679e+03 0.0000000000e+00 -0.0000000000e+00
1.3341833796e+05 8.9582008596e-14 6.2855517980e-15 9.3985376443e+07 2.5750196697e+07 2.1103338526e-18 2.8386484793e-19 -2.6612020854e+03 2.6663384433e+01 -4.6638887035e+09 -1.0017303958e+07 1.9218796395e+06 1.1641930920e+03 0.0000000000e+00 -0.0000000000e+00
1.3438321545e+05 9.1645486543e-14 6.5669885927e-15 9.1398486860e+07 2.5770624682e+07 2.1673188568e-18 2.9970473198e-19 -2.7012390789e+03 1.5534468247e+01 -4.6638886991e+09 -1.0017303958e+07 1.9218796395e+06 1.0004928933e+03 0.0000000000e+00 -0.0000000000e+00
1.3510238773e+05 9.3220020109e-14 6.7870320948e-15 8.9444689004e+07 2.5778632066e+07 2.2117024659e-18 3.1235764146e-19 -2.7324224805e+03 6.6446829066e+00 -4.6638886979e+09 -1.0017303958e+07 1.9218796395e+06 8.2357318665e+02 0.0000000000e+00 -0.0000000000e+00
1.3583703214e+05 9.4862039649e-14 7.0215005007e-15 8.7425242299e+07 2.5780002984e+07 2.2588573047e-18 3.2610521226e-19 -2.7655529155e+03 -3.0141986029e+00 -4.6638886963e+09 -1.0017303958e+07 1.9218796395e+06 6.9846106350e+02 0.0000000000e+00 -0.0000000000e+00
1.3653549320e+05 9.6455950368e-14 7.2540811309e-15 8.5482238582e+07 2.5774519052e+07 2.3055144657e-18 3.4001822629e-19 -2.7983336879e+03 -1.2789318579e+01 -4.6638886948e+09 -1.0017303958e+07 1.9218796395e+06 8.6193869195e+02 0.0000000000e+00 -0.0000000000e+00
1.3739743189e+05 9.8468899225e-14 7.5549896431e-15 8.3052164177e+07 2.5757991615e+07 2.3657390409e-18 3.5843643507e-19 -2.8406467659e+03 -2.5729735377e+01 -4.6638886895e+09 -1.0017303958e+07 1.9218796395e+06 9.4435003059e+02 0.0000000000e+00 -0.0000000000e+00
1.3834178192e+05 1.0073555341e-13 7.9036883147e-15 8.0346717107e+07 2.5726520865e+07 2.4353828805e-18 3.8038544511e-19 -2.8895777083e+03 -4.1150851615e+01 -4.6638886789e+09 -1.0017303958e+07 1.9218796395e+06 9.8460733076e+02 0.0000000000e+00 -0.0000000000e+00
1.3932638925e+05 1.0317101756e-13 8.2903873448e-15 7.7475222661e+07 2.5677453827e+07 2.5125020650e-18 4.0551099757e-19 -2.9437607400e+03 -5.8803769173e+01 -4.6638886619e+09 -1.0017303958e+07 1.9218796395e+06 9.9941673629e+02 0.0000000000e+00 -0.0000000000e+00
1.4032580599e+05 1.0572332883e-13 8.7095091620e-15 7.4504179820e+07 2.5608955378e+07 2.5960326728e-18 4.3370801233e-19 -3.0024483623e+03 -7.8614660017e+01 -4.6638886375e+09 -1.0017303958e+07 1.9218796395e+06 9.9728689810e+02 0.0000000000e+00 -0.0000000000e+00
1.4132309289e+05 1.0835631579e-13 9.1573568564e-15 7.1478965215e+07 2.5519792902e+07 2.6853156055e-18 4.6498930148e-19 -3.0651775004e+03 -1.0059252576e+02 -4.6638886047e+09 -1.0017303958e+07 1.9218796395e+06 9.8332705911e+02 0.0000000000e+00 -0.0000000000e+00
1.4230641995e+05 1.1104279956e-13 9.6312117913e-15 6.8432616145e+07 2.5409201677e+07 2.7799102192e-18 4.9943569175e-19 -3.1316385632e+03 -1.2479415431e+02 -4.6638885626e+09 -1.0017303958e+07 1.9218796395e+06 9.6093653627e+02 0.0000000000e+00 -0.0000000000e+00
1.4326735648e+05 1.1376136532e-13 1.0128919031e-14 6.5390114015e+07 2.5276789527e+07 2.8795067525e-18 5.3717369811e-19 -3.2016139158e+03 -1.5130843360e+02 -4.6638885104e+09 -1.0017303958e+07 1.9218796395e+06 9.3252799923e+02 0.0000000000e+00 -0.0000000000e+00
1.4419988448e+05 1.1649461930e-13 1.0648673215e-14 6.2370771763e+07 2.5122464185e+07 2.9838794675e-18 5.7836443925e-19 -3.2749449574e+03 -1.8024856373e+02 -4.6638884471e+09 -1.0017303958e+07 1.9218796395e+06 8.9988652943e+02 0.0000000000e+00 -0.0000000000e+00
1.4509977101e+05 1.1922815521e-13 1.1188898999e-14 5.9389699604e+07 2.4946375387e+07 3.0928590658e-18 6.2319785058e-19 -3.3515127411e+03 -2.1174799107e+02 -4.6638883718e+09 -1.0017303958e+07 1.9218796395e+06 8.6436871051e+02 0.0000000000e+00 -0.0000000000e+00
1.4596413972e+05 1.2194989525e-13 1.1748180779e-14 5.6458773061e+07 2.4748867367e+07 3.2063151873e-18 6.7188968295e-19 -3.4312256772e+03 -2.4595829966e+02 -4.6638882836e+09 -1.0017303958e+07 1.9218796395e+06 8.2702292397e+02 0.0000000000e+00 -0.0000000000e+00
1.4679116265e+05 1.2464964392e-13 1.2325220013e-14 5.3587309638e+07 2.4530439157e+07 3.3241445783e-18 7.2468010477e-19 -3.5140112212e+03 -2.8304822896e+02 -4.6638881815e+09 -1.0017303958e+07 1.9218796395e+06 7.8866720334e+02 0.0000000000e+00 -0.0000000000e+00
1.4757982985e+05 1.2731877031e-13 1.2918808890e-14 5.0782563530e+07 2.4291711000e+07 3.4462626248e-18 7.8183330540e-19 -3.5998099239e+03 -3.2320339533e+02 -4.6638880646e+09 -1.0017303958e+07 1.9218796395e+06 7.4994249506e+02 0.0000000000e+00 -0.0000000000e+00
1.4832977235e+05 1.2994997157e-13 1.3527814089e-14 4.8050100493e+07 2.4033395725e+07 3.5725969544e-18 8.4363777546e-19 -3.6885709376e+03 -3.6662648889e+02 -4.6638879318e+09 -1.0017303958e+07 1.9218796395e+06 7.1135077362e+02 0.0000000000e+00 -0.0000000000e+00
1.4904112312e+05 1.3253708990e-13 1.4151166952e-14 4.5394090189e+07 2.3756274228e+07 3.7030823370e-18 9.1040708280e-19 -3.7802484323e+03 -4.1353781870e+02 -4.6638877820e+09 -1.0017303958e+07 1.9218796395e+06 6.7328332984e+02 0.0000000000e+00 -0.0000000000e+00
1.4971440645e+05 1.3507496624e-13 1.4787857861e-14 4.2817539450e+07 2.3461174394e+07 3.8376563987e-18 9.8248104266e-19 -3.8747985848e+03 -4.6417613497e+02 -4.6638876142e+09 -1.0017303958e+07 1.9218796395e+06 6.3604238162e+02 0.0000000000e+00 -0.0000000000e+00
1.5035044883e+05 1.3755931981e-13 1.5436933403e-14 4.0322481876e+07 2.3148952954e+07 3.9762558246e-18 1.0602272268e-18 -3.9721769108e+03 -5.1879968927e+02 -4.6638874273e+09 -1.0017303958e+07 1.9218796395e+06 5.9985797261e+02 0.0000000000e+00 -0.0000000000e+00
1.5095030680e+05 1.3998664660e-13 1.6097495421e-14 3.7910134199e+07 2.2820479832e+07 4.1188128251e-18 1.1440427858e-18 -4.0723357823e+03 -5.7768751500e+02 -4.6638872201e+09 -1.0017303958e+07 1.9218796395e+06 5.6490142610e+02 0.0000000000e+00 -0.0000000000e+00
1.5151520823e+05 1.4235413220e-13 1.6768701372e-14 3.5581026750e+07 2.2476624609e+07 4.2652516934e-18 1.2343565799e-18 -4.1752220084e+03 -6.4114092417e+02 -4.6638869913e+09 -1.0017303958e+07 1.9218796395e+06 5.3129621214e+02 0.0000000000e+00 -0.0000000000e+00
1.5204650444e+05 1.4465957575e-13 1.7449765621e-14 3.3335113279e+07 2.2118244807e+07 4.4154853164e-18 1.3316316265e-18 -4.2807743844e+03 -7.0948522752e+02 -4.6638867398e+09 -1.0017303958e+07 1.9218796395e+06 4.9912681572e+02 0.0000000000e+00 -0.0000000000e+00
1.5254563126e+05 1.4690132278e-13 1.8139961416e-14 3.1171864068e+07 2.1746175675e+07 4.5694115178e-18 1.4363678893e-18 -4.3889211226e+03 -7.8307169356e+02 -4.6638864643e+09 -1.0017303958e+07 1.9218796395e+06 4.6844603950e+02 0.0000000000e+00 -0.0000000000e+00
1.5301407730e+05 1.4907820550e-13 1.8838623431e-14 2.9090345252e+07 2.1361221245e+07 4.7269091191e-18 1.5491054409e-18 -4.4995770844e+03 -8.6227977104e+02 -4.6638861635e+09 -1.0017303958e+07 1.9218796395e+06 4.3928105124e+02 0.0000000000e+00 -0.0000000000e+00
1.5345335835e+05 1.5118948922e-13 1.9545150800e-14 2.7089286636e+07 2.0964146405e+07 4.8878336005e-18 1.6704280486e-18 -4.6126407318e+03 -9.4751960786e+02 -4.6638858361e+09 -1.0017303958e+07 1.9218796395e+06 4.1163841765e+02 0.0000000000e+00 -0.0000000000e+00
1.5386499677e+05 1.5323482428e-13 2.0259010646e-14 2.5167139799e+07 2.0555669757e+07 5.0520122349e-18 1.8009672427e-18 -4.7279907088e+03 -1.0392349099e+03 -4.6638854809e+09 -1.0017303958e+07 1.9218796395e+06 3.8550830543e+02 0.0000000000e+00 -0.0000000000e+00
1.5425050507e+05 1.5521420261e-13 2.0979742167e-14 2.3322127887e+07 2.0136457042e+07 5.2192385502e-18 1.9414069471e-18 -4.8454819505e+03 -1.1379061940e+03 -4.6638850966e+09 -1.0017303958e+07 1.9218796395e+06 3.6086800040e+02 0.0000000000e+00 -0.0000000000e+00
1.5461137307e+05 1.5712791868e-13 2.1706961370e-14 2.1552288260e+07 1.9707114899e+07 5.3892659473e-18 2.0924887707e-18 -4.9649411995e+03 -1.2440545058e+03 -4.6638846819e+09 -1.0017303958e+07 1.9218796395e+06 3.3768485894e+02 0.0000000000e+00 -0.0000000000e+00
1.5494905793e+05 1.5897653433e-13 2.2440366622e-14 1.9855508905e+07 1.9268184721e+07 5.5618002669e-18 2.2550180846e-18 -5.0861617826e+03 -1.3582456896e+03 -4.6638842357e+09 -1.0017303958e+07 1.9218796395e+06 3.1591879067e+02 0.0000000000e+00 -0.0000000000e+00
1.5526497672e+05 1.6076084719e-13 2.3179745237e-14 1.8229559382e+07 1.8820136345e+07 5.7364910418e-18 2.4298710466e-18 -5.2088974658e+03 -1.4810953236e+03 -4.6638837568e+09 -1.0017303958e+07 1.9218796395e+06 2.9552435261e+02 0.0000000000e+00 -0.0000000000e+00
1.5556050107e+05 1.6248186255e-13 2.3924981395e-14 1.6672116908e+07 1.8363361274e+07 5.9129211085e-18 2.6180027772e-18 -5.3328551550e+03 -1.6132744642e+03 -4.6638832443e+09 -1.0017303958e+07 1.9218796395e+06 2.7645252478e+02 0.0000000000e+00 -0.0000000000e+00
1.5583695360e+05 1.6414076848e-13 2.4676065805e-14 1.5180788061e+07 1.7898165084e+07 6.0905941489e-18 2.8204569534e-18 -5.4576861430e+03 -1.7555163866e+03 -4.6638826976e+09 -1.0017303958e+07 1.9218796395e+06 2.5865222832e+02 0.0000000000e+00 -0.0000000000e+00
1.5609560583e+05 1.6573891406e-13 2.5433107627e-14 1.3753126489e+07 1.7424758577e+07 6.2689196071e-18 3.0383771687e-18 -5.5829755120e+03 -1.9086245661e+03 -4.6638821160e+09 -1.0017303958e+07 1.9218796395e+06 2.4207164164e+02 0.0000000000e+00 -0.0000000000e+00
1.5633767747e+05 1.6727779074e-13 2.6196349405e-14 1.2386646872e+07 1.6943247125e+07 6.4471942365e-18 3.2730205196e-18 -5.7082291692e+03 -2.0734822239e+03 -4.6638814996e+09 -1.0017303958e+07 1.9218796395e+06 2.2665936843e+02 0.0000000000e+00 -0.0000000000e+00
1.5656433684e+05 1.6875901690e-13 2.6966185971e-14 1.1078835293e+07 1.6453617485e+07 6.6245792734e-18 3.5257740384e-18 -5.8328578093e+03 -2.2510638727e+03 -4.6638808486e+09 -1.0017303958e+07 1.9218796395e+06 2.1236551115e+02 0.0000000000e+00 -0.0000000000e+00
1.5677670235e+05 1.7018432566e-13 2.7743188694e-14 9.8271560250e+06 1.5955721095e+07 6.8000718532e-18 3.7981748119e-18 -5.9561568312e+03 -2.4424494514e+03 -4.6638801643e+09 -1.0017303958e+07 1.9218796395e+06 1.9914270988e+02 0.0000000000e+00 -0.0000000000e+00
1.5697584506e+05 1.7155555626e-13 2.8528136995e-14 8.6290545913e+06 1.5449252515e+07 6.9724687288e-18 4.0919349464e-18 -6.0772808478e+03 -2.6488418659e+03 -4.6638794485e+09 -1.0017303958e+07 1.9218796395e+06 1.8694721784e+02 0.0000000000e+00 -0.0000000000e+00
1.5716279228e+05 1.7287464944e-13 2.9322059847e-14 7.4819567591e+06 1.4933721078e+07 7.1403195151e-18 4.4089730020e-18 -6.1952108356e+03 -2.8715890739e+03 -4.6638787046e+09 -1.0017303958e+07 1.9218796395e+06 1.7574010343e+02 0.0000000000e+00 -0.0000000000e+00
1.5733853238e+05 1.7414364747e-13 3.0126291244e-14 6.3832628444e+06 1.4408413010e+07 7.3018654012e-18 4.7514542024e-18 -6.3087110746e+03 -3.1122123362e+03 -4.6638779373e+09 -1.0017303958e+07 1.9218796395e+06 1.6548870397e+02 0.0000000000e+00 -0.0000000000e+00
1.5750402108e+05 1.7536469979e-13 3.0942545535e-14 5.3303363575e+06 1.3872339921e+07 7.4549572453e-18 5.1218427408e-18 -6.4162716032e+03 -3.3724429657e+03 -4.6638771537e+09 -1.0017303958e+07 1.9218796395e+06 1.5616850971e+02 0.0000000000e+00 -0.0000000000e+00
1.5766018959e+05 1.7654007566e-13 3.1773021498e-14 4.3204855236e+06 1.3324167524e+07 7.5969437003e-18 5.5229710187e-18 -6.5160296160e+03 -3.6542709746e+03 -4.6638763638e+09 -1.0017303958e+07 1.9218796395e+06 1.4776574030e+02 0.0000000000e+00 -0.0000000000e+00
1.5780795533e+05 1.7767218548e-13 3.2620548831e-14 3.3509356150e+06 1.2762115140e+07 7.7245145638e-18 5.9581329052e-18 -6.6056594039e+03 -3.9600105965e+03 -4.6638755820e+09 -1.0017303958e+07 1.9218796395e+06 1.4028099441e+02 0.0000000000e+00 -0.0000000000e+00
1.5794823633e+05 1.7876361295e-13 3.3488798283e-14 2.4187894735e+06 1.2183811311e+07 7.8334751969e-18 6.4312112837e-18 -6.6822138628e+03 -4.2923898996e+03 -4.6638748277e+09 -1.0017303958e+07 1.9218796395e+06 1.3105537595e+02 0.0000000000e+00 -0.0000000000e+00
1.5805788556e+05 1.7962660213e-13 3.4216456949e-14 1.6832411163e+06 1.1697358967e+07 7.9049261236e-18 6.8488379896e-18 -6.7324144433e+03 -4.5858095099e+03 -4.6638745674e+09 -1.0017303958e+07 1.9218796395e+06 1.1231490087e+02 0.0000000000e+00 -0.0000000000e+00
1.5815082967e+05 1.8036359898e-13 3.4870937149e-14 1.0559005672e+06 1.1258543867e+07 7.9514567336e-18 7.2406107878e-18 -6.7651063025e+03 -4.8610644689e+03 -4.6638744424e+09 -1.0017303958e+07 1.9218796395e+06 9.5954451065e+01 4.6879578423e-292 -3.3194929793e-284
1.5822568716e+05 1.8095983310e-13 3.5425648788e-14 5.4877346767e+05 1.0885735534e+07 7.9762214849e-18 7.5842523227e-18 -6.7825057254e+03 -5.1025029684e+03 -4.6638743981e+09 -1.0017303958e+07 1.9218796395e+06 7.9970889016e+01 1.5516827500e-267 -1.1194441768e-259
1.5825668601e+05 1.8120718900e-13 3.5663067802e-14 3.3845177936e+05 1.0725936676e+07 7.9823773941e-18 7.7344708123e-18 -6.7868307948e+03 -5.2080447119e+03 -4.6638743975e+09 -1.0017303958e+07 1.9218796395e+06 7.0330184071e+01 1.9713336433e-257 -1.4334729775e-249
1.5829577167e+05 1.8151927455e-13 3.5969186508e-14 7.3121453629e+04 1.0519698677e+07 7.9861574590e-18 7.9308398549e-18 -6.7894866239e+03 -5.3460112910e+03 -4.6638743958e+09 -1.0017303958e+07 1.9218796395e+06 5.0772195766e+01 9.6148270112e-245 -7.0624230864e-237
1.5834654386e+05 1.8192472138e-13 3.6378576036e-14 -2.7157607540e+05 1.0243546181e+07 7.9835451302e-18 8.1980100080e-18 -6.7876512324e+03 -5.5337218974e+03 -4.6638743896e+09 -1.0017303958e+07 1.9218796395e+06 6.4449086968e+01 2.3069946371e-228 -1.7173033561e-220
1.5841099295e+05 1.8243877790e-13 3.6918397609e-14 -7.0869979788e+05 9.8788460589e+06 7.9658784788e-18 8.5578160752e-18 -6.7752388510e+03 -5.7865174072e+03 -4.6638743718e+09 -1.0017303958e+07 1.9218796395e+06 7.5868778039e+01 8.9708955969e-208 -6.7940883188e-200
1.5848686173e+05 1.8304159244e-13 3.7584702488e-14 -1.2216420354e+06 9.4278622847e+06 7.9201359654e-18 9.0126250236e-18 -6.7431006992e+03 -6.1060608237e+03 -4.6638743404e+09 -1.0017303958e+07 1.9218796395e+06 8.2015915073e+01 6.6704573640e-184 -5.1578347547e-176
1.5856887764e+05 1.8368789314e-13 3.8345389340e-14 -1.7723815844e+06 8.9119567362e+06 7.8329481556e-18 9.5441427114e-18 -6.6818435698e+03 -6.4794988980e+03 -4.6638743049e+09 -1.0017303958e+07 1.9218796395e+06 8.5999094143e+01 1.1367329786e-158 -8.9931926644e-151
1.5865487674e+05 1.8435574307e-13 3.9191769313e-14 -2.3429555636e+06 8.3367448198e+06 7.6884891044e-18 1.0147120960e-17 -6.5803483399e+03 -6.9031443216e+03 -4.6638742449e+09 -1.0017303958e+07 1.9218796395e+06 8.9707292311e+01 4.8213540620e-133 -3.9084069245e-125
1.5874458403e+05 1.8503604738e-13 4.0132082222e-14 -2.9266499835e+06 7.6963751641e+06 7.4648559963e-18 1.0824962671e-17 -6.4232263491e+03 -7.3793879334e+03 -4.6638740320e+09 -1.0017303958e+07 1.9218796395e+06 9.5472627375e+01 1.7622780801e-107 -1.4654779558e-99
1.5884005665e+05 1.8573341366e-13 4.1201990452e-14 -3.5291264195e+06 6.9662569227e+06 7.1242931462e-18 1.1595539054e-17 -6.1839508973e+03 -7.9207858345e+03 -4.6638731299e+09 -1.0017303958e+07 1.9218796395e+06 1.0590363291e+02 5.7624901124e-82 -4.9220612138e-74
1.5894596029e+05 1.8646135209e-13 4.2477236991e-14 -4.1653754999e+06 6.0942288880e+06 6.5933904667e-18 1.2492901179e-17 -5.8109449206e+03 -8.5512619059e+03 -4.6638689944e+09 -1.0017303958e+07 1.9218796395e+06 9.5546054499e+01 2.7100311661e-56 -2.3815741531e-48
1.5903001889e+05 1.8699307390e-13 4.3557769694e-14 -4.6380205836e+06 5.3540652650e+06 6.0364079961e-18 1.3215459146e-17 -5.4196155895e+03 -9.0589226331e+03 -4.6638661157e+09 -1.0017303958e+07 1.9218796395e+06 8.4099357308e+01 2.1863388495e-38 -1.9617775656e-30
1.5911411824e+05 1.8747264521e-13 4.4699040473e-14 -5.0740733709e+06 4.5712370004e+06 5.3455390728e-18 1.3919900308e-17 -4.9342192118e+03 -9.5538547060e+03 -4.6638614604e+09 -1.0017303958e+07 1.9218796395e+06 7.7119708046e+01 3.9779440945e-23 -3.6357923987e-15
1.5919123795e+05 1.8785652915e-13 4.5796100396e-14 -5.4346717744e+06 3.8178926402e+06 4.5908580280e-18 1.4521320002e-17 -4.4039891884e+03 -9.9764051075e+03 -4.6638574337e+09 -1.0017303958e+07 1.9218796395e+06 7.2639416698e+01 7.6296301850e-12 -7.0722363367e-04
1.5924138586e+05 1.8807313419e-13 4.6533335996e-14 -5.6459555575e+06 3.3112581977e+06 4.0402694976e-18 1.4875329190e-17 -4.0171521558e+03 -1.0225127776e+04 -4.6638590931e+09 -1.0017303885e+07 1.9218798243e+06 6.3416512602e+01 4.6840047730e-06 -4.3739442856e+02
1.5925280582e+05 1.8811852490e-13 4.6703644663e-14 -5.6913050349e+06 3.1941834262e+06 3.9087256341e-18 1.4950808064e-17 -3.9247308904e+03 -1.0278158100e+04 -4.6638836847e+09 -1.0017303081e+07 1.9218819111e+06 3.6321987685e+01 6.4248341421e-05 -6.0083131991e+03
1.5926671419e+05 1.8817175816e-13 4.6912209114e-14 -5.7450971810e+06 3.0507932517e+06 3.7456028182e-18 1.5039879054e-17 -3.8101207347e+03 -1.0340732998e+04 -4.6644162683e+09 -1.0017286215e+07 1.9219272232e+06 2.2156624285e+01 1.2583739644e-03 -1.1787547025e+05
1.5927832243e+05 1.8821443611e-13 4.7087214855e-14 -5.7887625011e+06 2.9304612102e+06 3.6070881706e-18 1.5111708087e-17 -3.7127823592e+03 -1.0391144886e+04 -4.6698331645e+09 -1.0017119499e+07 1.9223891629e+06 1.4076283043e+01 1.2556729452e-02 -1.1777386634e+06
1.5928762018e+05 1.8824745219e-13 4.7227980397e-14 -5.8229161059e+06 2.8336648075e+06 3.4946443890e-18 1.5167524977e-17 -3.6336764471e+03 -1.0430064738e+04 -4.6993238597e+09 -1.0016233509e+07 1.9249088910e+06 1.0049115362e+01 7.0231004431e-02 -6.5934036296e+06
1.5929517776e+05 1.8827351479e-13 4.7342777853e-14 -5.8501320069e+06 2.7547240683e+06 3.4022949397e-18 1.5211736072e-17 -3.5684320249e+03 -1.0460078111e+04 -4.8034941361e+09 -1.0013166832e+07 1.9338238769e+06 7.8389980439e+00 2.6269555032e-01 -2.4678169350e+07
1.5930154784e+05 1.8829493803e-13 4.7439794357e-14 -5.8726852891e+06 2.6880181087e+06 3.3238127745e-18 1.5248173929e-17 -3.5123373813e+03 -1.0482852884e+04 -5.0837578378e+09 -1.0005057852e+07 1.9578451872e+06 6.4960401567e+00 7.5476211056e-01 -7.0927081837e+07
1.5930709861e+05 1.8831319684e-13 4.7524520067e-14 -5.8920422823e+06 2.6297845148e+06 3.2549575903e-18 1.5279297093e-17 -3.4618409254e+03 -1.0498335662e+04 -5.7158707096e+09 -9.9870411365e+06 2.0121091117e+06 5.6143231064e+00 1.8135632315e+00 -1.7040649923e+08
1.5931207859e+05 1.8832925190e-13 4.7600679204e-14 -5.9091644168e+06 2.5774828347e+06 3.1928212237e-18 1.5306714489e-17 -3.4139884140e+03 -1.0504769326e+04 -6.9837334452e+09 -9.9513731704e+06 2.1211596527e+06 5.0135895032e+00 3.8440019099e+00 -3.6090443339e+08
1.5931709218e+05 1.8834510188e-13 4.7677488961e-14 -5.9261508467e+06 2.5248278502e+06 3.1299284014e-18 1.5333827884e-17 -3.3611128254e+03 -1.0496864217e+04 -9.6398607255e+09 -9.8775266026e+06 2.3502742787e+06 4.5997795656e+00 7.9016969474e+00 -7.4027639128e+08
1.5932169196e+05 1.8835936559e-13 4.7748077558e-14 -5.9414858768e+06 2.4766045338e+06 3.0719363445e-18 1.5358267443e-17 -3.3050194292e+03 -1.0465733426e+04 -1.4378070382e+10 -9.7470612988e+06 2.7608390446e+06 4.4091784449e+00 1.4784976908e+01 -1.3792770334e+09
1.5932610114e+05 1.8837278728e-13 4.7815845819e-14 -5.9559192059e+06 2.4305910451e+06 3.0160934913e-18 1.5381299943e-17 -3.2394908366e+03 -1.0398036393e+04 -2.2547248536e+10 -9.5235617817e+06 3.4738139209e+06 4.7262517876e+00 2.6016485097e+01 -2.4084328263e+09
1.5933082739e+05 1.8838690012e-13 4.7888599218e-14 -5.9710250575e+06 2.3817459021e+06 2.9559673749e-18 1.5405559103e-17 -3.1483739517e+03 -1.0256936729e+04 -3.7756828308e+10 -9.1081414263e+06 4.8180367671e+06 4.2555850140e+00 4.5534264544e+01 -4.1526659971e+09
1.5933395126e+05 1.8839607191e-13 4.7936748898e-14 -5.9807432655e+06 2.3499263599e+06 2.9160793622e-18 1.5421350318e-17 -3.0708041584e+03 -1.0105762218e+04 -5.3109520847e+10 -8.6870093955e+06 6.1973252472e+06 3.1945076251e+00 6.3871614101e+01 -5.7342128010e+09
1.5933674293e+05 1.8840416276e-13 4.7979819695e-14 -5.9892014188e+06 2.3219631087e+06 2.8803375857e-18 1.5435300070e-17 -2.9860916357e+03 -9.9184737422e+03 -7.1416765581e+10 -8.1804028422e+06 7.8725852119e+06 2.8096426439e+00 8.4266898818e+01 -7.4192730982e+09
1.5933955257e+05 1.8841220484e-13 4.8023206917e-14 -5.9974513072e+06 2.2944298816e+06 2.8442776906e-18 1.5449187316e-17 -2.8833309223e+03 -9.6697731998e+03 -9.4864887497e+10 -7.5222864711e+06 1.0069474454e+07 2.5730285338e+00 1.0832043009e+02 -9.2905584303e+09
1.5934212560e+05 1.8841948069e-13 4.8062974336e-14 -6.0047306167e+06 2.2699068565e+06 2.8111800587e-18 1.5461773687e-17 -2.7719822212e+03 -9.3817842127e+03 -1.2101659542e+11 -6.7734815699e+06 1.2592546653e+07 2.4290287880e+00 1.3261193858e+02 -1.1027105075e+10
1.5934455463e+05 1.8842627111e-13 4.8100545746e-14 -6.0113200162e+06 2.2475057729e+06 2.7798721106e-18 1.5473543451e-17 -2.6509828590e+03 -9.0534366797e+03 -1.4967230112e+11 -5.9319580573e+06 1.5453789713e+07 2.3596466198e+00 1.5628570585e+02 -1.2531836119e+10
1.5934691428e+05 1.8843279469e-13 4.8137071230e-14 -6.0174223552e+06 2.2265712371e+06 2.7494028609e-18 1.5484876028e-17 -2.5189686340e+03 -8.6819026465e+03 -1.8070728331e+11 -4.9917995041e+06 1.8679507142e+07 2.3521198867e+00 1.7848966928e+02 -1.3715065339e+10
1.5934926640e+05 1.8843922584e-13 4.8173506706e-14 -6.0231797061e+06 2.2066335939e+06 2.7189790549e-18 1.5496077233e-17 -2.3745133987e+03 -8.2634951832e+03 -2.1396671943e+11 -3.9456209732e+06 2.2302864180e+07 2.4062909770e+00 1.9825361358e+02 -1.4488778973e+10
1.5935167269e+05 1.8844573100e-13 4.8210808470e-14 -6.0287045060e+06 2.1873075288e+06 2.6878041359e-18 1.5507442600e-17 -2.2158759017e+03 -7.7931178324e+03 -2.4927813350e+11 -2.7833788649e+06 2.6368945629e+07 2.5199975469e+00 2.1447455470e+02 -1.4770262761e+10
1.5935419268e+05 1.8845246307e-13 4.8249902083e-14 -6.0340702689e+06 2.1683267938e+06 2.6551049192e-18 1.5519248975e-17 -2.0416435001e+03 -7.2662900330e+03 -2.8626435428e+11 -1.4976831735e+06 3.0917489601e+07 2.6487388447e+00 2.2582785115e+02 -1.4488024308e+10
1.5935684142e+05 1.8845945017e-13 4.8291024846e-14 -6.0392304843e+06 2.1498393776e+06 2.6206828730e-18 1.5531559633e-17 -1.8544575739e+03 -6.6908870212e+03 -3.2360830795e+11 -1.1217126068e+05 3.5881934450e+07 2.6259491543e+00 2.3083177565e+02 -1.3622897527e+10
1.5935946737e+05 1.8846628709e-13 4.8331825854e-14 -6.0438571436e+06 2.1330251876e+06 2.5865083730e-18 1.5543672027e-17 -1.6699290404e+03 -6.1159832155e+03 -3.5776746039e+11 1.2522311601e+06 4.0840952013e+07 2.3856373753e+00 2.2894932479e+02 -1.2337820303e+10
1.5936161270e+05 1.8847180602e-13 4.8365182668e-14 -6.0472814286e+06 2.1204016580e+06 2.5585557789e-18 1.5553504778e-17 -1.5232116849e+03 -5.6543935296e+03 -3.8292823848e+11 2.3323957898e+06 4.4823185531e+07 2.1529813816e+00 2.2300071055e+02 -1.1100019283e+10
1.5936376568e+05 1.8847728432e-13 4.8398679650e-14 -6.0504074933e+06 2.1087133350e+06 2.5304760063e-18 1.5563320500e-17 -1.3818551988e+03 -5.2065008027e+03 -4.0542246047e+11 3.3662335196e+06 4.8688893201e+07 1.9998949536e+00 2.1386253412e+02 -9.7922207250e+09
1.5936576558e+05 1.8848231891e-13 4.8429813737e-14 -6.0530452392e+06 2.0987014517e+06 2.5043700336e-18 1.5572395167e-17 -1.2571779961e+03 -4.8092523936e+03 -4.2379616547e+11 4.2700848733e+06 5.2119698590e+07 1.8908526057e+00 2.0328011068e+02 -8.5890465991e+09
1.5936765643e+05 1.8848703095e-13 4.8459266924e-14 -6.0553161518e+06 2.0899475343e+06 2.4796687341e-18 1.5580939840e-17 -1.1459395328e+03 -4.4533430941e+03 -4.3900209167e+11 5.0680956514e+06 5.5195956423e+07 1.8150889634e+00 1.9204044052e+02 -7.5061977957e+09
1.5936947152e+05 1.8849151024e-13 4.8487555137e-14 -6.0573041086e+06 2.0821595448e+06 2.4559412295e-18 1.5589112400e-17 -1.0456103780e+03 -4.1313391764e+03 -4.5173906973e+11 5.7791928099e+06 5.7981796254e+07 1.7631349676e+00 1.8060263271e+02 -6.5420829102e+09
1.5937123465e+05 1.8849582007e-13 4.8515047826e-14 -6.0590663017e+06 2.0751370665e+06 2.4328789086e-18 1.5597025223e-17 -9.5433936002e+02 -3.8377436182e+03 -4.6250909035e+11 6.4172682820e+06 6.0524613880e+07 1.7272239031e+00 1.6924858103e+02 -5.6891712012e+09
1.5937296188e+05 1.8850000267e-13 4.8541994058e-14 -6.0606416949e+06 2.0687434496e+06 2.4102737999e-18 1.5604754034e-17 -8.7081455084e+02 -3.5686481755e+03 -4.7167507465e+11 6.9922314506e+06 6.2858081598e+07 1.7026887751e+00 1.5816534409e+02 -4.9384840303e+09
1.5937466456e+05 1.8850408764e-13 4.8568570570e-14 -6.0620582954e+06 2.0628803683e+06 2.3879784090e-18 1.5612352542e-17 -7.9404988524e+02 -3.3211016698e+03 -4.7951223699e+11 7.5115830342e+06 6.5007605185e+07 1.6865459701e+00 1.4747703583e+02 -4.2805237656e+09
1.5937635111e+05 1.8850809644e-13 4.8594907854e-14 -6.0633370911e+06 2.0574740409e+06 2.3658839061e-18 1.5619860388e-17 -7.2326977934e+02 -3.0927688774e+03 -4.8623646437e+11 7.9812655630e+06 6.6993270781e+07 1.6767741876e+00 1.3726382093e+02 -3.7058243674e+09
1.5937802788e+05 1.8851204507e-13 4.8621105078e-14 -6.0644943279e+06 2.0524672669e+06 2.3439076578e-18 1.5627307693e-17 -6.5784309431e+02 -2.8817360268e+03 -4.9202119840e+11 8.4061502309e+06 6.8831525314e+07 1.6719382933e+00 1.2757437300e+02 -3.2052913705e+09
1.5937969982e+05 1.8851594562e-13 4.8647239169e-14 -6.0655429153e+06 2.0478145236e+06 2.3219856345e-18 1.5634717823e-17 -5.9724277004e+02 -2.6863923492e+03 -4.9700821074e+11 8.7903346637e+06 7.0536199868e+07 1.6709788504e+00 1.1843449523e+02 -2.7704011991e+09
1.5938137080e+05 1.8851980729e-13 4.8673370629e-14 -6.0664933372e+06 2.0434787891e+06 2.3000675442e-18 1.5642109171e-17 -5.4101979766e+02 -2.5053539839e+03 -5.0131487842e+11 9.1373350937e+06 7.2119167109e+07 1.6730874763e+00 1.0985330829e+02 -2.3933061560e+09
1.5938304389e+05 1.8852363714e-13 4.8699547428e-14 -6.0673542682e+06 2.0394293994e+06 2.2781135820e-18 1.5649496348e-17 -4.8878568003e+02 -2.3374128787e+03 -5.0503932406e+11 9.4502160314e+06 7.3590782720e+07 1.6776297723e+00 1.0182780524e+02 -2.0668765799e+09
1.5938472152e+05 1.8852744051e-13 4.8725807693e-14 -6.0681330046e+06 2.0356405523e+06 2.2560921771e-18 1.5656891000e-17 -4.4020015608e+02 -2.1815011434e+03 -5.0826418383e+11 9.7316811551e+06 7.4960193330e+07 1.6840955365e+00 9.4346260813e+01 -1.7847017772e+09
1.5938640561e+05 1.8853122136e-13 4.8752181636e-14 -6.0688357735e+06 2.0320902346e+06 2.2339783852e-18 1.5664302402e-17 -3.9496233357e+02 -2.0366653801e+03 -5.1105945317e+11 9.9841390810e+06 7.6235558212e+07 1.6920660241e+00 8.7390812039e+01 -1.5410647556e+09
1.5938809768e+05 1.8853498260e-13 4.8778692962e-14 -6.0694679617e+06 2.0287594342e+06 2.2117527044e-18 1.5671737890e-17 -3.5280409227e+02 -1.9020476381e+03 -5.1348468977e+11 1.0209752366e+07 7.7424213754e+07 1.7011916385e+00 8.0939422260e+01 -1.3309010550e+09
1.5938979887e+05 1.8853872620e-13 4.8805359943e-14 -6.0700342864e+06 2.0256315484e+06 2.1894001802e-18 1.5679203187e-17 -3.1348505350e+02 -1.7768709277e+03 -5.1559075320e+11 1.0410474922e+07 7.8532798548e+07 1.7111765512e+00 7.4967379388e+01 -1.1497488526e+09
1.5939151005e+05 1.8854245341e-13 4.8832196245e-14 -6.0705389265e+06 2.0226919340e+06 2.1669097095e-18 1.5686702658e-17 -2.7678865553e+02 -1.6604279419e+03 -5.1742120133e+11 1.0588081213e+07 7.9567350766e+07 1.7217677627e+00 6.9448436825e+01 -9.9369520580e+08
1.5939323182e+05 1.8854616484e-13 4.8859211594e-14 -6.0709856242e+06 2.0199275588e+06 2.1442734853e-18 1.5694239509e-17 -2.4251903196e+02 -1.5520721026e+03 -5.1901342628e+11 1.0744189483e+07 8.0533385474e+07 1.7327474196e+00 6.4355678177e+01 -8.5932171599e+08
1.5939496456e+05 1.8854986058e-13 4.8886412312e-14 -6.0713777643e+06 2.0173267290e+06 2.1214865420e-18 1.5701815954e-17 -2.1049848103e+02 -1.4512103102e+03 -5.2039958881e+11 1.0880280540e+07 8.1435957239e+07 1.7439272827e+00 5.9662166261e+01 -7.4365172441e+08
1.5939670849e+05 1.8855354030e-13 4.8913801781e-14 -6.0717184375e+06 2.0148788729e+06 2.0985463706e-18 1.5709433351e-17 -1.8056538123e+02 -1.3572969757e+03 -5.2160739385e+11 1.0997713185e+07 8.2279711681e+07 1.7551444986e+00 5.5341423357e+01 -6.4410037082e+08
1.5939846364e+05 1.8855720328e-13 4.8941380828e-14 -6.0720104902e+06 2.0125743695e+06 2.0754525900e-18 1.5717092322e-17 -1.5257245337e+02 -1.2698290435e+03 -5.2266073886e+11 1.1097737014e+07 8.3068928479e+07 1.7662586726e+00 5.1367779599e+01 -5.5842828484e+08
1.5940022989e+05 1.8856084854e-13 4.8969148081e-14 -6.0722565655e+06 2.0104044094e+06 2.0522066541e-18 1.5724792852e-17 -1.2638529006e+02 -1.1883417739e+03 -5.2358025941e+11 1.1181503173e+07 8.3807557834e+07 1.7771496300e+00 4.7716617361e+01 -4.8469925978e+08
1.5940200704e+05 1.8856447483e-13 4.8997100270e-14 -6.0724591346e+06 2.0083608835e+06 2.0288115896e-18 1.5732534383e-17 -1.0188109946e+02 -1.1124051298e+03 -5.2438379043e+11 1.1250073467e+07 8.4499251729e+07 1.7877155413e+00 4.4364534356e+01 -4.2124201599e+08
1.5940379476e+05 1.8856808073e-13 4.9025232523e-14 -6.0726205238e+06 2.0064362914e+06 2.0052717565e-18 1.5740315896e-17 -7.8947624859e+01 -1.0416206554e+03 -5.2508675798e+11 1.1304428119e+07 8.5147390962e+07 1.7978718071e+00 4.1289443608e+01 -3.6661598093e+08
1.5940559263e+05 1.8857166467e-13 4.9053538624e-14 -6.0727429351e+06 2.0046236673e+06 1.9815926236e-18 1.5748135992e-17 -5.7482203968e+01 -9.7561873963e+02 -5.2570251307e+11 1.1345472415e+07 8.5755108856e+07 1.8075498021e+00 3.8470623712e+01 -3.1958088099e+08
1.5940740018e+05 1.8857522497e-13 4.9082011265e-14 -6.0728284629e+06 2.0029165189e+06 1.9577805595e-18 1.5755992955e-17 -3.7390950120e+01 -9.1405621594e+02 -5.2624261695e+11 1.1374042425e+07 8.6325312094e+07 1.7553589475e+00 3.5888731471e+01 -2.7906990211e+08
1.5940885918e+05 1.8857806736e-13 4.9105003917e-14 -6.0728718179e+06 2.0016171414e+06 1.9385562529e-18 1.5762331342e-17 -2.2185101947e+01 -8.6759121015e+02 -5.2662860017e+11 1.1388484576e+07 8.6758117487e+07 1.5134566621e+00 3.3973651111e+01 -2.5062144616e+08
1.5941004804e+05 1.8858036270e-13 4.9123746106e-14 -6.0728911459e+06 2.0006072001e+06 1.9228889848e-18 1.5767493949e-17 -1.0421326591e+01 -8.3171120137e+02 -5.2691402720e+11 1.1394911741e+07 8.7093928650e+07 1.2776361472e+00 3.2516550378e+01 -2.2989526773e+08
1.5941097695e+05 1.8858214322e-13 4.9138394650e-14 -6.0728967055e+06 1.9998471662e+06 1.9106457641e-18 1.5771526490e-17 -1.6021099343e+00 -8.0484478565e+02 -5.2712060998e+11 1.1396758569e+07 8.7346375519e+07 9.3442032723e-01 3.1438835255e+01 -2.1507917840e+08
1.5941191137e+05 1.8858392281e-13 4.9153133780e-14 -6.0728941812e+06 1.9991073447e+06 1.8983286405e-18 1.5775581850e-17 6.9531957614e+00 -7.7880378238e+02 -5.2731505823e+11 1.1395920805e+07 8.7591942660e+07 1.1503806878e+00 3.0405843480e+01 -2.0128960214e+08
1.5941306175e+05 1.8858609789e-13 4.9171284575e-14 -6.0728803214e+06 1.9982292542e+06 1.8831629854e-18 1.5780573062e-17 1.7067440002e+01 -7.4803668612e+02 -5.2753751901e+11 1.1391322589e+07 8.7883270493e+07 1.3322861305e+00 2.9201056932e+01 -1.8571774780e+08
1.5941439404e+05 1.8858859510e-13 4.9192312664e-14 -6.0728500832e+06 1.9972554623e+06 1.8655967464e-18 1.5786351676e-17 2.8229166135e+01 -7.1409269841e+02 -5.2777390482e+11 1.1381291682e+07 8.8206304273e+07 1.4427339015e+00 2.7893021027e+01 -1.6943696059e+08
1.5941583677e+05 1.8859127294e-13 4.9215092681e-14 -6.0728010178e+06 1.9962505796e+06 1.8465712778e-18 1.5792607261e-17 3.9680588501e+01 -6.7925523270e+02 -5.2800678246e+11 1.1365008674e+07 8.8539781082e+07 1.5192317555e+00 2.6575597714e+01 -1.5370030979e+08
1.5941735601e+05 1.8859406308e-13 4.9239090314e-14 -6.0727320031e+06 1.9952452200e+06 1.8265337406e-18 1.5799192361e-17 5.1061262198e+01 -6.4458845791e+02 -5.2822890080e+11 1.1342080228e+07 8.8873774886e+07 1.5765539038e+00 2.5292184496e+01 -1.3901003305e+08
1.5941893256e+05 1.8859692632e-13 4.9264003978e-14 -6.0726426515e+06 1.9942560054e+06 1.8057366656e-18 1.5806023747e-17 6.2174082444e+01 -6.1065291226e+02 -5.2843722867e+11 1.1312339067e+07 8.9203024065e+07 1.6220041664e+00 2.4065137476e+01 -1.2555706724e+08
1.5942055456e+05 1.8859983788e-13 4.9289647113e-14 -6.0725330088e+06 1.9932924709e+06 1.7843363759e-18 1.5813049951e-17 7.2904094305e+01 -5.7775440138e+02 -5.2863079560e+11 1.1275741639e+07 8.9524621897e+07 1.6596710565e+00 2.2906152404e+01 -1.1338214561e+08
1.5942221424e+05 1.8860278111e-13 4.9315897539e-14 -6.0724033874e+06 1.9923601577e+06 1.7624353436e-18 1.5820237284e-17 8.3181996405e+01 -5.4605607499e+02 -5.2880970171e+11 1.1232310841e+07 8.9836980420e+07 1.6920613187e+00 2.1820979499e+01 -1.0244995374e+08
1.5942390630e+05 1.8860574437e-13 4.9342672548e-14 -6.0722542647e+06 1.9914621937e+06 1.7401030230e-18 1.5827562956e-17 9.2965433773e+01 -5.1563594068e+02 -5.2897461017e+11 1.1182101440e+07 9.0139300479e+07 1.7208355309e+00 2.0811851675e+01 -9.2687039799e+07
1.5942562713e+05 1.8860871926e-13 4.9369915590e-14 -6.0720862192e+06 1.9906001752e+06 1.7173869942e-18 1.5835011400e-17 1.0222853547e+02 -4.8651904942e+02 -5.2912646935e+11 1.1125177681e+07 9.0431276158e+07 1.7471783887e+00 1.9878839862e+01 -8.4002372108e+07
1.5942737431e+05 1.8861169969e-13 4.9397588785e-14 -6.0718998865e+06 1.9897746906e+06 1.6943192279e-18 1.5842572191e-17 1.1095568446e+02 -4.5869666558e+02 -5.2926635467e+11 1.1061597747e+07 9.0712919470e+07 1.7720031974e+00 1.9020651572e+01 -7.6298829386e+07
1.5942914631e+05 1.8861468129e-13 4.9425668666e-14 -6.0716959258e+06 1.9889856470e+06 1.6709196562e-18 1.5850238873e-17 1.1913763179e+02 -4.3213822140e+02 -5.2939537722e+11 1.0991402057e+07 9.0984451669e+07 1.7960747915e+00 1.8235118331e+01 -6.9479663083e+07
1.5943094239e+05 1.8861766109e-13 4.9454143858e-14 -6.0714749946e+06 1.9882324792e+06 1.6471981233e-18 1.5858008303e-17 1.2676898569e+02 -4.0679903417e+02 -5.2951463107e+11 1.0914603571e+07 9.1246233795e+07 1.8200909758e+00 1.7519499518e+01 -6.3452059195e+07
1.5943276248e+05 1.8862063726e-13 4.9483014040e-14 -6.0712377242e+06 1.9875142882e+06 1.6231552629e-18 1.5865880360e-17 1.3384654370e+02 -3.8262540915e+02 -5.2962516404e+11 1.0831178852e+07 9.1498721534e+07 1.8447437887e+00 1.6870673199e+01 -5.8128982438e+07
1.5943460722e+05 1.8862360909e-13 4.9512289883e-14 -6.0709846969e+06 1.9868299328e+06 1.5987825668e-18 1.5873857919e-17 1.4036815950e+02 -3.5955805081e+02 -5.2972796294e+11 1.0741058845e+07 9.1742436061e+07 1.8707730817e+00 1.6285255116e+01 -5.3429987659e+07
1.5943647800e+05 1.8862657692e-13 4.9541993836e-14 -6.0707164210e+06 1.9861780892e+06 1.5740617455e-18 1.5881947052e-17 1.4633195180e+02 -3.3753432552e+02 -5.2982394807e+11 1.0644118335e+07 9.1977946029e+07 1.8990222396e+00 1.5759671070e+01 -4.9281408202e+07
1.5943837702e+05 1.8862954227e-13 4.9572161802e-14 -6.0704333002e+06 1.9855572880e+06 1.5489633521e-18 1.5890157477e-17 1.5173572598e+02 -3.1648969023e+02 -5.2991397382e+11 1.0540162810e+07 9.2205858085e+07 1.9059425811e+00 1.5290198565e+01 -4.5616169873e+07
1.5944028296e+05 1.8863247050e-13 4.9602455382e-14 -6.0701394419e+06 1.9849732149e+06 1.5237692327e-18 1.5898397109e-17 1.5651897231e+02 -2.9660696322e+02 -5.2999779228e+11 1.0430361122e+07 9.2424068345e+07 1.9119361600e+00 1.4877941137e+01 -4.2411887344e+07
1.5944219490e+05 1.8863535968e-13 4.9632860004e-14 -6.0698361010e+06 1.9844242542e+06 1.4984916688e-18 1.5906662079e-17 1.6069071352e+02 -2.7782711727e+02 -5.3007613859e+11 1.0314863311e+07 9.2633055437e+07 1.9186707231e+00 1.4517898226e+01 -3.9606013249e+07
1.5944411357e+05 1.8863821046e-13 4.9663387607e-14 -6.0695242635e+06 1.9839083901e+06 1.4731208972e-18 1.5914955721e-17 1.6426435194e+02 -2.6008173592e+02 -5.3014971324e+11 1.0193724989e+07 9.2833420808e+07 1.9260946542e+00 1.4204816138e+01 -3.7141389453e+07
1.5944603966e+05 1.8864102329e-13 4.9694049336e-14 -6.0692049016e+06 1.9834237616e+06 1.4476478329e-18 1.5923281136e-17 1.6725331482e+02 -2.4331162633e+02 -5.3021911384e+11 1.0067006034e+07 9.3025686120e+07 1.9340723679e+00 1.3933606733e+01 -3.4968460003e+07
1.5944797374e+05 1.8864379841e-13 4.9724854198e-14 -6.0688789905e+06 1.9829686584e+06 1.4220651810e-18 1.5931640832e-17 1.6967175805e+02 -2.2746648619e+02 -5.3028484636e+11 9.9347832046e+06 9.3210293919e+07 1.9423240686e+00 1.3699341586e+01 -3.3044268535e+07
1.5944991606e+05 1.8864653557e-13 4.9755806761e-14 -6.0685475334e+06 1.9825415254e+06 1.3963693464e-18 1.5940036102e-17 1.7153530048e+02 -2.1250478137e+02 -5.3034733313e+11 9.7971677910e+06 9.3387604958e+07 1.9503903377e+00 1.3497262686e+01 -3.1331667288e+07
1.5945186645e+05 1.8864923387e-13 4.9786904274e-14 -6.0682115924e+06 1.9821409645e+06 1.3705628138e-18 1.5948466242e-17 1.7286186342e+02 -1.9839348963e+02 -5.3040691930e+11 9.6543269632e+06 9.3557895737e+07 1.9576073345e+00 1.3322804619e+01 -2.9798669908e+07
1.5945382406e+05 1.8865189154e-13 4.9818133391e-14 -6.0678723205e+06 1.9817657325e+06 1.3446568579e-18 1.5956927677e-17 1.7367260218e+02 -1.8510757853e+02 -5.3046387833e+11 9.5065078738e+06 9.3721357668e+07 1.9631098765e+00 1.3171628494e+01 -2.8417921748e+07
1.5945578717e+05 1.8865450574e-13 4.9849466922e-14 -6.0675309897e+06 1.9814147298e+06 1.3186742147e-18 1.5965413080e-17 1.7399286987e+02 -1.7262903435e+02 -5.3051841738e+11 9.3540618043e+06 9.3878100124e+07 1.9658837818e+00 1.3039667063e+01 -2.7166256460e+07
1.5945775305e+05 1.8865707252e-13 4.9880861421e-14 -6.0671890048e+06 1.9810869761e+06 1.2926510623e-18 1.5973910737e-17 1.7385307942e+02 -1.6094524721e+02 -5.3057068393e+11 9.1974633190e+06 9.4028160322e+07 1.9648862509e+00 1.2923178862e+01 -2.6024302173e+07
1.5945971794e+05 1.8865958688e-13 4.9912256683e-14 -6.0668478909e+06 1.9807815692e+06 1.2666374077e-18 1.5982404414e-17 1.7328924229e+02 -1.5004662517e+02 -5.3062077499e+11 9.0373171579e+06 9.4171522847e+07 1.9592301126e+00 1.2818806366e+01 -2.4976096912e+07
1.5946167717e+05 1.8866204310e-13 4.9943578188e-14 -6.0665092450e+06 1.9804976289e+06 1.2406950344e-18 1.5990874032e-17 1.7234290919e+02 -1.3992353138e+02 -5.3066874961e+11 8.8743454737e+06 9.4308149703e+07 1.9483934120e+00 1.2723629946e+01 -2.4008679288e+07
1.5946362556e+05 1.8866443533e-13 4.9974742908e-14 -6.0661746506e+06 1.9802342338e+06 1.2148926715e-18 1.5999297244e-17 1.7106028858e+02 -1.3056295646e+02 -5.3071464437e+11 8.7093514871e+06 9.4438018011e+07 1.9323778053e+00 1.2635206747e+01 -2.3111638428e+07
1.5946555794e+05 1.8866675823e-13 5.0005667666e-14 -6.0658455695e+06 1.9799903673e+06 1.1892990592e-18 1.6007651696e-17 1.6949051656e+02 -1.2194564309e+02 -5.3075848990e+11 8.5431633725e+06 9.4561157965e+07 1.9117430743e+00 1.2551584226e+01 -2.2276637289e+07
1.5946746968e+05 1.8866900766e-13 5.0036278085e-14 -6.0655232373e+06 1.9797648877e+06 1.1639755529e-18 1.6015917444e-17 1.6768334018e+02 -1.1404440521e+02 -5.3080032495e+11 8.3765703935e+06 9.4677681529e+07 1.8874941836e+00 1.2471282670e+01 -2.1496948725e+07
1.5946935718e+05 1.8867118106e-13 5.0066515738e-14 -6.0652085898e+06 1.9795565323e+06 1.1389702168e-18 1.6024078873e-17 1.6568670094e+02 -1.0682404963e+02 -5.3084020559e+11 8.2102670928e+06 9.4787794608e+07 1.8608695225e+00 1.2393248669e+01 -2.0767050720e+07
1.5947121805e+05 1.8867327759e-13 5.0096341945e-14 -6.0649022372e+06 1.9793639508e+06 1.1143147211e-18 1.6032125716e-17 1.6354472023e+02 -1.0024275575e+02 -5.3087820814e+11 8.0448176363e+06 9.4891791355e+07 1.8331173447e+00 1.2316788456e+01 -2.0082310494e+07
1.5947305116e+05 1.8867529800e-13 5.0125737978e-14 -6.0646044825e+06 1.9791857557e+06 1.0900241997e-18 1.6040053095e-17 1.6129639658e+02 -9.4254335287e+01 -5.3091442701e+11 7.8806438916e+06 9.4990035236e+07 1.8053303747e+00 1.2241493002e+01 -1.9438760182e+07
1.5947485649e+05 1.8867724426e-13 5.0154702621e-14 -6.0643153705e+06 1.9790205752e+06 1.0660993019e-18 1.6047860852e-17 1.5897506016e+02 -8.8810687694e+01 -5.3094896949e+11 7.7180330425e+06 9.5082934160e+07 1.7783638837e+00 1.2167165544e+01 -1.8832946619e+07
1.5947663486e+05 1.8867911921e-13 5.0183248396e-14 -6.0640347493e+06 1.9788670953e+06 1.0425293318e-18 1.6055552521e-17 1.5660843634e+02 -8.3863939347e+01 -5.3098194982e+11 7.5571568783e+06 9.5170916173e+07 1.7528242162e+00 1.2093758321e+01 -1.8261831161e+07
1.5947838768e+05 1.8868092622e-13 5.0211397602e-14 -6.0637623295e+06 1.9787240902e+06 1.0192955425e-18 1.6063134262e-17 1.5421909748e+02 -7.9368025004e+01 -5.3101348373e+11 7.3980953085e+06 9.5254409602e+07 1.7290990111e+00 1.2021321381e+01 -1.7722719285e+07
1.5948011678e+05 1.8868266887e-13 5.0239178818e-14 -6.0634977350e+06 1.9785904376e+06 9.9637403309e-19 1.6070613907e-17 1.5182510319e+02 -7.5279691412e+01 -5.3104368443e+11 7.2408591027e+06 9.5333828877e+07 1.7074039048e+00 1.1949963441e+01 -1.7213207166e+07
1.5948182418e+05 1.8868435076e-13 5.0266624153e-14 -6.0632405420e+06 1.9784651244e+06 9.7373802710e-19 1.6078000223e-17 1.4944068762e+02 -7.1559020343e+01 -5.3107265985e+11 7.0854093426e+06 9.5409565657e+07 1.6878292456e+00 1.1879823294e+01 -1.6731138428e+07
1.5948182418e+05 1.8868435076e-13 5.0266624153e-14 -6.0632405420e+06 1.9784651244e+06 9.7373802710e-19 1.6078000223e-17 1.4944068762e+02 -7.1559020343e+01 -5.3107265985e+11 7.0854093426e+06 9.5409565657e+07 1.6878292456e+00 1.1879823294e+01 -1.6731138428e+07
