0.0000000000e+00 0.0000000000e+00 0.0000000000e+00 3.1415900000e+08 0.0000000000e+00 0.0000000000e+00 0.0000000000e+00 -1.1783759270e+03 2.2678222030e+02 -4.6638893012e+09 -1.0016195379e+07 1.9276488725e+06 1.0000000000e+01 0.0000000000e+00 -0.0000000000e+00
1.0000000000e+01 2.8740014363e-22 6.9157422457e-28 3.1414721604e+08 2.2678222025e+03 5.7480747431e-23 2.0747615861e-28 -1.1784163123e+03 2.2678222015e+02 -4.6638893012e+09 -1.0016195379e+07 1.9276488725e+06 5.0000000000e+01 0.0000000000e+00 -0.0000000000e+00
6.0000000000e+01 1.0347699074e-20 1.4942206900e-25 3.1408829017e+08 1.3606933113e+04 3.4494918520e-22 7.4719444103e-27 -1.1786182842e+03 2.2678221505e+02 -4.6638893012e+09 -1.0016195379e+07 1.9276488726e+06 2.5000000000e+02 0.0000000000e+00 -0.0000000000e+00
3.1000000000e+02 2.7639896585e-19 2.0637520757e-23 3.1379350927e+08 7.0302473793e+04 1.7839113121e-21 1.9983424289e-25 -1.1796292821e+03 2.2678207990e+02 -4.6638893012e+09 -1.0016195379e+07 1.9276488726e+06 1.2500000000e+03 0.0000000000e+00 -0.0000000000e+00
1.5600000000e+03 7.0214330353e-18 2.6485928778e-21 3.1231580038e+08 3.5377840280e+05 9.0195257199e-21 5.1084709442e-24 -1.1847129397e+03 2.2677863115e+02 -4.6638893012e+09 -1.0016195379e+07 1.9276488726e+06 3.6000000000e+03 0.0000000000e+00 -0.0000000000e+00
5.1600000000e+03 7.7526278360e-17 9.7845535985e-20 3.0802411117e+08 1.1701275116e+06 3.0247672568e-20 5.7452494239e-23 -1.1996275859e+03 2.2674185485e+02 -4.6638893011e+09 -1.0016195379e+07 1.9276488726e+06 3.6000000000e+03 0.0000000000e+00 -0.0000000000e+00
8.7600000000e+03 2.2552830462e-16 4.8890810276e-19 3.0367797335e+08 1.9862687487e+06 5.2078929316e-20 1.7031469882e-22 -1.2149659700e+03 2.2666255920e+02 -4.6638893010e+09 -1.0016195379e+07 1.9276488726e+06 3.6000000000e+03 0.0000000000e+00 -0.0000000000e+00
1.2360000000e+04 4.5325873545e-16 1.4030461358e-18 2.9927581929e+08 2.8020424792e+06 7.4547085938e-20 3.4897494747e-22 -1.2307518326e+03 2.2653703461e+02 -4.6638893008e+09 -1.0016195379e+07 1.9276488726e+06 3.6000000000e+03 0.0000000000e+00 -0.0000000000e+00
1.5960000000e+04 7.6307537068e-16 3.0874735778e-18 2.9481599243e+08 3.6172750134e+06 9.7688720637e-20 5.9927833438e-22 -1.2470108728e+03 2.2636117439e+02 -4.6638893007e+09 -1.0016195379e+07 1.9276488726e+06 3.6000000000e+03 0.0000000000e+00 -0.0000000000e+00
1.9560000000e+04 1.1574731661e-15 5.8115746075e-18 2.9029673984e+08 4.4317770851e+06 1.2154350766e-19 9.2770996346e-22 -1.2637709656e+03 2.2613042219e+02 -4.6638893005e+09 -1.0016195379e+07 1.9276488726e+06 3.6000000000e+03 0.0000000000e+00 -0.0000000000e+00
2.3160000000e+04 1.6390959968e-15 9.8693599592e-18 2.8571620397e+08 5.2453421260e+06 1.4615456807e-19 1.3414817285e-21 -1.2810624071e+03 2.2583971102e+02 -4.6638893003e+09 -1.0016195379e+07 1.9276488726e+06 3.6000000000e+03 0.0000000000e+00 -0.0000000000e+00
2.6760000000e+04 2.2107497713e-15 1.5582260622e-17 2.8107241341e+08 6.0577443022e+06 1.7156887087e-19 1.8486333866e-21 -1.2989181972e+03 2.2548339223e+02 -4.6638893001e+09 -1.0016195379e+07 1.9276488726e+06 3.6000000000e+03 0.0000000000e+00 -0.0000000000e+00
3.0360000000e+04 2.8754170931e-15 2.3302315245e-17 2.7636327264e+08 6.8687362758e+06 1.9783769317e-19 2.4581507279e-21 -1.3173743627e+03 2.2505515252e+02 -4.6638892999e+09 -1.0016195379e+07 1.9276488726e+06 3.6000000000e+03 0.0000000000e+00 -0.0000000000e+00
3.3960000000e+04 3.6362737013e-15 3.3415818789e-17 2.7158655040e+08 7.6780466402e+06 2.2501715013e-19 3.1801042881e-21 -1.3364703294e+03 2.2454791644e+02 -4.6638892996e+09 -1.0016195379e+07 1.9276488726e+06 3.6000000000e+03 0.0000000000e+00 -0.0000000000e+00
3.7560000000e+04 4.4967069633e-15 4.6347513769e-17 2.6673986677e+08 8.4853769766e+06 2.5316880760e-19 4.0258128661e-21 -1.3562493528e+03 2.2395373154e+02 -4.6638892992e+09 -1.0016195379e+07 1.9276488726e+06 3.6000000000e+03 0.0000000000e+00 -0.0000000000e+00
4.1160000000e+04 5.4603367447e-15 6.2565422574e-17 2.6182067849e+08 9.2903984577e+06 2.8236039321e-19 5.0080371452e-21 -1.3767590174e+03 2.2326363232e+02 -4.6638892988e+09 -1.0016195379e+07 1.9276488726e+06 3.6000000000e+03 0.0000000000e+00 -0.0000000000e+00
4.4760000000e+04 6.5310390456e-15 8.2586440727e-17 2.5682626231e+08 1.0092747919e+07 3.1266662530e-19 6.1412100476e-21 -1.3980518195e+03 2.2246747837e+02 -4.6638892983e+09 -1.0016195379e+07 1.9276488726e+06 3.6000000000e+03 0.0000000000e+00 -0.0000000000e+00
4.8360000000e+04 7.7129728673e-15 1.0698283775e-16 2.5175369617e+08 1.0892023291e+07 3.4417018366e-19 7.4417121664e-21 -1.4201858490e+03 2.2155376088e+02 -4.6638892977e+09 -1.0016195379e+07 1.9276488726e+06 3.6000000000e+03 0.0000000000e+00 -0.0000000000e+00
5.1960000000e+04 9.0106108736e-15 1.3638984620e-16 2.4659983764e+08 1.1687778265e+07 3.7696285185e-19 8.9282028578e-21 -1.4432255919e+03 2.2050937001e+02 -4.6638892970e+09 -1.0016195380e+07 1.9276488726e+06 3.6000000000e+03 0.0000000000e+00 -0.0000000000e+00
5.5560000000e+04 1.0428774527e-14 1.7151456257e-16 2.4136129920e+08 1.2479516046e+07 4.1114686836e-19 1.0622020496e-20 -1.4672428797e+03 2.1931931366e+02 -4.6638892961e+09 -1.0016195379e+07 1.9276488726e+06 3.6000000000e+03 0.0000000000e+00 -0.0000000000e+00
5.9160000000e+04 1.1972674534e-14 2.1314643896e-16 2.3603441989e+08 1.3266681973e+07 4.4683653349e-19 1.2547669270e-20 -1.4923180185e+03 2.1796637549e+02 -4.6638892951e+09 -1.0016195380e+07 1.9276488726e+06 3.6000000000e+03 0.0000000000e+00 -0.0000000000e+00
6.2760000000e+04 1.3647957624e-14 2.6216971589e-16 2.3061523236e+08 1.4048654788e+07 4.8416013176e-19 1.4733415065e-20 -1.5185411396e+03 2.1643069621e+02 -4.6638892938e+09 -1.0016195380e+07 1.9276488726e+06 3.6000000000e+03 0.0000000000e+00 -0.0000000000e+00
6.6360000000e+04 1.5460760924e-14 3.1957823961e-16 2.2509942475e+08 1.4824736228e+07 5.2326224598e-19 1.7212019909e-20 -1.5460138250e+03 2.1468925761e+02 -4.6638892921e+09 -1.0016195380e+07 1.9276488726e+06 3.6000000000e+03 0.0000000000e+00 -0.0000000000e+00
6.9960000000e+04 1.7417775520e-14 3.8649322952e-16 2.1948229598e+08 1.5594138536e+07 5.6430656177e-19 2.0021653950e-20 -1.5748510784e+03 2.1271524178e+02 -4.6638892901e+09 -1.0016195380e+07 1.9276488726e+06 3.6000000000e+03 0.0000000000e+00 -0.0000000000e+00
7.3560000000e+04 1.9526321177e-14 4.6418472386e-16 2.1375870327e+08 1.6355969399e+07 6.0747929086e-19 2.3207036911e-20 -1.6051837299e+03 2.1047722919e+02 -4.6638892876e+09 -1.0016195380e+07 1.9276488726e+06 3.6000000000e+03 0.0000000000e+00 -0.0000000000e+00
7.7160000000e+04 2.1794434749e-14 5.5409764942e-16 2.0792300002e+08 1.7109213629e+07 6.5299338257e-19 2.6820879104e-20 -1.6371613953e+03 2.0793818618e+02 -4.6638892844e+09 -1.0016195380e+07 1.9276488726e+06 3.6000000000e+03 0.0000000000e+00 -0.0000000000e+00
8.0760000000e+04 2.4230975495e-14 6.5788375678e-16 2.0196896182e+08 1.7852710724e+07 7.0109374837e-19 3.0925717591e-20 -1.6709561464e+03 2.0505417495e+02 -4.6638892802e+09 -1.0016195379e+07 1.9276488726e+06 3.6000000000e+03 0.0000000000e+00 -0.0000000000e+00
8.4360000000e+04 2.6845751463e-14 7.7744106824e-16 1.9588969765e+08 1.8585127156e+07 7.5206380286e-19 3.5596279578e-20 -1.7067671071e+03 2.0177269305e+02 -4.6638892748e+09 -1.0016195380e+07 1.9276488726e+06 3.6000000000e+03 0.0000000000e+00 -0.0000000000e+00
8.7960000000e+04 2.9649672399e-14 9.1496305050e-16 1.8967754245e+08 1.9304921823e+07 8.0623373428e-19 4.0922558043e-20 -1.7448262636e+03 1.9803051246e+02 -4.6638892677e+09 -1.0016195380e+07 1.9276488726e+06 3.6000000000e+03 0.0000000000e+00 -0.0000000000e+00
9.1560000000e+04 3.2654936360e-14 1.0730005212e-15 1.8332392601e+08 2.0010302548e+07 8.6399107602e-19 4.7013862633e-20 -1.7854058924e+03 1.9375083352e+02 -4.6638892581e+09 -1.0016195380e+07 1.9276488726e+06 3.6000000000e+03 0.0000000000e+00 -0.0000000000e+00
9.5160000000e+04 3.5875259695e-14 1.2545404418e-15 1.7681921139e+08 2.0699170729e+07 9.2579438085e-19 5.4004225959e-20 -1.8288281673e+03 1.8883948648e+02 -4.6638892452e+09 -1.0016195379e+07 1.9276488726e+06 3.6000000000e+03 0.0000000000e+00 -0.0000000000e+00
9.8760000000e+04 3.9326163480e-14 1.4631074165e-15 1.7015249365e+08 2.1369050019e+07 9.9219114178e-19 6.2059724680e-20 -1.8754777504e+03 1.8317978785e+02 -4.6638892273e+09 -1.0016195380e+07 1.9276488726e+06 3.6000000000e+03 0.0000000000e+00 -0.0000000000e+00
1.0236000000e+05 4.3025334511e-14 1.7028961982e-15 1.6331134627e+08 2.2016993235e+07 1.0638416218e-18 7.1388554936e-20 -1.9258185347e+03 1.7662546147e+02 -4.6638892021e+09 -1.0016195379e+07 1.9276488726e+06 3.6000000000e+03 0.0000000000e+00 -0.0000000000e+00
1.0596000000e+05 4.6993086251e-14 1.9789472651e-15 1.5628149723e+08 2.2639458996e+07 1.1415510568e-18 8.2255150569e-20 -1.9804162695e+03 1.6899071922e+02 -4.6638891659e+09 -1.0016195379e+07 1.9276488726e+06 3.6000000000e+03 0.0000000000e+00 -0.0000000000e+00
1.0956000000e+05 5.1252956141e-14 2.2973833894e-15 1.4904640943e+08 2.3232145515e+07 1.2263139700e-18 9.5000370565e-20 -2.0399696951e+03 1.6003607759e+02 -4.6638891124e+09 -1.0016195379e+07 1.9276488726e+06 3.6000000000e+03 0.0000000000e+00 -0.0000000000e+00
1.1316000000e+05 5.5832492530e-14 2.6657344602e-15 1.4158672770e+08 2.3789762379e+07 1.3193764113e-18 1.1007103301e-19 -2.1053542715e+03 1.4944760746e+02 -4.6638890312e+09 -1.0016195380e+07 1.9276488726e+06 3.3314654660e+03 0.0000000000e+00 -0.0000000000e+00
1.1615563003e+05 5.9910172946e-14 3.0169842102e-15 1.3519181910e+08 2.4222334067e+07 1.4042709337e-18 1.2480796683e-19 -2.1650001642e+03 1.3909361114e+02 -4.6638889825e+09 -1.0016195380e+07 1.9276488726e+06 3.0150096626e+03 0.0000000000e+00 -0.0000000000e+00
1.1917063969e+05 6.4282837222e-14 3.4187116424e-15 1.2856682182e+08 2.4623835685e+07 1.4977889832e-18 1.4214069776e-19 -2.2307048455e+03 1.2691583830e+02 -4.6638889071e+09 -1.0016195379e+07 1.9276488726e+06 2.7227932856e+03 0.0000000000e+00 -0.0000000000e+00
1.2161758360e+05 6.8047844107e-14 3.7860389597e-15 1.2303815248e+08 2.4920679204e+07 1.5806520736e-18 1.5846714637e-19 -2.2889234780e+03 1.1544506758e+02 -4.6638888680e+09 -1.0016195379e+07 1.9276488726e+06 2.4635356102e+03 0.0000000000e+00 -0.0000000000e+00
1.2408111921e+05 7.2052044999e-14 4.1991929351e-15 1.1732187699e+08 2.5189088157e+07 1.6714531894e-18 1.7740963293e-19 -2.3527192737e+03 1.0213629937e+02 -4.6638888089e+09 -1.0016195379e+07 1.9276488726e+06 2.2235976116e+03 0.0000000000e+00 -0.0000000000e+00
1.2607621117e+05 7.5465357249e-14 4.5702986567e-15 1.1257275562e+08 2.5380805028e+07 1.7512651583e-18 1.9497424779e-19 -2.4087942241e+03 8.9795607620e+01 -4.6638887793e+09 -1.0016195379e+07 1.9276488726e+06 2.0099855836e+03 0.0000000000e+00 -0.0000000000e+00
1.2788388501e+05 7.8700625272e-14 4.9386729916e-15 1.0816957503e+08 2.5531937841e+07 1.8291626528e-18 2.1294852316e-19 -2.4635240873e+03 7.7167093203e+01 -4.6638887542e+09 -1.0016195379e+07 1.9276488726e+06 1.8216628500e+03 0.0000000000e+00 -0.0000000000e+00
1.2951604729e+05 8.1747035504e-14 5.3008269217e-15 1.0410590229e+08 2.5647638137e+07 1.9046871124e-18 2.3116446085e-19 -2.5165866841e+03 6.4368789685e+01 -4.6638887336e+09 -1.0016195379e+07 1.9276488726e+06 1.6463576349e+03 0.0000000000e+00 -0.0000000000e+00
1.3098206748e+05 8.4591968460e-14 5.6528570170e-15 1.0037956298e+08 2.5732773246e+07 1.9772738437e-18 2.4940927886e-19 -2.5675852676e+03 5.1550195199e+01 -4.6638887173e+09 -1.0016195379e+07 1.9276488726e+06 1.4810983446e+03 0.0000000000e+00 -0.0000000000e+00
1.3228716838e+05 8.7216989747e-14 5.9899043953e-15 9.6997354415e+07 2.5791941404e+07 2.0461426826e-18 2.6739255524e-19 -2.6159717035e+03 3.8915356780e+01 -4.6638887052e+09 -1.0016195380e+07 1.9276488726e+06 1.3222882941e+03 0.0000000000e+00 -0.0000000000e+00
1.3343006028e+05 8.9591723632e-14 6.3052417329e-15 9.3982138029e+07 2.5829576662e+07 2.1101166764e-18 2.8468883496e-19 -2.6609190789e+03 2.6763194134e+01 -4.6638886971e+09 -1.0016195379e+07 1.9276488726e+06 1.1649508095e+03 0.0000000000e+00 -0.0000000000e+00
1.3439564260e+05 9.1656503166e-14 6.5877044123e-15 9.1393629250e+07 2.5850098611e+07 2.1671098818e-18 3.0058054142e-19 -2.7009618346e+03 1.5597868141e+01 -4.6638886927e+09 -1.0016195379e+07 1.9276488726e+06 1.0011870525e+03 0.0000000000e+00 -0.0000000000e+00
1.3511557230e+05 9.3232551981e-14 6.8086264783e-15 8.9437968071e+07 2.5858148621e+07 2.2115143509e-18 3.1327925587e-19 -2.7321598921e+03 6.6759007606e+00 -4.6638886915e+09 -1.0016195379e+07 1.9276488726e+06 8.2417823238e+02 0.0000000000e+00 -0.0000000000e+00
1.3585028943e+05 9.4874587457e-14 7.0438085680e-15 8.7418520288e+07 2.5859533233e+07 2.2586459545e-18 3.2706348707e-19 -2.7652740023e+03 -3.0087379118e+00 -4.6638886899e+09 -1.0016195379e+07 1.9276488726e+06 6.9821669089e+02 0.0000000000e+00 -0.0000000000e+00
1.3654850612e+05 9.6467777230e-14 7.2769874128e-15 8.5476402157e+07 2.5854047651e+07 2.3052574420e-18 3.4100677525e-19 -2.7980226850e+03 -1.2805128148e+01 -4.6638886884e+09 -1.0016195379e+07 1.9276488726e+06 8.6209414372e+02 0.0000000000e+00 -0.0000000000e+00
1.3741060026e+05 9.8480855084e-14 7.5788233354e-15 8.3046166354e+07 2.5837488907e+07 2.3654525054e-18 3.5947406406e-19 -2.8403150284e+03 -2.5780028003e+01 -4.6638886831e+09 -1.0016195379e+07 1.9276488726e+06 9.4468843306e+02 0.0000000000e+00 -0.0000000000e+00
1.3835528869e+05 1.0074803974e-13 7.9286560088e-15 8.0340070981e+07 2.5805939127e+07 2.4350722737e-18 3.8148491750e-19 -2.8892290586e+03 -4.1244594681e+01 -4.6638886726e+09 -1.0016195379e+07 1.9276488726e+06 9.8504968954e+02 0.0000000000e+00 -0.0000000000e+00
1.3934033838e+05 1.0318428155e-13 8.3166470307e-15 7.7467637305e+07 2.5756732955e+07 2.5121693790e-18 4.0668309772e-19 -2.9433965778e+03 -5.8948539650e+01 -4.6638886556e+09 -1.0016195379e+07 1.9276488726e+06 9.9992427920e+02 0.0000000000e+00 -0.0000000000e+00
1.4034026266e+05 1.0573754584e-13 8.7371944011e-15 7.4495457154e+07 2.5688026368e+07 2.5956783289e-18 4.3496287734e-19 -3.0020689835e+03 -7.8817580108e+01 -4.6638886312e+09 -1.0016195379e+07 1.9276488726e+06 9.9783662370e+02 0.0000000000e+00 -0.0000000000e+00
1.4133809929e+05 1.0837161990e-13 9.1865866080e-15 7.1468961053e+07 2.5598580296e+07 2.6849390884e-18 4.6633698418e-19 -3.0647825430e+03 -1.0086065847e+02 -4.6638885984e+09 -1.0016195379e+07 1.9276488726e+06 9.8390377522e+02 0.0000000000e+00 -0.0000000000e+00
1.4232200306e+05 1.1105929773e-13 9.6620952354e-15 6.8421221704e+07 2.5487625411e+07 2.7795103348e-18 5.0088646233e-19 -3.1312271881e+03 -1.2513471535e+02 -4.6638885564e+09 -1.0016195379e+07 1.9276488726e+06 9.6152955312e+02 0.0000000000e+00 -0.0000000000e+00
1.4328353261e+05 1.1377914505e-13 1.0161558244e-14 6.5377245697e+07 2.5354766384e+07 2.8790817375e-18 5.3873823725e-19 -3.2011848842e+03 -1.5172892709e+02 -4.6638885042e+09 -1.0016195379e+07 1.9276488726e+06 9.3312950783e+02 0.0000000000e+00 -0.0000000000e+00
1.4421666212e+05 1.1651375315e-13 1.0683164791e-14 6.2356364867e+07 2.5199908942e+07 2.9834270306e-18 5.8005398067e-19 -3.2744966595e+03 -1.8075688235e+02 -4.6638884410e+09 -1.0016195379e+07 1.9276488726e+06 9.0049070116e+02 0.0000000000e+00 -0.0000000000e+00
1.4511715282e+05 1.1924870382e-13 1.1225335108e-14 5.9373704137e+07 2.5023201737e+07 3.0923763912e-18 6.2502429891e-19 -3.3510431986e+03 -2.1235249889e+02 -4.6638883658e+09 -1.0016195379e+07 1.9276488726e+06 8.6497115113e+02 0.0000000000e+00 -0.0000000000e+00
1.4598212397e+05 1.2197190938e-13 1.1786649900e-14 5.6441150768e+07 2.4824988646e+07 3.2057989134e-18 6.7386572006e-19 -3.4307325283e+03 -2.4666790678e+02 -4.6638882776e+09 -1.0016195379e+07 1.9276488726e+06 8.2762031548e+02 0.0000000000e+00 -0.0000000000e+00
1.4680974429e+05 1.2467316599e-13 1.2365807482e-14 5.3568031795e+07 2.4605768915e+07 3.3235907589e-18 7.2681929185e-19 -3.5134916932e+03 -2.8387246334e+02 -4.6638881757e+09 -1.0016195379e+07 1.9276488726e+06 7.8925705699e+02 0.0000000000e+00 -0.0000000000e+00
1.4759900135e+05 1.2734383559e-13 1.2961597337e-14 5.0761609238e+07 2.4366163440e+07 3.4456666748e-18 7.8415018568e-19 -3.5992607955e+03 -3.2415247486e+02 -4.6638880588e+09 -1.0016195380e+07 1.9276488726e+06 7.5052297476e+02 0.0000000000e+00 -0.0000000000e+00
1.4834952432e+05 1.2997660913e-13 1.3572883808e-14 4.8027455319e+07 2.4106886023e+07 3.5719535821e-18 8.4614798083e-19 -3.6879884908e+03 -3.6771139635e+02 -4.6638879261e+09 -1.0016195380e+07 1.9276488726e+06 7.1192056428e+02 0.0000000000e+00 -0.0000000000e+00
1.4906144489e+05 1.3256532343e-13 1.4198596250e-14 4.5369745051e+07 2.3828718749e+07 3.7023854616e-18 9.1312744703e-19 -3.7796283949e+03 -4.1477038131e+02 -4.6638877765e+09 -1.0016195380e+07 1.9276488726e+06 6.7384153556e+02 0.0000000000e+00 -0.0000000000e+00
1.4973528642e+05 1.3510481474e-13 1.4837723386e-14 4.2791489687e+07 2.3532490823e+07 3.8368990530e-18 9.8542972343e-19 -3.8741360617e+03 -4.6556911009e+02 -4.6638876089e+09 -1.0016195380e+07 1.9276488726e+06 6.3658844735e+02 0.0000000000e+00 -0.0000000000e+00
1.5037187487e+05 1.3759079820e-13 1.5489310478e-14 4.0294726454e+07 2.3219060339e+07 3.9754300407e-18 1.0634238389e-18 -3.9714663039e+03 -5.2036685803e+02 -4.6638874222e+09 -1.0016195380e+07 1.9276488726e+06 6.0039162235e+02 0.0000000000e+00 -0.0000000000e+00
1.5097226649e+05 1.4001976628e-13 1.6152458397e-14 3.7880675022e+07 2.2889298558e+07 4.1179095010e-18 1.1475085479e-18 -4.0715706964e+03 -5.7944378535e+02 -4.6638872151e+09 -1.0016195380e+07 1.9276488726e+06 5.6542261418e+02 0.0000000000e+00 -0.0000000000e+00
1.5153768911e+05 1.4238890156e-13 1.6826324007e-14 3.5549868051e+07 2.2544076304e+07 4.2642604375e-18 1.2381144772e-18 -4.1743951426e+03 -6.4310244534e+02 -4.6638869866e+09 -1.0016195380e+07 1.9276488726e+06 5.3180508311e+02 0.0000000000e+00 -0.0000000000e+00
1.5206949419e+05 1.4469600063e-13 1.7510121488e-14 3.3302261082e+07 2.2184252176e+07 4.4143942666e-18 1.3357065931e-18 -4.2798774047e+03 -7.1166951784e+02 -4.6638867354e+09 -1.0016195380e+07 1.9276488726e+06 4.9962367338e+02 0.0000000000e+00 -0.0000000000e+00
1.5256911786e+05 1.4693940693e-13 1.8203124357e-14 3.1137325694e+07 2.1810662279e+07 4.5682071304e-18 1.4407870123e-18 -4.3879445132e+03 -7.8549778408e+02 -4.6638864602e+09 -1.0016195380e+07 1.9276488726e+06 4.6893132264e+02 0.0000000000e+00 -0.0000000000e+00
1.5303804918e+05 1.4911795102e-13 1.8904668066e-14 2.9054128864e+07 2.1424111209e+07 4.7255759216e-18 1.5538981917e-18 -4.4985099745e+03 -8.6496836801e+02 -4.6638861598e+09 -1.0016195379e+07 1.9276488726e+06 4.3975531451e+02 0.0000000000e+00 -0.0000000000e+00
1.5347780450e+05 1.5123089698e-13 1.9614153091e-14 2.7051400817e+07 2.1025364064e+07 4.8863539016e-18 1.6756265458e-18 -4.6114706917e+03 -9.5049327752e+02 -4.6638858329e+09 -1.0016195380e+07 1.9276488725e+06 4.1210231690e+02 0.0000000000e+00 -0.0000000000e+00
1.5388990682e+05 1.5327789429e-13 2.0331048545e-14 2.5127593138e+07 2.0615139231e+07 5.0503657830e-18 1.8066065531e-18 -4.7267035100e+03 -1.0425182897e+03 -4.6638854782e+09 -1.0016195380e+07 1.9276488725e+06 3.8596258849e+02 0.0000000000e+00 -0.0000000000e+00
1.5427586940e+05 1.5525893448e-13 2.1054896348e-14 2.3280928585e+07 2.0194101733e+07 5.2174021290e-18 1.9475254320e-18 -4.8440612817e+03 -1.1415262362e+03 -4.6638850944e+09 -1.0016195380e+07 1.9276488725e+06 3.6131350132e+02 0.0000000000e+00 -0.0000000000e+00
1.5463718291e+05 1.5717431202e-13 2.1785316079e-14 2.1509443729e+07 1.9762856901e+07 5.3872128955e-18 2.0991284873e-18 -4.9633683284e+03 -1.2480407593e+03 -4.6638846804e+09 -1.0016195380e+07 1.9276488726e+06 3.3812249614e+02 0.0000000000e+00 -0.0000000000e+00
1.5497530540e+05 1.5902458917e-13 2.2522010657e-14 1.9811025363e+07 1.9321944128e+07 5.5594999019e-18 2.2622252547e-18 -5.0844151522e+03 -1.3626306293e+03 -4.6638842349e+09 -1.0016195380e+07 1.9276488726e+06 3.1634956953e+02 0.0000000000e+00 -0.0000000000e+00
1.5529165497e+05 1.6081056446e-13 2.3264773099e-14 1.8183441419e+07 1.8871830433e+07 5.7339079674e-18 2.4376966080e-18 -5.2069522072e+03 -1.4859147377e+03 -4.6638837569e+09 -1.0016195380e+07 1.9276488725e+06 2.9594937222e+02 0.0000000000e+00 -0.0000000000e+00
1.5558760434e+05 1.6253324457e-13 2.4013494649e-14 1.6624367020e+07 1.8412903535e+07 5.9100143738e-18 2.6265030376e-18 -5.3306824965e+03 -1.6185679139e+03 -4.6638832455e+09 -1.0016195380e+07 1.9276488726e+06 2.7687298992e+02 0.0000000000e+00 -0.0000000000e+00
1.5586447733e+05 1.6419381951e-13 2.4768174705e-14 1.5131406138e+07 1.7945464079e+07 6.0873162203e-18 2.8296943731e-18 -5.4552526879e+03 -1.7613277557e+03 -4.6638827000e+09 -1.0016195380e+07 1.9276488726e+06 2.5906946732e+02 0.0000000000e+00 -0.0000000000e+00
1.5612354680e+05 1.6579364091e-13 2.5528933080e-14 1.3702109224e+07 1.7469716543e+07 6.2652150994e-18 3.0484213068e-18 -5.5802423474e+03 -1.9150027261e+03 -4.6638821198e+09 -1.0016195380e+07 1.9276488726e+06 2.4248713197e+02 0.0000000000e+00 -0.0000000000e+00
1.5636603393e+05 1.6733420350e-13 2.6296025375e-14 1.2333987074e+07 1.6985758291e+07 6.4429983309e-18 3.2839491900e-18 -5.7051507543e+03 -2.0804818459e+03 -4.6638815050e+09 -1.0016195380e+07 1.9276488725e+06 2.2707477155e+02 0.0000000000e+00 -0.0000000000e+00
1.5659310870e+05 1.6881712978e-13 2.7069862453e-14 1.1024521071e+07 1.6493565985e+07 6.6198157235e-18 3.5376747381e-18 -5.8293805742e+03 -2.2587464310e+03 -4.6638808560e+09 -1.0016195380e+07 1.9276488725e+06 2.1278272026e+02 0.0000000000e+00 -0.0000000000e+00
1.5680589143e+05 1.7024415801e-13 2.7851035451e-14 9.7711697891e+06 1.5992978365e+07 6.7946504385e-18 3.8111465077e-18 -5.9522173880e+03 -2.4508844790e+03 -4.6638801740e+09 -1.0016195380e+07 1.9276488725e+06 1.9956391626e+02 0.0000000000e+00 -0.0000000000e+00
1.5700545534e+05 1.7161713383e-13 2.8640348319e-14 8.5713718158e+06 1.5483673978e+07 6.9662819570e-18 4.1060903421e-18 -6.0728036738e+03 -2.6581085471e+03 -4.6638794611e+09 -1.0016195380e+07 1.9276488726e+06 1.8737500021e+02 0.0000000000e+00 -0.0000000000e+00
1.5719283034e+05 1.7293800595e-13 2.9438860724e-14 7.4225444147e+06 1.4965141875e+07 7.1332382835e-18 4.4244414548e-18 -6.1901052245e+03 -2.8817782936e+03 -4.6638787205e+09 -1.0016195380e+07 1.9276488725e+06 1.7617755351e+02 0.0000000000e+00 -0.0000000000e+00
1.5736900790e+05 1.7420882660e-13 3.0247945472e-14 6.3220773857e+06 1.4436642386e+07 7.2937331816e-18 4.7683855348e-18 -6.3028670518e+03 -3.1234293578e+03 -4.6638779573e+09 -1.0016195380e+07 1.9276488726e+06 1.6593960215e+02 0.0000000000e+00 -0.0000000000e+00
1.5753494750e+05 1.7543175778e-13 3.1069366612e-14 5.2673210978e+06 1.3897153708e+07 7.4455821336e-18 5.1404123017e-18 -6.4095543390e+03 -3.3848109874e+03 -4.6638771788e+09 -1.0016195380e+07 1.9276488726e+06 1.5663757628e+02 0.0000000000e+00 -0.0000000000e+00
1.5769158507e+05 1.7660908461e-13 3.1905387522e-14 4.2555671672e+06 1.3345297870e+07 7.5860872896e-18 5.5433865166e-18 -6.5082716086e+03 -3.6679359299e+03 -4.6638763953e+09 -1.0016195380e+07 1.9276488726e+06 1.4825899663e+02 0.0000000000e+00 -0.0000000000e+00
1.5783984407e+05 1.7774323779e-13 3.2758923292e-14 3.2840196515e+06 1.2779236184e+07 7.7118759618e-18 5.9806437692e-18 -6.5966492498e+03 -3.9751477314e+03 -4.6638756212e+09 -1.0016195380e+07 1.9276488725e+06 1.4080628670e+02 0.0000000000e+00 -0.0000000000e+00
1.5798065036e+05 1.7883682687e-13 3.3633759707e-14 2.3497540907e+06 1.2196518773e+07 7.8186673899e-18 6.4561216277e-18 -6.6716796508e+03 -4.3092128810e+03 -4.6638748769e+09 -1.0016195380e+07 1.9276488726e+06 1.3015297517e+02 0.0000000000e+00 -0.0000000000e+00
1.5808940456e+05 1.7969100464e-13 3.4358021928e-14 1.6214655072e+06 1.1712324177e+07 7.8872239991e-18 6.8705337173e-18 -6.7198467179e+03 -4.6003739397e+03 -4.6638746363e+09 -1.0016195380e+07 1.9276488725e+06 1.1146475271e+02 0.0000000000e+00 -0.0000000000e+00
1.5818134454e+05 1.8041829302e-13 3.5007219822e-14 1.0021413797e+06 1.1277055728e+07 7.9311931001e-18 7.2576390862e-18 -6.7507388910e+03 -4.8723496177e+03 -4.6638745230e+09 -1.0016195380e+07 1.9276488725e+06 9.5077121051e+01 7.2059984818e-293 -5.0993889885e-285
1.5825459787e+05 1.8100018620e-13 3.5550992599e-14 5.0699012589e+05 1.0911619924e+07 7.9538672096e-18 7.5928855546e-18 -6.7666694536e+03 -5.1078898423e+03 -4.6638744851e+09 -1.0016195380e+07 1.9276488726e+06 7.8929571365e+01 5.7527438990e-269 -4.1456537672e-261
1.5829678401e+05 1.8133589166e-13 3.5875594424e-14 2.2141628965e+05 1.0693125567e+07 7.9607417224e-18 7.7976102433e-18 -6.7714994053e+03 -5.2517270001e+03 -4.6638744827e+09 -1.0016195380e+07 1.9276488726e+06 6.4661890310e+01 2.8034817109e-255 -2.0420424898e-247
1.5836144590e+05 1.8185072144e-13 3.6390399850e-14 -2.1649307303e+05 1.0346093498e+07 7.9607054974e-18 8.1290272469e-18 -6.7714739541e+03 -5.4845766877e+03 -4.6638744633e+09 -1.0016195380e+07 1.9276488726e+06 6.2558953075e+01 1.9315935890e-234 -1.4307087107e-226
1.5842400485e+05 1.8234836225e-13 3.6909530271e-14 -6.3984761887e+05 9.9955458302e+06 7.9461842488e-18 8.4711099401e-18 -6.7612714957e+03 -5.7249199635e+03 -4.6638744484e+09 -1.0016195380e+07 1.9276488725e+06 7.5233860032e+01 1.7444220969e-214 -1.3136397715e-206
1.5849923871e+05 1.8294483247e-13 3.7563225288e-14 -1.1475743486e+06 9.5533291037e+06 7.9056152624e-18 8.9120947264e-18 -6.7327682032e+03 -6.0347506863e+03 -4.6638744185e+09 -1.0016195380e+07 1.9276488725e+06 8.1990283771e+01 7.9300167097e-191 -6.0944232907e-183
1.5858122899e+05 1.8359002641e-13 3.8314935635e-14 -1.6974953967e+06 9.0437801959e+06 7.8257886293e-18 9.4313300441e-18 -6.6766829498e+03 -6.3995593119e+03 -4.6638743840e+09 -1.0016195380e+07 1.9276488725e+06 8.6216794231e+01 1.3707504666e-165 -1.0775633105e-157
1.5866744579e+05 1.8425936437e-13 3.9153212161e-14 -2.2693601624e+06 8.4743694072e+06 7.6914382971e-18 1.0022146926e-17 -6.5822899870e+03 -6.8146603021e+03 -4.6638743317e+09 -1.0016195380e+07 1.9276488726e+06 8.9899374487e+01 7.6326396770e-140 -6.1468123221e-132
1.5875734516e+05 1.8494199594e-13 4.0083703521e-14 -2.8549043359e+06 7.8410047039e+06 7.4819433020e-18 1.0686619051e-17 -6.4351012681e+03 -7.2815105997e+03 -4.6638741583e+09 -1.0016195380e+07 1.9276488726e+06 9.5198650343e+01 4.0610372547e-114 -3.3543858787e-106
1.5885254381e+05 1.8563997221e-13 4.1136522653e-14 -3.4574740472e+06 7.1228957296e+06 7.1631634343e-18 1.1439468876e-17 -6.2111302834e+03 -7.8104540300e+03 -4.6638734339e+09 -1.0016195380e+07 1.9276488726e+06 1.0802364267e+02 1.7569611965e-88 -1.4902875051e-80
1.5896056746e+05 1.8638769905e-13 4.2420552582e-14 -4.1101105909e+06 6.2452492491e+06 6.6512833518e-18 1.2339777856e-17 -5.8514893596e+03 -8.4430005277e+03 -4.6638696189e+09 -1.0016195380e+07 1.9276488725e+06 9.8093282429e+01 5.6099978288e-62 -4.8984380902e-54
1.5904665635e+05 1.8693781209e-13 4.3514371871e-14 -4.5980586231e+06 5.4962681169e+06 6.1071644865e-18 1.3071570336e-17 -5.4691978462e+03 -8.9571493146e+03 -4.6638667956e+09 -1.0016195380e+07 1.9276488726e+06 8.6128820297e+01 2.4655352137e-43 -2.1994186022e-35
1.5913278517e+05 1.8743553069e-13 4.4671323997e-14 -5.0492419875e+06 4.7029396495e+06 5.4269470070e-18 1.3789011160e-17 -4.9912850477e+03 -9.4612147968e+03 -4.6638620814e+09 -1.0016195380e+07 1.9276488725e+06 7.8717909310e+01 2.2692699654e-27 -2.0633377225e-19
1.5921150308e+05 1.8783415859e-13 4.5781304479e-14 -5.4220725507e+06 3.9409322434e+06 4.6814267667e-18 1.4403320485e-17 -4.4674912977e+03 -9.8928213017e+03 -4.6638579483e+09 -1.0016195380e+07 1.9276488726e+06 7.3685257003e+01 1.5893728445e-15 -1.4664457576e-07
1.5927551327e+05 1.8811210279e-13 4.6717932559e-14 -5.6927809305e+06 3.2973847454e+06 3.9908928622e-18 1.4852540241e-17 -3.9823303002e+03 -1.0208437817e+04 -4.6638563313e+09 -1.0016195379e+07 1.9276488747e+06 6.4878443554e+01 4.5730734634e-08 -4.2593806351e+00
1.5930526833e+05 1.8822575972e-13 4.7162709756e-14 -5.8076976015e+06 2.9916374389e+06 3.6462561145e-18 1.5040965784e-17 -3.7401925306e+03 -1.0340823263e+04 -4.6638685883e+09 -1.0016194994e+07 1.9276499250e+06 5.3485622061e+01 2.5981573154e-05 -2.4284906190e+03
1.5932195452e+05 1.8828494518e-13 4.7414520150e-14 -5.8689432125e+06 2.8185025654e+06 3.4469996228e-18 1.5140107206e-17 -3.6001962696e+03 -1.0410476021e+04 -4.6641500755e+09 -1.0016186544e+07 1.9276740539e+06 2.9824633209e+01 5.6730565278e-04 -5.3117423552e+04
1.5933756232e+05 1.8833726683e-13 4.7651517983e-14 -5.9240955570e+06 2.6555304862e+06 3.2569851593e-18 1.5228302812e-17 -3.4666807921e+03 -1.0472400834e+04 -4.6681424453e+09 -1.0016071361e+07 1.9280173106e+06 1.8875828684e+01 7.4196621909e-03 -6.9571091593e+05
1.5935023131e+05 1.8837753934e-13 4.7844880632e-14 -5.9673188162e+06 2.5225510037e+06 3.1003130818e-18 1.5296523125e-17 -3.3565190446e+03 -1.0520066257e+04 -4.6943103507e+09 -1.0015342155e+07 1.9302729178e+06 1.3548548085e+01 4.7743415645e-02 -4.4812788673e+06
1.5936079748e+05 1.8840960035e-13 4.8006796189e-14 -6.0022929943e+06 2.4111948604e+06 2.9680704209e-18 1.5351031028e-17 -3.2632749187e+03 -1.0557302054e+04 -4.7986883638e+09 -1.0012520255e+07 1.9392898372e+06 1.0841106803e+01 1.9300113435e-01 -1.8127860907e+07
1.5937002359e+05 1.8843644706e-13 4.8148638863e-14 -6.0320193775e+06 2.3136546833e+06 2.8514893298e-18 1.5396801790e-17 -3.1804128410e+03 -1.0586323102e+04 -5.1067123160e+09 -1.0004414871e+07 1.9659539165e+06 9.3252485858e+00 5.8133428876e-01 -5.4620324851e+07
1.5937934883e+05 1.8846248460e-13 4.8292426733e-14 -6.0612783214e+06 2.2148230278e+06 2.7326582151e-18 1.5441298742e-17 -3.0942571071e+03 -1.0608557672e+04 -5.9911415151e+09 -9.9817505498e+06 2.0426958784e+06 8.4118837061e+00 1.5835186330e+00 -1.4874016255e+08
1.5938776072e+05 1.8848501765e-13 4.8422480482e-14 -6.0869671824e+06 2.1255426254e+06 2.6246513870e-18 1.5479887115e-17 -3.0126791814e+03 -1.0615845561e+04 -7.9271847850e+09 -9.9333549589e+06 2.2111985847e+06 7.9691008762e+00 3.5419636633e+00 -3.3222895706e+08
1.5939572982e+05 1.8850552380e-13 4.8545982338e-14 -6.1106486115e+06 2.0409831165e+06 2.5216565324e-18 1.5515067863e-17 -2.9293886439e+03 -1.0601485766e+04 -1.1727024066e+10 -9.8404706618e+06 2.5433562700e+06 8.0404687412e+00 6.9468826149e+00 -6.4946056401e+08
1.5940377029e+05 1.8852537922e-13 4.8670868869e-14 -6.1338338723e+06 1.9559134829e+06 2.4171142195e-18 1.5549191829e-17 -2.8358089123e+03 -1.0551502188e+04 -1.8869346783e+10 -9.6693696356e+06 3.1720050090e+06 9.1215835232e+00 1.2515574429e+01 -1.1623267788e+09
1.5941289187e+05 1.8854688355e-13 4.8812872382e-14 -6.1591551571e+06 1.8601643984e+06 2.2978063010e-18 1.5586225550e-17 -2.7126606798e+03 -1.0428595748e+04 -3.3076129480e+10 -9.3351165492e+06 4.4378751230e+06 9.6048022313e+00 2.1759500321e+01 -1.9930142029e+09
1.5942045281e+05 1.8856388154e-13 4.8930830574e-14 -6.1792244488e+06 1.7819235339e+06 2.1983828457e-18 1.5615571461e-17 -2.5931870863e+03 -1.0255595267e+04 -5.1215968163e+10 -8.9133478794e+06 6.0836329967e+06 7.7080929839e+00 3.1313985288e+01 -2.8156321081e+09
1.5942816090e+05 1.8858043477e-13 4.9051308141e-14 -6.1986868459e+06 1.7037959245e+06 2.0965725768e-18 1.5644238835e-17 -2.4537423113e+03 -1.0002896819e+04 -7.6164228011e+10 -8.3360782172e+06 8.4027713634e+06 6.9430599473e+00 4.1606600986e+01 -3.6424655651e+09
1.5943510396e+05 1.8859467199e-13 4.9160013561e-14 -6.2152454962e+06 1.6353276371e+06 2.0045098125e-18 1.5668999143e-17 -2.3140955235e+03 -9.7101612877e+03 -1.0366659413e+11 -7.6988793494e+06 1.1038891936e+07 6.5741307774e+00 5.0076572863e+01 -4.2488884749e+09
1.5944167809e+05 1.8860756258e-13 4.9263098175e-14 -6.2299968559e+06 1.5725407367e+06 1.9170544945e-18 1.5691538659e-17 -2.1723357747e+03 -9.3840214818e+03 -1.3294971292e+11 -7.0162046441e+06 1.3945686273e+07 6.0319152234e+00 5.6476723989e+01 -4.6239490134e+09
1.5944771001e+05 1.8861888351e-13 4.9357808665e-14 -6.2426939616e+06 1.5169229086e+06 1.8365899398e-18 1.5711467190e-17 -2.0370520306e+03 -9.0529813632e+03 -1.6139530643e+11 -6.3468271398e+06 1.6878540474e+07 5.6207073515e+00 6.0577867562e+01 -4.7780396242e+09
1.5945333071e+05 1.8862899531e-13 4.9446168929e-14 -6.2537840558e+06 1.4669506613e+06 1.7614353477e-18 1.5729410356e-17 -1.9089594757e+03 -8.7262704592e+03 -1.8829760461e+11 -5.7068636472e+06 1.9762739744e+07 5.3465968362e+00 6.2861645073e+01 -4.7729197481e+09
1.5945867731e+05 1.8863822155e-13 4.9530312155e-14 -6.2636644434e+06 1.4211474655e+06 1.6898012071e-18 1.5745936409e-17 -1.7871228317e+03 -8.4063474414e+03 -2.1356122798e+11 -5.0990512604e+06 2.2580778985e+07 5.1425234883e+00 6.3831970647e+01 -4.6629768201e+09
1.5946381984e+05 1.8864673397e-13 4.9611325835e-14 -6.2725559740e+06 1.3787166437e+06 1.6207780692e-18 1.5761350572e-17 -1.6712106757e+03 -8.0954271368e+03 -2.3711742180e+11 -4.5260041142e+06 2.5315654951e+07 4.9875041381e+00 6.3898333819e+01 -4.4896307986e+09
1.5946880734e+05 1.8865465044e-13 4.9689972008e-14 -6.2806148730e+06 1.3390921551e+06 1.5537283026e-18 1.5775865647e-17 -1.5608069000e+03 -7.7943860669e+03 -2.5900549731e+11 -3.9879932271e+06 2.7961188074e+07 4.8741721267e+00 6.3389082717e+01 -4.2830452685e+09
1.5947368151e+05 1.8866206370e-13 4.9766900050e-14 -6.2879643951e+06 1.3018128777e+06 1.4881067333e-18 1.5789652687e-17 -1.4553182305e+03 -7.5028374223e+03 -2.7935109829e+11 -3.4832315475e+06 3.0521687758e+07 4.7982532767e+00 6.2555010263e+01 -4.0637460810e+09
1.5947847976e+05 1.8866904885e-13 4.9842694620e-14 -6.2947033761e+06 1.2664936280e+06 1.4234208135e-18 1.5802854773e-17 -1.3540513072e+03 -7.2195421254e+03 -2.9832388075e+11 -3.0087670125e+06 3.3008540637e+07 4.7568007720e+00 6.1580959284e+01 -3.8448748114e+09
1.5948323657e+05 1.8867566710e-13 4.9917896086e-14 -6.3009107482e+06 1.2328116831e+06 1.3592138818e-18 1.5815593934e-17 -1.2562787605e+03 -6.9427242004e+03 -3.1610850069e+11 -2.5611441621e+06 3.5437571272e+07 4.7488598064e+00 6.0601017655e+01 -3.6343335808e+09
1.5948798543e+05 1.8868196947e-13 4.9993031660e-14 -6.3066500082e+06 1.2004901735e+06 1.2950390400e-18 1.5827978717e-17 -1.1612580808e+03 -6.6702010484e+03 -3.3289186527e+11 -2.1367205406e+06 3.7827979987e+07 4.7769303608e+00 5.9712506716e+01 -3.4364261737e+09
1.5949276236e+05 1.8868800145e-13 5.0068669923e-14 -6.3119740126e+06 1.1692751935e+06 1.2304128679e-18 1.5840114267e-17 -1.0682039898e+03 -6.3993313701e+03 -3.4886264606e+11 -1.7317082656e+06 4.0202845757e+07 4.8498525109e+00 5.8987244985e+01 -3.2529651293e+09
1.5949761221e+05 1.8869380952e-13 5.0145521376e-14 -6.3169305664e+06 1.1389011686e+06 1.1647296229e-18 1.5852117925e-17 -9.7620229372e+02 -6.1267335233e+03 -3.6422209624e+11 -1.3419541888e+06 4.2591613300e+07 4.9903080666e+00 5.8480498147e+01 -3.0839193461e+09
1.5950260252e+05 1.8869945310e-13 5.0224658481e-14 -6.3215710408e+06 1.1090238057e+06 1.0970730661e-18 1.5864150215e-17 -8.8399732016e+02 -5.8475258712e+03 -3.7921463972e+11 -9.6225687077e+05 4.5036735181e+07 5.2608431703e+00 5.8239159212e+01 -2.9276081425e+09
1.5950786336e+05 1.8870503685e-13 5.0308149922e-14 -6.3259715385e+06 1.0790351333e+06 1.0256736805e-18 1.5876500952e-17 -7.8935605710e+02 -5.5530163624e+03 -3.9422120682e+11 -5.8420326517e+05 4.7613824604e+07 5.3130628999e+00 5.8313485725e+01 -2.7801030461e+09
1.5951249948e+05 1.8870964603e-13 5.0381780070e-14 -6.3294418725e+06 1.0538949814e+06 9.6269123204e-19 1.5887114883e-17 -7.0805152038e+02 -5.2919698927e+03 -4.0683277785e+11 -2.6924588551e+05 4.9896105996e+07 4.6768721152e+00 5.8658327344e+01 -2.6620664458e+09
1.5951717636e+05 1.8871399972e-13 5.0456106636e-14 -6.3325653677e+06 1.0297658940e+06 8.9909848052e-19 1.5897578610e-17 -6.2799866366e+02 -5.0259638651e+03 -4.1902081762e+11 3.1427484553e+04 5.2219646608e+07 4.2626291269e+00 5.9253350686e+01 -2.5510282530e+09
1.5952143899e+05 1.8871770863e-13 5.0523892079e-14 -6.3350899149e+06 1.0088644641e+06 8.4108991430e-19 1.5906913199e-17 -5.5678761518e+02 -4.7802841451e+03 -4.2968667283e+11 2.9029423919e+05 5.4363670389e+07 3.9548881922e+00 5.9981320525e+01 -2.4536624170e+09
1.5952539387e+05 1.8872092855e-13 5.0586818995e-14 -6.3371638815e+06 9.9041521528e+05 7.8722892168e-19 1.5915410073e-17 -4.9228363212e+02 -4.5489871289e+03 -4.3921310922e+11 5.1692024731e+05 5.6380438361e+07 3.7177333802e+00 6.0776193073e+01 -2.3637166021e+09
1.5952911161e+05 1.8872376109e-13 5.0646002880e-14 -6.3388836260e+06 9.7391253427e+05 7.3656295854e-19 1.5923260887e-17 -4.3312211724e+02 -4.3282867212e+03 -4.4784063417e+11 7.1721599188e+05 5.8303276884e+07 3.5246319587e+00 6.1584104388e+01 -2.2770217604e+09
1.5953263624e+05 1.8872627250e-13 5.0702139459e-14 -6.3403134800e+06 9.5903015211e+05 6.8849806364e-19 1.5930587881e-17 -3.7847187096e+02 -4.1160072532e+03 -4.5571580094e+11 8.9469953286e+05 6.0151409175e+07 3.3621414814e+00 6.2356441745e+01 -2.1908096717e+09
1.5953599838e+05 1.8872851022e-13 5.0755711957e-14 -6.3415003213e+06 9.4553577145e+05 6.4262176075e-19 1.5937477190e-17 -3.2777690252e+02 -3.9108236159e+03 -4.6293603561e+11 1.0516334838e+06 6.1936613044e+07 3.2225466735e+00 6.3048671913e+01 -2.1032123958e+09
1.5953922093e+05 1.8873051021e-13 5.0807081743e-14 -6.3424802462e+06 9.3325290535e+05 5.9862562234e-19 1.5943993642e-17 -2.8064049487e+02 -3.7119188918e+03 -4.6957021061e+11 1.1895480102e+06 6.3666219448e+07 3.1009016161e+00 6.3620256791e+01 -2.0130313285e+09
1.5954232183e+05 1.8873230083e-13 5.0856532122e-14 -6.3432820658e+06 9.2204163890e+05 5.5626786683e-19 1.5950188123e-17 -2.3676657378e+02 -3.5188113061e+03 -4.7566934823e+11 1.3095158236e+06 6.5344627367e+07 2.9937450273e+00 6.4035040809e+01 -1.9196121434e+09
1.5954531557e+05 1.8873390491e-13 5.0904291786e-14 -6.3439293626e+06 9.1178775679e+05 5.1535333561e-19 1.5956101660e-17 -1.9592633507e+02 -3.3312552204e+03 -4.8127286613e+11 1.4123162722e+06 6.6974169738e+07 2.8984728220e+00 6.4261886564e+01 -1.8227627858e+09
1.5954821405e+05 1.8873534122e-13 5.0950548338e-14 -6.3444418104e+06 9.0239603643e+05 4.7572195279e-19 1.5961767871e-17 -1.5793740204e+02 -3.1491782349e+03 -4.8641253988e+11 1.4985435847e+06 6.8555662732e+07 2.8130088460e+00 6.4275421606e+01 -1.7226878382e+09
1.5955102706e+05 1.8873662531e-13 5.0995456605e-14 -6.3448360786e+06 8.9378579505e+05 4.3724163285e-19 1.5967214545e-17 -1.2264972387e+02 -2.9726368710e+03 -4.9111518099e+11 1.5686843785e+06 7.0088791859e+07 2.7356287498e+00 6.4056786716e+01 -1.6199263960e+09
1.5955376268e+05 1.8873777023e-13 5.1039144168e-14 -6.3451264835e+06 8.8588773015e+05 3.9980356315e-19 1.5972464720e-17 -8.9935315195e+01 -2.8017817093e+03 -4.9540453438e+11 1.6231767000e+06 7.1572414781e+07 2.6648707606e+00 6.3594281212e+01 -1.5152870464e+09
1.5955642756e+05 1.8873878705e-13 5.1081715490e-14 -6.3453254735e+06 8.7864154017e+05 3.6331868408e-19 1.5977537501e-17 -5.9680319741e+01 -2.6368269150e+03 -4.9930266116e+11 1.6624564635e+06 7.3004825178e+07 2.5994988218e+00 6.2883799408e+01 -1.4097773605e+09
1.5955902705e+05 1.8873968522e-13 5.1123255471e-14 -6.3454439952e+06 8.7199404528e+05 3.2771465664e-19 1.5982448720e-17 -3.1778631198e+01 -2.4780214824e+03 -5.0283094711e+11 1.6869935642e+06 7.4384001158e+07 2.4296359682e+00 6.1928956061e+01 -1.3045281679e+09
1.5956068578e+05 1.8874020996e-13 5.1149768550e-14 -6.3454825612e+06 8.6796673064e+05 3.0498873982e-19 1.5985564455e-17 -1.4835453609e+01 -2.3780974361e+03 -5.0493860930e+11 1.6952913985e+06 7.5251962718e+07 1.9370757158e+00 6.1181252657e+01 -1.2367313951e+09
1.5956185202e+05 1.8874055633e-13 5.1168412797e-14 -6.3454931224e+06 8.6523388367e+05 2.8900700015e-19 1.5987747056e-17 -3.3330079319e+00 -2.3086186880e+03 -5.0635309262e+11 1.6976192375e+06 7.5855566571e+07 1.4286937473e+00 6.0590876219e+01 -1.1889916870e+09
1.5956328071e+05 1.8874095525e-13 5.1191256296e-14 -6.3454880908e+06 8.6199581034e+05 2.6942497119e-19 1.5990412119e-17 1.0290410715e+01 -2.2244842677e+03 -5.0801008190e+11 1.6964744191e+06 7.6586624898e+07 1.6572846697e+00 5.9795643371e+01 -1.1306350750e+09
1.5956493800e+05 1.8874138294e-13 5.1217759515e-14 -6.3454583841e+06 8.5838907242e+05 2.4670479414e-19 1.5993492017e-17 2.5442379505e+01 -2.1283840647e+03 -5.0982806653e+11 1.6895812564e+06 7.7421869778e+07 1.8794671121e+00 5.8775986259e+01 -1.0634078860e+09
1.5956681746e+05 1.8874182239e-13 5.1247822028e-14 -6.3453950769e+06 8.5448961117e+05 2.2093221305e-19 1.5996970461e-17 4.1773552733e+01 -2.0215563186e+03 -5.1175583350e+11 1.6744823746e+06 7.8350678886e+07 1.9786851185e+00 5.7498196159e+01 -9.8821557298e+08
1.5956879615e+05 1.8874223270e-13 5.1279478606e-14 -6.3452962146e+06 8.5059863560e+05 1.9379179836e-19 1.6000616897e-17 5.7986216432e+01 -1.9118233747e+03 -5.1363427181e+11 1.6502074595e+06 7.9305185426e+07 2.0218756488e+00 5.6022006400e+01 -9.1080418982e+08
1.5957081802e+05 1.8874259648e-13 5.1311833617e-14 -6.3451630964e+06 8.4684387968e+05 1.6605137561e-19 1.6004327301e-17 7.3518138835e+01 -1.8028639009e+03 -5.1539783819e+11 1.6165629952e+06 8.0253499485e+07 2.0362229164e+00 5.4387067102e+01 -8.3413875573e+08
1.5957285425e+05 1.8874290615e-13 5.1344425787e-14 -6.3449983591e+06 8.4328162453e+05 1.3810649064e-19 1.6008049029e-17 8.8115202451e+01 -1.6966259859e+03 -5.1702025546e+11 1.5737511830e+06 8.1178747924e+07 2.0345531602e+00 5.2626578727e+01 -7.5996764073e+08
1.5957488880e+05 1.8874315872e-13 5.1376998784e-14 -6.3448051207e+06 8.3993458820e+05 1.1017702885e-19 1.6011753605e-17 1.0167203870e+02 -1.5942058012e+03 -5.1849401115e+11 1.5221895452e+06 8.2071443216e+07 2.0237140652e+00 5.0770909962e+01 -6.8938159778e+08
1.5957691251e+05 1.8874335357e-13 5.1409405713e-14 -6.3445865621e+06 8.3680818704e+05 8.2389072085e-20 1.6015425358e-17 1.1416275081e+02 -1.4962201440e+03 -5.1982132624e+11 1.4624109204e+06 8.2926249014e+07 2.0076973717e+00 4.8848288709e+01 -6.2305200902e+08
1.5957892021e+05 1.8874349130e-13 5.1441563487e-14 -6.3443457152e+06 8.3389849205e+05 5.4813996811e-20 1.6019056001e-17 1.2560618594e+02 -1.4029903116e+03 -5.2100958905e+11 1.3950017695e+06 8.3740384790e+07 1.9889764680e+00 4.6884679663e+01 -5.6135563263e+08
1.5958090919e+05 1.8874357315e-13 5.1473428580e-14 -6.3440853598e+06 8.3119650506e+05 2.7489259790e-20 1.6022641745e-17 1.3604659490e+02 -1.3146447960e+03 -5.2206881695e+11 1.3205619162e+06 8.4512735736e+07 1.9691440066e+00 4.4903512344e+01 -5.0445308501e+08
1.5958287833e+05 1.8874360064e-13 5.1504982956e-14 -6.3438079815e+06 8.2869061173e+05 4.3045633233e-22 1.6026181640e-17 1.4554203734e+02 -1.2311826083e+03 -5.2301016042e+11 1.2396780026e+06 8.5243304582e+07 1.9492449647e+00 4.2925480563e+01 -4.5234526695e+08
1.5958482758e+05 1.8874357537e-13 5.1536225317e-14 -6.3435157645e+06 8.2636804553e+05 -2.6361179308e-20 1.6029676548e-17 1.5415710903e+02 -1.1525152590e+03 -5.2384499911e+11 1.1529064639e+06 8.5932848643e+07 1.9299661630e+00 4.0968471474e+01 -4.0491699031e+08
1.5958675754e+05 1.8874349889e-13 5.1567165383e-14 -6.3432106052e+06 8.2421577513e+05 -5.2893866739e-20 1.6033128485e-17 1.6195828892e+02 -1.0784958933e+03 -5.2458439882e+11 1.0607632836e+06 8.6582628220e+07 1.9117524036e+00 3.9047617679e+01 -3.6197159548e+08
1.5958866930e+05 1.8874337265e-13 5.1597820017e-14 -6.3428941357e+06 8.2222103806e+05 -7.9181961414e-20 1.6036540178e-17 1.6901096638e+02 -1.0089400169e+03 -5.2523879817e+11 9.6371854070e+05 8.7194227799e+07 1.8948821013e+00 3.7175443592e+01 -3.2325840016e+08
1.5959056418e+05 1.8874319791e-13 5.1628210568e-14 -6.3425677528e+06 8.2037165048e+05 -1.0524367177e-19 1.6039914768e-17 1.7537758273e+02 -9.4364037914e+02 -5.2581784418e+11 8.6219424537e+05 8.7769427770e+07 1.8795187929e+00 3.5362073480e+01 -2.8849415693e+08
1.5959244370e+05 1.8874297581e-13 5.1658361030e-14 -6.3422326472e+06 8.1865617332e+05 -1.3109948165e-19 1.6043255608e-17 1.8111652184e+02 -8.8237765346e+02 -5.2633032398e+11 7.5656433118e+05 8.8310112434e+07 1.8657473200e+00 3.3615472730e+01 -2.5737947797e+08
1.5959430944e+05 1.8874270726e-13 5.1688296781e-14 -6.3418898315e+06 8.1706398626e+05 -1.5677106840e-19 1.6046566130e-17 1.8628150480e+02 -8.2492804156e+02 -5.2678415777e+11 6.4715597035e+05 8.8818204573e+07 1.8535999856e+00 3.1941700476e+01 -2.2961108929e+08
1.5959616304e+05 1.8874239303e-13 5.1718043739e-14 -6.3415401667e+06 8.1558530329e+05 -1.8228057962e-19 1.6049849757e-17 1.9092132067e+02 -7.7106860744e+02 -5.2718642909e+11 5.3425160421e+05 8.9295619584e+07 1.8430750141e+00 3.0345158020e+01 -2.0489069413e+08
1.5959800612e+05 1.8874203370e-13 5.1747627821e-14 -6.3411843848e+06 8.1421115284e+05 -2.0765016317e-19 1.6053109849e-17 1.9507977516e+02 -7.2058095999e+02 -5.2754343654e+11 4.1809131438e+05 8.9744233861e+07 1.8341508060e+00 2.8828823722e+01 -1.8293114696e+08
1.5959984027e+05 1.8874162968e-13 5.1777074618e-14 -6.3408231089e+06 8.1293333662e+05 -2.3290169296e-19 1.6056349677e-17 1.9879577959e+02 -6.7325370749e+02 -5.2786075652e+11 2.9887521617e+05 9.0165863757e+07 1.8267959716e+00 2.7394467895e+01 -1.6346052053e+08
1.5960166707e+05 1.8874118124e-13 5.1806409237e-14 -6.3404568703e+06 8.1174437759e+05 -2.5805663269e-19 1.6059572406e-17 2.0210352374e+02 -6.2888403856e+02 -5.2814330995e+11 1.7676574136e+05 9.0562252079e+07 1.8209773590e+00 2.6042845525e+01 -1.4622457108e+08
1.5960348804e+05 1.8874068849e-13 5.1835656277e-14 -6.3400861232e+06 8.1063746301e+05 -2.8313601010e-19 1.6062781102e-17 2.0503269746e+02 -5.8727866473e+02 -5.2839542879e+11 5.1889676097e+04 9.0935060089e+07 1.8166661496e+00 2.4773865613e+01 -1.3098799880e+08
1.5960530471e+05 1.8874015139e-13 5.1864839892e-14 -6.3397112564e+06 8.0960638665e+05 -3.0816047527e-19 1.6065978742e-17 2.0760873720e+02 -5.4825431505e+02 -5.2862091972e+11 -7.5660092063e+04 9.1285863371e+07 1.8138431764e+00 2.3586737801e+01 -1.1753482823e+08
1.5960711855e+05 1.8873956978e-13 5.1893983951e-14 -6.3393326030e+06 8.0864549257e+05 -3.3315043233e-19 1.6069168239e-17 2.0985308338e+02 -5.1163791124e+02 -5.2882312355e+11 -2.0582317318e+05 9.1616150477e+07 1.8125034581e+00 2.2480097312e+01 -1.0566815850e+08
1.5960893106e+05 1.8873894331e-13 5.1923112260e-14 -6.3389504480e+06 8.0774962181e+05 -3.5812623389e-19 1.6072352463e-17 2.1178343992e+02 -4.7726652651e+02 -5.2900496974e+11 -3.3857062945e+05 9.1927323436e+07 1.8126604141e+00 2.1452110033e+01 -9.5209480179e+07
1.5961074372e+05 1.8873827150e-13 5.1952248862e-14 -6.3385650342e+06 8.0691406282e+05 -3.8310843377e-19 1.6075534286e-17 2.1341403200e+02 -4.4498720084e+02 -5.2916902559e+11 -4.7390429452e+05 9.2220699549e+07 1.8143504140e+00 2.0500559683e+01 -8.5997707776e+07
1.5961255807e+05 1.8873755372e-13 5.1981418401e-14 -6.3381765659e+06 8.0613450577e+05 -4.0811810281e-19 1.6078716616e-17 2.1475586053e+02 -4.1465665877e+02 -5.2931754057e+11 -6.1185649542e+05 9.2497514033e+07 1.8176373773e+00 1.9622918915e+01 -7.7888037663e+07
1.5961437570e+05 1.8873678914e-13 5.2010646573e-14 -6.3377852108e+06 8.0540700091e+05 -4.3317720835e-19 1.6081902455e-17 2.1581695343e+02 -3.8614097140e+02 -5.2945248566e+11 -7.5249018415e+05 9.2758923205e+07 1.8226180362e+00 1.8816406544e+01 -7.0750715913e+07
1.5961619832e+05 1.8873597672e-13 5.2039960648e-14 -6.3373911011e+06 8.0472792073e+05 -4.5830906682e-19 1.6085094953e-17 2.1660261402e+02 -3.5931518558e+02 -5.2957558835e+11 -8.9589952788e+05 9.3006007984e+07 1.8294276708e+00 1.8078032836e+01 -6.4469775318e+07
1.5961802775e+05 1.8873511520e-13 5.2069390096e-14 -6.3369943312e+06 8.0409392598e+05 -4.8353887569e-19 1.6088297481e-17 2.1711566717e+02 -3.3406294201e+02 -5.2968836356e+11 -1.0422109947e+06 9.3239777550e+07 1.8382471156e+00 1.7404634926e+01 -5.8941785354e+07
1.5961986600e+05 1.8873420303e-13 5.2098967319e-14 -6.3365949555e+06 8.0350193501e+05 -5.0889434274e-19 1.6091513710e-17 2.1735670270e+02 -3.1027608879e+02 -5.2979214091e+11 -1.1915850419e+06 9.3461173119e+07 1.8452965981e+00 1.6792904088e+01 -5.4074643458e+07
1.5962171129e+05 1.8873324048e-13 5.2128663912e-14 -6.3361938554e+06 8.0295025207e+05 -5.3435104462e-19 1.6094740687e-17 2.1732468162e+02 -2.8790139988e+02 -5.2988788899e+11 -1.3438846447e+06 9.3670629482e+07 1.8440094502e+00 1.6240543750e+01 -4.9795133563e+07
1.5962355530e+05 1.8873223168e-13 5.2158345738e-14 -6.3357933452e+06 8.0243888107e+05 -5.5979393054e-19 1.6097963983e-17 2.1702080942e+02 -2.6695652590e+02 -5.2997618091e+11 -1.4984124731e+06 9.3867910436e+07 1.8432388055e+00 1.5746396407e+01 -4.6047874611e+07
1.5962539854e+05 1.8873117640e-13 5.2188021098e-14 -6.3353938110e+06 8.0196508480e+05 -5.8523005852e-19 1.6101184650e-17 2.1644784075e+02 -2.4734932781e+02 -5.3005796417e+11 -1.6551872631e+06 9.4053805442e+07 1.8427459958e+00 1.5306128033e+01 -4.2762115744e+07
1.5962724129e+05 1.8873007454e-13 5.2217694457e-14 -6.3349956850e+06 8.0152637758e+05 -6.1066319664e-19 1.6104403310e-17 2.1560885253e+02 -2.2899807158e+02 -5.3013404782e+11 -1.8142053638e+06 9.4229012958e+07 1.8423612773e+00 1.4915409512e+01 -3.9876053726e+07
1.5962908365e+05 1.8872892605e-13 5.2247367550e-14 -6.3345994300e+06 8.0112047153e+05 -6.3609477173e-19 1.6107620279e-17 2.1450782091e+02 -2.1182955420e+02 -5.3020512451e+11 -1.9754414991e+06 9.4394157097e+07 1.8418599437e+00 1.4569909778e+01 -3.7335568333e+07
1.5963092551e+05 1.8872773103e-13 5.2277038492e-14 -6.3342055479e+06 8.0074525903e+05 -6.6152310863e-19 1.6110835473e-17 2.1315019557e+02 -1.9577857117e+02 -5.3027178413e+11 -2.1388393423e+06 9.4549791587e+07 1.8409560867e+00 1.4265326704e+01 -3.5093350002e+07
1.5963276646e+05 1.8872648980e-13 5.2306700790e-14 -6.3338145891e+06 8.0039879542e+05 -6.8694258269e-19 1.6114048297e-17 2.1154345674e+02 -1.8078726161e+02 -5.3033452576e+11 -2.3043017215e+06 9.4696404706e+07 1.8393022594e+00 1.3997420790e+01 -3.3108130984e+07
1.5963460577e+05 1.8872520295e-13 5.2336342347e-14 -6.3334271582e+06 8.0007928086e+05 -7.1234276714e-19 1.6117257546e-17 2.0969762257e+02 -1.6680430095e+02 -5.3039376818e+11 -2.4716812135e+06 9.4834425505e+07 1.8364995194e+00 1.3762052463e+01 -3.1344011736e+07
1.5963644227e+05 1.8872387144e-13 5.2365944624e-14 -6.3330439171e+06 7.9978504106e+05 -7.3770771867e-19 1.6120461310e-17 2.0762566070e+02 -1.5378390927e+02 -5.3044985954e+11 -2.6407723799e+06 9.4964231712e+07 1.8321224972e+00 1.3555223065e+01 -2.9769870565e+07
1.5963827439e+05 1.8872249669e-13 5.2395482212e-14 -6.3326655802e+06 7.9951450607e+05 -7.6301560898e-19 1.6123656931e-17 2.0534374248e+02 -1.4168465532e+02 -5.3050308658e+11 -2.8113074057e+06 9.5086159619e+07 1.8257597083e+00 1.3373118712e+01 -2.8358841830e+07
1.5964010015e+05 1.8872108058e-13 5.2424923042e-14 -6.3322929000e+06 7.9926618781e+05 -7.8823891333e-19 1.6126841027e-17 2.0287127295e+02 -1.3046808488e+02 -5.3055368382e+11 -2.9829569704e+06 9.5200515891e+07 1.8170667867e+00 1.3212155486e+01 -2.7087848583e+07
1.5964191722e+05 1.8871962549e-13 5.2454229468e-14 -6.3319266426e+06 7.9903865754e+05 -8.1334533511e-19 1.6130009611e-17 2.0023063780e+02 -1.2009725257e+02 -5.3060184290e+11 -3.1553379200e+06 9.5307590747e+07 1.8058229999e+00 1.3069023173e+01 -2.5937175729e+07
1.5964372304e+05 1.8871813420e-13 5.2483360253e-14 -6.3315675527e+06 7.9883052568e+05 -8.3829951249e-19 1.6133158302e-17 1.9744664176e+02 -1.1053530282e+02 -5.3064772205e+11 -3.3280282336e+06 9.5407671308e+07 1.7919773879e+00 1.2940723930e+01 -2.4890073263e+07
1.5964551502e+05 1.8871660979e-13 5.2512273307e-14 -6.3312163129e+06 7.9864042671e+05 -8.6306536417e-19 1.6136282629e-17 1.9454566703e+02 -1.0174428389e+02 -5.3069145521e+11 -3.5005881851e+06 9.5501053445e+07 1.7756706158e+00 1.2824601757e+01 -2.3932383507e+07
1.5964729069e+05 1.8871505548e-13 5.2540928779e-14 -6.3308735037e+06 7.9846701168e+05 -8.8760873917e-19 1.6139378354e-17 1.9155464335e+02 -9.3684370338e+01 -5.3073316038e+11 -3.6725849218e+06 9.5588050381e+07 1.7572239463e+00 1.2718359077e+01 -2.3052191096e+07
1.5964904791e+05 1.8871347441e-13 5.2569291972e-14 -6.3305395708e+06 7.9830894916e+05 -9.1189991593e-19 1.6142441797e-17 1.8849996895e+02 -8.6313602828e+01 -5.3077294628e+11 -3.8436165619e+06 9.5668996786e+07 1.7370979975e+00 1.2620058169e+01 -2.2239498430e+07
1.5965078501e+05 1.8871186950e-13 5.2597335606e-14 -6.3302148054e+06 7.9816493389e+05 -9.3591553268e-19 1.6145470073e-17 1.8540653132e+02 -7.9588142325e+01 -5.3081091724e+11 -4.0133320450e+06 9.5744248066e+07 1.7158325565e+00 1.2528107362e+01 -2.1485930469e+07
1.5965250084e+05 1.8871024327e-13 5.2625041095e-14 -6.3298993402e+06 7.9803370042e+05 -9.5963968668e-19 1.6148461233e-17 1.8229694632e+02 -7.3462929493e+01 -5.3084717597e+11 -4.1814441652e+06 9.5814175581e+07 1.6939838301e+00 1.2441234112e+01 -2.0784472220e+07
1.5965419482e+05 1.8870859782e-13 5.2652398829e-14 -6.3295931589e+06 7.9791403840e+05 -9.8306416580e-19 1.6151414290e-17 1.7919107420e+02 -6.7892571852e+01 -5.3088182460e+11 -4.3477350675e+06 9.5879159281e+07 1.6720721883e+00 1.2358448725e+01 -2.0129239921e+07
1.5965586690e+05 1.8870693473e-13 5.2679407596e-14 -6.3292961162e+06 7.9780480653e+05 -1.0061879572e-18 1.6154329162e-17 1.7610581070e+02 -6.2832276027e+01 -5.3091496452e+11 -4.5120550896e+06 9.5939579410e+07 1.6505478842e+00 1.2279003107e+01 -1.9515285042e+07
1.5965751744e+05 1.8870525513e-13 5.2706073465e-14 -6.3290079630e+06 7.9770494300e+05 -1.0290162812e-18 1.6157206545e-17 1.7305510619e+02 -5.8238681078e+01 -5.3094669554e+11 -4.6743168287e+06 9.5995808697e+07 1.6297749177e+00 1.2202348606e+01 -1.8938428493e+07
1.5965914722e+05 1.8870355969e-13 5.2732408390e-14 -6.3287283726e+06 7.9761347169e+05 -1.0515594007e-18 1.6160047766e-17 1.7005014666e+02 -5.4070510714e+01 -5.3097711477e+11 -4.8344864945e+06 9.6048205919e+07 1.6100298986e+00 1.2128096067e+01 -1.8395121895e+07
1.5966075725e+05 1.8870184872e-13 5.2758428810e-14 -6.3284569651e+06 7.9752950407e+05 -1.0738314145e-18 1.6162854632e-17 1.6709962970e+02 -5.0289017217e+01 -5.3100631557e+11 -4.9925743549e+06 9.6097111219e+07 1.5915095178e+00 1.2055980083e+01 -1.7882332394e+07
1.5966234876e+05 1.8870012219e-13 5.2784154354e-14 -6.3281933279e+06 7.9745223783e+05 -1.0958491524e-18 1.6165629290e-17 1.6421008349e+02 -4.6858232609e+01 -5.3103438680e+11 -5.1486254285e+06 9.6142843144e+07 1.5743434046e+00 1.1985828401e+01 -1.7397448033e+07
1.5966392310e+05 1.8869837980e-13 5.2809606767e-14 -6.3279370327e+06 7.9738095283e+05 -1.1176312483e-18 1.6168374110e-17 1.6138618948e+02 -4.3745059331e+01 -5.3106141225e+11 -5.3027112046e+06 9.6185697179e+07 1.5586076776e+00 1.1917536667e+01 -1.6938200433e+07
1.5966392310e+05 1.8869837980e-13 5.2809606767e-14 -6.3279370327e+06 7.9738095283e+05 -1.1176312483e-18 1.6168374110e-17 1.6138618948e+02 -4.3745059331e+01 -5.3106141225e+11 -5.3027112046e+06 9.6185697179e+07 1.5586076776e+00 1.1917536667e+01 -1.6938200433e+07
