0.0000000000e+00 0.0000000000e+00 0.0000000000e+00 3.1415900000e+08 0.0000000000e+00 0.0000000000e+00 0.0000000000e+00 -1.1783085870e+03 2.2713184150e+02 -4.6638893061e+09 -1.0015622989e+07 1.9306206528e+06 1.0000000000e+01 0.0000000000e+00 -0.0000000000e+00
1.0000000000e+01 2.8740014322e-22 6.9264039504e-28 3.1414721671e+08 2.2713184145e+03 5.7480747308e-23 2.0779601552e-28 -1.1783489723e+03 2.2713184135e+02 -4.6638893061e+09 -1.0015622990e+07 1.9306206527e+06 5.0000000000e+01 0.0000000000e+00 -0.0000000000e+00
6.0000000000e+01 1.0347698985e-20 1.4965242422e-25 3.1408829421e+08 1.3627910385e+04 3.4494918076e-22 7.4834634196e-27 -1.1785509442e+03 2.2713183624e+02 -4.6638893061e+09 -1.0015622989e+07 1.9306206528e+06 2.5000000000e+02 0.0000000000e+00 -0.0000000000e+00
3.1000000000e+02 2.7639895358e-19 2.0669334745e-23 3.1379353014e+08 7.0410856343e+04 1.7839111933e-21 2.0014229281e-25 -1.1795619420e+03 2.2713170088e+02 -4.6638893061e+09 -1.0015622989e+07 1.9306206528e+06 1.2500000000e+03 0.0000000000e+00 -0.0000000000e+00
1.5600000000e+03 7.0214314555e-18 2.6526747666e-21 3.1231590543e+08 3.5432380900e+05 9.0195226682e-21 5.1163430153e-24 -1.1846455975e+03 2.2712824682e+02 -4.6638893061e+09 -1.0015622989e+07 1.9306206528e+06 3.6000000000e+03 0.0000000000e+00 -0.0000000000e+00
5.1600000000e+03 7.7526219391e-17 9.7996213156e-20 3.0802445868e+08 1.1719314512e+06 3.0247637772e-20 5.7540934737e-23 -1.1995602214e+03 2.2709141392e+02 -4.6638893060e+09 -1.0015622989e+07 1.9306206528e+06 3.6000000000e+03 0.0000000000e+00 -0.0000000000e+00
8.7600000000e+03 2.2552800686e-16 4.8966038234e-19 3.0367856345e+08 1.9893309019e+06 5.2078824710e-20 1.7057658665e-22 -1.2148985565e+03 2.2701199640e+02 -4.6638893059e+09 -1.0015622990e+07 1.9306206528e+06 3.6000000000e+03 0.0000000000e+00 -0.0000000000e+00
1.2360000000e+04 4.5325787174e-16 1.4052031539e-18 2.9927665222e+08 2.8063622817e+06 7.4546868512e-20 3.4951093316e-22 -1.2306843398e+03 2.2688627923e+02 -4.6638893057e+09 -1.0015622989e+07 1.9306206528e+06 3.6000000000e+03 0.0000000000e+00 -0.0000000000e+00
1.5960000000e+04 7.6307344913e-16 3.0922159753e-18 2.9481706852e+08 3.6228516358e+06 9.7688341766e-20 6.0019763209e-22 -1.2469432667e+03 2.2671014970e+02 -4.6638893056e+09 -1.0015622989e+07 1.9306206528e+06 3.6000000000e+03 0.0000000000e+00 -0.0000000000e+00
1.9560000000e+04 1.1574695086e-15 5.8204929308e-18 2.9029805958e+08 4.4386094099e+06 1.2154291233e-19 9.2913124183e-22 -1.2637032073e+03 2.2647904482e+02 -4.6638893054e+09 -1.0015622989e+07 1.9306206528e+06 3.6000000000e+03 0.0000000000e+00 -0.0000000000e+00
2.3160000000e+04 1.6390897142e-15 9.8844904685e-18 2.8571776798e+08 5.2534287224e+06 1.4615369398e-19 1.3435341154e-21 -1.2809944529e+03 2.2618789024e+02 -4.6638893053e+09 -1.0015622989e+07 1.9306206527e+06 3.6000000000e+03 0.0000000000e+00 -0.0000000000e+00
2.6760000000e+04 2.2107397355e-15 1.5606124947e-17 2.8107422248e+08 6.0670833988e+06 1.7156764737e-19 1.8514576053e-21 -1.2988499976e+03 2.2583102917e+02 -4.6638893050e+09 -1.0015622990e+07 1.9306206527e+06 3.6000000000e+03 0.0000000000e+00 -0.0000000000e+00
3.0360000000e+04 2.8754019050e-15 2.3337964397e-17 2.7636532775e+08 6.8793257287e+06 1.9783604004e-19 2.4619003848e-21 -1.3173058612e+03 2.2540213925e+02 -4.6638893048e+09 -1.0015622989e+07 1.9306206527e+06 3.6000000000e+03 0.0000000000e+00 -0.0000000000e+00
3.3960000000e+04 3.6362516536e-15 3.3466882121e-17 2.7158885275e+08 7.6898838997e+06 2.2501497615e-19 3.1849473375e-21 -1.3364014620e+03 2.2489413497e+02 -4.6638893045e+09 -1.0015622989e+07 1.9306206527e+06 3.6000000000e+03 0.0000000000e+00 -0.0000000000e+00
3.7560000000e+04 4.4966759980e-15 4.6418253566e-17 2.6674241782e+08 8.4984590479e+06 2.5316600885e-19 4.0319332804e-21 -1.3561800464e+03 2.2429905261e+02 -4.6638893041e+09 -1.0015622989e+07 1.9306206527e+06 3.6000000000e+03 0.0000000000e+00 -0.0000000000e+00
4.1160000000e+04 5.4602944037e-15 6.2660795082e-17 2.6182347995e+08 9.3047218587e+06 2.8235685105e-19 5.0156368259e-21 -1.3766891887e+03 2.2360791407e+02 -4.6638893037e+09 -1.0015622989e+07 1.9306206527e+06 3.6000000000e+03 0.0000000000e+00 -0.0000000000e+00
4.4760000000e+04 6.5309824139e-15 8.2712164551e-17 2.5682931624e+08 1.0108308632e+07 3.1266220399e-19 6.1505110179e-21 -1.3979813731e+03 2.2281056482e+02 -4.6638893032e+09 -1.0015622989e+07 1.9306206527e+06 3.6000000000e+03 0.0000000000e+00 -0.0000000000e+00
4.8360000000e+04 7.7128985062e-15 1.0714547073e-16 2.5175700498e+08 1.0908816708e+07 3.4416472753e-19 7.4529590977e-21 -1.4201146756e+03 2.2189548012e+02 -4.6638893026e+09 -1.0015622989e+07 1.9306206527e+06 3.6000000000e+03 0.0000000000e+00 -0.0000000000e+00
5.1960000000e+04 9.0105147431e-15 1.3659687208e-16 2.4660340417e+08 1.1705799129e+07 3.7695618189e-19 8.9416659892e-21 -1.4431535656e+03 2.2084953217e+02 -4.6638893019e+09 -1.0015622989e+07 1.9306206527e+06 3.6000000000e+03 0.0000000000e+00 -0.0000000000e+00
5.5560000000e+04 1.0428651895e-14 1.7177448897e-16 2.4136512678e+08 1.2498758379e+07 4.1113877807e-19 1.0637999022e-20 -1.4671698555e+03 2.1965770854e+02 -4.6638893010e+09 -1.0015622989e+07 1.9306206527e+06 3.6000000000e+03 0.0000000000e+00 -0.0000000000e+00
5.9160000000e+04 1.1972519867e-14 2.1346890856e-16 2.3603851239e+08 1.3287138999e+07 4.4682678393e-19 1.2566495289e-20 -1.4922438286e+03 2.1830276975e+02 -4.6638893000e+09 -1.0015622989e+07 1.9306206527e+06 3.6000000000e+03 0.0000000000e+00 -0.0000000000e+00
6.2760000000e+04 1.3647764462e-14 2.6256563295e-16 2.3061959433e+08 1.4070318848e+07 4.8414844543e-19 1.4755458192e-20 -1.5184655889e+03 2.1676483017e+02 -4.6638892987e+09 -1.0015622989e+07 1.9306206527e+06 3.6000000000e+03 0.0000000000e+00 -0.0000000000e+00
6.6360000000e+04 1.5460521728e-14 3.2005991453e-16 2.2510406149e+08 1.4847598671e+07 5.2324829936e-19 1.7237692703e-20 -1.5459366863e+03 2.1502084140e+02 -4.6638892971e+09 -1.0015622989e+07 1.9306206527e+06 3.6000000000e+03 0.0000000000e+00 -0.0000000000e+00
6.9960000000e+04 1.7417481488e-14 3.8707454467e-16 2.1948721367e+08 1.5618189610e+07 5.6428997605e-19 2.0051418317e-20 -1.5747720855e+03 2.1304395089e+02 -4.6638892950e+09 -1.0015622989e+07 1.9306206527e+06 3.6000000000e+03 0.0000000000e+00 -0.0000000000e+00
7.3560000000e+04 1.9525962029e-14 4.6488132446e-16 2.1376390914e+08 1.6381198111e+07 6.0745962043e-19 2.3241411694e-20 -1.6051025697e+03 2.1080269907e+02 -4.6638892925e+09 -1.0015622989e+07 1.9306206527e+06 3.6000000000e+03 0.0000000000e+00 -0.0000000000e+00
7.7160000000e+04 2.1793998459e-14 5.5492716437e-16 2.0792850251e+08 1.7135607593e+07 6.5297010053e-19 2.6860449138e-20 -1.6370776976e+03 2.0826000594e+02 -4.6638892893e+09 -1.0015622989e+07 1.9306206527e+06 3.6000000000e+03 0.0000000000e+00 -0.0000000000e+00
8.0760000000e+04 2.4230447966e-14 6.5886605511e-16 2.0197477084e+08 1.7880255981e+07 7.0106622817e-19 3.0971144545e-20 -1.6708694711e+03 2.0537187971e+02 -4.6638892851e+09 -1.0015622989e+07 1.9306206527e+06 3.6000000000e+03 0.0000000000e+00 -0.0000000000e+00
8.4360000000e+04 2.6845116129e-14 7.7859855850e-16 1.9589582483e+08 1.8613807962e+07 7.5203129482e-19 3.5648315017e-20 -1.7066769273e+03 2.0208575476e+02 -4.6638892797e+09 -1.0015622989e+07 1.9306206527e+06 3.6000000000e+03 0.0000000000e+00 -0.0000000000e+00
8.7960000000e+04 2.9648909729e-14 9.1632103195e-16 1.8968400152e+08 1.9334720402e+07 8.0619533520e-19 4.0982059252e-20 -1.7447319449e+03 1.9833832881e+02 -4.6638892726e+09 -1.0015622989e+07 1.9306206527e+06 3.6000000000e+03 0.0000000000e+00 -0.0000000000e+00
9.1560000000e+04 3.2654023239e-14 1.0745875979e-15 1.8333073321e+08 2.0041198804e+07 8.6394568947e-19 4.7081811884e-20 -1.7853066644e+03 1.9405271437e+02 -4.6638892631e+09 -1.0015622989e+07 1.9306206527e+06 3.6000000000e+03 0.0000000000e+00 -0.0000000000e+00
9.5160000000e+04 3.5874168634e-14 1.2563890137e-15 1.7682638603e+08 2.0731141897e+07 9.2574066449e-19 5.4081754104e-20 -1.8287230868e+03 1.8913463732e+02 -4.6638892501e+09 -1.0015622989e+07 1.9306206527e+06 3.6000000000e+03 0.0000000000e+00 -0.0000000000e+00
9.8760000000e+04 3.9324861615e-14 1.4652542646e-15 1.7016005882e+08 2.1402070259e+07 9.9212743670e-19 6.2148140180e-20 -1.8753656519e+03 1.8346728936e+02 -4.6638892323e+09 -1.0015622989e+07 1.9306206527e+06 3.6000000000e+03 0.0000000000e+00 -0.0000000000e+00
1.0236000000e+05 4.3023782292e-14 1.7053831862e-15 1.6331932976e+08 2.2051033133e+07 1.0637658560e-18 7.1489379734e-20 -1.9256979625e+03 1.7690424435e+02 -4.6638892072e+09 -1.0015622989e+07 1.9306206527e+06 3.6000000000e+03 0.0000000000e+00 -0.0000000000e+00
1.0596000000e+05 4.6991235736e-14 1.9818221853e-15 1.5628993273e+08 2.2674484973e+07 1.1414606113e-18 8.2370164525e-20 -1.9802853835e+03 1.6925953297e+02 -4.6638891710e+09 -1.0015622989e+07 1.9306206527e+06 3.6000000000e+03 0.0000000000e+00 -0.0000000000e+00
1.0956000000e+05 5.1250748699e-14 2.3007009866e-15 1.4905533812e+08 2.3268119109e+07 1.2262054892e-18 9.5131666498e-20 -2.0398261377e+03 1.6029345181e+02 -4.6638891176e+09 -1.0015622989e+07 1.9306206527e+06 3.6000000000e+03 0.0000000000e+00 -0.0000000000e+00
1.1316000000e+05 5.5829855729e-14 2.6695576761e-15 1.4159620048e+08 2.3826639367e+07 1.3192455286e-18 1.1022108446e-19 -2.1051949749e+03 1.4969180427e+02 -4.6638890365e+09 -1.0015622989e+07 1.9306206527e+06 3.3323590678e+03 0.0000000000e+00 -0.0000000000e+00
1.1615648170e+05 5.9908306640e-14 3.0213895155e-15 1.3519994873e+08 2.4260042864e+07 1.4041422819e-18 1.2498036344e-19 -2.1648424350e+03 1.3932210851e+02 -4.6638889877e+09 -1.0015622989e+07 1.9306206527e+06 3.0158629988e+03 0.0000000000e+00 -0.0000000000e+00
1.1917234470e+05 6.4281823475e-14 3.4237893047e-15 1.2857354999e+08 2.4662320023e+07 1.4976622472e-18 1.4233951191e-19 -2.2305484623e+03 1.2712577501e+02 -4.6638889124e+09 -1.0015622989e+07 1.9306206527e+06 2.7235724904e+03 0.0000000000e+00 -0.0000000000e+00
1.2161999830e+05 6.8047614474e-14 3.7917398139e-15 1.2304365828e+08 2.4959742392e+07 1.5805272153e-18 1.5869109261e-19 -2.2887684140e+03 1.1563734678e+02 -4.6638888732e+09 -1.0015622989e+07 1.9306206527e+06 2.4642486799e+03 0.0000000000e+00 -0.0000000000e+00
1.2408424698e+05 7.2052668679e-14 4.2056004171e-15 1.1732610894e+08 2.5228678142e+07 1.6713298753e-18 1.7766286870e-19 -2.3525652947e+03 1.0230800010e+02 -4.6638888142e+09 -1.0015622989e+07 1.9306206527e+06 2.2242502040e+03 0.0000000000e+00 -0.0000000000e+00
1.2607993437e+05 7.5466755218e-14 4.5773490641e-15 1.1257587631e+08 2.5420776068e+07 1.7511435000e-18 1.9525492234e-19 -2.4086414084e+03 8.9948030181e+01 -4.6638887846e+09 -1.0015622989e+07 1.9306206527e+06 2.0105838165e+03 0.0000000000e+00 -0.0000000000e+00
1.2788815604e+05 7.8702785220e-14 4.9463676044e-15 1.0817163658e+08 2.5572212702e+07 1.8290425912e-18 2.1325747632e-19 -2.4633723935e+03 7.7299647551e+01 -4.6638887595e+09 -1.0015622989e+07 1.9306206527e+06 1.8222131804e+03 0.0000000000e+00 -0.0000000000e+00
1.2952082212e+05 8.1749941099e-14 5.3091608517e-15 1.0410695625e+08 2.5688148887e+07 1.9045686549e-18 2.3150228918e-19 -2.5164361173e+03 6.4481056681e+01 -4.6638887388e+09 -1.0015622989e+07 1.9306206527e+06 1.6468637396e+03 0.0000000000e+00 -0.0000000000e+00
1.3098730529e+05 8.4595600084e-14 5.6618185355e-15 1.0037966001e+08 2.5773460770e+07 1.9771571027e-18 2.4977627133e-19 -2.5674359067e+03 5.1641971806e+01 -4.6638887225e+09 -1.0015622989e+07 1.9306206527e+06 1.4815634214e+03 0.0000000000e+00 -0.0000000000e+00
1.3229283138e+05 8.7221325498e-14 5.9994734716e-15 9.6996543625e+07 2.5832754929e+07 2.0460279536e-18 2.6778858656e-19 -2.6158237563e+03 3.8986731036e+01 -4.6638887105e+09 -1.0015622989e+07 1.9306206527e+06 1.3227151630e+03 0.0000000000e+00 -0.0000000000e+00
1.3343611416e+05 8.9596741942e-14 6.3153873751e-15 9.3980464058e+07 2.5870473461e+07 2.1100046141e-18 2.8511319323e-19 -2.6607730052e+03 2.6814666207e+01 -4.6638887024e+09 -1.0015622989e+07 1.9306206527e+06 1.1653421420e+03 0.0000000000e+00 -0.0000000000e+00
1.3440206049e+05 9.1662193630e-14 6.5983791628e-15 9.1391119150e+07 2.5891043928e+07 2.1670020504e-18 3.0103160872e-19 -2.7008187335e+03 1.5630574761e+01 -4.6638886980e+09 -1.0015622989e+07 1.9306206527e+06 1.0015455553e+03 0.0000000000e+00 -0.0000000000e+00
1.3512238115e+05 9.3239024488e-14 6.8197545227e-15 8.9434496325e+07 2.5899115962e+07 2.2114172695e-18 3.1375394075e-19 -2.7320243439e+03 6.6920139507e+00 -4.6638886967e+09 -1.0015622989e+07 1.9306206527e+06 8.2449077533e+02 0.0000000000e+00 -0.0000000000e+00
1.3585713609e+05 9.4881068831e-14 7.0553043681e-15 8.7415047223e+07 2.5900507656e+07 2.2585368999e-18 3.2755704621e-19 -2.7651300419e+03 -3.0058855573e+00 -4.6638886951e+09 -1.0015622989e+07 1.9306206527e+06 6.9809028005e+02 0.0000000000e+00 -0.0000000000e+00
1.3655522637e+05 9.6473885919e-14 7.2887909410e-15 8.5473386905e+07 2.5895021268e+07 2.3051248069e-18 3.4151588746e-19 -2.7978621572e+03 -1.2813203194e+01 -4.6638886936e+09 -1.0015622989e+07 1.9306206527e+06 8.6217443386e+02 0.0000000000e+00 -0.0000000000e+00
1.3741740081e+05 9.8487030473e-14 7.5911046867e-15 8.3043067686e+07 2.5878446454e+07 2.3653046429e-18 3.6000843840e-19 -2.8401438020e+03 -2.5805851926e+01 -4.6638886884e+09 -1.0015622989e+07 1.9306206527e+06 9.4486324679e+02 0.0000000000e+00 -0.0000000000e+00
1.3836226405e+05 1.0075448924e-13 7.9415218458e-15 8.0336637356e+07 2.5846856010e+07 2.4349119933e-18 3.8205113675e-19 -2.8890491075e+03 -4.1292792464e+01 -4.6638886779e+09 -1.0015622989e+07 1.9306206527e+06 9.8527820039e+02 0.0000000000e+00 -0.0000000000e+00
1.3934754225e+05 1.0319113284e-13 8.3301789017e-15 7.7463718468e+07 2.5797578187e+07 2.5119977088e-18 4.0728672165e-19 -2.9432086243e+03 -5.9023017522e+01 -4.6638886609e+09 -1.0015622989e+07 1.9306206527e+06 1.0001864570e+03 0.0000000000e+00 -0.0000000000e+00
1.4034772871e+05 1.0574488947e-13 8.7514612416e-15 7.4490950808e+07 2.5728764363e+07 2.5954954858e-18 4.3560913110e-19 -3.0018731801e+03 -7.8922009196e+01 -4.6638886365e+09 -1.0015622989e+07 1.9306206527e+06 9.9812058881e+02 0.0000000000e+00 -0.0000000000e+00
1.4134584930e+05 1.0837952512e-13 9.2016498198e-15 7.1463792735e+07 2.5639172131e+07 2.6847448061e-18 4.6703104913e-19 -3.0645787025e+03 -1.0099867914e+02 -4.6638886038e+09 -1.0015622989e+07 1.9306206527e+06 9.8420168186e+02 0.0000000000e+00 -0.0000000000e+00
1.4233005098e+05 1.1106781980e-13 9.6780111778e-15 6.8415335231e+07 2.5528029786e+07 2.7793039961e-18 5.0163363177e-19 -3.1310148769e+03 -1.2531004661e+02 -4.6638885618e+09 -1.0015622989e+07 1.9306206527e+06 9.6183588106e+02 0.0000000000e+00 -0.0000000000e+00
1.4329188686e+05 1.1378832915e-13 1.0178379616e-14 6.5370597889e+07 2.5394940363e+07 2.8788624315e-18 5.3954401608e-19 -3.2009634624e+03 -1.5194543662e+02 -4.6638885096e+09 -1.0015622989e+07 1.9306206527e+06 9.3344022553e+02 0.0000000000e+00 -0.0000000000e+00
1.4422532709e+05 1.1652363677e-13 1.0700941469e-14 6.2348922299e+07 2.5239808550e+07 2.9831935738e-18 5.8092415901e-19 -3.2742652955e+03 -1.8101863822e+02 -4.6638884464e+09 -1.0015622989e+07 1.9306206527e+06 9.0080279998e+02 0.0000000000e+00 -0.0000000000e+00
1.4512612989e+05 1.1925931829e-13 1.1244114693e-14 5.9365440976e+07 2.5062782432e+07 3.0921273291e-18 6.2596501298e-19 -3.3508008705e+03 -2.1266381233e+02 -4.6638883712e+09 -1.0015622989e+07 1.9306206527e+06 8.6528236190e+02 0.0000000000e+00 -0.0000000000e+00
1.4599141225e+05 1.2198328092e-13 1.1806478094e-14 5.6432047240e+07 2.4864205698e+07 3.2055325095e-18 6.7488350695e-19 -3.4304780161e+03 -2.4703337068e+02 -4.6638882831e+09 -1.0015622989e+07 1.9306206527e+06 8.2792892507e+02 0.0000000000e+00 -0.0000000000e+00
1.4681934118e+05 1.2468531653e-13 1.2386728374e-14 5.3558073046e+07 2.4644577700e+07 3.3233049746e-18 7.2792114230e-19 -3.5132235645e+03 -2.8429698930e+02 -4.6638881812e+09 -1.0015622989e+07 1.9306206527e+06 7.8956178149e+02 0.0000000000e+00 -0.0000000000e+00
1.4760890296e+05 1.2735678337e-13 1.2983653627e-14 5.0750784451e+07 2.4404519661e+07 3.4453591415e-18 7.8534359715e-19 -3.5989773862e+03 -3.2464133052e+02 -4.6638880644e+09 -1.0015622989e+07 1.9306206527e+06 7.5082286643e+02 0.0000000000e+00 -0.0000000000e+00
1.4835972582e+05 1.2999036917e-13 1.3596117002e-14 4.8015757015e+07 2.4144745879e+07 3.5716215656e-18 8.4744101253e-19 -3.6876878799e+03 -3.6827024401e+02 -4.6638879318e+09 -1.0015622989e+07 1.9306206527e+06 7.1221494500e+02 0.0000000000e+00 -0.0000000000e+00
1.4907194077e+05 1.3257990801e-13 1.4223046835e-14 4.5357168510e+07 2.3866039046e+07 3.7020258202e-18 9.1452877844e-19 -3.7793083751e+03 -4.1540531907e+02 -4.6638877823e+09 -1.0015622989e+07 1.9306206527e+06 6.7412994305e+02 0.0000000000e+00 -0.0000000000e+00
1.4974607071e+05 1.3512023369e-13 1.4863431004e-14 4.2778032470e+07 2.3569229039e+07 3.8365081865e-18 9.8694871735e-19 -3.8737941035e+03 -4.6628671615e+02 -4.6638876147e+09 -1.0015622989e+07 1.9306206527e+06 6.3687059600e+02 0.0000000000e+00 -0.0000000000e+00
1.5038294131e+05 1.3760705926e-13 1.5516314099e-14 4.0280387991e+07 2.3255174648e+07 3.9750038315e-18 1.0650706103e-18 -3.9710995142e+03 -5.2117423906e+02 -4.6638874281e+09 -1.0015622989e+07 1.9306206527e+06 6.0066737038e+02 0.0000000000e+00 -0.0000000000e+00
1.5098360868e+05 1.4003687537e-13 1.6180796501e-14 3.7865456259e+07 2.2924747816e+07 4.1174432447e-18 1.1492940399e-18 -4.0711757702e+03 -5.8034862981e+02 -4.6638872212e+09 -1.0015622989e+07 1.9306206528e+06 5.6569193893e+02 0.0000000000e+00 -0.0000000000e+00
1.5154930062e+05 1.4240686304e-13 1.6856034781e-14 3.5533771133e+07 2.2578819996e+07 4.2637487628e-18 1.2400505451e-18 -4.1739683060e+03 -6.4411308267e+02 -4.6638869928e+09 -1.0015622989e+07 1.9306206527e+06 5.3206806067e+02 0.0000000000e+00 -0.0000000000e+00
1.5208136868e+05 1.4471481756e-13 1.7541243038e-14 3.3285289073e+07 2.2218250335e+07 4.4138310416e-18 1.3378060988e-18 -4.2794143494e+03 -7.1279498462e+02 -4.6638867417e+09 -1.0015622989e+07 1.9306206528e+06 4.9988046166e+02 0.0000000000e+00 -0.0000000000e+00
1.5258124914e+05 1.4695908131e-13 1.8235694946e-14 3.1119482325e+07 2.1843875364e+07 4.5675853527e-18 1.4430639298e-18 -4.3874403195e+03 -7.8674789836e+02 -4.6638864667e+09 -1.0015622990e+07 1.9306206528e+06 4.6918214952e+02 0.0000000000e+00 -0.0000000000e+00
1.5305043129e+05 1.4913848398e-13 1.8938726375e-14 2.9035418296e+07 2.1456499959e+07 4.7248875906e-18 1.5563677272e-18 -4.4979590212e+03 -8.6635381341e+02 -4.6638861665e+09 -1.0015622990e+07 1.9306206528e+06 4.4000046784e+02 0.0000000000e+00 -0.0000000000e+00
1.5349043176e+05 1.5125228901e-13 1.9649738515e-14 2.7031827420e+07 2.1056889310e+07 4.8855898678e-18 1.6783052736e-18 -4.6108665506e+03 -9.5202569894e+02 -4.6638858398e+09 -1.0015622990e+07 1.9306206528e+06 4.1234213724e+02 0.0000000000e+00 -0.0000000000e+00
1.5390277389e+05 1.5330014547e-13 2.0368201530e-14 2.5107161282e+07 2.0645761678e+07 5.0495155713e-18 1.8095125716e-18 -4.7260388214e+03 -1.0442104029e+03 -4.6638854854e+09 -1.0015622989e+07 1.9306206528e+06 3.8619746402e+02 0.0000000000e+00 -0.0000000000e+00
1.5428897136e+05 1.5528204467e-13 2.1093658773e-14 2.3259642432e+07 2.0223781694e+07 5.2164537286e-18 1.9506785432e-18 -4.8433276067e+03 -1.1433919538e+03 -4.6638851019e+09 -1.0015622990e+07 1.9306206528e+06 3.6154386522e+02 0.0000000000e+00 -0.0000000000e+00
1.5465051522e+05 1.5719828109e-13 2.1825731699e-14 2.1487307025e+07 1.9791553993e+07 5.3861525102e-18 2.1025504052e-18 -4.9625559742e+03 -1.2500953373e+03 -4.6638846882e+09 -1.0015622990e+07 1.9306206528e+06 3.3834882554e+02 0.0000000000e+00 -0.0000000000e+00
1.5498886405e+05 1.5904941723e-13 2.2564125613e-14 1.9788041224e+07 1.9349616908e+07 5.5583116514e-18 2.2659398483e-18 -5.0835129614e+03 -1.3648908378e+03 -4.6638842431e+09 -1.0015622990e+07 1.9306206528e+06 3.1657238693e+02 0.0000000000e+00 -0.0000000000e+00
1.5530543644e+05 1.6083625209e-13 2.3308636521e-14 1.8159612112e+07 1.8898435972e+07 5.7325735272e-18 2.4417301878e-18 -5.2059473051e+03 -1.4883990622e+03 -4.6638837656e+09 -1.0015622989e+07 1.9306206527e+06 2.9616924946e+02 0.0000000000e+00 -0.0000000000e+00
1.5560160568e+05 1.6255979309e-13 2.4059159367e-14 1.6599693715e+07 1.8438396917e+07 5.9085125378e-18 2.6308846952e-18 -5.3295599841e+03 -1.6212967938e+03 -4.6638832547e+09 -1.0015622989e+07 1.9306206527e+06 2.7709055413e+02 0.0000000000e+00 -0.0000000000e+00
1.5587869624e+05 1.6422123124e-13 2.4815698097e-14 1.5105888640e+07 1.7969797794e+07 6.0856223662e-18 2.8344563886e-18 -5.4539952660e+03 -1.7643238706e+03 -4.6638827098e+09 -1.0015622990e+07 1.9306206527e+06 2.5928541046e+02 0.0000000000e+00 -0.0000000000e+00
1.5613798165e+05 1.6582191951e-13 2.5578378106e-14 1.3675745664e+07 1.7492839765e+07 6.2633005277e-18 3.0535996406e-18 -5.5788298519e+03 -1.9182913413e+03 -4.6638821303e+09 -1.0015622989e+07 1.9306206528e+06 2.4270222438e+02 0.0000000000e+00 -0.0000000000e+00
1.5638068387e+05 1.6736335436e-13 2.6347461829e-14 1.2306773556e+07 1.7007615992e+07 6.4408294409e-18 3.2895840850e-18 -5.7035595777e+03 -2.0840912356e+03 -4.6638815164e+09 -1.0015622990e+07 1.9306206528e+06 2.2728988039e+02 0.0000000000e+00 -0.0000000000e+00
1.5660797375e+05 1.6884716045e-13 2.7123368528e-14 1.0996451235e+07 1.6514097843e+07 6.6173529729e-18 3.5438114638e-18 -5.8275829345e+03 -2.2627084011e+03 -4.6638808684e+09 -1.0015622990e+07 1.9306206528e+06 2.1299883535e+02 0.0000000000e+00 -0.0000000000e+00
1.5682097259e+05 1.7027507874e-13 2.7906699700e-14 9.7422342917e+06 1.6012117395e+07 6.7918470142e-18 3.8178362930e-18 -5.9501803951e+03 -2.4552350223e+03 -4.6638801877e+09 -1.0015622990e+07 1.9306206528e+06 1.9978218392e+02 0.0000000000e+00 -0.0000000000e+00
1.5702075477e+05 1.7164895821e-13 2.8698272159e-14 8.5415576773e+06 1.5501344793e+07 6.9630820520e-18 4.1133915586e-18 -6.0704881181e+03 -2.6628886747e+03 -4.6638794762e+09 -1.0015622990e+07 1.9306206528e+06 1.8759677165e+02 0.0000000000e+00 -0.0000000000e+00
1.5720835155e+05 1.7297075175e-13 2.9499161678e-14 7.3918341962e+06 1.4981258440e+07 7.1295748255e-18 4.4324211416e-18 -6.1874639820e+03 -2.8870351065e+03 -4.6638787374e+09 -1.0015622990e+07 1.9306206528e+06 1.7640445070e+02 0.0000000000e+00 -0.0000000000e+00
1.5738475600e+05 1.7424251684e-13 3.0310761448e-14 6.2904481293e+06 1.4451105057e+07 7.2895247868e-18 4.7771213928e-18 -6.2998429431e+03 -3.1292174477e+03 -4.6638779763e+09 -1.0015622990e+07 1.9306206528e+06 1.6617361169e+02 0.0000000000e+00 -0.0000000000e+00
1.5755092961e+05 1.7546642204e-13 3.1134861651e-14 5.2347429408e+06 1.3909845269e+07 7.4407289333e-18 5.1499953462e-18 -6.4060771976e+03 -3.3911943005e+03 -4.6638772004e+09 -1.0015622990e+07 1.9306206528e+06 1.5688118202e+02 0.0000000000e+00 -0.0000000000e+00
1.5770781079e+05 1.7664476084e-13 3.1973759664e-14 4.2220015149e+06 1.3356078106e+07 7.5804650800e-18 5.5539246604e-18 -6.5042541703e+03 -3.6749902846e+03 -4.6638764201e+09 -1.0015622990e+07 1.9306206528e+06 1.4851537190e+02 0.0000000000e+00 -0.0000000000e+00
1.5785632616e+05 1.7777997460e-13 3.2830415588e-14 3.2494167484e+06 1.2787934301e+07 7.7053277838e-18 5.9922667371e-18 -6.5919812370e+03 -3.9829642707e+03 -4.6638756502e+09 -1.0015622990e+07 1.9306206528e+06 1.4107957244e+02 0.0000000000e+00 -0.0000000000e+00
1.5799740573e+05 1.7887468644e-13 3.3708675919e-14 2.3140498135e+06 1.2202922588e+07 7.8109910486e-18 6.4689877637e-18 -6.6662190037e+03 -4.3179028556e+03 -4.6638749110e+09 -1.0015622990e+07 1.9306206527e+06 1.2968382110e+02 0.0000000000e+00 -0.0000000000e+00
1.5810568829e+05 1.7972424845e-13 3.4431102716e-14 1.5895672822e+06 1.1719948436e+07 7.8780622710e-18 6.8816968346e-18 -6.7133424555e+03 -4.6078673933e+03 -4.6638746801e+09 -1.0015622990e+07 1.9306206527e+06 1.1101887537e+02 0.0000000000e+00 -0.0000000000e+00
1.5819708970e+05 1.8044637862e-13 3.5077408037e-14 9.7450805333e+05 1.1286622091e+07 7.9207223023e-18 7.2663021864e-18 -6.7433148916e+03 -4.8780865887e+03 -4.6638745726e+09 -1.0015622990e+07 1.9306206527e+06 9.4611502650e+01 2.6934858596e-293 -1.9054608344e-285
1.5826944811e+05 1.8102036546e-13 3.5615001203e-14 4.8597111376e+05 1.0925350357e+07 7.9423383174e-18 7.5969085720e-18 -6.7585020496e+03 -5.1103667458e+03 -4.6638745379e+09 -1.0015622990e+07 1.9306206527e+06 7.8377943128e+01 9.8552458257e-270 -7.0978699484e-262
1.5831592947e+05 1.8138971840e-13 3.5973316252e-14 1.7169869468e+05 1.0684159817e+07 7.9491652477e-18 7.8224459187e-18 -6.7632985705e+03 -5.2688266322e+03 -4.6638745340e+09 -1.0015622990e+07 1.9306206527e+06 6.1510787833e+01 1.0985205396e-254 -8.0053233119e-247
1.5837744026e+05 1.8187870581e-13 3.6464077810e-14 -2.4433679529e+05 1.0353327578e+07 7.9479786327e-18 8.1377631297e-18 -6.7624648687e+03 -5.4903647950e+03 -4.6638745193e+09 -1.0015622990e+07 1.9306206527e+06 6.4138955219e+01 6.5231641419e-235 -4.8297726685e-227
1.5844157922e+05 1.8238805579e-13 3.6997141203e-14 -6.7777558157e+05 9.9933715087e+06 7.9319694677e-18 8.4881582818e-18 -6.7512170177e+03 -5.7365483066e+03 -4.6638745031e+09 -1.0015622989e+07 1.9306206527e+06 7.6229265896e+01 1.6677517995e-214 -1.2558824185e-206
1.5851780848e+05 1.8299124734e-13 3.7661002091e-14 -1.1913924718e+06 9.5442647527e+06 7.8889660667e-18 8.9349568512e-18 -6.7210033341e+03 -6.0504637250e+03 -4.6638744727e+09 -1.0015622989e+07 1.9306206527e+06 8.2737702486e+01 1.3172320291e-190 -1.0125226646e-182
1.5860054618e+05 1.8364081028e-13 3.8421654766e-14 -1.7452582946e+06 9.0286314983e+06 7.8056955927e-18 9.4590537422e-18 -6.6624984787e+03 -6.4186880348e+03 -4.6638744380e+09 -1.0015622989e+07 1.9306206527e+06 8.6885874467e+01 3.1176634628e-165 -2.4516344740e-157
1.5868743206e+05 1.8431340184e-13 3.9269046947e-14 -2.3201915817e+06 8.4529982700e+06 7.6666330551e-18 1.0054541084e-17 -6.5647947759e+03 -6.8370704355e+03 -4.6638743820e+09 -1.0015622989e+07 1.9306206527e+06 9.0628077411e+01 2.1014630946e-139 -1.6930919705e-131
1.5877806014e+05 1.8499903343e-13 4.0210251629e-14 -2.9086961173e+06 7.8123034560e+06 7.4505343925e-18 1.0724193592e-17 -6.4129663978e+03 -7.3075604090e+03 -4.6638741888e+09 -1.0015622989e+07 1.9306206527e+06 9.6238408136e+01 1.2879577128e-113 -1.0643819375e-105
1.5887429854e+05 1.8570113990e-13 4.1278541691e-14 -3.5153864021e+06 7.0835942330e+06 7.1214565378e-18 1.1484368665e-17 -6.1817601686e+03 -7.8416504726e+03 -4.6638733761e+09 -1.0015622990e+07 1.9306206527e+06 1.0785828260e+02 6.7787312048e-88 -5.7534349045e-80
1.5898215683e+05 1.8644278376e-13 4.2565243102e-14 -4.1635469934e+06 6.2040710100e+06 6.6014231471e-18 1.2380402139e-17 -5.8163908263e+03 -8.4711930496e+03 -4.6638694128e+09 -1.0015622990e+07 1.9306206527e+06 9.7594997492e+01 1.0772798375e-61 -9.4094007496e-54
1.5906792669e+05 1.8698636705e-13 4.3658201479e-14 -4.6465255768e+06 5.4556523785e+06 6.0525124622e-18 1.3105058035e-17 -5.4307326369e+03 -8.9803277567e+03 -4.6638665784e+09 -1.0015622990e+07 1.9306206527e+06 8.5810977695e+01 2.3897258540e-43 -2.1317577742e-35
1.5915373766e+05 1.8747741046e-13 4.4813381221e-14 -5.0926387153e+06 4.6635270873e+06 5.3691833535e-18 1.3813418355e-17 -4.9506336443e+03 -9.4780133841e+03 -4.6638619298e+09 -1.0015622990e+07 1.9306206527e+06 7.8567725596e+01 1.1146136953e-27 -1.0130835524e-19
1.5923230539e+05 1.8787064488e-13 4.5922829983e-14 -5.4614976200e+06 3.9018866718e+06 4.6215954852e-18 1.4419072165e-17 -4.4253872032e+03 -9.9035386253e+03 -4.6638578861e+09 -1.0015622990e+07 1.9306206527e+06 7.3800732794e+01 4.4784959514e-16 -4.1292687947e-08
1.5929595277e+05 1.8814328107e-13 4.6854854420e-14 -5.7280448509e+06 3.2615136137e+06 3.9337976808e-18 1.4858939552e-17 -3.9421485576e+03 -1.0212584277e+04 -4.6638563373e+09 -1.0015622989e+07 1.9306206531e+06 6.4524630491e+01 7.8781233995e-09 -7.3305729019e-01
1.5933978206e+05 1.8830457750e-13 4.7512090929e-14 -5.8930142559e+06 2.8097020039e+06 3.4215326554e-18 1.5126449526e-17 -3.5822370852e+03 -1.0400533373e+04 -4.6638822613e+09 -1.0015622206e+07 1.9306228989e+06 5.4714733283e+01 4.7613992790e-05 -4.4519730248e+03
1.5935973969e+05 1.8837045210e-13 4.7815095589e-14 -5.9628132046e+06 2.6013475486e+06 3.1790112320e-18 1.5237128650e-17 -3.4118421379e+03 -1.0478288425e+04 -4.6645526897e+09 -1.0015603095e+07 1.9306806875e+06 2.9830965439e+01 1.1475838337e-03 -1.0749187409e+05
1.5937767273e+05 1.8842547363e-13 4.8089187049e-14 -6.0226011387e+06 2.4128478952e+06 2.9566475283e-18 1.5330150943e-17 -3.2555848261e+03 -1.0543558226e+04 -4.6730599754e+09 -1.0015371983e+07 1.9314165125e+06 1.9905725271e+01 1.3077738431e-02 -1.2266300962e+06
1.5939275045e+05 1.8846862442e-13 4.8320889109e-14 -6.0706832819e+06 2.2534856357e+06 2.7666981102e-18 1.5403442402e-17 -3.1219731314e+03 -1.0594533358e+04 -4.7238708105e+09 -1.0014050503e+07 1.9358244864e+06 1.5499528216e+01 7.3775754324e-02 -6.9262189929e+06
1.5940617806e+05 1.8850462681e-13 4.8528136633e-14 -6.1117944651e+06 2.1109445710e+06 2.5954275114e-18 1.5464799235e-17 -3.0010698769e+03 -1.0635654751e+04 -4.9180406215e+09 -1.0009200855e+07 1.9527156499e+06 1.3519089118e+01 2.6955454121e-01 -2.5320094865e+07
1.5941969715e+05 1.8853853860e-13 4.8737602713e-14 -6.1515300159e+06 1.9669177125e+06 2.4211551983e-18 1.5522747582e-17 -2.8768664634e+03 -1.0669957615e+04 -5.5426100645e+09 -9.9942260950e+06 2.0072088275e+06 1.2451762507e+01 7.8530308803e-01 -7.3766193675e+07
1.5943074802e+05 1.8856450145e-13 4.8909390711e-14 -6.1827487514e+06 1.8488911800e+06 2.2774538972e-18 1.5567203040e-17 -2.7726587538e+03 -1.0688896570e+04 -6.7366485964e+09 -9.9666447334e+06 2.1117157047e+06 1.1170094542e+01 1.5771014527e+00 -1.4803074118e+08
1.5944023565e+05 1.8858552053e-13 4.9057259113e-14 -6.2086202442e+06 1.7474394444e+06 2.1532665785e-18 1.5603245152e-17 -2.6806429282e+03 -1.0695515643e+04 -8.5469558125e+09 -9.9261568832e+06 2.2706970802e+06 9.6167291039e+00 2.5260189946e+00 -2.3674806116e+08
1.5944868479e+05 1.8860324448e-13 4.9189222683e-14 -6.2309152399e+06 1.6570789379e+06 2.0420943540e-18 1.5633670871e-17 -2.5964662335e+03 -1.0692276689e+04 -1.0920620830e+10 -9.8745755022e+06 2.4799305859e+06 8.5146301602e+00 3.4796338308e+00 -3.2543504315e+08
1.5945719942e+05 1.8862015340e-13 4.9322462455e-14 -6.2526547320e+06 1.5660840653e+06 1.9295577986e-18 1.5662726397e-17 -2.5096072289e+03 -1.0680054585e+04 -1.4054189622e+10 -9.8083422723e+06 2.7573380692e+06 7.7859880407e+00 4.3745629201e+00 -4.0794136017e+08
1.5946498540e+05 1.8863477498e-13 4.9444511045e-14 -6.2718805476e+06 1.4829955975e+06 1.8262503159e-18 1.5687875993e-17 -2.4287832674e+03 -1.0662095628e+04 -1.7458878514e+10 -9.7382908860e+06 3.0601825987e+06 7.3524512803e+00 4.9717844473e+00 -4.6212468601e+08
1.5947233786e+05 1.8864784277e-13 4.9559938846e-14 -6.2894551496e+06 1.4046785219e+06 1.7283771689e-18 1.5710375260e-17 -2.3517623002e+03 -1.0641105411e+04 -2.0958297350e+10 -9.6681110990e+06 3.3729650606e+06 7.1460832151e+00 5.2317747570e+00 -4.8462990314e+08
1.5947948394e+05 1.8865985320e-13 4.9672281147e-14 -6.3059931035e+06 1.3287144102e+06 1.6329848118e-18 1.5731076427e-17 -2.2768019768e+03 -1.0619185444e+04 -2.4409280149e+10 -9.6006315066e+06 3.6829121522e+06 7.1041566373e+00 5.1591562343e+00 -4.7626458018e+08
1.5948658810e+05 1.8867111663e-13 4.9784106897e-14 -6.3219042018e+06 1.2533499358e+06 1.5379198824e-18 1.5750514340e-17 -2.2026767453e+03 -1.0598111753e+04 -2.7680705015e+10 -9.5382947973e+06 3.9781217420e+06 7.2004036621e+00 4.7889942507e+00 -4.4063066058e+08
1.5949378850e+05 1.8868184275e-13 4.9897584403e-14 -6.3374961645e+06 1.1771087273e+06 1.4413587228e-18 1.5769052709e-17 -2.1283385436e+03 -1.0579386608e+04 -3.0657935009e+10 -9.4830833285e+06 4.2479966082e+06 7.4100580422e+00 4.1814700744e+00 -3.8355152859e+08
1.5950119856e+05 1.8869215453e-13 5.0014500918e-14 -6.3529871049e+06 1.0987737757e+06 1.3417965249e-18 1.5786907760e-17 -2.0529122224e+03 -1.0564260627e+04 -3.3241766787e+10 -9.4365450435e+06 4.4831978118e+06 7.7634489920e+00 3.4179229800e+00 -3.1265784074e+08
1.5950896201e+05 1.8870216603e-13 5.0137130099e-14 -6.3686220595e+06 1.0168035881e+06 1.2373126667e-18 1.5804283065e-17 -1.9751339577e+03 -1.0553581701e+04 -3.5370687691e+10 -9.3994073944e+06 4.6777340115e+06 8.2898449419e+00 2.5891578597e+00 -2.3629417167e+08
1.5951725185e+05 1.8871196016e-13 5.0268216896e-14 -6.3846558909e+06 9.2934371454e+05 1.1255866802e-18 1.5821332367e-17 -1.8933781256e+03 -1.0547809004e+04 -3.7016249314e+10 -9.3717104138e+06 4.8286203607e+06 9.0278785555e+00 1.7869182006e+00 -1.6276925469e+08
1.5952627973e+05 1.8872157207e-13 5.0411127185e-14 -6.4013519032e+06 8.3412685437e+05 1.0037762973e-18 1.5838132756e-17 -1.8055728861e+03 -1.0546961056e+04 -3.8185483655e+10 -9.3528174841e+06 4.9361598377e+06 9.9981487620e+00 1.0939697786e+00 -9.9500236452e+07
1.5953627788e+05 1.8873093313e-13 5.0569563345e-14 -6.4189226865e+06 7.2866196106e+05 8.6876954472e-19 1.5854590319e-17 -1.7093803298e+03 -1.0550514045e+04 -3.8923708776e+10 -9.3414410823e+06 5.0042439991e+06 1.0993460359e+01 5.7176101584e-01 -5.1943795779e+07
1.5954727134e+05 1.8873966770e-13 5.0743947811e-14 -6.4371370059e+06 6.1264026462e+05 7.2027855269e-19 1.5870083275e-17 -1.6043829655e+03 -1.0557154377e+04 -3.9313952094e+10 -9.3357516902e+06 5.0403251130e+06 1.1953169799e+01 2.4651606914e-01 -2.2375310076e+07
1.5955922451e+05 1.8874731258e-13 5.0933731043e-14 -6.4556347618e+06 4.8640151765e+05 5.5887889898e-19 1.5883842664e-17 -1.4907176810e+03 -1.0565005735e+04 -3.9480493742e+10 -9.3334755035e+06 5.0557596471e+06 1.3027026409e+01 8.4847689309e-02 -7.6950139733e+06
1.5957225153e+05 1.8875344839e-13 5.1140728323e-14 -6.4742494465e+06 3.4872092503e+05 3.8318108634e-19 1.5895192126e-17 -1.3671909374e+03 -1.0572367699e+04 -3.9536496289e+10 -9.3327655204e+06 5.0609619337e+06 1.4386745941e+01 2.2171926887e-02 -2.0090740481e+06
1.5958663828e+05 1.8875756774e-13 5.1369472498e-14 -6.4929397278e+06 1.9657534704e+05 1.8956864187e-19 1.5903336072e-17 -1.2311417953e+03 -1.0577934492e+04 -3.9550649113e+10 -9.3326013309e+06 5.0622798367e+06 1.5502880490e+01 4.0556860992e-03 -3.6711817640e+05
1.5960214116e+05 1.8875889389e-13 5.1616055246e-14 -6.5108928642e+06 3.2562416100e+04 -1.8340291131e-20 1.5907002632e-17 -1.0850644306e+03 -1.0580483766e+04 -3.9553089908e+10 -9.3325758784e+06 5.0625077096e+06 1.4085922052e+01 5.0512060501e-04 -4.5665833614e+04
1.5961622708e+05 1.8875731004e-13 5.1840116575e-14 -6.5252457069e+06 -1.1647098737e+05 -2.0639192154e-19 1.5905794740e-17 -9.5294127319e+02 -1.0579632123e+04 -3.9553361547e+10 -9.3325733775e+06 5.0625331371e+06 2.4214369404e+01 6.0762789934e-05 -5.4863289705e+03
1.5964044145e+05 1.8874842113e-13 5.2225145239e-14 -6.5455866256e+06 -3.7256570234e+05 -5.2722596677e-19 1.5893805265e-17 -7.2752701639e+02 -1.0571208094e+04 -3.9553394626e+10 -9.3325731129e+06 5.0625362405e+06 3.7721412397e+01 9.7212653947e-07 -8.7557311351e+01
1.5967816286e+05 1.8871922234e-13 5.2823964733e-14 -6.5664881208e+06 -7.7082264342e+05 -1.0190938907e-18 1.5850976363e-17 -3.8194639935e+02 -1.0541117006e+04 -3.9553395205e+10 -9.3325731100e+06 5.0625362858e+06 3.6761988245e+01 4.5715322143e-10 -4.0987577399e-02
1.5970386806e+05 1.8868879348e-13 5.3230862609e-14 -6.5733321786e+06 -1.0413944798e+06 -1.3474065741e-18 1.5805718359e-17 -1.5127777055e+02 -1.0509319266e+04 -3.9553395220e+10 -9.3325731100e+06 5.0625362858e+06 3.1416668088e+01 1.0781386394e-12 -9.6319254360e-05
1.5973528473e+05 1.8864027293e-13 5.3726342110e-14 -6.5737361344e+06 -1.3708010162e+06 -1.7396834883e-18 1.5733788213e-17 1.2433137438e+02 -1.0458781991e+04 -3.9553395260e+10 -9.3325731100e+06 5.0625362858e+06 3.1063031475e+01 2.7470389275e-16 -2.4422804588e-08
1.5976634776e+05 1.8858034940e-13 5.4213757641e-14 -6.5657402180e+06 -1.6947525250e+06 -2.1165917505e-18 1.5645897819e-17 3.8914268515e+02 -1.0397031234e+04 -3.9553395297e+10 -9.3325731100e+06 5.0625362858e+06 4.0325279358e+01 3.0641147681e-20 -2.7098002930e-12
1.5980667304e+05 1.8848542398e-13 5.4842007279e-14 -6.5433218662e+06 -2.1121358950e+06 -2.5878531861e-18 1.5509148704e-17 7.2024542558e+02 -1.0300952915e+04 -3.9553395427e+10 -9.3325731100e+06 5.0625362858e+06 4.7596613170e+01 6.1658624360e-26 -5.4118926253e-18
1.5985426966e+05 1.8834956538e-13 5.5575773720e-14 -6.5001278997e+06 -2.5993233785e+06 -3.1155689826e-18 1.5318714035e-17 1.0910123358e+03 -1.0167155757e+04 -3.9553395691e+10 -9.3325731100e+06 5.0625362858e+06 5.4779485594e+01 1.9615369198e-33 -1.7049083300e-25
1.5990904914e+05 1.8816317257e-13 5.6408172736e-14 -6.4293156318e+06 -3.1515308831e+06 -3.6822155482e-18 1.5066965050e-17 1.4891315463e+03 -9.9902798814e+03 -3.9553396134e+10 -9.3325731100e+06 5.0625362858e+06 6.2559253089e+01 5.0779208711e-43 -4.3596772136e-35
1.5997160840e+05 1.8791398893e-13 5.7340873325e-14 -6.3229290515e+06 -3.7695755214e+06 -4.2742633851e-18 1.4746073700e-17 1.9050973913e+03 -9.7648253943e+03 -3.9553396795e+10 -9.3325731100e+06 5.0625362858e+06 7.1109826941e+01 4.2068242559e-55 -3.5575390560e-47
1.6004271822e+05 1.8758820720e-13 5.8375559764e-14 -6.1721136596e+06 -4.4541815609e+06 -4.8760410004e-18 1.4350637395e-17 2.3278992640e+03 -9.4869964986e+03 -3.9553397676e+10 -9.3325731100e+06 5.0625362858e+06 7.9756577170e+01 3.9664759289e-70 -3.2934304861e-62
1.6012247480e+05 1.8717525841e-13 5.9501613723e-14 -5.9695494141e+06 -5.1978314050e+06 -5.4644057366e-18 1.3883774634e-17 2.7412774058e+03 -9.1589842152e+03 -3.9553398677e+10 -9.3325731100e+06 5.0625362858e+06 8.6858215938e+01 2.2232563138e-88 -1.8066970860e-80
1.6020933302e+05 1.8667629006e-13 6.0684989052e-14 -5.7143460828e+06 -5.9775248869e+06 -6.0089816518e-18 1.3363944861e-17 3.1238900370e+03 -8.7937579324e+03 -3.9553399584e+10 -9.3325731100e+06 5.0625362858e+06 9.1437616776e+01 1.1965493578e-109 -9.4914128707e-102
1.6030077063e+05 1.8610433863e-13 6.1881977288e-14 -5.4128936460e+06 -6.7640551805e+06 -6.4858317815e-18 1.2819040384e-17 3.4589193282e+03 -8.4109144575e+03 -3.9553400260e+10 -9.3325731100e+06 5.0625362858e+06 9.4537702320e+01 2.6930551219e-133 -2.0817898690e-125
1.6039530833e+05 1.8547146010e-13 6.3067757588e-14 -5.0720382855e+06 -7.5408645220e+06 -6.8890733360e-18 1.2270027076e-17 3.7422321003e+03 -8.0251841661e+03 -3.9553400743e+10 -9.3325731100e+06 5.0625362858e+06 9.7639511519e+01 8.4496224005e-159 -6.3596920763e-151
1.6049294785e+05 1.8478181721e-13 6.4239045228e-14 -4.6947065826e+06 -8.3056440767e+06 -7.2247621609e-18 1.1726522338e-17 3.9780831194e+03 -7.6433241315e+03 -3.9553401130e+10 -9.3325731100e+06 5.0625362858e+06 1.0147873775e+02 5.4822340450e-186 -4.0152418544e-178
1.6059442658e+05 1.8403404777e-13 6.5401639980e-14 -4.2807511334e+06 -9.0620294960e+06 -7.5016353308e-18 1.1191949100e-17 4.1726109512e+03 -7.2677392636e+03 -3.9553401490e+10 -9.3325731100e+06 5.0625362858e+06 1.0628971850e+02 6.5989912017e-215 -4.7006728137e-207
1.6070071630e+05 1.8322417664e-13 6.6563031286e-14 -3.8284459768e+06 -9.8147040052e+06 -7.7274797077e-18 1.0667477035e-17 4.3312865534e+03 -6.8992513612e+03 -3.9553401865e+10 -9.3325731100e+06 5.0625362858e+06 1.1073566573e+02 1.0743204363e-245 -7.4388364591e-238
1.6081145197e+05 1.8235807902e-13 6.7715831849e-14 -3.3415181756e+06 -1.0558694786e+07 -7.9066148091e-18 1.0159791777e-17 4.4571447682e+03 -6.5425576711e+03 -3.9553402253e+10 -9.3325731100e+06 5.0625362858e+06 1.1213650970e+02 4.1135630256e-278 -2.7680318815e-270
1.6092358848e+05 1.8146350842e-13 6.8828111418e-14 -2.8361236541e+06 -1.1273381661e+07 -8.0414798553e-18 9.6844922234e-18 4.5518993630e+03 -6.2086177967e+03 -3.9553402602e+10 -9.3325731100e+06 5.0625362858e+06 1.1376278600e+02 3.9785601565e-311 -2.6034564136e-303
1.6103735126e+05 1.8054274100e-13 6.9904203858e-14 -2.3141091251e+06 -1.1961675286e+07 -8.1403667307e-18 9.2397365807e-18 4.6213761183e+03 -5.8961377146e+03 -3.9553402913e+10 -9.3325731100e+06 5.0625362858e+06 1.1501030390e+02 0.0000000000e+00 -0.0000000000e+00
1.6115236157e+05 1.7960227104e-13 7.0942719336e-14 -1.7796215278e+06 -1.2622824768e+07 -8.2095988751e-18 8.8254468647e-18 4.6700178085e+03 -5.6050626341e+03 -3.9553403184e+10 -9.3325731100e+06 5.0625362858e+06 1.1522301129e+02 0.0000000000e+00 -0.0000000000e+00
1.6126758458e+05 1.7865354434e-13 7.1937276914e-14 -1.2395663919e+06 -1.3252963260e+07 -8.2544314936e-18 8.4428924215e-18 4.7015166788e+03 -5.3362843830e+03 -3.9553403406e+10 -9.3325731100e+06 5.0625362858e+06 1.1333427333e+02 0.0000000000e+00 -0.0000000000e+00
1.6138091885e+05 1.7771645405e-13 7.2874197510e-14 -7.0561311726e+05 -1.3843731604e+07 -8.2795278736e-18 8.0953839786e-18 4.7191491002e+03 -5.0921290393e+03 -3.9553403571e+10 -9.3325731100e+06 5.0625362858e+06 1.0706813146e+02 0.0000000000e+00 -0.0000000000e+00
1.6146872313e+05 1.7698902243e-13 7.3573862869e-14 -2.9093290277e+05 -1.4283012687e+07 -8.2884915240e-18 7.8440279895e-18 4.7254468555e+03 -4.9155292786e+03 -3.9553403609e+10 -9.3325731100e+06 5.0625362858e+06 9.4270843974e+01 0.0000000000e+00 -0.0000000000e+00
1.6156299397e+05 1.7620753805e-13 7.4301231025e-14 1.5462417316e+05 -1.4737905988e+07 -8.2897455084e-18 7.5900620718e-18 4.7263278902e+03 -4.7370958126e+03 -3.9553403655e+10 -9.3325731100e+06 5.0625362858e+06 8.6803466533e+01 0.0000000000e+00 -0.0000000000e+00
1.6164979744e+05 1.7548814734e-13 7.4950419011e-14 5.6475377437e+05 -1.5142318335e+07 -8.2844798954e-18 7.3696485489e-18 4.7226283324e+03 -4.5822358645e+03 -3.9553403680e+10 -9.3325731100e+06 5.0625362858e+06 1.1751481992e+02 0.0000000000e+00 -0.0000000000e+00
1.6176731226e+05 1.7451540862e-13 7.5799829705e-14 1.1191631896e+06 -1.5669113350e+07 -8.2692840032e-18 7.0900285772e-18 4.7119518773e+03 -4.3857781621e+03 -3.9553403777e+10 -9.3325731100e+06 5.0625362858e+06 1.4133414106e+02 0.0000000000e+00 -0.0000000000e+00
1.6190864640e+05 1.7334855049e-13 7.6779639487e-14 1.7838061922e+06 -1.6273338621e+07 -8.2411916857e-18 6.7795726025e-18 4.6922145456e+03 -4.1676554466e+03 -3.9553403968e+10 -9.3325731100e+06 5.0625362858e+06 1.6481495511e+02 0.0000000000e+00 -0.0000000000e+00
1.6207346135e+05 1.7199369379e-13 7.7869340917e-14 2.5547540299e+06 -1.6940787474e+07 -8.1981734330e-18 6.4490590143e-18 4.6619904273e+03 -3.9354404880e+03 -3.9553404282e+10 -9.3325731100e+06 5.0625362858e+06 1.9009682365e+02 0.0000000000e+00 -0.0000000000e+00
1.6226355818e+05 1.7044076117e-13 7.9061956596e-14 3.4371094533e+06 -1.7665484975e+07 -8.1386957365e-18 6.1044712576e-18 4.6202020975e+03 -3.6933371841e+03 -3.9553404750e+10 -9.3325731100e+06 5.0625362858e+06 2.0573287698e+02 0.0000000000e+00 -0.0000000000e+00
1.6246929105e+05 1.6877370158e-13 8.0282760857e-14 4.3824815422e+06 -1.8400674728e+07 -8.0662405496e-18 5.7694489823e-18 4.5692959356e+03 -3.4579544749e+03 -3.9553405246e+10 -9.3325731100e+06 5.0625362858e+06 2.1735385913e+02 0.0000000000e+00 -0.0000000000e+00
1.6268664491e+05 1.6702933951e-13 8.1501640026e-14 5.3694061866e+06 -1.9127590563e+07 -7.9838932842e-18 5.4519134379e-18 4.5114397157e+03 -3.2348577371e+03 -3.9553405706e+10 -9.3325731100e+06 5.0625362858e+06 2.3001145356e+02 0.0000000000e+00 -0.0000000000e+00
1.6291665637e+05 1.6520335284e-13 8.2720343815e-14 6.3997819171e+06 -1.9846844410e+07 -7.8930065919e-18 5.1504314535e-18 4.4475837949e+03 -3.0230400417e+03 -3.9553406135e+10 -9.3325731100e+06 5.0625362858e+06 2.4351364129e+02 0.0000000000e+00 -0.0000000000e+00
1.6316017001e+05 1.6329323185e-13 8.3939043603e-14 7.4744447002e+06 -2.0558053644e+07 -7.7948029034e-18 4.8640299843e-18 4.3785870387e+03 -2.8218177389e+03 -3.9553406535e+10 -9.3325731100e+06 5.0625362858e+06 2.5788871040e+02 0.0000000000e+00 -0.0000000000e+00
1.6341805872e+05 1.6129651546e-13 8.5157689107e-14 8.5941652961e+06 -2.1260663055e+07 -7.6903348944e-18 4.5918111040e-18 4.3051890446e+03 -2.6305599562e+03 -3.9553406906e+10 -9.3325731100e+06 5.0625362858e+06 2.7315464277e+02 0.0000000000e+00 -0.0000000000e+00
1.6369121336e+05 1.5921089502e-13 8.6375975317e-14 9.7595875994e+06 -2.1953927755e+07 -7.5805169453e-18 4.3329544849e-18 4.2280322456e+03 -2.4486903410e+03 -3.9553407251e+10 -9.3325731100e+06 5.0625362858e+06 2.8932755776e+02 0.0000000000e+00 -0.0000000000e+00
1.6398054092e+05 1.5703424532e-13 8.7593358731e-14 1.0971208942e+07 -2.2636925695e+07 -7.4661473995e-18 4.0867074940e-18 4.1476775482e+03 -2.2756801022e+03 -3.9553407571e+10 -9.3325731100e+06 5.0625362858e+06 3.0642001141e+02 0.0000000000e+00 -0.0000000000e+00
1.6428696093e+05 1.5476466381e-13 8.8809067270e-14 1.2229356428e+07 -2.3308566750e+07 -7.3479267421e-18 3.8523775090e-18 4.0646171051e+03 -2.1110426115e+03 -3.9553407867e+10 -9.3325731100e+06 5.0625362858e+06 3.2443955466e+02 0.0000000000e+00 -0.0000000000e+00
1.6461140049e+05 1.5240051540e-13 9.0022107184e-14 1.3534160952e+07 -2.3967600556e+07 -7.2264725435e-18 3.6293255567e-18 3.9792848141e+03 -1.9543289340e+03 -3.9553408141e+10 -9.3325731100e+06 5.0625362858e+06 3.4338705105e+02 0.0000000000e+00 -0.0000000000e+00
1.6495478754e+05 1.4994048365e-13 9.1231267680e-14 1.4885528583e+07 -2.4612623741e+07 -7.1023319283e-18 3.4169610442e-18 3.8920650784e+03 -1.8051241259e+03 -3.9553408393e+10 -9.3325731100e+06 5.0625362858e+06 3.6325471863e+02 0.0000000000e+00 -0.0000000000e+00
1.6531804226e+05 1.4738362910e-13 9.2435123963e-14 1.6283109068e+07 -2.5242087215e+07 -6.9759921370e-18 3.2147373843e-18 3.8033002273e+03 -1.6630441616e+03 -3.9553408626e+10 -9.3325731100e+06 5.0625362858e+06 3.8402381254e+02 0.0000000000e+00 -0.0000000000e+00
1.6570206607e+05 1.4472945578e-13 9.3632039245e-14 1.7726261157e+07 -2.5854304107e+07 -6.8478896257e-18 3.0221483697e-18 3.7132969100e+03 -1.5277333856e+03 -3.9553408839e+10 -9.3325731100e+06 5.0625362858e+06 4.0566185946e+02 0.0000000000e+00 -0.0000000000e+00
1.6610772793e+05 1.4197798697e-13 9.4820166185e-14 1.9214014427e+07 -2.6447458954e+07 -6.7184180584e-18 2.8387251879e-18 3.6223317100e+03 -1.3988624160e+03 -3.9553409034e+10 -9.3325731100e+06 5.0625362858e+06 4.2811932096e+02 0.0000000000e+00 -0.0000000000e+00
1.6653584725e+05 1.3912985186e-13 9.5997448172e-14 2.0745027130e+07 -2.7019618769e+07 -6.5879354866e-18 2.6640340009e-18 3.5306561901e+03 -1.2761264432e+03 -3.9553409213e+10 -9.3325731100e+06 5.0625362858e+06 4.5132552403e+02 0.0000000000e+00 -0.0000000000e+00
1.6698717277e+05 1.3618638508e-13 9.7161620748e-14 2.2317539503e+07 -2.7568746626e+07 -6.4567709777e-18 2.4976740438e-18 3.4385015493e+03 -1.1592438946e+03 -3.9553409375e+10 -9.3325731100e+06 5.0625362858e+06 4.7518364534e+02 0.0000000000e+00 -0.0000000000e+00
1.6746235642e+05 1.3314974163e-13 9.8310213463e-14 2.3929321693e+07 -2.8092718538e+07 -6.3252309328e-18 2.3392762234e-18 3.3460830613e+03 -1.0479554495e+03 -3.9553409521e+10 -9.3325731100e+06 5.0625362858e+06 4.9956444122e+02 0.0000000000e+00 -0.0000000000e+00
1.6796192086e+05 1.3002303099e-13 9.9440552267e-14 2.5577615132e+07 -2.8589344446e+07 -6.1936053438e-18 2.1885022284e-18 3.2536044710e+03 -9.4202341435e+02 -3.9553409654e+10 -9.3325731100e+06 5.0625362858e+06 5.2429828448e+02 0.0000000000e+00 -0.0000000000e+00
1.6848621914e+05 1.2681047558e-13 1.0054976244e-13 2.7259065588e+07 -2.9056394337e+07 -6.0621742641e-18 2.0450442006e-18 3.1612625406e+03 -8.4123149178e+02 -3.9553409773e+10 -9.3325731100e+06 5.0625362858e+06 5.4916485916e+02 0.0000000000e+00 -0.0000000000e+00
1.6903538400e+05 1.2351760084e-13 1.0163477179e-13 2.8969645206e+07 -2.9491630670e+07 -5.9312148303e-18 1.9086250652e-18 3.0692519831e+03 -7.4538501222e+02 -3.9553409878e+10 -9.3325731100e+06 5.0625362858e+06 5.7387951769e+02 0.0000000000e+00 -0.0000000000e+00
1.6960926352e+05 1.2015146846e-13 1.0269231340e-13 3.0704559326e+07 -2.9892848619e+07 -5.8010092757e-18 1.7789996904e-18 2.9777710923e+03 -6.5431174887e+02 -3.9553409972e+10 -9.3325731100e+06 5.0625362858e+06 5.9807470246e+02 0.0000000000e+00 -0.0000000000e+00
1.7020733822e+05 1.1672096992e-13 1.0371892636e-13 3.2458131253e+07 -3.0257926001e+07 -5.6718545692e-18 1.6559571647e-18 2.8870285150e+03 -5.6786351785e+02 -3.9553410054e+10 -9.3325731100e+06 5.0625362858e+06 6.2127380345e+02 0.0000000000e+00 -0.0000000000e+00
1.7082861203e+05 1.1323720842e-13 1.0471095182e-13 3.4223653659e+07 -3.0584885398e+07 -5.5440746305e-18 1.5393246727e-18 2.7972518333e+03 -4.8591890110e+02 -3.9553410125e+10 -9.3325731100e+06 5.0625362858e+06 6.4285282431e+02 0.0000000000e+00 -0.0000000000e+00
1.7147146485e+05 1.0971401611e-13 1.0566451859e-13 3.5993187010e+07 -3.0871971868e+07 -5.4180366627e-18 1.4289737994e-18 2.7086990400e+03 -4.0838767581e+02 -3.9553410186e+10 -9.3325731100e+06 5.0625362858e+06 6.6198131226e+02 0.0000000000e+00 -0.0000000000e+00
1.7213344616e+05 1.0616868940e-13 1.0657550800e-13 3.7757269615e+07 -3.1117751200e+07 -5.2941742400e-18 1.3248307540e-18 2.6216747590e+03 -3.3521799733e+02 -3.9553410238e+10 -9.3325731100e+06 5.0625362858e+06 6.7752549923e+02 0.0000000000e+00 -0.0000000000e+00
1.7280000000e+05 1.0267986525e-13 1.0742600715e-13 3.9476633783e+07 -3.1318307429e+07 -5.1749416184e-18 1.2284157793e-18 2.5379033218e+03 -2.6747797039e+02 -3.9553410277e+10 -9.3325731100e+06 5.0625362858e+06 6.8813684000e+02 0.0000000000e+00 -0.0000000000e+00
1.7280000000e+05 1.0267986525e-13 1.0742600715e-13 3.9476633783e+07 -3.1318307429e+07 -5.1749416184e-18 1.2284157793e-18 2.5379033218e+03 -2.6747797039e+02 -3.9553410277e+10 -9.3325731100e+06 5.0625362858e+06 6.8813684000e+02 0.0000000000e+00 -0.0000000000e+00
