0.0000000000e+00 0.0000000000e+00 0.0000000000e+00 3.1415900000e+08 0.0000000000e+00 0.0000000000e+00 0.0000000000e+00 -1.1772982160e+03 2.3231209980e+02 -4.6638892997e+09 -1.0007034836e+07 1.9746528483e+06 1.0000000000e+01 0.0000000000e+00 -0.0000000000e+00
1.0000000000e+01 2.8740013706e-22 7.0843760061e-28 3.1414722682e+08 2.3231209975e+03 5.7480745459e-23 2.1253526265e-28 -1.1773386013e+03 2.3231209965e+02 -4.6638892997e+09 -1.0007034836e+07 1.9746528483e+06 5.0000000000e+01 0.0000000000e+00 -0.0000000000e+00
6.0000000000e+01 1.0347697653e-20 1.5306554385e-25 3.1408835484e+08 1.3938725880e+04 3.4494911417e-22 7.6541378703e-27 -1.1775405732e+03 2.3231209442e+02 -4.6638892997e+09 -1.0007034836e+07 1.9746528483e+06 2.5000000000e+02 0.0000000000e+00 -0.0000000000e+00
3.1000000000e+02 2.7639876953e-19 2.1140714269e-23 3.1379384336e+08 7.2016736085e+04 1.7839094106e-21 2.0470658404e-25 -1.1785515698e+03 2.3231195598e+02 -4.6638892997e+09 -1.0007034836e+07 1.9746528483e+06 1.2500000000e+03 0.0000000000e+00 -0.0000000000e+00
1.5600000000e+03 7.0214077511e-18 2.7131544507e-21 3.1231748162e+08 3.6240496946e+05 9.0194768814e-21 5.2329798035e-24 -1.1836351943e+03 2.3230842317e+02 -4.6638892997e+09 -1.0007034836e+07 1.9746528483e+06 3.6000000000e+03 0.0000000000e+00 -0.0000000000e+00
5.1600000000e+03 7.7525334638e-17 1.0022867035e-19 3.0802967282e+08 1.1986600155e+06 3.0247115712e-20 5.8851264914e-23 -1.1985494837e+03 2.3227075159e+02 -4.6638892996e+09 -1.0007034836e+07 1.9746528483e+06 3.6000000000e+03 0.0000000000e+00 -0.0000000000e+00
8.7600000000e+03 2.2552353935e-16 5.0080593878e-19 3.0368741744e+08 2.0347021339e+06 5.2077255275e-20 1.7445654470e-22 -1.2138870829e+03 2.3218952868e+02 -4.6638892995e+09 -1.0007034836e+07 1.9746528483e+06 3.6000000000e+03 0.0000000000e+00 -0.0000000000e+00
1.2360000000e+04 4.5324491318e-16 1.4371598950e-18 2.9928914951e+08 2.8703678219e+06 7.4543606471e-20 3.5745140188e-22 -1.2296716769e+03 2.3206095865e+02 -4.6638892994e+09 -1.0007034836e+07 1.9746528483e+06 3.6000000000e+03 0.0000000000e+00 -0.0000000000e+00
1.5960000000e+04 7.6304462011e-16 3.1624734010e-18 2.9483321430e+08 3.7054791962e+06 9.7682657709e-20 6.1381613388e-22 -1.2459289021e+03 2.3188083981e+02 -4.6638892993e+09 -1.0007034836e+07 1.9746528483e+06 3.6000000000e+03 0.0000000000e+00 -0.0000000000e+00
1.9560000000e+04 1.1574146351e-15 5.9526110574e-18 2.9031786099e+08 4.5398424376e+06 1.2153398104e-19 9.5018508745e-22 -1.2626865613e+03 2.3164451094e+02 -4.6638892991e+09 -1.0007034836e+07 1.9746528483e+06 3.6000000000e+03 0.0000000000e+00 -0.0000000000e+00
2.3160000000e+04 1.6389954591e-15 1.0108629212e-17 2.8574123439e+08 5.3732460274e+06 1.4614058093e-19 1.3739352284e-21 -1.2799748689e+03 2.3134678907e+02 -4.6638892989e+09 -1.0007034836e+07 1.9746528483e+06 3.6000000000e+03 0.0000000000e+00 -0.0000000000e+00
2.6760000000e+04 2.2105891774e-15 1.5959630269e-17 2.8110136579e+08 6.2054587422e+06 1.7154929301e-19 1.8932892790e-21 -1.2978267310e+03 2.3098189703e+02 -4.6638892987e+09 -1.0007034836e+07 1.9746528483e+06 3.6000000000e+03 0.0000000000e+00 -0.0000000000e+00
3.0360000000e+04 2.8751740559e-15 2.3866018705e-17 2.7639616270e+08 7.0362273660e+06 1.9781124139e-19 2.5174362760e-21 -1.3162780670e+03 2.3054337869e+02 -4.6638892985e+09 -1.0007034836e+07 1.9746528483e+06 3.6000000000e+03 0.0000000000e+00 -0.0000000000e+00
3.3960000000e+04 3.6359209047e-15 3.4223227595e-17 2.7162339733e+08 7.8652740721e+06 2.2498236525e-19 3.2566730552e-21 -1.3353681790e+03 2.3002399963e+02 -4.6638892982e+09 -1.0007034836e+07 1.9746528483e+06 3.6000000000e+03 0.0000000000e+00 -0.0000000000e+00
3.7560000000e+04 4.4962114815e-15 4.7465998510e-17 2.6678069372e+08 8.6922934164e+06 2.5312402737e-19 4.1225709982e-21 -1.3551401797e+03 2.2941562992e+02 -4.6638892978e+09 -1.0007034836e+07 1.9746528483e+06 3.6000000000e+03 0.0000000000e+00 -0.0000000000e+00
4.1160000000e+04 5.4596592551e-15 6.4073315078e-17 2.6186551307e+08 9.5169488704e+06 2.8230372022e-19 5.1281734285e-21 -1.3756414886e+03 2.2870910548e+02 -4.6638892974e+09 -1.0007034836e+07 1.9746528483e+06 3.6000000000e+03 0.0000000000e+00 -0.0000000000e+00
4.4760000000e+04 6.5301329154e-15 8.4574112194e-17 2.5687513729e+08 1.0338868811e+07 3.1259588894e-19 6.2882303936e-21 -1.3969244100e+03 2.2789406310e+02 -4.6638892969e+09 -1.0007034836e+07 1.9746528483e+06 3.6000000000e+03 0.0000000000e+00 -0.0000000000e+00
4.8360000000e+04 7.7117830910e-15 1.0955391017e-16 2.5180665020e+08 1.1157641858e+07 3.4408289471e-19 7.6194793150e-21 -1.4190468098e+03 2.2695874327e+02 -4.6638892963e+09 -1.0007034836e+07 1.9746528483e+06 3.6000000000e+03 0.0000000000e+00 -0.0000000000e+00
5.1960000000e+04 9.0090728308e-15 1.3966255751e-16 2.4665691611e+08 1.1972811436e+07 3.7685614797e-19 9.1409822485e-21 -1.4420729120e+03 2.2588975321e+02 -4.6638892956e+09 -1.0007034836e+07 1.9746528483e+06 3.6000000000e+03 0.0000000000e+00 -0.0000000000e+00
5.5560000000e+04 1.0426812525e-14 1.7562330971e-16 2.4142255531e+08 1.2783869394e+07 4.1101744836e-19 1.0874533467e-20 -1.4660742397e+03 2.2467178052e+02 -4.6638892947e+09 -1.0007034836e+07 1.9746528483e+06 3.6000000000e+03 0.0000000000e+00 -0.0000000000e+00
5.9160000000e+04 1.1970200088e-14 2.1824352774e-16 2.3609991579e+08 1.3590248489e+07 4.4668057770e-19 1.2845154997e-20 -1.4911307348e+03 2.2328724502e+02 -4.6638892937e+09 -1.0007034836e+07 1.9746528483e+06 3.6000000000e+03 0.0000000000e+00 -0.0000000000e+00
6.2760000000e+04 1.3644867422e-14 2.6842735213e-16 2.3068504064e+08 1.4391313484e+07 4.8397320484e-19 1.5081702974e-20 -1.5173320959e+03 2.2171587272e+02 -4.6638892924e+09 -1.0007034836e+07 1.9746528483e+06 3.6000000000e+03 0.0000000000e+00 -0.0000000000e+00
6.6360000000e+04 1.5456934406e-14 3.2719080291e-16 2.2517363012e+08 1.5186350534e+07 5.2303917754e-19 1.7617614701e-20 -1.5447793887e+03 2.1993417098e+02 -4.6638892908e+09 -1.0007034836e+07 1.9746528483e+06 3.6000000000e+03 0.0000000000e+00 -0.0000000000e+00
6.9960000000e+04 1.7413071969e-14 3.9567987976e-16 2.1956099730e+08 1.5974554474e+07 5.6404129881e-19 2.0491835885e-20 -1.5735869968e+03 2.1791477699e+02 -4.6638892888e+09 -1.0007034836e+07 1.9746528483e+06 3.6000000000e+03 0.0000000000e+00 -0.0000000000e+00
7.3560000000e+04 1.9520576231e-14 4.7519240096e-16 2.1384201602e+08 1.6755013471e+07 6.0716471399e-19 2.3749980649e-20 -1.6038850009e+03 2.1562564281e+02 -4.6638892863e+09 -1.0007034836e+07 1.9746528483e+06 3.6000000000e+03 0.0000000000e+00 -0.0000000000e+00
7.7160000000e+04 2.1787456157e-14 5.6720454041e-16 2.0801105928e+08 1.7526690383e+07 6.5262107503e-19 2.7445795223e-20 -1.6358221054e+03 2.1302900697e+02 -4.6638892831e+09 -1.0007034836e+07 1.9746528483e+06 3.6000000000e+03 0.0000000000e+00 -0.0000000000e+00
8.0760000000e+04 2.4222537942e-14 6.7340332075e-16 2.0206192589e+08 1.8288399929e+07 7.0065370350e-19 3.1643021977e-20 -1.6695692651e+03 2.1008008483e+02 -4.6638892790e+09 -1.0007034836e+07 1.9746528483e+06 3.6000000000e+03 0.0000000000e+00 -0.0000000000e+00
8.4360000000e+04 2.6835590202e-14 7.9572673083e-16 1.9598775253e+08 1.9038780500e+07 7.5154404979e-19 3.6417797223e-20 -1.7053242237e+03 2.0672538392e+02 -4.6638892736e+09 -1.0007034836e+07 1.9746528483e+06 3.6000000000e+03 0.0000000000e+00 -0.0000000000e+00
8.7960000000e+04 2.9637475347e-14 9.3641370612e-16 1.8978090742e+08 1.9776259045e+07 8.0561985410e-19 4.1861769546e-20 -1.7433172476e+03 2.0290051301e+02 -4.6638892666e+09 -1.0007034836e+07 1.9746528483e+06 3.6000000000e+03 0.0000000000e+00 -0.0000000000e+00
9.1560000000e+04 3.2640334196e-14 1.0980670149e-15 1.8343286054e+08 2.0499006891e+07 8.6326556909e-19 4.8086203918e-20 -1.7838184488e+03 1.9852729865e+02 -4.6638892572e+09 -1.0007034836e+07 1.9746528483e+06 3.6000000000e+03 0.0000000000e+00 -0.0000000000e+00
9.5160000000e+04 3.5857813336e-14 1.2837332455e-15 1.7693402397e+08 2.1204883541e+07 9.2493582901e-19 5.5227454552e-20 -1.8271472479e+03 1.9350993997e+02 -4.6638892445e+09 -1.0007034836e+07 1.9746528483e+06 3.6000000000e+03 0.0000000000e+00 -0.0000000000e+00
9.8760000000e+04 3.9305348051e-14 1.4970057682e-15 1.7027355306e+08 2.1891364335e+07 9.9117308343e-19 6.3454369369e-20 -1.8736847636e+03 1.8772980640e+02 -4.6638892269e+09 -1.0007034836e+07 1.9746528483e+06 3.6000000000e+03 0.0000000000e+00 -0.0000000000e+00
1.0236000000e+05 4.3000518570e-14 1.7421590409e-15 1.6343909615e+08 2.2555446089e+07 1.0626310179e-18 7.2978469819e-20 -1.9238902676e+03 1.8103828548e+02 -4.6638892022e+09 -1.0007034836e+07 1.9746528483e+06 3.6000000000e+03 0.0000000000e+00 -0.0000000000e+00
1.0596000000e+05 4.6963504501e-14 2.0243264058e-15 1.5641647528e+08 2.3193522178e+07 1.1401061628e-18 8.4068198941e-20 -1.9783233930e+03 1.7324677226e+02 -4.6638891666e+09 -1.0007034836e+07 1.9746528483e+06 3.6000000000e+03 0.0000000000e+00 -0.0000000000e+00
1.0956000000e+05 5.1217672985e-14 2.3497393971e-15 1.4918927298e+08 2.3801214398e+07 1.2245813249e-18 9.7069267890e-20 -2.0376746481e+03 1.6411237417e+02 -4.6638891143e+09 -1.0007034836e+07 1.9746528483e+06 3.6000000000e+03 0.0000000000e+00 -0.0000000000e+00
1.1316000000e+05 5.5790352555e-14 2.7260559298e-15 1.4173828853e+08 2.4373142388e+07 1.3172864843e-18 1.1243437805e-19 -2.1028082024e+03 1.5331702854e+02 -4.6638890349e+09 -1.0007034836e+07 1.9746528483e+06 3.3457804308e+03 0.0000000000e+00 -0.0000000000e+00
1.1616927374e+05 5.9880370299e-14 3.0865349912e-15 1.3532187758e+08 2.4818964741e+07 1.4022168838e-18 1.2752457334e-19 -2.1624793019e+03 1.4271483486e+02 -4.6638889862e+09 -1.0007034836e+07 1.9746528483e+06 3.0286799959e+03 0.0000000000e+00 -0.0000000000e+00
1.1919795373e+05 6.4266687495e-14 3.4989266431e-15 1.2867444317e+08 2.5232822228e+07 1.4957657814e-18 1.4527502420e-19 -2.2282056568e+03 1.3024357692e+02 -4.6638889110e+09 -1.0007034836e+07 1.9746528483e+06 2.7352765945e+03 0.0000000000e+00 -0.0000000000e+00
1.2165626794e+05 6.8044253585e-14 3.8761430017e-15 1.2312620074e+08 2.5538890588e+07 1.5786590883e-18 1.6199900544e-19 -2.2864455190e+03 1.1849350445e+02 -4.6638888719e+09 -1.0007034836e+07 1.9746528483e+06 2.4749599401e+03 0.0000000000e+00 -0.0000000000e+00
1.2413122788e+05 7.2062122919e-14 4.3005131132e-15 1.1738952709e+08 2.5815696281e+07 1.6694850856e-18 1.8140485730e-19 -2.3502587961e+03 1.0485918124e+02 -4.6638888129e+09 -1.0007034836e+07 1.9746528483e+06 2.2340535297e+03 0.0000000000e+00 -0.0000000000e+00
1.2613586041e+05 7.5487839762e-14 4.6818283020e-15 1.1262260844e+08 2.6013489107e+07 1.7493236947e-18 1.9940371226e-19 -2.4063524636e+03 9.2213397493e+01 -4.6638887834e+09 -1.0007034836e+07 1.9746528483e+06 2.0195710361e+03 0.0000000000e+00 -0.0000000000e+00
1.2795231262e+05 7.8735316178e-14 5.0604356688e-15 1.0820246377e+08 2.6169467853e+07 1.8272468609e-18 2.1782562665e-19 -2.4611003635e+03 7.9270377170e+01 -4.6638887583e+09 -1.0007034836e+07 1.9746528483e+06 1.8304811928e+03 0.0000000000e+00 -0.0000000000e+00
1.2959254794e+05 8.1793673951e-14 5.4327481727e-15 1.0412265147e+08 2.6288931978e+07 1.9027970816e-18 2.3649876203e-19 -2.5141810597e+03 6.6150851935e+01 -4.6638887377e+09 -1.0007034836e+07 1.9746528483e+06 1.6544677002e+03 0.0000000000e+00 -0.0000000000e+00
1.3106598747e+05 8.4650240647e-14 5.7947536983e-15 1.0038098357e+08 2.6376888988e+07 1.9754113345e-18 2.5520548037e-19 -2.5651989795e+03 5.3007731710e+01 -4.6638887214e+09 -1.0007034836e+07 1.9746528483e+06 1.4885512230e+03 0.0000000000e+00 -0.0000000000e+00
1.3237790218e+05 8.7286544862e-14 6.1414615308e-15 9.6984232408e+07 2.6438069803e+07 2.0443123680e-18 2.7364882108e-19 -2.6136080350e+03 4.0049657507e+01 -4.6638887093e+09 -1.0007034836e+07 1.9746528483e+06 1.3291290752e+03 0.0000000000e+00 -0.0000000000e+00
1.3352705795e+05 8.9672215248e-14 6.4659705046e-15 9.3955189427e+07 2.6477036405e+07 2.1083289381e-18 2.9139407903e-19 -2.6585853240e+03 2.7582048039e+01 -4.6638887012e+09 -1.0007034836e+07 1.9746528483e+06 1.1712220865e+03 0.0000000000e+00 -0.0000000000e+00
1.3449847183e+05 9.1747760785e-14 6.7568555527e-15 9.1353291722e+07 2.6498335191e+07 2.1653895410e-18 3.0770942571e-19 -2.6986754324e+03 1.6119077408e+01 -4.6638886968e+09 -1.0007034836e+07 1.9746528483e+06 1.0069319436e+03 0.0000000000e+00 -0.0000000000e+00
1.3522464903e+05 9.3336298436e-14 6.9850063183e-15 8.9382276726e+07 2.6506738899e+07 2.2099643620e-18 3.2078352017e-19 -2.7299931772e+03 6.9333724506e+00 -4.6638886955e+09 -1.0007034836e+07 1.9746528483e+06 8.2919172869e+02 0.0000000000e+00 -0.0000000000e+00
1.3595999255e+05 9.4978525433e-14 7.2260156304e-15 8.7362748746e+07 2.6508237789e+07 2.2569061828e-18 3.3486549123e-19 -2.7629739482e+03 -2.9604547430e+00 -4.6638886940e+09 -1.0007034836e+07 1.9746528483e+06 6.9617209438e+02 0.0000000000e+00 -0.0000000000e+00
1.3665616465e+05 9.6565709208e-14 7.4640271498e-15 8.5428009934e+07 2.6502742896e+07 2.3031402838e-18 3.4905139776e-19 -2.7954574836e+03 -1.2927305778e+01 -4.6638886925e+09 -1.0007034836e+07 1.9746528483e+06 8.6338024281e+02 0.0000000000e+00 -0.0000000000e+00
1.3751954489e+05 9.8579859565e-14 7.7734288232e-15 8.2996435570e+07 2.6485934598e+07 2.3630923766e-18 3.6791666859e-19 -2.8375791187e+03 -2.6181823120e+01 -4.6638886874e+09 -1.0007034836e+07 1.9746528483e+06 9.4749283062e+02 0.0000000000e+00 -0.0000000000e+00
1.3846703772e+05 1.0085144693e-13 8.1325342527e-15 8.0284963390e+07 2.6453745397e+07 2.4325142003e-18 3.9043029400e-19 -2.8863540753e+03 -4.1999631467e+01 -4.6638886770e+09 -1.0007034836e+07 1.9746528483e+06 9.8871556672e+02 0.0000000000e+00 -0.0000000000e+00
1.3945575329e+05 1.0329413889e-13 8.5311013626e-15 7.7404743687e+07 2.6403407424e+07 2.5094297908e-18 4.1621956122e-19 -2.9403940643e+03 -6.0118867210e+01 -4.6638886602e+09 -1.0007034836e+07 1.9746528483e+06 1.0041300698e+03 0.0000000000e+00 -0.0000000000e+00
1.4045988336e+05 1.0585530501e-13 8.9633262633e-15 7.4423137962e+07 2.6333002858e+07 2.5927606652e-18 4.4517335225e-19 -2.9989413563e+03 -8.0461460157e+01 -4.6638886360e+09 -1.0007034836e+07 1.9746528483e+06 1.0023918305e+03 0.0000000000e+00 -0.0000000000e+00
1.4146227519e+05 1.0849839089e-13 9.4253772736e-15 7.1386022801e+07 2.6241239006e+07 2.6818390524e-18 4.7730367025e-19 -3.0615267831e+03 -1.0303584358e+02 -4.6638886036e+09 -1.0007034836e+07 1.9746528483e+06 9.8868267081e+02 0.0000000000e+00 -0.0000000000e+00
1.4245095786e+05 1.1119596638e-13 9.9144458197e-15 6.8326763656e+07 2.6127308146e+07 2.7762180165e-18 5.1269332707e-19 -3.1278363330e+03 -1.2790020012e+02 -4.6638885619e+09 -1.0007034836e+07 1.9746528483e+06 9.6644373055e+02 0.0000000000e+00 -0.0000000000e+00
1.4341740159e+05 1.1392643617e-13 1.0428311887e-14 6.5270575224e+07 2.5990788465e+07 2.8755825223e-18 5.5147260986e-19 -3.1976486658e+03 -1.5514606797e+02 -4.6638885102e+09 -1.0007034836e+07 1.9746528483e+06 9.3811441739e+02 0.0000000000e+00 -0.0000000000e+00
1.4435551601e+05 1.1667226837e-13 1.0965120093e-14 6.2236945396e+07 2.5831568665e+07 2.9797019347e-18 5.9380772815e-19 -3.2708017400e+03 -1.8489022403e+02 -4.6638884474e+09 -1.0007034836e+07 1.9746528483e+06 9.0549818946e+02 0.0000000000e+00 -0.0000000000e+00
1.4526101420e+05 1.1941894617e-13 1.1523254892e-14 5.9241120483e+07 2.5649787907e+07 3.0884020836e-18 6.3989479849e-19 -3.3471731858e+03 -2.1727045745e+02 -4.6638883728e+09 -1.0007034836e+07 1.9746528483e+06 8.6996492588e+02 0.0000000000e+00 -0.0000000000e+00
1.4613097912e+05 1.2215430046e-13 1.2101267306e-14 5.6295084586e+07 2.5445786564e+07 3.2015475365e-18 6.8995673654e-19 -3.4266678499e+03 -2.5244338615e+02 -4.6638882853e+09 -1.0007034836e+07 1.9746528483e+06 8.3257299029e+02 0.0000000000e+00 -0.0000000000e+00
1.4696355211e+05 1.2486805863e-13 1.2697830520e-14 5.3408243323e+07 2.5220065048e+07 3.3190296007e-18 7.4424182186e-19 -3.5092093660e+03 -2.9058344846e+02 -4.6638881842e+09 -1.0007034836e+07 1.9746528483e+06 7.9414811283e+02 0.0000000000e+00 -0.0000000000e+00
1.4775770022e+05 1.2755152369e-13 1.3311712531e-14 5.0587923191e+07 2.4973248985e+07 3.4407577155e-18 8.0302330782e-19 -3.5947341074e+03 -3.3188262894e+02 -4.6638880682e+09 -1.0007034836e+07 1.9746528483e+06 7.5533729171e+02 0.0000000000e+00 -0.0000000000e+00
1.4851303752e+05 1.3019733557e-13 1.3941759332e-14 4.7839749640e+07 2.4706059507e+07 3.5666529234e-18 8.6659973934e-19 -3.6831865994e+03 -3.7655068177e+02 -4.6638879366e+09 -1.0007034836e+07 1.9746528483e+06 7.1664733005e+02 0.0000000000e+00 -0.0000000000e+00
1.4922968485e+05 1.3279928681e-13 1.4586884807e-14 4.5167941691e+07 2.4419287784e+07 3.6966426369e-18 9.3529579122e-19 -3.7745158428e+03 -4.2481571963e+02 -4.6638877882e+09 -1.0007034836e+07 1.9746528483e+06 6.7847341217e+02 0.0000000000e+00 -0.0000000000e+00
1.4990815826e+05 1.3535217507e-13 1.5246065011e-14 4.2575546892e+07 2.4113773110e+07 3.8306562085e-18 1.0094635225e-18 -3.8686722015e+03 -4.7692509509e+02 -4.6638876220e+09 -1.0007034836e+07 1.9746528483e+06 6.4112092314e+02 0.0000000000e+00 -0.0000000000e+00
1.5054927918e+05 1.3785168205e-13 1.5918335392e-14 4.0064632176e+07 2.3790383998e+07 3.9686209754e-18 1.0894839913e-18 -3.9656046236e+03 -5.3314653505e+02 -4.6638874368e+09 -1.0007034836e+07 1.9746528483e+06 6.0482250103e+02 0.0000000000e+00 -0.0000000000e+00
1.5115410168e+05 1.4029427137e-13 1.6602790000e-14 3.7636441206e+07 2.3450001828e+07 4.1104585445e-18 1.1757692054e-18 -4.0652580310e+03 -5.9376951135e+02 -4.6638872316e+09 -1.0007034836e+07 1.9746528483e+06 5.6975160962e+02 0.0000000000e+00 -0.0000000000e+00
1.5172385329e+05 1.4267710100e-13 1.7298582102e-14 3.5291525583e+07 2.3093506676e+07 4.2560811414e-18 1.2687644057e-18 -4.1675707544e+03 -6.5910684504e+02 -4.6638870051e+09 -1.0007034836e+07 1.9746528483e+06 5.3603349642e+02 0.0000000000e+00 -0.0000000000e+00
1.5225988679e+05 1.4499794691e-13 1.8004925813e-14 3.3029855273e+07 2.2721764962e+07 4.4053878775e-18 1.3689506962e-18 -4.2724719106e+03 -7.2949655407e+02 -4.6638867563e+09 -1.0007034836e+07 1.9746528483e+06 5.0375413708e+02 0.0000000000e+00 -0.0000000000e+00
1.5276364093e+05 1.4725513567e-13 1.8721098495e-14 3.0850912161e+07 2.2335618642e+07 4.5582608044e-18 1.4768480470e-18 -4.3798786306e+03 -8.0530396337e+02 -4.6638864839e+09 -1.0007034836e+07 1.9746528483e+06 4.7296760031e+02 0.0000000000e+00 -0.0000000000e+00
1.5323660853e+05 1.4944748455e-13 1.9446443817e-14 2.8753769717e+07 2.1935875648e+07 4.7145606332e-18 1.5930187132e-18 -4.4896930515e+03 -8.8692410673e+02 -4.6638861866e+09 -1.0007034836e+07 1.9746528483e+06 4.4370214649e+02 0.0000000000e+00 -0.0000000000e+00
1.5368031067e+05 1.5157424790e-13 2.0180375414e-14 2.6737161067e+07 2.1523301320e+07 4.8741219839e-18 1.7180711239e-18 -4.6017989793e+03 -9.7478445924e+02 -4.6638858633e+09 -1.0007034836e+07 1.9746528483e+06 4.1596530813e+02 0.0000000000e+00 -0.0000000000e+00
1.5409627598e+05 1.5363506893e-13 2.0922381170e-14 2.4799537237e+07 2.1098610580e+07 5.0367480238e-18 1.8526643147e-18 -4.7160581216e+03 -1.0693480517e+03 -4.6638855127e+09 -1.0007034836e+07 1.9746528483e+06 3.8974813295e+02 0.0000000000e+00 -0.0000000000e+00
1.5448602411e+05 1.5562993642e-13 2.1672028213e-14 2.2939117029e+07 2.0662460594e+07 5.2022043252e-18 1.9975129972e-18 -4.8323057725e+03 -1.1711170319e+03 -4.6638851337e+09 -1.0007034836e+07 1.9746528483e+06 3.6502874198e+02 0.0000000000e+00 -0.0000000000e+00
1.5485105286e+05 1.5755914566e-13 2.2428968768e-14 2.1153929627e+07 2.0215443659e+07 5.3702117436e-18 2.1533933820e-18 -4.9503458081e+03 -1.2806367564e+03 -4.6638847252e+09 -1.0007034836e+07 1.9746528483e+06 3.4177532001e+02 0.0000000000e+00 -0.0000000000e+00
1.5519282818e+05 1.5942326349e-13 2.3192947073e-14 1.9441850896e+07 1.9758080032e+07 5.5404380663e-18 2.3211499085e-18 -5.0699448197e+03 -1.3985005182e+03 -4.6638842860e+09 -1.0007034836e+07 1.9746528483e+06 3.1994863816e+02 0.0000000000e+00 -0.0000000000e+00
1.5551277681e+05 1.6122309700e-13 2.3963807666e-14 1.7800634084e+07 1.9290810388e+07 5.7124881210e-18 2.5017030730e-18 -5.1908251641e+03 -1.5253550475e+03 -4.6638838154e+09 -1.0007034836e+07 1.9746528483e+06 2.9950419288e+02 0.0000000000e+00 -0.0000000000e+00
1.5581228101e+05 1.6295966579e-13 2.4741505436e-14 1.6227935530e+07 1.8813987532e+07 5.8858919425e-18 2.6960586086e-18 -5.3126566490e+03 -1.6619069602e+03 -4.6638833126e+09 -1.0007034836e+07 1.9746528483e+06 2.8039403240e+02 0.0000000000e+00 -0.0000000000e+00
1.5609267504e+05 1.6463417761e-13 2.5526117988e-14 1.4721335834e+07 1.8327866911e+07 6.0600904736e-18 2.9053183420e-18 -5.4350464875e+03 -1.8089303871e+03 -4.6638827771e+09 -1.0007034836e+07 1.9746528483e+06 2.6256833679e+02 0.0000000000e+00 -0.0000000000e+00
1.5635524338e+05 1.6624800735e-13 2.6317861036e-14 1.3278356808e+07 1.7832595361e+07 6.2344181060e-18 3.1306931645e-18 -5.5575270312e+03 -1.9672760859e+03 -4.6638822088e+09 -1.0007034836e+07 1.9746528483e+06 2.4597681221e+02 0.0000000000e+00 -0.0000000000e+00
1.5660122019e+05 1.6780267945e-13 2.7117107838e-14 1.1896474419e+07 1.7328197351e+07 6.4080811228e-18 3.3735186952e-18 -5.6795406237e+03 -2.1378824470e+03 -4.6638816080e+09 -1.0007034836e+07 1.9746528483e+06 2.3056996026e+02 0.0000000000e+00 -0.0000000000e+00
1.5683179015e+05 1.6929985374e-13 2.7924414031e-14 1.0573127770e+07 1.6814557709e+07 6.5801307546e-18 3.6352744261e-18 -5.8004206708e+03 -2.3217889440e+03 -4.6638809756e+09 -1.0007034836e+07 1.9746528483e+06 2.1630028833e+02 0.0000000000e+00 -0.0000000000e+00
1.5704809044e+05 1.7074131512e-13 2.8740549794e-14 9.3057240187e+06 1.6291399498e+07 6.7494290484e-18 3.9176074337e-18 -5.9193676603e+03 -2.5201527936e+03 -4.6638803133e+09 -1.0007034836e+07 1.9746528483e+06 2.0312353653e+02 0.0000000000e+00 -0.0000000000e+00
1.5725121397e+05 1.7212896736e-13 2.9566542090e-14 8.0916389090e+06 1.5758255083e+07 6.9146049816e-18 4.2223621707e-18 -6.0354183278e+03 -2.7342698865e+03 -4.6638796242e+09 -1.0007034836e+07 1.9746528483e+06 1.9100001788e+02 0.0000000000e+00 -0.0000000000e+00
1.5744221399e+05 1.7346483176e-13 3.0403730950e-14 6.9282123165e+06 1.5214427655e+07 7.0739970743e-18 4.5516184823e-18 -6.1474053369e+03 -2.9656014974e+03 -4.6638789124e+09 -1.0007034836e+07 1.9746528483e+06 1.7989620015e+02 0.0000000000e+00 -0.0000000000e+00
1.5762211019e+05 1.7475105169e-13 3.1253845684e-14 5.8127378496e+06 1.4658939108e+07 7.2255769106e-18 4.9077409290e-18 -6.2539035466e+03 -3.2158089388e+03 -4.6638781844e+09 -1.0007034836e+07 1.9746528483e+06 1.6978671395e+02 0.0000000000e+00 -0.0000000000e+00
1.5779189690e+05 1.7598990422e-13 3.2119109839e-14 4.7424450400e+06 1.4090458201e+07 7.3668450031e-18 5.2934438891e-18 -6.3531568464e+03 -3.4867993009e+03 -4.6638774493e+09 -1.0007034836e+07 1.9746528483e+06 1.6065705402e+02 0.0000000000e+00 -0.0000000000e+00
1.5795255396e+05 1.7718382078e-13 3.3002388433e-14 3.7144720473e+06 1.3507199629e+07 7.4946855039e-18 5.7118789821e-18 -6.4429760783e+03 -3.7807868745e+03 -4.6638767198e+09 -1.0007034836e+07 1.9746528483e+06 1.5250736023e+02 0.0000000000e+00 -0.0000000000e+00
1.5810506132e+05 1.7833541876e-13 3.3907398441e-14 2.7258262135e+06 1.2906779550e+07 7.6051578429e-18 6.1667542807e-18 -6.5205926440e+03 -4.1003769078e+03 -4.6638760136e+09 -1.0007034836e+07 1.9746528483e+06 1.4535779995e+02 0.0000000000e+00 -0.0000000000e+00
1.5822728412e+05 1.7926970646e-13 3.4685846401e-14 1.9255139780e+06 1.2388245008e+07 7.6806886146e-18 6.5790981267e-18 -6.5736596756e+03 -4.3900848429e+03 -4.6638757361e+09 -1.0007034836e+07 1.9746528483e+06 1.2501672745e+02 0.0000000000e+00 -0.0000000000e+00
1.5833132420e+05 1.8007156451e-13 3.5390276110e-14 1.2396517524e+06 1.1917490750e+07 7.7311992039e-18 6.9687174947e-18 -6.6091478214e+03 -4.6638268271e+03 -4.6638755991e+09 -1.0007034836e+07 1.9746528483e+06 1.0711483173e+02 0.0000000000e+00 -0.0000000000e+00
1.5841652296e+05 1.8073155697e-13 3.5998657009e-14 6.7564446278e+05 1.1509842190e+07 7.7595550202e-18 7.3174160282e-18 -6.6290702843e+03 -4.9088183144e+03 -4.6638755462e+09 -1.0007034836e+07 1.9746528483e+06 8.9914690890e+01 2.2908701092e-305 -1.6062197400e-297
1.5847239961e+05 1.8116546139e-13 3.6414299559e-14 3.0500484192e+05 1.1230797447e+07 7.7700478184e-18 7.5618950263e-18 -6.6364424009e+03 -5.0805863822e+03 -4.6638755396e+09 -1.0007034836e+07 1.9746528483e+06 7.3792754114e+01 1.1338979461e-287 -8.0554682502e-280
1.5853701442e+05 1.8166765917e-13 3.6912483798e-14 -1.2390430781e+05 1.0895789863e+07 7.7724101577e-18 7.8612991714e-18 -6.6381021527e+03 -5.2909442122e+03 -4.6638755267e+09 -1.0007034836e+07 1.9746528483e+06 5.9774062455e+01 2.3703822375e-267 -1.7103299110e-259
1.5859678848e+05 1.8213203961e-13 3.7391084189e-14 -5.2054444184e+05 1.0573417097e+07 7.7635100460e-18 8.1551218904e-18 -6.6318490389e+03 -5.4973805978e+03 -4.6638755185e+09 -1.0007034836e+07 1.9746528483e+06 7.7319382025e+01 1.0091241723e-248 -7.3887868901e-241
1.5867410786e+05 1.8273127779e-13 3.8037118859e-14 -1.0325901077e+06 1.0137482966e+07 7.7329010810e-18 8.5605758907e-18 -6.6103435402e+03 -5.7822478084e+03 -4.6638754942e+09 -1.0007034836e+07 1.9746528483e+06 8.6108502964e+01 6.2817866391e-225 -4.6893934957e-217
1.5876021636e+05 1.8339460028e-13 3.8794949458e-14 -1.6000080688e+06 9.6250441501e+06 7.6676913346e-18 9.0475429930e-18 -6.5645279395e+03 -6.1243851654e+03 -4.6638754629e+09 -1.0007034836e+07 1.9746528483e+06 9.1303267040e+01 6.1092435606e-199 -4.6620497717e-191
1.5885151963e+05 1.8408987153e-13 3.9646187749e-14 -2.1959886455e+06 9.0481849951e+06 7.5536299246e-18 9.6061743119e-18 -6.4843897348e+03 -6.5168729579e+03 -4.6638754210e+09 -1.0007034836e+07 1.9746528483e+06 9.5366512023e+01 3.8281688042e-172 -2.9914510216e-164
1.5894688614e+05 1.8480215094e-13 4.0591966817e-14 -2.8087026033e+06 8.4058465436e+06 7.3722534863e-18 1.0236254370e-17 -6.3569567830e+03 -6.9595597937e+03 -4.6638753009e+09 -1.0007034836e+07 1.9746528483e+06 1.0044148803e+02 3.1292032338e-145 -2.5071051293e-137
1.5904732763e+05 1.8552952313e-13 4.1655474290e-14 -3.4379953262e+06 7.6819724773e+06 7.0948008233e-18 1.0948125388e-17 -6.1620218062e+03 -7.4597119963e+03 -4.6638748137e+09 -1.0007034836e+07 1.9746528483e+06 1.1134681569e+02 2.0261896618e-118 -1.6663962248e-110
1.5915867445e+05 1.8629658273e-13 4.2920677471e-14 -4.1080107852e+06 6.8189228202e+06 6.6580315130e-18 1.1783996365e-17 -5.8551528272e+03 -8.0469851111e+03 -4.6638724799e+09 -1.0007034836e+07 1.9746528483e+06 1.0817215470e+02 4.5592856525e-91 -3.8566834411e-83
1.5925422572e+05 1.8690967053e-13 4.4081879715e-14 -4.6512514073e+06 6.0252735020e+06 6.1528818029e-18 1.2522673019e-17 -5.5002405839e+03 -8.5659706376e+03 -4.6638698903e+09 -1.0007034836e+07 1.9746528483e+06 9.5575816980e+01 4.1789794527e-70 -3.6160028683e-62
1.5934980154e+05 1.8746815816e-13 4.5313935933e-14 -5.1561594854e+06 5.1818487167e+06 5.5099200000e-18 1.3255518079e-17 -5.0485031854e+03 -9.0808589550e+03 -4.6638652661e+09 -1.0007034836e+07 1.9746528483e+06 8.6634608855e+01 5.4368515740e-52 -4.8014950603e-44
1.5943643615e+05 1.8791565073e-13 4.6489990104e-14 -5.5725572710e+06 4.3756931603e+06 4.8004107954e-18 1.3886360082e-17 -4.5500103654e+03 -9.5240811252e+03 -4.6638611246e+09 -1.0007034836e+07 1.9746528483e+06 8.0219486492e+01 1.7495127772e-38 -1.5696380797e-30
1.5950863363e+05 1.8823808111e-13 4.7510157199e-14 -5.8840910276e+06 3.6757081087e+06 4.1181456244e-18 1.4365261386e-17 -4.0706588829e+03 -9.8605515468e+03 -4.6638591632e+09 -1.0007034836e+07 1.9746528483e+06 7.2988723165e+01 1.2446550205e-29 -1.1286010892e-21
1.5957222143e+05 1.8847913208e-13 4.8435690869e-14 -6.1283124052e+06 3.0402112570e+06 3.4543693622e-18 1.4736067042e-17 -3.6042974903e+03 -1.0121075238e+04 -4.6638581663e+09 -1.0007034836e+07 1.9746528483e+06 6.4265571182e+01 8.1526249815e-24 -7.4450964649e-16
1.5963648700e+05 1.8867818574e-13 4.9393146587e-14 -6.3438249096e+06 2.3824438032e+06 2.7327803684e-18 1.5049594568e-17 -3.0973175525e+03 -1.0341355989e+04 -4.6638573846e+09 -1.0007034836e+07 1.9746528483e+06 5.8210822130e+01 6.1405760145e-20 -5.6345597850e-12
1.5969469782e+05 1.8881738537e-13 5.0275966395e-14 -6.5101564327e+06 1.7757080707e+06 2.0454142463e-18 1.5271877248e-17 -2.6143822018e+03 -1.0497529185e+04 -4.6638571638e+09 -1.0007034836e+07 1.9746528483e+06 5.3982327582e+01 3.1444097565e-18 -2.8914283837e-10
1.5974868015e+05 1.8891015054e-13 5.1104649154e-14 -6.6388854448e+06 1.2060260613e+06 1.3892962001e-18 1.5420660458e-17 -2.1534013815e+03 -1.0602062519e+04 -4.6638572121e+09 -1.0007034836e+07 1.9746528483e+06 4.9979631080e+01 3.3430421736e-18 -3.0741817960e-10
1.5979304105e+05 1.8895968866e-13 5.1790625864e-14 -6.7259163548e+06 7.3437246886e+05 8.4367474142e-19 1.5499904570e-17 -1.7700541637e+03 -1.0657738499e+04 -4.6638572941e+09 -1.0007034836e+07 1.9746528483e+06 4.5119405783e+01 2.6425204773e-19 -2.4266705671e-11
1.5982976536e+05 1.8898236990e-13 5.2360592619e-14 -6.7850873972e+06 3.4245203549e+05 3.9180960153e-19 1.5535945368e-17 -1.4525790325e+03 -1.0683060340e+04 -4.6638573440e+09 -1.0007034836e+07 1.9746528483e+06 3.8997489646e+01 5.6248920635e-21 -5.1547397361e-13
1.5985422085e+05 1.8898828755e-13 5.2740669507e-14 -6.8180364683e+06 8.1095791310e+04 9.2446317862e-20 1.5545276882e-17 -1.2422499113e+03 -1.0689616552e+04 -4.6638573518e+09 -1.0007034836e+07 1.9746528483e+06 2.9562419273e+01 1.8231314110e-22 -1.6676771111e-14
1.5988378327e+05 1.8898570706e-13 5.3200206853e-14 -6.8510272350e+06 -2.3490203401e+05 -2.6635484473e-19 1.5541261737e-17 -9.9016043568e+02 -1.0686795558e+04 -4.6638573750e+09 -1.0007034836e+07 1.9746528483e+06 3.7029566175e+01 1.1651998674e-24 -1.0629748841e-16
1.5992081284e+05 1.8896762230e-13 5.3775254227e-14 -6.8819159338e+06 -6.3032113785e+05 -7.0896141039e-19 1.5513427267e-17 -6.7919026978e+02 -1.0667239387e+04 -4.6638574543e+09 -1.0007034836e+07 1.9746528483e+06 4.2866295841e+01 5.2811893733e-28 -4.7982318942e-20
1.5995922601e+05 1.8893173484e-13 5.4370211873e-14 -6.9019255936e+06 -1.0394075349e+06 -1.1575235377e-18 1.5459155711e-17 -3.6403579632e+02 -1.0629108830e+04 -4.6638575538e+09 -1.0007034836e+07 1.9746528483e+06 3.9130187317e+01 3.7712902441e-32 -3.4092613852e-24
1.5998700781e+05 1.8889516622e-13 5.4798968528e-14 -6.9089403745e+06 -1.3341928681e+06 -1.4738070520e-18 1.5404824999e-17 -1.4181872018e+02 -1.0590936711e+04 -4.6638575730e+09 -1.0007034836e+07 1.9746528483e+06 3.3575261879e+01 1.4553495006e-35 -1.3102661830e-27
1.6002058307e+05 1.8883940735e-13 5.5314870915e-14 -6.9092929417e+06 -1.6888598765e+06 -1.8456218464e-18 1.5323533387e-17 1.1941398008e+02 -1.0533822181e+04 -4.6638576211e+09 -1.0007034836e+07 1.9746528483e+06 3.3659076928e+01 3.8994319857e-40 -3.4916778042e-32
1.6005424215e+05 1.8877118740e-13 5.5829052332e-14 -6.9009891790e+06 -2.0422982797e+06 -2.2057723397e-18 1.5226285177e-17 3.7245147961e+02 -1.0465496733e+04 -4.6638576664e+09 -1.0007034836e+07 1.9746528483e+06 4.4128076544e+01 3.4450748065e-45 -3.0665657512e-37
1.6009837023e+05 1.8866380049e-13 5.6497759783e-14 -6.8774923021e+06 -2.5018727815e+06 -2.6572461610e-18 1.5077516442e-17 6.8965167499e+02 -1.0360973570e+04 -4.6638578243e+09 -1.0007034836e+07 1.9746528483e+06 5.2828871631e+01 1.7201103103e-52 -1.5182236387e-44
1.6015119910e+05 1.8850985007e-13 5.7288985657e-14 -6.8315238862e+06 -3.0455059864e+06 -3.1649245755e-18 1.4872310238e-17 1.0463405563e+03 -1.0216798105e+04 -4.6638581480e+09 -1.0007034836e+07 1.9746528483e+06 6.1983020823e+01 3.5767244631e-62 -3.1223740290e-54
1.6021318212e+05 1.8829641865e-13 5.8202570036e-14 -6.7545419818e+06 -3.6729802173e+06 -3.7132568634e-18 1.4601522826e-17 1.4315923708e+03 -1.0026546055e+04 -4.6638586960e+09 -1.0007034836e+07 1.9746528483e+06 7.2356519132e+01 1.0063795331e-74 -8.6639185436e-67
1.6028553864e+05 1.8800651304e-13 5.9246733122e-14 -6.6360429082e+06 -4.3897876225e+06 -4.2884510923e-18 1.4255765440e-17 1.8357170691e+03 -9.7836209837e+03 -4.6638595061e+09 -1.0007034836e+07 1.9746528483e+06 8.3411633251e+01 8.1005924798e-91 -6.8540717262e-83
1.6036895027e+05 1.8762404031e-13 6.0418320378e-14 -6.4655224413e+06 -5.1935535134e+06 -4.8677701899e-18 1.3832863631e-17 2.2427398516e+03 -9.4864951481e+03 -4.6638604932e+09 -1.0007034836e+07 1.9746528483e+06 9.2148418049e+01 4.9867082844e-111 -4.1318860597e-103
1.6046109869e+05 1.8714970041e-13 6.1670921669e-14 -6.2407429697e+06 -6.0522092516e+06 -5.4113485724e-18 1.3352831877e-17 2.6246516280e+03 -9.1492304850e+03 -4.6638613447e+09 -1.0007034836e+07 1.9746528483e+06 9.6161703915e+01 4.5450369907e-135 -3.6771705288e-127
1.6055726039e+05 1.8660593788e-13 6.2930872256e-14 -5.9719128203e+06 -6.9150961837e+06 -5.8828105983e-18 1.2853338905e-17 2.9558953009e+03 -8.7982925991e+03 -4.6638618550e+09 -1.0007034836e+07 1.9746528483e+06 9.7860163668e+01 1.0733767334e-161 -8.4682147267e-154
1.6065512056e+05 1.8601033940e-13 6.4164336097e-14 -5.6686629314e+06 -7.7589792664e+06 -6.2763055583e-18 1.2358343880e-17 3.2323602304e+03 -8.4505149181e+03 -4.6638621418e+09 -1.0007034836e+07 1.9746528483e+06 9.9972784811e+01 4.7003602495e-190 -3.6147996356e-182
1.6075509334e+05 1.8536598068e-13 6.5375433110e-14 -5.3336418573e+06 -8.5866568921e+06 -6.6028034755e-18 1.1874275455e-17 3.4617538258e+03 -8.1104141375e+03 -4.6638623486e+09 -1.0007034836e+07 1.9746528483e+06 1.0327021490e+02 4.9866310354e-220 -3.7377601352e-212
1.6085836356e+05 1.8466958726e-13 6.6577037632e-14 -4.9659438699e+06 -9.4068991724e+06 -6.8738867535e-18 1.1401668780e-17 3.6522137477e+03 -7.7783662477e+03 -4.6638625507e+09 -1.0007034836e+07 1.9746528483e+06 1.0778614940e+02 8.7551338047e-252 -6.3948800120e-244
1.6096614971e+05 1.8391609759e-13 6.7780811789e-14 -4.5634473366e+06 -1.0227616706e+07 -7.0983753755e-18 1.0940128576e-17 3.8099368125e+03 -7.4540935306e+03 -4.6638627841e+09 -1.0007034836e+07 1.9746528483e+06 1.1347556142e+02 1.5178229028e-285 -1.0800264083e-277
1.6107962527e+05 1.8309969135e-13 6.8996334129e-14 -4.1234444883e+06 -1.1055266656e+07 -7.2828198651e-18 1.0489293338e-17 3.9395253410e+03 -7.1373419963e+03 -4.6638630675e+09 -1.0007034836e+07 1.9746528483e+06 1.1934260913e+02 0.0000000000e+00 -0.0000000000e+00
1.6119896788e+05 1.8222127648e-13 7.0221715961e-14 -3.6467823824e+06 -1.1888480783e+07 -7.4311546784e-18 1.0052414548e-17 4.0437436357e+03 -6.8303960977e+03 -4.6638633977e+09 -1.0007034836e+07 1.9746528483e+06 1.2221833727e+02 0.0000000000e+00 -0.0000000000e+00
1.6132118622e+05 1.8130575708e-13 7.1424857434e-14 -3.1474366485e+06 -1.2705401029e+07 -7.5448564047e-18 9.6419578838e-18 4.1236291309e+03 -6.5420140746e+03 -4.6638637203e+09 -1.0007034836e+07 1.9746528483e+06 1.2525266440e+02 0.0000000000e+00 -0.0000000000e+00
1.6144643888e+05 1.8035512130e-13 7.2608060629e-14 -2.6269908738e+06 -1.3507607964e+07 -7.6299574105e-18 9.2568053843e-18 4.1834200964e+03 -6.2714104596e+03 -4.6638640263e+09 -1.0007034836e+07 1.9746528483e+06 1.2792224541e+02 0.0000000000e+00 -0.0000000000e+00
1.6157436113e+05 1.7937491856e-13 7.3768853025e-14 -2.0889145891e+06 -1.4293449159e+07 -7.6912117770e-18 8.8969449462e-18 4.2264566937e+03 -6.0185767495e+03 -4.6638643045e+09 -1.0007034836e+07 1.9746528483e+06 1.2966156458e+02 0.0000000000e+00 -0.0000000000e+00
1.6170402269e+05 1.7837478024e-13 7.4900486276e-14 -1.5388795034e+06 -1.5058399418e+07 -7.7326400012e-18 8.5631438045e-18 4.2555636766e+03 -5.7840519944e+03 -4.6638645438e+09 -1.0007034836e+07 1.9746528483e+06 1.2956749215e+02 0.0000000000e+00 -0.0000000000e+00
1.6183359018e+05 1.7737109686e-13 7.5989898359e-14 -9.8624294460e+05 -1.5793707435e+07 -7.7578028188e-18 8.2573520782e-18 4.2732427762e+03 -5.5692063250e+03 -4.6638647336e+09 -1.0007034836e+07 1.9746528483e+06 1.2590573226e+02 0.0000000000e+00 -0.0000000000e+00
1.6195949591e+05 1.7639346248e-13 7.7012101226e-14 -4.4759712768e+05 -1.6482645718e+07 -7.7700491526e-18 7.9839145219e-18 4.2818469063e+03 -5.3770923149e+03 -4.6638648644e+09 -1.0007034836e+07 1.9746528483e+06 1.1400988485e+02 0.0000000000e+00 -0.0000000000e+00
1.6203405150e+05 1.7581404431e-13 7.7601639021e-14 -1.2827888762e+05 -1.6879527873e+07 -7.7726891051e-18 7.8319836154e-18 4.2837017059e+03 -5.2703474474e+03 -4.6638648724e+09 -1.0007034836e+07 1.9746528483e+06 9.3104744119e+01 0.0000000000e+00 -0.0000000000e+00
1.6212715624e+05 1.7509037146e-13 7.8322367194e-14 2.7055309216e+05 -1.7364273650e+07 -7.7719702222e-18 7.6518185176e-18 4.2831966272e+03 -5.1437655693e+03 -4.6638648931e+09 -1.0007034836e+07 1.9746528483e+06 1.1212097944e+02 0.0000000000e+00 -0.0000000000e+00
1.6223927722e+05 1.7421925244e-13 7.9168735362e-14 7.5059123643e+05 -1.7932874908e+07 -7.7661138436e-18 7.4478584060e-18 4.2790820044e+03 -5.0004655944e+03 -4.6638649370e+09 -1.0007034836e+07 1.9746528483e+06 1.4374078177e+02 0.0000000000e+00 -0.0000000000e+00
1.6238301800e+05 1.7310387115e-13 8.0221615756e-14 1.3650192455e+06 -1.8639223563e+07 -7.7521532877e-18 7.2051949386e-18 4.2692734821e+03 -4.8299730971e+03 -4.6638650591e+09 -1.0007034836e+07 1.9746528483e+06 1.7100883813e+02 0.0000000000e+00 -0.0000000000e+00
1.6255402684e+05 1.7178012984e-13 8.1430818397e-14 2.0937359171e+06 -1.9449067690e+07 -7.7282611316e-18 6.9409490959e-18 4.2524871343e+03 -4.6443170768e+03 -4.6638652817e+09 -1.0007034836e+07 1.9746528483e+06 1.9892434845e+02 0.0000000000e+00 -0.0000000000e+00
1.6275295119e+05 1.7024616814e-13 8.2783380795e-14 2.9372860772e+06 -2.0353149585e+07 -7.6932126919e-18 6.6626597852e-18 4.2278625130e+03 -4.4487942810e+03 -4.6638656306e+09 -1.0007034836e+07 1.9746528483e+06 2.2956826059e+02 0.0000000000e+00 -0.0000000000e+00
1.6298251945e+05 1.6848534519e-13 8.4279241399e-14 3.9041492606e+06 -2.1350792162e+07 -7.6461335051e-18 6.3747621372e-18 4.1947852301e+03 -4.2465207806e+03 -4.6638661371e+09 -1.0007034836e+07 1.9746528483e+06 2.5768775022e+02 0.0000000000e+00 -0.0000000000e+00
1.6324020720e+05 1.6652243362e-13 8.5884168185e-14 4.9798925131e+06 -2.2418530858e+07 -7.5879612431e-18 6.0873782801e-18 4.1539140833e+03 -4.0446082636e+03 -4.6638667577e+09 -1.0007034836e+07 1.9746528483e+06 2.7507869752e+02 0.0000000000e+00 -0.0000000000e+00
1.6351528590e+05 1.6444410819e-13 8.7520523284e-14 6.1162498442e+06 -2.3504310590e+07 -7.5224008206e-18 5.8154481301e-18 4.1078521018e+03 -3.8535533393e+03 -4.6638673395e+09 -1.0007034836e+07 1.9746528483e+06 2.9458503504e+02 0.0000000000e+00 -0.0000000000e+00
1.6380987093e+05 1.6223869406e-13 8.9194888264e-14 7.3189334303e+06 -2.4612264059e+07 -7.4504736283e-18 5.5573712511e-18 4.0573169026e+03 -3.6722315604e+03 -4.6638678908e+09 -1.0007034836e+07 1.9746528483e+06 3.1575482946e+02 0.0000000000e+00 -0.0000000000e+00
1.6412562576e+05 1.5989838868e-13 9.0910181563e-14 8.5914668635e+06 -2.5744055283e+07 -7.3731638043e-18 5.3122956490e-18 4.0029999298e+03 -3.5000443256e+03 -4.6638684132e+09 -1.0007034836e+07 1.9746528483e+06 3.3873635581e+02 0.0000000000e+00 -0.0000000000e+00
1.6446436212e+05 1.5741473841e-13 9.2669409864e-14 9.9376566137e+06 -2.6901375836e+07 -7.2913164801e-18 5.0794234553e-18 3.9454949627e+03 -3.3364310620e+03 -4.6638689081e+09 -1.0007034836e+07 1.9746528483e+06 3.6366413084e+02 0.0000000000e+00 -0.0000000000e+00
1.6482802625e+05 1.5477880234e-13 9.4475540863e-14 1.1361493151e+07 -2.8085858650e+07 -7.2056656500e-18 4.8580263484e-18 3.8853176971e+03 -3.1808800593e+03 -4.6638693770e+09 -1.0007034836e+07 1.9746528483e+06 3.9068666888e+02 0.0000000000e+00 -0.0000000000e+00
1.6521871292e+05 1.5198110885e-13 9.6331534486e-14 1.2867164968e+07 -2.9299096694e+07 -7.1168512086e-18 4.6474353982e-18 3.8229177155e+03 -3.0329213352e+03 -4.6638698214e+09 -1.0007034836e+07 1.9746528483e+06 4.1996590080e+02 0.0000000000e+00 -0.0000000000e+00
1.6563867882e+05 1.4901162027e-13 9.8240362892e-14 1.4459067605e+07 -3.0542653915e+07 -7.0254329431e-18 4.4470337110e-18 3.7586883177e+03 -2.8921214675e+03 -4.6638702424e+09 -1.0007034836e+07 1.9746528483e+06 4.5167798939e+02 0.0000000000e+00 -0.0000000000e+00
1.6609035681e+05 1.4585969592e-13 1.0020502756e-13 1.6141812881e+07 -3.1818073936e+07 -6.9319019429e-18 4.2562503406e-18 3.6929745373e+03 -2.7580793160e+03 -4.6638706415e+09 -1.0007034836e+07 1.9746528483e+06 4.8601420396e+02 0.0000000000e+00 -0.0000000000e+00
1.6657637101e+05 1.4251405365e-13 1.0222857391e-13 1.7920238121e+07 -3.3126886813e+07 -6.8366900091e-18 4.0745552223e-18 3.6260797528e+03 -2.6304224634e+03 -4.6638710196e+09 -1.0007034836e+07 1.9746528483e+06 5.2318190112e+02 0.0000000000e+00 -0.0000000000e+00
1.6709955291e+05 1.3896272983e-13 1.0431410398e-13 1.9799415341e+07 -3.4470614216e+07 -6.7401774864e-18 3.9014549134e-18 3.5582711898e+03 -2.5088042229e+03 -4.6638713780e+09 -1.0007034836e+07 1.9746528483e+06 5.6340560808e+02 0.0000000000e+00 -0.0000000000e+00
1.6766295852e+05 1.3519303751e-13 1.0646478762e-13 2.1784660394e+07 -3.5850773302e+07 -6.6426998355e-18 3.7364889764e-18 3.4897845390e+03 -2.3929010963e+03 -4.6638717176e+09 -1.0007034836e+07 1.9746528483e+06 6.0692820435e+02 0.0000000000e+00 -0.0000000000e+00
1.6826988673e+05 1.3119152285e-13 1.0868387250e-13 2.3881542030e+07 -3.7268879470e+07 -6.5445531906e-18 3.5792268791e-18 3.4208278610e+03 -2.2824105969e+03 -4.6638720394e+09 -1.0007034836e+07 1.9746528483e+06 6.5401219983e+02 0.0000000000e+00 -0.0000000000e+00
1.6892389892e+05 1.2694391946e-13 1.1097469311e-13 2.6095890803e+07 -3.8726448130e+07 -6.4459990922e-18 3.4292653167e-18 3.3515849109e+03 -2.1770493674e+03 -4.6638723444e+09 -1.0007034836e+07 1.9746528483e+06 7.0494111136e+02 0.0000000000e+00 -0.0000000000e+00
1.6962884004e+05 1.2243510086e-13 1.1334067894e-13 2.8433807794e+07 -4.0224995588e+07 -6.3472685404e-18 3.2862258789e-18 3.2822179867e+03 -2.0765515412e+03 -4.6638726334e+09 -1.0007034836e+07 1.9746528483e+06 7.6002093413e+02 0.0000000000e+00 -0.0000000000e+00
1.7038886097e+05 1.1764903078e-13 1.1578536203e-13 3.0901673032e+07 -4.1766039109e+07 -6.2485654883e-18 3.1497530045e-18 3.2128703835e+03 -1.9806673052e+03 -4.6638729072e+09 -1.0007034836e+07 1.9746528483e+06 8.1958171349e+02 0.0000000000e+00 -0.0000000000e+00
1.7120844268e+05 1.1256871142e-13 1.1831238389e-13 3.3506153560e+07 -4.3351096188e+07 -6.1500698669e-18 3.0195121751e-18 3.1436685187e+03 -1.8891616308e+03 -4.6638731666e+09 -1.0007034836e+07 1.9746528483e+06 8.8397921388e+02 0.0000000000e+00 -0.0000000000e+00
1.7209242190e+05 1.0717612951e-13 1.2092550186e-13 3.6254211014e+07 -4.4981683065e+07 -6.0519402173e-18 2.8951883107e-18 3.0747237814e+03 -1.8018131462e+03 -4.6638734124e+09 -1.0007034836e+07 1.9746528483e+06 9.5359668336e+02 0.0000000000e+00 -0.0000000000e+00
1.7280000000e+05 1.0292006768e-13 1.2294194739e-13 3.8411439551e+07 -4.6234035015e+07 -5.9787471713e-18 2.8057447318e-18 3.0232992084e+03 -1.7389711400e+03 -4.6638734676e+09 -1.0007034836e+07 1.9746528483e+06 1.0207476086e+03 0.0000000000e+00 -0.0000000000e+00
1.7280000000e+05 1.0292006768e-13 1.2294194739e-13 3.8411439551e+07 -4.6234035015e+07 -5.9787471713e-18 2.8057447318e-18 3.0232992084e+03 -1.7389711400e+03 -4.6638734676e+09 -1.0007034836e+07 1.9746528483e+06 1.0207476086e+03 0.0000000000e+00 -0.0000000000e+00
