0.0000000000e+00 0.0000000000e+00 0.0000000000e+00 3.1415900000e+08 0.0000000000e+00 0.0000000000e+00 0.0000000000e+00 -1.1453225987e+03 3.5810074672e+02 -4.6638893045e+09 -9.7352420894e+06 3.0438563471e+06 1.0000000000e+01 0.0000000000e+00 -0.0000000000e+00
1.0000000000e+01 2.8739994203e-22 1.0920294150e-27 3.1414754657e+08 3.5810074664e+03 5.7480686950e-23 3.2761479659e-28 -1.1453629840e+03 3.5810074649e+02 -4.6638893045e+09 -9.7352420894e+06 3.0438563471e+06 5.0000000000e+01 0.0000000000e+00 -0.0000000000e+00
6.0000000000e+01 1.0347655510e-20 2.3594286879e-25 3.1409027337e+08 2.1486044637e+04 3.4494700667e-22 1.1798434085e-26 -1.1455649545e+03 3.5810073843e+02 -4.6638893045e+09 -9.7352420894e+06 3.0438563471e+06 2.5000000000e+02 0.0000000000e+00 -0.0000000000e+00
3.1000000000e+02 2.7639294501e-19 3.2586105795e-23 3.1380375580e+08 1.1101120859e+05 1.7838529958e-21 3.1552788510e-25 -1.1465759129e+03 3.5810052503e+02 -4.6638893045e+09 -9.7352420894e+06 3.0438563471e+06 1.2500000000e+03 0.0000000000e+00 -0.0000000000e+00
1.5600000000e+03 7.0206577102e-18 4.1812254172e-21 3.1236736411e+08 5.5863422720e+05 9.0180282067e-21 8.0638628969e-24 -1.1516585593e+03 3.5809508114e+02 -4.6638893045e+09 -9.7352420894e+06 3.0438563471e+06 3.6000000000e+03 0.0000000000e+00 -0.0000000000e+00
5.1600000000e+03 7.7497352137e-17 1.5437365379e-19 3.0819468666e+08 1.8476913919e+06 3.0230607829e-20 9.0618585475e-23 -1.1665622682e+03 3.5803707916e+02 -4.6638893044e+09 -9.7352420894e+06 3.0438563471e+06 3.6000000000e+03 0.0000000000e+00 -0.0000000000e+00
8.7600000000e+03 2.2538230945e-16 7.7088989102e-19 3.0396762308e+08 3.1364209231e+06 5.2027659926e-20 2.6841065974e-22 -1.1818766205e+03 3.5791216454e+02 -4.6638893043e+09 -9.7352420894e+06 3.0438563471e+06 3.6000000000e+03 0.0000000000e+00 -0.0000000000e+00
1.2360000000e+04 4.5283545868e-16 2.2108461605e-18 2.9968465581e+08 4.4245719149e+06 7.4440592056e-20 5.4949394902e-22 -1.1976236830e+03 3.5771467873e+02 -4.6638893042e+09 -9.7352420894e+06 3.0438563471e+06 3.6000000000e+03 0.0000000000e+00 -0.0000000000e+00
1.5960000000e+04 7.6213417140e-16 4.8618212477e-18 2.9534418482e+08 5.7118720592e+06 9.7503283089e-20 9.4275466742e-22 -1.2138272583e+03 3.5743837838e+02 -4.6638893041e+09 -9.7352420894e+06 3.0438563471e+06 3.6000000000e+03 0.0000000000e+00 -0.0000000000e+00
1.9560000000e+04 1.1556826151e-15 9.1450391188e-18 2.9094452096e+08 6.9980254089e+06 1.2125234219e-19 1.4580172973e-21 -1.2305130679e+03 3.5707636092e+02 -4.6638893039e+09 -9.7352420894e+06 3.0438563471e+06 3.6000000000e+03 0.0000000000e+00 -0.0000000000e+00
2.3160000000e+04 1.6360220989e-15 1.5518961373e-17 2.8648387873e+08 8.2827098543e+06 1.4572740199e-19 2.1061668068e-21 -1.2477089569e+03 3.5662097870e+02 -4.6638893038e+09 -9.7352420894e+06 3.0438563471e+06 3.6000000000e+03 0.0000000000e+00 -0.0000000000e+00
2.6760000000e+04 2.2058425445e-15 2.4483353392e-17 2.8196036824e+08 9.5655742661e+06 1.7097145146e-19 2.8992901422e-21 -1.2654451291e+03 3.5606373957e+02 -4.6638893036e+09 -9.7352420894e+06 3.0438563471e+06 3.6000000000e+03 0.0000000000e+00 -0.0000000000e+00
3.0360000000e+04 2.8679952361e-15 3.6583899861e-17 2.7737198619e+08 1.0846235253e+07 1.9703121497e-19 3.8508406041e-21 -1.2837544124e+03 3.5539519141e+02 -4.6638893034e+09 -9.7352420894e+06 3.0438563471e+06 3.6000000000e+03 0.0000000000e+00 -0.0000000000e+00
3.3960000000e+04 3.6255070300e-15 5.2417459697e-17 2.7271660596e+08 1.2124273468e+07 2.2395758536e-19 4.9758295043e-21 -1.3026725634e+03 3.5460478745e+02 -4.6638893031e+09 -9.7352420894e+06 3.0438563471e+06 3.6000000000e+03 0.0000000000e+00 -0.0000000000e+00
3.7560000000e+04 4.4815962344e-15 7.2638067952e-17 2.6799196640e+08 1.3399229395e+07 2.5180612041e-19 6.2910504899e-21 -1.3222386165e+03 3.5368072865e+02 -4.6638893029e+09 -9.7352420894e+06 3.0438563471e+06 3.6000000000e+03 0.0000000000e+00 -0.0000000000e+00
4.1160000000e+04 5.4396904066e-15 9.7963813812e-17 2.6319565935e+08 1.4670598512e+07 2.8063761404e-19 7.8153431618e-21 -1.3424952848e+03 3.5260977856e+02 -4.6638893025e+09 -9.7352420894e+06 3.0438563471e+06 3.6000000000e+03 0.0000000000e+00 -0.0000000000e+00
4.4760000000e+04 6.5034463615e-15 1.2918475039e-16 2.5832511558e+08 1.5937825737e+07 3.1051875586e-19 9.5699041934e-21 -1.3634894235e+03 3.5137704462e+02 -4.6638893021e+09 -9.7352420894e+06 3.0438563471e+06 3.6000000000e+03 0.0000000000e+00 -0.0000000000e+00
4.8360000000e+04 7.6767727385e-15 1.6717202498e-16 2.5337758891e+08 1.7200299013e+07 3.4152289587e-19 1.1578656160e-20 -1.3852725675e+03 3.4996571912e+02 -4.6638893017e+09 -9.7352420894e+06 3.0438563471e+06 3.6000000000e+03 0.0000000000e+00 -0.0000000000e+00
5.1960000000e+04 8.9638555396e-15 2.1288845981e-16 2.4835013832e+08 1.8457341872e+07 3.7373093461e-19 1.3868686868e-20 -1.4079015566e+03 3.4835677048e+02 -4.6638893011e+09 -9.7352420894e+06 3.0438563471e+06 3.6000000000e+03 0.0000000000e+00 -0.0000000000e+00
5.5560000000e+04 1.0369187136e-14 2.6740086467e-16 2.4323960752e+08 1.9708204786e+07 4.0723236418e-19 1.6470775298e-20 -1.4314392668e+03 3.4652857377e+02 -4.6638893004e+09 -9.7352420894e+06 3.0438563471e+06 3.6000000000e+03 0.0000000000e+00 -0.0000000000e+00
5.9160000000e+04 1.1897599339e-14 3.3189442901e-16 2.3804260173e+08 2.0952055055e+07 4.4212649111e-19 1.9420024616e-20 -1.4559554699e+03 3.4445646589e+02 -4.6638892996e+09 -9.7352420894e+06 3.0438563471e+06 3.6000000000e+03 0.0000000000e+00 -0.0000000000e+00
6.2760000000e+04 1.3554301258e-14 4.0768962350e-16 2.3275546110e+08 2.2187964931e+07 4.7852388013e-19 2.2756628374e-20 -1.4815278472e+03 3.4211220735e+02 -4.6638892986e+09 -9.7352420894e+06 3.0438563471e+06 3.6000000000e+03 0.0000000000e+00 -0.0000000000e+00
6.6360000000e+04 1.5344922822e-14 4.9626214907e-16 2.2737423010e+08 2.3414897605e+07 5.1654806777e-19 2.6526803574e-20 -1.5082431941e+03 3.3946332661e+02 -4.6638892975e+09 -9.7352420894e+06 3.0438563471e+06 3.6000000000e+03 0.0000000000e+00 -0.0000000000e+00
6.9960000000e+04 1.7275565056e-14 5.9926660883e-16 2.2189462223e+08 2.4631690571e+07 5.5633760745e-19 3.0783934262e-20 -1.5361988566e+03 3.3647231667e+02 -4.6638892960e+09 -9.7352420894e+06 3.0438563471e+06 3.6000000000e+03 0.0000000000e+00 -0.0000000000e+00
7.3560000000e+04 1.9352858416e-14 7.1856475943e-16 2.1631197899e+08 2.5837035782e+07 5.9804852504e-19 3.5589982900e-20 -1.5655044566e+03 3.3309564344e+02 -4.6638892942e+09 -9.7352420894e+06 3.0438563471e+06 3.6000000000e+03 0.0000000000e+00 -0.0000000000e+00
7.7160000000e+04 2.1584030868e-14 8.5625943537e-16 2.1062122212e+08 2.7029455811e+07 6.4185728599e-19 4.1017245123e-20 -1.5962839766e+03 3.2928251285e+02 -4.6638892919e+09 -9.7352420894e+06 3.0438563471e+06 3.6000000000e+03 0.0000000000e+00 -0.0000000000e+00
8.0760000000e+04 2.3976987745e-14 1.0147355553e-15 2.0481679742e+08 2.8207275042e+07 6.8796440518e-19 4.7150548875e-20 -1.6286782961e+03 3.2497332579e+02 -4.6638892890e+09 -9.7352420894e+06 3.0438563471e+06 3.6000000000e+03 0.0000000000e+00 -0.0000000000e+00
8.4360000000e+04 2.6540406020e-14 1.1967100433e-15 1.9889260854e+08 2.9368584596e+07 7.3659887126e-19 5.4090034176e-20 -1.6628482998e+03 3.2009772506e+02 -4.6638892854e+09 -9.7352420894e+06 3.0438563471e+06 3.6000000000e+03 0.0000000000e+00 -0.0000000000e+00
8.7960000000e+04 2.9283846289e-14 1.4052930714e-15 1.9284193833e+08 3.0511199302e+07 7.8802361193e-19 6.1954699515e-20 -1.6989787176e+03 3.1457210372e+02 -4.6638892807e+09 -9.7352420894e+06 3.0438563471e+06 3.6000000000e+03 0.0000000000e+00 -0.0000000000e+00
9.1560000000e+04 3.2217886760e-14 1.6440638225e-15 1.8665735466e+08 3.1632604470e+07 8.4254230306e-19 7.0886971962e-20 -1.7372829086e+03 3.0829639418e+02 -4.6638892745e+09 -9.7352420894e+06 3.0438563471e+06 3.6000000000e+03 0.0000000000e+00 -0.0000000000e+00
9.5160000000e+04 3.5354284747e-14 1.9171650680e-15 1.8033059697e+08 3.2729889436e+07 9.0050793064e-19 8.1058661182e-20 -1.7780088766e+03 3.0114988500e+02 -4.6638892665e+09 -9.7352420894e+06 3.0438563471e+06 3.6000000000e+03 0.0000000000e+00 -0.0000000000e+00
9.8760000000e+04 3.8706172974e-14 2.2294224106e-15 1.7385243838e+08 3.3799663789e+07 9.6233366477e-19 9.2678809445e-20 -1.8214469100e+03 2.9298570554e+02 -4.6638892557e+09 -9.7352420894e+06 3.0438563471e+06 3.6000000000e+03 0.0000000000e+00 -0.0000000000e+00
1.0236000000e+05 4.2288300292e-14 2.5864962660e-15 1.6721251652e+08 3.4837950587e+07 1.0285068215e-18 1.0600417755e-19 -1.8679393915e+03 2.8362345868e+02 -4.6638892410e+09 -9.7352420894e+06 3.0438563471e+06 3.6000000000e+03 0.0000000000e+00 -0.0000000000e+00
1.0596000000e+05 4.6117329803e-14 2.9950779016e-15 1.6039912407e+08 3.5840048625e+07 1.0996070037e-18 1.2135345469e-19 -1.9178935430e+03 2.7283923714e+02 -4.6638892208e+09 -9.7352420894e+06 3.0438563471e+06 3.6000000000e+03 0.0000000000e+00 -0.0000000000e+00
1.0956000000e+05 5.0212212066e-14 3.4631456739e-15 1.5339894662e+08 3.6800352403e+07 1.1763299804e-18 1.3912682359e-19 -1.9717982038e+03 2.6035187725e+02 -4.6638891923e+09 -9.7352420894e+06 3.0438563471e+06 3.6000000000e+03 0.0000000000e+00 -0.0000000000e+00
1.1316000000e+05 5.4594657850e-14 4.0003049145e-15 1.4619673041e+08 3.7712113328e+07 1.2595195750e-18 1.5983338014e-19 -2.0302462342e+03 2.4580369422e+02 -4.6638891513e+09 -9.7352420894e+06 3.0438563471e+06 3.6000000000e+03 0.0000000000e+00 -0.0000000000e+00
1.1676000000e+05 5.9289744949e-14 4.6182462558e-15 1.3877485610e+08 3.8567117700e+07 1.3502109245e-18 1.8413032896e-19 -2.0939649094e+03 2.2873294383e+02 -4.6638890910e+09 -9.7352420894e+06 3.0438563471e+06 3.4360479891e+03 0.0000000000e+00 -0.0000000000e+00
1.2019604799e+05 6.4089417992e-14 5.2965897710e-15 1.3146727887e+08 3.9320972877e+07 1.4449472127e-18 2.1145914025e-19 -2.1605255110e+03 2.0953204253e+02 -4.6638890194e+09 -9.7352420894e+06 3.0438563471e+06 3.1007961239e+03 0.0000000000e+00 -0.0000000000e+00
1.2329684411e+05 6.8712766597e-14 5.9960117168e-15 1.2466755666e+08 3.9939964654e+07 1.5384668334e-18 2.4042221575e-19 -2.2262312963e+03 1.8918292643e+02 -4.6638889554e+09 -9.7352420894e+06 3.0438563471e+06 2.7917704358e+03 0.0000000000e+00 -0.0000000000e+00
1.2608861455e+05 7.3134151425e-14 6.7085761748e-15 1.1836366592e+08 4.0439060326e+07 1.6302711957e-18 2.7080740404e-19 -2.2907319612e+03 1.6783465061e+02 -4.6638888996e+09 -9.7352420894e+06 3.0438563471e+06 2.5126049431e+03 0.0000000000e+00 -0.0000000000e+00
1.2834748349e+05 7.6906390863e-14 7.3514918061e-15 1.1312620123e+08 4.0796258022e+07 1.7106394086e-18 2.9902551873e-19 -2.3471977221e+03 1.4800893520e+02 -4.6638888720e+09 -9.7352420894e+06 3.0438563471e+06 2.2750767350e+03 0.0000000000e+00 -0.0000000000e+00
1.3062256022e+05 8.0896201906e-14 8.0678080370e-15 1.0771731013e+08 4.1107689343e+07 1.7978946269e-18 3.3140505066e-19 -2.4085022119e+03 1.2525945700e+02 -4.6638888320e+09 -9.7352420894e+06 3.0438563471e+06 2.0504611205e+03 0.0000000000e+00 -0.0000000000e+00
1.3245509160e+05 8.4259321635e-14 8.7016479215e-15 1.0325558218e+08 4.1318591752e+07 1.8733962568e-18 3.6091583949e-19 -2.4615487688e+03 1.0452552396e+02 -4.6638888133e+09 -9.7352420894e+06 3.0438563471e+06 1.8486954416e+03 0.0000000000e+00 -0.0000000000e+00
1.3410393665e+05 8.7407345607e-14 9.3207383361e-15 9.9155358073e+07 4.1474078752e+07 1.9458113597e-18 3.9054718115e-19 -2.5124267682e+03 8.3706891910e+01 -4.6638887986e+09 -9.7352420894e+06 3.0438563471e+06 1.6654451574e+03 0.0000000000e+00 -0.0000000000e+00
1.3557334543e+05 9.0316392196e-14 9.9157520506e-15 9.5428549082e+07 4.1582225498e+07 2.0143264470e-18 4.1980177362e-19 -2.5605646625e+03 6.3152959413e+01 -4.6638887878e+09 -9.7352420894e+06 3.0438563471e+06 1.4885309221e+03 0.0000000000e+00 -0.0000000000e+00
1.3686058411e+05 9.2949774408e-14 1.0473988900e-14 9.2104062173e+07 4.1650975987e+07 2.0777507123e-18 4.4795923488e-19 -2.6051258050e+03 4.3369858400e+01 -4.6638887806e+09 -9.7352420894e+06 3.0438563471e+06 1.3121726991e+03 0.0000000000e+00 -0.0000000000e+00
1.3794625938e+05 9.5235808154e-14 1.0974164988e-14 8.9254473335e+07 4.1688339277e+07 2.1339457085e-18 4.7378778837e-19 -2.6446077483e+03 2.5223020584e+01 -4.6638887768e+09 -9.7352420894e+06 3.0438563471e+06 1.1270591552e+03 0.0000000000e+00 -0.0000000000e+00
1.3874256833e+05 9.6952075624e-14 1.1359445614e-14 8.7136613366e+07 4.1702804472e+07 2.1768590752e-18 4.9407804904e-19 -2.6747581748e+03 1.0967322145e+01 -4.6638887758e+09 -9.7352420894e+06 3.0438563471e+06 9.2704310823e+02 0.0000000000e+00 -0.0000000000e+00
1.3956196067e+05 9.8754410272e-14 1.1773283804e-14 8.4931845674e+07 4.1705471639e+07 2.2226181174e-18 5.1626219181e-19 -2.7069079396e+03 -4.6189955765e+00 -4.6638887745e+09 -9.7352420894e+06 3.0438563471e+06 7.7031748397e+02 0.0000000000e+00 -0.0000000000e+00
1.4033227816e+05 1.0048360603e-13 1.2179423441e-14 8.2834671055e+07 4.1695973974e+07 2.2672104722e-18 5.3843306217e-19 -2.7382380035e+03 -2.0195988259e+01 -4.6638887733e+09 -9.7352420894e+06 3.0438563471e+06 9.7065669883e+02 0.0000000000e+00 -0.0000000000e+00
1.4130293486e+05 1.0271246974e-13 1.2716395348e-14 8.0156982580e+07 4.1666296719e+07 2.3257214737e-18 5.6836488188e-19 -2.7793471448e+03 -4.1225732649e+01 -4.6638887690e+09 -9.7352420894e+06 3.0438563471e+06 1.0718056009e+03 0.0000000000e+00 -0.0000000000e+00
1.4237474046e+05 1.0524123558e-13 1.3344540073e-14 7.7152738278e+07 4.1608784011e+07 2.3935713751e-18 6.0429256361e-19 -2.8270176872e+03 -6.6468099153e+01 -4.6638887600e+09 -9.7352420894e+06 3.0438563471e+06 1.1230961673e+03 0.0000000000e+00 -0.0000000000e+00
1.4349783662e+05 1.0797120760e-13 1.4046045330e-14 7.3948384630e+07 4.1518096246e+07 2.4686498375e-18 6.4561002368e-19 -2.8797669317e+03 -9.5497260509e+01 -4.6638887455e+09 -9.7352420894e+06 3.0438563471e+06 1.1447303349e+03 0.0000000000e+00 -0.0000000000e+00
1.4464256696e+05 1.1084311815e-13 1.4811278591e-14 7.0619528546e+07 4.1390381148e+07 2.5497834746e-18 6.9215718944e-19 -2.9367704705e+03 -1.2820075156e+02 -4.6638887245e+09 -9.7352420894e+06 3.0438563471e+06 1.1467650404e+03 0.0000000000e+00 -0.0000000000e+00
1.4578933200e+05 1.1381616114e-13 1.5634200947e-14 6.7217287599e+07 4.1222862999e+07 2.6362164543e-18 7.4398321583e-19 -2.9974972653e+03 -1.6461310798e+02 -4.6638886965e+09 -9.7352420894e+06 3.0438563471e+06 1.1351556588e+03 0.0000000000e+00 -0.0000000000e+00
1.4692448766e+05 1.1685987786e-13 1.6510638407e-14 6.3778688611e+07 4.1013588439e+07 2.7274101772e-18 8.0125921087e-19 -3.0615689021e+03 -2.0485454826e+02 -4.6638886606e+09 -9.7352420894e+06 3.0438563471e+06 1.1138290608e+03 0.0000000000e+00 -0.0000000000e+00
1.4803831672e+05 1.1995036626e-13 1.7437503400e-14 6.0331654224e+07 4.0761247019e+07 2.8229492867e-18 8.6424036328e-19 -3.1286935564e+03 -2.4910436499e+02 -4.6638886162e+09 -9.7352420894e+06 3.0438563471e+06 1.0855565757e+03 0.0000000000e+00 -0.0000000000e+00
1.4912387330e+05 1.2306826082e-13 1.8412401073e-14 5.6897745709e+07 4.0465034003e+07 2.9224906858e-18 9.3324804302e-19 -3.1986301723e+03 -2.9758834892e+02 -4.6638885628e+09 -9.7352420894e+06 3.0438563471e+06 1.0523821344e+03 0.0000000000e+00 -0.0000000000e+00
1.5017625543e+05 1.2619754873e-13 1.9433415927e-14 5.3493827800e+07 4.0124539807e+07 3.0257324959e-18 1.0086613603e-18 -3.2711666535e+03 -3.5057285844e+02 -4.6638884997e+09 -9.7352420894e+06 3.0438563471e+06 1.0158574048e+03 0.0000000000e+00 -0.0000000000e+00
1.5119211283e+05 1.2932482379e-13 2.0498992582e-14 5.0133156695e+07 3.9739657480e+07 3.1323931152e-18 1.0909138320e-18 -3.3461051498e+03 -4.0836247735e+02 -4.6638884264e+09 -9.7352420894e+06 3.0438563471e+06 9.7718277845e+02 0.0000000000e+00 -0.0000000000e+00
1.5216929561e+05 1.3243878765e-13 2.1607870174e-14 4.6826132800e+07 3.9310503013e+07 3.2421956232e-18 1.1804931722e-18 -3.4232511002e+03 -4.7129986793e+02 -4.6638883424e+09 -9.7352420894e+06 3.0438563471e+06 9.3729806478e+02 0.0000000000e+00 -0.0000000000e+00
1.5310659368e+05 1.3552989961e-13 2.2759049769e-14 4.3580845250e+07 3.8837344909e+07 3.3548549776e-18 1.2779432638e-18 -3.5024042371e+03 -5.3976715582e+02 -4.6638882472e+09 -9.7352420894e+06 3.0438563471e+06 8.9694428372e+02 0.0000000000e+00 -0.0000000000e+00
1.5400353796e+05 1.3859012020e-13 2.3951783870e-14 4.0403479701e+07 3.8320540380e+07 3.4700664761e-18 1.3838678763e-18 -3.5833504806e+03 -6.1418854239e+02 -4.6638881405e+09 -9.7352420894e+06 3.0438563471e+06 8.5670781637e+02 0.0000000000e+00 -0.0000000000e+00
1.5486024578e+05 1.4161271697e-13 2.5185582161e-14 3.7298631951e+07 3.7760475924e+07 3.5874944473e-18 1.4989359847e-18 -3.6658539916e+03 -6.9503404160e+02 -4.6638880219e+09 -9.7352420894e+06 3.0438563471e+06 8.1705323473e+02 0.0000000000e+00 -0.0000000000e+00
1.5567729901e+05 1.4459211305e-13 2.6460230645e-14 3.4269553785e+07 3.7157510269e+07 3.7067603554e-18 1.6238887309e-18 -3.7496488155e+03 -7.8282437105e+02 -4.6638878912e+09 -9.7352420894e+06 3.0438563471e+06 7.7834856057e+02 0.0000000000e+00 -0.0000000000e+00
1.5645564757e+05 1.4752376695e-13 2.7775823271e-14 3.1318348045e+07 3.6511917569e+07 3.8274295652e-18 1.7595482214e-18 -3.8344295826e+03 -8.7813713310e+02 -4.6638877484e+09 -9.7352420894e+06 3.0438563471e+06 7.4088531844e+02 0.0000000000e+00 -0.0000000000e+00
1.5719653289e+05 1.5040407609e-13 2.9132806729e-14 2.8446124030e+07 3.5823828541e+07 3.9489959561e-18 1.9068285060e-18 -3.9198406987e+03 -9.8161452831e+02 -4.6638875936e+09 -9.7352420894e+06 3.0438563471e+06 7.0489494163e+02 0.0000000000e+00 -0.0000000000e+00
1.5790142783e+05 1.5323029960e-13 3.0532040538e-14 2.5653120541e+07 3.5093166734e+07 4.0708634133e-18 2.0667492568e-18 -4.0054633404e+03 -1.0939729664e+03 -4.6638874272e+09 -9.7352420894e+06 3.0438563471e+06 6.7056263665e+02 0.0000000000e+00 -0.0000000000e+00
1.5857199047e+05 1.5600049791e-13 3.1974876191e-14 2.2938801253e+07 3.4319576359e+07 4.1923229236e-18 2.2404528931e-18 -4.0907993634e+03 -1.2160150977e+03 -4.6638872499e+09 -9.7352420894e+06 3.0438563471e+06 6.3803956632e+02 0.0000000000e+00 -0.0000000000e+00
1.5921003004e+05 1.5871348822e-13 3.3463261295e-14 2.0301925047e+07 3.3502336940e+07 4.3125235292e-18 2.4292262046e-18 -4.1752508948e+03 -1.3486450055e+03 -4.6638870628e+09 -9.7352420894e+06 3.0438563471e+06 6.0745407653e+02 0.0000000000e+00 -0.0000000000e+00
1.5981748411e+05 1.6136881571e-13 3.4999877577e-14 1.7740592311e+07 3.2640258177e+07 4.4304346402e-18 2.6345279545e-18 -4.2580938542e+03 -1.4928875996e+03 -4.6638868677e+09 -9.7352420894e+06 3.0438563471e+06 5.7892267710e+02 0.0000000000e+00 -0.0000000000e+00
1.6039640679e+05 1.6396674200e-13 3.6588326010e-14 1.5252266639e+07 3.1731545638e+07 4.5447960074e-18 2.8580245553e-18 -4.3384428053e+03 -1.6499136820e+03 -4.6638866670e+09 -9.7352420894e+06 3.0438563471e+06 5.5256153607e+02 0.0000000000e+00 -0.0000000000e+00
1.6094896833e+05 1.6650825263e-13 3.8233378747e-14 1.2833769954e+07 3.0773623637e+07 4.6540497316e-18 3.1016367519e-18 -4.4152031866e+03 -1.8210727454e+03 -4.6638864640e+09 -9.7352420894e+06 3.0438563471e+06 5.2849935390e+02 0.0000000000e+00 -0.0000000000e+00
1.6147746768e+05 1.6899508578e-13 3.9941327237e-14 1.0481247986e+07 2.9762895135e+07 4.7562454997e-18 3.3676013593e-18 -4.4870047310e+03 -2.0079363495e+03 -4.6638862637e+09 -9.7352420894e+06 3.0438563471e+06 5.0689253886e+02 0.0000000000e+00 -0.0000000000e+00
1.6198436022e+05 1.7142978227e-13 4.1720469909e-14 8.1901033967e+06 2.8694409022e+07 4.8489048835e-18 3.6585533262e-18 -4.5521061239e+03 -2.2123557785e+03 -4.6638860720e+09 -9.7352420894e+06 3.0438563471e+06 4.8794319364e+02 0.0000000000e+00 -0.0000000000e+00
1.6247230341e+05 1.7381574802e-13 4.3581801005e-14 5.9548995661e+06 2.7561392514e+07 4.9288213769e-18 3.9776338210e-18 -4.6082545121e+03 -2.4365379802e+03 -4.6638858972e+09 -9.7352420894e+06 3.0438563471e+06 4.6931811554e+02 0.0000000000e+00 -0.0000000000e+00
1.6286918803e+05 1.7578306677e-13 4.5217400148e-14 4.1181236350e+06 2.6554364476e+07 4.9829860575e-18 4.2697771728e-18 -4.6463099794e+03 -2.6417944622e+03 -4.6638858325e+09 -9.7352420894e+06 3.0438563471e+06 4.0585452398e+02 0.0000000000e+00 -0.0000000000e+00
1.6320734484e+05 1.7747434627e-13 4.6707032777e-14 2.5425519143e+06 2.5628860324e+07 5.0179194822e-18 4.5447416196e-18 -4.6708537926e+03 -2.8349812477e+03 -4.6638858044e+09 -9.7352420894e+06 3.0438563471e+06 3.4886900874e+02 0.0000000000e+00 -0.0000000000e+00
1.6347868696e+05 1.7883859362e-13 4.7972326774e-14 1.2732735160e+06 2.4837047461e+07 5.0359389147e-18 4.7843844482e-18 -4.6835140339e+03 -3.0033514797e+03 -4.6638857954e+09 -9.7352420894e+06 3.0438563471e+06 2.9160510180e+02 0.0000000000e+00 -0.0000000000e+00
1.6364604445e+05 1.7968192847e-13 4.8786052160e-14 4.8907805958e+05 2.4325264421e+07 5.0415331759e-18 4.9411884368e-18 -4.6874444960e+03 -3.1135201173e+03 -4.6638857946e+09 -9.7352420894e+06 3.0438563471e+06 2.3471884668e+02 0.0000000000e+00 -0.0000000000e+00
1.6388076330e+05 1.8086540181e-13 4.9972794098e-14 -6.1124518706e+05 2.3575526491e+07 5.0408580859e-18 5.1732471875e-18 -4.6869701857e+03 -3.2765618655e+03 -4.6638857905e+09 -9.7352420894e+06 3.0438563471e+06 2.4043225849e+02 0.0000000000e+00 -0.0000000000e+00
1.6412119555e+05 1.8207610454e-13 5.1246705777e-14 -1.7372431762e+06 2.2766590103e+07 5.0279352089e-18 5.4262174289e-18 -4.6778907243e+03 -3.4542957810e+03 -4.6638857855e+09 -9.7352420894e+06 3.0438563471e+06 2.9090972613e+02 0.0000000000e+00 -0.0000000000e+00
1.6441210528e+05 1.8353416432e-13 5.2872293005e-14 -3.0948443081e+06 2.1728646632e+07 4.9921688951e-18 5.7535945683e-18 -4.6527617330e+03 -3.6843071076e+03 -4.6638857687e+09 -9.7352420894e+06 3.0438563471e+06 3.2303366785e+02 0.0000000000e+00 -0.0000000000e+00
1.6473513895e+05 1.8513624862e-13 5.4793289833e-14 -4.5904276500e+06 2.0494655458e+07 4.9206337587e-18 6.1446842283e-18 -4.6025019878e+03 -3.9590821017e+03 -4.6638857129e+09 -9.7352420894e+06 3.0438563471e+06 3.5327749307e+02 0.0000000000e+00 -0.0000000000e+00
1.6508841644e+05 1.8685396863e-13 5.7044318918e-14 -6.2018942175e+06 1.9039617840e+07 4.7946000407e-18 6.6043275282e-18 -4.5139521803e+03 -4.2820220766e+03 -4.6638855031e+09 -9.7352420894e+06 3.0438563471e+06 4.0564537421e+02 0.0000000000e+00 -0.0000000000e+00
1.6549406182e+05 1.8875699478e-13 5.9836455931e-14 -8.0035328174e+06 1.7223157135e+07 4.5729229878e-18 7.1675716109e-18 -4.3582044909e+03 -4.6777507428e+03 -4.6638844893e+09 -9.7352420894e+06 3.0438563471e+06 3.8366481075e+02 0.0000000000e+00 -0.0000000000e+00
1.6583812800e+05 1.9028682929e-13 6.2387875149e-14 -9.4724433158e+06 1.5553770365e+07 4.3067341576e-18 7.6654081932e-18 -4.1711833504e+03 -5.0275248686e+03 -4.6638835230e+09 -9.7352420894e+06 3.0438563471e+06 3.4411232038e+02 0.0000000000e+00 -0.0000000000e+00
1.6618224032e+05 1.9171125430e-13 6.5112146223e-14 -1.0867347191e+07 1.3762956438e+07 3.9575527010e-18 8.1674698107e-18 -3.9258525670e+03 -5.3802674544e+03 -4.6638819034e+09 -9.7352420894e+06 3.0438563471e+06 3.1363664837e+02 0.0000000000e+00 -0.0000000000e+00
1.6649587696e+05 1.9289230729e-13 6.7744119250e-14 -1.2056356266e+07 1.2026076671e+07 3.5611367042e-18 8.6126557882e-18 -3.6473353514e+03 -5.6930498847e+03 -4.6638804737e+09 -9.7352420894e+06 3.0438563471e+06 2.9154163117e+02 0.0000000000e+00 -0.0000000000e+00
1.6678741860e+05 1.9386851793e-13 7.0312338728e-14 -1.3076139598e+07 1.0326077156e+07 3.1251121565e-18 8.9999514774e-18 -3.3409896339e+03 -5.9651592795e+03 -4.6638793445e+09 -9.7352420894e+06 3.0438563471e+06 2.8183520426e+02 0.0000000000e+00 -0.0000000000e+00
1.6706925380e+05 1.9468298877e-13 7.2897161153e-14 -1.3971169456e+07 8.6109367268e+06 2.6457504088e-18 9.3352600367e-18 -3.0041957095e+03 -6.2007431285e+03 -4.6638784891e+09 -9.7352420894e+06 3.0438563471e+06 2.5606805148e+02 0.0000000000e+00 -0.0000000000e+00
1.6732532185e+05 1.9530007083e-13 7.5321924482e-14 -1.4698004574e+07 6.9990246990e+06 2.1679558661e-18 9.5952770765e-18 -2.6685028849e+03 -6.3834280416e+03 -4.6638781505e+09 -9.7352420894e+06 3.0438563471e+06 2.3142329954e+02 0.0000000000e+00 -0.0000000000e+00
1.6755674515e+05 1.9574914041e-13 7.7565475496e-14 -1.5278569912e+07 5.5056050075e+06 1.7094724463e-18 9.7865000210e-18 -2.3463778281e+03 -6.5177790328e+03 -4.6638781082e+09 -9.7352420894e+06 3.0438563471e+06 2.1637172252e+02 0.0000000000e+00 -0.0000000000e+00
1.6777311687e+05 1.9607119592e-13 7.9698588232e-14 -1.5752657750e+07 4.0843879704e+06 1.2655955536e-18 9.9237001520e-18 -2.0345151453e+03 -6.6141742307e+03 -4.6638781982e+09 -9.7352420894e+06 3.0438563471e+06 2.0121760791e+02 0.0000000000e+00 -0.0000000000e+00
1.6797433448e+05 1.9628372761e-13 8.1705067647e-14 -1.6132439089e+07 2.7467153146e+06 8.4636663171e-19 1.0013568329e-17 -1.7399698369e+03 -6.6773145547e+03 -4.6638783314e+09 -9.7352420894e+06 3.0438563471e+06 1.8597138980e+02 0.0000000000e+00 -0.0000000000e+00
1.6814144257e+05 1.9639603025e-13 8.3382681022e-14 -1.6402734273e+07 1.6278854249e+06 4.9799995956e-19 1.0060453573e-17 -1.4952115115e+03 -6.7102555752e+03 -4.6638784017e+09 -9.7352420894e+06 3.0438563471e+06 1.6973771193e+02 0.0000000000e+00 -0.0000000000e+00
1.6827770432e+05 1.9644466131e-13 8.4755081875e-14 -1.6592965540e+07 7.1244816528e+05 2.1631115055e-19 1.0080463262e-17 -1.2973002683e+03 -6.7243141478e+03 -4.6638784302e+09 -9.7352420894e+06 3.0438563471e+06 1.4677695278e+02 0.0000000000e+00 -0.0000000000e+00
1.6831039134e+05 1.9645063546e-13 8.5084624411e-14 -1.6634600096e+07 4.9262070368e+05 1.4926541283e-19 1.0082895272e-17 -1.2501947217e+03 -6.7260228488e+03 -4.6638784302e+09 -9.7352420894e+06 3.0438563471e+06 1.3874049155e+02 0.0000000000e+00 -0.0000000000e+00
1.6844913183e+05 1.9645175264e-13 8.6483745037e-14 -1.6794287633e+07 -4.4070191450e+05 -1.3227737801e-19 1.0083369728e-17 -1.0523860692e+03 -6.7263561965e+03 -4.6638784633e+09 -9.7352420894e+06 3.0438563471e+06 1.3748529991e+02 0.0000000000e+00 -0.0000000000e+00
1.6858661713e+05 1.9641472111e-13 8.7869223911e-14 -1.6925734736e+07 -1.3648894828e+06 -4.0531557294e-19 1.0068789176e-17 -8.6055264562e+02 -6.7161120718e+03 -4.6638784945e+09 -9.7352420894e+06 3.0438563471e+06 1.7801704246e+02 0.0000000000e+00 -0.0000000000e+00
1.6876463417e+05 1.9631187534e-13 8.9658457267e-14 -1.7057363452e+07 -2.5582357528e+06 -7.4790943553e-19 1.0029331774e-17 -6.1985022828e+02 -6.6883897658e+03 -4.6638786028e+09 -9.7352420894e+06 3.0438563471e+06 1.9004434883e+02 0.0000000000e+00 -0.0000000000e+00
1.6895467852e+05 1.9613622728e-13 9.1558637467e-14 -1.7151617279e+07 -3.8252249832e+06 -1.0976443333e-18 9.9641897457e-18 -3.7413060362e+02 -6.6426217428e+03 -4.6638787354e+09 -9.7352420894e+06 3.0438563471e+06 1.8244873110e+02 0.0000000000e+00 -0.0000000000e+00
1.6911729885e+05 1.9593439610e-13 9.3173334735e-14 -1.7196065804e+07 -4.9014578258e+06 -1.3822442886e-18 9.8919583563e-18 -1.7417402325e+02 -6.5918728184e+03 -4.6638787860e+09 -9.7352420894e+06 3.0438563471e+06 1.6680392995e+02 0.0000000000e+00 -0.0000000000e+00
1.6923360435e+05 1.9576223759e-13 9.4320408714e-14 -1.7208316578e+07 -5.6657294236e+06 -1.5769554394e-18 9.8321817230e-18 -3.7372259451e+01 -6.5498744591e+03 -4.6638787938e+09 -9.7352420894e+06 3.0438563471e+06 1.2953416465e+02 0.0000000000e+00 -0.0000000000e+00
1.6936313851e+05 1.9554440016e-13 9.5589324169e-14 -1.7203624968e+07 -6.5108682128e+06 -1.7848527243e-18 9.7586565514e-18 1.0869392708e+02 -6.4982165386e+03 -4.6638788053e+09 -9.7352420894e+06 3.0438563471e+06 1.6699951965e+02 0.0000000000e+00 -0.0000000000e+00
1.6953013803e+05 1.9522490995e-13 9.7210459423e-14 -1.7170423225e+07 -7.5900561172e+06 -2.0387199252e-18 9.6545973685e-18 2.8705803577e+02 -6.4251057809e+03 -4.6638788384e+09 -9.7352420894e+06 3.0438563471e+06 2.1291001112e+02 0.0000000000e+00 -0.0000000000e+00
1.6974304805e+05 1.9475839823e-13 9.9250808478e-14 -1.7086508227e+07 -8.9473381251e+06 -2.3392182289e-18 9.5096986822e-18 4.9818460869e+02 -6.3233016686e+03 -4.6638789211e+09 -9.7352420894e+06 3.0438563471e+06 2.5084385701e+02 0.0000000000e+00 -0.0000000000e+00
1.6999389190e+05 1.9413058315e-13 1.0161346529e-13 -1.6932709876e+07 -1.0517485635e+07 -2.6606297129e-18 9.3260541737e-18 7.2400453604e+02 -6.1942751975e+03 -4.6638790463e+09 -9.7352420894e+06 3.0438563471e+06 2.8274372297e+02 0.0000000000e+00 -0.0000000000e+00
1.7027663563e+05 1.9333181114e-13 1.0421977457e-13 -1.6695334834e+07 -1.2247397133e+07 -2.9826399631e-18 9.1084098541e-18 9.5024514943e+02 -6.0413608590e+03 -4.6638791837e+09 -9.7352420894e+06 3.0438563471e+06 3.0641742251e+02 0.0000000000e+00 -0.0000000000e+00
1.7058305305e+05 1.9237010399e-13 1.0697376363e-13 -1.6370597508e+07 -1.4072589139e+07 -3.2871199710e-18 8.8664483647e-18 1.1641692209e+03 -5.8713615632e+03 -4.6638792989e+09 -9.7352420894e+06 3.0438563471e+06 3.2298969658e+02 0.0000000000e+00 -0.0000000000e+00
1.7090604274e+05 1.9126266080e-13 1.0979618060e-13 -1.5962448348e+07 -1.5939923245e+07 -3.5631048019e-18 8.6106922915e-18 1.3580729162e+03 -5.6916703550e+03 -4.6638793833e+09 -9.7352420894e+06 3.0438563471e+06 3.3654778219e+02 0.0000000000e+00 -0.0000000000e+00
1.7124259053e+05 1.9002121054e-13 1.1264978714e-13 -1.5475675780e+07 -1.7824315618e+07 -3.8076469997e-18 8.3484807861e-18 1.5298853874e+03 -5.5074436362e+03 -4.6638794484e+09 -9.7352420894e+06 3.0438563471e+06 3.5042896096e+02 0.0000000000e+00 -0.0000000000e+00
1.7159301949e+05 1.8864821566e-13 1.1552868285e-13 -1.4912379942e+07 -1.9721505002e+07 -4.0221412873e-18 8.0838872510e-18 1.6805865504e+03 -5.3215433313e+03 -4.6638795085e+09 -9.7352420894e+06 3.0438563471e+06 3.6627988425e+02 0.0000000000e+00 -0.0000000000e+00
1.7195929937e+05 1.8713965556e-13 1.1844076332e-13 -1.4271991991e+07 -2.1636333381e+07 -4.2092762231e-18 7.8191207709e-18 1.8120653547e+03 -5.1355215172e+03 -4.6638795741e+09 -9.7352420894e+06 3.0438563471e+06 3.8480149246e+02 0.0000000000e+00 -0.0000000000e+00
1.7234410086e+05 1.8548763473e-13 1.2139835966e-13 -1.3552023438e+07 -2.3576508069e+07 -4.3717787317e-18 7.5554966850e-18 1.9262377054e+03 -4.9503023360e+03 -4.6638796518e+09 -9.7352420894e+06 3.0438563471e+06 4.0635552890e+02 0.0000000000e+00 -0.0000000000e+00
1.7275045639e+05 1.8368164811e-13 1.2441483999e-13 -1.2748566653e+07 -2.5550335445e+07 -4.5120737109e-18 7.2938917997e-18 2.0248073073e+03 -4.7665018212e+03 -4.6638797458e+09 -9.7352420894e+06 3.0438563471e+06 4.3122947288e+02 0.0000000000e+00 -0.0000000000e+00
1.7280000000e+05 1.8345772567e-13 1.2477544373e-13 -1.2647984791e+07 -2.5785949785e+07 -4.5272702366e-18 7.2631744882e-18 2.0354842075e+03 -4.7449201996e+03 -4.6638797458e+09 -9.7352420894e+06 3.0438563471e+06 2.4771803512e+02 0.0000000000e+00 -0.0000000000e+00
1.7280000000e+05 1.8345772567e-13 1.2477544373e-13 -1.2647984791e+07 -2.5785949785e+07 -4.5272702366e-18 7.2631744882e-18 2.0354842075e+03 -4.7449201996e+03 -4.6638797458e+09 -9.7352420894e+06 3.0438563471e+06 2.4771803512e+02 0.0000000000e+00 -0.0000000000e+00
