0.0000000000e+00 0.0000000000e+00 0.0000000000e+00 3.1415900000e+08 0.0000000000e+00 0.0000000000e+00 0.0000000000e+00 -1.1785142400e+03 2.2606234920e+02 -4.6638893061e+09 -1.0017371040e+07 1.9215299682e+06 1.0000000000e+01 0.0000000000e+00 -0.0000000000e+00
1.0000000000e+01 2.8740014448e-22 6.8937897635e-28 3.1414721466e+08 2.2606234915e+03 5.7480747685e-23 2.0681757224e-28 -1.1785546253e+03 2.2606234905e+02 -4.6638893061e+09 -1.0017371040e+07 1.9215299682e+06 5.0000000000e+01 0.0000000000e+00 -0.0000000000e+00
6.0000000000e+01 1.0347699256e-20 1.4894776687e-25 3.1408828188e+08 1.3563740847e+04 3.4494919432e-22 7.4482267328e-27 -1.1787565972e+03 2.2606234397e+02 -4.6638893061e+09 -1.0017371040e+07 1.9215299682e+06 2.5000000000e+02 0.0000000000e+00 -0.0000000000e+00
3.1000000000e+02 2.7639899105e-19 2.0572015631e-23 3.1379346639e+08 7.0079313798e+04 1.7839115562e-21 1.9919996680e-25 -1.1797675953e+03 2.2606220924e+02 -4.6638893061e+09 -1.0017371040e+07 1.9215299682e+06 1.2500000000e+03 0.0000000000e+00 -0.0000000000e+00
1.5600000000e+03 7.0214362803e-18 2.6401882365e-21 3.1231558461e+08 3.5265540979e+05 9.0195319879e-21 5.0922622755e-24 -1.1848512571e+03 2.2605877144e+02 -4.6638893061e+09 -1.0017371040e+07 1.9215299682e+06 3.6000000000e+03 0.0000000000e+00 -0.0000000000e+00
5.1600000000e+03 7.7526399480e-17 9.7535288774e-20 3.0802339739e+08 1.1664131947e+06 3.0247744037e-20 5.7270393051e-23 -1.1997659491e+03 2.2602211170e+02 -4.6638893060e+09 -1.0017371040e+07 1.9215299682e+06 3.6000000000e+03 0.0000000000e+00 -0.0000000000e+00
8.7600000000e+03 2.2552891622e-16 4.8735913550e-19 3.0367676129e+08 1.9799637662e+06 5.2079144174e-20 1.6977546100e-22 -1.2151044340e+03 2.2594306696e+02 -4.6638893059e+09 -1.0017371040e+07 1.9215299682e+06 3.6000000000e+03 0.0000000000e+00 -0.0000000000e+00
1.2360000000e+04 4.5326050950e-16 1.3986047408e-18 2.9927410849e+08 2.7931479929e+06 7.4547532527e-20 3.4787132170e-22 -1.2308904593e+03 2.2581793890e+02 -4.6638893058e+09 -1.0017371040e+07 1.9215299682e+06 3.6000000000e+03 0.0000000000e+00 -0.0000000000e+00
1.5960000000e+04 7.6307931751e-16 3.0777087110e-18 2.9481378218e+08 3.6057927313e+06 9.7689498832e-20 5.9738543032e-22 -1.2471497326e+03 2.2564263322e+02 -4.6638893057e+09 -1.0017371040e+07 1.9215299682e+06 3.6000000000e+03 0.0000000000e+00 -0.0000000000e+00
1.9560000000e+04 1.1574806787e-15 5.7932111489e-18 2.9029402916e+08 4.4177093084e+06 1.2154473046e-19 9.2478341597e-22 -1.2639101377e+03 2.2541260725e+02 -4.6638893055e+09 -1.0017371040e+07 1.9215299682e+06 3.6000000000e+03 0.0000000000e+00 -0.0000000000e+00
2.3160000000e+04 1.6391089013e-15 9.8382049529e-18 2.8571299157e+08 5.2286918004e+06 1.4615636346e-19 1.3372556273e-21 -1.2812019815e+03 2.2512280913e+02 -4.6638893053e+09 -1.0017371040e+07 1.9215299682e+06 3.6000000000e+03 0.0000000000e+00 -0.0000000000e+00
2.6760000000e+04 2.2107703848e-15 1.5533121586e-17 2.8106869767e+08 6.0385150761e+06 1.7157138397e-19 1.8428179350e-21 -1.2990582759e+03 2.2476760700e+02 -4.6638893051e+09 -1.0017371040e+07 1.9215299682e+06 3.6000000000e+03 0.0000000000e+00 -0.0000000000e+00
3.0360000000e+04 2.8754482895e-15 2.3228909505e-17 2.7635905153e+08 6.8469325632e+06 1.9784108875e-19 2.4504295885e-21 -1.3175150614e+03 2.2434070620e+02 -4.6638893048e+09 -1.0017371040e+07 1.9215299682e+06 3.6000000000e+03 0.0000000000e+00 -0.0000000000e+00
3.3960000000e+04 3.6363189877e-15 3.3310672613e-17 2.7158182147e+08 7.6536736921e+06 2.2502161558e-19 3.1701315641e-21 -1.3366117798e+03 2.2383505206e+02 -4.6638893045e+09 -1.0017371040e+07 1.9215299682e+06 3.6000000000e+03 0.0000000000e+00 -0.0000000000e+00
3.7560000000e+04 4.4967705670e-15 4.6201849897e-17 2.6673462705e+08 8.4584409598e+06 2.5317455640e-19 4.0132096590e-21 -1.3563917048e+03 2.2324271531e+02 -4.6638893042e+09 -1.0017371040e+07 1.9215299682e+06 3.6000000000e+03 0.0000000000e+00 -0.0000000000e+00
4.1160000000e+04 5.4604237147e-15 6.2369034483e-17 2.6181492442e+08 9.2609065432e+06 2.8236766908e-19 4.9923876159e-21 -1.3769024423e+03 2.2255475640e+02 -4.6638893038e+09 -1.0017371040e+07 1.9215299682e+06 3.6000000000e+03 0.0000000000e+00 -0.0000000000e+00
4.4760000000e+04 6.5311553699e-15 8.2327551693e-17 2.5681998969e+08 1.0060708381e+07 3.1267570706e-19 6.1220568949e-21 -1.3981965132e+03 2.2176106405e+02 -4.6638893033e+09 -1.0017371040e+07 1.9215299682e+06 3.6000000000e+03 0.0000000000e+00 -0.0000000000e+00
4.8360000000e+04 7.7131256094e-15 1.0664794244e-16 2.5174690004e+08 1.0857445618e+07 3.4418139111e-19 7.4185514200e-21 -1.4203320362e+03 2.2085016225e+02 -4.6638893027e+09 -1.0017371040e+07 1.9215299682e+06 3.6000000000e+03 0.0000000000e+00 -0.0000000000e+00
5.1960000000e+04 9.0108083325e-15 1.3596353208e-16 2.4659251216e+08 1.1650673286e+07 3.7697655276e-19 8.9004778576e-21 -1.4433735310e+03 2.1980897817e+02 -4.6638893020e+09 -1.0017371040e+07 1.9215299682e+06 3.6000000000e+03 0.0000000000e+00 -0.0000000000e+00
5.5560000000e+04 1.0429026424e-14 1.7097930798e-16 2.4135343755e+08 1.2439896071e+07 4.1116348694e-19 1.0589114906e-20 -1.4673928687e+03 2.1862256164e+02 -4.6638893011e+09 -1.0017371040e+07 1.9215299682e+06 3.6000000000e+03 0.0000000000e+00 -0.0000000000e+00
5.9160000000e+04 1.1972992236e-14 2.1248238400e-16 2.3602601408e+08 1.3224560955e+07 4.4685656065e-19 1.2508898942e-20 -1.4924704024e+03 2.1727374397e+02 -4.6638893000e+09 -1.0017371040e+07 1.9215299682e+06 3.6000000000e+03 0.0000000000e+00 -0.0000000000e+00
6.2760000000e+04 1.3648354401e-14 2.6135440161e-16 2.3060627306e+08 1.4004048508e+07 4.8418413762e-19 1.4688018511e-20 -1.5186963188e+03 2.1574272019e+02 -4.6638892987e+09 -1.0017371040e+07 1.9215299682e+06 3.6000000000e+03 0.0000000000e+00 -0.0000000000e+00
6.6360000000e+04 1.5461252265e-14 3.1858630998e-16 2.2508990109e+08 1.4777662500e+07 5.2329089523e-19 1.7159147117e-20 -1.5461722666e+03 2.1400653431e+02 -4.6638892971e+09 -1.0017371040e+07 1.9215299682e+06 3.6000000000e+03 0.0000000000e+00 -0.0000000000e+00
6.9960000000e+04 1.7418379504e-14 3.8529608967e-16 2.1947219525e+08 1.5544617450e+07 5.6434063270e-19 1.9960353173e-20 -1.5750133292e+03 2.1203843989e+02 -4.6638892951e+09 -1.0017371040e+07 1.9215299682e+06 3.6000000000e+03 0.0000000000e+00 -0.0000000000e+00
7.3560000000e+04 1.9527058926e-14 4.6275014641e-16 2.1374801063e+08 1.6304023598e+07 6.0751969907e-19 2.3136238998e-20 -1.6053504333e+03 2.0980709987e+02 -4.6638892925e+09 -1.0017371040e+07 1.9215299682e+06 3.6000000000e+03 0.0000000000e+00 -0.0000000000e+00
7.7160000000e+04 2.1795330970e-14 5.5238931922e-16 2.0791169812e+08 1.7054868627e+07 6.5304121070e-19 2.6739378822e-20 -1.6373333118e+03 2.0727557622e+02 -4.6638892893e+09 -1.0017371040e+07 1.9215299682e+06 3.6000000000e+03 0.0000000000e+00 -0.0000000000e+00
8.0760000000e+04 2.4232059149e-14 6.5586074194e-16 2.0195703030e+08 1.7795995280e+07 7.0115028388e-19 3.0832151237e-20 -1.6711341806e+03 2.0440004247e+02 -4.6638892851e+09 -1.0017371040e+07 1.9215299682e+06 3.6000000000e+03 0.0000000000e+00 -0.0000000000e+00
8.4360000000e+04 2.6847056586e-14 7.7505720264e-16 1.9587711260e+08 1.8526073706e+07 7.5213058627e-19 3.5489098010e-20 -1.7069523413e+03 2.0112812646e+02 -4.6638892797e+09 -1.0017371040e+07 1.9215299682e+06 3.6000000000e+03 0.0000000000e+00 -0.0000000000e+00
8.7960000000e+04 2.9651239118e-14 9.1216620928e-16 1.8966427568e+08 1.9243566988e+07 8.0631262166e-19 4.0799994001e-20 -1.7450200019e+03 1.9739675341e+02 -4.6638892726e+09 -1.0017371040e+07 1.9215299682e+06 3.6000000000e+03 0.0000000000e+00 -0.0000000000e+00
9.1560000000e+04 3.2656812171e-14 1.0697317662e-15 1.8330994415e+08 1.9946687739e+07 8.6408432067e-19 4.6873890928e-20 -1.7856097180e+03 1.9312930489e+02 -4.6638892630e+09 -1.0017371040e+07 1.9215299682e+06 3.6000000000e+03 0.0000000000e+00 -0.0000000000e+00
9.5160000000e+04 3.5877501080e-14 1.2507330084e-15 1.7680447475e+08 2.0633342853e+07 9.2590474154e-19 5.3844514718e-20 -1.8290440184e+03 1.8823182662e+02 -4.6638892501e+09 -1.0017371040e+07 1.9215299682e+06 3.6000000000e+03 0.0000000000e+00 -0.0000000000e+00
9.8760000000e+04 3.9328837972e-14 1.4586855053e-15 1.7013695479e+08 2.1301062332e+07 9.9232202818e-19 6.1877575310e-20 -1.8757080226e+03 1.8258789276e+02 -4.6638892322e+09 -1.0017371040e+07 1.9215299682e+06 3.6000000000e+03 0.0000000000e+00 -0.0000000000e+00
1.0236000000e+05 4.3028523377e-14 1.6977735257e-15 1.6329494809e+08 2.1946906359e+07 1.0639972929e-18 7.1180827916e-20 -1.9260662203e+03 1.7605153693e+02 -4.6638892069e+09 -1.0017371040e+07 1.9215299682e+06 3.6000000000e+03 0.0000000000e+00 -0.0000000000e+00
1.0596000000e+05 4.6996888020e-14 1.9730253170e-15 1.5626417051e+08 2.2567342146e+07 1.1417368964e-18 8.2018173432e-20 -1.9806851512e+03 1.6843734547e+02 -4.6638891706e+09 -1.0017371040e+07 1.9215299682e+06 3.6000000000e+03 0.0000000000e+00 -0.0000000000e+00
1.0956000000e+05 5.1257491308e-14 2.2905493039e-15 1.4902806950e+08 2.3158077985e+07 1.2265368767e-18 9.4729823841e-20 -2.0402646197e+03 1.5950628944e+02 -4.6638891170e+09 -1.0017371040e+07 1.9215299682e+06 3.6000000000e+03 0.0000000000e+00 -0.0000000000e+00
1.1316000000e+05 5.5837909967e-14 2.6578584541e-15 1.4156726998e+08 2.3713835355e+07 1.3196453631e-18 1.0976180958e-19 -2.1056815469e+03 1.4894499310e+02 -4.6638890355e+09 -1.0017371040e+07 1.9215299682e+06 3.3296304007e+03 0.0000000000e+00 -0.0000000000e+00
1.1615388109e+05 5.9914007986e-14 3.0079102807e-15 1.3517511997e+08 2.4144696851e+07 1.4045353079e-18 1.2445273019e-19 -2.1653242234e+03 1.3862332512e+02 -4.6638889868e+09 -1.0017371040e+07 1.9215299682e+06 3.0132572984e+03 0.0000000000e+00 -0.0000000000e+00
1.1916713839e+05 6.4284921363e-14 3.4082541186e-15 1.2855300102e+08 2.4544604004e+07 1.4980494274e-18 1.4173106407e-19 -2.2310261436e+03 1.2648377101e+02 -4.6638889114e+09 -1.0017371040e+07 1.9215299682e+06 2.7211931687e+03 0.0000000000e+00 -0.0000000000e+00
1.2161262493e+05 6.8048317980e-14 3.7742991381e-15 1.2302684212e+08 2.4840257512e+07 1.5809086657e-18 1.5800576625e-19 -2.2892420696e+03 1.1504935672e+02 -4.6638888722e+09 -1.0017371040e+07 1.9215299682e+06 2.4620713152e+03 0.0000000000e+00 -0.0000000000e+00
1.2407469624e+05 7.2050766515e-14 4.1859992175e-15 1.1731318276e+08 2.5107583505e+07 1.6717066144e-18 1.7688794820e-19 -2.3530356402e+03 1.0178295783e+02 -4.6638888132e+09 -1.0017371040e+07 1.9215299682e+06 2.2222575220e+03 0.0000000000e+00 -0.0000000000e+00
1.2606856551e+05 7.5462488743e-14 4.5557822304e-15 1.1256634353e+08 2.5298517083e+07 1.7515151860e-18 1.9439607307e-19 -2.4091082036e+03 8.9481955276e+01 -4.6638887836e+09 -1.0017371040e+07 1.9215299682e+06 2.0087571332e+03 0.0000000000e+00 -0.0000000000e+00
1.2787511441e+05 7.8696192051e-14 4.9228313088e-15 1.0816533803e+08 2.5449025406e+07 1.8294094043e-18 2.1231213235e-19 -2.4638357650e+03 7.6894342802e+01 -4.6638887585e+09 -1.0017371040e+07 1.9215299682e+06 1.8205327732e+03 0.0000000000e+00 -0.0000000000e+00
1.2950624219e+05 8.1741071127e-14 5.2836701238e-15 1.0410373449e+08 2.5564240878e+07 1.9049305719e-18 2.3046862892e-19 -2.5168960489e+03 6.4137801917e+01 -4.6638887378e+09 -1.0017371040e+07 1.9215299682e+06 1.6453183808e+03 0.0000000000e+00 -0.0000000000e+00
1.3097131168e+05 8.4584513229e-14 5.6344093159e-15 1.0037936027e+08 2.5649012698e+07 1.9775137792e-18 2.4865341432e-19 -2.5678921564e+03 5.1361385634e+01 -4.6638887215e+09 -1.0017371040e+07 1.9215299682e+06 1.4801433528e+03 0.0000000000e+00 -0.0000000000e+00
1.3227553950e+05 8.7208088637e-14 5.9702070834e-15 9.6999015995e+07 2.5707921942e+07 2.0463784856e-18 2.6657691998e-19 -2.6162756889e+03 3.8768541418e+01 -4.6638887094e+09 -1.0017371040e+07 1.9215299682e+06 1.3214117638e+03 0.0000000000e+00 -0.0000000000e+00
1.3341762875e+05 8.9581420917e-14 6.2843586599e-15 9.3985572219e+07 2.5745386118e+07 2.1103469999e-18 2.8381489948e-19 -2.6612192145e+03 2.6657339827e+01 -4.6638887014e+09 -1.0017371040e+07 1.9215299682e+06 1.1641472507e+03 0.0000000000e+00 -0.0000000000e+00
1.3438246360e+05 9.1644820114e-14 6.5657333307e-15 9.1398780606e+07 2.5765808418e+07 2.1673315075e-18 2.9965164381e-19 -2.7012558592e+03 1.5530629570e+01 -4.6638886970e+09 -1.0017371040e+07 1.9215299682e+06 1.0004508961e+03 0.0000000000e+00 -0.0000000000e+00
1.3510159004e+05 9.3219261964e-14 6.7857236437e-15 8.9445095537e+07 2.5773813224e+07 2.2117138527e-18 3.1230177894e-19 -2.7324383727e+03 6.6427934521e+00 -4.6638886957e+09 -1.0017371040e+07 1.9215299682e+06 8.2353658573e+02 0.0000000000e+00 -0.0000000000e+00
1.3583623006e+05 9.4861280592e-14 7.0201488041e-15 8.7425648835e+07 2.5775183315e+07 2.2588700993e-18 3.2604712697e-19 -2.7655697969e+03 -3.0145263577e+00 -4.6638886941e+09 -1.0017371040e+07 1.9215299682e+06 6.9847583268e+02 0.0000000000e+00 -0.0000000000e+00
1.3653470589e+05 9.6455234903e-14 7.2526931431e-15 8.5482591574e+07 2.5769699485e+07 2.3055300244e-18 3.3995830273e-19 -2.7983525113e+03 -1.2788354787e+01 -4.6638886926e+09 -1.0017371040e+07 1.9215299682e+06 8.6192928869e+02 0.0000000000e+00 -0.0000000000e+00
1.3739663518e+05 9.8468175964e-14 7.5535454544e-15 8.3052526925e+07 2.5753173951e+07 2.3657563862e-18 3.5837353521e-19 -2.8406668445e+03 -2.5726680479e+01 -4.6638886873e+09 -1.0017371040e+07 1.9215299682e+06 9.4432956075e+02 0.0000000000e+00 -0.0000000000e+00
1.3834096474e+05 1.0073479807e-13 7.9021754233e-15 8.0347119066e+07 2.5721707995e+07 2.4354016832e-18 3.8031879604e-19 -2.8895988108e+03 -4.1145162558e+01 -4.6638886768e+09 -1.0017371040e+07 1.9215299682e+06 9.8458057276e+02 0.0000000000e+00 -0.0000000000e+00
1.3932554532e+05 1.0317021518e-13 8.2887961890e-15 7.7475681431e+07 2.5672649391e+07 2.5125222047e-18 4.0543994603e-19 -2.9437827819e+03 -5.8794986997e+01 -4.6638886598e+09 -1.0017371040e+07 1.9215299682e+06 9.9938603493e+02 0.0000000000e+00 -0.0000000000e+00
1.4032493135e+05 1.0572246881e-13 8.7078316578e-15 7.4504707384e+07 2.5604163555e+07 2.5960541238e-18 4.3363194421e-19 -3.0024713256e+03 -7.8602353250e+01 -4.6638886353e+09 -1.0017371040e+07 1.9215299682e+06 9.9725364418e+02 0.0000000000e+00 -0.0000000000e+00
1.4132218500e+05 1.0835539002e-13 9.1555858037e-15 7.1479570298e+07 2.5515018261e+07 2.6853383989e-18 4.6490760771e-19 -3.0652014068e+03 -1.0057626648e+02 -4.6638886025e+09 -1.0017371040e+07 1.9215299682e+06 9.8329217321e+02 0.0000000000e+00 -0.0000000000e+00
1.4230547717e+05 1.1104180156e-13 9.6293405829e-15 6.8433305327e+07 2.5404449066e+07 2.7799344273e-18 4.9934775014e-19 -3.1316634635e+03 -1.2477350537e+02 -4.6638885605e+09 -1.0017371040e+07 1.9215299682e+06 9.6090066404e+02 0.0000000000e+00 -0.0000000000e+00
1.4326637783e+05 1.1376028980e-13 1.0126941490e-14 6.5390892354e+07 2.5272063984e+07 2.8795324820e-18 5.3707886155e-19 -3.2016398850e+03 -1.5128294035e+02 -4.6638885082e+09 -1.0017371040e+07 1.9215299682e+06 9.3249161383e+02 0.0000000000e+00 -0.0000000000e+00
1.4419886945e+05 1.1649346186e-13 1.0646583496e-14 6.2371643171e+07 2.5117770869e+07 2.9839068569e-18 5.7826202717e-19 -3.2749720929e+03 -1.8021774800e+02 -4.6638884449e+09 -1.0017371040e+07 1.9215299682e+06 8.9984998332e+02 0.0000000000e+00 -0.0000000000e+00
1.4509871943e+05 1.1922691220e-13 1.1186691526e-14 5.9390667105e+07 2.4941719522e+07 3.0928882855e-18 6.2308714177e-19 -3.3515411625e+03 -2.1171134617e+02 -4.6638883696e+09 -1.0017371040e+07 1.9215299682e+06 8.6433226967e+02 0.0000000000e+00 -0.0000000000e+00
1.4596305170e+05 1.2194856359e-13 1.1745850200e-14 5.6459838967e+07 2.4744254199e+07 3.2063464407e-18 6.7176990917e-19 -3.4312555275e+03 -2.4591528581e+02 -4.6638882814e+09 -1.0017371040e+07 1.9215299682e+06 8.2698678903e+02 0.0000000000e+00 -0.0000000000e+00
1.4679003849e+05 1.2464822105e-13 1.2322761167e-14 5.3588475688e+07 2.4525873918e+07 3.3241781041e-18 7.2455044449e-19 -3.5140426679e+03 -2.8299826898e+02 -4.6638881793e+09 -1.0017371040e+07 1.9215299682e+06 7.8863152551e+02 0.0000000000e+00 -0.0000000000e+00
1.4757867001e+05 1.2731725411e-13 1.2916216780e-14 5.0783830983e+07 2.4287198881e+07 3.4462987003e-18 7.8169287770e-19 -3.5998431621e+03 -3.2314587029e+02 -4.6638880624e+09 -1.0017371040e+07 1.9215299682e+06 7.4990738458e+02 0.0000000000e+00 -0.0000000000e+00
1.4832857740e+05 1.2994836026e-13 1.3525083860e-14 4.8051470222e+07 2.4028941859e+07 3.5726358996e-18 8.4348563346e-19 -3.6886061920e+03 -3.6656073351e+02 -4.6638879296e+09 -1.0017371040e+07 1.9215299682e+06 7.1131631050e+02 0.0000000000e+00 -0.0000000000e+00
1.4903989371e+05 1.3253538206e-13 1.4148293869e-14 4.5395562741e+07 2.3751883675e+07 3.7031245197e-18 9.1024220688e-19 -3.7802859614e+03 -4.1346311662e+02 -4.6638877798e+09 -1.0017371040e+07 1.9215299682e+06 6.7324956854e+02 0.0000000000e+00 -0.0000000000e+00
1.4971314328e+05 1.3507316072e-13 1.4784837293e-14 4.2819115105e+07 2.3456852132e+07 3.8377022402e-18 9.8230233310e-19 -3.8748386845e+03 -4.6409171354e+02 -4.6638876120e+09 -1.0017371040e+07 1.9215299682e+06 6.3600935575e+02 0.0000000000e+00 -0.0000000000e+00
1.5034915263e+05 1.3755741571e-13 1.5433760799e-14 4.0324160693e+07 2.3144703881e+07 3.9763058068e-18 1.0600334957e-18 -3.9722199198e+03 -5.1870471387e+02 -4.6638874251e+09 -1.0017371040e+07 1.9215299682e+06 5.9982569841e+02 0.0000000000e+00 -0.0000000000e+00
1.5094897833e+05 1.3998464324e-13 1.6094166288e-14 3.7911916062e+07 2.2816308760e+07 4.1188674983e-18 1.1438327481e-18 -4.0723820871e+03 -5.7758108279e+02 -4.6638872178e+09 -1.0017371040e+07 1.9215299682e+06 5.6486990731e+02 0.0000000000e+00 -0.0000000000e+00
1.5151384824e+05 1.4235202907e-13 1.6765211257e-14 3.5582911397e+07 2.2472536278e+07 4.2653116860e-18 1.2341288438e-18 -4.1752720505e+03 -6.4102205728e+02 -4.6638869890e+09 -1.0017371040e+07 1.9215299682e+06 5.3126543965e+02 0.0000000000e+00 -0.0000000000e+00
1.5204511368e+05 1.4465737250e-13 1.7446110080e-14 3.3337100342e+07 2.2114243889e+07 4.4155513455e-18 1.3313846823e-18 -4.2808286677e+03 -7.0935286523e+02 -4.6638867375e+09 -1.0017371040e+07 1.9215299682e+06 4.9909677107e+02 0.0000000000e+00 -0.0000000000e+00
1.5254421045e+05 1.4689901918e-13 1.8136135993e-14 3.1173953101e+07 2.1742266789e+07 4.5694844022e-18 1.4361000969e-18 -4.3889802224e+03 -7.8292468361e+02 -4.6638864620e+09 -1.0017371040e+07 1.9215299682e+06 4.6841669639e+02 0.0000000000e+00 -0.0000000000e+00
1.5301262715e+05 1.4907580143e-13 1.8834623624e-14 2.9092535756e+07 2.1357408976e+07 4.7269897941e-18 1.5488150163e-18 -4.4996416577e+03 -8.6211685986e+02 -4.6638861612e+09 -1.0017371040e+07 1.9215299682e+06 4.3925237643e+02 0.0000000000e+00 -0.0000000000e+00
1.5345187952e+05 1.5118698464e-13 1.9540972026e-14 2.7091578087e+07 2.0960435323e+07 4.8879231353e-18 1.6701130473e-18 -4.6127115299e+03 -9.4733942947e+02 -4.6638858338e+09 -1.0017371040e+07 1.9215299682e+06 4.1161037145e+02 0.0000000000e+00 -0.0000000000e+00
1.5386348989e+05 1.5323221919e-13 2.0254648205e-14 2.5169531672e+07 2.0552064443e+07 5.0521118534e-18 1.8006255423e-18 -4.7280685916e+03 -1.0390359730e+03 -4.6638854786e+09 -1.0017371040e+07 1.9215299682e+06 3.8548084266e+02 0.0000000000e+00 -0.0000000000e+00
1.5424897074e+05 1.5521149704e-13 2.0975191195e-14 2.3324619680e+07 2.0132962120e+07 5.2193496552e-18 1.9410362260e-18 -4.8455679036e+03 -1.1376868675e+03 -4.6638850942e+09 -1.0017371040e+07 1.9215299682e+06 3.6084107091e+02 0.0000000000e+00 -0.0000000000e+00
1.5460981181e+05 1.5712511266e-13 2.1702216790e-14 2.1554879517e+07 1.9703735071e+07 5.3893901496e-18 2.0920864839e-18 -4.9650363545e+03 -1.2438130016e+03 -4.6638846795e+09 -1.0017371040e+07 1.9215299682e+06 3.3765840748e+02 0.0000000000e+00 -0.0000000000e+00
1.5494747022e+05 1.5897362786e-13 2.2435423085e-14 1.9858199243e+07 1.9264924806e+07 5.5619394200e-18 2.2545814355e-18 -5.0862674419e+03 -1.3579800429e+03 -4.6638842332e+09 -1.0017371040e+07 1.9215299682e+06 3.1589275658e+02 0.0000000000e+00 -0.0000000000e+00
1.5526336297e+05 1.6075784022e-13 2.3174597052e-14 1.8232348515e+07 1.8817001332e+07 5.7366472836e-18 2.4293969538e-18 -5.2090151315e+03 -1.4808033694e+03 -4.6638837542e+09 -1.0017371040e+07 1.9215299682e+06 2.9549866976e+02 0.0000000000e+00 -0.0000000000e+00
1.5555886164e+05 1.6247875496e-13 2.3919622450e-14 1.6675004674e+07 1.8360356376e+07 5.9130969117e-18 2.6174878351e-18 -5.3329865643e+03 -1.6129538098e+03 -4.6638832417e+09 -1.0017371040e+07 1.9215299682e+06 2.7642712067e+02 0.0000000000e+00 -0.0000000000e+00
1.5583528876e+05 1.6413756002e-13 2.4670489463e-14 1.5183774456e+07 1.7895295810e+07 6.0907923834e-18 2.8198973850e-18 -5.4578333122e+03 -1.7551643782e+03 -4.6638826949e+09 -1.0017371040e+07 1.9215299682e+06 2.5862702308e+02 0.0000000000e+00 -0.0000000000e+00
1.5609391579e+05 1.6573560433e-13 2.5427306617e-14 1.3756211700e+07 1.7422030814e+07 6.2691436158e-18 3.0377687686e-18 -5.5831407898e+03 -1.9082382492e+03 -4.6638821132e+09 -1.0017371040e+07 1.9215299682e+06 2.4204654650e+02 0.0000000000e+00 -0.0000000000e+00
1.5633596233e+05 1.6727437914e-13 2.6190315672e-14 1.2389831318e+07 1.6940667240e+07 6.4474479306e-18 3.2723585847e-18 -5.7084153037e+03 -2.0730582941e+03 -4.6638814967e+09 -1.0017371040e+07 1.9215299682e+06 2.2663428362e+02 0.0000000000e+00 -0.0000000000e+00
1.5656259662e+05 1.6875550259e-13 2.6959910498e-14 1.1082119677e+07 1.6451192447e+07 6.6248672524e-18 3.5250532819e-18 -5.8330680319e+03 -2.2505986155e+03 -4.6638808456e+09 -1.0017371040e+07 1.9215299682e+06 2.1234032291e+02 0.0000000000e+00 -0.0000000000e+00
1.5677493694e+05 1.7018070748e-13 2.7736661284e-14 9.8305413901e+06 1.5953458636e+07 6.8003995574e-18 3.7973892558e-18 -5.9563949643e+03 -2.4419386668e+03 -4.6638801611e+09 -1.0017371040e+07 1.9215299682e+06 1.9911728714e+02 0.0000000000e+00 -0.0000000000e+00
1.5697405423e+05 1.7155183269e-13 2.8521345980e-14 8.6325423951e+06 1.5447161321e+07 6.9728426376e-18 4.0910777858e-18 -6.0775514437e+03 -2.6482807728e+03 -4.6638794452e+09 -1.0017371040e+07 1.9215299682e+06 1.8692140597e+02 0.0000000000e+00 -0.0000000000e+00
1.5716097563e+05 1.7287081846e-13 2.9314991723e-14 7.4855489690e+06 1.4931811051e+07 7.1407474069e-18 4.4080364297e-18 -6.1955193593e+03 -2.8709721871e+03 -4.6638787011e+09 -1.0017371040e+07 1.9215299682e+06 1.7571371750e+02 0.0000000000e+00 -0.0000000000e+00
1.5733668935e+05 1.7413970648e-13 3.0118930189e-14 6.3869620565e+06 1.4406695600e+07 7.3023567015e-18 4.7504291809e-18 -6.3090641484e+03 -3.1115333059e+03 -4.6638779335e+09 -1.0017371040e+07 1.9215299682e+06 1.6546151796e+02 0.0000000000e+00 -0.0000000000e+00
1.5750215087e+05 1.7536064544e-13 3.0934872754e-14 5.3341459540e+06 1.3870828572e+07 7.4555235023e-18 5.1207186984e-18 -6.4166773407e+03 -3.3716943646e+03 -4.6638771496e+09 -1.0017371040e+07 1.9215299682e+06 1.5614024183e+02 0.0000000000e+00 -0.0000000000e+00
1.5765829111e+05 1.7653590363e-13 3.1765014343e-14 4.3244098786e+06 1.3322878287e+07 7.5975992500e-18 5.5217354415e-18 -6.5164980895e+03 -3.6534440104e+03 -4.6638763594e+09 -1.0017371040e+07 1.9215299682e+06 1.4773603141e+02 0.0000000000e+00 -0.0000000000e+00
1.5780602714e+05 1.7766789026e-13 3.2612179559e-14 3.3549803691e+06 1.2761067528e+07 7.7252774831e-18 5.9567707766e-18 -6.6062033140e+03 -3.9590947188e+03 -4.6638755770e+09 -1.0017371040e+07 1.9215299682e+06 1.4024937696e+02 0.0000000000e+00 -0.0000000000e+00
1.5794627652e+05 1.7875918748e-13 3.3480032297e-14 2.4229618979e+06 1.2183029508e+07 7.8343687118e-18 6.4297043094e-18 -6.6828495279e+03 -4.2913722550e+03 -4.6638748222e+09 -1.0017371040e+07 1.9215299682e+06 1.3110973869e+02 0.0000000000e+00 -0.0000000000e+00
1.5805597917e+05 1.7962270470e-13 3.4207890081e-14 1.6869787237e+06 1.1696444830e+07 7.9059955089e-18 6.8475221446e-18 -6.7331736729e+03 -4.5849261505e+03 -4.6638745607e+09 -1.0017371040e+07 1.9215299682e+06 1.1236580416e+02 0.0000000000e+00 -0.0000000000e+00
1.5814898249e+05 1.8036027778e-13 3.4862677110e-14 1.0591628146e+06 1.1257423716e+07 7.9526822004e-18 7.2395703818e-18 -6.7659751931e+03 -4.8603746297e+03 -4.6638744349e+09 -1.0017371040e+07 1.9215299682e+06 9.6006544605e+01 5.2435334616e-292 -3.7130252661e-284
1.5822393213e+05 1.8095734275e-13 3.5418011365e-14 5.5134276282e+05 1.0884195695e+07 7.9775751721e-18 7.5836973380e-18 -6.7834647021e+03 -5.1021541805e+03 -4.6638743902e+09 -1.0017371040e+07 1.9215299682e+06 8.0032677808e+01 1.8851795973e-267 -1.3601309544e-259
1.5825681675e+05 1.8121979699e-13 3.5670006931e-14 3.2819052149e+05 1.0714580548e+07 7.9840592044e-18 7.7432503075e-18 -6.7880203069e+03 -5.2142542198e+03 -4.6638743895e+09 -1.0017371040e+07 1.9215299682e+06 6.9848609748e+01 9.8950041727e-257 -7.1992152792e-249
1.5828709824e+05 1.8146162183e-13 3.5906770256e-14 1.2260005842e+05 1.0555078928e+07 7.9872649223e-18 7.8950300036e-18 -6.7902726066e+03 -5.3208928486e+03 -4.6638743890e+09 -1.0017371040e+07 1.9215299682e+06 5.6355552327e+01 6.7786548191e-247 -4.9705724772e-239
1.5834345380e+05 1.8191174317e-13 3.6359941966e-14 -2.6006572383e+05 1.0249425684e+07 7.9852335726e-18 8.1904190402e-18 -6.7888454042e+03 -5.5284297106e+03 -4.6638743786e+09 -1.0017371040e+07 1.9215299682e+06 6.4021069767e+01 1.0667531504e-228 -7.9386103024e-221
1.5840747487e+05 1.8242251180e-13 3.6895603405e-14 -6.9437549315e+05 9.8875490127e+06 7.9681788617e-18 8.5473876056e-18 -6.7768629649e+03 -5.7792316250e+03 -4.6638743612e+09 -1.0017371040e+07 1.9215299682e+06 7.5592996186e+01 3.1079900789e-208 -2.3529064325e-200
1.5848306786e+05 1.8302334429e-13 3.7558610829e-14 -1.2056007575e+06 9.4388165267e+06 7.9234320334e-18 8.9998480197e-18 -6.7454243698e+03 -6.0971249889e+03 -4.6638743300e+09 -1.0017371040e+07 1.9215299682e+06 8.1834381926e+01 1.9709502366e-184 -1.5232931205e-176
1.5856490224e+05 1.8366853867e-13 3.8316485978e-14 -1.7553497249e+06 8.9248420365e+06 7.8376480456e-18 9.5293232124e-18 -6.6851535492e+03 -6.4691280302e+03 -4.6638742947e+09 -1.0017371040e+07 1.9215299682e+06 8.5849137526e+01 3.1264272166e-159 -2.4721677732e-151
1.5865075138e+05 1.8433570613e-13 3.9160032401e-14 -2.3252681595e+06 8.3515835012e+06 7.6951112580e-18 1.0130295817e-17 -6.5850088791e+03 -6.8913643117e+03 -4.6638742364e+09 -1.0017371040e+07 1.9215299682e+06 8.9536012517e+01 1.2917041818e-133 -1.0465312731e-125
1.5874028739e+05 1.8501541973e-13 4.0096942943e-14 -2.9083464077e+06 7.7135618981e+06 7.4741808386e-18 1.0805893675e-17 -6.4297857657e+03 -7.3660314188e+03 -4.6638740321e+09 -1.0017371040e+07 1.9215299682e+06 9.5179935523e+01 4.6781208133e-108 -3.8879492372e-100
1.5883546733e+05 1.8571172780e-13 4.1161603791e-14 -3.5097351757e+06 6.9870603114e+06 7.1378745594e-18 1.1573296415e-17 -6.1935009305e+03 -7.9051995553e+03 -4.6638731690e+09 -1.0017371040e+07 1.9215299682e+06 1.0609904592e+02 1.4779004605e-82 -1.2615532282e-74
1.5894156638e+05 1.8644262738e-13 4.2436909929e-14 -4.1482958587e+06 6.1150302222e+06 6.6103110579e-18 1.2472087495e-17 -5.8228410209e+03 -8.5366795941e+03 -4.6638690918e+09 -1.0017371040e+07 1.9215299682e+06 9.5845103255e+01 9.4990775458e-57 -8.3434579550e-49
1.5902583823e+05 1.8697721574e-13 4.3518527858e-14 -4.6232069286e+06 5.3741488827e+06 6.0554328195e-18 1.3197098166e-17 -5.4329900986e+03 -9.0460635622e+03 -4.6638662192e+09 -1.0017371040e+07 1.9215299682e+06 8.4312628748e+01 1.0186474776e-38 -9.1366147427e-31
1.5911015086e+05 1.8745967668e-13 4.4661274710e-14 -5.0615419400e+06 4.5903282997e+06 5.3660867454e-18 1.3904739668e-17 -4.9486636569e+03 -9.5432441567e+03 -4.6638615426e+09 -1.0017371040e+07 1.9215299682e+06 7.7258774269e+01 2.4496828263e-23 -2.2384004041e-15
1.5918740963e+05 1.8784589139e-13 4.5759256475e-14 -5.4239424150e+06 3.8363645288e+06 4.6126084255e-18 1.4509219528e-17 -4.4192786538e+03 -9.9679445945e+03 -4.6638574867e+09 -1.0017371040e+07 1.9215299682e+06 7.2677604898e+01 5.8884659135e-12 -5.4574988267e-04
1.5923810799e+05 1.8806585780e-13 4.6504108155e-14 -5.6382369699e+06 3.3245014923e+06 4.0571296328e-18 1.4868553755e-17 -4.0290057805e+03 -1.0220408573e+04 -4.6638591013e+09 -1.0017370967e+07 1.9215301517e+06 6.3620734720e+01 4.6454986746e-06 -4.3379671639e+02
1.5924922183e+05 1.8811023976e-13 4.6669766683e-14 -5.6825170278e+06 3.2106241808e+06 3.9293125503e-18 1.4942336416e-17 -3.9392029136e+03 -1.0272247174e+04 -4.6638820360e+09 -1.0017370215e+07 1.9215320969e+06 3.6319156905e+01 6.0709691232e-05 -5.6772094336e+03
1.5926301611e+05 1.8816333147e-13 4.6876501604e-14 -5.7360753890e+06 3.0684930481e+06 3.7678087029e-18 1.5031143838e-17 -3.8257303354e+03 -1.0334637210e+04 -4.6643832856e+09 -1.0017354277e+07 1.9215747208e+06 2.2193687475e+01 1.1966696018e-03 -1.1209229028e+05
1.5927454021e+05 1.8820596309e-13 4.7050137436e-14 -5.7796090805e+06 2.9491039720e+06 3.6305355892e-18 1.5102874631e-17 -3.7292651333e+03 -1.0384982784e+04 -4.6695329847e+09 -1.0017195094e+07 1.9220136363e+06 1.4055408961e+01 1.2068464067e-02 -1.1319176703e+06
1.5928377034e+05 1.8823896015e-13 4.7189797597e-14 -5.8136697430e+06 2.8530684491e+06 3.5190992804e-18 1.5158644915e-17 -3.6508707352e+03 -1.0423881823e+04 -4.6978523392e+09 -1.0016340346e+07 1.9244319377e+06 9.9998793587e+00 6.8200719534e-02 -6.4027003814e+06
1.5929125926e+05 1.8826497282e-13 4.7303485246e-14 -5.8407697951e+06 2.7748913402e+06 3.4277426236e-18 1.5202760746e-17 -3.5863342446e+03 -1.0453864079e+04 -4.7985229615e+09 -1.0013362131e+07 1.9330424988e+06 7.7767422419e+00 2.5696126962e-01 -2.4139293883e+07
1.5929755818e+05 1.8828632019e-13 4.7399360939e-14 -5.8631861748e+06 2.7089698160e+06 3.3502672212e-18 1.5239061342e-17 -3.5309707728e+03 -1.0476628834e+04 -5.0703767377e+09 -1.0005455724e+07 1.9563292471e+06 6.4276588510e+00 7.4199478119e-01 -6.9727525327e+07
1.5930303506e+05 1.8830448367e-13 4.7482908504e-14 -5.8823896623e+06 2.6515453366e+06 3.2824426774e-18 1.5270015282e-17 -3.4812468604e+03 -1.0492176179e+04 -5.6847026512e+09 -9.9878506441e+06 2.0090337367e+06 5.5419755123e+00 1.7891142181e+00 -1.6811296095e+08
1.5930793732e+05 1.8832042552e-13 4.7557833006e-14 -5.8993417499e+06 2.6000896967e+06 3.2213796219e-18 1.5297233577e-17 -3.4342411498e+03 -1.0498832727e+04 -6.9175241536e+09 -9.9529706712e+06 2.1150007463e+06 4.9369338411e+00 3.8011214890e+00 -3.5689897304e+08
1.5931287426e+05 1.8833617678e-13 4.7633421130e-14 -5.9161706634e+06 2.5482678988e+06 3.1595540425e-18 1.5324172500e-17 -3.3822757792e+03 -1.0491477944e+04 -9.5092060519e+09 -9.8804873818e+06 2.3383956446e+06 4.5149895817e+00 7.8424102577e+00 -7.3481176347e+08
1.5931738925e+05 1.8835031395e-13 4.7702664432e-14 -5.9313210035e+06 2.5009556743e+06 3.1027289146e-18 1.5348390235e-17 -3.3272849001e+03 -1.0461410190e+04 -1.4131651217e+10 -9.7524245732e+06 2.7385998638e+06 4.3047957708e+00 1.4709101061e+01 -1.3725244030e+09
1.5932169404e+05 1.8836355351e-13 4.7768785141e-14 -5.9455117697e+06 2.4560458104e+06 3.0483034193e-18 1.5371105279e-17 -3.2633319009e+03 -1.0395940141e+04 -2.2070268556e+10 -9.5338531378e+06 3.4307495303e+06 4.5356291646e+00 2.5894585051e+01 -2.3982740035e+09
1.5932622967e+05 1.8837724896e-13 4.7838556303e-14 -5.9601246308e+06 2.4091657129e+06 2.9907074264e-18 1.5394641051e-17 -3.1760372055e+03 -1.0262144006e+04 -3.6550807706e+10 -9.1358114965e+06 4.7085723055e+06 4.3378605909e+00 4.5007084243e+01 -4.1096087072e+09
1.5932932997e+05 1.8838645983e-13 4.7886308947e-14 -5.9698563112e+06 2.3775660543e+06 2.9511938741e-18 1.5410494959e-17 -3.0990801559e+03 -1.0113493318e+04 -5.1700139449e+10 -8.7176515091e+06 6.0667826911e+06 3.1827443977e+00 6.3675954920e+01 -5.7251160469e+09
1.5933208712e+05 1.8839454817e-13 4.7928817288e-14 -5.9782887795e+06 2.3499236095e+06 2.9159586677e-18 1.5424436064e-17 -3.0149892115e+03 -9.9287375708e+03 -6.9813783459e+10 -8.2133031341e+06 7.7204628244e+06 2.7771310489e+00 8.4534550103e+01 -7.4559074265e+09
1.5933486426e+05 1.8840259679e-13 4.7971672294e-14 -5.9865237494e+06 2.3226780940e+06 2.8803806582e-18 1.5438329884e-17 -2.9123447225e+03 -9.6815432390e+03 -9.3185620259e+10 -7.5532968501e+06 9.9045885374e+06 2.5315277807e+00 1.0936402469e+02 -9.3982862493e+09
1.5933739578e+05 1.8840984742e-13 4.8010770751e-14 -5.9937592908e+06 2.2985187617e+06 2.8478754175e-18 1.5450867857e-17 -2.8010643325e+03 -9.3949920861e+03 -1.1927970936e+11 -6.8015348330e+06 1.2415150113e+07 2.3830366089e+00 1.3451674977e+02 -1.1209435221e+10
1.5933977882e+05 1.8841659749e-13 4.8047604689e-14 -6.0002932146e+06 2.2765087464e+06 2.8172152896e-18 1.5462562510e-17 -2.6799737546e+03 -9.0678199977e+03 -1.4791567621e+11 -5.9553672046e+06 1.5265953331e+07 2.3134451990e+00 1.5912423845e+02 -1.2789174946e+10
1.5934209227e+05 1.8842308048e-13 4.8083389519e-14 -6.0063426598e+06 2.2559503068e+06 2.7873960205e-18 1.5473818760e-17 -2.5474584260e+03 -8.6965368592e+03 -1.7902276840e+11 -5.0070675864e+06 1.8489082329e+07 2.3086638978e+00 1.8233417052e+02 -1.4044607443e+10
1.5934440093e+05 1.8842948124e-13 4.8119126244e-14 -6.0120581362e+06 2.2363487255e+06 2.7575875406e-18 1.5484960266e-17 -2.4017998913e+03 -8.2765924831e+03 -2.1250386723e+11 -3.9469862837e+06 2.2125146601e+07 2.3739522026e+00 2.0314166964e+02 -1.4880807037e+10
1.5934677488e+05 1.8843599119e-13 4.8155900308e-14 -6.0175704469e+06 2.2172575599e+06 2.7268861230e-18 1.5496325990e-17 -2.2405142080e+03 -7.8006338904e+03 -2.4832755154e+11 -2.7594068415e+06 2.6238670745e+07 2.5187038159e+00 2.2039388803e+02 -1.5204131654e+10
1.5934929359e+05 1.8844281833e-13 4.8194946050e-14 -6.0229884334e+06 2.1982857338e+06 2.6942608932e-18 1.5508289697e-17 -2.0605557570e+03 -7.2590866679e+03 -2.8639727923e+11 -1.4245978802e+06 3.0913269392e+07 2.7250935967e+00 2.3262164520e+02 -1.4920337753e+10
1.5935201868e+05 1.8845011229e-13 4.8237225111e-14 -6.0283324485e+06 2.1793317292e+06 2.6589067215e-18 1.5521131110e-17 -1.8612393602e+03 -6.6491987285e+03 -3.2588940839e+11 5.8456379303e+04 3.6174005798e+07 2.7438785734e+00 2.3792226084e+02 -1.3963817461e+10
1.5935442178e+05 1.8845646441e-13 4.8274537544e-14 -6.0325945606e+06 2.1640047919e+06 2.6276859110e-18 1.5532373602e-17 -1.6864659520e+03 -6.1074300427e+03 -3.5799450627e+11 1.3575796686e+06 4.0846179789e+07 2.4126925855e+00 2.3590928360e+02 -1.2705126126e+10
1.5935655789e+05 1.8846204777e-13 4.8307727013e-14 -6.0360345913e+06 2.1514662028e+06 2.5999021342e-18 1.5542308023e-17 -1.5352414112e+03 -5.6343323459e+03 -3.8375491809e+11 2.4770635507e+06 4.4926838571e+07 2.1457695352e+00 2.2953941278e+02 -1.1393846526e+10
1.5935870366e+05 1.8846759659e-13 4.8341087884e-14 -6.0391713255e+06 2.1398720172e+06 2.5719650266e-18 1.5552236007e-17 -1.3896092420e+03 -5.1755404406e+03 -4.0671949658e+11 3.5480965819e+06 4.8885859686e+07 1.9709769671e+00 2.1969682088e+02 -1.0007232545e+10
1.5936067464e+05 1.8847264057e-13 4.8371749935e-14 -6.0417840784e+06 2.1300703593e+06 2.5462810707e-18 1.5561313536e-17 -1.2628200051e+03 -4.7739538949e+03 -4.2519626876e+11 4.4724205108e+06 5.2353556329e+07 1.8544689144e+00 2.0844190161e+02 -8.7492021367e+09
1.5936252911e+05 1.8847734015e-13 4.8400615800e-14 -6.0440206466e+06 2.1215518408e+06 2.5220970570e-18 1.5569820897e-17 -1.1504230160e+03 -4.4165460673e+03 -4.4036845885e+11 5.2833679886e+06 5.5442328827e+07 1.7752985347e+00 1.9658726264e+02 -7.6262701187e+09
1.5936430441e+05 1.8848179706e-13 4.8428264089e-14 -6.0459724011e+06 2.1139999321e+06 2.4989300493e-18 1.5577936915e-17 -1.0494671253e+03 -4.0945943090e+03 -4.5301218060e+11 6.0031396898e+06 5.8227387632e+07 1.7224120304e+00 1.8459868295e+02 -6.6324557484e+09
1.5936602682e+05 1.8848608188e-13 4.8455102478e-14 -6.0477002202e+06 2.1072022729e+06 2.4764397059e-18 1.5585786820e-17 -9.5785171660e+02 -3.8018352937e+03 -4.6366898764e+11 6.6475583327e+06 6.0762718895e+07 1.6866122633e+00 1.7275045849e+02 -5.7569875677e+09
1.5936771343e+05 1.8849024009e-13 4.8481396125e-14 -6.0492443273e+06 2.1010185313e+06 2.4544047663e-18 1.5593452066e-17 -8.7414500789e+02 -3.5339946729e+03 -4.7271863207e+11 7.2274726976e+06 6.3085141016e+07 1.6626738526e+00 1.6122369394e+02 -4.9889477203e+09
1.5936937611e+05 1.8849430290e-13 4.8507329218e-14 -6.0506330919e+06 2.0953496566e+06 2.4326716183e-18 1.5600989220e-17 -7.9729657442e+02 -3.2879267174e+03 -4.8044388541e+11 7.7508940216e+06 6.5221730523e+07 1.6473770231e+00 1.5013763690e+02 -4.3175572302e+09
1.5937102348e+05 1.8849829268e-13 4.8533036068e-14 -6.0518875075e+06 2.0901222529e+06 2.4111283283e-18 1.5608439514e-17 -7.2649313705e+02 -3.0611841410e+03 -4.8706399384e+11 8.2240667116e+06 6.7193535582e+07 1.6385920728e+00 1.3956825260e+02 -3.7324443867e+09
1.5937266207e+05 1.8850222598e-13 4.8558617994e-14 -6.0530236770e+06 2.0852799237e+06 2.3896905317e-18 1.5615834039e-17 -6.6108009471e+02 -2.8517851636e+03 -4.9275369964e+11 8.6520510501e+06 6.9017586989e+07 1.6348315664e+00 1.2956048061e+02 -3.2238470195e+09
1.5937429691e+05 1.8850611523e-13 4.8584153273e-14 -6.0540543056e+06 2.0807780861e+06 2.3682931207e-18 1.5623196806e-17 -6.0051512859e+02 -2.6580763868e+03 -4.9765502177e+11 9.0390679236e+06 7.0708082039e+07 1.6350098872e+00 1.2013674540e+02 -2.7827354727e+09
1.5937593192e+05 1.8850996991e-13 4.8609703364e-14 -6.0549896511e+06 2.0765806756e+06 2.3468850461e-18 1.5630546675e-17 -5.4433899017e+02 -2.4786468081e+03 -5.0188504033e+11 9.3887160788e+06 7.2277126875e+07 1.6383051615e+00 1.1130307958e+02 -2.4008712407e+09
1.5937757022e+05 1.8851379725e-13 4.8635316994e-14 -6.0558381580e+06 2.0726579526e+06 2.3254259059e-18 1.5637898609e-17 -4.9215615648e+02 -2.3122710914e+03 -5.0554130888e+11 9.7041161800e+06 7.3735226219e+07 1.6440753142e+00 1.0305363685e+02 -2.0708189315e+09
1.5937921430e+05 1.8851760272e-13 4.8661032933e-14 -6.0566068968e+06 2.0689849881e+06 2.3038836203e-18 1.5645264541e-17 -4.4362148561e+02 -2.1578705686e+03 -5.0870577219e+11 9.9880103526e+06 7.5091620006e+07 1.6518053166e+00 9.5374074001e+01 -1.7859265628e+09
1.5938086610e+05 1.8852139040e-13 4.8686881969e-14 -6.0573018767e+06 2.0655405855e+06 2.2822327890e-18 1.5652653978e-17 -3.9843067292e+02 -2.0144854341e+03 -5.1144769695e+11 1.0242833496e+07 7.6354523367e+07 1.6610725690e+00 8.8244109965e+01 -1.5402855108e+09
1.5938252717e+05 1.8852516327e-13 4.8712888327e-14 -6.0579282760e+06 2.0623064923e+06 2.2604534967e-18 1.5660074448e-17 -3.5631322001e+02 -1.8812543184e+03 -5.1382592218e+11 1.0470765912e+07 7.7531302895e+07 1.6715234901e+00 8.1639473846e+01 -1.3286785055e+09
1.5938419870e+05 1.8852892335e-13 4.8739070744e-14 -6.0584906136e+06 2.0592668133e+06 2.2385304208e-18 1.5667531826e-17 -3.1702711944e+02 -1.7573988866e+03 -5.1589062454e+11 1.0673773158e+07 7.8628609531e+07 1.6828580427e+00 7.5533390728e+01 -1.1465215996e+09
1.5938588156e+05 1.8853267190e-13 4.8765443287e-14 -6.0589928800e+06 2.0564075634e+06 2.2164521395e-18 1.5675030596e-17 -2.8035472718e+02 -1.6422119040e+03 -5.1768472833e+11 1.0853636996e+07 7.9652481538e+07 1.6948182431e+00 6.9897710578e+01 -9.8980413165e+08
1.5938757637e+05 1.8853640954e-13 4.8792016008e-14 -6.0594386389e+06 2.0537163236e+06 2.1942105879e-18 1.5682574047e-17 -2.4609950661e+02 -1.5350478437e+03 -5.1924504679e+11 1.1011979825e+07 8.0608425535e+07 1.7071808042e+00 6.4703763618e+01 -8.5502954212e+08
1.5938928355e+05 1.8854013632e-13 4.8818795477e-14 -6.0598311066e+06 2.0511819715e+06 2.1718006092e-18 1.5690164436e-17 -2.1408339507e+02 -1.4353153005e+03 -5.2060321779e+11 1.1150284380e+07 8.1501481957e+07 1.7197512763e+00 5.9922999596e+01 -7.3915872251e+08
1.5939100331e+05 1.8854385187e-13 4.8845785227e-14 -6.0601732149e+06 2.0487944689e+06 2.1492195817e-18 1.5697803131e-17 -1.8414465187e+02 -1.3424708019e+03 -5.2178647756e+11 1.1269909801e+07 8.2336278480e+07 1.7323602096e+00 5.5527460195e+01 -6.3955704743e+08
1.5939273567e+05 1.8854755538e-13 4.8872986137e-14 -6.0604676613e+06 2.0465446919e+06 2.1264670945e-18 1.5705490721e-17 -1.5613606599e+02 -1.2560136568e+03 -5.2281830606e+11 1.1372104928e+07 8.3117074502e+07 1.7448603015e+00 5.1490119206e+01 -5.5394562361e+08
1.5939448053e+05 1.8855124577e-13 4.8900396774e-14 -6.0607169492e+06 2.0444242950e+06 2.1035446605e-18 1.5713227124e-17 -1.2992344609e+02 -1.1754816148e+03 -5.2371896861e+11 1.1458019421e+07 8.3847798658e+07 1.7571243207e+00 4.7785119353e+01 -4.8035700378e+08
1.5939623765e+05 1.8855492168e-13 4.8928013708e-14 -6.0609234203e+06 2.0424256012e+06 2.0804554556e-18 1.5721011677e-17 -1.0538433448e+02 -1.1004471648e+03 -5.2450597303e+11 1.1528713138e+07 8.4532080832e+07 1.7690434559e+00 4.4387928206e+01 -4.1709536521e+08
1.5939800669e+05 1.8855858153e-13 4.8955831789e-14 -6.0610892809e+06 2.0405415121e+06 2.0572040793e-18 1.5728843220e-17 -8.2406903110e+01 -1.0305143503e+03 -5.2519445714e+11 1.1585164085e+07 8.5173279734e+07 1.7805262573e+00 4.1275431155e+01 -3.6270100182e+08
1.5939978722e+05 1.8856222359e-13 4.8983844420e-14 -6.0612166223e+06 2.0387654356e+06 2.0337963284e-18 1.5736720178e-17 -6.0888995770e+01 -9.6531599281e+02 -5.2579751851e+11 1.1628275209e+07 8.5774506966e+07 1.7914977094e+00 3.8425975147e+01 -3.1591887128e+08
1.5940157872e+05 1.8856584604e-13 4.9012043814e-14 -6.0613074386e+06 2.0370912259e+06 2.0102389829e-18 1.5744640632e-17 -4.0737293589e+01 -9.0451126056e+02 -5.2632649591e+11 1.1658880210e+07 8.6338648138e+07 1.7958533344e+00 3.5819374725e+01 -2.7567089877e+08
1.5940307629e+05 1.8856884177e-13 4.9035627508e-14 -6.0613565150e+06 2.0357725472e+06 1.9905426000e-18 1.5751258024e-17 -2.4960009769e+01 -8.5706949447e+02 -5.2671702796e+11 1.1675360324e+07 8.6781422218e+07 1.5500585113e+00 3.3823400960e+01 -2.4651101292e+08
1.5940432302e+05 1.8857131320e-13 4.9055268418e-14 -6.0613798147e+06 2.0347274774e+06 1.9741426948e-18 1.5756764675e-17 -1.2519335037e+01 -8.1975391046e+02 -5.2701067530e+11 1.1683165826e+07 8.7131490399e+07 1.3197484679e+00 3.2278954873e+01 -2.2494302342e+08
1.5940508717e+05 1.8857281790e-13 4.9067310243e-14 -6.0613865671e+06 2.0341094918e+06 1.9640895558e-18 1.5760138868e-17 -5.1903754095e+00 -7.9780525000e+02 -5.2717788157e+11 1.1685424637e+07 8.7338204692e+07 1.1141015380e+00 3.1381782225e+01 -2.1281518384e+08
1.5940620127e+05 1.8857499793e-13 4.9084871378e-14 -6.0613865708e+06 2.0332379453e+06 1.9494308508e-18 1.5765057045e-17 5.1088429513e+00 -7.6699845001e+02 -5.2740573972e+11 1.1685426206e+07 8.7629433850e+07 1.0882278666e+00 3.0137499986e+01 -1.9648539265e+08
1.5940728949e+05 1.8857711156e-13 4.9102029966e-14 -6.0613757312e+06 2.0324190545e+06 1.9351107489e-18 1.5769859626e-17 1.4744254415e+01 -7.3820888121e+02 -5.2761153168e+11 1.1681807555e+07 8.7902826194e+07 1.2951236454e+00 2.8991475740e+01 -1.8195128266e+08
1.5940858462e+05 1.8857960674e-13 4.9122457584e-14 -6.0613494879e+06 2.0314843254e+06 1.9180657656e-18 1.5775573607e-17 2.5689651920e+01 -7.0552910471e+02 -5.2783686109e+11 1.1673050793e+07 8.8214728193e+07 1.4158083654e+00 2.7711683209e+01 -1.6629702285e+08
1.5941000043e+05 1.8858230916e-13 4.9144797194e-14 -6.0613050092e+06 2.0305096318e+06 1.8994296255e-18 1.5781818091e-17 3.7037163454e+01 -6.7165500934e+02 -5.2806127182e+11 1.1658209613e+07 8.8539950063e+07 1.4980962267e+00 2.6410686061e+01 -1.5100946144e+08
1.5941149852e+05 1.8858513991e-13 4.9168444824e-14 -6.0612409461e+06 2.0295290465e+06 1.8797071647e-18 1.5788423450e-17 4.8377509578e+01 -6.3777908549e+02 -5.2827653499e+11 1.1636820019e+07 8.8867342619e+07 1.5592240832e+00 2.5137984379e+01 -1.3666756872e+08
1.5941305775e+05 1.8858805479e-13 4.9193067873e-14 -6.0611567619e+06 2.0285607903e+06 1.8591765474e-18 1.5795296257e-17 5.9490479618e+01 -6.0452057998e+02 -5.2847914558e+11 1.1608671418e+07 8.9191084315e+07 1.6074445374e+00 2.3918729272e+01 -1.2349828954e+08
1.5941466519e+05 1.8859102630e-13 4.9218463629e-14 -6.0610523953e+06 2.0276152802e+06 1.8380074254e-18 1.5802379576e-17 7.0248361190e+01 -5.7221664009e+02 -5.2866786044e+11 1.1573691415e+07 8.9507969389e+07 1.6472817386e+00 2.2766054198e+01 -1.1156178484e+08
1.5941631247e+05 1.8859403615e-13 4.9244500577e-14 -6.0609280771e+06 2.0266986082e+06 1.8163099672e-18 1.5809636485e-17 8.0574028717e+01 -5.4104895627e+02 -5.2884260360e+11 1.1531882368e+07 8.9816232957e+07 1.6814680029e+00 2.1686493468e+01 -1.0083424058e+08
1.5941799394e+05 1.8859707159e-13 4.9271090202e-14 -6.0607842208e+06 2.0258142797e+06 1.7941584172e-18 1.5817042141e-17 9.0419932685e+01 -5.1110735516e+02 -5.2900391497e+11 1.1483283495e+07 9.0114963146e+07 1.7117917052e+00 2.0682716788e+01 -9.1249509757e+07
1.5941970573e+05 1.8860012351e-13 4.9298172135e-14 -6.0606213529e+06 2.0249641687e+06 1.7716035047e-18 1.5824579612e-17 9.9756523208e+01 -4.8242487673e+02 -5.2915265138e+11 1.1427946577e+07 9.0403777992e+07 1.7395164467e+00 1.9755035540e+01 -8.2721484672e+07
1.5942144525e+05 1.8860318531e-13 4.9325705912e-14 -6.0604400661e+06 2.0241490788e+06 1.7486793404e-18 1.5832237550e-17 1.0856543387e+02 -4.5499844123e+02 -5.2928981749e+11 1.1365919209e+07 9.0682635899e+07 1.7656087714e+00 1.8902281901e+01 -7.5156540186e+07
1.5942321086e+05 1.8860625225e-13 4.9353666310e-14 -6.0602409839e+06 2.0233690902e+06 1.7254073182e-18 1.5840008874e-17 1.1683526539e+02 -4.2880163628e+02 -5.2941646796e+11 1.1297232260e+07 9.0951719085e+07 1.7908734297e+00 1.8122342006e+01 -6.8460527366e+07
1.5942500173e+05 1.8860932109e-13 4.9382040818e-14 -6.0600247326e+06 2.0226237805e+06 1.7017982374e-18 1.5847890052e-17 1.2455887828e+02 -4.0379292027e+02 -5.2953365105e+11 1.1221889539e+07 9.1211359569e+07 1.8160423525e+00 1.7412486825e+01 -6.2542644066e+07
1.5942681777e+05 1.8861238989e-13 4.9410828514e-14 -6.0597919166e+06 2.0219123699e+06 1.6778532547e-18 1.5855880780e-17 1.3173160418e+02 -3.7992101592e+02 -5.2964237686e+11 1.1139858273e+07 9.1461991383e+07 1.8418409031e+00 1.6769579353e+01 -5.7317463680e+07
1.5942865961e+05 1.8861545786e-13 4.9440039986e-14 -6.0595430931e+06 2.0212338171e+06 1.6535639623e-18 1.5863983945e-17 1.3835003411e+02 -3.5712849901e+02 -5.2974360103e+11 1.1051059273e+07 9.1704119879e+07 1.8690458473e+00 1.6190203726e+01 -5.2705860207e+07
1.5943052866e+05 1.8861852541e-13 4.9469698183e-14 -6.0592787450e+06 2.0205868810e+06 1.6289117024e-18 1.5872205853e-17 1.4441117390e+02 -3.3535416406e+02 -5.2983821814e+11 1.0955355665e+07 9.1938302957e+07 1.8985462031e+00 1.5670743848e+01 -4.8635267364e+07
1.5943242721e+05 1.8862159420e-13 4.9499840227e-14 -6.0589992489e+06 2.0199701589e+06 1.6038660786e-18 1.5880556717e-17 1.4991182699e+02 -3.1453449765e+02 -5.2992706163e+11 1.0852538751e+07 9.2165141482e+07 1.9051897315e+00 1.5207428745e+01 -4.5039536003e+07
1.5943433240e+05 1.8862462592e-13 4.9530103683e-14 -6.0587088945e+06 2.0193898343e+06 1.5787285690e-18 1.5888936130e-17 1.5478543687e+02 -2.9486701603e+02 -5.3000981001e+11 1.0743843227e+07 9.2382356929e+07 1.9118416675e+00 1.4801558218e+01 -4.1898849705e+07
1.5943624424e+05 1.8862762009e-13 4.9560488850e-14 -6.0584087996e+06 2.0188440379e+06 1.5534990925e-18 1.5897344265e-17 1.5904329020e+02 -2.7628313025e+02 -5.3008722654e+11 1.0629364547e+07 9.2590533343e+07 1.9192404402e+00 1.4447801133e+01 -3.9149437338e+07
1.5943816348e+05 1.8863057732e-13 4.9591007776e-14 -6.0580999521e+06 2.0183308113e+06 1.5281678224e-18 1.5905784536e-17 1.6269832315e+02 -2.5871561952e+02 -5.3015999561e+11 1.0509153982e+07 9.2790262480e+07 1.9273502134e+00 1.4140830420e+01 -3.6734808260e+07
1.5944009083e+05 1.8863349811e-13 4.9621671961e-14 -6.0577833257e+06 2.0178483430e+06 1.5027254008e-18 1.5914260189e-17 1.6576357099e+02 -2.4210639221e+02 -5.3022870115e+11 1.0383266447e+07 9.2982057515e+07 1.9360324190e+00 1.3875490659e+01 -3.4605996847e+07
1.5944202686e+05 1.8863638270e-13 4.9652490726e-14 -6.0574598988e+06 2.0173949699e+06 1.4771642959e-18 1.5922773856e-17 1.6825284317e+02 -2.2640632145e+02 -5.3029383682e+11 1.0251774342e+07 9.3166351733e+07 1.9449965744e+00 1.3646794688e+01 -3.2720588134e+07
1.5944397186e+05 1.8863923080e-13 4.9683468784e-14 -6.0571306811e+06 2.0169691828e+06 1.4514808099e-18 1.5931326881e-17 1.7018147118e+02 -2.1157514829e+02 -5.3035581369e+11 1.0114785901e+07 9.3343495375e+07 1.9537622820e+00 1.3449933967e+01 -3.1041932884e+07
1.5944592562e+05 1.8864204144e-13 4.9714603203e-14 -6.0567967455e+06 2.0165696297e+06 1.4256775908e-18 1.5939918493e-17 1.7156717069e+02 -1.9758124945e+02 -5.3041496631e+11 9.9724675230e+06 9.3513752622e+07 1.9616319150e+00 1.3280300843e+01 -2.9538508327e+07
1.5944788725e+05 1.8864481268e-13 4.9745879917e-14 -6.0564592627e+06 2.0161951146e+06 1.3997665069e-18 1.5948544844e-17 1.7243100662e+02 -1.8440113225e+02 -5.3047155780e+11 9.8250691357e+06 9.3677300183e+07 1.9676937179e+00 1.3133523105e+01 -2.8183397925e+07
1.5944985495e+05 1.8864754142e-13 4.9777270281e-14 -6.0561195306e+06 2.0158445871e+06 1.3737714826e-18 1.5957198068e-17 1.7279840064e+02 -1.7201845522e+02 -5.3052578499e+11 9.6729496996e+06 9.3834229994e+07 1.9708786197e+00 1.3005510258e+01 -2.6953857148e+07
1.5945182582e+05 1.8865022329e-13 4.9808728523e-14 -6.0557789892e+06 2.0155171167e+06 1.3477305852e-18 1.5965865593e-17 1.7270003867e+02 -1.6042236009e+02 -5.3057778492e+11 9.5165973834e+06 9.3984559259e+07 1.9700909787e+00 1.2892509229e+01 -2.5830926562e+07
1.5945379592e+05 1.8865285280e-13 4.9840191266e-14 -6.0554392068e+06 2.0152118501e+06 1.3216963851e-18 1.5974530015e-17 1.7217244016e+02 -1.4960497635e+02 -5.3062764418e+11 9.3566365533e+06 9.4128250953e+07 1.9644090766e+00 1.2791164199e+01 -2.4799049542e+07
1.5945576032e+05 1.8865542365e-13 4.9871580264e-14 -6.0551018277e+06 2.0149279511e+06 1.2957336657e-18 1.5983169869e-17 1.7125789163e+02 -1.3955819618e+02 -5.3067541194e+11 9.1938135307e+06 9.4265245792e+07 1.9533099234e+00 1.2698571625e+01 -2.3845658437e+07
1.5945771363e+05 1.8865792941e-13 4.9902808739e-14 -6.0547684804e+06 2.0146645334e+06 1.2699141582e-18 1.5991761375e-17 1.7000350382e+02 -1.3027017778e+02 -5.3072111620e+11 9.0289571350e+06 9.4395502420e+07 1.9368346149e+00 1.2612318858e+01 -2.2960713961e+07
1.5945965047e+05 1.8866036423e-13 4.9933790386e-14 -6.0544406619e+06 2.0144206035e+06 1.2443090851e-18 1.6000280920e-17 1.6845937090e+02 -1.2172235581e+02 -5.3076478095e+11 8.8629185087e+06 9.4519037630e+07 1.9156143266e+00 1.2530495478e+01 -2.2136214975e+07
1.5946156608e+05 1.8866272358e-13 4.9964448825e-14 -6.0541196291e+06 2.0141950306e+06 1.2189813548e-18 1.6008707655e-17 1.6667612617e+02 -1.1388775848e+02 -5.3080644074e+11 8.6965037236e+06 9.4635956170e+07 1.8907371393e+00 1.2451671844e+01 -2.1365723623e+07
1.5946345682e+05 1.8866500472e-13 4.9994724946e-14 -6.0538063236e+06 2.0139865525e+06 1.1939795110e-18 1.6017025506e-17 1.6470242409e+02 -1.0673104005e+02 -5.3084614965e+11 8.5304162446e+06 9.4746462479e+07 1.8635148041e+00 1.2374847727e+01 -2.0643956153e+07
1.5946532034e+05 1.8866720676e-13 5.0024580549e-14 -6.0535013487e+06 2.0137938136e+06 1.1693347630e-18 1.6025224156e-17 1.6258287939e+02 -1.0021003228e+02 -5.3088398373e+11 8.3652216796e+06 9.4850853387e+07 1.8352454842e+00 1.2299381078e+01 -1.9966469623e+07
1.5946715558e+05 1.8866933050e-13 5.0053998179e-14 -6.0532049931e+06 2.0136154192e+06 1.1450611542e-18 1.6033298996e-17 1.6035677337e+02 -9.4278169594e+01 -5.3092003814e+11 8.2013377864e+06 9.4949497165e+07 1.8070462425e+00 1.2224909802e+01 -1.9329444905e+07
1.5946896263e+05 1.8867137808e-13 5.0082978276e-14 -6.0529172842e+06 2.0134499904e+06 1.1211579473e-18 1.6041250324e-17 1.5805755204e+02 -8.8887056249e+01 -5.3095442135e+11 8.0390444536e+06 9.5042806957e+07 1.7797761426e+00 1.2151277430e+01 -1.8729545084e+07
1.5947074240e+05 1.8867335254e-13 5.0111535080e-14 -6.0526380535e+06 2.0132962091e+06 1.0976130301e-18 1.6049082214e-17 1.5571294401e+02 -8.3988656085e+01 -5.3098724870e+11 7.8785050398e+06 9.5131215405e+07 1.7540326406e+00 1.2078469320e+01 -1.8163823098e+07
1.5947249644e+05 1.8867525744e-13 5.0139692464e-14 -6.0523669974e+06 2.0131528474e+06 1.0744063714e-18 1.6056801368e-17 1.5334546047e+02 -7.9536877162e+01 -5.3101863684e+11 7.7197912641e+06 9.5215154317e+07 1.7301884941e+00 1.2006561799e+01 -1.7629657411e+07
1.5947422662e+05 1.8867709656e-13 5.0167480344e-14 -6.0521037291e+06 2.0130187833e+06 1.0515129916e-18 1.6064416130e-17 1.5097307110e+02 -7.5488553174e+01 -5.3104869954e+11 7.5629066901e+06 9.5295040425e+07 1.7084429315e+00 1.1935683820e+01 -1.7124703039e+07
1.5947593507e+05 1.8867887370e-13 5.0194931906e-14 -6.0518478170e+06 2.0128930057e+06 1.0289052578e-18 1.6071935717e-17 1.4860991439e+02 -7.1803935834e+01 -5.3107754504e+11 7.4078064717e+06 9.5371266649e+07 1.6888707994e+00 1.1865989358e+01 -1.6646851541e+07
1.5947593507e+05 1.8867887370e-13 5.0194931906e-14 -6.0518478170e+06 2.0128930057e+06 1.0289052578e-18 1.6071935717e-17 1.4860991439e+02 -7.1803935834e+01 -5.3107754504e+11 7.4078064717e+06 9.5371266649e+07 1.6888707994e+00 1.1865989358e+01 -1.6646851541e+07
