0.0000000000e+00 0.0000000000e+00 0.0000000000e+00 3.1415900000e+08 0.0000000000e+00 0.0000000000e+00 0.0000000000e+00 -1.1783600910e+03 2.2686448600e+02 -4.6638893084e+09 -1.0016060773e+07 1.9283481310e+06 1.0000000000e+01 0.0000000000e+00 -0.0000000000e+00
1.0000000000e+01 2.8740014354e-22 6.9182509397e-28 3.1414721620e+08 2.2686448595e+03 5.7480747403e-23 2.0755142078e-28 -1.1784004763e+03 2.2686448585e+02 -4.6638893084e+09 -1.0016060774e+07 1.9283481310e+06 5.0000000000e+01 0.0000000000e+00 -0.0000000000e+00
6.0000000000e+01 1.0347699053e-20 1.4947627148e-25 3.1408829112e+08 1.3611869055e+04 3.4494918416e-22 7.4746548277e-27 -1.1786024482e+03 2.2686448075e+02 -4.6638893084e+09 -1.0016060774e+07 1.9283481310e+06 2.5000000000e+02 0.0000000000e+00 -0.0000000000e+00
3.1000000000e+02 2.7639896297e-19 2.0645006574e-23 3.1379351418e+08 7.0327976155e+04 1.7839112842e-21 1.9990672690e-25 -1.1796134461e+03 2.2686434555e+02 -4.6638893084e+09 -1.0016060774e+07 1.9283481310e+06 1.2500000000e+03 0.0000000000e+00 -0.0000000000e+00
1.5600000000e+03 7.0214326638e-18 2.6495533448e-21 3.1231582508e+08 3.5390673661e+05 9.0195250023e-21 5.1103232402e-24 -1.1846971032e+03 2.2686089555e+02 -4.6638893084e+09 -1.0016060774e+07 1.9283481310e+06 3.6000000000e+03 0.0000000000e+00 -0.0000000000e+00
5.1600000000e+03 7.7526264493e-17 9.7880990320e-20 3.0802419289e+08 1.1705519777e+06 3.0247664385e-20 5.7473304300e-23 -1.1996117441e+03 2.2682410593e+02 -4.6638893083e+09 -1.0016060774e+07 1.9283481310e+06 3.6000000000e+03 0.0000000000e+00 -0.0000000000e+00
8.7600000000e+03 2.2552823460e-16 4.8908511438e-19 3.0367811212e+08 1.9869892719e+06 5.2078904716e-20 1.7037632118e-22 -1.2149501168e+03 2.2674478160e+02 -4.6638893082e+09 -1.0016060774e+07 1.9283481310e+06 3.6000000000e+03 0.0000000000e+00 -0.0000000000e+00
1.2360000000e+04 4.5325853234e-16 1.4035536836e-18 2.9927601516e+08 2.8030589267e+06 7.4547034807e-20 3.4910106547e-22 -1.2307359606e+03 2.2661921170e+02 -4.6638893081e+09 -1.0016060774e+07 1.9283481310e+06 3.6000000000e+03 0.0000000000e+00 -0.0000000000e+00
1.5960000000e+04 7.6307491880e-16 3.0885894688e-18 2.9481624549e+08 3.6185871899e+06 9.7688631539e-20 5.9949464657e-22 -1.2469949742e+03 2.2644328811e+02 -4.6638893080e+09 -1.0016060774e+07 1.9283481310e+06 3.6000000000e+03 0.0000000000e+00 -0.0000000000e+00
1.9560000000e+04 1.1574723060e-15 5.8136731016e-18 2.9029705020e+08 4.4333847278e+06 1.2154336765e-19 9.2804439324e-22 -1.2637550312e+03 2.2621245293e+02 -4.6638893078e+09 -1.0016060774e+07 1.9283481310e+06 3.6000000000e+03 0.0000000000e+00 -0.0000000000e+00
2.3160000000e+04 1.6390945194e-15 9.8729201955e-18 2.8571657177e+08 5.2472448982e+06 1.4615436251e-19 1.3419646606e-21 -1.2810464266e+03 2.2592163742e+02 -4.6638893076e+09 -1.0016060774e+07 1.9283481310e+06 3.6000000000e+03 0.0000000000e+00 -0.0000000000e+00
2.6760000000e+04 2.2107474112e-15 1.5587875951e-17 2.8107283884e+08 6.0599417871e+06 1.7156858314e-19 1.8492979345e-21 -1.2989021591e+03 2.2556519103e+02 -4.6638893074e+09 -1.0016060774e+07 1.9283481310e+06 3.6000000000e+03 0.0000000000e+00 -0.0000000000e+00
3.0360000000e+04 2.8754135214e-15 2.3310703586e-17 2.7636375593e+08 6.8712279689e+06 1.9783730441e-19 2.4590330367e-21 -1.3173582536e+03 2.2513679832e+02 -4.6638893071e+09 -1.0016060774e+07 1.9283481310e+06 3.6000000000e+03 0.0000000000e+00 -0.0000000000e+00
3.3960000000e+04 3.6362685165e-15 3.3427834152e-17 2.7158709183e+08 7.6808319416e+06 2.2501663888e-19 3.1812438796e-21 -1.3364541342e+03 2.2462938148e+02 -4.6638893068e+09 -1.0016060774e+07 1.9283481310e+06 3.6000000000e+03 0.0000000000e+00 -0.0000000000e+00
3.7560000000e+04 4.4966996813e-15 4.6364159101e-17 2.6674046669e+08 8.4884551814e+06 2.5316814943e-19 4.0272530318e-21 -1.3562330543e+03 2.2403498540e+02 -4.6638893065e+09 -1.0016060774e+07 1.9283481310e+06 3.6000000000e+03 0.0000000000e+00 -0.0000000000e+00
4.1160000000e+04 5.4603267876e-15 6.2587864122e-17 2.6182133729e+08 9.2937687468e+06 2.8235956021e-19 5.0098253959e-21 -1.3767425961e+03 2.2334464162e+02 -4.6638893061e+09 -1.0016060774e+07 1.9283481310e+06 3.6000000000e+03 0.0000000000e+00 -0.0000000000e+00
4.4760000000e+04 6.5310257277e-15 8.2616024135e-17 2.5682698049e+08 1.0096409347e+07 3.1266558555e-19 6.1433986294e-21 -1.3980352530e+03 2.2254820640e+02 -4.6638893056e+09 -1.0016060774e+07 1.9283481310e+06 3.6000000000e+03 0.0000000000e+00 -0.0000000000e+00
4.8360000000e+04 7.7129553800e-15 1.0702110615e-16 2.5175447429e+08 1.0895974773e+07 3.4416890055e-19 7.4443586559e-21 -1.4201691115e+03 2.2163416719e+02 -4.6638893050e+09 -1.0016060774e+07 1.9283481310e+06 3.6000000000e+03 0.0000000000e+00 -0.0000000000e+00
5.1960000000e+04 9.0105882669e-15 1.3643856061e-16 2.4660067636e+08 1.1692018565e+07 3.7696128329e-19 8.9313708487e-21 -1.4432086538e+03 2.2058940992e+02 -4.6638893042e+09 -1.0016060774e+07 1.9283481310e+06 3.6000000000e+03 0.0000000000e+00 -0.0000000000e+00
5.5560000000e+04 1.0428745688e-14 1.7157572496e-16 2.4136219931e+08 1.2484043756e+07 4.1114496578e-19 1.0625780397e-20 -1.4672257070e+03 2.1939893770e+02 -4.6638893034e+09 -1.0016060774e+07 1.9283481310e+06 3.6000000000e+03 0.0000000000e+00 -0.0000000000e+00
5.9160000000e+04 1.1972638162e-14 2.1322231840e-16 2.3603538230e+08 1.3271495499e+07 4.4683424070e-19 1.2552099234e-20 -1.4923005716e+03 2.1804552875e+02 -4.6638893023e+09 -1.0016060774e+07 1.9283481310e+06 3.6000000000e+03 0.0000000000e+00 -0.0000000000e+00
6.2760000000e+04 1.3647912199e-14 2.6226287835e-16 2.3061625814e+08 1.4053752328e+07 4.8415738350e-19 1.4738602074e-20 -1.5185233727e+03 2.1650931758e+02 -4.6638893010e+09 -1.0016060774e+07 1.9283481310e+06 3.6000000000e+03 0.0000000000e+00 -0.0000000000e+00
6.6360000000e+04 1.5460704673e-14 3.1969158196e-16 2.2510051515e+08 1.4830115747e+07 5.2325896616e-19 1.7218061054e-20 -1.5459956846e+03 2.1476727887e+02 -4.6638892994e+09 -1.0016060774e+07 1.9283481310e+06 3.6000000000e+03 0.0000000000e+00 -0.0000000000e+00
6.9960000000e+04 1.7417706373e-14 3.8663001859e-16 2.1948345245e+08 1.5599797738e+07 5.6430266130e-19 2.0028657936e-20 -1.5748325020e+03 2.1279258657e+02 -4.6638892974e+09 -1.0016060774e+07 1.9283481310e+06 3.6000000000e+03 0.0000000000e+00 -0.0000000000e+00
7.3560000000e+04 1.9526236717e-14 4.6434864135e-16 2.1375992751e+08 1.6361905698e+07 6.0747466494e-19 2.3215125846e-20 -1.6051646438e+03 2.1055381170e+02 -4.6638892948e+09 -1.0016060774e+07 1.9283481310e+06 3.6000000000e+03 0.0000000000e+00 -0.0000000000e+00
7.7160000000e+04 2.1794332147e-14 5.5429284389e-16 2.0792429402e+08 1.7115424109e+07 6.5298790729e-19 2.6830190629e-20 -1.6371417124e+03 2.0801390971e+02 -4.6638892916e+09 -1.0016060774e+07 1.9283481310e+06 3.6000000000e+03 0.0000000000e+00 -0.0000000000e+00
8.0760000000e+04 2.4230851436e-14 6.5811490400e-16 2.0197032790e+08 1.7859192100e+07 7.0108727637e-19 3.0936407433e-20 -1.6709357633e+03 2.0512893009e+02 -4.6638892875e+09 -1.0016060774e+07 1.9283481310e+06 3.6000000000e+03 0.0000000000e+00 -0.0000000000e+00
8.4360000000e+04 2.6845602052e-14 7.7771344170e-16 1.9589113855e+08 1.8591875724e+07 7.5205615783e-19 3.5608524628e-20 -1.7067458998e+03 2.0184635552e+02 -4.6638892820e+09 -1.0016060774e+07 1.9283481310e+06 3.6000000000e+03 0.0000000000e+00 -0.0000000000e+00
8.7960000000e+04 2.9649493041e-14 9.1528260404e-16 1.8967906140e+08 1.9311933399e+07 8.0622470379e-19 4.0936560079e-20 -1.7448040829e+03 1.9810294050e+02 -4.6638892749e+09 -1.0016060774e+07 1.9283481310e+06 3.6000000000e+03 0.0000000000e+00 -0.0000000000e+00
9.1560000000e+04 3.2654721620e-14 1.0733739865e-15 1.8332552683e+08 2.0017572403e+07 8.6398040220e-19 4.7029852858e-20 -1.7853825571e+03 1.9382186467e+02 -4.6638892654e+09 -1.0016060774e+07 1.9283481310e+06 3.6000000000e+03 0.0000000000e+00 -0.0000000000e+00
9.5160000000e+04 3.5875003108e-14 1.2549754441e-15 1.7682089862e+08 2.0706693505e+07 9.2578174799e-19 5.4022470560e-20 -1.8288034556e+03 1.8890893374e+02 -4.6638892525e+09 -1.0016060774e+07 1.9283481310e+06 3.6000000000e+03 0.0000000000e+00 -0.0000000000e+00
9.8760000000e+04 3.9325857316e-14 1.4636126122e-15 1.7015427272e+08 2.1376819635e+07 9.9217615970e-19 6.2080531661e-20 -1.8754513881e+03 1.8324743481e+02 -4.6638892346e+09 -1.0016060774e+07 1.9283481310e+06 3.6000000000e+03 0.0000000000e+00 -0.0000000000e+00
1.0236000000e+05 4.3024969469e-14 1.7034814403e-15 1.6331322371e+08 2.2025002768e+07 1.0638238031e-18 7.1412282576e-20 -1.9257901795e+03 1.7669105641e+02 -4.6638892094e+09 -1.0016060774e+07 1.9283481310e+06 3.6000000000e+03 0.0000000000e+00 -0.0000000000e+00
1.0596000000e+05 4.6992651055e-14 1.9796238021e-15 1.5628348098e+08 2.2647700543e+07 1.1415297856e-18 8.2282217885e-20 -1.9803854886e+03 1.6905396774e+02 -4.6638891732e+09 -1.0016060774e+07 1.9283481310e+06 3.6000000000e+03 0.0000000000e+00 -0.0000000000e+00
1.0956000000e+05 5.1252437001e-14 2.2981641068e-15 1.4904850916e+08 2.3240610022e+07 1.2262884569e-18 9.5031270289e-20 -2.0399359339e+03 1.6009663351e+02 -4.6638891197e+09 -1.0016060773e+07 1.9283481310e+06 3.6000000000e+03 0.0000000000e+00 -0.0000000000e+00
1.1316000000e+05 5.5831872411e-14 2.6666341734e-15 1.4158895539e+08 2.3798439438e+07 1.3193456293e-18 1.1010634756e-19 -2.1053168084e+03 1.4950506157e+02 -4.6638890386e+09 -1.0016060774e+07 1.9283481310e+06 3.3316755948e+03 0.0000000000e+00 -0.0000000000e+00
1.1615583030e+05 5.9909734011e-14 3.0180208715e-15 1.3519373094e+08 2.4231206779e+07 1.4042406761e-18 1.2484853930e-19 -2.1649630696e+03 1.3914737109e+02 -4.6638889898e+09 -1.0016060774e+07 1.9283481310e+06 3.0152103223e+03 0.0000000000e+00 -0.0000000000e+00
1.1917104062e+05 6.4282598766e-14 3.4199064864e-15 1.2856840410e+08 2.4632890814e+07 1.4977591760e-18 1.4218748635e-19 -2.2306680673e+03 1.2696523089e+02 -4.6638889145e+09 -1.0016060774e+07 1.9283481310e+06 2.7229765137e+03 0.0000000000e+00 -0.0000000000e+00
1.2161815141e+05 6.8047790037e-14 3.7873804162e-15 1.2303944732e+08 2.4929870484e+07 1.5806227078e-18 1.5851984851e-19 -2.2888870100e+03 1.1549030537e+02 -4.6638888753e+09 -1.0016060774e+07 1.9283481310e+06 2.4637032862e+03 0.0000000000e+00 -0.0000000000e+00
1.2408185469e+05 7.2052191584e-14 4.2007006308e-15 1.1732287228e+08 2.5198403344e+07 1.6714241866e-18 1.7746922680e-19 -2.3526830607e+03 1.0217669512e+02 -4.6638888162e+09 -1.0016060774e+07 1.9283481310e+06 2.2237510663e+03 0.0000000000e+00 -0.0000000000e+00
1.2607708667e+05 7.5465685906e-14 4.5719576019e-15 1.1257348960e+08 2.5390209840e+07 1.7512365448e-18 1.9504029780e-19 -2.4087582846e+03 8.9831467357e+01 -4.6638887867e+09 -1.0016060774e+07 1.9283481310e+06 2.0101262550e+03 0.0000000000e+00 -0.0000000000e+00
1.2788488933e+05 7.8701133104e-14 4.9404834847e-15 1.0817005995e+08 2.5541414112e+07 1.8291344147e-18 2.1302122683e-19 -2.4634884116e+03 7.7198278159e+01 -4.6638887616e+09 -1.0016060773e+07 1.9283481310e+06 1.8217922568e+03 0.0000000000e+00 -0.0000000000e+00
1.2951717008e+05 8.1747718672e-14 5.3027878108e-15 1.0410615028e+08 2.5657169888e+07 1.9046592515e-18 2.3124395847e-19 -2.5165512734e+03 6.4395201294e+01 -4.6638887409e+09 -1.0016060773e+07 1.9283481310e+06 1.6464766423e+03 0.0000000000e+00 -0.0000000000e+00
1.3098329913e+05 8.4592822351e-14 5.6549655403e-15 1.0037958595e+08 2.5742346572e+07 1.9772463864e-18 2.4949563832e-19 -2.5675501404e+03 5.1571785759e+01 -4.6638887246e+09 -1.0016060774e+07 1.9283481310e+06 1.4812077052e+03 0.0000000000e+00 -0.0000000000e+00
1.3228850001e+05 8.7218009208e-14 5.9921558382e-15 9.6997163912e+07 2.5801544363e+07 2.0461156984e-18 2.6748574695e-19 -2.6159369088e+03 3.8932147087e+01 -4.6638887125e+09 -1.0016060774e+07 1.9283481310e+06 1.3223886696e+03 0.0000000000e+00 -0.0000000000e+00
1.3343148382e+05 8.9592903595e-14 6.3076288021e-15 9.3981744549e+07 2.5839199205e+07 2.1100903194e-18 2.8478869128e-19 -2.6608847248e+03 2.6775301965e+01 -4.6638887045e+09 -1.0016060774e+07 1.9283481310e+06 1.1650428296e+03 0.0000000000e+00 -0.0000000000e+00
1.3439715174e+05 9.1657841186e-14 6.5902159400e-15 9.1393039151e+07 2.5859732563e+07 2.1670845201e-18 3.0068668146e-19 -2.7009281797e+03 1.5605561099e+01 -4.6638887001e+09 -1.0016060774e+07 1.9283481310e+06 1.0012713520e+03 0.0000000000e+00 -0.0000000000e+00
1.3511717339e+05 9.3234073930e-14 6.8112446218e-15 8.9437151800e+07 2.5867787751e+07 2.2114915185e-18 3.1339095176e-19 -2.7321280144e+03 6.6796902445e+00 -4.6638886988e+09 -1.0016060773e+07 1.9283481310e+06 8.2425172010e+02 0.0000000000e+00 -0.0000000000e+00
1.3585189939e+05 9.4876111449e-14 7.0465132357e-15 8.7417703758e+07 2.5869174028e+07 2.2586203050e-18 3.2717962463e-19 -2.7652401453e+03 -3.0080690899e+00 -4.6638886972e+09 -1.0016060774e+07 1.9283481310e+06 6.9818697725e+02 0.0000000000e+00 -0.0000000000e+00
1.3655008637e+05 9.6469213605e-14 7.2797645135e-15 8.5475693255e+07 2.5863688254e+07 2.3052262471e-18 3.4112657492e-19 -2.7979849319e+03 -1.2807032283e+01 -4.6638886957e+09 -1.0016060774e+07 1.9283481310e+06 8.6211302264e+02 0.0000000000e+00 -0.0000000000e+00
1.3741219939e+05 9.8482307138e-14 7.5817128610e-15 8.3045437843e+07 2.5847125725e+07 2.3654177290e-18 3.5959980906e-19 -2.8402747590e+03 -2.5786109257e+01 -4.6638886905e+09 -1.0016060774e+07 1.9283481310e+06 9.4472953553e+02 0.0000000000e+00 -0.0000000000e+00
1.3835692893e+05 1.0074955624e-13 7.9316830417e-15 8.0339263719e+07 2.5815566374e+07 2.4350345765e-18 3.8161815623e-19 -2.8891867370e+03 -4.1255940943e+01 -4.6638886799e+09 -1.0016060774e+07 1.9283481310e+06 9.8510341876e+02 0.0000000000e+00 -0.0000000000e+00
1.3934203234e+05 1.0318589251e-13 8.3198307492e-15 7.7466715959e+07 2.5766343342e+07 2.5121290027e-18 4.0682513812e-19 -2.9433523738e+03 -5.8966069864e+01 -4.6638886629e+09 -1.0016060774e+07 1.9283481310e+06 9.9998592491e+02 0.0000000000e+00 -0.0000000000e+00
1.4034201827e+05 1.0573927256e-13 8.7405510174e-15 7.4494397669e+07 2.5697611524e+07 2.5956353246e-18 4.3511494868e-19 -3.0020229331e+03 -7.8842157941e+01 -4.6638886385e+09 -1.0016060774e+07 1.9283481310e+06 9.9790339197e+02 0.0000000000e+00 -0.0000000000e+00
1.4133992166e+05 1.0837347867e-13 9.1901305620e-15 7.1467745921e+07 2.5608131065e+07 2.6848933935e-18 4.6650030542e-19 -3.0647346023e+03 -1.0089314035e+02 -4.6638886058e+09 -1.0016060774e+07 1.9283481310e+06 9.8397382204e+02 0.0000000000e+00 -0.0000000000e+00
1.4232389548e+05 1.1106130153e-13 9.6658397814e-15 6.8419837713e+07 2.5497132080e+07 2.7794618041e-18 5.0106227882e-19 -3.1311772550e+03 -1.2517597625e+02 -4.6638885638e+09 -1.0016060773e+07 1.9283481310e+06 9.6160157988e+02 0.0000000000e+00 -0.0000000000e+00
1.4328549706e+05 1.1378130451e-13 1.0165515775e-14 6.5375682694e+07 2.5364218853e+07 2.8790301569e-18 5.3892784407e-19 -3.2011328083e+03 -1.5177987692e+02 -4.6638885116e+09 -1.0016060773e+07 1.9283481310e+06 9.3320256655e+02 0.0000000000e+00 -0.0000000000e+00
1.4421869963e+05 1.1651607709e-13 1.0687347035e-14 6.2354614993e+07 2.5209296870e+07 2.9833721218e-18 5.8025874002e-19 -3.2744422453e+03 -1.8081847817e+02 -4.6638884483e+09 -1.0016060773e+07 1.9283481310e+06 9.0056408466e+02 0.0000000000e+00 -0.0000000000e+00
1.4511926371e+05 1.1925119961e-13 1.1229753258e-14 5.9371761317e+07 2.5032514647e+07 3.0923178124e-18 6.2524565442e-19 -3.3509862058e+03 -2.1242575496e+02 -4.6638883731e+09 -1.0016060774e+07 1.9283481310e+06 8.6504432539e+02 0.0000000000e+00 -0.0000000000e+00
1.4598430804e+05 1.2197458317e-13 1.1791314703e-14 5.6439010354e+07 2.4834216018e+07 3.2057362561e-18 6.7410520960e-19 -3.4306726700e+03 -2.4675390362e+02 -4.6638882850e+09 -1.0016060774e+07 1.9283481310e+06 8.2769287761e+02 0.0000000000e+00 -0.0000000000e+00
1.4681200092e+05 1.2467602295e-13 1.2370729303e-14 5.3565690295e+07 2.4614900256e+07 3.3235235439e-18 7.2707856001e-19 -3.5134286326e+03 -2.8397235640e+02 -4.6638881831e+09 -1.0016060773e+07 1.9283481310e+06 7.8932870481e+02 0.0000000000e+00 -0.0000000000e+00
1.4760132962e+05 1.2734687999e-13 1.2966786215e-14 5.0759064111e+07 2.4375188333e+07 3.4455943451e-18 7.8443099623e-19 -3.5991941414e+03 -3.2426750335e+02 -4.6638880662e+09 -1.0016060773e+07 1.9283481310e+06 7.5059348589e+02 0.0000000000e+00 -0.0000000000e+00
1.4835192311e+05 1.2997984451e-13 1.3578349501e-14 4.8024704807e+07 2.4115794169e+07 3.5718754948e-18 8.4645222967e-19 -3.6879177916e+03 -3.6784289230e+02 -4.6638879336e+09 -1.0016060773e+07 1.9283481310e+06 7.1198977896e+02 0.0000000000e+00 -0.0000000000e+00
1.4906391289e+05 1.3256875268e-13 1.4204348275e-14 4.5366788047e+07 2.3837499990e+07 3.7023008782e-18 9.1345717592e-19 -3.7795531315e+03 -4.1491977925e+02 -4.6638877840e+09 -1.0016060773e+07 1.9283481310e+06 6.7390934498e+02 0.0000000000e+00 -0.0000000000e+00
1.4973782223e+05 1.3510844017e-13 1.4843771061e-14 4.2788325618e+07 2.3541135161e+07 3.8368071269e-18 9.8578713484e-19 -3.8740556395e+03 -4.6573795744e+02 -4.6638876164e+09 -1.0016060774e+07 1.9283481310e+06 6.3665478437e+02 0.0000000000e+00 -0.0000000000e+00
1.5037447702e+05 1.3759462162e-13 1.5495662962e-14 4.0291355189e+07 2.3227557941e+07 3.9753298039e-18 1.0638113122e-18 -3.9713800427e+03 -5.2055682649e+02 -4.6638874297e+09 -1.0016060773e+07 1.9283481310e+06 6.0045645359e+02 0.0000000000e+00 -0.0000000000e+00
1.5097493347e+05 1.4002378908e-13 1.6159124733e-14 3.7877096786e+07 2.2897639750e+07 4.1177998476e-18 1.1479286571e-18 -4.0714778192e+03 -5.7965668345e+02 -4.6638872227e+09 -1.0016060773e+07 1.9283481310e+06 5.6548593430e+02 0.0000000000e+00 -0.0000000000e+00
1.5154041940e+05 1.4239312477e-13 1.6833313169e-14 3.5546083350e+07 2.2552251563e+07 4.2641401047e-18 1.2385700110e-18 -4.1742947622e+03 -6.4334023234e+02 -4.6638869942e+09 -1.0016060773e+07 1.9283481310e+06 5.3186690982e+02 0.0000000000e+00 -0.0000000000e+00
1.5207228631e+05 1.4470042496e-13 1.7517442429e-14 3.3298270640e+07 2.2192252106e+07 4.4142618129e-18 1.3362005768e-18 -4.2797685083e+03 -7.1193431924e+02 -4.6638867430e+09 -1.0016060773e+07 1.9283481310e+06 4.9968404388e+02 0.0000000000e+00 -0.0000000000e+00
1.5257197036e+05 1.4694403286e-13 1.8210786068e-14 3.1133130391e+07 2.1818477587e+07 4.5680609098e-18 1.4413227325e-18 -4.3878259443e+03 -7.8579190915e+02 -4.6638864678e+09 -1.0016060773e+07 1.9283481310e+06 4.6899029028e+02 0.0000000000e+00 -0.0000000000e+00
1.5304096065e+05 1.4912277880e-13 1.8912679632e-14 2.9049729683e+07 2.1431732667e+07 4.7254140533e-18 1.5544792250e-18 -4.4983804118e+03 -8.6529432951e+02 -4.6638861675e+09 -1.0016060773e+07 1.9283481310e+06 4.3981294688e+02 0.0000000000e+00 -0.0000000000e+00
1.5348077359e+05 1.5123592673e-13 1.9622523765e-14 2.7046798788e+07 2.1032782468e+07 4.8861742350e-18 1.6762567903e-18 -4.6113286241e+03 -9.5085381418e+02 -4.6638858406e+09 -1.0016060773e+07 1.9283481310e+06 4.1215869412e+02 0.0000000000e+00 -0.0000000000e+00
1.5389293229e+05 1.5328312602e-13 2.0339787827e-14 2.5122789293e+07 2.0622345347e+07 5.0501658561e-18 1.8072902651e-18 -4.7265472078e+03 -1.0429163921e+03 -4.6638854860e+09 -1.0016060773e+07 1.9283481310e+06 3.8601780158e+02 0.0000000000e+00 -0.0000000000e+00
1.5427895009e+05 1.5526436815e-13 2.1064014072e-14 2.3275923908e+07 2.0201086238e+07 5.2171791188e-18 1.9482672684e-18 -4.8438887613e+03 -1.1419651760e+03 -4.6638851023e+09 -1.0016060773e+07 1.9283481310e+06 3.6136765212e+02 0.0000000000e+00 -0.0000000000e+00
1.5464031774e+05 1.5717994760e-13 2.1794822518e-14 2.1504239106e+07 1.9769610308e+07 5.3869635595e-18 2.0999335543e-18 -4.9631773119e+03 -1.2485241242e+03 -4.6638846883e+09 -1.0016060773e+07 1.9283481310e+06 3.3817569658e+02 0.0000000000e+00 -0.0000000000e+00
1.5497849344e+05 1.5903042668e-13 2.2531916644e-14 1.9805621532e+07 1.9328456702e+07 5.5592205082e-18 2.2630991650e-18 -5.0842030175e+03 -1.3631623626e+03 -4.6638842430e+09 -1.0016060773e+07 1.9283481310e+06 3.1640194226e+02 0.0000000000e+00 -0.0000000000e+00
1.5529489538e+05 1.6081660402e-13 2.3275090166e-14 1.8177838919e+07 1.8878092093e+07 5.7335942099e-18 2.4386455480e-18 -5.2067159288e+03 -1.4864991861e+03 -4.6638837651e+09 -1.0016060773e+07 1.9283481310e+06 2.9600105148e+02 0.0000000000e+00 -0.0000000000e+00
1.5559089643e+05 1.6253948650e-13 2.4024235197e-14 1.6618566135e+07 1.8418903734e+07 5.9096612695e-18 2.6275338471e-18 -5.3304185736e+03 -1.6192098828e+03 -4.6638832538e+09 -1.0016060773e+07 1.9283481310e+06 2.7692412290e+02 0.0000000000e+00 -0.0000000000e+00
1.5586782056e+05 1.6420026434e-13 2.4779352197e-14 1.5125406829e+07 1.7951191663e+07 6.0869179842e-18 2.8308146411e-18 -5.4549570559e+03 -1.7620325772e+03 -4.6638827084e+09 -1.0016060774e+07 1.9283481310e+06 2.5912021632e+02 0.0000000000e+00 -0.0000000000e+00
1.5612694077e+05 1.6580028949e-13 2.5540562289e-14 1.3695911062e+07 1.7475159582e+07 6.2647649888e-18 3.0496394868e-18 -5.5799102690e+03 -1.9157763393e+03 -4.6638821284e+09 -1.0016060774e+07 1.9283481310e+06 2.4253767769e+02 0.0000000000e+00 -0.0000000000e+00
1.5636947845e+05 1.6734105709e-13 2.6308122676e-14 1.2327589154e+07 1.6990903870e+07 6.4424884526e-18 3.2852747413e-18 -5.7047766838e+03 -2.0813308969e+03 -4.6638815138e+09 -1.0016060773e+07 1.9283481310e+06 2.2712531721e+02 0.0000000000e+00 -0.0000000000e+00
1.5659660377e+05 1.6882419014e-13 2.7082446186e-14 1.1017921912e+07 1.6498399950e+07 6.6192367897e-18 3.5391183001e-18 -5.8289579860e+03 -2.2596783950e+03 -4.6638808651e+09 -1.0016060773e+07 1.9283481310e+06 2.1283349808e+02 0.0000000000e+00 -0.0000000000e+00
1.5680943727e+05 1.7025142753e-13 2.7864126385e-14 9.7643672096e+06 1.5997485000e+07 6.7939914549e-18 3.8127201193e-18 -5.9517385579e+03 -2.4519078143e+03 -4.6638801833e+09 -1.0016060773e+07 1.9283481310e+06 1.9961519483e+02 0.0000000000e+00 -0.0000000000e+00
1.5700905246e+05 1.7162461569e-13 2.8653970236e-14 8.5643627827e+06 1.5487835601e+07 6.9655298193e-18 4.1078077185e-18 -6.0722593946e+03 -2.6592328899e+03 -4.6638794707e+09 -1.0016060773e+07 1.9283481310e+06 1.8742709606e+02 0.0000000000e+00 -0.0000000000e+00
1.5719647956e+05 1.7294570431e-13 2.9453041175e-14 7.4153248507e+06 1.4968938312e+07 7.1323772447e-18 4.4263183455e-18 -6.1894844328e+03 -2.8830147092e+03 -4.6638787306e+09 -1.0016060773e+07 1.9283481310e+06 1.7623084634e+02 0.0000000000e+00 -0.0000000000e+00
1.5737271040e+05 1.7421674685e-13 3.0262716783e-14 6.3146419219e+06 1.4440050276e+07 7.2927441386e-18 4.7704401902e-18 -6.3021563258e+03 -3.1247906688e+03 -4.6638779679e+09 -1.0016060774e+07 1.9283481310e+06 1.6599455712e+02 0.0000000000e+00 -0.0000000000e+00
1.5753870496e+05 1.7543990683e-13 3.1084767224e-14 5.2596627481e+06 1.3900145577e+07 7.4444416501e-18 5.1426660950e-18 -6.4087372127e+03 -3.3863122104e+03 -4.6638771900e+09 -1.0016060774e+07 1.9283481310e+06 1.5669477455e+02 0.0000000000e+00 -0.0000000000e+00
1.5769539973e+05 1.7661747135e-13 3.1921463831e-14 4.2476769020e+06 1.3347840864e+07 7.5847662268e-18 5.5458647830e-18 -6.5073276094e+03 -3.6695948651e+03 -4.6638764072e+09 -1.0016060774e+07 1.9283481310e+06 1.4831918039e+02 0.0000000000e+00 -0.0000000000e+00
1.5784371891e+05 1.7775187359e-13 3.2775732222e-14 3.2758858301e+06 1.2781290297e+07 7.7103375088e-18 5.9833769562e-18 -6.5955525148e+03 -3.9769857708e+03 -4.6638756342e+09 -1.0016060774e+07 1.9283481310e+06 1.4087042424e+02 0.0000000000e+00 -0.0000000000e+00
1.5798458934e+05 1.7884572629e-13 3.3651372378e-14 2.3413617097e+06 1.2198034322e+07 7.8168641458e-18 6.4591468892e-18 -6.6703968767e+03 -4.3112561284e+03 -4.6638748910e+09 -1.0016060774e+07 1.9283481310e+06 1.3004286121e+02 0.0000000000e+00 -0.0000000000e+00
1.5809323323e+05 1.7969882285e-13 3.4375208163e-14 1.6139644664e+06 1.1714123257e+07 7.8850709046e-18 6.8731612393e-18 -6.7183181430e+03 -4.6021377400e+03 -4.6638746527e+09 -1.0016060774e+07 1.9283481310e+06 1.1136034230e+02 0.0000000000e+00 -0.0000000000e+00
1.5818504786e+05 1.8042490756e-13 3.5023736381e-14 9.9563520935e+05 1.1279304438e+07 7.9287313331e-18 7.2596844576e-18 -6.7489934465e+03 -4.8737044059e+03 -4.6638745408e+09 -1.0016060773e+07 1.9283481310e+06 9.4968425144e+01 5.7236334586e-293 -4.0500774908e-285
1.5825809514e+05 1.8100497471e-13 3.5566091042e-14 5.0201084661e+05 1.0914824268e+07 7.9511553012e-18 7.5938599414e-18 -6.7647482626e+03 -5.1084921693e+03 -4.6638745037e+09 -1.0016060774e+07 1.9283481310e+06 7.8800657597e+01 3.8150030900e-269 -2.7488619361e-261
1.5830145419e+05 1.8134989765e-13 3.5899881966e-14 2.0857947544e+05 1.0690143320e+07 7.9580461528e-18 7.8042888316e-18 -6.7695896939e+03 -5.2563370319e+03 -4.6638745009e+09 -1.0016060774e+07 1.9283481310e+06 6.3904653831e+01 4.3874886095e-255 -3.1963168015e-247
1.5836535884e+05 1.8185851455e-13 3.6408966381e-14 -2.2407146421e+05 1.0346964296e+07 7.9576950465e-18 8.1318913193e-18 -6.7693430107e+03 -5.4865066857e+03 -4.6638744828e+09 -1.0016060773e+07 1.9283481310e+06 6.2996386829e+01 1.6747764086e-234 -1.2404244998e-226
1.5842835523e+05 1.8235943383e-13 3.6931980733e-14 -6.5024388567e+05 9.9937922074e+06 7.9427659968e-18 8.4763556378e-18 -6.7588540361e+03 -5.7285232633e+03 -4.6638744674e+09 -1.0016060773e+07 1.9283481310e+06 7.5498827110e+01 2.0254619117e-214 -1.5253606623e-206
1.5850385406e+05 1.8295772296e-13 3.7588435251e-14 -1.1595595946e+06 9.5497029887e+06 7.9015250723e-18 8.9189931765e-18 -6.7298786477e+03 -6.0395151904e+03 -4.6638744374e+09 -1.0016060773e+07 1.9283481310e+06 8.2183140788e+01 1.0694189081e-190 -8.2196976637e-183
1.5858603720e+05 1.8360406127e-13 3.8342536697e-14 -1.7105106209e+06 9.0385246210e+06 7.8207454769e-18 9.4396113174e-18 -6.6731238543e+03 -6.4052953714e+03 -4.6638744028e+09 -1.0016060773e+07 1.9283481310e+06 8.6385806439e+01 2.0060232515e-165 -1.5771979068e-157
1.5867242300e+05 1.8427422203e-13 3.9183228790e-14 -2.2831512745e+06 8.4674621179e+06 7.6850907157e-18 1.0031755405e-17 -6.5778144150e+03 -6.8213288410e+03 -4.6638743495e+09 -1.0016060774e+07 1.9283481310e+06 9.0082574271e+01 1.1704026309e-139 -9.4273136691e-132
1.5876250558e+05 1.8495759456e-13 4.0116547875e-14 -2.8694304890e+06 7.8321596463e+06 7.4737711049e-18 1.0697690785e-17 -6.4293437426e+03 -7.2892072044e+03 -4.6638741709e+09 -1.0016060774e+07 1.9283481310e+06 9.5462924425e+01 6.4313618243e-114 -5.3133268724e-106
1.5885796850e+05 1.8565660020e-13 4.1173444615e-14 -3.4730333277e+06 7.1112535781e+06 7.1521648156e-18 1.1452575208e-17 -6.2033869473e+03 -7.8195801192e+03 -4.6638734232e+09 -1.0016060774e+07 1.9283481310e+06 1.0796160677e+02 2.9129463727e-88 -2.4713928086e-80
1.5896593011e+05 1.8640258632e-13 4.2458100306e-14 -4.1243720424e+06 6.2331622575e+06 6.6379862712e-18 1.2351798449e-17 -5.8421311512e+03 -8.4513637889e+03 -4.6638695663e+09 -1.0016060774e+07 1.9283481310e+06 9.7939187774e+01 7.6401132434e-62 -6.6720651595e-54
1.5905191446e+05 1.8695082702e-13 4.3551546204e-14 -4.6108800450e+06 5.4844268304e+06 6.0925064277e-18 1.3081667860e-17 -5.4588834306e+03 -8.9641614502e+03 -4.6638667395e+09 -1.0016060774e+07 1.9283481310e+06 8.6024705870e+01 2.7670039973e-43 -2.4684935688e-35
1.5913793917e+05 1.8744663982e-13 4.4707866200e-14 -5.0606003676e+06 4.6915259558e+06 5.4113808480e-18 1.3796647005e-17 -4.9803326115e+03 -9.4664973862e+03 -4.6638620426e+09 -1.0016060773e+07 1.9283481310e+06 7.8660307461e+01 2.1027328773e-27 -1.9118365018e-19
1.5921659948e+05 1.8784372389e-13 4.5817544642e-14 -5.4322771300e+06 3.9297241678e+06 4.6652494176e-18 1.4408597054e-17 -4.4561094465e+03 -9.8964462911e+03 -4.6638579338e+09 -1.0016060773e+07 1.9283481310e+06 7.3702350359e+01 1.2595234753e-15 -1.1619608543e-07
1.5928049796e+05 1.8812016856e-13 4.6752793901e-14 -5.7017993244e+06 3.2871253381e+06 3.9754163867e-18 1.4855261427e-17 -3.9714408746e+03 -1.0210267424e+04 -4.6638563336e+09 -1.0016060773e+07 1.9283481325e+06 6.4768068344e+01 3.1587195374e-08 -2.9414417166e+00
1.5931318224e+05 1.8824394791e-13 4.7241728938e-14 -5.8272790916e+06 2.9510202362e+06 3.5960175786e-18 1.5060496014e-17 -3.7048796823e+03 -1.0354462683e+04 -4.6638709174e+09 -1.0016060320e+07 1.9283493848e+06 5.3818186209e+01 2.9987183467e-05 -2.8031183577e+03
1.5933046297e+05 1.8830430586e-13 4.7502867094e-14 -5.8900487906e+06 2.7714680422e+06 3.3888370918e-18 1.5161672080e-17 -3.5593159209e+03 -1.0425544360e+04 -4.6642112707e+09 -1.0016050215e+07 1.9283785960e+06 2.9745932231e+01 6.6347572156e-04 -6.2127375331e+04
1.5934650250e+05 1.8835709343e-13 4.7746773701e-14 -5.9460369545e+06 2.6037412224e+06 3.1927597450e-18 1.5250713612e-17 -3.4215385052e+03 -1.0488056211e+04 -4.6689190917e+09 -1.0015916097e+07 1.9287839010e+06 1.9012121562e+01 8.4248570369e-03 -7.9001966936e+05
1.5935957410e+05 1.8839776942e-13 4.7946579256e-14 -5.9900178125e+06 2.4663277644e+06 3.0304403031e-18 1.5319659742e-17 -3.3073974880e+03 -1.0536191293e+04 -4.6990181475e+09 -1.0015089158e+07 1.9313819916e+06 1.3852186574e+01 5.2597571165e-02 -4.9371450097e+06
1.5937059672e+05 1.8843041066e-13 4.8115750161e-14 -6.0259369021e+06 2.3499800228e+06 2.8919101810e-18 1.5375185039e-17 -3.2096967947e+03 -1.0573996310e+04 -4.8175448933e+09 -1.0011935154e+07 1.9416364225e+06 1.1257545860e+01 2.0812624115e-01 -1.9548981744e+07
1.5938035788e+05 1.8845803539e-13 4.8266061358e-14 -6.0568388561e+06 2.2466171418e+06 2.7680425011e-18 1.5422306692e-17 -3.1216081834e+03 -1.0603546092e+04 -5.1662860621e+09 -1.0002919742e+07 1.9718737779e+06 9.8396310450e+00 6.1764268550e-01 -5.8030408330e+07
1.5939019751e+05 1.8848465320e-13 4.8418036721e-14 -6.0871076439e+06 2.1421649227e+06 2.6421117423e-18 1.5467816815e-17 -3.0302493473e+03 -1.0625552730e+04 -6.1410516440e+09 -9.9784281270e+06 2.0566038115e+06 9.0416221203e+00 1.6310372536e+00 -1.5318405870e+08
1.5939923913e+05 1.8850801564e-13 4.8558073129e-14 -6.1141119753e+06 2.0460501135e+06 2.5255056087e-18 1.5507842487e-17 -2.9422397195e+03 -1.0631979678e+04 -8.2555524912e+09 -9.9267181207e+06 2.2410080744e+06 8.7096647964e+00 3.5554936770e+00 -3.3339307248e+08
1.5940794879e+05 1.8852952003e-13 4.8693303149e-14 -6.1393471902e+06 1.9535001106e+06 2.4124269174e-18 1.5544750611e-17 -2.8512616333e+03 -1.0615555719e+04 -1.2364354490e+10 -9.8287103325e+06 2.6010270435e+06 8.7238502867e+00 6.7830283814e+00 -6.3374050476e+08
1.5941667264e+05 1.8855006911e-13 4.8829068529e-14 -6.1637915109e+06 1.8610865748e+06 2.2984729214e-18 1.5580080632e-17 -2.7509666515e+03 -1.0563781378e+04 -1.9740930069e+10 -9.6567362507e+06 3.2520998218e+06 8.5694140869e+00 1.1657308938e+01 -1.0816452268e+09
1.5942421346e+05 1.8856702841e-13 4.8946665890e-14 -6.1841788943e+06 1.7817176843e+06 2.1994546586e-18 1.5609290961e-17 -2.6546107935e+03 -1.0479928404e+04 -2.9691433945e+10 -9.4290485233e+06 4.1392941895e+06 7.6519354154e+00 1.7076836128e+01 -1.5692377327e+09
1.5943088788e+05 1.8858141498e-13 4.9050932370e-14 -6.2015885203e+06 1.7121183949e+06 2.1114417650e-18 1.5634116887e-17 -2.5608512984e+03 -1.0369675715e+04 -4.1714340022e+10 -9.1577058162e+06 5.2247024760e+06 6.7526213468e+00 2.2403090699e+01 -2.0339819798e+09
1.5943764050e+05 1.8859537118e-13 4.9156585691e-14 -6.2185379172e+06 1.6425743126e+06 2.0220692702e-18 1.5658255022e-17 -2.4579539976e+03 -1.0221997970e+04 -5.6978093089e+10 -8.8168112982e+06 6.6241162451e+06 6.0784163017e+00 2.7721374775e+01 -2.4772812072e+09
1.5944371892e+05 1.8860741698e-13 4.9251826980e-14 -6.2331810570e+06 1.5809203993e+06 1.9413584793e-18 1.5679148115e-17 -2.3592723804e+03 -1.0059885353e+04 -7.3076702941e+10 -8.4600223944e+06 8.1268470474e+06 5.6320991255e+00 3.1938479857e+01 -2.8051276030e+09
1.5944935102e+05 1.8861813982e-13 4.9340186360e-14 -6.2462016627e+06 1.5247354152e+06 1.8663694749e-18 1.5697808974e-17 -2.2639271791e+03 -9.8888791732e+03 -8.9524863334e+10 -8.0974225178e+06 9.6918422210e+06 5.3436134010e+00 3.5022915701e+01 -3.0200295442e+09
1.5945469463e+05 1.8862792250e-13 4.9424115314e-14 -6.2580522629e+06 1.4723588689e+06 1.7950529969e-18 1.5714901508e-17 -2.1712427440e+03 -9.7126750889e+03 -1.0600693637e+11 -7.7355068265e+06 1.1291653551e+07 5.1474471600e+00 3.7048049682e+01 -3.1340959534e+09
1.5945984208e+05 1.8863698532e-13 4.9505048118e-14 -6.2689966675e+06 1.4228191961e+06 1.7262105712e-18 1.5730811016e-17 -2.0810626537e+03 -9.5345724153e+03 -1.2224596637e+11 -7.3801030254e+06 1.2900537859e+07 5.0076800485e+00 3.8127680972e+01 -3.1627618094e+09
1.5946484976e+05 1.8864546167e-13 4.9583860660e-14 -6.2791983879e+06 1.3755157367e+06 1.6591114330e-18 1.5745773707e-17 -1.9934613614e+03 -9.3574776188e+03 -1.3800987921e+11 -7.0362080938e+06 1.4495200816e+07 4.9050299138e+00 3.8402237871e+01 -3.1230006749e+09
1.5946975479e+05 1.8865343825e-13 4.9661129102e-14 -6.2887676490e+06 1.3300435510e+06 1.5932757425e-18 1.5759945608e-17 -1.9085585987e+03 -9.1837823526e+03 -1.5312273255e+11 -6.7077053550e+06 1.6056245173e+07 4.8292725936e+00 3.8023991379e+01 -3.0316537668e+09
1.5947458406e+05 1.8866097589e-13 4.9737270938e-14 -6.2977855953e+06 1.2861008843e+06 1.5283561034e-18 1.5773438533e-17 -1.8264234957e+03 -9.0152928657e+03 -1.6746780158e+11 -6.3972570639e+06 1.7568985563e+07 4.7749552760e+00 3.7142697869e+01 -2.9040669727e+09
1.5947935902e+05 1.8866812029e-13 4.9812619373e-14 -6.3063163752e+06 1.2434422923e+06 1.4640750608e-18 1.5786338505e-17 -1.7470404535e+03 -8.8532433681e+03 -1.8098210446e+11 -6.1063875920e+06 1.9023444923e+07 4.7389115508e+00 3.5894863972e+01 -2.7532710663e+09
1.5948409793e+05 1.8867490708e-13 4.9887458927e-14 -6.3144127974e+06 1.2018570843e+06 1.4001952591e-18 1.5798714706e-17 -1.6703122598e+03 -8.6983736781e+03 -1.9364573886e+11 -5.8356881215e+06 2.0413747961e+07 4.7189321560e+00 3.4397833159e+01 -2.5897094769e+09
1.5948881686e+05 1.8868136427e-13 4.9962040250e-14 -6.3221188719e+06 1.1611605287e+06 1.3365071418e-18 1.5810623677e-17 -1.5960798601e+03 -8.5510343417e+03 -2.0546996330e+11 -5.5850581604e+06 2.1737252693e+07 4.7131545724e+00 3.2748056828e+01 -2.4213613770e+09
1.5949353002e+05 1.8868751339e-13 5.0036585393e-14 -6.3294710582e+06 1.1211904787e+06 1.2728247058e-18 1.5822111407e-17 -1.5241452467e+03 -8.4112895419e+03 -2.1648664653e+11 -5.3539254542e+06 2.2993688219e+07 4.7198362624e+00 3.1022115673e+01 -2.2540743874e+09
1.5949824985e+05 1.8869337028e-13 5.0111289527e-14 -6.3364990774e+06 1.0818057797e+06 1.2089842195e-18 1.5833214634e-17 -1.4542910091e+03 -8.2790028410e+03 -2.2674011280e+11 -5.1414198187e+06 2.4184433644e+07 4.7372949676e+00 2.9279127644e+01 -2.0919639483e+09
1.5950298715e+05 1.8869894569e-13 5.0186321748e-14 -6.3432266073e+06 1.0428850243e+06 1.1448436847e-18 1.5843961864e-17 -1.3862947953e+03 -8.1539022534e+03 -2.3628136706e+11 -4.9464992751e+06 2.5311971097e+07 4.7639052565e+00 2.7563601805e+01 -1.9377963524e+09
1.5950775105e+05 1.8870424586e-13 5.0261825839e-14 -6.3496719492e+06 1.0043252655e+06 1.0802822952e-18 1.5854374314e-17 -1.3199391354e+03 -8.0356269108e+03 -2.4516424949e+11 -4.7680367841e+06 2.6379494661e+07 4.7981041073e+00 2.5908214863e+01 -1.7933188740e+09
1.5951254916e+05 1.8870927305e-13 5.0337921147e-14 -6.3558486678e+06 9.6604069072e+05 1.0151997815e-18 1.5864466783e-17 -1.2550177657e+03 -7.9237594004e+03 -2.5344299627e+11 -4.6048779130e+06 2.7390640722e+07 4.8383923523e+00 2.4336276815e+01 -1.6595279226e+09
1.5951738755e+05 1.8871402611e-13 5.0414703485e-14 -6.3617661936e+06 9.2796134107e+05 9.4951570254e-19 1.5874248469e-17 -1.1913395421e+03 -7.8178476816e+03 -2.6117076606e+11 -4.4558783321e+06 2.8349306561e+07 4.8833297056e+00 2.2863816924e+01 -1.5368793164e+09
1.5952227088e+05 1.8871850093e-13 5.0492245971e-14 -6.3674303813e+06 8.9003195078e+05 8.8316877804e-19 1.5883723725e-17 -1.1287307973e+03 -7.7174197117e+03 -2.6839880447e+11 -4.3199278342e+06 2.9259530538e+07 4.9315263805e+00 2.1501302505e+01 -1.4254496616e+09
1.5952720241e+05 1.8872269098e-13 5.0570599746e-14 -6.3728440234e+06 8.5221094007e+05 8.1611631282e-19 1.5892892759e-17 -1.0670367224e+03 -7.6219930468e+03 -2.7517602081e+11 -4.1959655200e+06 3.0125414658e+07 4.9816337034e+00 2.0255035541e+01 -1.3250585415e+09
1.5953218404e+05 1.8872658776e-13 5.0649794551e-14 -6.3780073271e+06 8.1446956490e+05 7.4833373068e-19 1.5901752276e-17 -1.0061221540e+03 -7.5310809879e+03 -2.8154882674e+11 -4.0829892691e+06 3.0951076197e+07 5.0323353727e+00 1.9128280783e+01 -1.2353602453e+09
1.5953721638e+05 1.8873018124e-13 5.0729839169e-14 -6.3829183605e+06 7.7679120953e+05 6.7981421223e-19 1.5910296095e-17 -9.4587200306e+02 -7.4441963384e+03 -2.8756113882e+11 -3.9800615505e+06 3.1740619405e+07 5.0823409891e+00 1.8122176585e+01 -1.1559122701e+09
1.5954229872e+05 1.8873346034e-13 5.0810721779e-14 -6.3875734773e+06 7.3917079370e+05 6.1056840879e-19 1.5918515727e-17 -8.8619146339e+02 -7.3608534696e+03 -2.9325448279e+11 -3.8863129016e+06 3.2498121430e+07 5.1303822912e+00 1.7236473117e+01 -1.0862263182e+09
1.5954742910e+05 1.8873641339e-13 5.0892410254e-14 -6.3919677277e+06 7.0161426319e+05 5.4062419712e-19 1.5926400940e-17 -8.2700607750e+02 -7.2805691502e+03 -2.9866816009e+11 -3.8009439536e+06 3.3227628639e+07 5.1752122109e+00 1.6470135309e+01 -1.0258062185e+09
1.5955260431e+05 1.8873902857e-13 5.0974852446e-14 -6.3960952613e+06 6.6413813303e+05 4.7002643852e-19 1.5933940313e-17 -7.6826170398e+02 -7.2028624409e+03 -3.0383945138e+11 -3.7232265930e+06 3.3933160800e+07 5.2156063315e+00 1.5821841055e+01 -9.7417614331e+08
1.5955781992e+05 1.8874129442e-13 5.1057976514e-14 -6.3999497237e+06 6.2676905659e+05 3.9883671048e-19 1.5941121774e-17 -7.0992441285e+02 -7.1272538577e+03 -3.0880384060e+11 -3.6525046742e+06 3.4618721446e+07 5.2503660150e+00 1.5290399310e+01 -9.3090165307e+08
1.5956307028e+05 1.8874320024e-13 5.1141691302e-14 -6.4035246486e+06 5.8954340029e+05 3.2713298915e-19 1.5947933140e-17 -6.5198033022e+02 -7.0532639507e+03 -3.1359524786e+11 -3.5881945957e+06 3.5288313132e+07 5.2783208075e+00 1.4875107695e+01 -8.9560543885e+08
1.5956834860e+05 1.8874473662e-13 5.1225886761e-14 -6.4068138441e+06 5.5250682097e+05 2.5500929350e-19 1.5954362629e-17 -5.9443547119e+02 -6.9804114498e+03 -3.1824626031e+11 -3.5297860043e+06 3.5945956299e+07 5.2983272161e+00 1.4576064776e+01 -8.6797910266e+08
1.5957364693e+05 1.8874589587e-13 5.1310434371e-14 -6.4098117672e+06 5.1571386207e+05 1.8257534153e-19 1.5960399359e-17 -5.3731562329e+02 -6.9082111561e+03 -3.2278834873e+11 -3.4768428583e+06 3.6595710146e+07 5.3092568791e+00 1.4394447727e+01 -8.4779184737e+08
1.5957895619e+05 1.8874667245e-13 5.1395187371e-14 -6.4125138816e+06 4.7922763001e+05 1.0995636471e-19 1.5966033805e-17 -4.8066640977e+02 -6.8361718876e+03 -3.2725205070e+11 -3.4290050730e+06 3.7241692837e+07 5.3099634663e+00 1.4332760850e+01 -8.3489650594e+08
1.5958426615e+05 1.8874706341e-13 5.1479980479e-14 -6.4149169920e+06 4.4311967692e+05 3.7293373328e-20 1.5971258199e-17 -4.2455376158e+02 -6.7637950152e+03 -3.3166708881e+11 -3.3859909480e+06 3.7888096337e+07 5.2992067308e+00 1.4395052832e+01 -8.2923281941e+08
1.5958956536e+05 1.8874706882e-13 5.1564628396e-14 -6.4170195476e+06 4.0747034583e+05 -3.5255538317e-20 1.5976066858e-17 -3.6906523033e+02 -6.6905746267e+03 -3.3606236610e+11 -3.3476005326e+06 3.8539186948e+07 5.2754922060e+00 1.4587087970e+01 -8.3082716609e+08
1.5959484085e+05 1.8874669225e-13 5.1648921764e-14 -6.4188219138e+06 3.7237007955e+05 -1.0751168731e-19 1.5980456383e-17 -3.1431296028e+02 -6.6160013670e+03 -3.4046572861e+11 -3.3137199590e+06 3.9199273900e+07 5.2367397073e+00 1.4916432834e+01 -8.3978679241e+08
1.5960007759e+05 1.8874594137e-13 5.1732617816e-14 -6.4203266210e+06 3.3792270195e+05 -1.7926774504e-19 1.5984425709e-17 -2.6043993855e+02 -6.5395741945e+03 -3.4490327345e+11 -3.2843264511e+06 3.9872609678e+07 5.1795868184e+00 1.5392371510e+01 -8.5628446919e+08
1.5960525718e+05 1.8874482897e-13 5.1815419891e-14 -6.4215386233e+06 3.0425280689e+05 -2.5027011018e-19 1.5987975886e-17 -2.0763291790e+02 -6.4608292893e+03 -3.4939773030e+11 -3.2594929001e+06 4.0563143033e+07 5.0978512889e+00 1.6025455987e+01 -8.8052510194e+08
1.5961035503e+05 1.8874337494e-13 5.1896932353e-14 -6.4224656636e+06 2.7152215129e+05 -3.2018014988e-19 1.5991109440e-17 -1.5614975359e+02 -6.3794077139e+03 -3.5396482736e+11 -3.2393887605e+06 4.1273940009e+07 4.9788475329e+00 1.6826242009e+01 -9.1267567698e+08
1.5961533388e+05 1.8874161079e-13 5.1976556557e-14 -6.4231189920e+06 2.3996752132e+05 -3.8848481135e-19 1.5993828829e-17 -1.0638080359e+02 -6.2952172370e+03 -3.5860487263e+11 -3.2242681239e+06 4.2005799254e+07 4.7933155311e+00 1.7802075095e+01 -9.5271340666e+08
1.5962012719e+05 1.8873959101e-13 5.2053225669e-14 -6.4235151359e+06 2.0999726429e+05 -4.5426880456e-19 1.5996132604e-17 -5.9002916203e+01 -6.2088516100e+03 -3.6328140962e+11 -3.2144180886e+06 4.2753665228e+07 4.4604854034e+00 1.8948660131e+01 -1.0000652149e+09
1.5962374810e+05 1.8873785614e-13 5.2111149110e-14 -6.4236645910e+06 1.8763992442e+05 -5.0397858759e-19 1.5997671020e-17 -2.3608824931e+01 -6.1395199974e+03 -3.6697688028e+11 -3.2104351370e+06 4.3352171352e+07 3.9057181087e+00 1.9967725110e+01 -1.0420418090e+09
1.5962765382e+05 1.8873578301e-13 5.2173634433e-14 -6.4236829383e+06 1.6381403368e+05 -5.5761373526e-19 1.5999138047e-17 1.4133429317e+01 -6.0601505646e+03 -3.7114554252e+11 -3.2099350778e+06 4.4035572619e+07 3.7083068456e+00 2.1233163342e+01 -1.0937503924e+09
1.5963136213e+05 1.8873362076e-13 5.2232966445e-14 -6.4235648167e+06 1.4148857087e+05 -6.0855277915e-19 1.6000348362e-17 4.9489706266e+01 -5.9797618705e+03 -3.7530265452e+11 -3.2136146938e+06 4.4726104517e+07 4.9394444318e+00 2.2612683715e+01 -1.1493963051e+09
1.5963630157e+05 1.8873044723e-13 5.2312002713e-14 -6.4232057213e+06 1.1223362640e+05 -6.7642588709e-19 1.6001688328e-17 9.5733985628e+01 -5.8638814938e+03 -3.8118388896e+11 -3.2258765199e+06 4.5719089999e+07 5.2472979197e+00 2.4753837510e+01 -1.2339697603e+09
1.5964154887e+05 1.8872670859e-13 5.2395971345e-14 -6.4225772171e+06 8.1814578996e+04 -7.4855775669e-19 1.6002777266e-17 1.4357481934e+02 -5.7278939937e+03 -3.8792398170e+11 -3.2500009586e+06 4.6881486883e+07 4.7287821868e+00 2.7459506617e+01 -1.3373436439e+09
1.5964573877e+05 1.8872345151e-13 5.2463022792e-14 -6.4218976641e+06 5.8062354402e+04 -8.0617554274e-19 1.6003404342e-17 1.8061075049e+02 -5.6081713959e+03 -3.9371803310e+11 -3.2792889621e+06 4.7902873864e+07 4.2532533081e+00 2.9978685928e+01 -1.4298085677e+09
1.5964941603e+05 1.8872039399e-13 5.2521872142e-14 -6.4211753185e+06 3.7647193363e+04 -8.5675953082e-19 1.6003781023e-17 2.1208679508e+02 -5.4937609026e+03 -3.9913559443e+11 -3.3138301599e+06 4.8877612599e+07 3.7584886520e+00 3.2476853138e+01 -1.5177002494e+09
1.5965250820e+05 1.8871767896e-13 5.2571358975e-14 -6.4204797143e+06 2.0818039486e+04 -8.9930688503e-19 1.6003974551e-17 2.3768259797e+02 -5.3900267899e+03 -4.0394845861e+11 -3.3503586346e+06 4.9760508307e+07 3.2262786096e+00 3.4797364434e+01 -1.5957984491e+09
1.5965470420e+05 1.8871567090e-13 5.2606503779e-14 -6.4199383202e+06 9.0667033173e+03 -9.2952969522e-19 1.6004044823e-17 2.5530963181e+02 -5.3118163285e+03 -4.0751550498e+11 -3.3810194695e+06 5.0425716892e+07 2.6574893178e+00 3.6570745191e+01 -1.6530913705e+09
1.5965699195e+05 1.8871350835e-13 5.2643116953e-14 -6.4193337413e+06 -2.9881221733e+03 -9.6102101121e-19 1.6004059651e-17 2.7313115552e+02 -5.2260511375e+03 -4.1136672368e+11 -3.4176026570e+06 5.1154809565e+07 2.0756484112e+00 3.8529632932e+01 -1.7138774835e+09
1.5965906760e+05 1.8871148396e-13 5.2676335723e-14 -6.4187504904e+06 -1.3751337760e+04 -9.8959802471e-19 1.6004022325e-17 2.8877558174e+02 -5.1442415192e+03 -4.1498182091e+11 -3.4552869588e+06 5.1849968413e+07 2.7484274689e+00 4.0404076604e+01 -1.7694922461e+09
1.5966181602e+05 1.8870871211e-13 5.2720321468e-14 -6.4179292779e+06 -2.7734215439e+04 -1.0274454458e-18 1.6003899853e-17 3.0864295603e+02 -5.0297410890e+03 -4.1994612843e+11 -3.5124390760e+06 5.2822490666e+07 3.0774103543e+00 4.3023026647e+01 -1.8428146037e+09
1.5966489343e+05 1.8870548502e-13 5.2769571702e-14 -6.4169468244e+06 -4.3004421372e+04 -1.0698337759e-18 1.6003665997e-17 3.2961341823e+02 -4.8927298733e+03 -4.2574096809e+11 -3.5873332547e+06 5.3985689411e+07 3.2530425983e+00 4.6125755636e+01 -1.9226354266e+09
1.5966814648e+05 1.8870193190e-13 5.2821631761e-14 -6.4158407132e+06 -5.8670831512e+04 -1.1146536700e-18 1.6003310587e-17 3.5013520080e+02 -4.7372571980e+03 -4.3212558041e+11 -3.6805625103e+06 5.5305084642e+07 3.3456312378e+00 4.9569202711e+01 -2.0014319740e+09
1.5967149211e+05 1.8869812556e-13 5.2875172168e-14 -6.4146367061e+06 -7.4236020245e+04 -1.1607627565e-18 1.6002832609e-17 3.6925978713e+02 -4.5654933289e+03 -4.3894390896e+11 -3.7933669913e+06 5.6762223046e+07 3.3897143395e+00 5.3230734885e+01 -2.0724543810e+09
1.5967488182e+05 1.8869411170e-13 5.2929416219e-14 -6.4133553701e+06 -8.9399131148e+04 -1.2074936161e-18 1.6002236117e-17 3.8635114179e+02 -4.3789428457e+03 -4.4607009395e+11 -3.9271671700e+06 5.8344339904e+07 3.2346440571e+00 5.6981163595e+01 -2.1291356634e+09
1.5967811647e+05 1.8869013375e-13 5.2981176699e-14 -6.4120824524e+06 -1.0325967858e+05 -1.2521002364e-18 1.6001565695e-17 4.0030072019e+02 -4.1892401335e+03 -4.5301912357e+11 -4.0749864904e+06 5.9952809193e+07 3.0854348120e+00 6.0494898351e+01 -2.1639470687e+09
1.5968120190e+05 1.8868620482e-13 5.3030547386e-14 -6.4108298020e+06 -1.1589284275e+05 -1.2946617573e-18 1.6000837959e-17 4.1128562024e+02 -3.9980487144e+03 -4.5971933282e+11 -4.2357922424e+06 6.1573590219e+07 2.9604855637e+00 6.3674346137e+01 -2.1752911929e+09
1.5968416239e+05 1.8868231153e-13 5.3077916506e-14 -6.4095993777e+06 -1.2744656025e+05 -1.3355113430e-18 1.6000062305e-17 4.1956914185e+02 -3.8058890882e+03 -4.6614671041e+11 -4.4093360347e+06 6.3202314834e+07 2.8551987974e+00 6.6452627027e+01 -2.1627701116e+09
1.5968701758e+05 1.8867844212e-13 5.3123598715e-14 -6.4083926070e+06 -1.3803989504e+05 -1.3749190851e-18 1.5999245807e-17 4.2538573057e+02 -3.6134174310e+03 -4.7227623355e+11 -4.5952380664e+06 6.4833447795e+07 2.7653083213e+00 6.8769631094e+01 -2.1267797671e+09
1.5968978289e+05 1.8867458726e-13 5.3167840398e-14 -6.4072108837e+06 -1.4776779819e+05 -1.4130964721e-18 1.5998394127e-17 4.2895218867e+02 -3.4214520544e+03 -4.7808224658e+11 -4.7929185278e+06 6.6460067263e+07 2.6871110651e+00 7.0574765449e+01 -2.0685470274e+09
1.5969247000e+05 1.8867074026e-13 5.3210828686e-14 -6.4060557671e+06 -1.5670640542e+05 -1.4502040764e-18 1.5997512111e-17 4.3047822320e+02 -3.2309650387e+03 -4.8354001451e+11 -5.0015538473e+06 6.8073939500e+07 2.6172797991e+00 7.1830496727e+01 -1.9901277436e+09
1.5969508728e+05 1.8866689736e-13 5.3252697474e-14 -6.4049291053e+06 -1.6491720122e+05 -1.4863566725e-18 1.5996604257e-17 4.3017433112e+02 -3.0430646963e+03 -4.8862735417e+11 -5.2200402337e+06 6.9665670702e+07 2.5528421079e+00 7.2515778930e+01 -1.8943453334e+09
1.5969764013e+05 1.8866305791e-13 5.3293533102e-14 -6.4038330559e+06 -1.7245068907e+05 -1.5216280769e-18 1.5995675032e-17 4.2825695975e+02 -2.8589593521e+03 -4.9332643978e+11 -5.4469787172e+06 7.1225016796e+07 2.4913109542e+00 7.2628893274e+01 -1.7846576582e+09
1.5970013144e+05 1.8865922418e-13 5.3333382131e-14 -6.4027699722e+06 -1.7934992474e+05 -1.5560578042e-18 1.5994729037e-17 4.2495030195e+02 -2.6798949796e+03 -4.9762572609e+11 -5.6806996400e+06 7.2741414483e+07 2.4309022728e+00 7.2188995201e+01 -1.6649462320e+09
1.5970256234e+05 1.8865540071e-13 5.3372262597e-14 -6.4017421541e+06 -1.8565391453e+05 -1.5896607444e-18 1.5993770971e-17 4.2048405165e+02 -2.5070675106e+03 -5.0152169864e+11 -5.9193395262e+06 7.4204726397e+07 2.3707152395e+00 7.1235600987e+01 -1.5392388831e+09
1.5970493305e+05 1.8865159323e-13 5.3410178135e-14 -6.4007515146e+06 -1.9140052992e+05 -1.6224393490e-18 1.5992805418e-17 4.1508720910e+02 -2.3415237731e+03 -5.0501996665e+11 -6.1609665149e+06 7.5606081888e+07 2.3107460870e+00 6.9825573887e+01 -1.4114026659e+09
1.5970724380e+05 1.8864780726e-13 5.3447132333e-14 -6.3997992632e+06 -1.9662844816e+05 -1.6543960273e-18 1.5991836549e-17 4.0897933337e+02 -2.1840753628e+03 -5.0813524696e+11 -6.4037287414e+06 7.6938607284e+07 2.2516838793e+00 6.8027902576e+01 -1.2848645021e+09
1.5970949548e+05 1.8864404702e-13 5.3483139807e-14 -6.3988857112e+06 -2.0137781355e+05 -1.6855427337e-18 1.5990867829e-17 4.0236166512e+02 -2.0352490079e+03 -5.1089010575e+11 -6.6459870521e+06 7.8197846109e+07 2.1945646971e+00 6.5917352165e+01 -1.1624159028e+09
1.5971169005e+05 1.8864031467e-13 5.3518231745e-14 -6.3980102511e+06 -2.0568974126e+05 -1.7159057822e-18 1.5989901862e-17 3.9541047423e+02 -1.8952833068e+03 -5.1331277038e+11 -6.8864003002e+06 7.9381785814e+07 2.1404287456e+00 6.3568402482e+01 -1.0461307869e+09
1.5971383048e+05 1.8863661020e-13 5.3552455965e-14 -6.3971714883e+06 -2.0960514204e+05 -1.7455259193e-18 1.5988940369e-17 3.8827385698e+02 -1.7641643664e+03 -5.1543460272e+11 -7.1239530060e+06 8.0490554768e+07 2.0900922206e+00 6.1050574335e+01 -9.3738797787e+08
1.5971592057e+05 1.8863293166e-13 5.3585873329e-14 -6.3963674552e+06 -2.1316342375e+05 -1.7744552376e-18 1.5987984289e-17 3.8107182783e+02 -1.6416825909e+03 -5.1728779802e+11 -7.3579361424e+06 8.1525940149e+07 2.0440595117e+00 5.8425567361e+01 -8.3696411030e+08
1.5971796463e+05 1.8862927564e-13 5.3618552751e-14 -6.3955958384e+06 -2.1640145424e+05 -1.8027528678e-18 1.5987033944e-17 3.7389870108e+02 -1.5274930791e+03 -5.1890363599e+11 -7.5879011673e+06 8.2490875539e+07 2.0025386799e+00 5.5746037122e+01 -7.4515751741e+08
1.5971996717e+05 1.8862563780e-13 5.3650566461e-14 -6.3948541716e+06 -2.1935293218e+05 -1.8304808798e-18 1.5986089208e-17 3.6682660493e+02 -1.4211683654e+03 -5.2031135501e+11 -7.8136056724e+06 8.3388993645e+07 1.9655065866e+00 5.3055549888e+01 -6.6191305935e+08
1.5972193267e+05 1.8862201323e-13 5.3681986304e-14 -6.3941399784e+06 -2.2204814010e+05 -1.8577010806e-18 1.5985149657e-17 3.5990924242e+02 -1.3222390746e+03 -5.2153755888e+11 -8.0349622928e+06 8.4224281618e+07 1.9327841960e+00 5.0389234606e+01 -5.8693124951e+08
1.5972386546e+05 1.8861839682e-13 5.3712881246e-14 -6.3934508659e+06 -2.2451397916e+05 -1.8844728514e-18 1.5984214684e-17 3.5318538148e+02 -1.2302225667e+03 -5.2260600878e+11 -8.2519961259e+06 8.5000838274e+07 1.9041009107e+00 4.7774762586e+01 -5.1975570397e+08
1.5972576956e+05 1.8861478348e-13 5.3743315919e-14 -6.3927845791e+06 -2.2677417650e+05 -1.9108518745e-18 1.5983283584e-17 3.4668185254e+02 -1.1446417274e+03 -5.2353766045e+11 -8.4648116482e+06 8.5722714879e+07 1.8791425432e+00 4.5233419652e+01 -4.5983924578e+08
1.5972764870e+05 1.8861116825e-13 5.3773349917e-14 -6.3921390278e+06 -2.2884957964e+05 -1.9368895241e-18 1.5982355614e-17 3.4041600792e+02 -1.0650364527e+03 -5.2435083973e+11 -8.6735681704e+06 8.6393817877e+07 1.8575832451e+00 4.2781139988e+01 -4.0659173190e+08
1.5972950629e+05 1.8860754641e-13 5.3803037614e-14 -6.3915122952e+06 -2.3075847953e+05 -1.9626326984e-18 1.5981430028e-17 3.3439768732e+02 -9.9097009466e+02 -5.2506148386e+11 -8.8784621324e+06 8.7017854323e+07 1.8391057151e+00 4.0429440886e+01 -3.5941339975e+08
1.5973134539e+05 1.8860391348e-13 5.3832428305e-14 -6.3909026359e+06 -2.3251692843e+05 -1.9881239334e-18 1.5980506102e-17 3.2863076330e+02 -9.2203256986e+02 -5.2568340404e+11 -9.0797146424e+06 8.7598305598e+07 1.8234124014e+00 3.8186236602e+01 -3.1771723750e+08
1.5973316880e+05 1.8860026527e-13 5.3861566518e-14 -6.3903084671e+06 -2.3413903397e+05 -2.0134016717e-18 1.5979583146e-17 3.2311434729e+02 -8.5784137126e+02 -5.2622854360e+11 -9.2775628317e+06 8.8138418889e+07 1.8102314335e+00 3.6056531661e+01 -2.8094330469e+08
1.5973497904e+05 1.8859659783e-13 5.3890492427e-14 -6.3897283572e+06 -2.3563722227e+05 -2.0385006139e-18 1.5978660508e-17 3.1784372618e+02 -7.9804129567e+02 -5.2670721853e+11 -9.4722539938e+06 8.8641209540e+07 1.7993191462e+00 3.4043002656e+01 -2.4856726510e+08
1.5973677835e+05 1.8859290747e-13 5.3919242308e-14 -6.3891610134e+06 -2.3702246819e+05 -2.0634521061e-18 1.5977737581e-17 3.1281108844e+02 -7.4230342948e+02 -5.2712833473e+11 -9.6640417260e+06 8.9109469681e+07 1.7904605719e+00 3.2146481619e+01 -2.2010484385e+08
1.5973856881e+05 1.8858919071e-13 5.3947848991e-14 -6.3886052690e+06 -2.3830449438e+05 -2.0882845345e-18 1.5976813796e-17 3.0800608717e+02 -6.9032374166e+02 -5.2749958030e+11 -9.8531834994e+06 8.9545780183e+07 1.7834689128e+00 3.0366354638e+01 -1.9511347265e+08
1.5974035228e+05 1.8858544426e-13 5.3976342317e-14 -6.3880600713e+06 -2.3949194184e+05 -2.1130237134e-18 1.5975888621e-17 3.0341627764e+02 -6.4182150118e+02 -5.2782759379e+11 -1.0039939256e+07 8.9952524082e+07 1.7781849735e+00 2.8700888442e+01 -1.7319204109e+08
1.5974213047e+05 1.8858166498e-13 5.4004749579e-14 -6.3875244701e+06 -2.4059251581e+05 -2.1376932653e-18 1.5974961555e-17 2.9902745761e+02 -5.9653764198e+02 -5.2811811018e+11 -1.0224570791e+07 9.0331900451e+07 1.7744760860e+00 2.7147495901e+01 -1.5397941050e+08
1.5974390494e+05 1.8857784984e-13 5.4033095942e-14 -6.3869976077e+06 -2.4161311005e+05 -2.1623149873e-18 1.5974032124e-17 2.9482393487e+02 -5.5423316876e+02 -5.2837608682e+11 -1.0407341658e+07 9.0685937909e+07 1.7722356970e+00 2.5702950688e+01 -1.3715216850e+08
1.5974567718e+05 1.8857399592e-13 5.4061404866e-14 -6.3864787089e+06 -2.4255991287e+05 -2.1869092116e-18 1.5973099868e-17 2.9078873925e+02 -5.1468763591e+02 -5.2860581199e+11 -1.0588517528e+07 9.1016507506e+07 1.7713832695e+00 2.4363558980e+01 -1.2242195048e+08
1.5974744856e+05 1.8857010029e-13 5.4089698520e-14 -6.3859670722e+06 -2.4343849780e+05 -2.2114951650e-18 1.5972164338e-17 2.8690379432e+02 -4.7769772543e+02 -5.2881099811e+11 -1.0768366874e+07 9.1325334760e+07 1.7718645214e+00 2.3125295336e+01 -1.0953256117e+08
1.5974922043e+05 1.8856616003e-13 5.4117998200e-14 -6.3854620614e+06 -2.4425390106e+05 -2.2360913324e-18 1.5971225084e-17 2.8315006110e+02 -4.4307593709e+02 -5.2899486174e+11 -1.0947161918e+07 9.1614010736e+07 1.7736525226e+00 2.1983908798e+01 -9.8257055325e+07
1.5975099408e+05 1.8856217214e-13 5.4146324767e-14 -6.3849630975e+06 -2.4501068813e+05 -2.2607158355e-18 1.5970281643e-17 2.7950766332e+02 -4.1064938580e+02 -5.2916019234e+11 -1.1125179831e+07 9.1884002195e+07 1.7767491316e+00 2.0935004043e+01 -8.8394880551e+07
1.5975277083e+05 1.8855813350e-13 5.4174699109e-14 -6.3844696507e+06 -2.4571301098e+05 -2.2853868323e-18 1.5969333530e-17 2.7595600301e+02 -3.8025870910e+02 -5.2930941128e+11 -1.1302704137e+07 9.2136660816e+07 1.7811874415e+00 1.9974102093e+01 -7.9769151902e+07
1.5975455202e+05 1.8855404077e-13 5.4203142637e-14 -6.3839812327e+06 -2.4636465738e+05 -2.3101229503e-18 1.5968380220e-17 2.7247387249e+02 -3.5175707196e+02 -5.2944462253e+11 -1.1480026343e+07 9.2373231559e+07 1.7870347140e+00 1.9096684069e+01 -7.2224096627e+07
1.5975633905e+05 1.8854989032e-13 5.4231677830e-14 -6.3834973885e+06 -2.4696909352e+05 -2.3349437611e-18 1.5967421131e-17 2.6903956836e+02 -3.2500926646e+02 -5.2956765626e+11 -1.1657447810e+07 9.2594860229e+07 1.7943962009e+00 1.8298221384e+01 -6.5622692328e+07
1.5975813345e+05 1.8854567815e-13 5.4260328844e-14 -6.3830176876e+06 -2.4752950082e+05 -2.3598703088e-18 1.5966455611e-17 2.6563101078e+02 -2.9989089566e+02 -5.2968010645e+11 -1.1835281893e+07 9.2802600293e+07 1.8034197875e+00 1.7574195129e+01 -5.9844506347e+07
1.5975993687e+05 1.8854139972e-13 5.4289122189e-14 -6.3825417154e+06 -2.4804880762e+05 -2.3849257027e-18 1.5965482908e-17 2.6222587003e+02 -2.7628763440e+02 -5.2978336318e+11 -1.2013856401e+07 9.2997419035e+07 1.8143016332e+00 1.6920107196e+01 -5.4783736183e+07
1.5976175117e+05 1.8853704987e-13 5.4318087502e-14 -6.3820690637e+06 -2.4852971655e+05 -2.4101357894e-18 1.5964502153e-17 2.5880170020e+02 -2.5409455836e+02 -5.2987864067e+11 -1.2193516482e+07 9.3180203112e+07 1.8235148543e+00 1.6331485320e+01 -5.0347444613e+07
1.5976357468e+05 1.8853263185e-13 5.4347198108e-14 -6.3816002843e+06 -2.4897384671e+05 -2.4354774110e-18 1.5963514372e-17 2.5534327322e+02 -2.3325724395e+02 -5.2996682590e+11 -1.2374253276e+07 9.3351421257e+07 1.8230629911e+00 1.5804910883e+01 -4.6461490830e+07
1.5976539775e+05 1.8852816873e-13 5.4376299699e-14 -6.3811379536e+06 -2.4938115430e+05 -2.4608162440e-18 1.5962524938e-17 2.5185189040e+02 -2.1380401323e+02 -5.3004836884e+11 -1.2555253541e+07 9.3510864819e+07 1.8222409660e+00 1.5338507284e+01 -4.3072198828e+07
1.5976721999e+05 1.8852366145e-13 5.4405386363e-14 -6.3806822344e+06 -2.4975402840e+05 -2.4861471063e-18 1.5961534197e-17 2.4831337773e+02 -1.9565268890e+02 -5.3012409892e+11 -1.2736606808e+07 9.3659234367e+07 1.8206716814e+00 1.4927199108e+01 -4.0111218529e+07
1.5976904066e+05 1.8851911195e-13 5.4434446174e-14 -6.3802334013e+06 -2.5009466478e+05 -2.5114595682e-18 1.5960542690e-17 2.4471675833e+02 -1.7873115489e+02 -5.3019471729e+11 -1.2918344096e+07 9.3797146128e+07 1.8180472300e+00 1.4566007531e+01 -3.7519270928e+07
1.5977085871e+05 1.8851452302e-13 5.4463462294e-14 -6.3797918124e+06 -2.5040511605e+05 -2.5367389112e-18 1.5959551122e-17 2.4105452194e+02 -1.6297509365e+02 -5.3026081763e+11 -1.3100441341e+07 9.3925151007e+07 1.8140010968e+00 1.4250032509e+01 -3.5244783831e+07
1.5977267271e+05 1.8850989849e-13 5.4492412038e-14 -6.3793579116e+06 -2.5068730979e+05 -2.5619653101e-18 1.5958560393e-17 2.3732308056e+02 -1.4832708088e+02 -5.3032289873e+11 -1.3282810647e+07 9.4043742477e+07 1.8081231177e+00 1.3974479748e+01 -3.3242960658e+07
1.5977448083e+05 1.8850524340e-13 5.4521266187e-14 -6.3789322254e+06 -2.5094306807e+05 -2.5871132227e-18 1.5957571619e-17 2.3352310445e+02 -1.3473546112e+02 -5.3038137617e+11 -1.3465293778e+07 9.4153366289e+07 1.7999885725e+00 1.3734693542e+01 -3.1474970372e+07
1.5977628082e+05 1.8850056410e-13 5.4549988746e-14 -6.3785153516e+06 -2.5117412806e+05 -2.6121511844e-18 1.5956586149e-17 2.2965966929e+02 -1.2215300763e+02 -5.3043659329e+11 -1.3647659684e+07 9.4254431914e+07 1.7892034666e+00 1.3526195991e+01 -2.9907243805e+07
1.5977807002e+05 1.8849586816e-13 5.4578537449e-14 -6.3781079372e+06 -2.5138216269e+05 -2.6370422327e-18 1.5955605541e-17 2.2574214070e+02 -1.1053540401e+02 -5.3048883205e+11 -1.3829608017e+07 9.4347325357e+07 1.7754611088e+00 1.3344731628e+01 -2.8510858600e+07
1.5977984548e+05 1.8849116427e-13 5.4606865141e-14 -6.3777106449e+06 -2.5156879945e+05 -2.6617451190e-18 1.5954631521e-17 2.2178374147e+02 -9.9839653698e+01 -5.3053832400e+11 -1.4010780048e+07 9.4432422388e+07 1.7585992314e+00 1.3186315161e+01 -2.7260996069e+07
1.5978160408e+05 1.8848646181e-13 5.4634922095e-14 -6.3773241100e+06 -2.5173563476e+05 -2.6862163178e-18 1.5953665900e-17 2.1780079132e+02 -9.0022589271e+01 -5.3058526112e+11 -1.4190777124e+07 9.4510100745e+07 1.7386420459e+00 1.3047278450e+01 -2.6136455275e+07
1.5978334273e+05 1.8848177040e-13 5.4662658979e-14 -6.3769488935e+06 -2.5188424129e+05 -2.7104126216e-18 1.5952710471e-17 2.1381167535e+02 -8.1039691076e+01 -5.3062980619e+11 -1.4369184936e+07 9.4580749557e+07 1.7158125421e+00 1.2924311639e+01 -2.5119213212e+07
1.5978505854e+05 1.8847709936e-13 5.4690030030e-14 -6.3765854391e+06 -2.5201616672e+05 -2.7342939097e-18 1.5951766901e-17 2.0983566527e+02 -7.2844401865e+01 -5.3067210200e+11 -1.4545600074e+07 9.4644774517e+07 1.6905098952e+00 1.2814493116e+01 -2.4194023927e+07
1.5978674905e+05 1.8847245711e-13 5.4716995864e-14 -6.3762340406e+06 -2.5213292416e+05 -2.7578256039e-18 1.5950836634e-17 2.0589175409e+02 -6.5388026144e+01 -5.3071227868e+11 -1.4719654597e+07 9.4702598154e+07 1.6632562666e+00 1.2715303921e+01 -2.3348051968e+07
1.5978841230e+05 1.8846785089e-13 5.4743525431e-14 -6.3758948272e+06 -2.5223597679e+05 -2.7809803854e-18 1.5949920818e-17 2.0199766113e+02 -5.8620179754e+01 -5.3075045887e+11 -1.4891034742e+07 9.4754655598e+07 1.6346290187e+00 1.2624624628e+01 -2.2570538376e+07
1.5979004693e+05 1.8846328642e-13 5.4769596899e-14 -6.3755677657e+06 -2.5232672001e+05 -2.8037389684e-18 1.5949020281e-17 1.9816911086e+02 -5.2489634368e+01 -5.3078676064e+11 -1.5059491677e+07 9.4801387224e+07 1.6051950650e+00 1.2540715500e+01 -2.1852497882e+07
1.5979165213e+05 1.8845876793e-13 5.4795197477e-14 -6.3752526772e+06 -2.5240646494e+05 -2.8260899591e-18 1.5948135528e-17 1.9441941992e+02 -4.6945347711e+01 -5.3082129873e+11 -1.5224844166e+07 9.4843229918e+07 1.5754607020e+00 1.2462183262e+01 -2.1186446812e+07
1.5979322759e+05 1.8845429825e-13 5.4820322454e-14 -6.3749492635e+06 -2.5247642582e+05 -2.8480290165e-18 1.5947266782e-17 1.9075936326e+02 -4.1937479351e+01 -5.3085418442e+11 -1.5386974699e+07 9.4880608649e+07 1.5458417706e+00 1.2387939194e+01 -2.0566161107e+07
1.5979477343e+05 1.8844987901e-13 5.4844973746e-14 -6.3746571372e+06 -2.5253771263e+05 -2.8695575958e-18 1.5946414029e-17 1.8719725367e+02 -3.7418251059e+01 -5.3088552488e+11 -1.5545821306e+07 9.4913929450e+07 1.5166534387e+00 1.2317153459e+01 -1.9986463967e+07
1.5979629008e+05 1.8844551087e-13 5.4869158295e-14 -6.3743758513e+06 -2.5259132894e+05 -2.8906815489e-18 1.5945577076e-17 1.8373915761e+02 -3.3342579916e+01 -5.3091542229e+11 -1.5701367370e+07 9.4943574370e+07 1.4881135440e+00 1.2249209739e+01 -1.9443042015e+07
1.5979777820e+05 1.8844119378e-13 5.4892886513e-14 -6.3741049249e+06 -2.5263817404e+05 -2.9114097701e-18 1.5944755604e-17 1.8038918165e+02 -2.9668475567e+01 -5.3094397306e+11 -1.5853631103e+07 9.4969898422e+07 1.4603543613e+00 1.2183663114e+01 -1.8932288712e+07
1.5979923855e+05 1.8843692724e-13 5.4916170917e-14 -6.3738438643e+06 -2.5267904834e+05 -2.9317530053e-18 1.5943949215e-17 1.7714977941e+02 -2.6357228707e+01 -5.3097126727e+11 -1.6002655823e+07 9.4993228266e+07 1.4334376500e+00 1.2120202837e+01 -1.8451172915e+07
1.5980067199e+05 1.8843271044e-13 5.4939025007e-14 -6.3735921793e+06 -2.5271466070e+05 -2.9517228699e-18 1.5943157474e-17 1.7402204789e+02 -2.3373435875e+01 -5.3099738836e+11 -1.6148501572e+07 9.5013862232e+07 1.4073695728e+00 1.2058620680e+01 -1.7997130107e+07
1.5980207936e+05 1.8842854248e-13 5.4961462375e-14 -6.3733493949e+06 -2.5274563678e+05 -2.9713310737e-18 1.5942379940e-17 1.7100599674e+02 -2.0684908083e+01 -5.3102241310e+11 -1.6291238200e+07 9.5032071285e+07 1.3821139483e+00 1.1998784823e+01 -1.7567973609e+07
1.5980346147e+05 1.8842442245e-13 5.4983496033e-14 -6.3731150595e+06 -2.5277252760e+05 -2.9905888307e-18 1.5941616187e-17 1.6810078352e+02 -1.8262504281e+01 -5.3104641165e+11 -1.6430939837e+07 9.5048100581e+07 1.3576032800e+00 1.1940618873e+01 -1.7161822895e+07
1.5980481908e+05 1.8842034958e-13 5.5005137914e-14 -6.3728887498e+06 -2.5279581795e+05 -3.0095064222e-18 1.5940865823e-17 1.6530491383e+02 -1.6079921691e+01 -5.3106944786e+11 -1.6567680586e+07 9.5062171358e+07 1.3337467250e+00 1.1884085345e+01 -1.6777046241e+07
1.5980481908e+05 1.8842034958e-13 5.5005137914e-14 -6.3728887498e+06 -2.5279581795e+05 -3.0095064222e-18 1.5940865823e-17 1.6530491383e+02 -1.6079921691e+01 -5.3106944786e+11 -1.6567680586e+07 9.5062171358e+07 1.3337467250e+00 1.1884085345e+01 -1.6777046241e+07
