0.0000000000e+00 0.0000000000e+00 0.0000000000e+00 3.1415900000e+08 0.0000000000e+00 0.0000000000e+00 0.0000000000e+00 -1.1788913570e+03 2.2408741320e+02 -4.6638893029e+09 -1.0020576534e+07 1.9047430122e+06 1.0000000000e+01 0.0000000000e+00 -0.0000000000e+00
1.0000000000e+01 2.8740014678e-22 6.8335640523e-28 3.1414721088e+08 2.2408741315e+03 5.7480748375e-23 2.0501076825e-28 -1.1789317423e+03 2.2408741306e+02 -4.6638893029e+09 -1.0020576535e+07 1.9047430122e+06 5.0000000000e+01 0.0000000000e+00 -0.0000000000e+00
6.0000000000e+01 1.0347699753e-20 1.4764653869e-25 3.1408825925e+08 1.3445244688e+04 3.4494921917e-22 7.3831582654e-27 -1.1791337143e+03 2.2408740801e+02 -4.6638893029e+09 -1.0020576535e+07 1.9047430122e+06 2.5000000000e+02 0.0000000000e+00 -0.0000000000e+00
3.1000000000e+02 2.7639905974e-19 2.0392304871e-23 3.1379334948e+08 6.9467083765e+04 1.7839122216e-21 1.9745985441e-25 -1.1801447127e+03 2.2408727447e+02 -4.6638893029e+09 -1.0020576535e+07 1.9047430122e+06 1.2500000000e+03 0.0000000000e+00 -0.0000000000e+00
1.5600000000e+03 7.0214451280e-18 2.6171303220e-21 3.1231499630e+08 3.4957452583e+05 9.0195490779e-21 5.0477941271e-24 -1.1852283861e+03 2.2408386668e+02 -4.6638893029e+09 -1.0020576535e+07 1.9047430122e+06 3.6000000000e+03 0.0000000000e+00 -0.0000000000e+00
5.1600000000e+03 7.7526729722e-17 9.6684121717e-20 3.0802145123e+08 1.1562231230e+06 3.0247938902e-20 5.6770792811e-23 -1.2001432030e+03 2.2404752671e+02 -4.6638893028e+09 -1.0020576535e+07 1.9047430122e+06 3.6000000000e+03 0.0000000000e+00 -0.0000000000e+00
8.7600000000e+03 2.2553058380e-16 4.8310946265e-19 3.0367345658e+08 1.9626663126e+06 5.2079730006e-20 1.6829601618e-22 -1.2154819626e+03 2.2396917040e+02 -4.6638893027e+09 -1.0020576535e+07 1.9047430122e+06 3.6000000000e+03 0.0000000000e+00 -0.0000000000e+00
1.2360000000e+04 4.5326534665e-16 1.3864193550e-18 2.9926944393e+08 2.7687463452e+06 7.4548750213e-20 3.4484336764e-22 -1.2312684319e+03 2.2384513031e+02 -4.6638893026e+09 -1.0020576535e+07 1.9047430122e+06 3.6000000000e+03 0.0000000000e+00 -0.0000000000e+00
1.5960000000e+04 7.6309007906e-16 3.0509174514e-18 2.9480775583e+08 3.5742915760e+06 9.7691620713e-20 5.9219186551e-22 -1.2475283404e+03 2.2367134616e+02 -4.6638893025e+09 -1.0020576535e+07 1.9047430122e+06 3.6000000000e+03 0.0000000000e+00 -0.0000000000e+00
1.9560000000e+04 1.1575011630e-15 5.7428276259e-18 2.9028663836e+08 4.3791149591e+06 1.2154806468e-19 9.1675365620e-22 -1.2642895973e+03 2.2344331287e+02 -4.6638893023e+09 -1.0020576535e+07 1.9047430122e+06 3.6000000000e+03 0.0000000000e+00 -0.0000000000e+00
2.3160000000e+04 1.6391440879e-15 9.7527239735e-18 2.8570423282e+08 5.1830123406e+06 1.4616125903e-19 1.3256599142e-21 -1.2815825380e+03 2.2315602014e+02 -4.6638893021e+09 -1.0020576535e+07 1.9047430122e+06 3.6000000000e+03 0.0000000000e+00 -0.0000000000e+00
2.6760000000e+04 2.2108265917e-15 1.5398294781e-17 2.8105856653e+08 5.9857605165e+06 1.7157823662e-19 1.8268608995e-21 -1.2994402075e+03 2.2280388222e+02 -4.6638893019e+09 -1.0020576535e+07 1.9047430122e+06 3.6000000000e+03 0.0000000000e+00 -0.0000000000e+00
3.0360000000e+04 2.8755333540e-15 2.3027496270e-17 2.7634754250e+08 6.7871150168e+06 1.9785034785e-19 2.4292429514e-21 -1.3178986837e+03 2.2238065568e+02 -4.6638893016e+09 -1.0020576535e+07 1.9047430122e+06 3.6000000000e+03 0.0000000000e+00 -0.0000000000e+00
3.3960000000e+04 3.6364424730e-15 3.3022163016e-17 2.7156892782e+08 7.5868075690e+06 2.2503379218e-19 3.1427658350e-21 -1.3369974519e+03 2.2187934290e+02 -4.6638893013e+09 -1.0020576535e+07 1.9047430122e+06 3.6000000000e+03 0.0000000000e+00 -0.0000000000e+00
3.7560000000e+04 4.4969440013e-15 4.5802155646e-17 2.6672034068e+08 8.3845431841e+06 2.5319023277e-19 3.9786246664e-21 -1.3567798358e+03 2.2129207832e+02 -4.6638893010e+09 -1.0020576535e+07 1.9047430122e+06 3.6000000000e+03 0.0000000000e+00 -0.0000000000e+00
4.1160000000e+04 5.4606608670e-15 6.1830143417e-17 2.6179923566e+08 9.1799967960e+06 2.8238750992e-19 4.9494416716e-21 -1.3772934993e+03 2.2060999371e+02 -4.6638893006e+09 -1.0020576535e+07 1.9047430122e+06 3.6000000000e+03 0.0000000000e+00 -0.0000000000e+00
4.4760000000e+04 6.5314725702e-15 8.1617140449e-17 2.5680288707e+08 9.9728093722e+06 3.1270047292e-19 6.0694943529e-21 -1.3985910304e+03 2.1982305787e+02 -4.6638893001e+09 -1.0020576535e+07 1.9047430122e+06 3.6000000000e+03 0.0000000000e+00 -0.0000000000e+00
4.8360000000e+04 7.7135421218e-15 1.0572894102e-16 2.5172837003e+08 1.0762583392e+07 3.4421195429e-19 7.3549883434e-21 -1.4207306265e+03 2.1891988492e+02 -4.6638892995e+09 -1.0020576535e+07 1.9047430122e+06 3.6000000000e+03 0.0000000000e+00 -0.0000000000e+00
5.1960000000e+04 9.0113467907e-15 1.3479363291e-16 2.4657253885e+08 1.1548877569e+07 3.7701391652e-19 8.8243854458e-21 -1.4437768993e+03 2.1788750380e+02 -4.6638892987e+09 -1.0020576535e+07 1.9047430122e+06 3.6000000000e+03 0.0000000000e+00 -0.0000000000e+00
5.5560000000e+04 1.0429713343e-14 1.6951041062e-16 2.4133200231e+08 1.2331200657e+07 4.1120880851e-19 1.0498800258e-20 -1.4678018281e+03 2.1671107965e+02 -4.6638892979e+09 -1.0020576535e+07 1.9047430122e+06 3.6000000000e+03 0.0000000000e+00 -0.0000000000e+00
5.9160000000e+04 1.1973858615e-14 2.1065996512e-16 2.3600309513e+08 1.3109004152e+07 4.4691117931e-19 1.2402482638e-20 -1.4928858938e+03 2.1537357481e+02 -4.6638892968e+09 -1.0020576535e+07 1.9047430122e+06 3.6000000000e+03 0.0000000000e+00 -0.0000000000e+00
6.2760000000e+04 1.3649436439e-14 2.5911679751e-16 2.3058184497e+08 1.3881673639e+07 4.8424960883e-19 1.4563408380e-20 -1.5191194351e+03 2.1385533381e+02 -4.6638892955e+09 -1.0020576535e+07 1.9047430122e+06 3.6000000000e+03 0.0000000000e+00 -0.0000000000e+00
6.6360000000e+04 1.5462592211e-14 3.1586389671e-16 2.2506393417e+08 1.4648518482e+07 5.2336903264e-19 1.7014007393e-20 -1.5466042820e+03 2.1213357177e+02 -4.6638892939e+09 -1.0020576535e+07 1.9047430122e+06 3.6000000000e+03 0.0000000000e+00 -0.0000000000e+00
6.9960000000e+04 1.7420026678e-14 3.8201034237e-16 2.1944465486e+08 1.5408759455e+07 5.6443356005e-19 1.9792068078e-20 -1.5754557359e+03 2.1018173902e+02 -4.6638892918e+09 -1.0020576535e+07 1.9047430122e+06 3.6000000000e+03 0.0000000000e+00 -0.0000000000e+00
7.3560000000e+04 1.9529070944e-14 4.5881255573e-16 2.1371885629e+08 1.6161513811e+07 6.0762991493e-19 2.2941869524e-20 -1.6058049866e+03 2.0796872558e+02 -4.6638892893e+09 -1.0020576535e+07 1.9047430122e+06 3.6000000000e+03 0.0000000000e+00 -0.0000000000e+00
7.7160000000e+04 2.1797775239e-14 5.4770013766e-16 2.0788088246e+08 1.6905777129e+07 6.5317166980e-19 2.6515611183e-20 -1.6378020878e+03 2.0545785673e+02 -4.6638892860e+09 -1.0020576535e+07 1.9047430122e+06 3.6000000000e+03 0.0000000000e+00 -0.0000000000e+00
8.0760000000e+04 2.4235014684e-14 6.5030752683e-16 2.0192449781e+08 1.7640401072e+07 7.0130450019e-19 3.0575235061e-20 -1.6716196482e+03 2.0260561276e+02 -4.6638892819e+09 -1.0020576535e+07 1.9047430122e+06 3.6000000000e+03 0.0000000000e+00 -0.0000000000e+00
8.4360000000e+04 2.6850616252e-14 7.6851311450e-16 1.9584279803e+08 1.8364065905e+07 7.5231276496e-19 3.5194771821e-20 -1.7074574549e+03 1.9935998057e+02 -4.6638892764e+09 -1.0020576535e+07 1.9047430122e+06 3.6000000000e+03 0.0000000000e+00 -0.0000000000e+00
8.7960000000e+04 2.9655512411e-14 9.0448801456e-16 1.8962810211e+08 1.9075246227e+07 8.0652782980e-19 4.0463394883e-20 -1.7455483217e+03 1.9565830799e+02 -4.6638892692e+09 -1.0020576535e+07 1.9047430122e+06 3.6000000000e+03 0.0000000000e+00 -0.0000000000e+00
9.1560000000e+04 3.2661928707e-14 1.0607574805e-15 1.8327182050e+08 1.9772167826e+07 8.6433871057e-19 4.6489444375e-20 -1.7861655664e+03 1.9142447652e+02 -4.6638892596e+09 -1.0020576535e+07 1.9047430122e+06 3.6000000000e+03 0.0000000000e+00 -0.0000000000e+00
9.5160000000e+04 3.5883615004e-14 1.2402790999e-15 1.7676429273e+08 2.0452752736e+07 9.2620584669e-19 5.3405799588e-20 -1.8296326883e+03 1.8656512671e+02 -4.6638892466e+09 -1.0020576535e+07 1.9047430122e+06 3.6000000000e+03 0.0000000000e+00 -0.0000000000e+00
9.8760000000e+04 3.9336133618e-14 1.4465435579e-15 1.7009458488e+08 2.1114548442e+07 9.9267916095e-19 6.1377157382e-20 -1.8763360569e+03 1.8096454451e+02 -4.6638892286e+09 -1.0020576535e+07 1.9047430122e+06 3.6000000000e+03 0.0000000000e+00 -0.0000000000e+00
1.0236000000e+05 4.3037222589e-14 1.6837062344e-15 1.6325023443e+08 2.1754635423e+07 1.0644220873e-18 7.0610053814e-20 -1.9267417929e+03 1.7447762010e+02 -4.6638892032e+09 -1.0020576535e+07 1.9047430122e+06 3.6000000000e+03 0.0000000000e+00 -0.0000000000e+00
1.0596000000e+05 4.7007259794e-14 1.9567616548e-15 1.5621692411e+08 2.2369504585e+07 1.1422440622e-18 8.1366914676e-20 -1.9814185969e+03 1.6691997621e+02 -4.6638891666e+09 -1.0020576535e+07 1.9047430122e+06 3.6000000000e+03 0.0000000000e+00 -0.0000000000e+00
1.0956000000e+05 5.1269864675e-14 2.2717786595e-15 1.4897805918e+08 2.2954892031e+07 1.2271452667e-18 9.3986158803e-20 -2.0410691844e+03 1.5805384374e+02 -4.6638891126e+09 -1.0020576535e+07 1.9047430122e+06 3.6000000000e+03 0.0000000000e+00 -0.0000000000e+00
1.1316000000e+05 5.5852691509e-14 2.6362234933e-15 1.4151421008e+08 2.3505552066e+07 1.3203795196e-18 1.0891163005e-19 -2.1065744736e+03 1.4756738324e+02 -4.6638890305e+09 -1.0020576535e+07 1.9047430122e+06 3.3246295073e+03 0.0000000000e+00 -0.0000000000e+00
1.1614911496e+05 5.9924476234e-14 2.9829929974e-15 1.3512958024e+08 2.3931738931e+07 1.4052570157e-18 1.2347628457e-19 -2.1662084038e+03 1.3733442833e+02 -4.6638889817e+09 -1.0020576535e+07 1.9047430122e+06 3.0084818495e+03 0.0000000000e+00 -0.0000000000e+00
1.1915759681e+05 6.4290617292e-14 3.3795464426e-15 1.2851530765e+08 2.4327288061e+07 1.4987604553e-18 1.4060536016e-19 -2.2319028204e+03 1.2529974134e+02 -4.6638889063e+09 -1.0020576535e+07 1.9047430122e+06 2.7168327103e+03 0.0000000000e+00 -0.0000000000e+00
1.2159911202e+05 6.8049625315e-14 3.7420794172e-15 1.2299599166e+08 2.4619689485e+07 1.5816092214e-18 1.5673810238e-19 -2.2901113888e+03 1.1396506644e+02 -4.6638888671e+09 -1.0020576535e+07 1.9047430122e+06 2.4580810759e+03 0.0000000000e+00 -0.0000000000e+00
1.2405719309e+05 7.2047298163e-14 4.1497980322e-15 1.1728946321e+08 2.4884056213e+07 1.6723985669e-18 1.7545485912e-19 -2.3538989148e+03 1.0081489336e+02 -4.6638888080e+09 -1.0020576535e+07 1.9047430122e+06 2.2186058404e+03 0.0000000000e+00 -0.0000000000e+00
1.2604773069e+05 7.5454687470e-14 4.5159596487e-15 1.1254884400e+08 2.5072849791e+07 1.7521979019e-18 1.9280805117e-19 -2.4099649888e+03 8.8622744775e+01 -4.6638887784e+09 -1.0020576535e+07 1.9047430122e+06 2.0054097510e+03 0.0000000000e+00 -0.0000000000e+00
1.2785121433e+05 7.8684127002e-14 4.8793809468e-15 1.0815376651e+08 2.5221652245e+07 1.8300832104e-18 2.1056446339e-19 -2.4646862902e+03 7.6147298454e+01 -4.6638887533e+09 -1.0020576535e+07 1.9047430122e+06 1.8174535258e+03 0.0000000000e+00 -0.0000000000e+00
1.2947952336e+05 8.1724833902e-14 5.2366203243e-15 1.0409780217e+08 2.5335543620e+07 1.9055954203e-18 2.2855797466e-19 -2.5177402805e+03 6.3505269118e+01 -4.6638887327e+09 -1.0020576535e+07 1.9047430122e+06 1.6424866769e+03 0.0000000000e+00 -0.0000000000e+00
1.3094200250e+05 8.4564213752e-14 5.5838269354e-15 1.0037878328e+08 2.5419323507e+07 1.9781690307e-18 2.4657817635e-19 -2.5687296454e+03 5.0844487415e+01 -4.6638887164e+09 -1.0020576535e+07 1.9047430122e+06 1.4775412936e+03 0.0000000000e+00 -0.0000000000e+00
1.3224385147e+05 8.7183849487e-14 5.9162057435e-15 9.7003519527e+07 2.5477526035e+07 2.0470224712e-18 2.6433784371e-19 -2.6171052626e+03 3.8366754067e+01 -4.6638887043e+09 -1.0020576535e+07 1.9047430122e+06 1.3190235259e+03 0.0000000000e+00 -0.0000000000e+00
1.3338375373e+05 8.9553362606e-14 6.2271137832e-15 9.3994906564e+07 2.5514523453e+07 2.1109760303e-18 2.8141605131e-19 -2.6620382809e+03 2.6367806324e+01 -4.6638886962e+09 -1.0020576535e+07 1.9047430122e+06 1.1619578394e+03 0.0000000000e+00 -0.0000000000e+00
1.3434655170e+05 9.1612999953e-14 6.5055133565e-15 9.1412795396e+07 2.5534674093e+07 2.1679367708e-18 2.9710222883e-19 -2.7020582270e+03 1.5346882544e+01 -4.6638886918e+09 -1.0020576535e+07 1.9047430122e+06 9.9844509501e+02 0.0000000000e+00 -0.0000000000e+00
1.3506348639e+05 9.3183055671e-14 6.7229583197e-15 8.9464504600e+07 2.5542555862e+07 2.2122584952e-18 3.0961942914e-19 -2.7331981492e+03 6.5524448656e+00 -4.6638886906e+09 -1.0020576535e+07 1.9047430122e+06 8.2178924880e+02 0.0000000000e+00 -0.0000000000e+00
1.3579792031e+05 9.4825038012e-14 6.9553088245e-15 8.7445049331e+07 2.5543886527e+07 2.2594822861e-18 3.2325795927e-19 -2.7663770291e+03 -3.0298259494e+00 -4.6638886890e+09 -1.0020576535e+07 1.9047430122e+06 6.9917920016e+02 0.0000000000e+00 -0.0000000000e+00
1.3649709951e+05 9.6421070980e-14 7.1861063900e-15 8.5499439029e+07 2.5538408131e+07 2.3062743232e-18 3.3708043201e-19 -2.7992525639e+03 -1.2741332676e+01 -4.6638886874e+09 -1.0020576535e+07 1.9047430122e+06 8.6148030170e+02 0.0000000000e+00 -0.0000000000e+00
1.3735857981e+05 9.8433640756e-14 7.4842618100e-15 8.3069839499e+07 2.5521974533e+07 2.3665861791e-18 3.5535256698e-19 -2.8416269642e+03 -2.5579119742e+01 -4.6638886821e+09 -1.0020576535e+07 1.9047430122e+06 9.4335243073e+02 0.0000000000e+00 -0.0000000000e+00
1.3830193224e+05 1.0069873238e-13 7.8295974115e-15 8.0366302744e+07 2.5490739208e+07 2.4363012432e-18 3.7711771504e-19 -2.8906079481e+03 -4.0871056707e+01 -4.6638886715e+09 -1.0020576535e+07 1.9047430122e+06 9.8330315474e+02 0.0000000000e+00 -0.0000000000e+00
1.3928523540e+05 1.0313190483e-13 8.2124665809e-15 7.7497576818e+07 2.5442085694e+07 2.5134857643e-18 4.0202744198e-19 -2.9448368846e+03 -5.8372337798e+01 -4.6638886544e+09 -1.0020576535e+07 1.9047430122e+06 9.9792028425e+02 0.0000000000e+00 -0.0000000000e+00
1.4028315568e+05 1.0568140708e-13 8.6273638684e-15 7.4529886932e+07 2.5374205116e+07 2.5970804569e-18 4.2997857241e-19 -3.0035695321e+03 -7.8010473206e+01 -4.6638886299e+09 -1.0020576535e+07 1.9047430122e+06 9.9566601553e+02 0.0000000000e+00 -0.0000000000e+00
1.4127882170e+05 1.0831118947e-13 9.0706355507e-15 7.1508450707e+07 2.5285883869e+07 2.6864289874e-18 4.6098416277e-19 -3.0663447585e+03 -9.9794636219e+01 -4.6638885970e+09 -1.0020576535e+07 1.9047430122e+06 9.8162657843e+02 0.0000000000e+00 -0.0000000000e+00
1.4226044827e+05 1.1099415310e-13 9.5395919671e-15 6.8466200934e+07 2.5176370769e+07 2.7810927176e-18 4.9512439387e-19 -3.1328543817e+03 -1.2378116094e+02 -4.6638885548e+09 -1.0020576535e+07 1.9047430122e+06 9.5918800771e+02 0.0000000000e+00 -0.0000000000e+00
1.4321963628e+05 1.1370894069e-13 1.0032099266e-14 6.5428044656e+07 2.5045282894e+07 2.8807635656e-18 5.3252456412e-19 -3.2028819469e+03 -1.5005808056e+02 -4.6638885024e+09 -1.0020576535e+07 1.9047430122e+06 9.3075447637e+02 0.0000000000e+00 -0.0000000000e+00
1.4415039076e+05 1.1643820252e-13 1.0546368386e-14 6.2413238998e+07 2.4892533824e+07 2.9852173507e-18 5.7334415441e-19 -3.2762699474e+03 -1.7873744447e+02 -4.6638884389e+09 -1.0020576534e+07 1.9047430122e+06 8.9810522108e+02 0.0000000000e+00 -0.0000000000e+00
1.4504849598e+05 1.1916756758e-13 1.1080837171e-14 5.9436850732e+07 2.4718276419e+07 3.0942863217e-18 6.1777111411e-19 -3.3529005232e+03 -2.0995130368e+02 -4.6638883634e+09 -1.0020576534e+07 1.9047430122e+06 8.6259259472e+02 0.0000000000e+00 -0.0000000000e+00
1.4591108857e+05 1.2188498723e-13 1.1634101036e-14 5.6510720703e+07 2.4522855880e+07 3.2078417270e-18 6.6601889407e-19 -3.4326832150e+03 -2.4384962626e+02 -4.6638882750e+09 -1.0020576534e+07 1.9047430122e+06 8.2526180409e+02 0.0000000000e+00 -0.0000000000e+00
1.4673635038e+05 1.2458029062e-13 1.2204870847e-14 5.3644138246e+07 2.4306770508e+07 3.3257820357e-18 7.1832506125e-19 -3.5155466884e+03 -2.8059932395e+02 -4.6638881726e+09 -1.0020576534e+07 1.9047430122e+06 7.8692843360e+02 0.0000000000e+00 -0.0000000000e+00
1.4752327881e+05 1.2724486796e-13 1.2791946921e-14 5.0844334420e+07 2.4070638522e+07 3.4480245148e-18 7.7495090052e-19 -3.6014328161e+03 -3.2038397243e+02 -4.6638880554e+09 -1.0020576534e+07 1.9047430122e+06 7.4823150324e+02 0.0000000000e+00 -0.0000000000e+00
1.4827151031e+05 1.2987143472e-13 1.3394202964e-14 4.8116855867e+07 2.3815169774e+07 3.5744988724e-18 8.3618168355e-19 -3.6902922118e+03 -3.6340400023e+02 -4.6638879222e+09 -1.0020576535e+07 1.9047430122e+06 7.0967145274e+02 0.0000000000e+00 -0.0000000000e+00
1.4898118177e+05 1.3245384903e-13 1.4010576343e-14 4.5465856411e+07 2.3541141530e+07 3.7051422004e-18 9.0232742577e-19 -3.7820806771e+03 -4.0987722053e+02 -4.6638877720e+09 -1.0020576535e+07 1.9047430122e+06 6.7163833524e+02 0.0000000000e+00 -0.0000000000e+00
1.4965282010e+05 1.3498696572e-13 1.4640062498e-14 4.2894329800e+07 2.3249377660e+07 3.8398947322e-18 9.7372403055e-19 -3.8767562206e+03 -4.6003963509e+02 -4.6638876037e+09 -1.0020576535e+07 1.9047430122e+06 6.3443336291e+02 0.0000000000e+00 -0.0000000000e+00
1.5028725347e+05 1.3746651606e-13 1.5281712090e-14 4.0404298888e+07 2.2940730736e+07 3.9786960956e-18 1.0507347657e-18 -3.9742764256e+03 -5.1414647162e+02 -4.6638874162e+09 -1.0020576535e+07 1.9047430122e+06 5.9828575631e+02 0.0000000000e+00 -0.0000000000e+00
1.5088553922e+05 1.3988900651e-13 1.5934630014e-14 3.7996971693e+07 2.2616066592e+07 4.1214818342e-18 1.1337520466e-18 -4.0745960057e+03 -5.7247343647e+02 -4.6638872083e+09 -1.0020576535e+07 1.9047430122e+06 5.6336616289e+02 0.0000000000e+00 -0.0000000000e+00
1.5144890538e+05 1.4225163159e-13 1.6597975684e-14 3.5672871609e+07 2.2276250995e+07 4.2681800294e-18 1.2231995194e-18 -4.1776644317e+03 -6.3531817853e+02 -4.6638869788e+09 -1.0020576535e+07 1.9047430122e+06 5.2979749048e+02 0.0000000000e+00 -0.0000000000e+00
1.5197870288e+05 1.4455219797e-13 1.7270964224e-14 3.3431947054e+07 2.1922138113e+07 4.4187078858e-18 1.3195344537e-18 -4.2834235328e+03 -7.0300197005e+02 -4.6638867264e+09 -1.0020576535e+07 1.9047430122e+06 4.9766375592e+02 0.0000000000e+00 -0.0000000000e+00
1.5247636663e+05 1.4678905742e-13 1.7952868331e-14 3.1273664420e+07 2.1554560494e+07 4.5729681628e-18 1.4232504653e-18 -4.3918049885e+03 -7.7587161958e+02 -4.6638864499e+09 -1.0020576535e+07 1.9047430122e+06 4.6701736696e+02 0.0000000000e+00 -0.0000000000e+00
1.5294338400e+05 1.4896104711e-13 1.8643020657e-14 2.9197087281e+07 2.1174320302e+07 4.7308453392e-18 1.5348806014e-18 -4.5027276353e+03 -8.5430163993e+02 -4.6638861480e+09 -1.0020576535e+07 1.9047430122e+06 4.3788515267e+02 0.0000000000e+00 -0.0000000000e+00
1.5338126915e+05 1.5106743610e-13 1.9340816674e-14 2.7200944131e+07 2.0782181581e+07 4.8922013990e-18 1.6550008341e-18 -4.6160945046e+03 -9.3869670223e+02 -4.6638858194e+09 -1.0020576535e+07 1.9047430122e+06 4.1027338316e+02 0.0000000000e+00 -0.0000000000e+00
1.5379154253e+05 1.5310787727e-13 2.0045717982e-14 2.5283686428e+07 2.0378863316e+07 5.0568711153e-18 1.7842340187e-18 -4.7317895100e+03 -1.0294944174e+03 -4.6638854628e+09 -1.0020576535e+07 1.9047430122e+06 3.8417195866e+02 0.0000000000e+00 -0.0000000000e+00
1.5417571449e+05 1.5508236389e-13 2.0757256137e-14 2.3443538358e+07 1.9965033080e+07 5.2246566939e-18 1.9232543927e-18 -4.8496736836e+03 -1.1271684966e+03 -4.6638850767e+09 -1.0020576535e+07 1.9047430122e+06 3.5955791572e+02 0.0000000000e+00 -0.0000000000e+00
1.5453527241e+05 1.5699119055e-13 2.1475037068e-14 2.1678539479e+07 1.9541301045e+07 5.3953216137e-18 2.0727927067e-18 -4.9695808484e+03 -1.2322323567e+03 -4.6638846601e+09 -1.0020576535e+07 1.9047430122e+06 3.3639836818e+02 0.0000000000e+00 -0.0000000000e+00
1.5487167078e+05 1.5883491797e-13 2.2198746247e-14 1.9986581158e+07 1.9108214131e+07 5.5685834652e-18 2.2336421091e-18 -5.0913125869e+03 -1.3452432545e+03 -4.6638842116e+09 -1.0020576535e+07 1.9047430122e+06 3.1465297686e+02 0.0000000000e+00 -0.0000000000e+00
1.5518632375e+05 1.6061434131e-13 2.2928154792e-14 1.8365437581e+07 1.8666250040e+07 5.7441055437e-18 2.4066649307e-18 -5.2146323343e+03 -1.4668070534e+03 -4.6638837301e+09 -1.0020576535e+07 1.9047430122e+06 2.9427603197e+02 0.0000000000e+00 -0.0000000000e+00
1.5548059979e+05 1.6233046197e-13 2.3663126802e-14 1.6812791922e+07 1.8215810907e+07 5.9214868840e-18 2.5928005659e-18 -5.3392583772e+03 -1.5975837609e+03 -4.6638832147e+09 -1.0020576535e+07 1.9047430122e+06 2.7521821449e+02 0.0000000000e+00 -0.0000000000e+00
1.5575581800e+05 1.6398446255e-13 2.4403628261e-14 1.5326258198e+07 1.7757216232e+07 6.1002503427e-18 2.7930746965e-18 -5.4648554801e+03 -1.7382940088e+03 -4.6638826644e+09 -1.0020576535e+07 1.9047430122e+06 2.5742809649e+02 0.0000000000e+00 -0.0000000000e+00
1.5601324610e+05 1.6557768488e-13 2.5149738014e-14 1.3903399176e+07 1.7290694693e+07 6.2798282027e-18 3.0086101824e-18 -5.5910247719e+03 -1.8897267056e+03 -4.6638820787e+09 -1.0020576535e+07 1.9047430122e+06 2.4085343750e+02 0.0000000000e+00 -0.0000000000e+00
1.5625409953e+05 1.6711161113e-13 2.5901661468e-14 1.2541740603e+07 1.6816374345e+07 6.4595446165e-18 3.2406400501e-18 -5.7172914099e+03 -2.0527481608e+03 -4.6638814574e+09 -1.0020576535e+07 1.9047430122e+06 2.2544232428e+02 0.0000000000e+00 -0.0000000000e+00
1.5647954186e+05 1.6858784798e-13 2.6659747883e-14 1.1238781953e+07 1.6334270535e+07 6.6385939547e-18 3.4905231458e-18 -5.8430893685e+03 -2.2283130841e+03 -4.6638808007e+09 -1.0020576535e+07 1.9047430122e+06 2.1114420974e+02 0.0000000000e+00 -0.0000000000e+00
1.5669068607e+05 1.7000811395e-13 2.7424512506e-14 9.9920037050e+06 1.5844270668e+07 6.8160137913e-18 3.7597632341e-18 -5.9677424584e+03 -2.4174780026e+03 -4.6638801095e+09 -1.0020576535e+07 1.9047430122e+06 1.9791090283e+02 0.0000000000e+00 -0.0000000000e+00
1.5688859697e+05 1.7137423015e-13 2.8196665217e-14 8.7988710798e+06 1.5346114600e+07 6.9906507505e-18 4.0500326009e-18 -6.0904403313e+03 -2.6214178448e+03 -4.6638793855e+09 -1.0020576535e+07 1.9047430122e+06 1.8569757611e+02 0.0000000000e+00 -0.0000000000e+00
1.5707429455e+05 1.7268811476e-13 2.8977148131e-14 7.6568339433e+06 1.4839368976e+07 7.1611166911e-18 4.3632016478e-18 -6.2102076957e+03 -2.8414467327e+03 -4.6638786317e+09 -1.0020576535e+07 1.9047430122e+06 1.7446387200e+02 0.0000000000e+00 -0.0000000000e+00
1.5724875842e+05 1.7395178186e-13 2.9767185659e-14 6.5633223542e+06 1.4323393061e+07 7.3257315641e-18 4.7013765745e-18 -6.3258641689e+03 -3.0790444577e+03 -4.6638778524e+09 -1.0020576535e+07 1.9047430122e+06 1.6417521781e+02 0.0000000000e+00 -0.0000000000e+00
1.5741293364e+05 1.7516734549e-13 3.0568352185e-14 5.5157369088e+06 1.3797292486e+07 7.4824474869e-18 5.0669481636e-18 -6.4359709325e+03 -3.3358907554e+03 -4.6638770540e+09 -1.0020576535e+07 1.9047430122e+06 1.5480450493e+02 0.0000000000e+00 -0.0000000000e+00
1.5756773814e+05 1.7633703006e-13 3.1382665114e-14 4.5114325983e+06 1.3259855543e+07 7.6287457106e-18 5.4626560437e-18 -6.5387583433e+03 -3.6139104566e+03 -4.6638762460e+09 -1.0020576535e+07 1.9047430122e+06 1.4633436333e+02 0.0000000000e+00 -0.0000000000e+00
1.5771407251e+05 1.7746318891e-13 3.2212715175e-14 3.5476943188e+06 1.2709463824e+07 7.7614934153e-18 5.8916748455e-18 -6.6320253189e+03 -3.9153340194e+03 -4.6638754413e+09 -1.0020576535e+07 1.9047430122e+06 1.3876036557e+02 0.0000000000e+00 -0.0000000000e+00
1.5785283287e+05 1.7854833282e-13 3.3061852366e-14 2.6217015830e+06 1.2143964475e+07 7.8767391982e-18 6.3577316040e-18 -6.7129956501e+03 -4.2427800149e+03 -4.6638746583e+09 -1.0020576535e+07 1.9047430122e+06 1.3209563014e+02 0.0000000000e+00 -0.0000000000e+00
1.5796519440e+05 1.7943802223e-13 3.3799770583e-14 1.8641542330e+06 1.1650690621e+07 7.9569915603e-18 6.7850541148e-18 -6.7693800156e+03 -4.5430117837e+03 -4.6638743305e+09 -1.0020576535e+07 1.9047430122e+06 1.1471290746e+02 0.0000000000e+00 -0.0000000000e+00
1.5806081537e+05 1.8020159393e-13 3.4467577282e-14 1.2149510060e+06 1.1202924946e+07 8.0112286897e-18 7.1893893257e-18 -6.8074863846e+03 -4.8270929460e+03 -4.6638741667e+09 -1.0020576535e+07 1.9047430122e+06 9.8347802020e+01 1.0783927420e-289 -7.6495109950e-282
1.5813961763e+05 1.8083421886e-13 3.5048294277e-14 6.7757686345e+05 1.0812578613e+07 8.0424263862e-18 7.5542190676e-18 -6.8294055191e+03 -5.0834180305e+03 -4.6638741006e+09 -1.0020576535e+07 1.9047430122e+06 8.2786259104e+01 1.3796006892e-263 -9.9835999163e-256
1.5819460719e+05 1.8127685037e-13 3.5471133753e-14 3.0176245911e+05 1.0527819040e+07 8.0548939135e-18 7.8273224815e-18 -6.8381650572e+03 -5.2752972762e+03 -4.6638740893e+09 -1.0020576535e+07 1.9047430122e+06 6.7588212421e+01 1.7824627609e-245 -1.3085115132e-237
1.5822927061e+05 1.8155612646e-13 3.5745564526e-14 6.4681959134e+04 1.0342774843e+07 8.0580445573e-18 8.0078090037e-18 -6.8403786625e+03 -5.4021049833e+03 -4.6638740882e+09 -1.0020576535e+07 1.9047430122e+06 4.8379308856e+01 4.0646228233e-234 -3.0114128354e-226
1.5827764991e+05 1.8194594012e-13 3.6139289647e-14 -2.6623048100e+05 1.0076989399e+07 8.0553913002e-18 8.2710232260e-18 -6.8385145152e+03 -5.5870361992e+03 -4.6638740825e+09 -1.0020576535e+07 1.9047430122e+06 6.2765795818e+01 2.3373288140e-218 -1.7544098709e-210
1.5834041571e+05 1.8245107846e-13 3.6669665681e-14 -6.9512878880e+05 9.7184184622e+06 8.0376675884e-18 8.6331124644e-18 -6.8260620438e+03 -5.8414358382e+03 -4.6638740642e+09 -1.0020576535e+07 1.9047430122e+06 7.3909293694e+01 4.1623549391e-198 -3.1786438962e-190
1.5841432500e+05 1.8304362408e-13 3.7324437331e-14 -1.1985753996e+06 9.2749457462e+06 7.9917486175e-18 9.0909540673e-18 -6.7937999151e+03 -6.1631099621e+03 -4.6638740319e+09 -1.0020576535e+07 1.9047430122e+06 7.9885414567e+01 1.2828081573e-174 -1.0001864526e-166
1.5849421042e+05 1.8367884453e-13 3.8071758943e-14 -1.7390500395e+06 8.7677876900e+06 7.9042223805e-18 9.6259685313e-18 -6.7323050107e+03 -6.5390048302e+03 -4.6638739957e+09 -1.0020576535e+07 1.9047430122e+06 8.3736211429e+01 8.6484603388e-150 -6.8992610349e-142
1.5857794663e+05 1.8433506949e-13 3.8902877364e-14 -2.2988218699e+06 8.2026178958e+06 7.7592454195e-18 1.0232767351e-17 -6.6304459035e+03 -6.9653345419e+03 -4.6638739365e+09 -1.0020576535e+07 1.9047430122e+06 8.7289914882e+01 1.4263053232e-124 -1.1658757859e-116
1.5866523655e+05 1.8500319129e-13 3.9825497059e-14 -2.8711417139e+06 7.5739567239e+06 7.5349723486e-18 1.0914566193e-17 -6.4728742824e+03 -7.4443583871e+03 -4.6638737286e+09 -1.0020576535e+07 1.9047430122e+06 9.2763816017e+01 2.0059859502e-99 -1.6820550944e-91
1.5875800036e+05 1.8568725828e-13 4.0873522307e-14 -3.4611175900e+06 6.8584137178e+06 7.1940363561e-18 1.1688693251e-17 -6.2333366651e+03 -7.9882509512e+03 -4.6638728484e+09 -1.0020576535e+07 1.9047430122e+06 1.0340345458e+02 2.4183028363e-74 -2.0827842449e-66
1.5886140382e+05 1.8640505890e-13 4.2128755982e-14 -4.0873373006e+06 5.9996727176e+06 6.6596364112e-18 1.2595147135e-17 -5.8578735509e+03 -8.6251147855e+03 -4.6638686826e+09 -1.0020576535e+07 1.9047430122e+06 9.3378508168e+01 5.8316602794e-49 -5.1682138070e-41
1.5894348518e+05 1.8692954103e-13 4.3192587960e-14 -4.5525972804e+06 5.2706302856e+06 6.0982381212e-18 1.3325660813e-17 -5.4634417170e+03 -9.1383651018e+03 -4.6638657538e+09 -1.0020576535e+07 1.9047430122e+06 8.2121270613e+01 3.0651946962e-31 -2.7739895830e-23
1.5902560645e+05 1.8740266748e-13 4.4316403760e-14 -4.9818224141e+06 4.4994528690e+06 5.4011316234e-18 1.4038370116e-17 -4.9736628929e+03 -9.6391062729e+03 -4.6638609846e+09 -1.0020576535e+07 1.9047430122e+06 7.5253974395e+01 4.0005411169e-16 -3.6883579487e-08
1.5910086042e+05 1.8778119478e-13 4.5396105322e-14 -5.3364875008e+06 3.7577307223e+06 4.6394438856e-18 1.4646843500e-17 -4.4385098924e+03 -1.0066612158e+04 -4.6638931981e+09 -1.0020575201e+07 1.9047460353e+06 6.8170420023e+01 6.1011723554e-05 -5.7054694641e+03
1.5910767746e+05 1.8781256801e-13 4.5496130937e-14 -5.3665665130e+06 3.6889815205e+06 4.5647556750e-18 1.4698807558e-17 -4.3860342950e+03 -1.0103120259e+04 -4.6640194011e+09 -1.0020570616e+07 1.9047565410e+06 1.8921705539e+01 4.5791508120e-04 -4.2869930081e+04
1.5911671899e+05 1.8785338736e-13 4.5629338642e-14 -5.4059046580e+06 3.5974175108e+06 4.4642837853e-18 1.4766764221e-17 -4.3154361186e+03 -1.0150847560e+04 -4.6658797076e+09 -1.0020504242e+07 1.9049116689e+06 1.2197593981e+01 6.0948012809e-03 -5.7142230965e+05
1.5912366189e+05 1.8788411142e-13 4.5732041727e-14 -5.4356757675e+06 3.5268157743e+06 4.3860519346e-18 1.4818171338e-17 -4.2604213145e+03 -1.0186846665e+04 -4.6779848983e+09 -1.0020079020e+07 1.9059225791e+06 8.0476638265e+00 4.1628662649e-02 -3.9070976602e+06
1.5912915900e+05 1.8790805021e-13 4.5813609485e-14 -5.4589746299e+06 3.4707408393e+06 4.3234532965e-18 1.4858377658e-17 -4.2162386223e+03 -1.0214609126e+04 -4.7273952791e+09 -1.0018365203e+07 1.9100538035e+06 5.8822397055e+00 1.8285497238e-01 -1.7175525879e+07
1.5913360543e+05 1.8792716080e-13 4.5879747969e-14 -5.4776411499e+06 3.4252744609e+06 4.2723981795e-18 1.4890569965e-17 -4.1797808099e+03 -1.0235795613e+04 -4.8727672739e+09 -1.0013374956e+07 1.9222211163e+06 4.6116739808e+00 5.8910300196e-01 -5.5363116072e+07
1.5913732176e+05 1.8794295869e-13 4.5935135845e-14 -5.4931163895e+06 3.3872053492e+06 4.2294399807e-18 1.4917245484e-17 -4.1482146412e+03 -1.0251129844e+04 -5.2184811407e+09 -1.0001608885e+07 1.9511863595e+06 3.7985954298e+00 1.5364960637e+00 -1.4442813216e+08
1.5914051856e+05 1.8795642003e-13 4.5982859783e-14 -5.5063317925e+06 3.3544186320e+06 4.1922801683e-18 1.4940020865e-17 -4.1192756386e+03 -1.0260104410e+04 -5.9305508664e+09 -9.9775457631e+06 2.0109171181e+06 3.2422731303e+00 3.4536427232e+00 -3.2456356217e+08
1.5914333767e+05 1.8796819212e-13 4.6025005383e-14 -5.5179053232e+06 3.3254909115e+06 4.1593531176e-18 1.4959972268e-17 -4.0908949772e+03 -1.0261003207e+04 -7.2578053685e+09 -9.9329504879e+06 2.1224271261e+06 2.8457392488e+00 6.9674852662e+00 -6.5420960594e+08
1.5914588213e+05 1.8797873752e-13 4.6063093367e-14 -5.5282774400e+06 3.2993921862e+06 4.1295078512e-18 1.4977871728e-17 -4.0608393443e+03 -1.0250707323e+04 -9.5665048627e+09 -9.8557135395e+06 2.3168377136e+06 2.5601186329e+00 1.2976494174e+01 -1.2161437046e+09
1.5914844225e+05 1.8798927098e-13 4.6101461438e-14 -5.5386271762e+06 3.2731821235e+06 4.0993594290e-18 1.4995776620e-17 -4.0228112206e+03 -1.0220611067e+04 -1.3858293507e+10 -9.7125208648e+06 2.6795839049e+06 2.3556143226e+00 2.3930062269e+01 -2.2341660068e+09
1.5915079787e+05 1.8799889471e-13 4.6136805015e-14 -5.5480509207e+06 3.2491676446e+06 4.0715143371e-18 1.5012157923e-17 -3.9758040682e+03 -1.0162166877e+04 -2.0851170241e+10 -9.4792509582e+06 3.2741886591e+06 2.2581201140e+00 4.1355749390e+01 -3.8359075470e+09
1.5915305599e+05 1.8800805846e-13 4.6170721922e-14 -5.5569617426e+06 3.2263251239e+06 4.0447284413e-18 1.5027777019e-17 -3.9127701690e+03 -1.0059770416e+04 -3.2077086174e+10 -9.1034281852e+06 4.2378358199e+06 2.4144142391e+00 6.8484701545e+01 -6.2833574517e+09
1.5915547040e+05 1.8801778943e-13 4.6207025270e-14 -5.5662979762e+06 3.2022453546e+06 4.0159893227e-18 1.5044386210e-17 -3.8144522967e+03 -9.8698826222e+03 -5.1715202872e+10 -8.4393562868e+06 5.9510721558e+06 2.2346895475e+00 1.1383121345e+02 -1.0238131761e+10
1.5915708859e+05 1.8802427246e-13 4.6231378963e-14 -5.5723996308e+06 3.1864228759e+06 3.9966715662e-18 1.5055465905e-17 -3.7228156118e+03 -9.6752102476e+03 -7.1033400307e+10 -7.7758101065e+06 7.6719552805e+06 1.6649981975e+00 1.5603499025e+02 -1.3749364570e+10
1.5915855417e+05 1.8803011703e-13 4.6253451212e-14 -5.5777808092e+06 3.1724093918e+06 3.9791378551e-18 1.5065465080e-17 -3.6165681514e+03 -9.4376061883e+03 -9.3834480147e+10 -6.9774180161e+06 9.7513048543e+06 1.4760427582e+00 2.0287667593e+02 -1.7428737487e+10
1.5916003021e+05 1.8803597736e-13 4.6275695895e-14 -5.5830240223e+06 3.1586981644e+06 3.9614435774e-18 1.5075502228e-17 -3.4831534986e+03 -9.1282524409e+03 -1.2245109098e+11 -5.9490636933e+06 1.2440753555e+07 1.3836666863e+00 2.5709337310e+02 -2.1350816941e+10
1.5916141388e+05 1.8804144718e-13 4.6296561857e-14 -5.5877417051e+06 3.1463092225e+06 3.9448256057e-18 1.5084881592e-17 -3.3315597199e+03 -8.7673783846e+03 -1.5445158695e+11 -4.7597591020e+06 1.5564196600e+07 1.3889526375e+00 3.1150466986e+02 -2.4833700407e+10
1.5916280283e+05 1.8804691476e-13 4.6317520566e-14 -5.5922481190e+06 3.1344244888e+06 3.9281152240e-18 1.5094269021e-17 -3.1530696468e+03 -8.3341726755e+03 -1.9101272308e+11 -3.3423878803e+06 1.9302506852e+07 1.6570112731e+00 3.6517192223e+02 -2.7658417426e+10
1.5916416318e+05 1.8805224722e-13 4.6338060288e-14 -5.5964048759e+06 3.1234127962e+06 3.9117223173e-18 1.5103437406e-17 -2.9546431491e+03 -7.8454383511e+03 -2.2991452384e+11 -1.7536610885e+06 2.3511502207e+07 1.4034767717e+00 4.1148579854e+02 -2.9321905109e+10
1.5916528972e+05 1.8805664626e-13 4.6355079135e-14 -5.5996336993e+06 3.1148223843e+06 3.8981281581e-18 1.5111011707e-17 -2.7757762975e+03 -7.4002692070e+03 -2.6322735023e+11 -3.1447716882e+05 2.7340673652e+07 1.1447347946e+00 4.4138889528e+02 -2.9653251546e+10
1.5916643445e+05 1.8806110067e-13 4.6372381633e-14 -5.6027024812e+06 3.1066234406e+06 3.8842980190e-18 1.5118692417e-17 -2.5845603277e+03 -6.9207300459e+03 -2.9687743285e+11 1.2282649844e+06 3.1462625724e+07 1.0473396526e+00 4.6135936173e+02 -2.8970829517e+10
1.5916748179e+05 1.8806516222e-13 4.6388219714e-14 -5.6053156487e+06 3.0996113872e+06 3.8716310143e-18 1.5125706429e-17 -2.4051644833e+03 -6.4681424799e+03 -3.2652692097e+11 2.6774823093e+06 3.5351507716e+07 1.0097615029e+00 4.6933394028e+02 -2.7529812837e+10
1.5916849155e+05 1.8806906547e-13 4.6403496479e-14 -5.6076566346e+06 3.0933021111e+06 3.8594070600e-18 1.5132457608e-17 -2.2317494273e+03 -6.0286443590e+03 -3.5336940579e+11 4.0785088306e+06 3.9127559785e+07 1.0121782536e+00 4.6769019316e+02 -2.5555535020e+10
1.5916950373e+05 1.8807296567e-13 4.6418816644e-14 -5.6098286239e+06 3.0874210675e+06 3.8471433563e-18 1.5139214689e-17 -2.0606662826e+03 -5.5934747873e+03 -3.7806251134e+11 5.4594767223e+06 4.2866854431e+07 1.0560323955e+00 4.5764050449e+02 -2.3187887661e+10
1.5917055977e+05 1.8807702162e-13 4.6434807863e-14 -5.6119129718e+06 3.0817482259e+06 3.8343379265e-18 1.5146254385e-17 -1.8880645844e+03 -5.1531391343e+03 -4.0114552993e+11 6.8501171298e+06 4.6651748548e+07 1.1838411450e+00 4.3966407720e+02 -2.0509956102e+10
1.5917174361e+05 1.8808155237e-13 4.6452743288e-14 -5.6140384176e+06 3.0759282290e+06 3.8199710920e-18 1.5154134759e-17 -1.7046926724e+03 -4.6841890640e+03 -4.2362896906e+11 8.3229796462e+06 5.0684885740e+07 1.7193193868e+00 4.1274687176e+02 -1.7488194598e+10
1.5917282466e+05 1.8808567486e-13 4.6469129607e-14 -5.6157958279e+06 3.0710832364e+06 3.8068418530e-18 1.5161321369e-17 -1.5485023927e+03 -4.2840649891e+03 -4.4110411720e+11 9.5721892084e+06 5.4128858805e+07 1.1210299106e+00 3.8417274912e+02 -1.4875300744e+10
1.5917382919e+05 1.8808949282e-13 4.6484362950e-14 -5.6172828756e+06 3.0669553165e+06 3.7946343062e-18 1.5167991805e-17 -1.4139155848e+03 -3.9389568446e+03 -4.5491516476e+11 1.0643273605e+07 5.7102113879e+07 1.0089215969e+00 3.5591879476e+02 -1.2661034569e+10
1.5917483811e+05 1.8809331512e-13 4.6499669641e-14 -5.6186456351e+06 3.0631447945e+06 3.7823665285e-18 1.5174684790e-17 -1.2892607766e+03 -3.6192024226e+03 -4.6667047545e+11 1.1629576307e+07 5.9859996973e+07 9.5731871531e-01 3.2717876245e+02 -1.0684624556e+10
1.5917579543e+05 1.8809693047e-13 4.6514199688e-14 -5.6198271337e+06 3.0598153221e+06 3.7707203455e-18 1.5181029823e-17 -1.1806329859e+03 -3.3406054724e+03 -4.7609736689e+11 1.2483361523e+07 6.2265963589e+07 9.3114770516e-01 3.0044458414e+02 -9.0482876058e+09
1.5917672658e+05 1.8810043630e-13 4.6528338341e-14 -5.6208806861e+06 3.0568221073e+06 3.7593874783e-18 1.5187196562e-17 -1.0836739114e+03 -3.0920937997e+03 -4.8386629566e+11 1.3239833774e+07 6.4415140570e+07 9.1828462115e-01 2.7550610955e+02 -7.6728929295e+09
1.5917764486e+05 1.8810388335e-13 4.6542287300e-14 -5.6218349742e+06 3.0540872518e+06 3.7482066231e-18 1.5193273806e-17 -9.9601791056e+02 -2.8676687064e+03 -4.9036422113e+11 1.3918137713e+07 6.6359047165e+07 9.1426813071e-01 2.5228575396e+02 -6.5098785105e+09
1.5917855913e+05 1.8810730512e-13 4.6556180791e-14 -5.6227085279e+06 3.0515602369e+06 3.7370704999e-18 1.5199320545e-17 -9.1609523028e+02 -2.6633528499e+03 -4.9585279925e+11 1.4530975568e+07 6.8131843070e+07 9.1632469583e-01 2.3071710428e+02 -5.5234274620e+09
1.5917947545e+05 1.8811072438e-13 4.6570111079e-14 -5.6235138908e+06 3.0492067186e+06 3.7259054311e-18 1.5205377254e-17 -8.4280680390e+02 -2.4763635913e+03 -5.0051950859e+11 1.5087249401e+07 6.9757422434e+07 9.2291980118e-01 2.1073988584e+02 -4.6857532426e+09
1.5918039837e+05 1.8811415790e-13 4.6584147236e-14 -5.6242601259e+06 3.0470017190e+06 3.7146563201e-18 1.5211474155e-17 -7.7532355068e+02 -2.3046021369e+03 -5.0450630598e+11 1.5593677363e+07 7.1253805489e+07 9.3310878924e-01 1.9228904490e+02 -3.9742240435e+09
1.5918133148e+05 1.8811761877e-13 4.6598344071e-14 -5.6249540653e+06 3.0449262354e+06 3.7032795033e-18 1.5217635155e-17 -7.1298850450e+02 -2.1464048276e+03 -5.0792449030e+11 1.6055582905e+07 7.2635276109e+07 9.4626500292e-01 1.7529324676e+02 -3.3699555880e+09
1.5918227775e+05 1.8812111760e-13 4.6612746942e-14 -5.6256010152e+06 3.0429653347e+06 3.6917388980e-18 1.5223879969e-17 -6.5526273747e+02 -2.0004059027e+03 -5.1086340954e+11 1.6477331431e+07 7.3913561003e+07 9.6194747618e-01 1.5967605150e+02 -2.8569934449e+09
1.5918323970e+05 1.8812466321e-13 4.6627394567e-14 -5.6262051859e+06 3.0411069904e+06 3.6800037543e-18 1.5230225364e-17 -6.0169280922e+02 -1.8654549699e+03 -5.1339600566e+11 1.6862593542e+07 7.5098538631e+07 9.7982991548e-01 1.4535773468e+02 -2.4217722162e+09
1.5918421953e+05 1.8812826313e-13 4.6642320763e-14 -5.6267699718e+06 3.0393413291e+06 3.6680472669e-18 1.5236685923e-17 -5.5188986400e+02 -1.7405640293e+03 -5.1558256999e+11 1.7214514434e+07 7.6198694083e+07 9.9965904974e-01 1.3225707243e+02 -2.0527218684e+09
1.5918521919e+05 1.8813192383e-13 4.6657555547e-14 -5.6272981414e+06 3.0376601181e+06 3.6558456923e-18 1.5243274536e-17 -5.0551553467e+02 -1.6248717373e+03 -5.1747340766e+11 1.7535828430e+07 7.7221425762e+07 1.0212291017e+00 1.2029288085e+02 -1.7399617166e+09
1.5918624041e+05 1.8813565092e-13 4.6673125858e-14 -5.6277919724e+06 3.0360564053e+06 3.6433777751e-18 1.5250002720e-17 -4.6227203087e+02 -1.5176182477e+03 -5.1911079870e+11 1.7828939811e+07 7.8173261138e+07 1.0443649997e+00 1.0938525626e+02 -1.4750518729e+09
1.5918728478e+05 1.8813944928e-13 4.6689056019e-14 -5.6282533499e+06 3.0345242566e+06 3.6306243775e-18 1.5256880825e-17 -4.2189493918e+02 -1.4181268913e+03 -5.2053048351e+11 1.8095981800e+07 7.9060013710e+07 1.0689110363e+00 9.9456533156e+01 -1.2507859133e+09
1.5918835369e+05 1.8814332311e-13 4.6705368029e-14 -5.6286838401e+06 3.0330585609e+06 3.6175682464e-18 1.5263918165e-17 -3.8414784019e+02 -1.3257904271e+03 -5.2176281432e+11 1.8338860926e+07 7.9886900649e+07 1.0947230038e+00 9.0431993816e+01 -1.0610150772e+09
1.5918944841e+05 1.8814727603e-13 4.6722081735e-14 -5.6290847483e+06 3.0316548807e+06 3.6041938761e-18 1.5271123098e-17 -3.4881818290e+02 -1.2400604482e+03 -5.2283366485e+11 1.8559291273e+07 8.0658633329e+07 1.1216623468e+00 8.2240368664e+01 -9.0049781403e+08
1.5919057008e+05 1.8815131103e-13 4.6739214918e-14 -5.6294571633e+06 3.0303093371e+06 3.5904874413e-18 1.5278503065e-17 -3.1571406342e+02 -1.1604390481e+03 -5.2376515958e+11 1.8758821460e+07 8.1379488392e+07 1.1495921805e+00 7.4814167229e+01 -7.6477042949e+08
1.5919171967e+05 1.8815543055e-13 4.6756783312e-14 -5.6298019948e+06 3.0290185175e+06 3.5764367793e-18 1.5286064603e-17 -2.8466165615e+02 -1.0864721167e+03 -5.2457626602e+11 1.8938856369e+07 8.2053364819e+07 1.1783743474e+00 6.8089870852e+01 -6.5003558400e+08
1.5919289804e+05 1.8815963644e-13 4.6774800584e-14 -5.6301200034e+06 3.0277794026e+06 3.5620314074e-18 1.5293813341e-17 -2.5550313736e+02 -1.0177438602e+03 -5.2528328062e+11 1.9100674897e+07 8.2683830463e+07 1.2078674869e+00 6.2008017290e+01 -5.5306615062e+08
1.5919410591e+05 1.8816392999e-13 4.6793278280e-14 -5.6304118271e+06 3.0265893064e+06 3.5472625633e-18 1.5301753978e-17 -2.2809498238e+02 -9.5387225210e+02 -5.2590023077e+11 1.9245444678e+07 8.3274160614e+07 1.2379259604e+00 5.6513200822e+01 -4.7112234421e+08
1.5919534384e+05 1.8816831186e-13 4.6812225755e-14 -5.6306780039e+06 3.0254458265e+06 3.5321232598e-18 1.5309890257e-17 -2.0230655179e+02 -8.9450520368e+02 -5.2643920980e+11 1.9374234417e+07 8.3827370384e+07 1.2683995371e+00 5.1554007628e+01 -4.0188036038e+08
1.5919661224e+05 1.8817278217e-13 4.6831650098e-14 -5.6309189915e+06 3.0243468030e+06 3.5166083419e-18 1.5318224937e-17 -1.7801890524e+02 -8.3931730571e+02 -5.2691065779e+11 1.9488024323e+07 8.4346242228e+07 1.2991338783e+00 4.7082902721e+01 -3.4337100816e+08
1.5919791137e+05 1.8817734039e-13 4.6851556068e-14 -5.6311351859e+06 3.0232902830e+06 3.5007145387e-18 1.5326759769e-17 -1.5512379540e+02 -7.8800702799e+02 -5.2732359819e+11 1.9587714964e+07 8.4833349602e+07 1.3299717528e+00 4.3056081328e+01 -2.9392701299e+08
1.5919924134e+05 1.8818198542e-13 4.6871946034e-14 -5.6313269380e+06 3.0222744907e+06 3.4844405004e-18 1.5335495473e-17 -1.3352280701e+02 -7.4029429540e+02 -5.2768583799e+11 1.9674134809e+07 8.5291077455e+07 1.3607548987e+00 3.9433295270e+01 -2.5213783697e+08
1.5920060210e+05 1.8818671556e-13 4.6892819965e-14 -5.6314945686e+06 3.0212978019e+06 3.4677868122e-18 1.5344431738e-17 -1.1312661491e+02 -6.9591838211e+02 -5.2800413768e+11 1.9748046616e+07 8.5721640093e+07 1.3913267116e+00 3.6177662864e+01 -2.1681100659e+08
1.5920199342e+05 1.8819152854e-13 4.6914175438e-14 -5.6316383829e+06 3.0203587205e+06 3.4507559755e-18 1.5353567230e-17 -9.3854336844e+01 -6.5463607263e+02 -5.2828435601e+11 1.9810152823e+07 8.6127096882e+07 1.4215356621e+00 3.3255468413e+01 -1.8693905719e+08
1.5920341496e+05 1.8819642154e-13 4.6936007715e-14 -5.6317586831e+06 3.0194558595e+06 3.4333523468e-18 1.5362899627e-17 -7.5632963274e+01 -6.1622005425e+02 -5.2853157368e+11 1.9861100027e+07 8.6509366112e+07 1.4512391325e+00 3.0635956312e+01 -1.6167131994e+08
1.5920486620e+05 1.8820139126e-13 4.6958309869e-14 -5.6318557800e+06 3.0185879231e+06 3.4155820301e-18 1.5372425677e-17 -5.8396852276e+01 -5.8045751999e+02 -5.2875019915e+11 1.9901482639e+07 8.6870237225e+07 1.4803080262e+00 2.8291123968e+01 -1.4028987957e+08
1.5920634651e+05 1.8820643396e-13 4.6981072985e-14 -5.6319300038e+06 3.0177536913e+06 3.3974527124e-18 1.5382141289e-17 -4.2087273679e+01 -5.4714895352e+02 -5.2894405948e+11 1.9931845772e+07 8.7211381672e+07 1.5086316829e+00 2.6195515854e+01 -1.2218910817e+08
1.5920785514e+05 1.8821154552e-13 4.7004286439e-14 -5.6319817121e+06 3.0169520063e+06 3.3789734391e-18 1.5392041650e-17 -2.6651993402e+01 -5.1610708347e+02 -5.2911647840e+11 1.9952687434e+07 8.7534362524e+07 1.4037353314e+00 2.4326021047e+01 -1.0685826705e+08
1.5920905317e+05 1.8821558485e-13 4.7022731294e-14 -5.6320066984e+06 3.0163475019e+06 3.3642965681e-18 1.5399902975e-17 -1.5169328096e+01 -4.9331452661e+02 -5.2923816134e+11 1.9962639816e+07 8.7775047090e+07 1.2360869159e+00 2.3008964540e+01 -9.6526182692e+07
1.5921001375e+05 1.8821881087e-13 4.7037527186e-14 -5.6320170360e+06 3.0158819674e+06 3.3525273035e-18 1.5406205773e-17 -6.4198855850e+00 -4.7611416265e+02 -5.2932731641e+11 1.9966724029e+07 8.7958890492e+07 1.0474520144e+00 2.2048541278e+01 -8.9237904870e+07
1.5921091435e+05 1.8822182521e-13 4.7051404742e-14 -5.6320192557e+06 3.0154601343e+06 3.3414918266e-18 1.5412114729e-17 1.4361528141e+00 -4.6078787312e+02 -5.2940487576e+11 1.9967596487e+07 8.8124452243e+07 8.3167252477e-01 2.1218516721e+01 -8.3106902771e+07
1.5921174603e+05 1.8822460000e-13 4.7064224844e-14 -5.6320151438e+06 3.0150825700e+06 3.3313000946e-18 1.5417571180e-17 8.4079311282e+00 -4.4727493416e+02 -5.2947182847e+11 1.9965991580e+07 8.8271898148e+07 1.0845027396e+00 2.0507905175e+01 -7.7981485955e+07
1.5921283053e+05 1.8822820559e-13 4.7080949100e-14 -5.6320012670e+06 3.0146066735e+06 3.3180087684e-18 1.5424686095e-17 1.7111889080e+01 -4.3051205246e+02 -5.2955308101e+11 1.9960599422e+07 8.8456872913e+07 1.2259989676e+00 1.9655532292e+01 -7.1983315534e+07
1.5921405653e+05 1.8823226426e-13 4.7099864680e-14 -5.6319745098e+06 3.0140899332e+06 3.3029815833e-18 1.5432728927e-17 2.6452019192e+01 -4.1264076964e+02 -5.2963759497e+11 1.9950248178e+07 8.8656810612e+07 1.3262453813e+00 1.8784508923e+01 -6.6020895774e+07
1.5921538277e+05 1.8823663404e-13 4.7120338034e-14 -5.6319330379e+06 3.0135548395e+06 3.2867236423e-18 1.5441429017e-17 3.5993806680e+01 -3.9448345177e+02 -5.2972134620e+11 1.9934260948e+07 8.8863104752e+07 1.4056746471e+00 1.7942167809e+01 -6.0411963848e+07
1.5921678845e+05 1.8824124199e-13 4.7142050140e-14 -5.6318756860e+06 3.0130131395e+06 3.2694897504e-18 1.5450649800e-17 4.5506686980e+01 -3.7644651697e+02 -5.2980256831e+11 1.9912199629e+07 8.9071485209e+07 1.4734462661e+00 1.7151063374e+01 -5.5279423371e+07
1.5921826189e+05 1.8824604610e-13 4.7164822963e-14 -5.6318016726e+06 3.0124716515e+06 3.2514225143e-18 1.5460314827e-17 5.4852586923e+01 -3.5874356664e+02 -5.2988052759e+11 1.9883742245e+07 8.9279679833e+07 1.5345497873e+00 1.6422136722e+01 -5.0658340862e+07
1.5921979644e+05 1.8825102113e-13 4.7188555309e-14 -5.6317104427e+06 3.0119345298e+06 3.2326034173e-18 1.5470380407e-17 6.3941872667e+01 -3.4148447388e+02 -5.2995502290e+11 1.9848613526e+07 8.9486493763e+07 1.5921930204e+00 1.5760114620e+01 -4.6540635421e+07
1.5922138864e+05 1.8825615251e-13 4.7213195455e-14 -5.6316015655e+06 3.0114043145e+06 3.2130746359e-18 1.5480823903e-17 7.2712541826e+01 -3.2471777274e+02 -5.3002614605e+11 1.9806538331e+07 8.9691379282e+07 1.6488268891e+00 1.5166129008e+01 -4.2896697840e+07
1.5922303746e+05 1.8826143364e-13 4.7238729569e-14 -5.6314746521e+06 3.0108824655e+06 3.1928482999e-18 1.5491638771e-17 8.1119262261e+01 -3.0845297215e+02 -5.3009415704e+11 1.9757203776e+07 8.9894216477e+07 1.7067098846e+00 1.4639121565e+01 -3.9686677424e+07
1.5922474417e+05 1.8826686504e-13 4.7265178855e-14 -5.6313292730e+06 3.0103696365e+06 3.1719088328e-18 1.5502833292e-17 8.9127216326e+01 -2.9267275650e+02 -5.3015941794e+11 1.9700220888e+07 9.0095201987e+07 1.7683435439e+00 1.4176643512e+01 -3.6866558314e+07
1.5922651252e+05 1.8827245488e-13 4.7292603446e-14 -5.6311648569e+06 3.0098657925e+06 3.1502099492e-18 1.5514432167e-17 9.6708562432e+01 -2.7733918242e+02 -5.3022236138e+11 1.9635076597e+07 9.0294805850e+07 1.8037823712e+00 1.3775326021e+01 -3.4391381665e+07
1.5922831630e+05 1.8827811721e-13 4.7320598776e-14 -5.6309839858e+06 3.0093789128e+06 3.1280728714e-18 1.5526263689e-17 1.0371818455e+02 -2.6265705182e+02 -5.3028241421e+11 1.9562455757e+07 9.0490261811e+07 1.8297491780e+00 1.3436782008e+01 -3.2252929338e+07
1.5923014605e+05 1.8828382025e-13 4.7349018924e-14 -5.6307882533e+06 3.0089112551e+06 3.1056137385e-18 1.5538265837e-17 1.1010736516e+02 -2.4865711197e+02 -5.3033969839e+11 1.9482637850e+07 9.0680938129e+07 1.8580483979e+00 1.3156179889e+01 -3.0410918508e+07
1.5923200410e+05 1.8828956944e-13 4.7377901097e-14 -5.6305781985e+06 3.0084617929e+06 3.0828038362e-18 1.5550454018e-17 1.1587668501e+02 -2.3527747268e+02 -5.3039468288e+11 1.9395456332e+07 9.0867452881e+07 1.8888625336e+00 1.2926292573e+01 -2.8815962713e+07
1.5923389296e+05 1.8829537053e-13 4.7407285470e-14 -5.6303543495e+06 3.0080296051e+06 3.0596121955e-18 1.5562844839e-17 1.2102482218e+02 -2.2246697791e+02 -5.3044776633e+11 1.9300715020e+07 9.1050340066e+07 1.9225008366e+00 1.2740276864e+01 -2.7425680181e+07
1.5923581546e+05 1.8830122994e-13 4.7437217175e-14 -5.6301172163e+06 3.0076138370e+06 3.0360040346e-18 1.5575456937e-17 1.2554989956e+02 -2.1018376505e+02 -5.3049928950e+11 1.9198190241e+07 9.1230066822e+07 1.9590168914e+00 1.2591589266e+01 -2.6203410231e+07
1.5923777448e+05 1.8830715396e-13 4.7467742347e-14 -5.6298673273e+06 3.0072137455e+06 3.0119438978e-18 1.5588309305e-17 1.2944992225e+02 -1.9839633694e+02 -5.3054953541e+11 1.9087653297e+07 9.1407014303e+07 1.9979980298e+00 1.2473966962e+01 -2.5117482729e+07
1.5923977248e+05 1.8831314730e-13 4.7498900854e-14 -5.6296053011e+06 3.0068287659e+06 2.9874013827e-18 1.5601418233e-17 1.3272349015e+02 -1.8708518613e+02 -5.3059872491e+11 1.8968910724e+07 9.1581445606e+07 2.0382381884e+00 1.2381425582e+01 -2.4140713861e+07
1.5924181071e+05 1.8831921082e-13 4.7530713890e-14 -5.6293319658e+06 3.0064586058e+06 2.9623608933e-18 1.5614792102e-17 1.3537104055e+02 -1.7624510728e+02 -5.3064700594e+11 1.8841873099e+07 9.1753455023e+07 2.0773224887e+00 1.2308281238e+01 -2.3250138595e+07
1.5924388804e+05 1.8832533808e-13 4.7563165007e-14 -5.6290485390e+06 3.0061033635e+06 2.9368365049e-18 1.5628423447e-17 1.3739704183e+02 -1.6588790977e+02 -5.3069443614e+11 1.8706662463e+07 9.1922897593e+07 2.1112915145e+00 1.2249208255e+01 -2.2426975267e+07
1.5924599933e+05 1.8833151121e-13 4.7596175791e-14 -5.6287568493e+06 3.0057636357e+06 2.9108909686e-18 1.5642278813e-17 1.3881357359e+02 -1.5604431556e+02 -5.3074096275e+11 1.8563756240e+07 9.2089312391e+07 2.1348245532e+00 1.2199347669e+01 -2.1656764249e+07
1.5924813415e+05 1.8833769745e-13 4.7629584267e-14 -5.6284595169e+06 3.0054405338e+06 2.8846524787e-18 1.5656289811e-17 1.3964524323e+02 -1.4676232392e+02 -5.3078641184e+11 1.8414129170e+07 9.2251882996e+07 2.1425317438e+00 1.2154474513e+01 -2.0929490193e+07
1.5925027668e+05 1.8834384970e-13 4.7663143430e-14 -5.6281599211e+06 3.0051354864e+06 2.8583155668e-18 1.5670352641e-17 1.3993397806e+02 -1.3809853854e+02 -5.3083050837e+11 1.8259299378e+07 9.2409508394e+07 2.1216471903e+00 1.2111199755e+01 -2.0239330806e+07
1.5925239833e+05 1.8834988636e-13 4.7696405163e-14 -5.6278631552e+06 3.0048510424e+06 2.8322318304e-18 1.5684279659e-17 1.3974235437e+02 -1.3013680604e+02 -5.3087275185e+11 1.8101898503e+07 9.2560355269e+07 2.1024247865e+00 1.2067333893e+01 -1.9586620748e+07
1.5925450076e+05 1.8835581374e-13 4.7729394690e-14 -5.6275699210e+06 3.0045852216e+06 2.8063810331e-18 1.5698081762e-17 1.3914315783e+02 -1.2282816403e+02 -5.3091327333e+11 1.7942424371e+07 9.2704904890e+07 2.0607458426e+00 1.2021092060e+01 -1.8964534361e+07
1.5925656150e+05 1.8836157087e-13 4.7761758388e-14 -5.6272840848e+06 3.0043390216e+06 2.7810395316e-18 1.5711611490e-17 1.3821550828e+02 -1.1620079943e+02 -5.3095174417e+11 1.7783199903e+07 9.2842037022e+07 2.0125032856e+00 1.1972122134e+01 -1.8375528647e+07
1.5925857401e+05 1.8836714282e-13 4.7793391354e-14 -5.6270070730e+06 3.0041112674e+06 2.7562883304e-18 1.5724825678e-17 1.3703369176e+02 -1.1021683639e+02 -5.3098816162e+11 1.7625340289e+07 9.2971815838e+07 1.9631300078e+00 1.1920461438e+01 -1.7818607200e+07
1.5926053714e+05 1.8837253007e-13 4.7824273884e-14 -5.6267393730e+06 3.0039002631e+06 2.7321416245e-18 1.5737716820e-17 1.3566121723e+02 -1.0482104870e+02 -5.3102262247e+11 1.7469470128e+07 9.3094665937e+07 1.9160827254e+00 1.1866477525e+01 -1.7292230551e+07
1.5926245322e+05 1.8837774250e-13 4.7854440707e-14 -5.6264808589e+06 3.0037041427e+06 2.7085710720e-18 1.5750300110e-17 1.3414938435e+02 -9.9952341125e+01 -5.3105527647e+11 1.7315856209e+07 9.3211197355e+07 1.8731248827e+00 1.1810688793e+01 -1.6794561233e+07
1.5926245322e+05 1.8837774250e-13 4.7854440707e-14 -5.6264808589e+06 3.0037041427e+06 2.7085710720e-18 1.5750300110e-17 1.3414938435e+02 -9.9952341125e+01 -5.3105527647e+11 1.7315856209e+07 9.3211197355e+07 1.8731248827e+00 1.1810688793e+01 -1.6794561233e+07
