0.0000000000e+00 0.0000000000e+00 0.0000000000e+00 3.1415900000e+08 0.0000000000e+00 0.0000000000e+00 0.0000000000e+00 -1.1786560470e+03 2.2532182230e+02 -4.6638893013e+09 -1.0018576399e+07 1.9152354896e+06 1.0000000000e+01 0.0000000000e+00 -0.0000000000e+00
1.0000000000e+01 2.8740014534e-22 6.8712073819e-28 3.1414721324e+08 2.2532182225e+03 5.7480747944e-23 2.0614008855e-28 -1.1786964323e+03 2.2532182216e+02 -4.6638893013e+09 -1.0018576399e+07 1.9152354896e+06 5.0000000000e+01 0.0000000000e+00 -0.0000000000e+00
6.0000000000e+01 1.0347699443e-20 1.4845985518e-25 3.1408827337e+08 1.3519309234e+04 3.4494920366e-22 7.4238285023e-27 -1.1788984043e+03 2.2532181708e+02 -4.6638893013e+09 -1.0018576399e+07 1.9152354896e+06 2.5000000000e+02 0.0000000000e+00 -0.0000000000e+00
3.1000000000e+02 2.7639901688e-19 2.0504630874e-23 3.1379342243e+08 6.9849750507e+04 1.7839118064e-21 1.9854749041e-25 -1.1799094024e+03 2.2532168280e+02 -4.6638893013e+09 -1.0018576399e+07 1.9152354896e+06 1.2500000000e+03 0.0000000000e+00 -0.0000000000e+00
1.5600000000e+03 7.0214396073e-18 2.6315424070e-21 3.1231536339e+08 3.5150019390e+05 9.0195384142e-21 5.0755884482e-24 -1.1849930686e+03 2.2531825625e+02 -4.6638893013e+09 -1.0018576399e+07 1.9152354896e+06 3.6000000000e+03 0.0000000000e+00 -0.0000000000e+00
5.1600000000e+03 7.7526523660e-17 9.7216135964e-20 3.0802266557e+08 1.1625923002e+06 3.0247817311e-20 5.7083063988e-23 -1.1999078076e+03 2.2528171641e+02 -4.6638893012e+09 -1.0018576399e+07 1.9152354896e+06 3.6000000000e+03 0.0000000000e+00 -0.0000000000e+00
8.7600000000e+03 2.2552954327e-16 4.8576569275e-19 3.0367551862e+08 1.9734778701e+06 5.2079364461e-20 1.6922073647e-22 -1.2152463958e+03 2.2520292980e+02 -4.6638893011e+09 -1.0018576399e+07 1.9152354896e+06 3.6000000000e+03 0.0000000000e+00 -0.0000000000e+00
1.2360000000e+04 4.5326232839e-16 1.3940357822e-18 2.9927235448e+08 2.7839982905e+06 7.4547990405e-20 3.4673598740e-22 -1.2310325880e+03 2.2507820967e+02 -4.6638893010e+09 -1.0018576399e+07 1.9152354896e+06 3.6000000000e+03 0.0000000000e+00 -0.0000000000e+00
1.5960000000e+04 7.6308336410e-16 3.0676632955e-18 2.9481151610e+08 3.5939809798e+06 9.7690296705e-20 5.9543811766e-22 -1.2472921002e+03 2.2490347448e+02 -4.6638893009e+09 -1.0018576399e+07 1.9152354896e+06 3.6000000000e+03 0.0000000000e+00 -0.0000000000e+00
1.9560000000e+04 1.1574883812e-15 5.7743199296e-18 2.9029125000e+08 4.4032378749e+06 1.2154598419e-19 9.2177271168e-22 -1.2640528255e+03 2.2467419564e+02 -4.6638893007e+09 -1.0018576399e+07 1.9152354896e+06 3.6000000000e+03 0.0000000000e+00 -0.0000000000e+00
2.3160000000e+04 1.6391221322e-15 9.8061542561e-18 2.8570969803e+08 5.2115637159e+06 1.4615820428e-19 1.3329079413e-21 -1.2813450818e+03 2.2438533686e+02 -4.6638893005e+09 -1.0018576399e+07 1.9152354896e+06 3.6000000000e+03 0.0000000000e+00 -0.0000000000e+00
2.6760000000e+04 2.2107915196e-15 1.5482569325e-17 2.8106488807e+08 6.0187340937e+06 1.7157396067e-19 1.8368350894e-21 -1.2992018933e+03 2.2403128358e+02 -4.6638893003e+09 -1.0018576400e+07 1.9152354896e+06 3.6000000000e+03 0.0000000000e+00 -0.0000000000e+00
3.0360000000e+04 2.8754802753e-15 2.3153391845e-17 2.7635472380e+08 6.8245032243e+06 1.9784457029e-19 2.4424860832e-21 -1.3176593145e+03 2.2360576031e+02 -4.6638893001e+09 -1.0018576399e+07 1.9152354896e+06 3.6000000000e+03 0.0000000000e+00 -0.0000000000e+00
3.3960000000e+04 3.6363654201e-15 3.3202500140e-17 2.7157697308e+08 7.6286013993e+06 2.2502619410e-19 3.1598714681e-21 -1.3367568036e+03 2.2310173378e+02 -4.6638892998e+09 -1.0018576399e+07 1.9152354896e+06 3.6000000000e+03 0.0000000000e+00 -0.0000000000e+00
3.7560000000e+04 4.4968357806e-15 4.6051991820e-17 2.6672925496e+08 8.4307320579e+06 2.5318045083e-19 4.0002430634e-21 -1.3565376532e+03 2.2251129859e+02 -4.6638892994e+09 -1.0018576399e+07 1.9152354896e+06 3.6000000000e+03 0.0000000000e+00 -0.0000000000e+00
4.1160000000e+04 5.4605128867e-15 6.2166989177e-17 2.6180902499e+08 9.2305684106e+06 2.8237512932e-19 4.9762865764e-21 -1.3770494908e+03 2.2182554190e+02 -4.6638892990e+09 -1.0018576399e+07 1.9152354896e+06 3.6000000000e+03 0.0000000000e+00 -0.0000000000e+00
4.4760000000e+04 6.5312746401e-15 8.2061201583e-17 2.5681355861e+08 1.0027749531e+07 3.1268501905e-19 6.1023507731e-21 -1.3983448627e+03 2.2103438244e+02 -4.6638892985e+09 -1.0018576400e+07 1.9152354896e+06 3.6000000000e+03 0.0000000000e+00 -0.0000000000e+00
4.8360000000e+04 7.7132822209e-15 1.0630339087e-16 2.5173993222e+08 1.0821875815e+07 3.4419288280e-19 7.3947215171e-21 -1.4204819171e+03 2.2012637796e+02 -4.6638892979e+09 -1.0018576400e+07 1.9152354896e+06 3.6000000000e+03 0.0000000000e+00 -0.0000000000e+00
5.1960000000e+04 9.0110107951e-15 1.3552491941e-16 2.4658500163e+08 1.1612503673e+07 3.7699060131e-19 8.8719512098e-21 -1.4435252083e+03 2.1908849376e+02 -4.6638892972e+09 -1.0018576400e+07 1.9152354896e+06 3.6000000000e+03 0.0000000000e+00 -0.0000000000e+00
5.5560000000e+04 1.0429284707e-14 1.7042860357e-16 2.4134537729e+08 1.2399139315e+07 4.1118052741e-19 1.0555257084e-20 -1.4675466481e+03 2.1790582285e+02 -4.6638892963e+09 -1.0018576400e+07 1.9152354896e+06 3.6000000000e+03 0.0000000000e+00 -0.0000000000e+00
5.9160000000e+04 1.1973317993e-14 2.1179915026e-16 2.3601739590e+08 1.3181231416e+07 4.4687709650e-19 1.2469005659e-20 -1.4926266376e+03 2.1656124562e+02 -4.6638892952e+09 -1.0018576400e+07 1.9152354896e+06 3.6000000000e+03 0.0000000000e+00 -0.0000000000e+00
6.2760000000e+04 1.3648761242e-14 2.6051552528e-16 2.3059708742e+08 1.3958162424e+07 4.8420875357e-19 1.4641305808e-20 -1.5188554207e+03 2.1503501309e+02 -4.6638892939e+09 -1.0018576400e+07 1.9152354896e+06 3.6000000000e+03 0.0000000000e+00 -0.0000000000e+00
6.6360000000e+04 1.5461756074e-14 3.1756569512e-16 2.2508013681e+08 1.4729238207e+07 5.2332027304e-19 1.7104739819e-20 -1.5463347141e+03 2.1330423334e+02 -4.6638892923e+09 -1.0018576400e+07 1.9152354896e+06 3.6000000000e+03 0.0000000000e+00 -0.0000000000e+00
6.9960000000e+04 1.7418998823e-14 3.8406430543e-16 2.1946183931e+08 1.5493675626e+07 5.6437557068e-19 1.9897271267e-20 -1.5751796832e+03 2.1134223359e+02 -4.6638892903e+09 -1.0018576400e+07 1.9152354896e+06 3.6000000000e+03 0.0000000000e+00 -0.0000000000e+00
7.3560000000e+04 1.9527815415e-14 4.6127402139e-16 2.1373704781e+08 1.6250587548e+07 6.0756113636e-19 2.3063381469e-20 -1.6055213536e+03 2.0911776181e+02 -4.6638892877e+09 -1.0018576400e+07 1.9152354896e+06 3.6000000000e+03 0.0000000000e+00 -0.0000000000e+00
7.7160000000e+04 2.1796249969e-14 5.5063147215e-16 2.0790011061e+08 1.6998964614e+07 6.5309025790e-19 2.6655504372e-20 -1.6375095788e+03 2.0659397852e+02 -4.6638892845e+09 -1.0018576400e+07 1.9152354896e+06 3.6000000000e+03 0.0000000000e+00 -0.0000000000e+00
8.0760000000e+04 2.4233170361e-14 6.5377903639e-16 2.0194479724e+08 1.7737652909e+07 7.0120826169e-19 3.0735855182e-20 -1.6713167222e+03 2.0372717205e+02 -4.6638892803e+09 -1.0018576399e+07 1.9152354896e+06 3.6000000000e+03 0.0000000000e+00 -0.0000000000e+00
8.4360000000e+04 2.6848394919e-14 7.7260411023e-16 1.9586420947e+08 1.8465326371e+07 7.5219907513e-19 3.5378784422e-20 -1.7071422678e+03 2.0046510459e+02 -4.6638892749e+09 -1.0018576399e+07 1.9152354896e+06 3.6000000000e+03 0.0000000000e+00 -0.0000000000e+00
8.7960000000e+04 2.9652845731e-14 9.0928806245e-16 1.8965067355e+08 1.9180452394e+07 8.0639352582e-19 4.0673841960e-20 -1.7452186513e+03 1.9674485946e+02 -4.6638892677e+09 -1.0018576400e+07 1.9152354896e+06 3.6000000000e+03 0.0000000000e+00 -0.0000000000e+00
9.1560000000e+04 3.2658735784e-14 1.0663678767e-15 1.8329560880e+08 1.9881248525e+07 8.6417995211e-19 4.6729813375e-20 -1.7858187145e+03 1.9249000519e+02 -4.6638892582e+09 -1.0018576400e+07 1.9152354896e+06 3.6000000000e+03 0.0000000000e+00 -0.0000000000e+00
9.5160000000e+04 3.5879799630e-14 1.2468146214e-15 1.7678936546e+08 2.0565627325e+07 9.2601793108e-19 5.3680108039e-20 -1.8292653510e+03 1.8760680992e+02 -4.6638892452e+09 -1.0018576399e+07 1.9152354896e+06 3.6000000000e+03 0.0000000000e+00 -0.0000000000e+00
9.8760000000e+04 3.9331580740e-14 1.4541345520e-15 1.7012102289e+08 2.1231125342e+07 9.9245627482e-19 6.1690057227e-20 -1.8759441497e+03 1.8197911386e+02 -4.6638892272e+09 -1.0018576399e+07 1.9152354896e+06 3.6000000000e+03 0.0000000000e+00 -0.0000000000e+00
1.0236000000e+05 4.3031793737e-14 1.6925011270e-15 1.6327813501e+08 2.1874810351e+07 1.0641569676e-18 7.0966960642e-20 -1.9263202129e+03 1.7546127066e+02 -4.6638892019e+09 -1.0018576399e+07 1.9152354896e+06 3.6000000000e+03 0.0000000000e+00 -0.0000000000e+00
1.0596000000e+05 4.7000787061e-14 1.9669299778e-15 1.5624640522e+08 2.2493158429e+07 1.1419275252e-18 8.1774168302e-20 -1.9809608918e+03 1.6786825370e+02 -4.6638891655e+09 -1.0018576399e+07 1.9152354896e+06 3.6000000000e+03 0.0000000000e+00 -0.0000000000e+00
1.0956000000e+05 5.1262142671e-14 2.2835147247e-15 1.4900926513e+08 2.3081888271e+07 1.2267655414e-18 9.4451222940e-20 -2.0405670838e+03 1.5896150425e+02 -4.6638891118e+09 -1.0018576399e+07 1.9152354896e+06 3.6000000000e+03 0.0000000000e+00 -0.0000000000e+00
1.1316000000e+05 5.5843466421e-14 2.6497508676e-15 1.4154731920e+08 2.3635733625e+07 1.3199212813e-18 1.0944333952e-19 -2.1060172108e+03 1.4842821952e+02 -4.6638890301e+09 -1.0018576399e+07 1.9152354896e+06 3.3277494941e+03 0.0000000000e+00 -0.0000000000e+00
1.1615208847e+05 5.9917942317e-14 2.9985712387e-15 1.3515799720e+08 2.4064839362e+07 1.4048065396e-18 1.2408692038e-19 -2.1656565946e+03 1.3813981189e+02 -4.6638889813e+09 -1.0018576399e+07 1.9152354896e+06 3.0114611716e+03 0.0000000000e+00 -0.0000000000e+00
1.1916354964e+05 6.4287060893e-14 3.3974928892e-15 1.2853882897e+08 2.4463109623e+07 1.4983166371e-18 1.4130929183e-19 -2.2313556889e+03 1.2603957632e+02 -4.6638889059e+09 -1.0018576399e+07 1.9152354896e+06 2.7195531109e+03 0.0000000000e+00 -0.0000000000e+00
1.2160754246e+05 6.8048806950e-14 3.7622200150e-15 1.2301524353e+08 2.4757541552e+07 1.5811719321e-18 1.5753076365e-19 -2.2895688445e+03 1.1464256106e+02 -4.6638888667e+09 -1.0018576399e+07 1.9152354896e+06 2.4605704879e+03 0.0000000000e+00 -0.0000000000e+00
1.2406811295e+05 7.2049459312e-14 4.1724259542e-15 1.1730426596e+08 2.5023755911e+07 1.6719666403e-18 1.7635091427e-19 -2.3533601382e+03 1.0141974465e+02 -4.6638888077e+09 -1.0018576399e+07 1.9152354896e+06 2.2208840190e+03 0.0000000000e+00 -0.0000000000e+00
1.2606072907e+05 7.5459551834e-14 4.5408498113e-15 1.1255976604e+08 2.5213885538e+07 1.7517717340e-18 1.9380093743e-19 -2.4094302582e+03 8.9159563673e+01 -4.6638887781e+09 -1.0018576399e+07 1.9152354896e+06 2.0074980699e+03 0.0000000000e+00 -0.0000000000e+00
1.2786612500e+05 7.8691651412e-14 4.9065372366e-15 1.0816099006e+08 2.5363752957e+07 1.8296625979e-18 2.1165712369e-19 -2.4641554629e+03 7.6614017278e+01 -4.6638887530e+09 -1.0018576399e+07 1.9152354896e+06 1.8193745536e+03 0.0000000000e+00 -0.0000000000e+00
1.2949619253e+05 8.1734961185e-14 5.2660249366e-15 1.0410150747e+08 2.5478470915e+07 1.9051803940e-18 2.2975249165e-19 -2.5172133779e+03 6.3900424638e+01 -4.6638887323e+09 -1.0018576399e+07 1.9152354896e+06 1.6442532591e+03 0.0000000000e+00 -0.0000000000e+00
1.3096028767e+05 8.4576875311e-14 5.6154380085e-15 1.0037914745e+08 2.5562869987e+07 1.9777599906e-18 2.4787554492e-19 -2.5682069486e+03 5.1167380620e+01 -4.6638887160e+09 -1.0018576399e+07 1.9152354896e+06 1.4791646003e+03 0.0000000000e+00 -0.0000000000e+00
1.3226362069e+05 8.7198968843e-14 5.9499522017e-15 9.7000714031e+07 2.5621513621e+07 2.0466204602e-18 2.6573759334e-19 -2.6165875045e+03 3.8617715546e+01 -4.6638887039e+09 -1.0018576399e+07 1.9152354896e+06 1.3205134322e+03 0.0000000000e+00 -0.0000000000e+00
1.3340488732e+05 8.9570864600e-14 6.2628859372e-15 9.3989087174e+07 2.5658802335e+07 2.1105833534e-18 2.8291563480e-19 -2.6615270807e+03 2.6548625706e+01 -4.6638886958e+09 -1.0018576399e+07 1.9152354896e+06 1.1633237069e+03 0.0000000000e+00 -0.0000000000e+00
1.3436895604e+05 9.1632848938e-14 6.5431433769e-15 9.1404055802e+07 2.5679122477e+07 2.1675589327e-18 2.9869588457e-19 -2.7015574524e+03 1.5461607872e+01 -4.6638886915e+09 -1.0018576399e+07 1.9152354896e+06 9.9969642331e+02 0.0000000000e+00 -0.0000000000e+00
1.3508725860e+05 9.3205642270e-14 6.7621774130e-15 8.9452398058e+07 2.5687080982e+07 2.2119185339e-18 3.1129611557e-19 -2.7327239863e+03 6.6088338087e+00 -4.6638886902e+09 -1.0018576399e+07 1.9152354896e+06 8.2287916999e+02 0.0000000000e+00 -0.0000000000e+00
1.3582182041e+05 9.4847645576e-14 6.9958243214e-15 8.7432950135e+07 2.5688436218e+07 2.2591001176e-18 3.2500143549e-19 -2.7658732120e+03 -3.0203627258e+00 -4.6638886886e+09 -1.0018576399e+07 1.9152354895e+06 6.9874085059e+02 0.0000000000e+00 -0.0000000000e+00
1.3652056126e+05 9.6442382494e-14 7.2277147125e-15 8.5488931609e+07 2.5682954319e+07 2.3058097117e-18 3.3887945409e-19 -2.7986908233e+03 -1.2770895325e+01 -4.6638886871e+09 -1.0018576399e+07 1.9152354895e+06 8.6176036247e+02 0.0000000000e+00 -0.0000000000e+00
1.3738232162e+05 9.8455183628e-14 7.5275555124e-15 8.3059042150e+07 2.5666463116e+07 2.3660681938e-18 3.5724107872e-19 -2.8410277239e+03 -2.5671556771e+01 -4.6638886818e+09 -1.0018576399e+07 1.9152354895e+06 9.4396189650e+02 0.0000000000e+00 -0.0000000000e+00
1.3832628352e+05 1.0072122964e-13 7.8749493245e-15 8.0354338482e+07 2.5635083525e+07 2.4357396968e-18 3.7911883171e-19 -2.8899781022e+03 -4.1042608640e+01 -4.6638886712e+09 -1.0018576399e+07 1.9152354895e+06 9.8409994261e+02 0.0000000000e+00 -0.0000000000e+00
1.3931038346e+05 1.0315580201e-13 8.2601620717e-15 7.7483921227e+07 2.5586176773e+07 2.5128842570e-18 4.0416072200e-19 -2.9441789626e+03 -5.8636746145e+01 -4.6638886542e+09 -1.0018576399e+07 1.9152354895e+06 9.9883456236e+02 0.0000000000e+00 -0.0000000000e+00
1.4030921802e+05 1.0570702032e-13 8.6776442227e-15 7.4514182867e+07 2.5517917949e+07 2.5964397551e-18 4.3226241112e-19 -3.0028840726e+03 -7.8380662313e+01 -4.6638886297e+09 -1.0018576399e+07 1.9152354895e+06 9.9665632744e+02 0.0000000000e+00 -0.0000000000e+00
1.4130587435e+05 1.0833876047e-13 9.1237156448e-15 7.1490438190e+07 2.5429081836e+07 2.6857481677e-18 4.6343680693e-19 -3.0656311126e+03 -1.0028342605e+02 -4.6638885969e+09 -1.0018576399e+07 1.9152354895e+06 9.8266552626e+02 0.0000000000e+00 -0.0000000000e+00
1.4228853988e+05 1.1102387469e-13 9.5956689488e-15 6.8445683864e+07 2.5318908984e+07 2.7803696309e-18 4.9776448580e-19 -3.1321110394e+03 -1.2440164937e+02 -4.6638885548e+09 -1.0018576399e+07 1.9152354895e+06 9.6025630950e+02 0.0000000000e+00 -0.0000000000e+00
1.4324879619e+05 1.1374097054e-13 1.0091357377e-14 6.5404872381e+07 2.5187010828e+07 2.8799950361e-18 5.3537149055e-19 -3.2021066771e+03 -1.5082388847e+02 -4.6638885025e+09 -1.0018576399e+07 1.9152354895e+06 9.3183804135e+02 0.0000000000e+00 -0.0000000000e+00
1.4418063423e+05 1.1647267135e-13 1.0608981883e-14 6.2387294984e+07 2.5033297385e+07 2.9843992510e-18 5.7641830395e-19 -3.2754598502e+03 -1.7966289666e+02 -4.6638884391e+09 -1.0018576399e+07 1.9152354895e+06 8.9919353089e+02 0.0000000000e+00 -0.0000000000e+00
1.4507982776e+05 1.1920458457e-13 1.1146972231e-14 5.9408045002e+07 2.4857919621e+07 3.0934135792e-18 6.2109409020e-19 -3.3520520347e+03 -2.1105157849e+02 -4.6638883637e+09 -1.0018576399e+07 1.9152354895e+06 8.6367771674e+02 0.0000000000e+00 -0.0000000000e+00
1.4594350547e+05 1.2192464372e-13 1.1703917078e-14 5.6478984479e+07 2.4661222161e+07 3.2069082864e-18 6.6961370691e-19 -3.4317920807e+03 -2.4514089037e+02 -4.6638882754e+09 -1.0018576399e+07 1.9152354895e+06 8.2633774520e+02 0.0000000000e+00 -0.0000000000e+00
1.4676984322e+05 1.2462266289e-13 1.2278521517e-14 5.3609419973e+07 2.4443703768e+07 3.3247807895e-18 7.2221631198e-19 -3.5146079146e+03 -2.8209886184e+02 -4.6638881732e+09 -1.0018576399e+07 1.9152354895e+06 7.8799069701e+02 0.0000000000e+00 -0.0000000000e+00
1.4755783392e+05 1.2729001937e-13 1.2869580873e-14 5.0806596689e+07 2.4205983918e+07 3.4469472063e-18 7.7916496643e-19 -3.6004406019e+03 -3.2211031647e+02 -4.6638880562e+09 -1.0018576399e+07 1.9152354896e+06 7.4927677037e+02 0.0000000000e+00 -0.0000000000e+00
1.4830711069e+05 1.2991941742e-13 1.3475964531e-14 4.8076072958e+07 2.3948774301e+07 3.5733359747e-18 8.4074691023e-19 -3.6892398635e+03 -3.6537706569e+02 -4.6638879232e+09 -1.0018576399e+07 1.9152354895e+06 7.1069734285e+02 0.0000000000e+00 -0.0000000000e+00
1.4901780803e+05 1.3250470544e-13 1.4096606150e-14 4.5422012288e+07 2.3672854422e+07 3.7038827685e-18 9.0727433083e-19 -3.7809605051e+03 -4.1211844873e+02 -4.6638877733e+09 -1.0018576399e+07 1.9152354895e+06 6.7264322324e+02 0.0000000000e+00 -0.0000000000e+00
1.4969045125e+05 1.3504072977e-13 1.4730498052e-14 4.2847416432e+07 2.3379050626e+07 3.8385262294e-18 9.7908552313e-19 -3.8755594167e+03 -4.6257214759e+02 -4.6638876053e+09 -1.0018576399e+07 1.9152354896e+06 6.3541623867e+02 0.0000000000e+00 -0.0000000000e+00
1.5032586749e+05 1.3752321429e-13 1.5376688376e-14 4.0354314817e+07 2.3068218051e+07 3.9772041887e-18 1.0565463859e-18 -3.9729929193e+03 -5.1699523845e+02 -4.6638874182e+09 -1.0018576399e+07 1.9152354895e+06 5.9924611240e+02 0.0000000000e+00 -0.0000000000e+00
1.5092511360e+05 1.3994865907e-13 1.6034280119e-14 3.7943920797e+07 2.2741225055e+07 4.1198501553e-18 1.1400522287e-18 -4.0732142973e+03 -5.7566546119e+02 -4.6638872106e+09 -1.0018576399e+07 1.9152354895e+06 5.6430390456e+02 0.0000000000e+00 -0.0000000000e+00
1.5148941751e+05 1.4231425316e-13 1.6702431465e-14 3.5616762013e+07 2.2398939764e+07 4.2663898987e-18 1.2300298841e-18 -4.1761713970e+03 -6.3888270336e+02 -4.6638869816e+09 -1.0018576400e+07 1.9152354895e+06 5.3071286665e+02 0.0000000000e+00 -0.0000000000e+00
1.5202013038e+05 1.4461779861e-13 1.7380357034e-14 3.3372790153e+07 2.2042218425e+07 4.4167379886e-18 1.3269401342e-18 -4.2818041962e+03 -7.0697070495e+02 -4.6638867298e+09 -1.0018576399e+07 1.9152354895e+06 4.9855730095e+02 0.0000000000e+00 -0.0000000000e+00
1.5251868768e+05 1.4685764337e-13 1.8067329817e-14 3.1211473995e+07 2.1671895269e+07 4.5707941730e-18 1.4312804729e-18 -4.3900422589e+03 -7.8027899934e+02 -4.6638864539e+09 -1.0018576399e+07 1.9152354895e+06 4.6788985638e+02 0.0000000000e+00 -0.0000000000e+00
1.5298657753e+05 1.4903262157e-13 1.8762683656e-14 2.9131878691e+07 2.1288773638e+07 4.7284394795e-18 1.5435882389e-18 -4.5008019966e+03 -8.5918511449e+02 -4.6638861527e+09 -1.0018576400e+07 1.9152354895e+06 4.3873756837e+02 0.0000000000e+00 -0.0000000000e+00
1.5342531510e+05 1.5114199997e-13 1.9465816205e-14 2.7132733552e+07 2.0893618130e+07 4.8895319251e-18 1.6644441651e-18 -4.6139836537e+03 -9.4409706643e+02 -4.6638858248e+09 -1.0018576400e+07 1.9152354895e+06 4.1110688764e+02 0.0000000000e+00 -0.0000000000e+00
1.5383642199e+05 1.5318542987e-13 2.0176192379e-14 2.5212490126e+07 2.0487147540e+07 5.0539017093e-18 1.7944764041e-18 -4.7294679303e+03 -1.0354561877e+03 -4.6638854690e+09 -1.0018576399e+07 1.9152354895e+06 3.8498787660e+02 0.0000000000e+00 -0.0000000000e+00
1.5422140987e+05 1.5516290371e-13 2.0893348334e-14 2.3369371982e+07 2.0070028373e+07 5.2213457470e-18 1.9343651065e-18 -4.8471121412e+03 -1.1337403443e+03 -4.6638850841e+09 -1.0018576400e+07 1.9152354895e+06 3.6035772318e+02 0.0000000000e+00 -0.0000000000e+00
1.5458176759e+05 1.5707471599e-13 2.1616896077e-14 2.1601417358e+07 1.9642868700e+07 5.3916213741e-18 2.0848476502e-18 -4.9667457936e+03 -1.2394676091e+03 -4.6638846686e+09 -1.0018576399e+07 1.9152354895e+06 3.3718368842e+02 0.0000000000e+00 -0.0000000000e+00
1.5491895128e+05 1.5892142807e-13 2.2346528866e-14 1.9906515581e+07 1.9206212130e+07 5.5644390210e-18 2.2467246414e-18 -5.0881654392e+03 -1.3532004787e+03 -4.6638842215e+09 -1.0018576399e+07 1.9152354895e+06 3.1542558372e+02 0.0000000000e+00 -0.0000000000e+00
1.5523437686e+05 1.6070383661e-13 2.3082027604e-14 1.8282438042e+07 1.8760531637e+07 5.7394535987e-18 2.4208668451e-18 -5.2111286225e+03 -1.4755507423e+03 -4.6638837416e+09 -1.0018576399e+07 1.9152354895e+06 2.9503786062e+02 0.0000000000e+00 -0.0000000000e+00
1.5552941472e+05 1.6242294535e-13 2.3823268528e-14 1.6726864311e+07 1.8306222952e+07 5.9162542769e-18 2.6082232450e-18 -5.3353466990e+03 -1.6071851446e+03 -4.6638832280e+09 -1.0018576399e+07 1.9152354895e+06 2.7597138051e+02 0.0000000000e+00 -0.0000000000e+00
1.5580538610e+05 1.6407994017e-13 2.4570232570e-14 1.5237403906e+07 1.7843597179e+07 6.0943522384e-18 2.8098304916e-18 -5.4604762315e+03 -1.7488320243e+03 -4.6638826798e+09 -1.0018576399e+07 1.9152354895e+06 2.5817492629e+02 0.0000000000e+00 -0.0000000000e+00
1.5606356103e+05 1.6567616729e-13 2.5323016904e-14 1.3811614074e+07 1.7372872207e+07 6.2731658674e-18 3.0268240779e-18 -5.5861085834e+03 -1.9012891651e+03 -4.6638820966e+09 -1.0018576399e+07 1.9152354895e+06 2.4159650968e+02 0.0000000000e+00 -0.0000000000e+00
1.5630515754e+05 1.6721311448e-13 2.6081849388e-14 1.2447013870e+07 1.6894162397e+07 6.4520026493e-18 3.2604516889e-18 -5.7117572025e+03 -2.0654331761e+03 -4.6638814783e+09 -1.0018576399e+07 1.9152354895e+06 2.2618452883e+02 0.0000000000e+00 -0.0000000000e+00
1.5653134207e+05 1.6869239550e-13 2.6847106826e-14 1.1141094668e+07 1.6407465834e+07 6.6300368096e-18 3.5120893279e-18 -5.8368419090e+03 -2.2422308208e+03 -4.6638808251e+09 -1.0018576399e+07 1.9152354895e+06 2.1188882741e+02 0.0000000000e+00 -0.0000000000e+00
1.5674323089e+05 1.7011573768e-13 2.7619338375e-14 9.8913271498e+06 1.5912648209e+07 6.8062813498e-18 3.7832610308e-18 -5.9606692495e+03 -2.4327528690e+03 -4.6638801381e+09 -1.0018576399e+07 1.9152354895e+06 1.9866171406e+02 0.0000000000e+00 -0.0000000000e+00
1.5694189261e+05 1.7148497308e-13 2.8399295915e-14 8.6951646340e+06 1.5409422037e+07 6.9795526094e-18 4.0756632925e-18 -6.0824075980e+03 -2.6381912580e+03 -4.6638794192e+09 -1.0018576399e+07 1.9152354895e+06 1.8645901070e+02 0.0000000000e+00 -0.0000000000e+00
1.5712835162e+05 1.7280203351e-13 2.9187973989e-14 7.5500424336e+06 1.4897319385e+07 7.1484246772e-18 4.3911957723e-18 -6.2010551261e+03 -2.8598806662e+03 -4.6638786713e+09 -1.0018576399e+07 1.9152354895e+06 1.7524121602e+02 0.0000000000e+00 -0.0000000000e+00
1.5730359283e+05 1.7406895005e-13 2.9986663112e-14 6.4533726564e+06 1.4375655473e+07 7.3111697512e-18 4.7320005007e-18 -6.3153979004e+03 -3.0993260589e+03 -4.6638778993e+09 -1.0018576400e+07 1.9152354895e+06 1.6497490312e+02 0.0000000000e+00 -0.0000000000e+00
1.5746856774e+05 1.7528785810e-13 3.0797022034e-14 5.4025335317e+06 1.3843479275e+07 7.4656786158e-18 5.1005127863e-18 -6.4239540109e+03 -3.3582384553e+03 -4.6638771099e+09 -1.0018576399e+07 1.9152354895e+06 1.5563452150e+02 0.0000000000e+00 -0.0000000000e+00
1.5762420226e+05 1.7646100911e-13 3.1621177386e-14 4.3948518630e+06 1.3299505274e+07 7.6093522978e-18 5.4995284769e-18 -6.5248974496e+03 -3.6385821852e+03 -4.6638763130e+09 -1.0018576399e+07 1.9152354895e+06 1.4720485138e+02 0.0000000000e+00 -0.0000000000e+00
1.5777140711e+05 1.7759079083e-13 3.2461863666e-14 3.4275766299e+06 1.2742017449e+07 7.7389507978e-18 5.9322943927e-18 -6.6159518311e+03 -3.9426384263e+03 -4.6638755222e+09 -1.0018576399e+07 1.9152354895e+06 1.3968447442e+02 0.0000000000e+00 -0.0000000000e+00
1.5791109159e+05 1.7867975798e-13 3.3322623638e-14 2.4978411734e+06 1.2168731580e+07 7.8503759646e-18 6.4026318419e-18 -6.6942378423e+03 -4.2730919847e+03 -4.6638747566e+09 -1.0018576399e+07 1.9152354896e+06 1.3208248076e+02 0.0000000000e+00 -0.0000000000e+00
1.5802174071e+05 1.7955267119e-13 3.4053942399e-14 1.7541253663e+06 1.1679847284e+07 7.9251772173e-18 6.8238221015e-18 -6.7467923225e+03 -4.5690153059e+03 -4.6638744724e+09 -1.0018576399e+07 1.9152354896e+06 1.1327072896e+02 0.0000000000e+00 -0.0000000000e+00
1.5811577991e+05 1.8030039696e-13 3.4714011518e-14 1.1179421639e+06 1.1237279571e+07 7.9746891242e-18 7.2206934231e-18 -6.7815788058e+03 -4.8478524274e+03 -4.6638743330e+09 -1.0018576399e+07 1.9152354896e+06 9.6924360794e+01 3.8324108068e-291 -2.7155435729e-283
1.5819230207e+05 1.8091176527e-13 3.5279862528e-14 5.9820866794e+05 1.0856961422e+07 8.0019185152e-18 7.5731579633e-18 -6.8007098556e+03 -5.0954898667e+03 -4.6638742807e+09 -1.0018576399e+07 1.9152354896e+06 8.1118172888e+01 5.7499328503e-266 -4.1532819215e-258
1.5823870091e+05 1.8128328412e-13 3.5636489079e-14 2.8249562953e+05 1.0616854473e+07 8.0112203996e-18 7.8008920360e-18 -6.8072452501e+03 -5.2554931470e+03 -4.6638742763e+09 -1.0018576400e+07 1.9152354896e+06 6.7281105389e+01 8.6925799825e-251 -6.3542242510e-243
1.5829798814e+05 1.8175837239e-13 3.6108002625e-14 -1.2117505754e+05 1.0298933310e+07 8.0135012082e-18 8.1083415256e-18 -6.8088477194e+03 -5.4715035414e+03 -4.6638742620e+09 -1.0018576400e+07 1.9152354896e+06 5.5158874060e+01 1.6245820447e-231 -1.2061920555e-223
1.5835314701e+05 1.8220018626e-13 3.6563541582e-14 -4.9660162541e+05 9.9913054962e+06 8.0041750960e-18 8.4118909117e-18 -6.8022953027e+03 -5.6847737688e+03 -4.6638742526e+09 -1.0018576400e+07 1.9152354896e+06 7.0957151554e+01 9.6404942247e-214 -7.2643371968e-206
1.5842410417e+05 1.8276716055e-13 3.7175031959e-14 -9.7858516299e+05 9.5776677462e+06 7.9725493723e-18 8.8286407611e-18 -6.7800754413e+03 -5.9775773101e+03 -4.6638742255e+09 -1.0018576400e+07 1.9152354896e+06 7.8865415237e+01 3.6949668547e-191 -2.8388521155e-183
1.5850296958e+05 1.8339352208e-13 3.7890752245e-14 -1.5116146039e+06 9.0925811919e+06 7.9055532978e-18 9.3283311345e-18 -6.7330047875e+03 -6.3286538877e+03 -4.6638741912e+09 -1.0018576400e+07 1.9152354896e+06 8.3495523625e+01 1.5711631461e-166 -1.2340465540e-158
1.5858646510e+05 1.8404909204e-13 3.8693213197e-14 -2.0706228513e+06 8.5475949317e+06 7.7887783146e-18 9.9008587716e-18 -6.6509600581e+03 -6.7309050700e+03 -4.6638741488e+09 -1.0018576400e+07 1.9152354896e+06 8.7052966642e+01 3.7182266729e-141 -2.9906403475e-133
1.5867351807e+05 1.8471959613e-13 3.9582828891e-14 -2.6443166417e+06 7.9421763442e+06 7.6036837532e-18 1.0545673277e-17 -6.5209147969e+03 -7.1839441552e+03 -4.6638740345e+09 -1.0018576400e+07 1.9152354896e+06 9.1406798076e+01 1.0774084626e-115 -8.8851861067e-108
1.5876492487e+05 1.8540250195e-13 4.0579622183e-14 -3.2318554110e+06 7.2624370503e+06 7.3217997277e-18 1.1272328843e-17 -6.3228663968e+03 -7.6944838071e+03 -4.6638735711e+09 -1.0018576400e+07 1.9152354895e+06 1.0048580834e+02 2.2877736417e-90 -1.9366546163e-82
1.5886541068e+05 1.8611743642e-13 4.1754527734e-14 -3.8525981645e+06 6.4596038784e+06 6.8828612594e-18 1.2119091355e-17 -6.0144733930e+03 -8.2894091864e+03 -4.6638714021e+09 -1.0018576400e+07 1.9152354895e+06 9.9678952359e+01 1.1337108081e-64 -9.8692583619e-57
1.5895357457e+05 1.8670236045e-13 4.2856706298e-14 -4.3674738165e+06 5.7050914358e+06 6.3634668550e-18 1.2885543004e-17 -5.6495529950e+03 -8.8279090975e+03 -4.6638686667e+09 -1.0018576400e+07 1.9152354896e+06 8.8178654775e+01 1.7964462543e-44 -1.6004129408e-36
1.5904175323e+05 1.8723533530e-13 4.4026684918e-14 -4.8458679821e+06 4.9029467967e+06 5.6998741928e-18 1.3647574686e-17 -5.1833205975e+03 -9.3633035927e+03 -4.6638636601e+09 -1.0018576400e+07 1.9152354896e+06 7.9688436670e+01 5.6603794407e-27 -5.1492001557e-19
1.5912144166e+05 1.8766121293e-13 4.5140666848e-14 -5.2390098532e+06 4.1382317422e+06 4.9674692335e-18 1.4302883442e-17 -4.6687414897e+03 -9.8237158148e+03 -4.6638591477e+09 -1.0018576400e+07 1.9152354896e+06 7.3562375975e+01 6.4092864429e-14 -5.9255087102e-06
1.5918182648e+05 1.8794224724e-13 4.6018317847e-14 -5.5076341859e+06 3.5352104929e+06 4.3289714345e-18 1.4758320900e-17 -4.2201404371e+03 -1.0143700789e+04 -4.6638603762e+09 -1.0018576309e+07 1.9152357073e+06 6.7071111857e+01 5.1784460303e-06 -4.8359261810e+02
1.5918853359e+05 1.8797103051e-13 4.6117463747e-14 -5.5357623470e+06 3.4670630087e+06 4.2538015775e-18 1.4805983193e-17 -4.1673269436e+03 -1.0177187667e+04 -4.6638692997e+09 -1.0018576000e+07 1.9152364579e+06 3.3535555928e+01 3.0149978113e-05 -2.8183444736e+03
1.5920119651e+05 1.8802398648e-13 4.6305511499e-14 -5.5878938077e+06 3.3377961125e+06 4.1096636599e-18 1.4894155397e-17 -4.0660562942e+03 -1.0239133813e+04 -4.6641322226e+09 -1.0018567124e+07 1.9152586234e+06 2.1966485131e+01 7.2440652734e-04 -6.7836236017e+04
1.5921124731e+05 1.8806470828e-13 4.6455553891e-14 -5.6283508575e+06 3.2346428762e+06 3.9932358761e-18 1.4962377420e-17 -3.9842444460e+03 -1.0287037483e+04 -4.6669818872e+09 -1.0018473139e+07 1.9154993520e+06 1.3332645369e+01 7.8675871256e-03 -7.3773610194e+05
1.5921942437e+05 1.8809696943e-13 4.6578124876e-14 -5.6606548066e+06 3.1503691740e+06 3.8972240162e-18 1.5016680406e-17 -3.9167206921e+03 -1.0325014930e+04 -4.6845798361e+09 -1.0017904058e+07 1.9169884733e+06 9.1447830259e+00 4.9996879626e-02 -4.6929587314e+06
1.5922592940e+05 1.8812207029e-13 4.6675947049e-14 -5.6859564135e+06 3.0831092190e+06 3.8200355720e-18 1.5059084916e-17 -3.8622365966e+03 -1.0354135584e+04 -4.7520132732e+09 -1.0015758635e+07 1.9227026582e+06 6.8609410346e+00 2.0518902657e-01 -1.9274154535e+07
1.5923127532e+05 1.8814232116e-13 4.6756543712e-14 -5.7064821281e+06 3.0276963564e+06 3.7560741678e-18 1.5093393015e-17 -3.8165940475e+03 -1.0376336983e+04 -4.9426697686e+09 -1.0009774474e+07 1.9388787308e+06 5.5020165013e+00 6.2927041126e-01 -5.9136225049e+07
1.5923581513e+05 1.8815924904e-13 4.6825130291e-14 -5.7237185187e+06 2.9805522872e+06 3.7013903030e-18 1.5122137257e-17 -3.7765595921e+03 -1.0392113191e+04 -5.3848421735e+09 -9.9960536440e+06 1.9764415804e+06 4.6188735003e+00 1.5835061454e+00 -1.4882574540e+08
1.5923978117e+05 1.8817383371e-13 4.6885154584e-14 -5.7386240127e+06 2.9393176228e+06 3.6533457735e-18 1.5146950335e-17 -3.7395597333e+03 -1.0400565218e+04 -6.2821778154e+09 -9.9684767744e+06 2.0527830468e+06 4.0098530281e+00 3.4669073449e+00 -3.2570068797e+08
1.5924333442e+05 1.8818673813e-13 4.6939014489e-14 -5.7518482099e+06 2.9023606680e+06 3.6100893843e-18 1.5168941484e-17 -3.7032083859e+03 -1.0399350982e+04 -7.9439172506e+09 -9.9178174766e+06 2.1944351906e+06 3.5783260684e+00 6.8628493259e+00 -6.4395338113e+08
1.5924691274e+05 1.8819957797e-13 4.6993333187e-14 -5.7650259079e+06 2.8651732819e+06 3.5663274638e-18 1.5190856860e-17 -3.6607825522e+03 -1.0381771810e+04 -1.1222009580e+10 -9.8185440798e+06 2.4747367839e+06 3.2660771850e+00 1.3372710586e+01 -1.2512910890e+09
1.5925017882e+05 1.8821116041e-13 4.7042980084e-14 -5.7769072058e+06 2.8313256740e+06 3.5262115209e-18 1.5210655836e-17 -3.6128825978e+03 -1.0339493000e+04 -1.6779899136e+10 -9.6509668784e+06 2.9523461586e+06 3.0951025183e+00 2.4063864763e+01 -2.2402628525e+09
1.5925327392e+05 1.8822201537e-13 4.7090087425e-14 -5.7880022220e+06 2.7994350062e+06 3.4880460221e-18 1.5229237756e-17 -3.5536808138e+03 -1.0259420684e+04 -2.5919394939e+10 -9.3756760732e+06 3.7439320610e+06 3.2009112851e+00 4.1009161497e+01 -3.7846690652e+09
1.5925647483e+05 1.8823311692e-13 4.7138865374e-14 -5.7992503104e+06 2.7668127722e+06 3.4484258375e-18 1.5248269989e-17 -3.4695870248e+03 -1.0109566126e+04 -4.1729075883e+10 -8.8974906091e+06 5.1313563043e+06 3.3667789642e+00 6.8937092897e+01 -6.2630167863e+09
1.5925874336e+05 1.8824090783e-13 4.7173471646e-14 -5.8070339659e+06 2.7440574089e+06 3.4202563891e-18 1.5261645142e-17 -3.3893290245e+03 -9.9421553578e+03 -5.8559370872e+10 -8.3835255524e+06 6.6342242478e+06 2.3558435074e+00 9.7068659383e+01 -8.6666777285e+09
1.5926076348e+05 1.8824779178e-13 4.7204314044e-14 -5.8137926307e+06 2.7241714525e+06 3.3951102112e-18 1.5273477591e-17 -3.2986428578e+03 -9.7355930876e+03 -7.8605101638e+10 -7.7628661097e+06 8.4606669316e+06 2.0384526487e+00 1.2864072322e+02 -1.1239797636e+10
1.5926280194e+05 1.8825468664e-13 4.7235460411e-14 -5.8204048876e+06 2.7045944544e+06 3.3696791303e-18 1.5285344026e-17 -3.1848651363e+03 -9.4599246958e+03 -1.0441748436e+11 -6.9476298919e+06 1.0874714609e+07 1.8606476265e+00 1.6635330042e+02 -1.4114098062e+10
1.5926466258e+05 1.8826093480e-13 4.7263911078e-14 -5.8262169987e+06 2.6872793016e+06 3.3464182132e-18 1.5296112568e-17 -3.0588672250e+03 -9.1407719453e+03 -1.3315546812e+11 -6.0155618437e+06 1.3651822721e+07 1.7781726943e+00 2.0450162021e+02 -1.6755129858e+10
1.5926644076e+05 1.8826686551e-13 4.7291119317e-14 -5.8315336038e+06 2.6713444665e+06 3.3241472058e-18 1.5306349450e-17 -2.9175730322e+03 -8.7713379703e+03 -1.6501821995e+11 -4.9475636602e+06 1.6853146170e+07 1.7946242393e+00 2.4199628703e+02 -1.9014289840e+10
1.5926823538e+05 1.8827281091e-13 4.7318597694e-14 -5.8366263931e+06 2.6559852869e+06 3.3016312625e-18 1.5316629252e-17 -2.7547926313e+03 -8.3353006677e+03 -2.0078760988e+11 -3.6983954668e+06 2.0620854214e+07 2.0073950270e+00 2.7781019923e+02 -2.0729978797e+10
1.5927024277e+05 1.8827941327e-13 4.7349355712e-14 -5.8419558175e+06 2.6397993331e+06 3.2764021538e-18 1.5328069201e-17 -2.5517020467e+03 -7.7803019945e+03 -2.4353130097e+11 -2.1227937338e+06 2.5406662317e+07 2.1944098460e+00 3.1124129003e+02 -2.1661922912e+10
1.5927186640e+05 1.8828471632e-13 4.7374250156e-14 -5.8459566827e+06 2.6275605302e+06 3.2559647744e-18 1.5337279388e-17 -2.3751780959e+03 -7.2906696651e+03 -2.7870319510e+11 -7.4439218216e+05 2.9623540350e+07 1.6682680723e+00 3.3032295447e+02 -2.1529260624e+10
1.5927353466e+05 1.8829013060e-13 4.7399844717e-14 -5.8497628718e+06 2.6158350685e+06 3.2349380429e-18 1.5346705731e-17 -2.1871513455e+03 -6.7635268346e+03 -3.1394461516e+11 7.2826355552e+05 3.4160548530e+07 1.5373328520e+00 3.4084194749e+02 -2.0594061178e+10
1.5927507200e+05 1.8829508887e-13 4.7423444369e-14 -5.8529907350e+06 2.6058171164e+06 3.2155388228e-18 1.5355361225e-17 -2.0122378175e+03 -6.2690249044e+03 -3.4454961001e+11 2.0991764009e+06 3.8415505547e+07 1.5275307482e+00 3.4202341718e+02 -1.9141157100e+10
1.5927659953e+05 1.8829998597e-13 4.7446906707e-14 -5.8559330187e+06 2.5966147125e+06 3.1962432804e-18 1.5363934255e-17 -1.8407860788e+03 -5.7811889485e+03 -3.7242742076e+11 3.4412832006e+06 4.2613309308e+07 1.6309606317e+00 3.3566424528e+02 -1.7310542844e+10
1.5927823049e+05 1.8830518210e-13 4.7471972124e-14 -5.8587900068e+06 2.5876009758e+06 3.1756209550e-18 1.5373060147e-17 -1.6640154414e+03 -5.2755852258e+03 -3.9890493636e+11 4.8206770920e+06 4.6965440776e+07 2.2321238323e+00 3.2193677041e+02 -1.5137547603e+10
1.5927981368e+05 1.8831019388e-13 4.7496317699e-14 -5.8612944994e+06 2.5796217364e+06 3.1555842180e-18 1.5381893822e-17 -1.5015117031e+03 -4.8088964942e+03 -4.2116960970e+11 6.0822994737e+06 5.0985049704e+07 1.6332112032e+00 3.0350781741e+02 -1.2996751404e+10
1.5928121889e+05 1.8831461561e-13 4.7517937879e-14 -5.8633084128e+06 2.5731406658e+06 3.1377862747e-18 1.5389715553e-17 -1.3663670329e+03 -4.4197115667e+03 -4.3814438191e+11 7.1247398524e+06 5.4339832968e+07 1.4149622419e+00 2.8440795161e+02 -1.1183448900e+10
1.5928263385e+05 1.8831904277e-13 4.7539719308e-14 -5.8651510397e+06 2.5671486184e+06 3.1198526095e-18 1.5397575276e-17 -1.2397422123e+03 -4.0544317592e+03 -4.5276177243e+11 8.0939509795e+06 5.7491649596e+07 1.3194283211e+00 2.6378380518e+02 -9.5061807161e+09
1.5928395328e+05 1.8832314816e-13 4.7560040132e-14 -5.8667137760e+06 2.5620098913e+06 3.1031196611e-18 1.5404890789e-17 -1.1304888471e+03 -3.7389719783e+03 -4.6436277922e+11 8.9226754156e+06 6.0216745975e+07 1.2678555658e+00 2.4415399341e+02 -8.1064437690e+09
1.5928522113e+05 1.8832707227e-13 4.7579575759e-14 -5.8680847613e+06 2.5574493749e+06 3.0870322461e-18 1.5411909040e-17 -1.0334829535e+03 -3.4588159635e+03 -4.7387194639e+11 9.6511514684e+06 6.2639985098e+07 1.2379709263e+00 2.2551868786e+02 -6.9198802770e+09
1.5928645910e+05 1.8833088420e-13 4.7598659491e-14 -5.8693093537e+06 2.5533257661e+06 3.0713165440e-18 1.5418751996e-17 -9.4608346497e+02 -3.2065028203e+03 -4.8179796334e+11 1.0300192949e+07 6.4825512950e+07 1.2223019433e+00 2.0792722714e+02 -5.9086429940e+09
1.5928768141e+05 1.8833462879e-13 4.7617509986e-14 -5.8704164854e+06 2.5495485761e+06 3.0557929895e-18 1.5425499506e-17 -8.6655810469e+02 -2.9771398487e+03 -4.8847892818e+11 1.0883451843e+07 6.6815394334e+07 1.2159206674e+00 1.9139723473e+02 -5.0444412937e+09
1.5928889733e+05 1.8833833500e-13 4.7636270246e-14 -5.8714252612e+06 2.5460579247e+06 3.0403442432e-18 1.5432203733e-17 -7.9373056224e+02 -2.7674070747e+03 -4.9415169801e+11 1.1410226041e+07 6.8638160558e+07 1.2161698603e+00 1.7593463383e+02 -4.3053607894e+09
1.5929011350e+05 1.8834202317e-13 4.7655042501e-14 -5.8723492610e+06 2.5428110627e+06 3.0248865031e-18 1.5438901896e-17 -7.2673130982e+02 -2.5748489410e+03 -4.9899325585e+11 1.1887406063e+07 7.0314906125e+07 1.2214362605e+00 1.6152941243e+02 -3.6733807445e+09
1.5929133493e+05 1.8834570839e-13 4.7673904240e-14 -5.8731986117e+06 2.5397759091e+06 3.0093563212e-18 1.5445622132e-17 -6.6488110886e+02 -2.3975441629e+03 -5.0314121833e+11 1.2320386525e+07 7.1862129988e+07 1.2306543058e+00 1.4815759567e+02 -3.1332724930e+09
1.5929256559e+05 1.8834940224e-13 4.7692916625e-14 -5.8739811228e+06 2.5369275195e+06 2.9937036900e-18 1.5452386578e-17 -6.0762868883e+02 -2.2339295729e+03 -5.0670546365e+11 1.2713554582e+07 7.3293251273e+07 1.2430732403e+00 1.3578439908e+02 -2.6720044420e+09
1.5929380866e+05 1.8835311380e-13 4.7712129317e-14 -5.8747029687e+06 2.5342459741e+06 2.9778880714e-18 1.5459213144e-17 -5.5451408656e+02 -2.0826967162e+03 -5.0977536752e+11 1.3070577827e+07 7.4619498810e+07 1.2581351143e+00 1.2436724173e+02 -2.2783634188e+09
1.5929506680e+05 1.8835685032e-13 4.7731583439e-14 -5.8753691252e+06 2.5317150277e+06 2.9618759648e-18 1.5466116605e-17 -5.0514552680e+02 -1.9427267418e+03 -5.1242462002e+11 1.3394586284e+07 7.5850471062e+07 1.2754051036e+00 1.1385830095e+02 -1.9426815544e+09
1.5929634220e+05 1.8836061756e-13 4.7751313463e-14 -5.8759836651e+06 2.5293212046e+06 2.9456393563e-18 1.5473109294e-17 -4.5918405404e+02 -1.8130471601e+03 -5.1471459849e+11 1.3688293777e+07 7.6994507841e+07 1.2945296728e+00 1.0420658052e+02 -1.6566217254e+09
1.5929763673e+05 1.8836442010e-13 4.7771348453e-14 -5.8765499644e+06 2.5270531669e+06 2.9291546950e-18 1.5480201562e-17 -4.1633285793e+02 -1.6928018100e+03 -5.1669682537e+11 1.3954082546e+07 7.8058948344e+07 1.3152101778e+00 9.5359539561e+01 -1.4129996781e+09
1.5929895194e+05 1.8836826154e-13 4.7791712907e-14 -5.8770708532e+06 2.5249012579e+06 2.9124022026e-18 1.5487402097e-17 -3.7632958941e+02 -1.5812292246e+03 -5.1841481562e+11 1.4194064444e+07 7.9050316913e+07 1.3371854110e+00 8.7264350994e+01 -1.2056320468e+09
1.5930028913e+05 1.8837214457e-13 4.7812427327e-14 -5.8775487282e+06 2.5228571653e+06 2.8953654038e-18 1.5494718130e-17 -3.3894066706e+02 -1.4776465746e+03 -5.1990550030e+11 1.4410126521e+07 7.9974460790e+07 1.3602201444e+00 7.9868857605e+01 -1.0292044683e+09
1.5930164935e+05 1.8837607112e-13 4.7833508614e-14 -5.8779856393e+06 2.5209136649e+06 2.8780308001e-18 1.5502155591e-17 -3.0395694140e+02 -1.3814374131e+03 -5.2120034587e+11 1.4603965936e+07 8.0836655180e+07 1.3840974551e+00 7.3122281964e+01 -8.7915624943e+08
1.5930303344e+05 1.8838004238e-13 4.7854970343e-14 -5.8783833574e+06 2.5190644229e+06 2.8603876419e-18 1.5509719212e-17 -2.7119031827e+02 -1.2920421032e+03 -5.2232624878e+11 1.4777117292e+07 8.1641685254e+07 1.4086135060e+00 6.6975739307e+01 -7.5157927028e+08
1.5930444206e+05 1.8838405892e-13 4.7876822962e-14 -5.8787434296e+06 2.5173038404e+06 2.8424277649e-18 1.5517412600e-17 -2.4047107984e+02 -1.2089501985e+03 -5.2330625985e+11 1.4930974433e+07 8.2393911362e+07 1.4335744291e+00 6.1382594356e+01 -6.4312939184e+08
1.5930587563e+05 1.8838812064e-13 4.7899073938e-14 -5.8790672231e+06 2.5156269290e+06 2.8241454665e-18 1.5525238305e-17 -2.1164571668e+02 -1.1316942575e+03 -5.2416017751e+11 1.5066808134e+07 8.3097321967e+07 1.4587944637e+00 5.6298693791e+01 -5.5094892162e+08
1.5930733443e+05 1.8839222692e-13 4.7921727875e-14 -5.8793559630e+06 2.5140292105e+06 2.8055374055e-18 1.5533197856e-17 -1.8457514870e+02 -1.0598447545e+03 -5.2490503783e+11 1.5185780621e+07 8.3755577182e+07 1.4840953346e+00 5.1682501766e+01 -4.7259892254e+08
1.5930881852e+05 1.8839637655e-13 4.7944786628e-14 -5.8796107633e+06 2.5125066348e+06 2.7866025088e-18 1.5541291813e-17 -1.5913324149e+02 -9.9300582918e+02 -5.2555552258e+11 1.5288957630e+07 8.4372045158e+07 1.5093062640e+00 4.7495159423e+01 -4.0600025605e+08
1.5931032783e+05 1.8840056786e-13 4.7968249407e-14 -5.8798326532e+06 2.5110555124e+06 2.7673418787e-18 1.5549519806e-17 -1.3520555719e+02 -9.3081170758e+02 -5.2612430098e+11 1.5377318463e+07 8.4949832768e+07 1.5342650606e+00 4.3700486470e+01 -3.4938237793e+08
1.5931186209e+05 1.8840479867e-13 4.7992112906e-14 -5.8800226001e+06 2.5096724579e+06 2.7477586845e-18 1.5557880585e-17 -1.1268828448e+02 -8.7292364489e+02 -5.2662231758e+11 1.5451764446e+07 8.5491811873e+07 1.5588193563e+00 4.0264937560e+01 -3.0123896512e+08
1.5931342091e+05 1.8840906642e-13 4.8016371450e-14 -5.8801815283e+06 2.5083543433e+06 2.7278580401e-18 1.5566372074e-17 -9.1487318550e+01 -8.1902731016e+02 -5.2705903577e+11 1.5513126008e+07 8.6000641889e+07 1.5828284022e+00 3.7157525769e+01 -2.6028957330e+08
1.5931500374e+05 1.8841336816e-13 4.8041017168e-14 -5.8803103360e+06 2.5070982588e+06 2.7076468563e-18 1.5574991435e-17 -7.1517460238e+01 -7.6883052987e+02 -5.2744264455e+11 1.5562168614e+07 8.6478789343e+07 1.6061654298e+00 3.4349721409e+01 -2.2544657481e+08
1.5931660991e+05 1.8841770061e-13 4.8066040203e-14 -5.8804099086e+06 2.5059014802e+06 2.6871336648e-18 1.5583735144e-17 -5.2701709918e+01 -7.2206132558e+02 -5.2778023479e+11 1.5599597712e+07 8.6928545013e+07 1.6287197672e+00 3.1815332743e+01 -1.9578670710e+08
1.5931823863e+05 1.8842206026e-13 4.8091428959e-14 -5.8804811299e+06 2.5047614416e+06 2.6663284133e-18 1.5592599082e-17 -3.4970645069e+01 -6.7846621594e+02 -5.2807794973e+11 1.5626062801e+07 8.7352038885e+07 1.5852758815e+00 2.9530374925e+01 -1.7052664776e+08
1.5931958850e+05 1.8842564783e-13 4.8112481982e-14 -5.8805189603e+06 2.5038684619e+06 2.6490821427e-18 1.5599943699e-17 -2.1215316700e+01 -6.4496579937e+02 -5.2829578991e+11 1.5639988364e+07 8.7680654474e+07 1.3901442896e+00 2.7829671703e+01 -1.5265060159e+08
1.5932071529e+05 1.8842862467e-13 4.8130063250e-14 -5.8805366868e+06 2.5031566762e+06 2.6346840731e-18 1.5606073371e-17 -1.0336926517e+01 -6.1866580163e+02 -5.2846026246e+11 1.5646469409e+07 8.7940810856e+07 1.1915065924e+00 2.6530703283e+01 -1.3953540298e+08
1.5932150735e+05 1.8843070749e-13 4.8142425931e-14 -5.8805419522e+06 2.5026736870e+06 2.6245620384e-18 1.5610381578e-17 -2.9998756675e+00 -6.0102089986e+02 -5.2856743080e+11 1.5648385550e+07 8.8116521133e+07 9.5911320531e-01 2.5678155251e+01 -1.3118305185e+08
1.5932246646e+05 1.8843321886e-13 4.8157400556e-14 -5.8805406970e+06 2.5021071417e+06 2.6123040189e-18 1.5615597820e-17 5.5590574698e+00 -5.8052825528e+02 -5.2868874010e+11 1.5647931589e+07 8.8321860009e+07 1.0450444685e+00 2.4708133658e+01 -1.2192763247e+08
1.5932351151e+05 1.8843594186e-13 4.8173722519e-14 -5.8805301827e+06 2.5015116855e+06 2.5989463013e-18 1.5621280709e-17 1.4497485463e+01 -5.5922478524e+02 -5.2881131141e+11 1.5644135938e+07 8.8536877722e+07 1.2279982442e+00 2.3723853668e+01 -1.1280710713e+08
1.5932473951e+05 1.8843912372e-13 4.8192909524e-14 -5.8805061789e+06 2.5008396821e+06 2.5832481760e-18 1.5627957625e-17 2.4510746256e+01 -5.3546629301e+02 -5.2894383954e+11 1.5635499450e+07 8.8778699447e+07 1.3425402818e+00 2.2656910440e+01 -1.0323008065e+08
1.5932608205e+05 1.8844258032e-13 4.8213895586e-14 -5.8804662433e+06 2.5001374172e+06 2.5660834907e-18 1.5635256349e-17 3.4884872813e+01 -5.1095100656e+02 -5.2907609650e+11 1.5621172025e+07 8.9030667359e+07 1.4260341335e+00 2.1592304997e+01 -9.3995496829e+07
1.5932750808e+05 1.8844622664e-13 4.8236197523e-14 -5.8804090070e+06 2.4994264359e+06 2.5478487182e-18 1.5643007964e-17 4.5285360115e+01 -4.8644638921e+02 -5.2920387746e+11 1.5600678106e+07 8.9285249254e+07 1.4921988836e+00 2.0567804188e+01 -8.5411361692e+07
1.5932900028e+05 1.8845001430e-13 4.8259546053e-14 -5.8803337134e+06 2.4987187239e+06 2.5287650762e-18 1.5651118224e-17 5.5524059345e+01 -4.6235556963e+02 -5.2932535667e+11 1.5573739539e+07 8.9538455691e+07 1.5478033931e+00 1.9602308988e+01 -7.7591021792e+07
1.5933054808e+05 1.8845391301e-13 4.8283777417e-14 -5.8802399795e+06 2.4980214346e+06 2.5089673191e-18 1.5659529727e-17 6.5485805516e+01 -4.3889739516e+02 -5.2943987626e+11 1.5540182177e+07 8.9788083673e+07 1.5966892268e+00 1.8705157516e+01 -7.0554456833e+07
1.5933214477e+05 1.8845790274e-13 4.8308787746e-14 -5.8801276592e+06 2.4973389746e+06 2.4885411310e-18 1.5668205989e-17 7.5095804961e+01 -4.1618701339e+02 -5.2954739443e+11 1.5499881976e+07 9.0032936552e+07 1.6413025963e+00 1.7880353712e+01 -6.4274799431e+07
1.5933378607e+05 1.8846196996e-13 4.8334511332e-14 -5.8799967574e+06 2.4966740560e+06 2.4675409448e-18 1.5677123841e-17 8.4303039560e+01 -3.9427712276e+02 -5.2964820283e+11 1.5452730358e+07 9.0272428037e+07 1.6833876869e+00 1.7128747056e+01 -5.8702055231e+07
1.5933546946e+05 1.8846610565e-13 4.8360909707e-14 -5.8798473688e+06 2.4960282776e+06 2.4459989045e-18 1.5686269613e-17 9.3071031618e+01 -3.7318102913e+02 -5.2974277161e+11 1.5398609226e+07 9.0506363379e+07 1.7243496048e+00 1.6449248149e+01 -5.3775898024e+07
1.5933719381e+05 1.8847030438e-13 4.8387966396e-14 -5.8796796276e+06 2.4954024631e+06 2.4239291886e-18 1.5695637277e-17 1.0137237677e+02 -3.5288629616e+02 -5.2983166153e+11 1.5337370317e+07 9.0734812304e+07 1.7654769067e+00 1.5839541159e+01 -4.9432739452e+07
1.5933895929e+05 1.8847456382e-13 4.8415685148e-14 -5.8794936599e+06 2.4947968628e+06 2.4013294885e-18 1.5705227820e-17 1.0918535857e+02 -3.3336308219e+02 -5.2991547382e+11 1.5268815253e+07 9.0958034344e+07 1.8081098227e+00 1.5296513857e+01 -4.5609615566e+07
1.5934076740e+05 1.8847888476e-13 4.8444090804e-14 -5.8792895311e+06 2.4942112714e+06 2.3781803347e-18 1.5715049514e-17 1.1649177412e+02 -3.1456919897e+02 -5.2999482315e+11 1.5192673039e+07 9.1176437505e+07 1.8538068173e+00 1.4816520382e+01 -4.2246229136e+07
1.5934262121e+05 1.8848327145e-13 4.8473232803e-14 -5.8790671810e+06 2.4936450854e+06 2.3544422884e-18 1.5725119102e-17 1.2327548350e+02 -2.9645288931e+02 -5.3007032567e+11 1.5108570956e+07 9.1390561718e+07 1.8721840207e+00 1.4395540319e+01 -3.9285885395e+07
1.5934449339e+05 1.8848765695e-13 4.8502682639e-14 -5.8788305247e+06 2.4931063448e+06 2.3304650480e-18 1.5735288300e-17 1.2942121341e+02 -2.7924225165e+02 -5.3014141099e+11 1.5017617581e+07 9.1597582588e+07 1.8882511199e+00 1.4034982477e+01 -3.6716865279e+07
1.5934638164e+05 1.8849203462e-13 4.8532404498e-14 -5.8785808424e+06 2.4925946483e+06 2.3062781615e-18 1.5745544677e-17 1.3492265139e+02 -2.6290043695e+02 -5.3020858180e+11 1.4919935717e+07 9.1797739096e+07 1.9055961751e+00 1.3728971445e+01 -3.4483845047e+07
1.5934828724e+05 1.8849640620e-13 4.8562419010e-14 -5.8783189925e+06 2.4921086147e+06 2.2818652273e-18 1.5755895288e-17 1.3978581258e+02 -2.4736594552e+02 -5.3027239231e+11 1.4815478544e+07 9.1991596122e+07 1.9242764186e+00 1.3471110327e+01 -3.2534171598e+07
1.5935021151e+05 1.8850077341e-13 4.8592747764e-14 -5.8780458277e+06 2.4916469747e+06 2.2572091033e-18 1.5766347495e-17 1.4401642779e+02 -2.3258731126e+02 -5.3033331256e+11 1.4704192401e+07 9.2179635096e+07 1.9442546725e+00 1.3255285008e+01 -3.0822501982e+07
1.5935215577e+05 1.8850513778e-13 4.8623411826e-14 -5.8777622122e+06 2.4912085752e+06 2.2322931171e-18 1.5776908457e-17 1.4762076693e+02 -2.1852287549e+02 -5.3039173681e+11 1.4586031014e+07 9.2362252861e+07 1.9652519640e+00 1.3075635498e+01 -2.9309741978e+07
1.5935412102e+05 1.8850950005e-13 4.8654427916e-14 -5.8774690605e+06 2.4907924054e+06 2.2071041659e-18 1.5787583811e-17 1.5060641691e+02 -2.0514127771e+02 -5.3044798681e+11 1.4460980623e+07 9.2539749658e+07 1.9866403895e+00 1.2926555074e+01 -2.7962288030e+07
1.5935610766e+05 1.8851385948e-13 4.8685802887e-14 -5.8771673946e+06 2.4903976289e+06 2.1816371936e-18 1.5798375783e-17 1.5298331934e+02 -1.9242200954e+02 -5.3050231245e+11 1.4329095534e+07 9.2712313097e+07 2.0073283361e+00 1.2802706470e+01 -2.6751458392e+07
1.5935811499e+05 1.8851821291e-13 4.8717526359e-14 -5.8768584174e+06 2.4900236142e+06 2.1559011426e-18 1.5809280665e-17 1.5476516259e+02 -1.8035583608e+02 -5.3055489017e+11 1.4190545506e+07 9.2879999526e+07 2.0256816145e+00 1.2699058165e+01 -2.5653087336e+07
1.5936014067e+05 1.8852255377e-13 4.8749562075e-14 -5.8765435941e+06 2.4896699554e+06 2.1299259228e-18 1.5820285864e-17 1.5597117368e+02 -1.6894465975e+02 -5.3060582086e+11 1.4045672587e+07 9.3042717575e+07 2.0395659263e+00 1.2610943766e+01 -2.4647241239e+07
1.5936218024e+05 1.8852687122e-13 4.8781839891e-14 -5.8762247195e+06 2.4893364632e+06 2.1037688405e-18 1.5831367184e-17 1.5662818937e+02 -1.5820012030e+02 -5.3065513018e+11 1.3895047125e+07 9.3200223801e+07 2.0466179464e+00 1.2534144759e+01 -2.3717986908e+07
1.5936422685e+05 1.8853114997e-13 4.8814252031e-14 -5.8759039298e+06 2.4890231034e+06 2.0775175552e-18 1.5842487574e-17 1.5677256040e+02 -1.4814012255e+02 -5.3070277646e+11 1.3739501603e+07 9.3352144747e+07 2.0447939699e+00 1.2464989652e+01 -2.2853110435e+07
1.5936627165e+05 1.8853537125e-13 4.8846658014e-14 -5.8755836159e+06 2.4887298700e+06 2.0512859979e-18 1.5853598859e-17 1.5645106126e+02 -1.3878293779e+02 -5.3074867041e+11 1.3580114000e+07 9.3498037413e+07 2.0330555732e+00 1.2400450147e+01 -2.2043677124e+07
1.5936830470e+05 1.8853951511e-13 4.8878900492e-14 -5.8752662202e+06 2.4884566118e+06 2.0252014867e-18 1.5864647200e-17 1.5571988143e+02 -1.3013977844e+02 -5.3079270673e+11 1.3418122271e+07 9.3637484963e+07 2.0118378753e+00 1.2338203526e+01 -2.1283381006e+07
1.5937031654e+05 1.8854356352e-13 4.8910828589e-14 -5.8749539668e+06 2.4882028716e+06 1.9993858205e-18 1.5875581099e-17 1.5464135242e+02 -1.2220820126e+02 -5.3083479992e+11 1.3254783615e+07 9.3770200611e+07 1.9829735668e+00 1.2276631797e+01 -2.0567756290e+07
1.5937229951e+05 1.8854750302e-13 4.8942320133e-14 -5.8746486223e+06 2.4879678063e+06 1.9739373327e-18 1.5886358992e-17 1.5327917391e+02 -1.1496893925e+02 -5.3087491186e+11 1.3091226729e+07 9.3896099917e+07 1.9490962884e+00 1.2214748759e+01 -1.9893428103e+07
1.5937424861e+05 1.8855132603e-13 4.8973294501e-14 -5.8743513752e+06 2.4877502189e+06 1.9489205905e-18 1.5896953614e-17 1.5169369179e+02 -1.0838714488e+02 -5.3091306223e+11 1.2928350147e+07 9.4015316248e+07 1.9128958506e+00 1.2152074861e+01 -1.9257567668e+07
1.5937616151e+05 1.8855503063e-13 4.9003713663e-14 -5.8740628511e+06 2.4875486711e+06 1.9243656494e-18 1.5907352305e-17 1.4993856548e+02 -1.0241680799e+02 -5.3094932242e+11 1.2766789465e+07 9.4128165095e+07 1.8765933585e+00 1.2088495268e+01 -1.8657599002e+07
1.5937803810e+05 1.8855861927e-13 4.9033574867e-14 -5.8737832189e+06 2.4873616205e+06 1.9002740497e-18 1.5917554474e-17 1.4805925781e+02 -9.7006113551e+01 -5.3098380024e+11 1.2606940316e+07 9.4235083352e+07 1.8417502083e+00 1.2024131471e+01 -1.8091093940e+07
1.5937987985e+05 1.8856209733e-13 4.9062900248e-14 -5.8735123250e+06 2.4871875355e+06 1.8766272711e-18 1.5927568015e-17 1.4609299543e+02 -9.2102012755e+01 -5.3101662343e+11 1.2449008524e+07 9.4336569079e+07 1.8093155214e+00 1.1959241037e+01 -1.7555760376e+07
1.5938168917e+05 1.8856547172e-13 4.9091727143e-14 -5.8732498152e+06 2.4870249719e+06 1.8533945855e-18 1.5937405985e-17 1.4406957674e+02 -8.7653334778e+01 -5.3104792639e+11 1.2293063867e+07 9.4433135197e+07 1.7797726027e+00 1.1894146839e+01 -1.7049456050e+07
1.5938346894e+05 1.8856875001e-13 4.9120100714e-14 -5.8729952264e+06 2.4868726125e+06 1.8305390356e-18 1.5947084069e-17 1.4201250607e+02 -8.3612523892e+01 -5.3107784131e+11 1.2139085422e+07 9.4525279606e+07 1.7532917178e+00 1.1829190554e+01 -1.6570197741e+07
1.5938346894e+05 1.8856875001e-13 4.9120100714e-14 -5.8729952264e+06 2.4868726125e+06 1.8305390356e-18 1.5947084069e-17 1.4201250607e+02 -8.3612523892e+01 -5.3107784131e+11 1.2139085422e+07 9.4525279606e+07 1.7532917178e+00 1.1829190554e+01 -1.6570197741e+07
