0.0000000000e+00 0.0000000000e+00 0.0000000000e+00 3.1415900000e+08 0.0000000000e+00 0.0000000000e+00 0.0000000000e+00 -1.1624945189e+03 2.9766842868e+02 -4.6638893045e+09 -9.8812034110e+06 2.5301816438e+06 1.0000000000e+01 0.0000000000e+00 -0.0000000000e+00
1.0000000000e+01 2.8740004677e-22 9.0774160497e-28 3.1414737485e+08 2.9766842861e+03 5.7480718372e-23 2.7232752018e-28 -1.1625349042e+03 2.9766842849e+02 -4.6638893045e+09 -9.8812034110e+06 2.5301816438e+06 5.0000000000e+01 0.0000000000e+00 -0.0000000000e+00
6.0000000000e+01 1.0347678142e-20 1.9612661876e-25 3.1408924306e+08 1.7860105583e+04 3.4494813846e-22 9.8074198730e-27 -1.1627368754e+03 2.9766842179e+02 -4.6638893045e+09 -9.8812034110e+06 2.5301816438e+06 2.5000000000e+02 0.0000000000e+00 -0.0000000000e+00
3.1000000000e+02 2.7639607291e-19 2.7087633745e-23 3.1379843251e+08 9.2277193858e+04 1.7838832917e-21 2.6228897872e-25 -1.1637478544e+03 2.9766824440e+02 -4.6638893045e+09 -9.8812034110e+06 2.5301816438e+06 1.2500000000e+03 0.0000000000e+00 -0.0000000000e+00
1.5600000000e+03 7.0210604723e-18 3.4760591386e-21 3.1234057564e+08 4.6436030650e+05 9.0188061042e-21 6.7041774011e-24 -1.1688310260e+03 2.9766371840e+02 -4.6638893045e+09 -9.8812034110e+06 2.5301816438e+06 3.6000000000e+03 0.0000000000e+00 -0.0000000000e+00
5.1600000000e+03 7.7512375375e-17 1.2837777044e-19 3.0810606900e+08 1.5358788953e+06 3.0239469725e-20 7.5369946442e-23 -1.1837404146e+03 2.9761547464e+02 -4.6638893044e+09 -9.8812034110e+06 2.5301816438e+06 3.6000000000e+03 0.0000000000e+00 -0.0000000000e+00
8.7600000000e+03 2.2545811706e-16 6.4127994395e-19 3.0381714379e+08 2.6071248795e+06 5.2054276577e-20 2.2334075965e-22 -1.1990672413e+03 2.9751151209e+02 -4.6638893043e+09 -9.8812034110e+06 2.5301816438e+06 3.6000000000e+03 0.0000000000e+00 -0.0000000000e+00
1.2360000000e+04 4.5305519220e-16 1.8397483171e-18 2.9947225650e+08 3.6778891929e+06 7.4495860929e-20 4.5743334936e-22 -1.2148344344e+03 2.9734704139e+02 -4.6638893042e+09 -9.8812034110e+06 2.5301816438e+06 3.6000000000e+03 0.0000000000e+00 -0.0000000000e+00
1.5960000000e+04 7.6262265028e-16 4.0471545684e-18 2.9506977778e+08 4.7479446385e+06 9.7599489976e-20 7.8518205393e-22 -1.2310667724e+03 2.9711676900e+02 -4.6638893040e+09 -9.8812034110e+06 2.5301816438e+06 3.6000000000e+03 0.0000000000e+00 -0.0000000000e+00
1.9560000000e+04 1.1566116619e-15 7.6154234144e-18 2.9060798546e+08 5.8170439580e+06 1.2140334745e-19 1.2149320131e-21 -1.2477910826e+03 2.9681483174e+02 -4.6638893039e+09 -9.8812034110e+06 2.5301816438e+06 3.6000000000e+03 0.0000000000e+00 -0.0000000000e+00
2.3160000000e+04 1.6376165858e-15 1.2928140857e-17 2.8608505679e+08 6.8849176485e+06 1.4594885580e-19 1.7559470250e-21 -1.2650364680e+03 2.9643472096e+02 -4.6638893037e+09 -9.8812034110e+06 2.5301816438e+06 3.6000000000e+03 0.0000000000e+00 -0.0000000000e+00
2.6760000000e+04 2.2083872744e-15 2.0404081136e-17 2.8149905976e+08 7.9512714840e+06 1.7128104337e-19 2.4185348047e-21 -1.2828345649e+03 2.9596919458e+02 -4.6638893035e+09 -9.8812034110e+06 2.5301816438e+06 3.6000000000e+03 0.0000000000e+00 -0.0000000000e+00
3.0360000000e+04 2.8718427938e-15 3.0501220834e-17 2.7684794344e+08 9.0157836957e+06 1.9744896407e-19 3.2141929830e-21 -1.3012198382e+03 2.9541017450e+02 -4.6638893033e+09 -9.8812034110e+06 2.5301816438e+06 3.6000000000e+03 0.0000000000e+00 -0.0000000000e+00
3.3960000000e+04 3.6310867623e-15 4.3721321918e-17 2.7212952730e+08 1.0078101751e+07 2.2450617905e-19 4.1557799313e-21 -1.3202299191e+03 2.9474862659e+02 -4.6638893030e+09 -9.8812034110e+06 2.5301816438e+06 3.6000000000e+03 0.0000000000e+00 -0.0000000000e+00
3.7560000000e+04 4.4894245506e-15 6.0615181814e-17 2.6734148900e+08 1.1137838667e+07 2.5251131103e-19 5.2577154448e-21 -1.3399059954e+03 2.9397441966e+02 -4.6638893027e+09 -9.8812034110e+06 2.5301816438e+06 3.6000000000e+03 0.0000000000e+00 -0.0000000000e+00
4.1160000000e+04 5.4503826294e-15 8.1788668818e-17 2.6248135089e+08 1.2194568768e+07 2.8152868528e-19 6.5362175055e-21 -1.3602932611e+03 2.9307615915e+02 -4.6638893023e+09 -9.8812034110e+06 2.5301816438e+06 3.6000000000e+03 0.0000000000e+00 -0.0000000000e+00
4.4760000000e+04 6.5177304027e-15 1.0790968615e-16 2.5754646463e+08 1.3247822792e+07 3.1162907322e-19 8.0095828749e-21 -1.3814414396e+03 2.9204098998e+02 -4.6638893019e+09 -9.8812034110e+06 2.5301816438e+06 3.6000000000e+03 0.0000000000e+00 -0.0000000000e+00
4.8360000000e+04 7.6955049346e-15 1.3971623922e-16 2.5253399383e+08 1.4297082225e+07 3.4289055927e-19 9.6985212119e-21 -1.4034053919e+03 2.9085436177e+02 -4.6638893013e+09 -9.8812034110e+06 2.5301816438e+06 3.6000000000e+03 0.0000000000e+00 -0.0000000000e+00
5.1960000000e+04 8.9880390533e-15 1.7802582003e-16 2.4744089430e+08 1.5341772707e+07 3.7539955548e-19 1.1626554943e-20 -1.4262458302e+03 2.8949974796e+02 -4.6638893007e+09 -9.8812034110e+06 2.5301816438e+06 3.6000000000e+03 0.0000000000e+00 -0.0000000000e+00
5.5560000000e+04 1.0399993421e-14 2.2374637201e-16 2.4226389150e+08 1.6381256329e+07 4.0925199528e-19 1.3820500389e-20 -1.4500301561e+03 2.8795830770e+02 -4.6638892999e+09 -9.8812034110e+06 2.5301816438e+06 3.6000000000e+03 0.0000000000e+00 -0.0000000000e+00
5.9160000000e+04 1.1936393277e-14 2.7788916228e-16 2.3699945477e+08 1.7414822584e+07 4.4455474476e-19 1.6311049973e-20 -1.4748334526e+03 2.8620847686e+02 -4.6638892990e+09 -9.8812034110e+06 2.5301816438e+06 3.6000000000e+03 0.0000000000e+00 -0.0000000000e+00
6.2760000000e+04 1.3602670731e-14 3.4158396895e-16 2.3164376757e+08 1.8441677706e+07 4.8142728042e-19 1.9133481021e-20 -1.5007396623e+03 2.8422547001e+02 -4.6638892979e+09 -9.8812034110e+06 2.5301816438e+06 3.6000000000e+03 0.0000000000e+00 -0.0000000000e+00
6.6360000000e+04 1.5404713657e-14 4.1609709641e-16 2.2619269314e+08 1.9460932002e+07 5.2000369512e-19 2.2328524318e-20 -1.5278429974e+03 2.8198067018e+02 -4.6638892965e+09 -9.8812034110e+06 2.5301816438e+06 3.6000000000e+03 0.0000000000e+00 -0.0000000000e+00
6.9960000000e+04 1.7348922525e-14 5.0285286814e-16 2.2064173459e+08 2.0471584761e+07 5.6043511140e-19 2.5943435799e-20 -1.5562496349e+03 2.7944087590e+02 -4.6638892947e+09 -9.8812034110e+06 2.5301816438e+06 3.6000000000e+03 0.0000000000e+00 -0.0000000000e+00
7.3560000000e+04 1.9442276793e-14 6.0345942687e-16 2.1498598824e+08 2.1472506120e+07 6.0289260405e-19 3.0033328794e-20 -1.5860797697e+03 2.7656736520e+02 -4.6638892926e+09 -9.8812034110e+06 2.5301816438e+06 3.6000000000e+03 0.0000000000e+00 -0.0000000000e+00
7.7160000000e+04 2.1692412940e-14 7.1973991121e-16 2.0922008879e+08 2.2462415163e+07 6.4757076460e-19 3.4662843457e-20 -1.6174701197e+03 2.7331472266e+02 -4.6638892898e+09 -9.8812034110e+06 2.5301816438e+06 3.6000000000e+03 0.0000000000e+00 -0.0000000000e+00
8.0760000000e+04 2.4107716730e-14 8.5377039944e-16 2.0333814450e+08 2.3439853262e+07 6.9469208220e-19 3.9908256865e-20 -1.6505770030e+03 2.6962935691e+02 -4.6638892864e+09 -9.8812034110e+06 2.5301816438e+06 3.6000000000e+03 0.0000000000e+00 -0.0000000000e+00
8.4360000000e+04 2.6697433067e-14 1.0079264478e-15 1.9733366000e+08 2.4403151379e+07 7.4451237235e-19 4.5860175118e-20 -1.6855801528e+03 2.6544760917e+02 -4.6638892819e+09 -9.8812034110e+06 2.5301816438e+06 3.6000000000e+03 0.0000000000e+00 -0.0000000000e+00
8.7960000000e+04 2.9471797714e-14 1.1849406511e-15 1.9119944377e+08 2.5350389625e+07 7.9732756450e-19 5.2627002951e-20 -1.7226874854e+03 2.6069331554e+02 -4.6638892761e+09 -9.8812034110e+06 2.5301816438e+06 3.6000000000e+03 0.0000000000e+00 -0.0000000000e+00
9.1560000000e+04 3.2442196526e-14 1.3879744895e-15 1.8492749624e+08 2.6279346782e+07 8.5348227155e-19 6.0339465004e-20 -1.7621411220e+03 2.5527463044e+02 -4.6638892684e+09 -9.8812034110e+06 2.5301816438e+06 3.6000000000e+03 0.0000000000e+00 -0.0000000000e+00
9.5160000000e+04 3.5621359569e-14 1.6207089085e-15 1.7850887342e+08 2.7187436661e+07 9.1338072389e-19 6.9156569019e-20 -1.8042250699e+03 2.4907983689e+02 -4.6638892580e+09 -9.8812034110e+06 2.5301816438e+06 3.6000000000e+03 0.0000000000e+00 -0.0000000000e+00
9.8760000000e+04 3.9023600046e-14 1.8874597747e-15 1.7193351902e+08 2.8071626984e+07 9.7750088322e-19 7.9273575615e-20 -1.8492751395e+03 2.4197174708e+02 -4.6638892440e+09 -9.8812034110e+06 2.5301816438e+06 3.6000000000e+03 0.0000000000e+00 -0.0000000000e+00
1.0236000000e+05 4.2665111421e-14 2.1933268302e-15 1.6519005570e+08 2.8928334732e+07 1.0464128940e-18 9.0932806511e-20 -1.8976919075e+03 2.3378010862e+02 -4.6638892247e+09 -9.8812034110e+06 2.5301816438e+06 3.6000000000e+03 0.0000000000e+00 -0.0000000000e+00
1.0596000000e+05 4.6564341194e-14 2.5443884575e-15 1.5826552247e+08 2.9753289306e+07 1.1208035472e-18 1.0443854118e-19 -1.9499579053e+03 2.2429113833e+02 -4.6638891974e+09 -9.8812034110e+06 2.5301816438e+06 3.6000000000e+03 0.0000000000e+00 -0.0000000000e+00
1.0956000000e+05 5.0742467110e-14 2.9479601779e-15 1.5114504008e+08 3.0541350907e+07 1.2015092251e-18 1.2017792215e-19 -2.0066607651e+03 2.1323283443e+02 -4.6638891580e+09 -9.8812034110e+06 2.5301816438e+06 3.6000000000e+03 0.0000000000e+00 -0.0000000000e+00
1.1316000000e+05 5.5224012568e-14 3.4129435320e-15 1.4381137870e+08 3.1286265416e+07 1.2895610461e-18 1.3865089219e-19 -2.0685249386e+03 2.0025394301e+02 -4.6638890998e+09 -9.8812034110e+06 2.5301816438e+06 3.5451160439e+03 0.0000000000e+00 -0.0000000000e+00
1.1670511604e+05 5.9961614395e-14 3.9415062629e-15 1.3636161742e+08 3.1970172582e+07 1.3847014800e-18 1.6015127086e-19 -2.1353694882e+03 1.8514802990e+02 -4.6638890183e+09 -9.8812034110e+06 2.5301816438e+06 3.1993693076e+03 0.0000000000e+00 -0.0000000000e+00
1.1958225167e+05 6.4065364667e-14 4.4309643485e-15 1.3013371637e+08 3.2482717529e+07 1.4691315969e-18 1.8058485633e-19 -2.1946890950e+03 1.7079163315e+02 -4.6638889755e+09 -9.8812034110e+06 2.5301816438e+06 2.8958782745e+03 0.0000000000e+00 -0.0000000000e+00
1.2247812994e+05 6.8451920870e-14 4.9876301261e-15 1.2368533097e+08 3.2953622238e+07 1.5617661699e-18 2.0448491168e-19 -2.2597730562e+03 1.5399973543e+02 -4.6638889105e+09 -9.8812034110e+06 2.5301816438e+06 2.6174241076e+03 0.0000000000e+00 -0.0000000000e+00
1.2483173071e+05 7.2222768189e-14 5.4947085942e-15 1.1829993000e+08 3.3297947516e+07 1.6436134817e-18 2.2690587313e-19 -2.3172780146e+03 1.3824703169e+02 -4.6638888771e+09 -9.8812034110e+06 2.5301816438e+06 2.3698438611e+03 0.0000000000e+00 -0.0000000000e+00
1.2720157458e+05 7.6222225030e-14 6.0623833301e-15 1.1273502818e+08 3.3604533623e+07 1.7329138836e-18 2.5278146450e-19 -2.3800194264e+03 1.2006714562e+02 -4.6638888276e+09 -9.8812034110e+06 2.5301816438e+06 2.1384566406e+03 0.0000000000e+00 -0.0000000000e+00
1.2911810248e+05 7.9617272757e-14 6.5692242356e-15 1.0812175440e+08 3.3818923017e+07 1.8109274201e-18 2.7660834338e-19 -2.4348308193e+03 1.0332666083e+02 -4.6638888034e+09 -9.8812034110e+06 2.5301816438e+06 1.9317484326e+03 0.0000000000e+00 -0.0000000000e+00
1.3085062920e+05 8.2819506315e-14 7.0690181454e-15 1.0385784997e+08 3.3983492201e+07 1.8865333841e-18 3.0080100255e-19 -2.4879506801e+03 8.6329183121e+01 -4.6638887835e+09 -9.8812034110e+06 2.5301816438e+06 1.7473283318e+03 0.0000000000e+00 -0.0000000000e+00
1.3240816880e+05 8.5813799274e-14 7.5560920530e-15 9.9943463708e+07 3.4104910170e+07 1.9591445554e-18 3.2506852861e-19 -2.5389664348e+03 6.9279104812e+01 -4.6638887679e+09 -9.8812034110e+06 2.5301816438e+06 1.5732833361e+03 0.0000000000e+00 -0.0000000000e+00
1.3379603029e+05 8.8580116444e-14 8.0235921407e-15 9.6386500443e+07 3.4189572655e+07 2.0279887441e-18 3.4902379897e-19 -2.5873355518e+03 5.2448413683e+01 -4.6638887562e+09 -9.8812034110e+06 2.5301816438e+06 1.4058333209e+03 0.0000000000e+00 -0.0000000000e+00
1.3501264155e+05 9.1085914948e-14 8.4620449580e-15 9.3211651965e+07 3.4243667628e+07 2.0919039841e-18 3.7209921674e-19 -2.6322416476e+03 3.6235896633e+01 -4.6638887485e+09 -9.8812034110e+06 2.5301816438e+06 1.2397079516e+03 0.0000000000e+00 -0.0000000000e+00
1.3604187640e+05 9.3268038243e-14 8.8558091922e-15 9.0482037934e+07 3.4273384231e+07 2.1488362217e-18 3.9333894614e-19 -2.6722415679e+03 2.1313112638e+01 -4.6638887442e+09 -9.8812034110e+06 2.5301816438e+06 1.0665230851e+03 0.0000000000e+00 -0.0000000000e+00
1.3681208621e+05 9.4940110632e-14 9.1652595636e-15 8.8411894866e+07 3.4285235184e+07 2.1933020429e-18 4.1038187079e-19 -2.7034827307e+03 9.3389542803e+00 -4.6638887430e+09 -9.8812034110e+06 2.5301816438e+06 8.7866128097e+02 0.0000000000e+00 -0.0000000000e+00
1.3757725056e+05 9.6635784916e-14 9.4860855092e-15 8.6331034700e+07 3.4287591919e+07 2.2391721901e-18 4.2838450577e-19 -2.7357105565e+03 -3.3094852622e+00 -4.6638887416e+09 -9.8812034110e+06 2.5301816438e+06 7.1212950270e+02 0.0000000000e+00 -0.0000000000e+00
1.3828938007e+05 9.8246047309e-14 9.7974265400e-15 8.4371836643e+07 3.4280825844e+07 2.2834832182e-18 4.4618549083e-19 -2.7668429635e+03 -1.5816247942e+01 -4.6638887405e+09 -9.8812034110e+06 2.5301816438e+06 9.0306994350e+02 0.0000000000e+00 -0.0000000000e+00
1.3919245001e+05 1.0033444366e-13 1.0211135539e-14 8.1854740074e+07 3.4258974179e+07 2.3420864805e-18 4.7035388474e-19 -2.8080169261e+03 -3.2796677167e+01 -4.6638887360e+09 -9.8812034110e+06 2.5301816438e+06 9.9847840903e+02 0.0000000000e+00 -0.0000000000e+00
1.4019092842e+05 1.0270670207e-13 1.0695054162e-14 7.9027293551e+07 3.4216194147e+07 2.4102822628e-18 4.9938697910e-19 -2.8559304805e+03 -5.3194987699e+01 -4.6638887266e+09 -9.8812034110e+06 2.5301816438e+06 1.0461855256e+03 0.0000000000e+00 -0.0000000000e+00
1.4123711394e+05 1.0526748863e-13 1.1234681706e-14 7.6011930099e+07 3.4148474585e+07 2.4859445424e-18 5.3276045143e-19 -2.9090899080e+03 -7.6642796731e+01 -4.6638887112e+09 -9.8812034110e+06 2.5301816438e+06 1.0655993436e+03 0.0000000000e+00 -0.0000000000e+00
1.4230271329e+05 1.0795972073e-13 1.1822059956e-14 7.2881646102e+07 3.4052984819e+07 2.5679166540e-18 5.7032118138e-19 -2.9666825492e+03 -1.0303252370e+02 -4.6638886890e+09 -9.8812034110e+06 2.5301816438e+06 1.0663359983e+03 0.0000000000e+00 -0.0000000000e+00
1.4336904929e+05 1.1074414604e-13 1.2452081839e-14 6.9685731886e+07 3.3927753417e+07 2.6554745146e-18 6.1208759041e-19 -3.0281996720e+03 -1.3237711132e+02 -4.6638886590e+09 -9.8812034110e+06 2.5301816438e+06 1.0540760119e+03 0.0000000000e+00 -0.0000000000e+00
1.4442312530e+05 1.1359148235e-13 1.3121105241e-14 6.6459869303e+07 3.3771470596e+07 2.7481217065e-18 6.5817614267e-19 -3.0932924991e+03 -1.6475838592e+02 -4.6638886205e+09 -9.8812034110e+06 2.5301816438e+06 1.0325598829e+03 0.0000000000e+00 -0.0000000000e+00
1.4545568518e+05 1.1647875586e-13 1.3826328360e-14 6.3230959698e+07 3.3583349607e+07 2.8454944732e-18 7.0876919710e-19 -3.1617054594e+03 -2.0030447074e+02 -4.6638885727e+09 -9.8812034110e+06 2.5301816438e+06 1.0044247439e+03 0.0000000000e+00 -0.0000000000e+00
1.4646010992e+05 1.1938735154e-13 1.4565471825e-14 6.0019776334e+07 3.3363021639e+07 2.9473110823e-18 7.6409943060e-19 -3.2332406111e+03 -2.3917884186e+02 -4.6638885148e+09 -9.8812034110e+06 2.5301816438e+06 9.7161346795e+02 0.0000000000e+00 -0.0000000000e+00
1.4743172339e+05 1.2230187008e-13 1.5336603696e-14 5.6842574567e+07 3.3110452113e+07 3.0533418477e-18 8.2444199916e-19 -3.3077365795e+03 -2.8157482061e+02 -4.6638884461e+09 -9.8812034110e+06 2.5301816438e+06 9.3559886350e+02 0.0000000000e+00 -0.0000000000e+00
1.4836732226e+05 1.2520940604e-13 1.6138038309e-14 5.3712145453e+07 3.2825871826e+07 3.1633897760e-18 8.9011076905e-19 -3.3850549592e+03 -3.2771292577e+02 -4.6638883657e+09 -9.8812034110e+06 2.5301816438e+06 8.9751785765e+02 0.0000000000e+00 -0.0000000000e+00
1.4926484011e+05 1.2809906360e-13 1.6968276405e-14 5.0638546459e+07 3.2509719038e+07 3.2772770551e-18 9.6145692138e-19 -3.4650708216e+03 -3.7783989303e+02 -4.6638882729e+09 -9.8812034110e+06 2.5301816438e+06 8.5825766574e+02 0.0000000000e+00 -0.0000000000e+00
1.5012309778e+05 1.3096161454e-13 1.7825969785e-14 4.7629632015e+07 3.2162589971e+07 3.3948348865e-18 1.0388690863e-18 -3.5476655710e+03 -4.3222876938e+02 -4.6638881670e+09 -9.8812034110e+06 2.5301816438e+06 8.1851435749e+02 0.0000000000e+00 -0.0000000000e+00
1.5094161214e+05 1.3378924582e-13 1.8709901322e-14 4.4691453086e+07 3.1785195954e+07 3.5158952449e-18 1.1227745696e-18 -3.6327211545e+03 -4.9117977482e+02 -4.6638880472e+09 -9.8812034110e+06 2.5301816438e+06 7.7883455778e+02 0.0000000000e+00 -0.0000000000e+00
1.5172044669e+05 1.3657536593e-13 1.9618975070e-14 4.1828566972e+07 3.1378325893e+07 3.6402836959e-18 1.2136414483e-18 -3.7201150168e+03 -5.5502177479e+02 -4.6638879127e+09 -9.8812034110e+06 2.5301816438e+06 7.3964627368e+02 0.0000000000e+00 -0.0000000000e+00
1.5246009297e+05 1.3931445124e-13 2.0552213339e-14 3.9044283120e+07 3.0942813009e+07 3.7678126965e-18 1.3119814345e-18 -3.8097153923e+03 -6.2411429215e+02 -4.6638877628e+09 -9.8812034110e+06 2.5301816438e+06 7.0128238125e+02 0.0000000000e+00 -0.0000000000e+00
1.5316137535e+05 1.4200192074e-13 2.1508758918e-14 3.6340861739e+07 3.0479504963e+07 3.8982749528e-18 1.4183534827e-18 -3.9013766388e+03 -6.9885004178e+02 -4.6638875968e+09 -9.8812034110e+06 2.5301816438e+06 6.6399897571e+02 0.0000000000e+00 -0.0000000000e+00
1.5382537432e+05 1.4463403153e-13 2.2487881377e-14 3.3719676498e+07 2.9989236574e+07 4.0314364883e-18 1.5333681760e-18 -3.9949343669e+03 -7.7965801218e+02 -4.6638874140e+09 -9.8812034110e+06 2.5301816438e+06 6.2798998856e+02 0.0000000000e+00 -0.0000000000e+00
1.5445336431e+05 1.4720778999e-13 2.3488986951e-14 3.1181349163e+07 2.9472804368e+07 4.1670291020e-18 1.6576929735e-18 -4.0902001422e+03 -8.6700715221e+02 -4.6638872139e+09 -9.8812034110e+06 2.5301816438e+06 5.9339903236e+02 0.0000000000e+00 -0.0000000000e+00
1.5504676335e+05 1.4972087551e-13 2.4511631911e-14 2.8725861719e+07 2.8930942208e+07 4.3047418869e-18 1.7920584513e-18 -4.1869555247e+03 -9.6141075616e+02 -4.6638869958e+09 -9.8812034110e+06 2.5301816438e+06 5.6032913480e+02 0.0000000000e+00 -0.0000000000e+00
1.5560709248e+05 1.5217157432e-13 2.5555539664e-14 2.6352650017e+07 2.8364297195e+07 4.4442114338e-18 1.9372657276e-18 -4.2849451875e+03 -1.0634316802e+03 -4.6638867594e+09 -9.8812034110e+06 2.5301816438e+06 5.2885084646e+02 0.0000000000e+00 -0.0000000000e+00
1.5613594333e+05 1.5455872211e-13 2.6620622205e-14 2.4060681857e+07 2.7773404933e+07 4.5850102713e-18 2.0941953287e-18 -4.3838687943e+03 -1.1736885716e+03 -4.6638865044e+09 -9.8812034110e+06 2.5301816438e+06 4.9900908809e+02 0.0000000000e+00 -0.0000000000e+00
1.5663495242e+05 1.5688165438e-13 2.7707006880e-14 2.1848521639e+07 2.7158663092e+07 4.7266329697e-18 2.2638178469e-18 -4.4833712360e+03 -1.2928633574e+03 -4.6638862308e+09 -9.8812034110e+06 2.5301816438e+06 4.7082903095e+02 0.0000000000e+00 -0.0000000000e+00
1.5710578145e+05 1.5914016416e-13 2.8815069986e-14 1.9714383075e+07 2.6520301928e+07 4.8684791542e-18 2.4472068645e-18 -4.5830306965e+03 -1.4217103237e+03 -4.6638859387e+09 -9.8812034110e+06 2.5301816438e+06 4.4432125175e+02 0.0000000000e+00 -0.0000000000e+00
1.5755010270e+05 1.6133446670e-13 2.9945479302e-14 1.7656170905e+07 2.5858350050e+07 5.0098324112e-18 2.6455547865e-18 -4.6823438319e+03 -1.5610672401e+03 -4.6638856289e+09 -9.8812034110e+06 2.5301816438e+06 4.1948639180e+02 0.0000000000e+00 -0.0000000000e+00
1.5796958909e+05 1.6346517160e-13 3.1099248657e-14 1.5671512074e+07 2.5172593130e+07 5.1498336707e-18 2.8601924695e-18 -4.7807070697e+03 -1.7118691511e+03 -4.6638853023e+09 -9.8812034110e+06 2.5301816438e+06 3.9631953621e+02 0.0000000000e+00 -0.0000000000e+00
1.5836590863e+05 1.6553326269e-13 3.2277808883e-14 1.3757776320e+07 2.4462522394e+07 5.2874470577e-18 3.0926138776e-18 -4.8773926164e+03 -1.8751656980e+03 -4.6638849607e+09 -9.8812034110e+06 2.5301816438e+06 3.7481456544e+02 0.0000000000e+00 -0.0000000000e+00
1.5874072319e+05 1.6754008669e-13 3.3483101572e-14 1.1912085512e+07 2.3727268394e+07 5.4214152909e-18 3.3445074979e-18 -4.9715171210e+03 -2.0521431922e+03 -4.6638846066e+09 -9.8812034110e+06 2.5301816438e+06 3.5496876990e+02 0.0000000000e+00 -0.0000000000e+00
1.5909569196e+05 1.6948735220e-13 3.4717704988e-14 1.0131310418e+07 2.2965513554e+07 5.5502002782e-18 3.6177969746e-18 -5.0619999379e+03 -2.2441531634e+03 -4.6638842440e+09 -9.8812034110e+06 2.5301816438e+06 3.3678811394e+02 0.0000000000e+00 -0.0000000000e+00
1.5943248008e+05 1.7137714095e-13 3.5985006135e-14 8.4120527431e+06 2.2175373866e+07 5.6719022548e-18 3.9146944773e-18 -5.1475063149e+03 -2.4527498558e+03 -4.6638838779e+09 -9.8812034110e+06 2.5301816438e+06 3.2029365891e+02 0.0000000000e+00 -0.0000000000e+00
1.5975277373e+05 1.7321193356e-13 3.7289440082e-14 6.7506094139e+06 2.1354235232e+07 5.7841470158e-18 4.2377718029e-18 -5.2263681634e+03 -2.6797401839e+03 -4.6638835158e+09 -9.8812034110e+06 2.5301816438e+06 3.0552981292e+02 0.0000000000e+00 -0.0000000000e+00
1.6005830355e+05 1.7499465204e-13 3.8636828536e-14 5.1429156499e+06 2.0498522535e+07 5.8839243556e-18 4.5900561367e-18 -5.2964705485e+03 -2.9272510123e+03 -4.6638831676e+09 -9.8812034110e+06 2.5301816438e+06 2.9257510983e+02 0.0000000000e+00 -0.0000000000e+00
1.6035087866e+05 1.7672871689e-13 4.0034865419e-14 3.5844651284e+06 1.9603368642e+07 5.9673496857e-18 4.9751592058e-18 -5.3550842040e+03 -3.1978198981e+03 -4.6638828466e+09 -9.8812034110e+06 2.5301816438e+06 2.6511071449e+02 0.0000000000e+00 -0.0000000000e+00
1.6057245189e+05 1.7805678261e-13 4.1172914942e-14 2.3938041137e+06 1.8869743791e+07 6.0180535675e-18 5.3028392261e-18 -5.3907081548e+03 -3.4280440252e+03 -4.6638827601e+09 -9.8812034110e+06 2.5301816438e+06 2.2742771426e+02 0.0000000000e+00 -0.0000000000e+00
1.6075809039e+05 1.7917700192e-13 4.2184912642e-14 1.3909474568e+06 1.8213984835e+07 6.0486734207e-18 5.6043667437e-18 -5.4122213034e+03 -3.6398937117e+03 -4.6638827243e+09 -9.8812034110e+06 2.5301816438e+06 1.9330240986e+02 0.0000000000e+00 -0.0000000000e+00
1.6089762507e+05 1.8002206275e-13 4.2983780173e-14 6.3500936552e+05 1.7694244974e+07 6.0623827252e-18 5.8487196058e-18 -5.4218532995e+03 -3.8115731579e+03 -4.6638827158e+09 -9.8812034110e+06 2.5301816438e+06 1.5873645620e+02 0.0000000000e+00 -0.0000000000e+00
1.6098724093e+05 1.8056554581e-13 4.3515281337e-14 1.4898661503e+05 1.7347494321e+07 6.0660617542e-18 6.0141882637e-18 -5.4244381420e+03 -3.9278294902e+03 -4.6638827149e+09 -9.8812034110e+06 2.5301816438e+06 1.1573118400e+02 0.0000000000e+00 -0.0000000000e+00
1.6110297211e+05 1.8126753118e-13 4.4224160150e-14 -4.7875690982e+05 1.6883893926e+07 6.0638481270e-18 6.2382312960e-18 -5.4228828736e+03 -4.0852394889e+03 -4.6638827119e+09 -9.8812034110e+06 2.5301816438e+06 1.4310240129e+02 0.0000000000e+00 -0.0000000000e+00
1.6124607451e+05 1.8213435770e-13 4.5137665593e-14 -1.2541347860e+06 1.6284672816e+07 6.0483754232e-18 6.5320905772e-18 -5.4120119340e+03 -4.2917015627e+03 -4.6638827044e+09 -9.8812034110e+06 2.5301816438e+06 1.6947142536e+02 0.0000000000e+00 -0.0000000000e+00
1.6141554594e+05 1.8315633550e-13 4.6275890839e-14 -2.1691739693e+06 1.5535415442e+07 6.0080024848e-18 6.9051692599e-18 -5.3836463824e+03 -4.5538222561e+03 -4.6638826886e+09 -9.8812034110e+06 2.5301816438e+06 1.8503565947e+02 0.0000000000e+00 -0.0000000000e+00
1.6160058160e+05 1.8426142906e-13 4.7593715372e-14 -3.1607026417e+06 1.4664606703e+07 5.9301092895e-18 7.3444184541e-18 -5.3289195397e+03 -4.8624335722e+03 -4.6638826529e+09 -9.8812034110e+06 2.5301816438e+06 1.9737169569e+02 0.0000000000e+00 -0.0000000000e+00
1.6179795329e+05 1.8541977860e-13 4.9092525512e-14 -4.2039889107e+06 1.3670311654e+07 5.7982977565e-18 7.8494185391e-18 -5.2363103074e+03 -5.2172406908e+03 -4.6638825328e+09 -9.8812034110e+06 2.5301816438e+06 2.1295910981e+02 0.0000000000e+00 -0.0000000000e+00
1.6201091240e+05 1.8663335732e-13 5.0825640331e-14 -5.3041988413e+06 1.2516036776e+07 5.5854155423e-18 8.4333414729e-18 -5.0867417682e+03 -5.6274980744e+03 -4.6638820549e+09 -9.8812034110e+06 2.5301816438e+06 2.3683351169e+02 0.0000000000e+00 -0.0000000000e+00
1.6224774591e+05 1.8791791598e-13 5.2903633257e-14 -6.4820323060e+06 1.1126561252e+07 5.2416634683e-18 9.1199367454e-18 -4.8452256051e+03 -6.1098918352e+03 -4.6638799908e+09 -9.8812034110e+06 2.5301816438e+06 2.1624687601e+02 0.0000000000e+00 -0.0000000000e+00
1.6243982891e+05 1.8889002108e-13 5.4710214495e-14 -7.3883173407e+06 9.9144555718e+06 4.8641971673e-18 9.6911177453e-18 -4.5800222228e+03 -6.5111968860e+03 -4.6638784461e+09 -9.8812034110e+06 2.5301816438e+06 1.9215627443e+02 0.0000000000e+00 -0.0000000000e+00
1.6263198519e+05 1.8978050949e-13 5.6626984132e-14 -8.2373446391e+06 8.6249546317e+06 4.3869547041e-18 1.0256088925e-17 -4.2447172828e+03 -6.9081389904e+03 -4.6638759695e+09 -9.8812034110e+06 2.5301816438e+06 1.7593098531e+02 0.0000000000e+00 -0.0000000000e+00
1.6280791617e+05 1.9050709829e-13 5.8475091077e-14 -8.9523561842e+06 7.3788655341e+06 3.8583556315e-18 1.0747409034e-17 -3.8733297932e+03 -7.2533347184e+03 -4.6638738441e+09 -9.8812034110e+06 2.5301816438e+06 1.6545277700e+02 1.1296884961e-309 -7.8957701202e-302
1.6297336895e+05 1.9109890579e-13 6.0288705414e-14 -9.5604911187e+06 6.1538915062e+06 3.2833570421e-18 1.1167206357e-17 -3.4693425490e+03 -7.5482793791e+03 -4.6638721699e+09 -9.8812034110e+06 2.5301816438e+06 1.5312443022e+02 9.0130713712e-296 -6.3643894396e-288
1.6310809616e+05 1.9150680234e-13 6.1813846266e-14 -1.0003694079e+07 5.1224495232e+06 2.7648769159e-18 1.1465848782e-17 -3.1050645121e+03 -7.7581020329e+03 -4.6638716501e+09 -9.8812034110e+06 2.5301816438e+06 1.3592197802e+02 6.5365945193e-288 -4.6429089146e-280
1.6324401814e+05 1.9184487282e-13 6.3390048974e-14 -1.0399226980e+07 4.0554877259e+06 2.2040563995e-18 1.1718007740e-17 -2.7110386152e+03 -7.9352659504e+03 -4.6638713208e+09 -9.8812034110e+06 2.5301816438e+06 1.2467047586e+02 2.7039629259e-283 -1.9273183534e-275
1.6336868861e+05 1.9208624451e-13 6.4862778189e-14 -1.0713740630e+07 3.0578759706e+06 1.6649291601e-18 1.1899624212e-17 -2.3322541594e+03 -8.0628675468e+03 -4.6638712893e+09 -9.8812034110e+06 2.5301816438e+06 1.1704320756e+02 4.5675323681e-282 -3.2586575518e-274
1.6348573182e+05 1.9225080600e-13 6.6263244043e-14 -1.0965421685e+07 2.1087652050e+06 1.1456176390e-18 1.2023414883e-17 -1.9673919942e+03 -8.1498414162e+03 -4.6638714017e+09 -9.8812034110e+06 2.5301816438e+06 1.0740539978e+02 1.4880661377e-283 -1.0604485908e-275
1.6359313722e+05 1.9234804118e-13 6.7558874928e-14 -1.1158596173e+07 1.2304413843e+06 6.6488957543e-19 1.2096024519e-17 -1.6296381124e+03 -8.2008560920e+03 -4.6638715478e+09 -9.8812034110e+06 2.5301816438e+06 9.6753796624e+01 3.7790258238e-287 -2.6857630470e-279
1.6367292694e+05 1.9238687620e-13 6.8525298847e-14 -1.1278636306e+07 5.7519418833e+05 3.0896982921e-19 1.2124698559e-17 -1.3795730860e+03 -8.2210021352e+03 -4.6638715906e+09 -9.8812034110e+06 2.5301816438e+06 8.4260762719e+01 3.5558151295e-291 -2.5194939014e-283
1.6372761714e+05 1.9239714818e-13 6.9188650566e-14 -1.1349430339e+07 1.2541062093e+05 6.7027596558e-20 1.2132201645e-17 -1.2095873197e+03 -8.2262737154e+03 -4.6638715977e+09 -9.8812034110e+06 2.5301816438e+06 6.3159252100e+01 1.3770251758e-294 -9.7321498408e-287
1.6379077639e+05 1.9239263681e-13 6.9954875052e-14 -1.1419682988e+07 -3.9412917256e+05 -2.0924246370e-19 1.2128962236e-17 -1.0154832256e+03 -8.2239977450e+03 -4.6638716134e+09 -9.8812034110e+06 2.5301816438e+06 8.0773681449e+01 3.5843704583e-299 -2.5246467416e-291
1.6387155007e+05 1.9236167299e-13 7.0933821079e-14 -1.1491827134e+07 -1.0578813597e+06 -5.5608182839e-19 1.2107030891e-17 -7.7179796845e+02 -8.2085890398e+03 -4.6638716695e+09 -9.8812034110e+06 2.5301816438e+06 1.0090120733e+02 5.1756678407e-306 -3.6271462023e-298
1.6397245128e+05 1.9228422419e-13 7.2152967137e-14 -1.1554709616e+07 -1.8844039334e+06 -9.7642313865e-19 1.2053474321e-17 -4.7647110906e+02 -8.1709608239e+03 -4.6638718382e+09 -9.8812034110e+06 2.5301816438e+06 9.5976374299e+01 4.9082773722e-316 -3.4147450100e-308
1.6405832258e+05 1.9218550176e-13 7.3185292718e-14 -1.1585173311e+07 -2.5841425675e+06 -1.3206665315e-18 1.1987068575e-17 -2.3460975119e+02 -8.1243049279e+03 -4.6638719072e+09 -9.8812034110e+06 2.5301816438e+06 8.7786314072e+01 0.0000000000e+00 -0.0000000000e+00
1.6409817427e+05 1.9212977070e-13 7.3662277581e-14 -1.1592344702e+07 -2.9074039293e+06 -1.4757417062e-18 1.1950333325e-17 -1.2565575783e+02 -8.0984951732e+03 -4.6638719085e+09 -9.8812034110e+06 2.5301816438e+06 8.0590183202e+01 0.0000000000e+00 -0.0000000000e+00
1.6417876445e+05 1.9199850619e-13 7.4622034813e-14 -1.1593805450e+07 -3.5577289162e+06 -1.7796238592e-18 1.1865662314e-17 8.7848267754e+01 -8.0390063170e+03 -4.6638719505e+09 -9.8812034110e+06 2.5301816438e+06 7.8099623170e+01 0.0000000000e+00 -0.0000000000e+00
1.6425686408e+05 1.9184844099e-13 7.5545140174e-14 -1.1579161785e+07 -4.1830440906e+06 -2.0611130977e-18 1.1771690428e-17 2.8561929515e+02 -7.9729827756e+03 -4.6638719812e+09 -9.8812034110e+06 2.5301816438e+06 1.0418433656e+02 0.0000000000e+00 -0.0000000000e+00
1.6436104841e+05 1.9161501562e-13 7.6764365829e-14 -1.1536273588e+07 -5.0086453042e+06 -2.4158959266e-18 1.1630751289e-17 5.3488553675e+02 -7.8739605946e+03 -4.6638720887e+09 -9.8812034110e+06 2.5301816438e+06 1.2578884923e+02 0.0000000000e+00 -0.0000000000e+00
1.6448683726e+05 1.9128583548e-13 7.8215669263e-14 -1.1451224340e+07 -5.9908706538e+06 -2.8120771712e-18 1.1441418485e-17 8.1323781828e+02 -7.7409375941e+03 -4.6638722954e+09 -9.8812034110e+06 2.5301816438e+06 1.4732377231e+02 0.0000000000e+00 -0.0000000000e+00
1.6463416104e+05 1.9084006257e-13 7.9883700934e-14 -1.1309292618e+07 -7.1189564460e+06 -3.2316422525e-18 1.1200126253e-17 1.1080193083e+03 -7.5714085103e+03 -4.6638726029e+09 -9.8812034110e+06 2.5301816438e+06 1.6771387104e+02 0.0000000000e+00 -0.0000000000e+00
1.6480187491e+05 1.9026190976e-13 8.1737897249e-14 -1.1098055711e+07 -8.3717698383e+06 -3.6532269121e-18 1.0909194283e-17 1.4042197304e+03 -7.3670031312e+03 -4.6638729561e+09 -9.8812034110e+06 2.5301816438e+06 1.8315597280e+02 0.0000000000e+00 -0.0000000000e+00
1.6498503088e+05 1.8955546077e-13 8.3706108870e-14 -1.0814630777e+07 -9.7000924176e+06 -4.0504951954e-18 1.0582181960e-17 1.6833357524e+03 -7.1372481199e+03 -4.6638732534e+09 -9.8812034110e+06 2.5301816438e+06 1.9227132755e+02 0.0000000000e+00 -0.0000000000e+00
1.6517730221e+05 1.8874170000e-13 8.5707627934e-14 -1.0466406399e+07 -1.1049103060e+07 -4.4040685987e-18 1.0238097067e-17 1.9317522660e+03 -6.8954981224e+03 -4.6638734500e+09 -9.8812034110e+06 2.5301816438e+06 1.9836830804e+02 0.0000000000e+00 -0.0000000000e+00
1.6537567051e+05 1.8783685121e-13 8.7703840976e-14 -1.0061272353e+07 -1.2392570876e+07 -4.7095598819e-18 9.8898803401e-18 2.1463868475e+03 -6.6508451468e+03 -4.6638735791e+09 -9.8812034110e+06 2.5301816438e+06 2.0472662367e+02 0.0000000000e+00 -0.0000000000e+00
1.6558039714e+05 1.8684505785e-13 8.9692817492e-14 -9.6024435867e+06 -1.3729061724e+07 -4.9710386866e-18 9.5431527619e-18 2.3300987794e+03 -6.4072384294e+03 -4.6638736834e+09 -9.8812034110e+06 2.5301816438e+06 2.1267754120e+02 0.0000000000e+00 -0.0000000000e+00
1.6579307468e+05 1.8576330551e-13 9.1685618719e-14 -9.0896535976e+06 -1.5065873033e+07 -5.1941571556e-18 9.2000632216e-18 2.4868591908e+03 -6.1661877548e+03 -4.6638737901e+09 -9.8812034110e+06 2.5301816438e+06 2.2257619644e+02 0.0000000000e+00 -0.0000000000e+00
1.6601565088e+05 1.8458534366e-13 9.3695264073e-14 -8.5207750641e+06 -1.6411572308e+07 -5.3838881263e-18 8.8615636220e-18 2.6201619388e+03 -5.9283619184e+03 -4.6638739143e+09 -9.8812034110e+06 2.5301816438e+06 2.3453036739e+02 0.0000000000e+00 -0.0000000000e+00
1.6625018124e+05 1.8330313891e-13 9.5734011647e-14 -7.8925533609e+06 -1.7774160083e+07 -5.5442609165e-18 8.5281956903e-18 2.7328379744e+03 -5.6941415316e+03 -4.6638740647e+09 -9.8812034110e+06 2.5301816438e+06 2.4863627040e+02 0.0000000000e+00 -0.0000000000e+00
1.6649881751e+05 1.8190726120e-13 9.7813138000e-14 -7.2008644040e+06 -1.9160918630e+07 -5.6785271549e-18 8.2003332964e-18 2.8271718539e+03 -5.4637892708e+03 -4.6638742465e+09 -9.8812034110e+06 2.5301816438e+06 2.6503850643e+02 0.0000000000e+00 -0.0000000000e+00
1.6676385602e+05 1.8038689237e-13 9.9943257965e-14 -6.4407769634e+06 -2.0578622262e+07 -5.7893506042e-18 7.8782595536e-18 2.9050351056e+03 -5.2375040483e+03 -4.6638744634e+09 -9.8812034110e+06 2.5301816438e+06 2.7622825849e+02 0.0000000000e+00 -0.0000000000e+00
1.6704008428e+05 1.7877504282e-13 1.0207631311e-13 -5.6294242687e+06 -2.1995057283e+07 -5.8768559648e-18 7.5704111888e-18 2.9665153425e+03 -5.0212134089e+03 -4.6638746857e+09 -9.8812034110e+06 2.5301816438e+06 2.8467385361e+02 0.0000000000e+00 -0.0000000000e+00
1.6732475813e+05 1.7709205748e-13 1.0418947765e-13 -4.7779103627e+06 -2.3395003405e+07 -5.9436015466e-18 7.2801349513e-18 3.0134100030e+03 -4.8172687395e+03 -4.6638748950e+09 -9.8812034110e+06 2.5301816438e+06 2.9253752586e+02 0.0000000000e+00 -0.0000000000e+00
1.6761729566e+05 1.7534570874e-13 1.0627870796e-13 -3.8910195509e+06 -2.4775792858e+07 -5.9928313734e-18 7.0074558734e-18 3.0479983001e+03 -4.6256876273e+03 -4.6638750852e+09 -9.8812034110e+06 2.5301816438e+06 2.9866058067e+02 0.0000000000e+00 -0.0000000000e+00
1.6791595624e+05 1.7355038943e-13 1.0833298600e-13 -2.9768406130e+06 -2.6130202617e+07 -6.0272995317e-18 6.7529365008e-18 3.0722152227e+03 -4.4468653105e+03 -4.6638752503e+09 -9.8812034110e+06 2.5301816438e+06 3.0139138538e+02 0.0000000000e+00 -0.0000000000e+00
1.6821734762e+05 1.7173019313e-13 1.1033231158e-13 -2.0483579400e+06 -2.7445190548e+07 -6.0494609165e-18 6.5177847379e-18 3.0877855509e+03 -4.2816504483e+03 -4.6638753846e+09 -9.8812034110e+06 2.5301816438e+06 2.9775176361e+02 0.0000000000e+00 -0.0000000000e+00
1.6851509939e+05 1.6992693476e-13 1.1224079284e-13 -1.1275446164e+06 -2.8697435724e+07 -6.0616091540e-18 6.3044516446e-18 3.0963207596e+03 -4.1317651268e+03 -4.6638754828e+09 -9.8812034110e+06 2.5301816438e+06 2.8096587759e+02 0.0000000000e+00 -0.0000000000e+00
1.6873667220e+05 1.6858333245e-13 1.1362115266e-13 -4.4112262198e+05 -2.9601305064e+07 -6.0656127321e-18 6.1566768871e-18 3.0991336265e+03 -4.0279403207e+03 -4.6638755008e+09 -9.8812034110e+06 2.5301816438e+06 2.4566855735e+02 0.0000000000e+00 -0.0000000000e+00
1.6898234076e+05 1.6709307986e-13 1.1511454198e-13 3.2032296451e+05 -3.0577415058e+07 -6.0659533646e-18 6.0027405977e-18 3.0993729508e+03 -3.9197864948e+03 -4.6638755257e+09 -9.8812034110e+06 2.5301816438e+06 2.4115362253e+02 0.0000000000e+00 -0.0000000000e+00
1.6922349438e+05 1.6563056969e-13 1.1654484470e-13 1.0675256393e+06 -3.1510545106e+07 -6.0628079265e-18 5.8608883437e-18 3.0971630031e+03 -3.8201227700e+03 -4.6638755443e+09 -9.8812034110e+06 2.5301816438e+06 3.2156559284e+02 0.0000000000e+00 -0.0000000000e+00
1.6954505997e+05 1.6368223277e-13 1.1840078944e-13 2.0625860003e+06 -3.2718790120e+07 -6.0542682526e-18 5.6846264972e-18 3.0911631286e+03 -3.6962832703e+03 -4.6638756074e+09 -9.8812034110e+06 2.5301816438e+06 3.8635033715e+02 0.0000000000e+00 -0.0000000000e+00
1.6993141031e+05 1.6134598142e-13 1.2055891739e-13 3.2548785596e+06 -3.4120061127e+07 -6.0388710332e-18 5.4902091018e-18 3.0803452235e+03 -3.5596878956e+03 -4.6638757277e+09 -9.8812034110e+06 2.5301816438e+06 4.5139412134e+02 0.0000000000e+00 -0.0000000000e+00
1.7038280443e+05 1.5862513564e-13 1.2298983207e-13 4.6417696063e+06 -3.5693627404e+07 -6.0156323674e-18 5.2839848597e-18 3.0640180102e+03 -3.4147971692e+03 -4.6638759195e+09 -9.8812034110e+06 2.5301816438e+06 5.2204166628e+02 0.0000000000e+00 -0.0000000000e+00
1.7090484610e+05 1.5549283524e-13 1.2569129061e-13 6.2356164419e+06 -3.7436245073e+07 -5.9838452470e-18 5.0695795084e-18 3.0416847534e+03 -3.2641584918e+03 -4.6638761996e+09 -9.8812034110e+06 2.5301816438e+06 5.9636082291e+02 0.0000000000e+00 -0.0000000000e+00
1.7150120692e+05 1.5193620140e-13 1.2864821633e-13 8.0411993464e+06 -3.9336228502e+07 -5.9433749630e-18 4.8513284898e-18 3.0132508080e+03 -3.1108178938e+03 -4.6638765716e+09 -9.8812034110e+06 2.5301816438e+06 6.3696377462e+02 0.0000000000e+00 -0.0000000000e+00
1.7213817070e+05 1.4816504850e-13 1.3167113874e-13 9.9503001101e+06 -4.1270494223e+07 -5.8973049574e-18 4.6444485038e-18 2.9808825641e+03 -2.9654664496e+03 -4.6638769181e+09 -9.8812034110e+06 2.5301816438e+06 6.8288634232e+02 0.0000000000e+00 -0.0000000000e+00
1.7280000000e+05 1.4427832795e-13 1.3468051437e-13 1.1911691303e+07 -4.3187840444e+07 -5.8479313859e-18 4.4533613141e-18 2.9461932736e+03 -2.8312108381e+03 -4.6638771996e+09 -9.8812034110e+06 2.5301816438e+06 7.3205776559e+02 0.0000000000e+00 -0.0000000000e+00
1.7280000000e+05 1.4427832795e-13 1.3468051437e-13 1.1911691303e+07 -4.3187840444e+07 -5.8479313859e-18 4.4533613141e-18 2.9461932736e+03 -2.8312108381e+03 -4.6638771996e+09 -9.8812034110e+06 2.5301816438e+06 7.3205776559e+02 0.0000000000e+00 -0.0000000000e+00
