0.0000000000e+00 0.0000000000e+00 0.0000000000e+00 3.1415900000e+08 0.0000000000e+00 0.0000000000e+00 0.0000000000e+00 -1.1822657320e+03 2.0554254751e+02 -4.6638893045e+09 -1.0049258722e+07 1.7471116538e+06 1.0000000000e+01 0.0000000000e+00 -0.0000000000e+00
1.0000000000e+01 2.8740016736e-22 6.2680378613e-28 3.1414717714e+08 2.0554254746e+03 5.7480754549e-23 1.8804467428e-28 -1.1823061173e+03 2.0554254738e+02 -4.6638893045e+09 -1.0049258722e+07 1.7471116538e+06 5.0000000000e+01 0.0000000000e+00 -0.0000000000e+00
6.0000000000e+01 1.0347704200e-20 1.3542784312e-25 3.1408805679e+08 1.2332552755e+04 3.4494944158e-22 6.7721568723e-27 -1.1825080895e+03 2.0554254275e+02 -4.6638893045e+09 -1.0049258722e+07 1.7471116538e+06 2.5000000000e+02 0.0000000000e+00 -0.0000000000e+00
3.1000000000e+02 2.7639967443e-19 1.8704786690e-23 3.1379230343e+08 6.3718176586e+04 1.7839181753e-21 1.8111982177e-25 -1.1835190920e+03 2.0554242026e+02 -4.6638893045e+09 -1.0049258722e+07 1.7471116538e+06 1.2500000000e+03 0.0000000000e+00 -0.0000000000e+00
1.5600000000e+03 7.0215242967e-18 2.4006045922e-21 3.1230973222e+08 3.2064468748e+05 9.0197020004e-21 4.6302091673e-24 -1.1886028686e+03 2.0553929438e+02 -4.6638893045e+09 -1.0049258722e+07 1.7471116538e+06 3.6000000000e+03 0.0000000000e+00 -0.0000000000e+00
5.1600000000e+03 7.7529684881e-17 8.8690399654e-20 3.0800403738e+08 1.0605372323e+06 3.0249682693e-20 5.2078571244e-23 -1.2035188032e+03 2.0550595772e+02 -4.6638893044e+09 -1.0049258722e+07 1.7471116538e+06 3.6000000000e+03 0.0000000000e+00 -0.0000000000e+00
8.7600000000e+03 2.2554550685e-16 4.4319443493e-19 3.0364388657e+08 1.8002413330e+06 5.2084972810e-20 1.5439912116e-22 -1.2188600212e+03 2.0543406850e+02 -4.6638893043e+09 -1.0049258722e+07 1.7471116538e+06 3.6000000000e+03 0.0000000000e+00 -0.0000000000e+00
1.2360000000e+04 4.5330863640e-16 1.2719553364e-18 2.9922770624e+08 2.5396122263e+06 7.4559648507e-20 3.1639648278e-22 -1.2346504639e+03 2.0532025106e+02 -4.6638893041e+09 -1.0049258722e+07 1.7471116538e+06 3.6000000000e+03 0.0000000000e+00 -0.0000000000e+00
1.5960000000e+04 7.6318639454e-16 2.7992228923e-18 2.9475383313e+08 3.2784923572e+06 9.7710613082e-20 5.4339173623e-22 -1.2509160593e+03 2.0516076687e+02 -4.6638893040e+09 -1.0049258722e+07 1.7471116538e+06 3.6000000000e+03 0.0000000000e+00 -0.0000000000e+00
1.9560000000e+04 1.1576845077e-15 5.2694337946e-18 2.9022050677e+08 4.0167099871e+06 1.2157791092e-19 8.4129105075e-22 -1.2676849419e+03 2.0495146631e+02 -4.6638893038e+09 -1.0049258722e+07 1.7471116538e+06 3.6000000000e+03 0.0000000000e+00 -0.0000000000e+00
2.3160000000e+04 1.6394590458e-15 8.9494578066e-18 2.8562586101e+08 4.7540776165e+06 1.4620508557e-19 1.2166653867e-21 -1.2849877051e+03 2.0468773272e+02 -4.6638893036e+09 -1.0049258722e+07 1.7471116538e+06 3.6000000000e+03 0.0000000000e+00 -0.0000000000e+00
2.6760000000e+04 2.2113297402e-15 1.4131153904e-17 2.8096791475e+08 5.4903901888e+06 1.7163958947e-19 1.6768433907e-21 -1.3028576883e+03 2.0436441707e+02 -4.6638893034e+09 -1.0049258722e+07 1.7471116538e+06 3.6000000000e+03 0.0000000000e+00 -0.0000000000e+00
3.0360000000e+04 2.8762948826e-15 2.1134288403e-17 2.7624456143e+08 6.2254230400e+06 1.9793325449e-19 2.2300200851e-21 -1.3213313080e+03 2.0397576163e+02 -4.6638893031e+09 -1.0049258722e+07 1.7471116538e+06 3.6000000000e+03 0.0000000000e+00 -0.0000000000e+00
3.3960000000e+04 3.6375480439e-15 3.0309877503e-17 2.7145355728e+08 6.9589295500e+06 2.2514283428e-19 2.8853845540e-21 -1.3404484387e+03 2.0351531027e+02 -4.6638893028e+09 -1.0049258722e+07 1.7471116538e+06 3.6000000000e+03 0.0000000000e+00 -0.0000000000e+00
3.7560000000e+04 4.4984968946e-15 4.2044029503e-17 2.6659250811e+08 7.6906384439e+06 2.5333063182e-19 3.6532705890e-21 -1.3602528536e+03 2.0297580257e+02 -4.6638893025e+09 -1.0049258722e+07 1.7471116538e+06 3.6000000000e+03 0.0000000000e+00 -0.0000000000e+00
4.1160000000e+04 5.4627844614e-15 5.6762377899e-17 2.6165885437e+08 8.4202506765e+06 2.8256522863e-19 4.5453352284e-21 -1.3807927374e+03 2.0234904845e+02 -4.6638893021e+09 -1.0049258722e+07 1.7471116538e+06 3.6000000000e+03 0.0000000000e+00 -0.0000000000e+00
4.4760000000e+04 6.5343132217e-15 7.4935216487e-17 2.5664985424e+08 9.1474358250e+06 3.1292233572e-19 5.5747713712e-21 -1.4021212837e+03 2.0162577873e+02 -4.6638893015e+09 -1.0049258722e+07 1.7471116538e+06 3.6000000000e+03 0.0000000000e+00 -0.0000000000e+00
4.8360000000e+04 7.7172725176e-15 9.7083472611e-17 2.5156256432e+08 9.8718278918e+06 3.4448579130e-19 6.7565622556e-21 -1.4242973962e+03 2.0079546636e+02 -4.6638893009e+09 -1.0049258722e+07 1.7471116538e+06 3.6000000000e+03 0.0000000000e+00 -0.0000000000e+00
5.1960000000e+04 9.0161698705e-15 1.2378568636e-16 2.4639381768e+08 1.0593020402e+07 3.7734873630e-19 8.1077876948e-21 -1.4473865148e+03 1.9984611126e+02 -4.6638893002e+09 -1.0049258722e+07 1.7471116538e+06 3.6000000000e+03 0.0000000000e+00 -0.0000000000e+00
5.5560000000e+04 1.0435866906e-14 1.5568620383e-16 2.4114019861e+08 1.1310560644e+07 4.1161500663e-19 9.6479947141e-21 -1.4714615932e+03 1.9876397993e+02 -4.6638892993e+09 -1.0049258722e+07 1.7471116538e+06 3.6000000000e+03 0.0000000000e+00 -0.0000000000e+00
5.9160000000e+04 1.1981620751e-14 1.9350484445e-16 2.3579801351e+08 1.2023942883e+07 4.4740079141e-19 1.1399648889e-20 -1.4966042646e+03 1.9753328831e+02 -4.6638892982e+09 -1.0049258722e+07 1.7471116538e+06 3.6000000000e+03 0.0000000000e+00 -0.0000000000e+00
6.2760000000e+04 1.3659131975e-14 2.3804836920e-16 2.3036325723e+08 1.2732600298e+07 4.8483661974e-19 1.3388687561e-20 -1.5229062371e+03 1.9613581314e+02 -4.6638892968e+09 -1.0049258722e+07 1.7471116538e+06 3.6000000000e+03 0.0000000000e+00 -0.0000000000e+00
6.6360000000e+04 1.5474600384e-14 2.9022416432e-16 2.2483157385e+08 1.3435895369e+07 5.2406975631e-19 1.5645202687e-20 -1.5504709773e+03 1.9455041216e+02 -4.6638892952e+09 -1.0049258722e+07 1.7471116538e+06 3.6000000000e+03 0.0000000000e+00 -0.0000000000e+00
6.9960000000e+04 1.7434790336e-14 3.5105666997e-16 2.1919821081e+08 1.4133108337e+07 5.6526710993e-19 1.8204290069e-20 -1.5794157533e+03 1.9275242747e+02 -4.6638892931e+09 -1.0049258722e+07 1.7471116538e+06 3.6000000000e+03 0.0000000000e+00 -0.0000000000e+00
7.3560000000e+04 1.9547107645e-14 4.2170723715e-16 2.1345796489e+08 1.4823423251e+07 6.0861879071e-19 2.1107114080e-20 -1.6098741342e+03 1.9071293747e+02 -4.6638892904e+09 -1.0049258722e+07 1.7471116538e+06 3.6000000000e+03 0.0000000000e+00 -0.0000000000e+00
7.7160000000e+04 2.1819690715e-14 5.0349830183e-16 2.0760511812e+08 1.5505910982e+07 6.5434249546e-19 2.4402254283e-20 -1.6419990712e+03 1.8839781073e+02 -4.6638892871e+09 -1.0049258722e+07 1.7471116538e+06 3.6000000000e+03 0.0000000000e+00 -0.0000000000e+00
8.0760000000e+04 2.4261519304e-14 5.9794304603e-16 2.0163336145e+08 1.6179508387e+07 7.0268896052e-19 2.8147424774e-20 -1.6759667288e+03 1.8576649801e+02 -4.6638892827e+09 -1.0049258722e+07 1.7471116538e+06 3.6000000000e+03 0.0000000000e+00 -0.0000000000e+00
8.4360000000e+04 2.6882545314e-14 7.0678210160e-16 1.9553570277e+08 1.6842992518e+07 7.5394880584e-19 3.2411692086e-20 -1.7119812930e+03 1.8277047396e+02 -4.6638892771e+09 -1.0049258722e+07 1.7471116538e+06 3.6000000000e+03 0.0000000000e+00 -0.0000000000e+00
8.7960000000e+04 2.9693851356e-14 8.3202939146e-16 1.8930435559e+08 1.7494948417e+07 8.0846121256e-19 3.7278368469e-20 -1.7502810687e+03 1.7935120439e+02 -4.6638892696e+09 -1.0049258722e+07 1.7471116538e+06 3.6000000000e+03 0.0000000000e+00 -0.0000000000e+00
9.1560000000e+04 3.2707844752e-14 9.7602996617e-16 1.8293060265e+08 1.8133728478e+07 8.6662504883e-19 4.2848832827e-20 -1.7911462958e+03 1.7543746167e+02 -4.6638892595e+09 -1.0049258722e+07 1.7471116538e+06 3.6000000000e+03 0.0000000000e+00 -0.0000000000e+00
9.5160000000e+04 3.5938497242e-14 1.1415337926e-15 1.7640462758e+08 1.8757400608e+07 9.2891330965e-19 4.9247645239e-20 -1.8349092950e+03 1.7094173135e+02 -4.6638892458e+09 -1.0049258722e+07 1.7471116538e+06 3.6000000000e+03 0.0000000000e+00 -0.0000000000e+00
9.8760000000e+04 3.9401644433e-14 1.3317910602e-15 1.6971530447e+08 1.9363681261e+07 9.9589211254e-19 5.6629495862e-20 -1.8819678139e+03 1.6575532994e+02 -4.6638892269e+09 -1.0049258722e+07 1.7471116538e+06 3.6000000000e+03 0.0000000000e+00 -0.0000000000e+00
1.0236000000e+05 4.3115364442e-14 1.5506769737e-15 1.6284993185e+08 1.9949847764e+07 1.0682460631e-18 6.5188803711e-20 -1.9328028483e+03 1.5974166095e+02 -4.6638892000e+09 -1.0049258722e+07 1.7471116538e+06 3.6000000000e+03 0.0000000000e+00 -0.0000000000e+00
1.0596000000e+05 4.7100463202e-14 1.8028576687e-15 1.5579389171e+08 2.0512621746e+07 1.1468126967e-18 7.5173223394e-20 -1.9880028408e+03 1.5272672514e+02 -4.6638891611e+09 -1.0049258722e+07 1.7471116538e+06 3.6000000000e+03 0.0000000000e+00 -0.0000000000e+00
1.0956000000e+05 5.1381106011e-14 2.0940146219e-15 1.4853020580e+08 2.1048011467e+07 1.2326301304e-18 8.6903050450e-20 -2.0482971602e+03 1.4448548665e+02 -4.6638891034e+09 -1.0049258722e+07 1.7471116538e+06 3.6000000000e+03 0.0000000000e+00 -0.0000000000e+00
1.1316000000e+05 5.5985653637e-14 2.4311541376e-15 1.4103894817e+08 2.1551094381e+07 1.3270044041e-18 1.0079976661e-19 -2.1146034145e+03 1.3472181737e+02 -4.6638890152e+09 -1.0049258722e+07 1.7471116538e+06 3.2800513490e+03 0.0000000000e+00 -0.0000000000e+00
1.1610663428e+05 6.0018929644e-14 2.7473882747e-15 1.3472151116e+08 2.1934570714e+07 1.4117728350e-18 1.1417660211e-19 -2.1741607168e+03 1.2532341012e+02 -4.6638889662e+09 -1.0049258722e+07 1.7471116538e+06 2.9659177138e+03 0.0000000000e+00 -0.0000000000e+00
1.1907255200e+05 6.4342482062e-14 3.1087257295e-15 1.2817733122e+08 2.2290321551e+07 1.5051832637e-18 1.2990254367e-19 -2.2397897851e+03 1.1427454859e+02 -4.6638888904e+09 -1.0049258722e+07 1.7471116538e+06 2.6779735328e+03 0.0000000000e+00 -0.0000000000e+00
1.2147868248e+05 6.8062352903e-14 3.4386866435e-15 1.2271910811e+08 2.2553057084e+07 1.5879406082e-18 1.4470252164e-19 -2.2979341217e+03 1.0387625819e+02 -4.6638888510e+09 -1.0049258722e+07 1.7471116538e+06 2.4225270995e+03 0.0000000000e+00 -0.0000000000e+00
1.2390120958e+05 7.2017446702e-14 3.8095184093e-15 1.1707623497e+08 2.2790447440e+07 1.6786553468e-18 1.6186712809e-19 -2.3616692298e+03 9.1816607633e+01 -4.6638887916e+09 -1.0049258722e+07 1.7471116538e+06 2.1860745737e+03 0.0000000000e+00 -0.0000000000e+00
1.2586207317e+05 7.5386227752e-14 4.1421848862e-15 1.1239110720e+08 2.2959760785e+07 1.7583740589e-18 1.7776857722e-19 -2.4176786591e+03 8.0644436548e+01 -4.6638887619e+09 -1.0049258722e+07 1.7471116538e+06 1.9755950585e+03 0.0000000000e+00 -0.0000000000e+00
1.2763826061e+05 7.8577687743e-14 4.4720925051e-15 1.0804889942e+08 2.3093053663e+07 1.8361814634e-18 1.9403045611e-19 -2.4723452261e+03 6.9219031759e+01 -4.6638887367e+09 -1.0049258722e+07 1.7471116538e+06 1.7900321130e+03 0.0000000000e+00 -0.0000000000e+00
1.2924147326e+05 8.1581241737e-14 4.7961200449e-15 1.0404321434e+08 2.3194924140e+07 1.9116150595e-18 2.1049966401e-19 -2.5253439833e+03 5.7647960041e+01 -4.6638887160e+09 -1.0049258722e+07 1.7471116538e+06 1.6172744015e+03 0.0000000000e+00 -0.0000000000e+00
1.3068089360e+05 8.4384455789e-14 5.1107722145e-15 1.0037193179e+08 2.3269715350e+07 1.9841039446e-18 2.2698225237e-19 -2.5762738211e+03 4.6067487375e+01 -4.6638886997e+09 -1.0049258722e+07 1.7471116538e+06 1.4543778747e+03 0.0000000000e+00 -0.0000000000e+00
1.3196156927e+05 8.6969021381e-14 5.4116868441e-15 9.7041947450e+07 2.3321529611e+07 2.0528571460e-18 2.4321320030e-19 -2.6245790116e+03 3.4663814310e+01 -4.6638886876e+09 -1.0049258722e+07 1.7471116538e+06 1.2977668650e+03 0.0000000000e+00 -0.0000000000e+00
1.3308200571e+05 8.9304532874e-14 5.6927959643e-15 9.4076390943e+07 2.3354323010e+07 2.1166764846e-18 2.5880316316e-19 -2.6694177281e+03 2.3710489815e+01 -4.6638886796e+09 -1.0049258722e+07 1.7471116538e+06 1.1424726250e+03 0.0000000000e+00 -0.0000000000e+00
1.3402666163e+05 9.1330644214e-14 5.9439368580e-15 9.1536034629e+07 2.3372041357e+07 2.1734219246e-18 2.7309093162e-19 -2.7092864066e+03 1.3672071786e+01 -4.6638886753e+09 -1.0049258722e+07 1.7471116538e+06 9.8059380766e+02 0.0000000000e+00 -0.0000000000e+00
1.3472389441e+05 9.2861184409e-14 6.1382430361e-15 8.9636380671e+07 2.3378835125e+07 2.2171826271e-18 2.8438439936e-19 -2.7400321613e+03 5.7374142139e+00 -4.6638886741e+09 -1.0049258722e+07 1.7471116538e+06 8.0630617213e+02 0.0000000000e+00 -0.0000000000e+00
1.3553020058e+05 9.4670021227e-14 6.3730960139e-15 8.7412245045e+07 2.3379560410e+07 2.2699404301e-18 2.9831974961e-19 -2.7770991730e+03 -4.0533989223e+00 -4.6638886713e+09 -1.0049258722e+07 1.7471116538e+06 7.3291573047e+02 0.0000000000e+00 -0.0000000000e+00
1.3626311631e+05 9.6351929764e-14 6.5966544015e-15 8.5364054742e+07 2.3373136283e+07 2.3200524434e-18 3.1188165185e-19 -2.8123072841e+03 -1.3581831884e+01 -4.6638886691e+09 -1.0049258722e+07 1.7471116538e+06 8.7034927237e+02 0.0000000000e+00 -0.0000000000e+00
1.3713346559e+05 9.8398105688e-14 6.8755420398e-15 8.2897451491e+07 2.3356086917e+07 2.3824586188e-18 3.2921633935e-19 -2.8561531287e+03 -2.5760979389e+01 -4.6638886628e+09 -1.0049258722e+07 1.7471116538e+06 9.4113419169e+02 0.0000000000e+00 -0.0000000000e+00
1.3807459978e+05 1.0067356623e-13 7.1948467301e-15 8.0186068978e+07 2.3325190317e+07 2.4538169377e-18 3.4964708245e-19 -2.9062886440e+03 -4.0115379127e+01 -4.6638886509e+09 -1.0049258722e+07 1.7471116538e+06 9.7473278040e+02 0.0000000000e+00 -0.0000000000e+00
1.3904933256e+05 1.0310328592e-13 7.5468122800e-15 7.7326583350e+07 2.3278252521e+07 2.5324327776e-18 3.7291393019e-19 -2.9615232083e+03 -5.6462392618e+01 -4.6638886323e+09 -1.0049258722e+07 1.7471116538e+06 9.8527750067e+02 0.0000000000e+00 -0.0000000000e+00
1.4003461006e+05 1.0563979235e-13 7.9268373864e-15 7.4379603948e+07 2.3213767800e+07 2.6173517843e-18 3.9894668372e-19 -3.0211863033e+03 -7.4752698980e+01 -4.6638886060e+09 -1.0049258722e+07 1.7471116538e+06 9.8028330105e+02 0.0000000000e+00 -0.0000000000e+00
1.4101489336e+05 1.0824942541e-13 8.3317880444e-15 7.1387151105e+07 2.3130744159e+07 2.7079752609e-18 4.2776931592e-19 -3.0848572918e+03 -9.5003141276e+01 -4.6638885710e+09 -1.0049258722e+07 1.7471116538e+06 9.6437581486e+02 0.0000000000e+00 -0.0000000000e+00
1.4197926917e+05 1.1090661015e-13 8.7593116687e-15 6.8380095884e+07 2.3028591352e+07 2.8039016745e-18 4.5946183959e-19 -3.1522540615e+03 -1.1726993555e+02 -4.6638885263e+09 -1.0049258722e+07 1.7471116538e+06 9.4068032372e+02 0.0000000000e+00 -0.0000000000e+00
1.4291994950e+05 1.1359105484e-13 9.2075129859e-15 6.5381902518e+07 2.2907040209e+07 2.9048500012e-18 4.9414276233e-19 -3.2231791682e+03 -1.4163634386e+02 -4.6638884712e+09 -1.0049258722e+07 1.7471116538e+06 9.1143699189e+02 0.0000000000e+00 -0.0000000000e+00
1.4383138649e+05 1.1628620594e-13 9.6747834846e-15 6.2410760339e+07 2.2766080535e+07 3.0106179159e-18 5.3196022237e-19 -3.2974904607e+03 -1.6820644638e+02 -4.6638884046e+09 -1.0049258722e+07 1.7471116538e+06 8.7831386325e+02 0.0000000000e+00 -0.0000000000e+00
1.4470970035e+05 1.1897831725e-13 1.0159704951e-14 5.9480914222e+07 2.2605911287e+07 3.1210568627e-18 5.7308730995e-19 -3.3750835654e+03 -1.9710185426e+02 -4.6638883256e+09 -1.0049258722e+07 1.7471116538e+06 8.4258369020e+02 0.0000000000e+00 -0.0000000000e+00
1.4555228404e+05 1.2165584839e-13 1.0660992218e-14 5.6603554523e+07 2.2426899549e+07 3.2360561100e-18 6.1771962635e-19 -3.4558806837e+03 -2.2845999467e+02 -4.6638882333e+09 -1.0049258722e+07 1.7471116538e+06 8.0523239575e+02 0.0000000000e+00 -0.0000000000e+00
1.4635751644e+05 1.2430905308e-13 1.1177458150e-14 5.3787445454e+07 2.2229546179e+07 3.3555319326e-18 6.6607414727e-19 -3.5398229910e+03 -2.6243331220e+02 -4.6638881266e+09 -1.0049258722e+07 1.7471116538e+06 7.6703011600e+02 0.0000000000e+00 -0.0000000000e+00
1.4712454655e+05 1.2692968304e-13 1.1707991885e-14 5.1039388255e+07 2.2014456743e+07 3.4794198757e-18 7.1838890702e-19 -3.6268652023e+03 -2.9918904693e+02 -4.6638880044e+09 -1.0049258722e+07 1.7471116538e+06 7.2858029170e+02 0.0000000000e+00 -0.0000000000e+00
1.4785312685e+05 1.2951076565e-13 1.2251545319e-14 4.8364574465e+07 2.1782316744e+07 3.6076689437e-18 7.7492324003e-19 -3.7169714887e+03 -3.3890940419e+02 -4.6638878658e+09 -1.0049258722e+07 1.7471116538e+06 6.9035507690e+02 0.0000000000e+00 -0.0000000000e+00
1.4854348192e+05 1.3204643067e-13 1.2807124826e-14 4.5766862902e+07 2.1533870459e+07 3.7402370169e-18 8.3595842997e-19 -3.8101122573e+03 -3.8179201058e+02 -4.6638877095e+09 -1.0049258722e+07 1.7471116538e+06 6.5272179213e+02 0.0000000000e+00 -0.0000000000e+00
1.4919620372e+05 1.3453177070e-13 1.3373786411e-14 4.3249001630e+07 2.1269902797e+07 3.8770870581e-18 9.0179868077e-19 -3.9062614863e+03 -4.2805059620e+02 -4.6638875344e+09 -1.0049258722e+07 1.7471116538e+06 6.1596323754e+02 0.0000000000e+00 -0.0000000000e+00
1.4981216695e+05 1.3696272570e-13 1.3950633105e-14 4.0812809020e+07 2.0991223749e+07 4.0181838193e-18 9.7277236145e-19 -4.0053944107e+03 -4.7791586927e+02 -4.6638873394e+09 -1.0049258722e+07 1.7471116538e+06 5.8029364173e+02 0.0000000000e+00 -0.0000000000e+00
1.5039246059e+05 1.3933598523e-13 1.4536813879e-14 3.8459323506e+07 2.0698655067e+07 4.1634908449e-18 1.0492335000e-18 -4.1074854174e+03 -5.3163656567e+02 -4.6638871231e+09 -1.0049258722e+07 1.7471116538e+06 5.4587139935e+02 0.0000000000e+00 -0.0000000000e+00
1.5093833199e+05 1.4164890414e-13 1.5131523559e-14 3.6188928842e+07 2.0393018840e+07 4.3129676231e-18 1.1315635175e-18 -4.2125060432e+03 -5.8948066738e+02 -4.6638868841e+09 -1.0049258722e+07 1.7471116538e+06 5.1280938249e+02 0.0000000000e+00 -0.0000000000e+00
1.5145114138e+05 1.4389942874e-13 1.5734003419e-14 3.4001459771e+07 2.0075127725e+07 4.4665667692e-18 1.2201732053e-18 -4.3204229963e+03 -6.5173679156e+02 -4.6638866213e+09 -1.0049258722e+07 1.7471116538e+06 4.8118336992e+02 0.0000000000e+00 -0.0000000000e+00
1.5193232475e+05 1.4608603152e-13 1.6343542251e-14 3.1896291775e+07 1.9745776569e+07 4.6242311426e-18 1.3155049568e-18 -4.4311961301e+03 -7.1871575859e+02 -4.6638863331e+09 -1.0049258722e+07 1.7471116538e+06 4.5103899593e+02 0.0000000000e+00 -0.0000000000e+00
1.5238336374e+05 1.4820765280e-13 1.6959477761e-14 2.9872417675e+07 1.9405735230e+07 4.7858908095e-18 1.4180352742e-18 -4.5447763102e+03 -7.9075235334e+02 -4.6638860181e+09 -1.0049258722e+07 1.7471116538e+06 4.2239750542e+02 0.0000000000e+00 -0.0000000000e+00
1.5280576125e+05 1.5026364841e-13 1.7581198225e-14 2.7928513255e+07 1.9055742406e+07 4.9514597680e-18 1.5282775781e-18 -4.6611031125e+03 -8.6820729912e+02 -4.6638856748e+09 -1.0049258722e+07 1.7471116538e+06 3.9526054264e+02 0.0000000000e+00 -0.0000000000e+00
1.5320102179e+05 1.5225374245e-13 1.8208144366e-14 2.6062993600e+07 1.8696500281e+07 5.1208323471e-18 1.6467853565e-18 -4.7801022940e+03 -9.5146947002e+02 -4.6638853016e+09 -1.0049258722e+07 1.7471116538e+06 3.6961414457e+02 0.0000000000e+00 -0.0000000000e+00
1.5357063593e+05 1.5417798466e-13 1.8839811460e-14 2.4274061524e+07 1.8328669846e+07 5.2938791857e-18 1.7741556988e-18 -4.9016829670e+03 -1.0409583740e+03 -4.6638848970e+09 -1.0049258722e+07 1.7471116538e+06 3.4543207731e+02 0.0000000000e+00 -0.0000000000e+00
1.5391606801e+05 1.5603671181e-13 1.9475751685e-14 2.2559749189e+07 1.7952866714e+07 5.4704426848e-18 1.9110332728e-18 -5.0257344042e+03 -1.1371269472e+03 -4.6638844595e+09 -1.0049258722e+07 1.7471116538e+06 3.2267862424e+02 0.0000000000e+00 -0.0000000000e+00
1.5423874664e+05 1.5783051277e-13 2.0115576795e-14 2.0917953853e+07 1.7569657305e+07 5.6503318082e-18 2.0581148161e-18 -5.1521223860e+03 -1.2404647092e+03 -4.6638839874e+09 -1.0049258722e+07 1.7471116538e+06 3.0131091759e+02 0.0000000000e+00 -0.0000000000e+00
1.5454005755e+05 1.5956019703e-13 2.0758961185e-14 1.9346468471e+07 1.7179555216e+07 5.8333160824e-18 2.2161542292e-18 -5.2806849843e+03 -1.3515013415e+03 -4.6638834792e+09 -1.0049258722e+07 1.7471116538e+06 2.8128088829e+02 0.0000000000e+00 -0.0000000000e+00
1.5482133844e+05 1.6122676623e-13 2.1405645469e-14 1.7843007803e+07 1.6783017637e+07 6.0191186130e-18 2.3859683835e-18 -5.4112276564e+03 -1.4708107685e+03 -4.6638829333e+09 -1.0049258722e+07 1.7471116538e+06 2.6253689423e+02 0.0000000000e+00 -0.0000000000e+00
1.5508387534e+05 1.6283138872e-13 2.2055440738e-14 1.6405230549e+07 1.6380441627e+07 6.2074078902e-18 2.5684437808e-18 -5.5435174874e+03 -1.5990158359e+03 -4.6638823483e+09 -1.0049258722e+07 1.7471116538e+06 2.4502508357e+02 0.0000000000e+00 -0.0000000000e+00
1.5532890042e+05 1.6437537678e-13 2.2708233686e-14 1.5030757939e+07 1.5972160062e+07 6.3977880973e-18 2.7645442434e-18 -5.6772763811e+03 -1.7367937139e+03 -4.6638817228e+09 -1.0049258722e+07 1.7471116538e+06 2.2869053704e+02 0.0000000000e+00 -0.0000000000e+00
1.5555759096e+05 1.6586016652e-13 2.3363992873e-14 1.3717189150e+07 1.5558437008e+07 6.5897875559e-18 2.9753198600e-18 -5.8121729419e+03 -1.8848821823e+03 -4.6638810558e+09 -1.0049258722e+07 1.7471116538e+06 2.1347823041e+02 0.0000000000e+00 -0.0000000000e+00
1.5577106919e+05 1.6728730021e-13 2.4022776475e-14 1.2462113818e+07 1.5139462258e+07 6.7828448313e-18 3.2019174807e-18 -5.9478127124e+03 -2.0440870048e+03 -4.6638803462e+09 -1.0049258722e+07 1.7471116538e+06 1.9933385391e+02 0.0000000000e+00 -0.0000000000e+00
1.5597040304e+05 1.6865841108e-13 2.4684741972e-14 1.1263121861e+07 1.4715344676e+07 6.9762918733e-18 3.4455931458e-18 -6.0837263282e+03 -2.2152906603e+03 -4.6638795934e+09 -1.0049258722e+07 1.7471116538e+06 1.8620452344e+02 0.0000000000e+00 -0.0000000000e+00
1.5615660756e+05 1.6997521063e-13 2.5350158395e-14 1.0117810764e+07 1.4286103878e+07 7.1693333566e-18 3.7077269564e-18 -6.2193550033e+03 -2.3994627917e+03 -4.6638787974e+09 -1.0049258722e+07 1.7471116538e+06 1.7403941764e+02 0.0000000000e+00 -0.0000000000e+00
1.5633064698e+05 1.7123947826e-13 2.6019421968e-14 9.0237903628e+06 1.3851659671e+07 7.3610210885e-18 3.9898410717e-18 -6.3540325485e+03 -2.5976728502e+03 -4.6638779587e+09 -1.0049258722e+07 1.7471116538e+06 1.6279037704e+02 0.0000000000e+00 -0.0000000000e+00
1.5649343736e+05 1.7245305364e-13 2.6693076307e-14 7.9786850953e+06 1.3411818406e+07 7.5502219206e-18 4.2936217644e-18 -6.4869628273e+03 -2.8111055910e+03 -4.6638770785e+09 -1.0049258722e+07 1.7471116538e+06 1.5241250730e+02 0.0000000000e+00 -0.0000000000e+00
1.5664584987e+05 1.7361783182e-13 2.7371838808e-14 6.9801335587e+06 1.2966255113e+07 7.7355769711e-18 4.6209468226e-18 -6.6171911051e+03 -3.0410803260e+03 -4.6638761594e+09 -1.0049258722e+07 1.7471116538e+06 1.4286483673e+02 0.0000000000e+00 -0.0000000000e+00
1.5678871470e+05 1.7473576161e-13 2.8056635551e-14 6.0257850439e+06 1.2514489780e+07 7.9154490077e-18 4.9739201070e-18 -6.7435670819e+03 -3.2890752030e+03 -4.6638752052e+09 -1.0049258722e+07 1.7471116538e+06 1.3411109750e+02 0.0000000000e+00 -0.0000000000e+00
1.5692282580e+05 1.7580884759e-13 2.8748648146e-14 5.1132925048e+06 1.2055855409e+07 8.0878533839e-18 5.3549158432e-18 -6.8646963684e+03 -3.5567583249e+03 -4.6638742222e+09 -1.0049258722e+07 1.7471116538e+06 1.2612072475e+02 0.0000000000e+00 -0.0000000000e+00
1.5704894653e+05 1.7683915686e-13 2.9449377566e-14 4.2403011195e+06 1.1589454338e+07 8.2503655995e-18 5.7666363783e-18 -6.9788755391e+03 -3.8460283291e+03 -4.6638732189e+09 -1.0049258722e+07 1.7471116538e+06 1.1887021449e+02 0.0000000000e+00 -0.0000000000e+00
1.5716781674e+05 1.7782883149e-13 3.0160732672e-14 3.4044311886e+06 1.1114097496e+07 8.3999948066e-18 6.2121888719e-18 -7.0840032597e+03 -4.1590682693e+03 -4.6638722082e+09 -1.0049258722e+07 1.7471116538e+06 1.1234504990e+02 5.0840179197e-311 -3.5499038949e-303
1.5728016179e+05 1.7878010830e-13 3.0885155288e-14 2.6032535902e+06 1.0628218376e+07 8.5330062993e-18 6.6951889869e-18 -7.1774555696e+03 -4.4984184678e+03 -4.6638712077e+09 -1.0049258722e+07 1.7471116538e+06 1.0654250853e+02 4.1596419141e-270 -2.9949582924e-262
1.5738670430e+05 1.7969534785e-13 3.1625800441e-14 1.8342554938e+06 1.0129748824e+07 8.6446651984e-18 7.2199034075e-18 -7.2559057985e+03 -4.8670766465e+03 -4.6638702423e+09 -1.0049258722e+07 1.7471116538e+06 9.6511261700e+01 3.3187463101e-231 -2.4646735201e-223
1.5746703325e+05 1.8039264412e-13 3.2223369628e-14 1.2493731698e+06 9.7264147607e+06 8.7136525048e-18 7.6659634717e-18 -7.3043754684e+03 -5.1804731999e+03 -4.6638699628e+09 -1.0049258722e+07 1.7471116538e+06 8.2440430552e+01 6.7856002471e-202 -5.1650028142e-194
1.5753457020e+05 1.8098268568e-13 3.2754858210e-14 7.5497028994e+05 9.3668788532e+06 8.7568474085e-18 8.0794439886e-18 -7.3347236995e+03 -5.4709797466e+03 -4.6638698335e+09 -1.0049258722e+07 1.7471116538e+06 7.0063121082e+01 2.4825284982e-177 -1.9308706108e-169
1.5758731568e+05 1.8144518369e-13 3.3190134409e-14 3.6766545339e+05 9.0719003570e+06 8.7780390971e-18 8.4294898952e-18 -7.3496127306e+03 -5.7169178824e+03 -4.6638697940e+09 -1.0049258722e+07 1.7471116538e+06 5.7777315002e+01 3.0519413064e-158 -2.4154861123e-150
1.5762548820e+05 1.8178041815e-13 3.3517006557e-14 8.7003608887e+04 8.8500899076e+06 8.7848206712e-18 8.6988837989e-18 -7.3543773848e+03 -5.9061908698e+03 -4.6638697860e+09 -1.0049258722e+07 1.7471116538e+06 4.1794138119e+01 1.6814561462e-144 -1.3481125814e-136
1.5766728234e+05 1.8214755971e-13 3.3887015194e-14 -2.2035751268e+05 8.5987166658e+06 8.7823618066e-18 9.0103095082e-18 -7.3526498155e+03 -6.1249949093e+03 -4.6638697738e+09 -1.0049258722e+07 1.7471116538e+06 4.8874687817e+01 1.5030850848e-129 -1.2226319740e-121
1.5771615702e+05 1.8257641794e-13 3.4336751627e-14 -5.7945112802e+05 8.2927829665e+06 8.7638768517e-18 9.3976141740e-18 -7.3396625036e+03 -6.3971106110e+03 -4.6638697498e+09 -1.0049258722e+07 1.7471116538e+06 5.7476822175e+01 3.1937474651e-112 -2.6430730528e-104
1.5777363385e+05 1.8307890902e-13 3.4890777573e-14 -1.0004483258e+06 7.9153447877e+06 8.7159013338e-18 9.8868792585e-18 -7.3059554692e+03 -6.7408625033e+03 -4.6638697065e+09 -1.0049258722e+07 1.7471116538e+06 6.2024797114e+01 4.0129208891e-92 -3.3907332576e-84
1.5783565864e+05 1.8361691420e-13 3.5521485704e-14 -1.4517742260e+06 7.4849654096e+06 8.6245157844e-18 1.0458045724e-17 -7.2417490572e+03 -7.1421573427e+03 -4.6638696609e+09 -1.0049258722e+07 1.7471116538e+06 6.4817153288e+01 7.1646829531e-71 -6.1942419188e-63
1.5790047580e+05 1.8417138192e-13 3.6220021106e-14 -1.9179678232e+06 7.0075053373e+06 8.4735866654e-18 1.1104482925e-17 -7.1357080339e+03 -7.5963365147e+03 -4.6638696055e+09 -1.0049258722e+07 1.7471116538e+06 6.7199868770e+01 2.6883111320e-49 -2.3815443209e-41
1.5796767567e+05 1.8473349073e-13 3.6990249682e-14 -2.3923469606e+06 6.4801642329e+06 8.2415434297e-18 1.1827858733e-17 -6.9726771864e+03 -8.1045718467e+03 -4.6638694368e+09 -1.0049258722e+07 1.7471116538e+06 7.0589797329e+01 8.0583125863e-28 -7.3230254429e-20
1.5803826546e+05 1.8530368024e-13 3.7853591973e-14 -2.8764112998e+06 5.8880993032e+06 7.8936981225e-18 1.2641417666e-17 -6.7282851601e+03 -8.6761687745e+03 -4.6638696018e+09 -1.0049258673e+07 1.7471117171e+06 7.8735545333e+01 1.5918346778e-06 -1.4855688873e+02
1.5804613902e+05 1.8536564981e-13 3.7953493489e-14 -2.9292590244e+06 5.8195280247e+06 7.8472188755e-18 1.2735142943e-17 -6.6956291080e+03 -8.7420186870e+03 -4.6639126073e+09 -1.0049256294e+07 1.7471148168e+06 1.3926813712e+01 3.0316542245e-04 -2.8375742722e+04
1.5804911903e+05 1.8538900780e-13 3.7991497391e-14 -2.9491932384e+06 5.7934394526e+06 7.8291924254e-18 1.2770754236e-17 -6.6829622128e+03 -8.7670365050e+03 -4.6641786228e+09 -1.0049241644e+07 1.7471340037e+06 7.1376305790e+00 2.1829745705e-03 -2.0454868321e+05
1.5805266577e+05 1.8541673739e-13 3.8036867212e-14 -2.9728688804e+06 5.7622921931e+06 7.8074223761e-18 1.2813233806e-17 -6.6676480296e+03 -8.7968573893e+03 -4.6670945650e+09 -1.0049081822e+07 1.7473444790e+06 4.6371259671e+00 2.2671021818e-02 -2.1271050587e+06
1.5805536292e+05 1.8543777259e-13 3.8071470070e-14 -2.9908365560e+06 5.7385352150e+06 7.7906357355e-18 1.2845606177e-17 -6.6557522067e+03 -8.8194672500e+03 -4.6829334091e+09 -1.0048217145e+07 1.7484884618e+06 3.0984608043e+00 1.3349507669e-01 -1.2537474531e+07
1.5805748418e+05 1.8545428445e-13 3.8098746033e-14 -3.0049449312e+06 5.7198082015e+06 7.7772918020e-18 1.2871107255e-17 -6.6460072512e+03 -8.8368931362e+03 -4.7406713596e+09 -1.0045074993e+07 1.7526608682e+06 2.2701418516e+00 5.3603974878e-01 -5.0380013675e+07
1.5805919170e+05 1.8546755509e-13 3.8120741229e-14 -3.0162859150e+06 5.7047076580e+06 7.7664595091e-18 1.2891660103e-17 -6.6373855221e+03 -8.8499867193e+03 -4.8989842481e+09 -1.0036480750e+07 1.7641070219e+06 1.7741254639e+00 1.6363412095e+00 -1.5386610623e+08
1.5806061013e+05 1.8547856486e-13 3.8139039292e-14 -3.0256947085e+06 5.6921478761e+06 7.7573991110e-18 1.2908750507e-17 -6.6287305511e+03 -8.8589377933e+03 -5.2581052045e+09 -1.0017022194e+07 1.7900867871e+06 1.4525429592e+00 4.1249543976e+00 -3.8794107806e+08
1.5806182149e+05 1.8548795712e-13 3.8154685227e-14 -3.0337187520e+06 5.6814135434e+06 7.7496167097e-18 1.2923358110e-17 -6.6187121946e+03 -8.8631125675e+03 -5.9728956496e+09 -9.9783426633e+06 1.8418378121e+06 1.2306111666e+00 9.0628069742e+00 -8.5212860499e+08
1.5806288095e+05 1.8549616391e-13 3.8168383783e-14 -3.0407245947e+06 5.6720238636e+06 7.7427763006e-18 1.2936143161e-17 -6.6056557531e+03 -8.8610363181e+03 -7.2696682153e+09 -9.9082138343e+06 1.9358382549e+06 1.0709954244e+00 1.7987405345e+01 -1.6898139785e+09
1.5806382793e+05 1.8550349328e-13 3.8180639495e-14 -3.0469720240e+06 5.6636368260e+06 7.7366353162e-18 1.2947578033e-17 -6.5873254947e+03 -8.8502531001e+03 -9.4719971594e+09 -9.7890805963e+06 2.0957846615e+06 9.5402234278e-01 3.3068452425e+01 -3.1010836250e+09
1.5806478195e+05 1.8551087124e-13 3.8192997271e-14 -3.0532432787e+06 5.6552045734e+06 7.7304230981e-18 1.2959104673e-17 -6.5570448331e+03 -8.8235024169e+03 -1.3537473338e+10 -9.5687943395e+06 2.3920025635e+06 8.6550222883e-01 6.0695014666e+01 -5.6714425108e+09
1.5806564745e+05 1.8551755949e-13 3.8204217933e-14 -3.0589003067e+06 5.6475866979e+06 7.7247651079e-18 1.2969567605e-17 -6.5114628214e+03 -8.7748212976e+03 -2.0039269735e+10 -9.2151367574e+06 2.8682767077e+06 8.0924866455e-01 1.0435251038e+02 -9.6920997211e+09
1.5806645670e+05 1.8552380860e-13 3.8214717498e-14 -3.0641439949e+06 5.6405155256e+06 7.7194558508e-18 1.2979355426e-17 -6.4426055342e+03 -8.6938685253e+03 -3.0145590893e+10 -8.6615566999e+06 3.6148281397e+06 8.0465235293e-01 1.7098526502e+02 -1.5726731475e+10
1.5806726135e+05 1.8553001795e-13 3.8225165284e-14 -3.0692876834e+06 5.6335697137e+06 7.7141586833e-18 1.2989092301e-17 -6.3340827816e+03 -8.5591829523e+03 -4.6214080203e+10 -7.7707479869e+06 4.8178041271e+06 1.0724965986e+00 2.7388633337e+02 -2.4788938531e+10
1.5806791005e+05 1.8553502070e-13 3.8233593791e-14 -3.0733567645e+06 5.6280681180e+06 7.7098752677e-18 1.2996945283e-17 -6.2037926437e+03 -8.3926046025e+03 -6.5395153864e+10 -6.6888623727e+06 6.2806181078e+06 7.0313577693e-01 3.9177351596e+02 -3.4754697142e+10
1.5806848306e+05 1.8553943748e-13 3.8241043223e-14 -3.0768685273e+06 5.6233149319e+06 7.7060821473e-18 1.3003884486e-17 -6.0457879367e+03 -8.1872213490e+03 -8.8298098640e+10 -5.3684748789e+06 8.0678166858e+06 5.8285339283e-01 5.2527211675e+02 -4.5440774380e+10
1.5806906592e+05 1.8554392787e-13 3.8248624638e-14 -3.0803333044e+06 5.6186204337e+06 7.7022150496e-18 1.3010945064e-17 -5.8338943478e+03 -7.9087566241e+03 -1.1824784235e+11 -3.5904736798e+06 1.0476932620e+07 5.3283594606e-01 6.8735459187e+02 -5.7418197901e+10
1.5806959875e+05 1.8554803095e-13 3.8255559058e-14 -3.0833787143e+06 5.6144898263e+06 7.6986722464e-18 1.3017401636e-17 -5.5884567188e+03 -7.5837653336e+03 -1.5173906853e+11 -1.5254114544e+06 1.3277917236e+07 5.4355965816e-01 8.5074536784e+02 -6.8122231106e+10
1.5807014231e+05 1.8555221465e-13 3.8262636582e-14 -3.0863362115e+06 5.6104742251e+06 7.6950510122e-18 1.3023989932e-17 -5.2845627657e+03 -7.1792218384e+03 -1.9133725992e+11 1.0360611360e+06 1.6755882246e+07 7.4160258290e-01 1.0174689916e+03 -7.7096699227e+10
1.5807055979e+05 1.8555542657e-13 3.8268074840e-14 -3.0884873698e+06 5.6075505433e+06 7.6922651026e-18 1.3029051167e-17 -5.0162408966e+03 -6.8207522343e+03 -2.2453881720e+11 3.3001595714e+06 1.9833099579e+07 4.4405202836e-01 1.1329215613e+03 -8.1533094112e+10
1.5807094142e+05 1.8555836171e-13 3.8273048055e-14 -3.0903512024e+06 5.6050151613e+06 7.6897150180e-18 1.3033678712e-17 -4.7481499632e+03 -6.4617518005e+03 -2.5603925848e+11 5.5637034000e+06 2.2912238964e+07 3.8504954476e-01 1.2196494148e+03 -8.3129774424e+10
1.5807132647e+05 1.8556132214e-13 3.8278067566e-14 -3.0921245839e+06 5.6026006853e+06 7.6871390405e-18 1.3038348429e-17 -4.4606843866e+03 -6.0761063383e+03 -2.8794343972e+11 7.9917770640e+06 2.6218112945e+07 3.5447795639e-01 1.2822157315e+03 -8.2152032020e+10
1.5807168095e+05 1.8556404664e-13 3.8282690135e-14 -3.0936573653e+06 5.6005118937e+06 7.6847650155e-18 1.3042648023e-17 -4.1863356166e+03 -5.7075300821e+03 -3.1657417841e+11 1.0309563932e+07 2.9376688294e+07 3.3925265988e-01 1.3139985959e+03 -7.9056639252e+10
1.5807202020e+05 1.8556665333e-13 3.8287115587e-14 -3.0950324694e+06 5.5986362745e+06 7.6824907905e-18 1.3046763478e-17 -3.9201499454e+03 -5.3495262439e+03 -3.4264927898e+11 1.2558560464e+07 3.2444298416e+07 3.3455086770e-01 1.3202118451e+03 -7.4424321078e+10
1.5807235475e+05 1.8556922314e-13 3.8291481072e-14 -3.0963001526e+06 5.5969055470e+06 7.6802461392e-18 1.3050822375e-17 -3.6588247035e+03 -4.9977504340e+03 -3.6661100450e+11 1.4766419964e+07 3.5458632535e+07 3.3855326328e-01 1.3041663496e+03 -6.8662044394e+10
1.5807269331e+05 1.8557182293e-13 3.8295900165e-14 -3.0974948038e+06 5.5952728827e+06 7.6779727973e-18 1.3054930284e-17 -3.3997984098e+03 -4.6488210454e+03 -3.8875735510e+11 1.6954567062e+07 3.8449064768e+07 3.5288765078e-01 1.2681030008e+03 -6.2079367105e+10
1.5807304620e+05 1.8557453197e-13 3.8300507845e-14 -3.0986482830e+06 5.5936947281e+06 7.6756013732e-18 1.3059212572e-17 -3.1395144340e+03 -4.2979955755e+03 -4.0939904310e+11 1.9152818711e+07 4.1456655089e+07 3.8588332261e-01 1.2132519340e+03 -5.4889334961e+10
1.5807343208e+05 1.8557749335e-13 3.8305548081e-14 -3.0998071979e+06 5.5921070895e+06 7.6730062435e-18 1.3063895749e-17 -2.8699159502e+03 -3.9344501411e+03 -4.2907282235e+11 2.1428907709e+07 4.4574759214e+07 4.9549771487e-01 1.1386235663e+03 -4.7132741702e+10
1.5807386409e+05 1.8558080756e-13 3.8311192984e-14 -3.1009856969e+06 5.5904900972e+06 7.6700986479e-18 1.3069139318e-17 -2.5899972079e+03 -3.5568660280e+03 -4.4765963212e+11 2.3790852858e+07 4.7815538769e+07 4.3931781058e-01 1.0441979540e+03 -3.9052379633e+10
1.5807423376e+05 1.8558364251e-13 3.8316025089e-14 -3.1019019633e+06 5.5892307833e+06 7.6676089273e-18 1.3073626627e-17 -2.3703136415e+03 -3.2604903094e+03 -4.6093240929e+11 2.5643294561e+07 5.0361530587e+07 3.7274773083e-01 9.5966906108e+02 -3.2881846321e+10
1.5807460651e+05 1.8558650013e-13 3.8320899097e-14 -3.1027471365e+06 5.5880671886e+06 7.6650970246e-18 1.3078151651e-17 -2.1676505559e+03 -2.9870824682e+03 -4.7215096009e+11 2.7350929706e+07 5.2712520679e+07 3.5023243495e-01 8.7486337848e+02 -2.7445400192e+10
1.5807495674e+05 1.8558918428e-13 3.8325480234e-14 -3.1034754595e+06 5.5870626408e+06 7.6627356261e-18 1.3082403651e-17 -1.9941034818e+03 -2.7529917690e+03 -4.8097478922e+11 2.8811977564e+07 5.4727684567e+07 3.4028537918e-01 7.9795940735e+02 -2.3056450497e+10
1.5807529703e+05 1.8559179141e-13 3.8329932688e-14 -3.1041274717e+06 5.5861616448e+06 7.6604402489e-18 1.3086535149e-17 -1.8404293586e+03 -2.5457658923e+03 -4.8818491261e+11 3.0104499619e+07 5.6513777828e+07 3.3643729642e-01 7.2725414405e+02 -1.9418782333e+10
1.5807563347e+05 1.8559436828e-13 3.8334336174e-14 -3.1047230232e+06 5.5853370184e+06 7.6581698925e-18 1.3090620161e-17 -1.7020846192e+03 -2.3592871006e+03 -4.9419100710e+11 3.1266871335e+07 5.8123243248e+07 3.3614293893e-01 6.6203681376e+02 -1.6370865613e+10
1.5807596961e+05 1.8559694214e-13 3.8338737179e-14 -3.1052737023e+06 5.5845728809e+06 7.6559006613e-18 1.3094701815e-17 -1.5763735309e+03 -2.1899276417e+03 -4.9925023019e+11 3.2321863736e+07 5.9587174287e+07 3.3830008231e-01 6.0191241825e+02 -1.3805110542e+10
1.5807630791e+05 1.8559953175e-13 3.8343167813e-14 -3.1057872368e+06 5.5838586249e+06 7.6536160611e-18 1.3098809866e-17 -1.4614483512e+03 -2.0352019949e+03 -5.0354346382e+11 3.3285084131e+07 6.0926875564e+07 3.4231394694e-01 5.4657384571e+02 -1.1640569367e+10
1.5807665022e+05 1.8560215129e-13 3.8347652429e-14 -3.1062691580e+06 5.5831866395e+06 7.6513035894e-18 1.3102966852e-17 -1.3559393585e+03 -1.8932683467e+03 -5.0720583366e+11 3.4168100489e+07 6.2158137094e+07 3.4783843057e-01 4.9574275072e+02 -9.8128817343e+09
1.5807699806e+05 1.8560481230e-13 3.8352210880e-14 -3.1067236283e+06 5.5825511773e+06 7.6489530645e-18 1.3107191113e-17 -1.2587738177e+03 -1.7626847311e+03 -5.1034231783e+11 3.4979970251e+07 6.3293325114e+07 3.5465808601e-01 4.4914923098e+02 -8.2692979356e+09
1.5807735272e+05 1.8560752464e-13 3.8356860215e-14 -3.1071538923e+06 5.5819477383e+06 7.6465557475e-18 1.3111498376e-17 -1.1690789485e+03 -1.6422783689e+03 -5.1303663273e+11 3.5728059862e+07 6.4342502166e+07 3.6263315110e-01 4.0652665842e+02 -6.9658704322e+09
1.5807771535e+05 1.8561029709e-13 3.8361615677e-14 -3.1075625454e+06 5.5813727014e+06 7.6441038343e-18 1.3115902672e-17 -1.0861247180e+03 -1.5310686590e+03 -5.1535677934e+11 3.6418527995e+07 6.5314087159e+07 3.7167079874e-01 3.6761173281e+02 -5.8656516263e+09
1.5807808702e+05 1.8561313771e-13 3.8366491314e-14 -3.1079517054e+06 5.5808230901e+06 7.6415901405e-18 1.3120416909e-17 -1.0092876977e+03 -1.4282185368e+03 -5.1735874234e+11 3.7056630889e+07 6.6215272220e+07 3.8170886734e-01 3.3214622324e+02 -4.9374231136e+09
1.5807846873e+05 1.8561605408e-13 3.8371500378e-14 -3.1083231271e+06 5.5802964146e+06 7.6390078956e-18 1.3125053240e-17 -9.3802695274e+02 -1.3330020334e+03 -5.1908908412e+11 3.7646926054e+07 6.7052300669e+07 3.9270600253e-01 2.9987902823e+02 -4.1547371334e+09
1.5807886144e+05 1.8561905344e-13 3.8376655602e-14 -3.1086782823e+06 5.5797905627e+06 7.6363506029e-18 1.3129823318e-17 -8.7186724540e+02 -1.2447816768e+03 -5.2058683577e+11 3.8193414215e+07 6.7830660605e+07 4.0463528247e-01 2.7056803493e+02 -3.4951594038e+09
1.5807926607e+05 1.8562214283e-13 3.8381969386e-14 -3.1090184173e+06 5.5793037200e+06 7.6336119432e-18 1.3134738471e-17 -8.1038691481e+02 -1.1629921842e+03 -5.2188491804e+11 3.8699641749e+07 6.8555224582e+07 4.1747998808e-01 2.4398160512e+02 -2.9396525327e+09
1.5807968355e+05 1.8562532912e-13 3.8387453935e-14 -3.1093445953e+06 5.5788343119e+06 7.6307857059e-18 1.3139809823e-17 -7.5320884860e+02 -1.0871283104e+03 -5.2301123577e+11 3.9168777023e+07 6.9230353626e+07 4.3123057625e-01 2.1989965035e+02 -2.4720637425e+09
1.5808011478e+05 1.8562861911e-13 3.8393121353e-14 -3.1096577283e+06 5.5783809589e+06 7.6278657412e-18 1.3145048387e-17 -6.9999358610e+02 -1.0167355594e+03 -5.2398953757e+11 3.9603668725e+07 6.9859976712e+07 4.4588239140e-01 1.9811433008e+02 -2.0786940182e+09
1.5808056067e+05 1.8563201957e-13 3.8398983706e-14 -3.1099586014e+06 5.5779424429e+06 7.6248459273e-18 1.3150465118e-17 -6.5043393316e+02 -9.5140292414e+02 -5.2484010181e+11 4.0006891446e+07 7.0447652827e+07 4.6143397462e-01 1.7843042617e+02 -1.7479329913e+09
1.5808102210e+05 1.8563553721e-13 3.8405053071e-14 -3.1102478921e+06 5.5775176796e+06 7.6217201486e-18 1.3156070955e-17 -6.0425066175e+02 -8.9075707993e+02 -5.2558029153e+11 4.0380782103e+07 7.0996620562e+07 4.7788559306e-01 1.6066544467e+02 -1.4699480626e+09
1.5808149999e+05 1.8563917875e-13 3.8411341555e-14 -3.1105261853e+06 5.5771056980e+06 7.6184822850e-18 1.3161876842e-17 -5.6118902571e+02 -8.3445766848e+02 -5.2622500803e+11 4.0727469488e+07 7.1509838319e+07 4.9523802848e-01 1.4464950459e+02 -1.2364191654e+09
1.5808199522e+05 1.8564295088e-13 3.8417861307e-14 -3.1107939856e+06 5.5767056224e+06 7.6151262081e-18 1.3167893735e-17 -5.2101588911e+02 -7.8219339894e+02 -5.2678706502e+11 4.1048898657e+07 7.1990017493e+07 5.1349150640e-01 1.3022505874e+02 -1.0403121883e+09
1.5808250871e+05 1.8564686029e-13 3.8424624510e-14 -3.1110517267e+06 5.5763166590e+06 7.6116457850e-18 1.3174132591e-17 -4.8351732729e+02 -7.3367877665e+02 -5.2727749970e+11 4.1346851346e+07 7.2439650232e+07 5.3264466943e-01 1.1724648831e+02 -8.7568539756e+08
1.5808304136e+05 1.8565091363e-13 3.8431643365e-14 -3.1112997797e+06 5.5759380835e+06 7.6080348897e-18 1.3180604355e-17 -4.4849660257e+02 -6.8865132693e+02 -5.2770583286e+11 4.1622963239e+07 7.2861032928e+07 5.5269366856e-01 1.0557960724e+02 -7.3752412914e+08
1.5808359405e+05 1.8565511751e-13 3.8438930057e-14 -3.1115384600e+06 5.5755692322e+06 7.6042874199e-18 1.3187319924e-17 -4.1577243475e+02 -6.4686920590e+02 -5.2808028757e+11 4.1878738776e+07 7.3256286338e+07 5.7363131012e-01 9.5101103166e+01 -6.2159970865e+08
1.5808416768e+05 1.8565947845e-13 3.8446496716e-14 -3.1117680325e+06 5.5752094932e+06 7.6003973196e-18 1.3194290112e-17 -3.8517751082e+02 -6.0810912308e+02 -5.2840797404e+11 4.2115563951e+07 7.3627373001e+07 5.9544624310e-01 8.5697938718e+01 -5.2434916626e+08
1.5808476313e+05 1.8566400288e-13 3.8454355361e-14 -3.1119887167e+06 5.5748583000e+06 7.5963586078e-18 1.3201525593e-17 -3.5655719255e+02 -5.7216451911e+02 -5.2869504626e+11 4.2334717469e+07 7.3976112429e+07 6.1812227754e-01 7.7266732030e+01 -4.4277279699e+08
1.5808538125e+05 1.8566869706e-13 3.8462517839e-14 -3.1122006908e+06 5.5745151250e+06 7.5921654112e-18 1.3209036849e-17 -3.2976838583e+02 -5.3884395033e+02 -5.2894683531e+11 4.2537380556e+07 7.4304194484e+07 6.4163776009e-01 6.9713130293e+01 -3.7434701015e+08
1.5808602289e+05 1.8567356708e-13 3.8470995758e-14 -3.1124040959e+06 5.5741794753e+06 7.5878120017e-18 1.3216834099e-17 -3.0467854913e+02 -5.0796964878e+02 -5.2916796311e+11 4.2724645606e+07 7.4613191223e+07 6.6596510938e-01 6.2951188534e+01 -3.1695028018e+08
1.5808668886e+05 1.8567861880e-13 3.8479800403e-14 -3.1125990388e+06 5.5738508875e+06 7.5832928363e-18 1.3224927228e-17 -2.8116481937e+02 -4.7937622906e+02 -5.2936243970e+11 4.2897523854e+07 7.4904567460e+07 6.9107060287e-01 5.6902761783e+01 -2.6880029891e+08
1.5808737993e+05 1.8568385777e-13 3.8488942663e-14 -3.1127855961e+06 5.5735289243e+06 7.5786025997e-18 1.3233325715e-17 -2.5911323721e+02 -4.5290951814e+02 -5.2953374659e+11 4.3056952209e+07 7.5179690268e+07 7.1691426651e-01 5.1496916465e+01 -2.2840069214e+08
1.5808809684e+05 1.8568928923e-13 3.8498432946e-14 -3.1129638165e+06 5.5732131713e+06 7.5737362462e-18 1.3242038554e-17 -2.3841806371e+02 -4.2842549794e+02 -5.2968490836e+11 4.3203799321e+07 7.5439837514e+07 7.4345027506e-01 4.6669366801e+01 -1.9449590437e+08
1.5808884029e+05 1.8569491805e-13 3.8508281102e-14 -3.1131337247e+06 5.5729032338e+06 7.5686890399e-18 1.3251074184e-17 -2.1898117086e+02 -4.0578933931e+02 -5.2981855429e+11 4.3338870994e+07 7.5686205644e+07 7.7062747574e-01 4.2361937419e+01 -1.6603302859e+08
1.5808961092e+05 1.8570074867e-13 3.8518496353e-14 -3.1132953240e+06 5.5725987347e+06 7.5634565913e-18 1.3260440424e-17 -2.0071150490e+02 -3.8487452705e+02 -5.2993697133e+11 4.3462914972e+07 7.5919916734e+07 7.9839046845e-01 3.8522055876e+01 -1.4212955701e+08
1.5809040931e+05 1.8570678510e-13 3.8529087236e-14 -3.1134485997e+06 5.5722993119e+06 7.5580348861e-18 1.3270144423e-17 -1.8352461024e+02 -3.6556206296e+02 -5.3004214989e+11 4.3576625153e+07 7.6142024961e+07 8.2668112330e-01 3.5102274686e+01 -1.2204615356e+08
1.5809123599e+05 1.8571303086e-13 3.8540061567e-14 -3.1135935221e+06 5.5720046167e+06 7.5524203037e-18 1.3280192625e-17 -1.6734220885e+02 -3.4773974340e+02 -5.3013582330e+11 4.3680645278e+07 7.6353522539e+07 8.5544054288e-01 3.2059823290e+01 -1.0516368945e+08
1.5809209143e+05 1.8571948903e-13 3.8551426430e-14 -3.1137300497e+06 5.5717143117e+06 7.5466096232e-18 1.3290590761e-17 -1.5209183066e+02 -3.3130150930e+02 -5.3021950200e+11 4.3775572109e+07 7.6555345193e+07 8.8461157588e-01 2.9356189730e+01 -9.0963892301e+07
1.5809297604e+05 1.8572616219e-13 3.8563188197e-14 -3.1138581326e+06 5.5714280696e+06 7.5406000115e-18 1.3301343868e-17 -1.3770648870e+02 -3.1614686532e+02 -5.3029450302e+11 4.3861958114e+07 7.6748377223e+07 9.1414193456e-01 2.6956730947e+01 -7.9013052627e+07
1.5809389018e+05 1.8573305253e-13 3.8575352592e-14 -3.1139777153e+06 5.5711455718e+06 7.5343889900e-18 1.3312456352e-17 -1.2412439300e+02 -3.0218036591e+02 -5.3036197560e+11 4.3940313708e+07 7.6933456224e+07 9.4398767646e-01 2.4830310401e+01 -6.8948314508e+07
1.5809483417e+05 1.8574016187e-13 3.8587924803e-14 -3.1140887401e+06 5.5708665064e+06 7.5279743787e-18 1.3323932087e-17 -1.1128870054e+02 -2.8931117011e+02 -5.3042292338e+11 4.4011109035e+07 7.7111377478e+07 9.7411739933e-01 2.2948962146e+01 -6.0466150653e+07
1.5809580829e+05 1.8574749178e-13 3.8600909645e-14 -3.1141911498e+06 5.5705905677e+06 7.5213542107e-18 1.3335774567e-17 -9.9147292550e+01 -2.7745266072e+02 -5.3047822364e+11 4.4074775360e+07 7.7282898099e+07 1.0045168034e+00 2.1287579403e+01 -5.3312677733e+07
1.5809681281e+05 1.8575504367e-13 3.8614311789e-14 -3.1142848901e+06 5.5703174540e+06 7.5145266160e-18 1.3347987116e-17 -8.7652575388e+01 -2.6652212869e+02 -5.3052864403e+11 4.4131706060e+07 7.7448740964e+07 1.0351937079e+00 1.9823626587e+01 -4.7275524279e+07
1.5809784800e+05 1.8576281902e-13 3.8628136055e-14 -3.1143699119e+06 5.5700468660e+06 7.5074896712e-18 1.3360573155e-17 -7.6761298768e+01 -2.5644052025e+02 -5.3057485714e+11 4.4182257277e+07 7.7609598461e+07 1.0661835812e+00 1.8536873412e+01 -4.2177005566e+07
1.5809891418e+05 1.8577081952e-13 3.8642387790e-14 -3.1144461730e+06 5.5697785051e+06 7.5002412115e-18 1.3373536540e-17 -6.6434384298e+01 -2.4713224282e+02 -5.3061745321e+11 4.4226748248e+07 7.7766136154e+07 1.0975554727e+00 1.7409149752e+01 -3.7868397643e+07
1.5810001174e+05 1.8577904736e-13 3.8657073311e-14 -3.1145136390e+06 5.5695120708e+06 7.4927786018e-18 1.3386881969e-17 -5.6636758903e+01 -2.3852502546e+02 -5.3065695118e+11 4.4265461359e+07 7.7918996404e+07 1.1294184207e+00 1.6424120282e+01 -3.4225135830e+07
1.5810114116e+05 1.8578750550e-13 3.8672200458e-14 -3.1145722836e+06 5.5692472576e+06 7.4850984651e-18 1.3400615470e-17 -4.7337187740e+01 -2.3054982770e+02 -5.3069380838e+11 4.4298641938e+07 7.8068802054e+07 1.1619286039e+00 1.5567078008e+01 -3.1142790035e+07
1.5810230309e+05 1.8579619806e-13 3.8687779225e-14 -3.1146220881e+06 5.5689837516e+06 7.4771963609e-18 1.3414744974e-17 -3.8508100934e+01 -2.2314078741e+02 -5.3072842911e+11 4.4326497810e+07 7.8216160294e+07 1.1952973021e+00 1.4824755786e+01 -2.8533692283e+07
1.5810349838e+05 1.8580513067e-13 3.8703822521e-14 -3.1146630398e+06 5.5687212258e+06 7.4690664101e-18 1.3429280985e-17 -3.0125411524e+01 -2.1623519862e+02 -5.3076117206e+11 4.4349198603e+07 7.8361666857e+07 1.2298007909e+00 1.4185155264e+01 -2.6324112388e+07
1.5810472818e+05 1.8581431099e-13 3.8720347058e-14 -3.1146951293e+06 5.5684593343e+06 7.4607008520e-18 1.3444237373e-17 -2.2168318960e+01 -2.0977350384e+02 -5.3079235704e+11 4.4366874777e+07 7.8505910810e+07 1.2657921250e+00 1.3637392331e+01 -2.4451893177e+07
1.5810599398e+05 1.8582374924e-13 3.8737374411e-14 -3.1147183465e+06 5.5681977057e+06 7.4520895208e-18 1.3459632307e-17 -1.4619100956e+01 -2.0369929000e+02 -5.3082227096e+11 4.4379616260e+07 7.8649480170e+07 1.3037168118e+00 1.3171558752e+01 -2.2864472900e+07
1.5810729769e+05 1.8583345887e-13 3.8754932296e-14 -3.1147326756e+06 5.5679359334e+06 7.4432192159e-18 1.3475489381e-17 -7.4628928204e+00 -1.9795927028e+02 -5.3085117325e+11 4.4387470569e+07 7.8792968783e+07 1.2834840756e+00 1.2778599153e+01 -2.1517232520e+07
1.5810827005e+05 1.8584069315e-13 3.8768041087e-14 -3.1147374957e+06 5.5677454038e+06 7.4366027905e-18 1.3487316773e-17 -2.5031594765e+00 -1.9396987516e+02 -5.3087167283e+11 4.4390115009e+07 7.8897511832e+07 1.0792735536e+00 1.2534046480e+01 -2.0667153863e+07
1.5810934933e+05 1.8584871532e-13 3.8782604675e-14 -3.1147373843e+06 5.5675383329e+06 7.4292582780e-18 1.3500445201e-17 2.6497025161e+00 -1.8979426420e+02 -5.3089352706e+11 4.4390052908e+07 7.9011407497e+07 1.0896396253e+00 1.2304030021e+01 -1.9851426069e+07
1.5811043897e+05 1.8585680649e-13 3.8797322517e-14 -3.1147318241e+06 5.5673337139e+06 7.4218425995e-18 1.3513700362e-17 7.4985275869e+00 -1.8581450734e+02 -5.3091476205e+11 4.4386981489e+07 7.9124395250e+07 1.2746193095e+00 1.2109879001e+01 -1.9142192902e+07
1.5811171359e+05 1.8586626099e-13 3.8814557223e-14 -3.1147188741e+06 5.5670996995e+06 7.4131672446e-18 1.3529206566e-17 1.2747425109e+01 -1.8142032995e+02 -5.3093869649e+11 4.4379787898e+07 7.9254348810e+07 1.3781952228e+00 1.1923879961e+01 -1.8432825682e+07
1.5811309178e+05 1.8587647131e-13 3.8833214665e-14 -3.1146976706e+06 5.5668527828e+06 7.4037860167e-18 1.3545973805e-17 1.7942029031e+01 -1.7694236678e+02 -5.3096364096e+11 4.4367917338e+07 7.9392545449e+07 1.4313577465e+00 1.1764224657e+01 -1.7784243020e+07
1.5811452314e+05 1.8588706181e-13 3.8852616263e-14 -3.1146684236e+06 5.5666026879e+06 7.3940419458e-18 1.3563388924e-17 2.2843037415e+01 -1.7254943841e+02 -5.3098867747e+11 4.4351384318e+07 7.9533888427e+07 1.4573116943e+00 1.1635412019e+01 -1.7214205417e+07
1.5811598045e+05 1.8589783000e-13 3.8872395268e-14 -3.1146317928e+06 5.5663543457e+06 7.3841202067e-18 1.3581120974e-17 2.7350366573e+01 -1.6830915080e+02 -5.3101339384e+11 4.4330443990e+07 7.9675826677e+07 1.4701343052e+00 1.1535082054e+01 -1.6718874568e+07
1.5811745059e+05 1.8590867829e-13 3.8892374490e-14 -3.1145885253e+06 5.5661099250e+06 7.3741101925e-18 1.3599010227e-17 3.1437182684e+01 -1.6423811640e+02 -5.3103764789e+11 4.4305402122e+07 7.9817265088e+07 1.4774568271e+00 1.1458475384e+01 -1.6286711877e+07
1.5811892804e+05 1.8591956579e-13 3.8912479722e-14 -3.1145393131e+06 5.5658701779e+06 7.3640493629e-18 1.3616989779e-17 3.5110344023e+01 -1.6033120410e+02 -5.3106142316e+11 4.4276540719e+07 7.9957847728e+07 1.4832194206e+00 1.1400538912e+01 -1.5905000312e+07
1.5811892804e+05 1.8591956579e-13 3.8912479722e-14 -3.1145393131e+06 5.5658701779e+06 7.3640493629e-18 1.3616989779e-17 3.5110344023e+01 -1.6033120410e+02 -5.3106142316e+11 4.4276540719e+07 7.9957847728e+07 1.4832194206e+00 1.1400538912e+01 -1.5905000312e+07
