0.0000000000e+00 0.0000000000e+00 0.0000000000e+00 3.1415900000e+08 0.0000000000e+00 0.0000000000e+00 0.0000000000e+00 -1.1786796360e+03 2.2519839250e+02 -4.6638893032e+09 -1.0018776906e+07 1.9141863363e+06 1.0000000000e+01 0.0000000000e+00 -0.0000000000e+00
1.0000000000e+01 2.8740014548e-22 6.8674433878e-28 3.1414721300e+08 2.2519839245e+03 5.7480747987e-23 2.0602716669e-28 -1.1787200213e+03 2.2519839236e+02 -4.6638893032e+09 -1.0018776906e+07 1.9141863362e+06 5.0000000000e+01 0.0000000000e+00 -0.0000000000e+00
6.0000000000e+01 1.0347699474e-20 1.4837853086e-25 3.1408827195e+08 1.3511903446e+04 3.4494920522e-22 7.4197618451e-27 -1.1789219933e+03 2.2519838729e+02 -4.6638893032e+09 -1.0018776906e+07 1.9141863363e+06 2.5000000000e+02 0.0000000000e+00 -0.0000000000e+00
3.1000000000e+02 2.7639902117e-19 2.0493399290e-23 3.1379341512e+08 6.9811487277e+04 1.7839118480e-21 1.9843873666e-25 -1.1799329915e+03 2.2519825308e+02 -4.6638893032e+09 -1.0018776906e+07 1.9141863363e+06 1.2500000000e+03 0.0000000000e+00 -0.0000000000e+00
1.5600000000e+03 7.0214401607e-18 2.6301013317e-21 3.1231532659e+08 3.5130764442e+05 9.0195394832e-21 5.0728092752e-24 -1.1850166583e+03 2.2519482840e+02 -4.6638893032e+09 -1.0018776906e+07 1.9141863363e+06 3.6000000000e+03 0.0000000000e+00 -0.0000000000e+00
5.1600000000e+03 7.7526544317e-17 9.7162939762e-20 3.0802254384e+08 1.1619554398e+06 3.0247829500e-20 5.7051840023e-23 -1.1999314052e+03 2.2515830855e+02 -4.6638893031e+09 -1.0018776906e+07 1.9141863363e+06 3.6000000000e+03 0.0000000000e+00 -0.0000000000e+00
8.7600000000e+03 2.2552964758e-16 4.8550009741e-19 3.0367531191e+08 1.9723968116e+06 5.2079401106e-20 1.6912827452e-22 -1.2152700105e+03 2.2507956496e+02 -4.6638893030e+09 -1.0018776906e+07 1.9141863363e+06 3.6000000000e+03 0.0000000000e+00 -0.0000000000e+00
1.2360000000e+04 4.5326263096e-16 1.3932742236e-18 2.9927206271e+08 2.7824732332e+06 7.4548066572e-20 3.4654674768e-22 -1.2310562305e+03 2.2495491283e+02 -4.6638893028e+09 -1.0018776906e+07 1.9141863362e+06 3.6000000000e+03 0.0000000000e+00 -0.0000000000e+00
1.5960000000e+04 7.6308403724e-16 3.0659889069e-18 2.9481113914e+08 3.5920122166e+06 9.7690429430e-20 5.9511353352e-22 -1.2473157824e+03 2.2478027273e+02 -4.6638893027e+09 -1.0018776906e+07 1.9141863362e+06 3.6000000000e+03 0.0000000000e+00 -0.0000000000e+00
1.9560000000e+04 1.1574896626e-15 5.7711710891e-18 2.9029078770e+08 4.4008258004e+06 1.2154619275e-19 9.2127087440e-22 -1.2640765611e+03 2.2455111842e+02 -4.6638893025e+09 -1.0018776906e+07 1.9141863362e+06 3.6000000000e+03 0.0000000000e+00 -0.0000000000e+00
2.3160000000e+04 1.6391243331e-15 9.8008119277e-18 2.8570915016e+08 5.2087088351e+06 1.4615851050e-19 1.3321832444e-21 -1.2813688860e+03 2.2426241623e+02 -4.6638893023e+09 -1.0018776906e+07 1.9141863363e+06 3.6000000000e+03 0.0000000000e+00 -0.0000000000e+00
2.6760000000e+04 2.2107950354e-15 1.5474143038e-17 2.8106425436e+08 6.0154370325e+06 1.7157438931e-19 1.8358378266e-21 -1.2992257834e+03 2.2390855444e+02 -4.6638893021e+09 -1.0018776906e+07 1.9141863363e+06 3.6000000000e+03 0.0000000000e+00 -0.0000000000e+00
3.0360000000e+04 2.8754855961e-15 2.3140804131e-17 2.7635400390e+08 6.8207647396e+06 1.9784514944e-19 2.4411619923e-21 -1.3176833104e+03 2.2348326080e+02 -4.6638893019e+09 -1.0018776906e+07 1.9141863363e+06 3.6000000000e+03 0.0000000000e+00 -0.0000000000e+00
3.3960000000e+04 3.6363731441e-15 3.3184469218e-17 2.7157616657e+08 7.6244223916e+06 2.2502695575e-19 3.1581612122e-21 -1.3367809277e+03 2.2297950559e+02 -4.6638893016e+09 -1.0018776906e+07 1.9141863363e+06 3.6000000000e+03 0.0000000000e+00 -0.0000000000e+00
3.7560000000e+04 4.4968466289e-15 4.6027012287e-17 2.6672836133e+08 8.4261135850e+06 2.5318143139e-19 3.9980816396e-21 -1.3565619311e+03 2.2238938738e+02 -4.6638893012e+09 -1.0018776906e+07 1.9141863363e+06 3.6000000000e+03 0.0000000000e+00 -0.0000000000e+00
4.1160000000e+04 5.4605277206e-15 6.2133310420e-17 2.6180804365e+08 9.2255117024e+06 2.8237637036e-19 4.9736026385e-21 -1.3770739517e+03 2.2170399780e+02 -4.6638893008e+09 -1.0018776906e+07 1.9141863362e+06 3.6000000000e+03 0.0000000000e+00 -0.0000000000e+00
4.4760000000e+04 6.5312944809e-15 8.2016803575e-17 2.5681248883e+08 1.0022256007e+07 3.1268656814e-19 6.0990658547e-21 -1.3983695401e+03 2.2091326058e+02 -4.6638893003e+09 -1.0018776906e+07 1.9141863363e+06 3.6000000000e+03 0.0000000000e+00 -0.0000000000e+00
4.8360000000e+04 7.7133082737e-15 1.0624595696e-16 2.5173877315e+08 1.0815947102e+07 3.4419479451e-19 7.3907491359e-21 -1.4205068493e+03 2.2000573911e+02 -4.6638892997e+09 -1.0018776906e+07 1.9141863363e+06 3.6000000000e+03 0.0000000000e+00 -0.0000000000e+00
5.1960000000e+04 9.0110444755e-15 1.3545180566e-16 2.4658375228e+08 1.1606141629e+07 3.7699293839e-19 8.8671958325e-21 -1.4435504393e+03 2.1896840503e+02 -4.6638892990e+09 -1.0018776906e+07 1.9141863362e+06 3.6000000000e+03 0.0000000000e+00 -0.0000000000e+00
5.5560000000e+04 1.0429327674e-14 1.7033680406e-16 2.4134403650e+08 1.2392346053e+07 4.1118336223e-19 1.0549612925e-20 -1.4675722289e+03 2.1778635857e+02 -4.6638892981e+09 -1.0018776906e+07 1.9141863363e+06 3.6000000000e+03 0.0000000000e+00 -0.0000000000e+00
5.9160000000e+04 1.1973372185e-14 2.1168525771e-16 2.3601596230e+08 1.3174009329e+07 4.4688051284e-19 1.2462355278e-20 -1.4926526269e+03 2.1644248830e+02 -4.6638892971e+09 -1.0018776906e+07 1.9141863363e+06 3.6000000000e+03 0.0000000000e+00 -0.0000000000e+00
6.2760000000e+04 1.3648828923e-14 2.6037568623e-16 2.3059555942e+08 1.3950514219e+07 4.8421284870e-19 1.4633518475e-20 -1.5188818869e+03 2.1491705458e+02 -4.6638892957e+09 -1.0018776906e+07 1.9141863362e+06 3.6000000000e+03 0.0000000000e+00 -0.0000000000e+00
6.6360000000e+04 1.5461839887e-14 3.1739555873e-16 2.2507851255e+08 1.4721166941e+07 5.2332516041e-19 1.7095669586e-20 -1.5463617369e+03 2.1318717617e+02 -4.6638892941e+09 -1.0018776906e+07 1.9141863362e+06 3.6000000000e+03 0.0000000000e+00 -0.0000000000e+00
6.9960000000e+04 1.7419101852e-14 3.8385896469e-16 2.1946011663e+08 1.5485184747e+07 5.6438138311e-19 1.9886754693e-20 -1.5752073560e+03 2.1122619261e+02 -4.6638892921e+09 -1.0018776906e+07 1.9141863362e+06 3.6000000000e+03 0.0000000000e+00 -0.0000000000e+00
7.3560000000e+04 1.9527941264e-14 4.6102794543e-16 2.1373522418e+08 1.6241680942e+07 6.0756803013e-19 2.3051234921e-20 -1.6055497861e+03 2.0900286604e+02 -4.6638892896e+09 -1.0018776906e+07 1.9141863362e+06 3.6000000000e+03 0.0000000000e+00 -0.0000000000e+00
7.7160000000e+04 2.1796402855e-14 5.5033842796e-16 2.0789818307e+08 1.6989646660e+07 6.5309841779e-19 2.6641520806e-20 -1.6375389008e+03 2.0648037341e+02 -4.6638892863e+09 -1.0018776906e+07 1.9141863362e+06 3.6000000000e+03 0.0000000000e+00 -0.0000000000e+00
8.0760000000e+04 2.4233355225e-14 6.5343199777e-16 2.0194276231e+08 1.7727928544e+07 7.0121790749e-19 3.0719800284e-20 -1.6713470882e+03 2.0361502223e+02 -4.6638892821e+09 -1.0018776906e+07 1.9141863362e+06 3.6000000000e+03 0.0000000000e+00 -0.0000000000e+00
8.4360000000e+04 2.6848617569e-14 7.7219515152e-16 1.9586206307e+08 1.8455201162e+07 7.5221046983e-19 3.5360391957e-20 -1.7071738626e+03 2.0035459712e+02 -4.6638892767e+09 -1.0018776906e+07 1.9141863363e+06 3.6000000000e+03 0.0000000000e+00 -0.0000000000e+00
8.7960000000e+04 2.9653113016e-14 9.0880823380e-16 1.8964841087e+08 1.9169932631e+07 8.0640698632e-19 4.0652808128e-20 -1.7452516974e+03 1.9663620778e+02 -4.6638892696e+09 -1.0018776906e+07 1.9141863363e+06 3.6000000000e+03 0.0000000000e+00 -0.0000000000e+00
9.1560000000e+04 3.2659055811e-14 1.0658070569e-15 1.8329322414e+08 1.9870341318e+07 8.6419586316e-19 4.6705789938e-20 -1.7858534824e+03 1.9238345397e+02 -4.6638892600e+09 -1.0018776906e+07 1.9141863362e+06 3.6000000000e+03 0.0000000000e+00 -0.0000000000e+00
9.5160000000e+04 3.5880182040e-14 1.2461613431e-15 1.7678685206e+08 2.0554340731e+07 9.2603676381e-19 5.3652693890e-20 -1.8293021717e+03 1.8750264098e+02 -4.6638892470e+09 -1.0018776906e+07 1.9141863362e+06 3.6000000000e+03 0.0000000000e+00 -0.0000000000e+00
9.8760000000e+04 3.9332037060e-14 1.4533757936e-15 1.7011837264e+08 2.1219468509e+07 9.9247861161e-19 6.1658788005e-20 -1.8759834323e+03 1.8187765344e+02 -4.6638892290e+09 -1.0018776906e+07 1.9141863362e+06 3.6000000000e+03 0.0000000000e+00 -0.0000000000e+00
1.0236000000e+05 4.3032337843e-14 1.6916220624e-15 1.6327533815e+08 2.1862793697e+07 1.0641835360e-18 7.0931295870e-20 -1.9263624686e+03 1.7536289851e+02 -4.6638892037e+09 -1.0018776906e+07 1.9141863362e+06 3.6000000000e+03 0.0000000000e+00 -0.0000000000e+00
1.0596000000e+05 4.7001435775e-14 1.9659136747e-15 1.5624344995e+08 2.2480793850e+07 1.1419592450e-18 8.1733475425e-20 -1.9810067667e+03 1.6777341424e+02 -4.6638891673e+09 -1.0018776906e+07 1.9141863362e+06 3.6000000000e+03 0.0000000000e+00 -0.0000000000e+00
1.0956000000e+05 5.1262916570e-14 2.2823417789e-15 1.4900613699e+08 2.3069189399e+07 1.2268035916e-18 9.4404757488e-20 -2.0406174064e+03 1.5887072053e+02 -4.6638891135e+09 -1.0018776906e+07 1.9141863362e+06 3.6000000000e+03 0.0000000000e+00 -0.0000000000e+00
1.1316000000e+05 5.5844390932e-14 2.6483989574e-15 1.4154400031e+08 2.3622716145e+07 1.3199671964e-18 1.0939022059e-19 -2.1060730592e+03 1.4834211046e+02 -4.6638890318e+09 -1.0018776906e+07 1.9141863362e+06 3.3274366603e+03 0.0000000000e+00 -0.0000000000e+00
1.1615179032e+05 5.9918597015e-14 2.9970141542e-15 1.3515514873e+08 2.4051529580e+07 1.4048516757e-18 1.2402591031e-19 -2.1657118957e+03 1.3805924704e+02 -4.6638889830e+09 -1.0018776906e+07 1.9141863362e+06 3.0111624406e+03 0.0000000000e+00 -0.0000000000e+00
1.1916295276e+05 6.4287417063e-14 3.3956988658e-15 1.2853647131e+08 2.4449527333e+07 1.4983611048e-18 1.4123895359e-19 -2.2314105205e+03 1.2596556534e+02 -4.6638889076e+09 -1.0018776906e+07 1.9141863362e+06 2.7192803394e+03 0.0000000000e+00 -0.0000000000e+00
1.2160669715e+05 6.8048888592e-14 3.7602064452e-15 1.2301331392e+08 2.4743755905e+07 1.5812157446e-18 1.5745155314e-19 -2.2896232156e+03 1.1457478364e+02 -4.6638888684e+09 -1.0018776906e+07 1.9141863362e+06 2.4603208753e+03 0.0000000000e+00 -0.0000000000e+00
1.2406701803e+05 7.2049242211e-14 4.1701634887e-15 1.1730278241e+08 2.5009785216e+07 1.6720099143e-18 1.7626136485e-19 -2.3534141311e+03 1.0135923122e+02 -4.6638888094e+09 -1.0018776906e+07 1.9141863362e+06 2.2206555840e+03 0.0000000000e+00 -0.0000000000e+00
1.2605942573e+05 7.5459063684e-14 4.5383609521e-15 1.1255867158e+08 2.5199781021e+07 1.7518144300e-18 1.9370170460e-19 -2.4094838450e+03 8.9105853690e+01 -4.6638887798e+09 -1.0018776906e+07 1.9141863362e+06 2.0072886698e+03 0.0000000000e+00 -0.0000000000e+00
1.2786462991e+05 7.8690896535e-14 4.9038215797e-15 1.0816026643e+08 2.5349541763e+07 1.8297047364e-18 2.1154791265e-19 -2.4642086579e+03 7.6567317872e+01 -4.6638887547e+09 -1.0018776906e+07 1.9141863362e+06 1.8191819259e+03 0.0000000000e+00 -0.0000000000e+00
1.2949452111e+05 8.1733945311e-14 5.2630842490e-15 1.0410113660e+08 2.5464176917e+07 1.9052219721e-18 2.2963309358e-19 -2.5172661792e+03 6.3860882520e+01 -4.6638887340e+09 -1.0018776906e+07 1.9141863362e+06 1.6440761164e+03 0.0000000000e+00 -0.0000000000e+00
1.3095845420e+05 8.4575605317e-14 5.6122764650e-15 1.0037911158e+08 2.5548513954e+07 1.9778009683e-18 2.4774585971e-19 -2.5682593281e+03 5.1135066122e+01 -4.6638887177e+09 -1.0018776906e+07 1.9141863363e+06 1.4790018234e+03 0.0000000000e+00 -0.0000000000e+00
1.3226163841e+05 8.7197452398e-14 5.9465769006e-15 9.7000995976e+07 2.5607113389e+07 2.0466607333e-18 2.6559766735e-19 -2.6166393888e+03 3.8592596096e+01 -4.6638887056e+09 -1.0018776906e+07 1.9141863363e+06 1.3203640307e+03 0.0000000000e+00 -0.0000000000e+00
1.3340276822e+05 8.9569109240e-14 6.2593078397e-15 9.3989671312e+07 2.5644372909e+07 2.1106226911e-18 2.8276572190e-19 -2.6615783079e+03 2.6530522945e+01 -4.6638886975e+09 -1.0018776906e+07 1.9141863363e+06 1.1631867434e+03 0.0000000000e+00 -0.0000000000e+00
1.3436670953e+05 9.1630858255e-14 6.5393792577e-15 9.1404932722e+07 2.5664676059e+07 2.1675967842e-18 2.9853655965e-19 -2.7016076354e+03 1.5450117887e+01 -4.6638886932e+09 -1.0018776906e+07 1.9141863363e+06 9.9957094639e+02 0.0000000000e+00 -0.0000000000e+00
1.3508487500e+05 9.3203377270e-14 6.7582541215e-15 8.9453612340e+07 2.5672626865e+07 2.2119525960e-18 3.1112847956e-19 -2.7327715070e+03 6.6031830986e+00 -4.6638886919e+09 -1.0018776906e+07 1.9141863363e+06 8.2276985194e+02 0.0000000000e+00 -0.0000000000e+00
1.3581942388e+05 9.4845378220e-14 6.9917713509e-15 8.7434163985e+07 2.5673979634e+07 2.2591384016e-18 3.2482712476e-19 -2.7659236988e+03 -3.0213238628e+00 -4.6638886903e+09 -1.0018776906e+07 1.9141863363e+06 6.9878487162e+02 0.0000000000e+00 -0.0000000000e+00
1.3651820876e+05 9.6440245204e-14 7.2235526222e-15 8.5489985707e+07 2.5668498069e+07 2.3058562588e-18 3.3869960469e-19 -2.7987471157e+03 -1.2767965051e+01 -4.6638886888e+09 -1.0018776906e+07 1.9141863363e+06 8.6173227121e+02 0.0000000000e+00 -0.0000000000e+00
1.3737994103e+05 9.8453023094e-14 7.5232248569e-15 8.3060125362e+07 2.5652012605e+07 2.3661200872e-18 3.5705228835e-19 -2.8410877726e+03 -2.5662344681e+01 -4.6638886835e+09 -1.0018776906e+07 1.9141863363e+06 9.4390076334e+02 0.0000000000e+00 -0.0000000000e+00
1.3832384179e+05 1.0071897334e-13 7.8704127324e-15 8.0355538766e+07 2.5620647423e+07 2.4357959528e-18 3.7891878599e-19 -2.8900412160e+03 -4.1025488667e+01 -4.6638886729e+09 -1.0018776906e+07 1.9141863363e+06 9.8402002379e+02 0.0000000000e+00 -0.0000000000e+00
1.3930786181e+05 1.0315340527e-13 8.2553909464e-15 7.7485291169e+07 2.5571765986e+07 2.5129445147e-18 4.0394746350e-19 -2.9442448880e+03 -5.8610343031e+01 -4.6638886559e+09 -1.0018776906e+07 1.9141863363e+06 9.9874286323e+02 0.0000000000e+00 -0.0000000000e+00
1.4030660468e+05 1.0570445144e-13 8.6726143866e-15 7.4515758272e+07 2.5503544993e+07 2.5965039381e-18 4.3203409921e-19 -3.0029527558e+03 -7.8343682848e+01 -4.6638886314e+09 -1.0018776906e+07 1.9141863363e+06 9.9655700303e+02 0.0000000000e+00 -0.0000000000e+00
1.4130316168e+05 1.0833599521e-13 9.1184055651e-15 7.1492245130e+07 2.5414760391e+07 2.6858163688e-18 4.6319161591e-19 -3.0657026189e+03 -1.0023458752e+02 -4.6638885986e+09 -1.0018776906e+07 1.9141863363e+06 9.8256132419e+02 0.0000000000e+00 -0.0000000000e+00
1.4228572300e+05 1.1102089372e-13 9.5900588671e-15 6.8447742001e+07 2.5304653561e+07 2.7804420655e-18 4.9750055045e-19 -3.1321855202e+03 -1.2433964130e+02 -4.6638885564e+09 -1.0018776906e+07 1.9141863363e+06 9.6014916350e+02 0.0000000000e+00 -0.0000000000e+00
1.4324587217e+05 1.1373775805e-13 1.0085428826e-14 6.5407196822e+07 2.5172836503e+07 2.8800720230e-18 5.3508687116e-19 -3.2021843561e+03 -1.5074734804e+02 -4.6638885041e+09 -1.0018776906e+07 1.9141863363e+06 9.3172936338e+02 0.0000000000e+00 -0.0000000000e+00
1.4417760153e+05 1.1646921423e-13 1.0602717394e-14 6.2389897419e+07 2.5019219596e+07 2.9844812040e-18 5.7611096050e-19 -3.2755410184e+03 -1.7957039057e+02 -4.6638884407e+09 -1.0018776906e+07 1.9141863363e+06 8.9908437570e+02 0.0000000000e+00 -0.0000000000e+00
1.4507668591e+05 1.1920087186e-13 1.1140355142e-14 5.9410934456e+07 2.4843953996e+07 3.0935010071e-18 6.2076186105e-19 -3.3521370495e+03 -2.1094158799e+02 -4.6638883654e+09 -1.0018776906e+07 1.9141863363e+06 8.6356887872e+02 0.0000000000e+00 -0.0000000000e+00
1.4594025479e+05 1.2192066626e-13 1.1696931400e-14 5.6482167855e+07 2.4647384388e+07 3.2070017966e-18 6.6925428949e-19 -3.4318813688e+03 -2.4501179771e+02 -4.6638882770e+09 -1.0018776906e+07 1.9141863363e+06 8.2622982548e+02 0.0000000000e+00 -0.0000000000e+00
1.4676648461e+05 1.2461841303e-13 1.2271151838e-14 5.3612902448e+07 2.4430009492e+07 3.3248810948e-18 7.2182724442e-19 -3.5147019770e+03 -2.8194893734e+02 -4.6638881748e+09 -1.0018776906e+07 1.9141863363e+06 7.8788414628e+02 0.0000000000e+00 -0.0000000000e+00
1.4755436876e+05 1.2728549074e-13 1.2861812278e-14 5.0810382022e+07 2.4192448660e+07 3.4470551350e-18 7.7874360895e-19 -3.6005400203e+03 -3.2193770546e+02 -4.6638880578e+09 -1.0018776906e+07 1.9141863362e+06 7.4917192080e+02 0.0000000000e+00 -0.0000000000e+00
1.4830354068e+05 1.2991460479e-13 1.3467782533e-14 4.8080163736e+07 2.3935413399e+07 3.5734524825e-18 8.4029042585e-19 -3.6893453096e+03 -3.6517977493e+02 -4.6638879248e+09 -1.0018776906e+07 1.9141863363e+06 7.1059443258e+02 0.0000000000e+00 -0.0000000000e+00
1.4901413511e+05 1.3249960455e-13 1.4087996632e-14 4.5426410132e+07 2.3659682994e+07 3.7040089535e-18 9.0677966493e-19 -3.7810727501e+03 -4.1189433209e+02 -4.6638877748e+09 -1.0018776906e+07 1.9141863363e+06 6.7254241531e+02 0.0000000000e+00 -0.0000000000e+00
1.4968667753e+05 1.3503533720e-13 1.4721447203e-14 4.2852122157e+07 2.3366083546e+07 3.8386633493e-18 9.7854938147e-19 -3.8756793445e+03 -4.6231889057e+02 -4.6638876068e+09 -1.0018776906e+07 1.9141863363e+06 6.3531763390e+02 0.0000000000e+00 -0.0000000000e+00
1.5032199516e+05 1.3751752737e-13 1.5367182636e-14 4.0359328584e+07 2.3055469937e+07 3.9773536817e-18 1.0559652105e-18 -3.9731215404e+03 -5.1671034129e+02 -4.6638874196e+09 -1.0018776906e+07 1.9141863363e+06 5.9914976137e+02 0.0000000000e+00 -0.0000000000e+00
1.5092114492e+05 1.3994267577e-13 1.6024306113e-14 3.7949242230e+07 2.2728710277e+07 4.1200136641e-18 1.1394221716e-18 -4.0733527657e+03 -5.7534622030e+02 -4.6638872121e+09 -1.0018776906e+07 1.9141863363e+06 5.6420981648e+02 0.0000000000e+00 -0.0000000000e+00
1.5148535474e+05 1.4230797198e-13 1.6691975936e-14 3.5622390313e+07 2.2386672458e+07 4.2665692980e-18 1.2293467779e-18 -4.1763210299e+03 -6.3852619072e+02 -4.6638869830e+09 -1.0018776906e+07 1.9141863363e+06 5.3062101600e+02 0.0000000000e+00 -0.0000000000e+00
1.5201597575e+05 1.4461121854e-13 1.7369406769e-14 3.3378724194e+07 2.2030212524e+07 4.4169354180e-18 1.3261994590e-18 -4.2819664967e+03 -7.0657374505e+02 -4.6638867311e+09 -1.0018776906e+07 1.9141863362e+06 4.9846763393e+02 0.0000000000e+00 -0.0000000000e+00
1.5251444339e+05 1.4685076377e-13 1.8055871570e-14 3.1217712415e+07 2.1660164541e+07 4.5710120745e-18 1.4304773200e-18 -4.3902189430e+03 -7.7983814341e+02 -4.6638864551e+09 -1.0018776906e+07 1.9141863362e+06 4.6780229441e+02 0.0000000000e+00 -0.0000000000e+00
1.5298224568e+05 1.4902544209e-13 1.8750704053e-14 2.9138419970e+07 2.1277331738e+07 4.7286806422e-18 1.5427172692e-18 -4.5009950236e+03 -8.5869661122e+02 -4.6638861539e+09 -1.0018776906e+07 1.9141863362e+06 4.3865201275e+02 0.0000000000e+00 -0.0000000000e+00
1.5342089770e+05 1.5113452051e-13 1.9453301646e-14 2.7139576091e+07 2.0882478663e+07 4.8897995368e-18 1.6634995616e-18 -4.6141952635e+03 -9.4355682890e+02 -4.6638858259e+09 -1.0018776906e+07 1.9141863362e+06 4.1102322101e+02 0.0000000000e+00 -0.0000000000e+00
1.5383192092e+05 1.5317765047e-13 2.0163128923e-14 2.5219632318e+07 2.0476324138e+07 5.0541994177e-18 1.7934518180e-18 -4.7297006857e+03 -1.0348597554e+03 -4.6638854701e+09 -1.0018776906e+07 1.9141863362e+06 3.8490596550e+02 0.0000000000e+00 -0.0000000000e+00
1.5421682688e+05 1.5515482450e-13 2.0879721569e-14 2.3376812286e+07 2.0059534780e+07 5.2216777321e-18 1.9332535955e-18 -4.8473689791e+03 -1.1330828396e+03 -4.6638850850e+09 -1.0018776906e+07 1.9141863362e+06 3.6027741873e+02 0.0000000000e+00 -0.0000000000e+00
1.5457710430e+05 1.5706633709e-13 2.1602690970e-14 2.1609154366e+07 1.9632718879e+07 5.3919924342e-18 2.0836416062e-18 -4.9670300851e+03 -1.2387436866e+03 -4.6638846694e+09 -1.0018776906e+07 1.9141863362e+06 3.3710482683e+02 0.0000000000e+00 -0.0000000000e+00
1.5491420913e+05 1.5891274956e-13 2.2331729590e-14 1.9914548096e+07 1.9196420387e+07 5.5648546750e-18 2.2454157070e-18 -5.0884810618e+03 -1.3524042666e+03 -4.6638842222e+09 -1.0018776906e+07 1.9141863363e+06 3.1534798570e+02 0.0000000000e+00 -0.0000000000e+00
1.5522955711e+05 1.6069485839e-13 2.3066617336e-14 1.8290765151e+07 1.8751112762e+07 5.7399202097e-18 2.4194458148e-18 -5.2114800469e+03 -1.4746757729e+03 -4.6638837421e+09 -1.0018776906e+07 1.9141863363e+06 2.9496133090e+02 0.0000000000e+00 -0.0000000000e+00
1.5552451844e+05 1.6241366708e-13 2.3807229208e-14 1.6735485468e+07 1.8297192391e+07 5.9167792022e-18 2.6066799491e-18 -5.3357390943e+03 -1.6062242729e+03 -4.6638832283e+09 -1.0018776906e+07 1.9141863363e+06 2.7589570517e+02 0.0000000000e+00 -0.0000000000e+00
1.5580041415e+05 1.6407036120e-13 2.4553544617e-14 1.5246319020e+07 1.7834971234e+07 6.0949440117e-18 2.8081536567e-18 -5.4609155934e+03 -1.7477773296e+03 -4.6638826799e+09 -1.0018776906e+07 1.9141863363e+06 2.5809986981e+02 0.0000000000e+00 -0.0000000000e+00
1.5605851402e+05 1.6566628650e-13 2.5305658872e-14 1.3820823619e+07 1.7364668283e+07 6.2738344243e-18 3.0250011585e-18 -5.5866018927e+03 -1.9001318332e+03 -4.6638820965e+09 -1.0018776906e+07 1.9141863363e+06 2.4152181087e+02 0.0000000000e+00 -0.0000000000e+00
1.5630003583e+05 1.6720293020e-13 2.6063797544e-14 1.2456518998e+07 1.6886399295e+07 6.4527596074e-18 3.2584686627e-18 -5.7123126213e+03 -2.0641633550e+03 -4.6638814779e+09 -1.0018776906e+07 1.9141863362e+06 2.2610989463e+02 0.0000000000e+00 -0.0000000000e+00
1.5652614572e+05 1.6868190531e-13 2.6828334634e-14 1.1150897356e+07 1.6400164115e+07 6.6308958208e-18 3.5099304428e-18 -5.8374690292e+03 -2.2408374433e+03 -4.6638808243e+09 -1.0018776906e+07 1.9141863362e+06 2.1181392462e+02 0.0000000000e+00 -0.0000000000e+00
1.5673795965e+05 1.7010493828e-13 2.7599815844e-14 9.9014303707e+06 1.5905830649e+07 6.8072585496e-18 3.7809084891e-18 -5.9613794075e+03 -2.4312234307e+03 -4.6638801369e+09 -1.0018776906e+07 1.9141863362e+06 1.9858615836e+02 0.0000000000e+00 -0.0000000000e+00
1.5693654581e+05 1.7147386006e-13 2.8378988771e-14 8.7055725752e+06 1.5403114200e+07 6.9806671966e-18 4.0730968517e-18 -6.0832142828e+03 -2.6365115367e+03 -4.6638794174e+09 -1.0018776906e+07 1.9141863362e+06 1.8638235113e+02 0.0000000000e+00 -0.0000000000e+00
1.5712292816e+05 1.7279060105e-13 2.9166842614e-14 7.5607607644e+06 1.4891550365e+07 7.1496996755e-18 4.3883922322e-18 -6.2019745139e+03 -2.8580343617e+03 -4.6638786690e+09 -1.0018776906e+07 1.9141863362e+06 1.7516291345e+02 0.0000000000e+00 -0.0000000000e+00
1.5729809107e+05 1.7405719061e-13 2.9964661136e-14 6.4644088785e+06 1.4370458864e+07 7.3126330254e-18 4.7289330346e-18 -6.3164495687e+03 -3.0972943231e+03 -4.6638778963e+09 -1.0018776906e+07 1.9141863362e+06 1.6489430073e+02 0.0000000000e+00 -0.0000000000e+00
1.5746298537e+05 1.7527576196e-13 3.0774094465e-14 5.4138974306e+06 1.3838894461e+07 7.4673642572e-18 5.0971500561e-18 -6.4251619118e+03 -3.3559992705e+03 -4.6638771060e+09 -1.0018776906e+07 1.9141863363e+06 1.5555080193e+02 0.0000000000e+00 -0.0000000000e+00
1.5761853617e+05 1.7644856378e-13 3.1597258055e-14 4.4065561057e+06 1.3295579198e+07 7.6113025547e-18 5.4958334409e-18 -6.5262912662e+03 -3.6361095262e+03 -4.6638763079e+09 -1.0018776906e+07 1.9141863363e+06 1.4711697564e+02 0.0000000000e+00 -0.0000000000e+00
1.5776565315e+05 1.7757798031e-13 3.2436871670e-14 3.4396375573e+06 1.2738807056e+07 7.7412188357e-18 5.9282226757e-18 -6.6175689168e+03 -3.9399011157e+03 -4.6638755157e+09 -1.0018776906e+07 1.9141863363e+06 1.3959109309e+02 0.0000000000e+00 -0.0000000000e+00
1.5790524424e+05 1.7866656177e-13 3.3296458292e-14 2.5102798519e+06 1.2166307298e+07 7.8530299281e-18 6.3981294805e-18 -6.6961260749e+03 -4.2700521084e+03 -4.6638747484e+09 -1.0018776906e+07 1.9141863363e+06 1.3224360709e+02 0.0000000000e+00 -0.0000000000e+00
1.5801604846e+05 1.7954102180e-13 3.4028332082e-14 1.7652918560e+06 1.1677054314e+07 7.9283618619e-18 6.8198697678e-18 -6.7490534054e+03 -4.5663618726e+03 -4.6638744602e+09 -1.0018776906e+07 1.9141863363e+06 1.1341954854e+02 0.0000000000e+00 -0.0000000000e+00
1.5811025507e+05 1.8029040115e-13 3.4689239209e-14 1.1277473181e+06 1.1233923921e+07 7.9783474705e-18 7.2175212000e-18 -6.7841727058e+03 -4.8457470906e+03 -4.6638743185e+09 -1.0018776906e+07 1.9141863362e+06 9.7073800068e+01 5.3137880419e-291 -3.7656081579e-283
1.5818702464e+05 1.8090404249e-13 3.5256725335e-14 6.0612340854e+05 1.0852503227e+07 8.0059713752e-18 7.5713071329e-18 -6.8035809363e+03 -5.0943129249e+03 -4.6638742649e+09 -1.0018776906e+07 1.9141863362e+06 8.1294140697e+01 1.0013920454e-265 -7.2345937550e-258
1.5823462497e+05 1.8128538417e-13 3.5622644192e-14 2.8209168154e+05 1.0606132463e+07 8.0156136824e-18 7.8052572650e-18 -6.8103555079e+03 -5.2586835353e+03 -4.6638742598e+09 -1.0018776906e+07 1.9141863362e+06 6.7197321280e+01 3.8312056186e-250 -2.8020251657e-242
1.5829383402e+05 1.8176010604e-13 3.6093800796e-14 -1.2123082201e+05 1.0288437159e+07 8.0178917126e-18 8.1129253357e-18 -6.8119560251e+03 -5.4748475022e+03 -4.6638742455e+09 -1.0018776906e+07 1.9141863362e+06 5.5088652749e+01 6.9323488354e-231 -5.1496745004e-223
1.5834892268e+05 1.8220159900e-13 3.6549018723e-14 -4.9635044929e+05 9.9810122745e+06 8.0085517701e-18 8.4167098651e-18 -6.8053938914e+03 -5.6882829386e+03 -4.6638742360e+09 -1.0018776906e+07 1.9141863362e+06 7.0852052814e+01 4.0006995466e-213 -3.0161941722e-205
1.5841977473e+05 1.8276804264e-13 3.7159953259e-14 -9.7783896303e+05 9.5677326254e+06 7.9768964026e-18 8.8337015620e-18 -6.7831532026e+03 -5.9812563991e+03 -4.6638742089e+09 -1.0018776906e+07 1.9141863362e+06 7.8743478046e+01 1.4643334588e-190 -1.1256411900e-182
1.5849851821e+05 1.8339377624e-13 3.7874975581e-14 -1.5102853611e+06 9.0830992586e+06 7.9098514671e-18 9.3336533284e-18 -6.7360482197e+03 -6.3325166283e+03 -4.6638741745e+09 -1.0018776906e+07 1.9141863362e+06 8.3363302453e+01 5.9016609929e-166 -4.6378107727e-158
1.5858188151e+05 1.8404866355e-13 3.8676621002e-14 -2.0686601060e+06 8.5386458989e+06 7.7930044550e-18 9.9064622030e-18 -6.6539528836e+03 -6.7349654047e+03 -4.6638741321e+09 -1.0018776906e+07 1.9141863362e+06 8.6912230228e+01 1.3193847184e-140 -1.0617660104e-132
1.5866879374e+05 1.8471844687e-13 3.9565298268e-14 -2.6416836638e+06 7.9338442012e+06 7.6078107082e-18 1.0551575158e-17 -6.5238379359e+03 -7.1882141776e+03 -4.6638740179e+09 -1.0018776906e+07 1.9141863362e+06 9.1254971420e+01 3.6064183921e-115 -2.9757172919e-107
1.5876004871e+05 1.8540058942e-13 4.0560988318e-14 -3.2285093721e+06 7.2548345589e+06 7.3257988273e-18 1.1278538442e-17 -6.3256997062e+03 -7.6989700280e+03 -4.6638735546e+09 -1.0018776906e+07 1.9141863362e+06 1.0030831803e+02 7.2151610209e-90 -6.1110337537e-82
1.5886035703e+05 1.8611465576e-13 4.1734455099e-14 -3.8484353540e+06 6.4529598760e+06 6.8867277201e-18 1.2125576125e-17 -6.0172135118e+03 -8.2940887393e+03 -4.6638713868e+09 -1.0018776906e+07 1.9141863362e+06 9.9528535646e+01 3.3517594128e-64 -2.9193345147e-56
1.5894838894e+05 1.8669903220e-13 4.2835575021e-14 -4.3627727810e+06 5.6991506183e+06 6.3670371888e-18 1.2892497642e-17 -5.6520850586e+03 -8.8329187747e+03 -4.6638686486e+09 -1.0018776906e+07 1.9141863362e+06 8.8046541654e+01 5.1211807936e-44 -4.5647739273e-36
1.5903643548e+05 1.8723150595e-13 4.4004434307e-14 -4.8406612426e+06 4.8977517745e+06 5.7030402881e-18 1.3655012309e-17 -5.1855686478e+03 -9.3686526085e+03 -4.6638636351e+09 -1.0018776906e+07 1.9141863362e+06 7.9565840394e+01 1.5653627909e-26 -1.4247650730e-18
1.5911600132e+05 1.8765696340e-13 4.5117310259e-14 -5.2333652765e+06 4.1337763225e+06 4.9701942148e-18 1.4310720910e-17 -4.6706796185e+03 -9.8293457576e+03 -4.6638591162e+09 -1.0018776906e+07 1.9141863363e+06 7.3446453458e+01 1.7328097531e-13 -1.6028874635e-05
1.5917074665e+05 1.8791352265e-13 4.5912299447e-14 -5.4781479867e+06 3.5875548314e+06 4.3929691378e-18 1.4726454614e-17 -4.2651280643e+03 -1.0121435352e+04 -4.6638596978e+09 -1.0018776855e+07 1.9141864563e+06 6.7619835616e+01 3.0890391946e-06 -2.8838893722e+02
1.5917750863e+05 1.8794297385e-13 4.6012044472e-14 -5.5068102665e+06 3.5189979381e+06 4.3177068258e-18 1.4775143828e-17 -4.2122496263e+03 -1.0155643767e+04 -4.6638652750e+09 -1.0018776660e+07 1.9141869246e+06 3.3809917808e+01 1.9102589744e-05 -1.7852073430e+03
1.5919054718e+05 1.8799831230e-13 4.6205293462e-14 -5.5610586775e+06 3.3861597385e+06 4.1702165398e-18 1.4867157740e-17 -4.1086239002e+03 -1.0220289718e+04 -4.6640611834e+09 -1.0018769976e+07 1.9142034153e+06 2.3071236301e+01 5.4951200765e-04 -5.1450471698e+04
1.5920046821e+05 1.8803911972e-13 4.6353130954e-14 -5.6014231676e+06 3.2845251430e+06 4.0559420677e-18 1.4935446287e-17 -4.0283274391e+03 -1.0268246793e+04 -4.6662434398e+09 -1.0018697204e+07 1.9143874793e+06 1.3720057487e+01 6.1712827627e-03 -5.7859673382e+05
1.5920868423e+05 1.8807205010e-13 4.6476069177e-14 -5.6342434894e+06 3.2000010363e+06 3.9599962875e-18 1.4990819265e-17 -3.9608614844e+03 -1.0307007616e+04 -4.6806883968e+09 -1.0018224788e+07 1.9156079106e+06 9.3036948447e+00 4.1759373923e-02 -3.9193623952e+06
1.5921519000e+05 1.8809756351e-13 4.6573736508e-14 -5.6598361650e+06 3.1328487291e+06 3.8831971572e-18 1.5033881845e-17 -3.9066843526e+03 -1.0336687213e+04 -4.7385224106e+09 -1.0016363574e+07 1.9205010690e+06 6.9000718446e+00 1.7890538975e-01 -1.6804155612e+07
1.5922050755e+05 1.8811804447e-13 4.6653772192e-14 -5.6804906542e+06 3.0778216718e+06 3.8198923958e-18 1.5068551234e-17 -3.8615786748e+03 -1.0359368925e+04 -4.9067535347e+09 -1.0011021348e+07 1.9347521062e+06 5.4871123654e+00 5.6496328768e-01 -5.3091508413e+07
1.5922499974e+05 1.8813508336e-13 4.6721528169e-14 -5.6977499498e+06 3.0312471499e+06 3.7660457510e-18 1.5097461774e-17 -3.8222783593e+03 -1.0375715280e+04 -5.3042076800e+09 -9.9985408291e+06 1.9684618347e+06 4.5769898941e+00 1.4510205922e+00 -1.3637792360e+08
1.5922890548e+05 1.8814970067e-13 4.6780543493e-14 -5.7126091375e+06 2.9907020140e+06 3.7189590311e-18 1.5122312220e-17 -3.7862078252e+03 -1.0385016320e+04 -6.1207109017e+09 -9.9731431809e+06 2.0378098549e+06 3.9524660505e+00 3.2237788057e+00 -3.0289437832e+08
1.5923238822e+05 1.8816257942e-13 4.6833248860e-14 -5.7257353950e+06 2.9545303155e+06 3.6767628740e-18 1.5144244136e-17 -3.7510291415e+03 -1.0385172404e+04 -7.6443965570e+09 -9.9261198192e+06 2.1674605464e+06 3.5096268006e+00 6.4495862406e+00 -6.0532953518e+08
1.5923589785e+05 1.8817540858e-13 4.6886437969e-14 -5.7388303559e+06 2.9181027884e+06 3.6340442697e-18 1.5166126263e-17 -3.7100399983e+03 -1.0369998361e+04 -1.0687137894e+10 -9.8328276068e+06 2.4271199759e+06 3.1839401540e+00 1.2719848460e+01 -1.1907854626e+09
1.5923908179e+05 1.8818691724e-13 4.6934757353e-14 -5.7505726638e+06 2.8851382693e+06 3.5951213881e-18 1.5185785864e-17 -3.6640890908e+03 -1.0331560266e+04 -1.5867393006e+10 -9.6746923420e+06 2.8712509224e+06 2.9886344714e+00 2.3080722598e+01 -2.1506036070e+09
1.5924207042e+05 1.8819760697e-13 4.6980169483e-14 -5.7614432789e+06 2.8543592213e+06 3.5584425198e-18 1.5204072498e-17 -3.6078555045e+03 -1.0258121576e+04 -2.4359638777e+10 -9.4157530600e+06 3.6046875554e+06 3.0156553504e+00 3.9493899916e+01 -3.6504095156e+09
1.5924508608e+05 1.8820828203e-13 4.7026047342e-14 -5.7722127594e+06 2.8236080349e+06 3.5212937793e-18 1.5222360342e-17 -3.5301848196e+03 -1.0123660973e+04 -3.8684657444e+10 -8.9774045166e+06 4.8568176962e+06 3.9349029844e+00 6.5986144996e+01 -6.0135028862e+09
1.5924732086e+05 1.8821612051e-13 4.7060081049e-14 -5.7800189794e+06 2.8011494914e+06 3.4936766931e-18 1.5235806856e-17 -3.4525289691e+03 -9.9654821056e+03 -5.4725252058e+10 -8.4822590257e+06 6.2816406475e+06 2.3877765154e+00 9.4178321092e+01 -8.4427198857e+09
1.5924932054e+05 1.8822308199e-13 4.7090559764e-14 -5.7868373405e+06 2.7814105601e+06 3.4689033130e-18 1.5247763154e-17 -3.3634567154e+03 -9.7663770236e+03 -7.4202898107e+10 -7.8730914954e+06 8.0454368544e+06 2.0231225198e+00 1.2653673155e+02 -1.1109832037e+10
1.5925134366e+05 1.8823007460e-13 4.7121420033e-14 -5.7935316209e+06 2.7619127622e+06 3.4437819378e-18 1.5259788077e-17 -3.2500736829e+03 -9.4959497467e+03 -9.9724003532e+10 -7.0593605721e+06 1.0415881551e+07 1.8234810848e+00 1.6598834547e+02 -1.4160838184e+10
1.5925316715e+05 1.8823633359e-13 4.7149255803e-14 -5.7993473083e+06 2.7448718890e+06 3.4210915564e-18 1.5270566108e-17 -3.1247456777e+03 -9.1829653726e+03 -1.2813525376e+11 -6.1295794852e+06 1.3140615130e+07 1.7268086872e+00 2.0604064106e+02 -1.6988131072e+10
1.5925489395e+05 1.8824222258e-13 4.7175633924e-14 -5.8046249905e+06 2.7293179700e+06 3.3995638191e-18 1.5280721614e-17 -2.9843348744e+03 -8.8208314348e+03 -1.5964327419e+11 -5.0646513052e+06 1.6279402283e+07 1.7296791801e+00 2.4562453260e+02 -1.9441670521e+10
1.5925662363e+05 1.8824808406e-13 4.7202073433e-14 -5.8096500619e+06 2.7144211169e+06 3.3779627758e-18 1.5290845988e-17 -2.8226826044e+03 -8.3936742923e+03 -1.9503031751e+11 -3.8196084400e+06 1.9970700755e+07 1.9126055783e+00 2.8376222416e+02 -2.1359473254e+10
1.5925853624e+05 1.8825452189e-13 4.7231329454e-14 -5.8148601845e+06 2.6988739692e+06 3.3540359376e-18 1.5301987802e-17 -2.6220436004e+03 -7.8528928888e+03 -2.3716459721e+11 -2.2570679838e+06 2.4633881599e+07 2.1654782184e+00 3.1980986654e+02 -2.2505696762e+10
1.5926008801e+05 1.8825971151e-13 4.7255081656e-14 -5.8187937021e+06 2.6870574004e+06 3.3345932211e-18 1.5310988781e-17 -2.4460562064e+03 -7.3715418774e+03 -2.7221553974e+11 -8.7728703824e+05 2.8779119044e+07 1.6007185567e+00 3.4127342716e+02 -2.2530053328e+10
1.5926168873e+05 1.8826503319e-13 4.7279597649e-14 -5.8225583816e+06 2.6756737247e+06 3.3145110981e-18 1.5320239573e-17 -2.2567803239e+03 -6.8483374496e+03 -3.0772903476e+11 6.1162752481e+05 3.3281602410e+07 1.4587754414e+00 3.5414617539e+02 -2.1705660953e+10
1.5926314751e+05 1.8826985496e-13 4.7301952570e-14 -5.8257228723e+06 2.6660388910e+06 3.2961882330e-18 1.5328641923e-17 -2.0817179679e+03 -6.3604056092e+03 -3.3844210411e+11 1.9902333999e+06 3.7479201885e+07 1.4301587492e+00 3.5710007718e+02 -2.0313801469e+10
1.5926457766e+05 1.8827455617e-13 4.7323880837e-14 -5.8285779935e+06 2.6572845493e+06 3.2782063545e-18 1.5336855282e-17 -1.9115460213e+03 -5.8831156169e+03 -3.6625179306e+11 3.3293071680e+06 4.1585217001e+07 1.4880482001e+00 3.5224172836e+02 -1.8520850007e+10
1.5926606571e+05 1.8827942037e-13 4.7346709161e-14 -5.8312936481e+06 2.6488930502e+06 3.2594787007e-18 1.5345377642e-17 -1.7395295667e+03 -5.3982052213e+03 -3.9225322325e+11 4.6796054840e+06 4.5757850899e+07 1.7328765298e+00 3.4016361142e+02 -1.6398693245e+10
1.5926779859e+05 1.8828504973e-13 4.7373309385e-14 -5.8341415555e+06 2.6400096370e+06 3.2376487186e-18 1.5355274632e-17 -1.5495127894e+03 -4.8602649745e+03 -4.1845149563e+11 6.1643794375e+06 5.0389447822e+07 1.7468152640e+00 3.1923304879e+02 -1.3842254609e+10
1.5926917713e+05 1.8828950098e-13 4.7394482674e-14 -5.8361792004e+06 2.6335889337e+06 3.2202677056e-18 1.5363128626e-17 -1.4083061028e+03 -4.4593075865e+03 -4.3617279766e+11 7.2608368638e+06 5.3844489667e+07 1.3964796016e+00 2.9908799970e+02 -1.1888577579e+10
1.5927057361e+05 1.8829398572e-13 4.7415942515e-14 -5.8380518009e+06 2.6276291224e+06 3.2026483131e-18 1.5371068991e-17 -1.2753157104e+03 -4.0810201290e+03 -4.5148135659e+11 8.2860321875e+06 5.7107352919e+07 1.2847697210e+00 2.7699243819e+02 -1.0066735543e+10
1.5927185838e+05 1.8829808997e-13 4.7435695485e-14 -5.8396166961e+06 2.6225954580e+06 3.1864283721e-18 1.5378361289e-17 -1.1622449859e+03 -3.7590936257e+03 -4.6343211652e+11 9.1502678585e+06 5.9887277799e+07 1.2279298125e+00 2.5614694794e+02 -8.5667483277e+09
1.5927308631e+05 1.8830199316e-13 4.7454583307e-14 -5.8409817730e+06 2.6181563404e+06 3.1709177508e-18 1.5385320373e-17 -1.0624713057e+03 -3.4749653842e+03 -4.7315820293e+11 9.9057147093e+06 6.2343927503e+07 1.1961073783e+00 2.3642307640e+02 -7.3023950699e+09
1.5927428242e+05 1.8830577688e-13 4.7472989852e-14 -5.8421982797e+06 2.6141545628e+06 3.1558018763e-18 1.5392089939e-17 -9.7285877958e+02 -3.2198725507e+03 -4.8123498497e+11 1.0577149179e+07 6.4552644438e+07 1.1793477978e+00 2.1783052169e+02 -6.2279682009e+09
1.5927546176e+05 1.8830948987e-13 4.7491146411e-14 -5.8432969739e+06 2.6104955838e+06 3.1408913034e-18 1.5398756472e-17 -8.9148887023e+02 -2.9884604869e+03 -4.8802618612e+11 1.1179747467e+07 6.6559459515e+07 1.1723767947e+00 2.0037701569e+02 -5.3116091983e+09
1.5927663414e+05 1.8831316349e-13 4.7509203437e-14 -5.8442979052e+06 2.6071176201e+06 3.1260628922e-18 1.5405376158e-17 -8.1707677043e+02 -2.7771463007e+03 -4.9378283045e+11 1.1723695044e+07 6.8395162860e+07 1.1722825645e+00 1.8406157790e+02 -4.5290604650e+09
1.5927780642e+05 1.8831681942e-13 4.7527266767e-14 -5.8452150996e+06 2.6039772713e+06 3.1112300999e-18 1.5411988447e-17 -7.4868970808e+02 -2.5833284371e+03 -4.9868995264e+11 1.2216403638e+07 7.0082103290e+07 1.1773468525e+00 1.6886990564e+02 -3.8606826470e+09
1.5927898377e+05 1.8832047365e-13 4.7545415929e-14 -5.8460589042e+06 2.6010423190e+06 3.0963279707e-18 1.5418622905e-17 -6.8560766953e+02 -2.4049964209e+03 -5.0289017937e+11 1.2663605450e+07 7.1637546412e+07 1.1864581746e+00 1.5477450535e+02 -3.2900278079e+09
1.5928017023e+05 1.8832413840e-13 4.7563713444e-14 -5.8468372354e+06 2.5982879072e+06 3.0813055091e-18 1.5425302702e-17 -6.2725114748e+02 -2.2405289147e+03 -5.0649670707e+11 1.3069921747e+07 7.3075411962e+07 1.1988464362e+00 1.4173725568e+02 -2.8030997912e+09
1.5928136908e+05 1.8832782331e-13 4.7582210056e-14 -5.8475563125e+06 2.5956943054e+06 3.0661213901e-18 1.5432046575e-17 -5.7313953679e+02 -2.0885776731e+03 -5.0960121241e+11 1.3439190879e+07 7.4407271927e+07 1.2139472766e+00 1.2971224060e+02 -2.3879003474e+09
1.5928258302e+05 1.8833153609e-13 4.7600947889e-14 -5.8482211207e+06 2.5932455004e+06 3.0507413760e-18 1.5438870017e-17 -5.2286531715e+02 -1.9479956391e+03 -5.1227903792e+11 1.3774672302e+07 7.5642968811e+07 1.2313263007e+00 1.1864827182e+02 -2.0341118324e+09
1.5928381435e+05 1.8833528294e-13 4.7619962434e-14 -5.8488357198e+06 2.5909282628e+06 3.0351366854e-18 1.5445786026e-17 -4.7607709551e+02 -1.8177897549e+03 -5.1459278159e+11 1.4079180973e+07 7.6791021229e+07 1.2506338795e+00 1.0849097548e+02 -1.7328539143e+09
1.5928506498e+05 1.8833906887e-13 4.7639283847e-14 -5.8494034585e+06 2.5887315014e+06 3.0192829298e-18 1.5452805595e-17 -4.3246795251e+02 -1.6970885329e+03 -5.1659488800e+11 1.4355180061e+07 7.7858902482e+07 1.2715769345e+00 9.9184456810e+01 -1.4764855622e+09
1.5928633656e+05 1.8834289787e-13 4.7658937814e-14 -5.8499271292e+06 2.5866458013e+06 3.0031594063e-18 1.5459938043e-17 -3.9176712600e+02 -1.5851188942e+03 -5.1832958203e+11 1.4604847403e+07 7.8853239393e+07 1.2939005549e+00 9.0672595404e+01 -1.2584380393e+09
1.5928763046e+05 1.8834677304e-13 4.7678946129e-14 -5.8504090830e+06 2.5846630833e+06 2.9867486194e-18 1.5467191238e-17 -3.5373388878e+02 -1.4811890867e+03 -5.1983435004e+11 1.4830124700e+07 7.9779958837e+07 1.3173757034e+00 8.2900032457e+01 -1.0730712709e+09
1.5928894784e+05 1.8835069670e-13 4.7699327093e-14 -5.8508513173e+06 2.5827763480e+06 2.9700359587e-18 1.5474571746e-17 -3.1815292012e+02 -1.3846757364e+03 -5.2114109884e+11 1.5032754924e+07 8.0644398710e+07 1.3417909752e+00 7.5812906343e+01 -9.1554908120e+08
1.5929028963e+05 1.8835467045e-13 4.7720095775e-14 -5.8512555450e+06 2.5809794783e+06 2.9530094796e-18 1.5482084939e-17 -2.8483072284e+02 -1.2950137872e+03 -5.2227707816e+11 1.5214311468e+07 8.1451394064e+07 1.3669470705e+00 6.9359384735e+01 -7.8173034004e+08
1.5929165657e+05 1.8835869520e-13 4.7741264194e-14 -5.8516232488e+06 2.5792670847e+06 2.9356597533e-18 1.5489735064e-17 -2.5359279276e+02 -1.2116885219e+03 -5.2326562535e+11 1.5376221308e+07 8.2205345364e+07 1.3926533626e+00 6.3490034219e+01 -6.6807388990e+08
1.5929304923e+05 1.8836277125e-13 4.7762841451e-14 -5.8519557270e+06 2.5776343819e+06 2.9179797600e-18 1.5497525297e-17 -2.2428133943e+02 -1.1342291074e+03 -5.2412677343e+11 1.5519783742e+07 8.2910273660e+07 1.4187255668e+00 5.8158060589e+01 -5.7155555692e+08
1.5929446795e+05 1.8836689828e-13 4.7784833814e-14 -5.8522541303e+06 2.5760770900e+06 2.8999648113e-18 1.5505457784e-17 -1.9675342792e+02 -1.0622033117e+03 -5.2487775218e+11 1.5646185716e+07 8.3569865734e+07 1.4449850632e+00 5.3319448878e+01 -4.8959585572e+08
1.5929591294e+05 1.8837107543e-13 4.7807244804e-14 -5.8525194938e+06 2.5745913525e+06 2.8816124807e-18 1.5513533670e-17 -1.7087943266e+02 -9.9521309217e+02 -5.2553340463e+11 1.5756514557e+07 8.4187511794e+07 1.4712587144e+00 4.8933023333e+01 -4.1999710646e+08
1.5929738420e+05 1.8837530128e-13 4.7830075272e-14 -5.8527527633e+06 2.5731736698e+06 2.8629225362e-18 1.5521753138e-17 -1.4654174150e+02 -9.3289089136e+02 -5.2610653523e+11 1.5851768583e+07 8.4766337162e+07 1.4973797545e+00 4.4960447163e+01 -3.6088889350e+08
1.5929888158e+05 1.8837957391e-13 4.7853323492e-14 -5.8529548191e+06 2.5718208432e+06 2.8438968616e-18 1.5530115440e-17 -1.2363365157e+02 -8.7489648178e+02 -5.2660820272e+11 1.5932866019e+07 8.5309229314e+07 1.5231890548e+00 4.1366175443e+01 -3.1068085249e+08
1.5930040477e+05 1.8838389096e-13 4.7876985271e-14 -5.8531264955e+06 2.5705299284e+06 2.8245393614e-18 1.5538618947e-17 -1.0205842214e+02 -8.2091426760e+02 -5.2704796749e+11 1.6000652478e+07 8.5818861078e+07 1.5485371468e+00 3.8117373547e+01 -2.6802190564e+08
1.5930195330e+05 1.8838824963e-13 4.7901054091e-14 -5.8532685980e+06 2.5692981964e+06 2.8048558397e-18 1.5547261199e-17 -8.1728450505e+01 -7.7065095415e+02 -5.2743410153e+11 1.6055907245e+07 8.6297710772e+07 1.5732864189e+00 3.5183809678e+01 -2.3176513304e+08
1.5930352659e+05 1.8839264674e-13 4.7925521291e-14 -5.8533819181e+06 2.5681231003e+06 2.7848538507e-18 1.5556038975e-17 -6.2564551435e+01 -7.2383353386e+02 -5.2777376701e+11 1.6099348509e+07 8.6748079721e+07 1.5973137775e+00 3.2537729352e+01 -2.0093757018e+08
1.5930512390e+05 1.8839707880e-13 4.7950376283e-14 -5.8534672454e+06 2.5670022478e+06 2.7645425165e-18 1.5564948372e-17 -4.4495319351e+01 -6.8020753556e+02 -5.2807316878e+11 1.6131637694e+07 8.7172107626e+07 1.6205134302e+00 3.0153717157e+01 -1.7471428674e+08
1.5930674442e+05 1.8840154208e-13 4.7975606813e-14 -5.8535253774e+06 2.5659333779e+06 2.7439323072e-18 1.5573984904e-17 -2.7456559718e+01 -6.3953550317e+02 -5.2833768496e+11 1.6153382981e+07 8.7571786068e+07 1.4689440949e+00 2.8008550419e+01 -1.5239618166e+08
1.5930798164e+05 1.8840492719e-13 4.7994879528e-14 -5.8535517277e+06 2.5651601712e+06 2.7281943887e-18 1.5580882665e-17 -1.5250191101e+01 -6.1067420172e+02 -5.2851699419e+11 1.6163150265e+07 8.7858300560e+07 1.2823390461e+00 2.6535462259e+01 -1.3778138163e+08
1.5930894354e+05 1.8840754556e-13 4.8009869364e-14 -5.8535620169e+06 2.5645830592e+06 2.7159571466e-18 1.5586244692e-17 -6.2064638458e+00 -5.8943513483e+02 -5.2864457856e+11 1.6166941137e+07 8.8070854654e+07 1.0759429153e+00 2.5479360290e+01 -1.2766373291e+08
1.5930990752e+05 1.8841015777e-13 4.8024896758e-14 -5.8535637807e+06 2.5640247196e+06 2.7036921751e-18 1.5591617674e-17 2.4869602445e+00 -5.6912984955e+02 -5.2876314835e+11 1.6167588832e+07 8.8275537029e+07 9.1930415127e-01 2.4493164836e+01 -1.1848935660e+08
1.5931082682e+05 1.8841263791e-13 4.8039232552e-14 -5.8535578106e+06 2.5635100852e+06 2.6919944193e-18 1.5596741104e-17 1.0449305906e+01 -5.5062253766e+02 -5.2886836814e+11 1.6165409772e+07 8.8463446301e+07 1.1561145720e+00 2.3615352023e+01 -1.1054663355e+08
1.5931198293e+05 1.8841574166e-13 4.8057267895e-14 -5.8535401462e+06 2.5628864301e+06 2.6772817285e-18 1.5603183606e-17 2.0030433673e+01 -5.2845789810e+02 -5.2899087335e+11 1.6158985169e+07 8.8690320364e+07 1.2911643922e+00 2.2592007875e+01 -1.0155373404e+08
1.5931327410e+05 1.8841918786e-13 4.8077418815e-14 -5.8535076645e+06 2.5622193562e+06 2.6608482922e-18 1.5610377820e-17 3.0191202344e+01 -5.0506204333e+02 -5.2911613597e+11 1.6147211221e+07 8.8932148972e+07 1.3855274655e+00 2.1546944320e+01 -9.2666743026e+07
1.5931465963e+05 1.8842286232e-13 4.8099052770e-14 -5.8534586250e+06 2.5615361230e+06 2.6432114112e-18 1.5618096895e-17 4.0496836818e+01 -4.8142319861e+02 -5.2923860730e+11 1.6129481661e+07 8.9179177468e+07 1.4584601186e+00 2.0530307431e+01 -8.4308724097e+07
1.5931611809e+05 1.8842670380e-13 4.8121837066e-14 -5.8533920347e+06 2.5608512156e+06 2.6246434749e-18 1.5626221372e-17 5.0714298112e+01 -4.5804212884e+02 -5.2935584888e+11 1.6105442366e+07 8.9426435936e+07 1.5187634894e+00 1.9566594170e+01 -7.6645273867e+07
1.5931763685e+05 1.8843067533e-13 4.8145576025e-14 -5.8533073435e+06 2.5601730968e+06 2.6053049451e-18 1.5634680882e-17 6.0704768908e+01 -4.3518857341e+02 -5.2946687252e+11 1.6074871668e+07 8.9671211355e+07 1.5711850787e+00 1.8668052851e+01 -6.9723636217e+07
1.5931920803e+05 1.8843475303e-13 4.8170147876e-14 -5.8532042789e+06 2.5595069461e+06 2.5852959094e-18 1.5643431544e-17 7.0379645439e+01 -4.1300703060e+02 -5.2957143845e+11 1.6037614157e+07 8.9912013420e+07 1.6186288807e+00 1.7840322050e+01 -6.3532353514e+07
1.5932082666e+05 1.8843892097e-13 4.8195476082e-14 -5.8530827449e+06 2.5588559760e+06 2.5646795223e-18 1.5652445675e-17 7.9679233860e+01 -3.9156831347e+02 -5.2966971064e+11 1.5993539595e+07 9.0148074908e+07 1.6630926349e+00 1.7085209905e+01 -5.8030599904e+07
1.5932248976e+05 1.8844316866e-13 4.8221515250e-14 -5.8529427526e+06 2.5582221321e+06 2.5434935238e-18 1.5661706740e-17 8.8561284366e+01 -3.7089744483e+02 -5.2976207233e+11 1.5942514242e+07 9.0379084372e+07 1.7061339701e+00 1.6402201080e+01 -5.3163704009e+07
1.5932419589e+05 1.8844748966e-13 4.8248244324e-14 -5.8527843655e+06 2.5576064921e+06 2.5217558296e-18 1.5671206891e-17 9.6994364646e+01 -3.5098980318e+02 -5.2984902263e+11 1.5884377914e+07 9.0605034227e+07 1.7491427311e+00 1.5789324137e+01 -4.8871660123e+07
1.5932594503e+05 1.8845188107e-13 4.8275664020e-14 -5.8526076479e+06 2.5570095000e+06 2.4994666540e-18 1.5680946029e-17 1.0495383285e+02 -3.3182083263e+02 -5.2993111788e+11 1.5818922437e+07 9.0826132607e+07 1.7935368385e+00 1.5243669357e+01 -4.5093821757e+07
1.5932773857e+05 1.8845634346e-13 4.8303797329e-14 -5.8524126110e+06 2.5564311009e+06 2.4766081391e-18 1.5690931959e-17 1.1241929464e+02 -3.1335188534e+02 -5.3000893945e+11 1.5745867811e+07 9.1042754631e+07 1.8409483421e+00 1.4761703607e+01 -4.1771414196e+07
1.5932957952e+05 1.8846088117e-13 4.8332692959e-14 -5.8521991438e+06 2.5558708067e+06 2.4531416111e-18 1.5701181579e-17 1.1937294175e+02 -2.9553343713e+02 -5.3008307894e+11 1.5664831706e+07 9.1255422173e+07 1.8640584147e+00 1.4339461312e+01 -3.8848750375e+07
1.5933144358e+05 1.8846543182e-13 4.8361970551e-14 -5.8519706155e+06 2.5553358903e+06 2.4293766893e-18 1.5711559699e-17 1.2570416449e+02 -2.7856559686e+02 -5.3015306963e+11 1.5576722986e+07 9.1461626950e+07 1.8812383236e+00 1.3977872612e+01 -3.6310665297e+07
1.5933332481e+05 1.8846997949e-13 4.8391537591e-14 -5.8517286778e+06 2.5548271553e+06 2.4053889220e-18 1.5722033418e-17 1.3139100779e+02 -2.6244726360e+02 -5.3021925509e+11 1.5481806208e+07 9.1661181835e+07 1.8998381957e+00 1.3671815414e+01 -3.4107744299e+07
1.5933522465e+05 1.8847452633e-13 4.8421416958e-14 -5.8514741522e+06 2.5543432564e+06 2.3811601644e-18 1.5732610755e-17 1.3643885106e+02 -2.4711587010e+02 -5.3028218578e+11 1.5380018736e+07 9.1854666534e+07 1.9198856293e+00 1.3414735208e+01 -3.2187009985e+07
1.5933714454e+05 1.8847907438e-13 4.8451632033e-14 -5.8512078597e+06 2.5538829731e+06 2.3566719111e-18 1.5743299878e-17 1.4085241063e+02 -2.3251947795e+02 -5.3034232707e+11 1.5271290144e+07 9.2042571310e+07 1.9413887707e+00 1.3200386514e+01 -3.0502935032e+07
1.5933908593e+05 1.8848362555e-13 4.8482206391e-14 -5.8509306286e+06 2.5534451934e+06 2.3319055454e-18 1.5754108999e-17 1.4463678763e+02 -2.1861594192e+02 -5.3040007021e+11 1.5155552612e+07 9.2225303438e+07 1.9641129045e+00 1.3022786216e+01 -2.9016260394e+07
1.5934105004e+05 1.8848818107e-13 4.8513159979e-14 -5.8506433334e+06 2.5530289437e+06 2.3068454380e-18 1.5765045021e-17 1.4779820547e+02 -2.0537348545e+02 -5.3045573529e+11 1.5032765702e+07 9.2403174241e+07 1.9874641197e+00 1.2876209650e+01 -2.7693225632e+07
1.5934303750e+05 1.8849274064e-13 4.8544503437e-14 -5.8503469530e+06 2.5526334238e+06 2.2814835346e-18 1.5776111538e-17 1.5034501630e+02 -1.9277138637e+02 -5.3050957130e+11 1.4902952307e+07 9.2576381319e+07 2.0103544147e+00 1.2755203707e+01 -2.6504994616e+07
1.5934504786e+05 1.8849730144e-13 4.8576230265e-14 -5.8500426488e+06 2.5522580456e+06 2.2558256684e-18 1.5787306080e-17 1.5228908857e+02 -1.8080061657e+02 -5.3056175372e+11 1.4766248145e+07 9.2744986672e+07 2.0310930666e+00 1.2654620700e+01 -2.5427255097e+07
1.5934707895e+05 1.8850185690e-13 4.8608307240e-14 -5.8497318564e+06 2.5519024617e+06 2.2298992646e-18 1.5798616762e-17 1.5364766170e+02 -1.6946401238e+02 -5.3061238080e+11 1.4622963533e+07 9.2908895196e+07 2.0473968894e+00 1.2569676830e+01 -2.4439953554e+07
1.5934912635e+05 1.8850639563e-13 4.8640664951e-14 -5.8494163679e+06 2.5515665677e+06 2.2037609208e-18 1.5810018970e-17 1.5444559735e+02 -1.5877521108e+02 -5.3066147203e+11 1.4473647797e+07 9.3067843998e+07 2.0566510269e+00 1.2496036978e+01 -2.3527095887e+07
1.5935118300e+05 1.8851090100e-13 4.8673192421e-14 -5.8490983608e+06 2.5512504469e+06 2.1775006620e-18 1.5821473519e-17 1.5471760779e+02 -1.4875537465e+02 -5.3070897420e+11 1.4319133619e+07 9.3221419171e+07 2.0565032631e+00 1.2429920156e+01 -2.2676503977e+07
1.5935323950e+05 1.8851535203e-13 4.8705741111e-14 -5.8487803196e+06 2.5509542389e+06 2.1512386078e-18 1.5832928099e-17 1.5450957047e+02 -1.3942710122e+02 -5.3075478066e+11 1.4160528315e+07 9.3369116250e+07 2.0456613848e+00 1.2368206086e+01 -2.1879399226e+07
1.5935528516e+05 1.8851972601e-13 4.8738141576e-14 -5.8484648237e+06 2.5506779455e+06 2.1251114501e-18 1.5844323182e-17 1.5387782167e+02 -1.3080629253e+02 -5.3079876505e+11 1.3999127064e+07 9.3510444556e+07 2.0244835733e+00 1.2308508784e+01 -2.1129739302e+07
1.5935730965e+05 1.8852400209e-13 4.8770229564e-14 -5.8481542473e+06 2.5504212407e+06 2.0992513755e-18 1.5855601205e-17 1.5288587616e+02 -1.2289455855e+02 -5.3084082135e+11 1.3836259162e+07 9.3645046649e+07 1.9949378688e+00 1.2249182009e+01 -2.0423376275e+07
1.5935930459e+05 1.8852816455e-13 4.8801871589e-14 -5.8478504856e+06 2.5501833677e+06 2.0737654882e-18 1.5866715545e-17 1.5159930368e+02 -1.1567529276e+02 -5.3088089563e+11 1.3673121577e+07 9.3772785249e+07 1.9599265838e+00 1.2189243943e+01 -1.9757240084e+07
1.5936126451e+05 1.8853220444e-13 4.8832979888e-14 -5.8475548126e+06 2.5499631657e+06 2.0487238507e-18 1.5877635729e-17 1.5008051318e+02 -1.0911477101e+02 -5.3091899844e+11 1.3510663198e+07 9.3893765020e+07 1.9224169811e+00 1.2128242440e+01 -1.9128747233e+07
1.5936318693e+05 1.8853611932e-13 4.8863513621e-14 -5.8472678954e+06 2.5497591940e+06 2.0241586271e-18 1.5888347801e-17 1.4838503156e+02 -1.0316695465e+02 -5.3095519805e+11 1.3349548090e+07 9.4008293951e+07 1.8848342964e+00 1.2066101478e+01 -1.8535496158e+07
1.5936507176e+05 1.8853991183e-13 4.8893470422e-14 -5.8469899115e+06 2.5495698859e+06 2.0000709872e-18 1.5898851312e-17 1.4655981524e+02 -9.7779400630e+01 -5.3098960306e+11 1.3190182365e+07 9.4116815129e+07 1.8488528633e+00 1.2002983521e+01 -1.7975174854e+07
1.5936692062e+05 1.8854358782e-13 4.8922874584e-14 -5.8467206987e+06 2.5493936782e+06 1.9764406868e-18 1.5909155142e-17 1.4464320015e+02 -9.2898271710e+01 -5.3102234390e+11 1.3032770983e+07 9.4219839201e+07 1.8154639522e+00 1.1939183844e+01 -1.7445568447e+07
1.5936873608e+05 1.8854715491e-13 4.8951766267e-14 -5.8464598867e+06 2.5492290961e+06 1.9532347895e-18 1.5919273697e-17 1.4266577921e+02 -8.8471693035e+01 -5.3105355810e+11 1.2877377286e+07 9.4317893130e+07 1.7851510925e+00 1.1875057459e+01 -1.6944588825e+07
1.5936873608e+05 1.8854715491e-13 4.8951766267e-14 -5.8464598867e+06 2.5492290961e+06 1.9532347895e-18 1.5919273697e-17 1.4266577921e+02 -8.8471693035e+01 -5.3105355810e+11 1.2877377286e+07 9.4317893130e+07 1.7851510925e+00 1.1875057459e+01 -1.6944588825e+07
