0.0000000000e+00 0.0000000000e+00 0.0000000000e+00 3.1415900000e+08 0.0000000000e+00 0.0000000000e+00 0.0000000000e+00 -1.1768909620e+03 2.3436651790e+02 -4.6638892996e+09 -1.0003573177e+07 1.9921154021e+06 1.0000000000e+01 0.0000000000e+00 -0.0000000000e+00
1.0000000000e+01 2.8740013458e-22 7.1470255109e-28 3.1414723089e+08 2.3436651785e+03 5.7480744714e-23 2.1441478163e-28 -1.1769313473e+03 2.3436651775e+02 -4.6638892996e+09 -1.0003573177e+07 1.9921154021e+06 5.0000000000e+01 0.0000000000e+00 -0.0000000000e+00
6.0000000000e+01 1.0347697117e-20 1.5441913860e-25 3.1408837927e+08 1.4061990966e+04 3.4494908733e-22 7.7218249182e-27 -1.1771333192e+03 2.3436651247e+02 -4.6638892996e+09 -1.0003573177e+07 1.9921154021e+06 2.5000000000e+02 0.0000000000e+00 -0.0000000000e+00
3.1000000000e+02 2.7639869535e-19 2.1327656208e-23 3.1379396961e+08 7.2653605564e+04 1.7839086921e-21 2.0651671048e-25 -1.1781443153e+03 2.3436637280e+02 -4.6638892996e+09 -1.0003573177e+07 1.9921154021e+06 1.2500000000e+03 0.0000000000e+00 -0.0000000000e+00
1.5600000000e+03 7.0213981966e-18 2.7371394597e-21 3.1231811695e+08 3.6560984484e+05 9.0194584261e-21 5.2792353227e-24 -1.1832279274e+03 2.3436280877e+02 -4.6638892996e+09 -1.0003573177e+07 1.9921154022e+06 3.6000000000e+03 0.0000000000e+00 -0.0000000000e+00
5.1600000000e+03 7.7524978026e-17 1.0111398319e-19 3.0803177450e+08 1.2092601909e+06 3.0246905291e-20 5.9370885399e-23 -1.1981420818e+03 2.3432480461e+02 -4.6638892995e+09 -1.0003573177e+07 1.9921154021e+06 3.6000000000e+03 0.0000000000e+00 -0.0000000000e+00
8.7600000000e+03 2.2552173871e-16 5.0522569072e-19 3.0369098625e+08 2.0526957312e+06 5.2076622718e-20 1.7599508516e-22 -1.2134793845e+03 2.3424286582e+02 -4.6638892994e+09 -1.0003573177e+07 1.9921154021e+06 3.6000000000e+03 0.0000000000e+00 -0.0000000000e+00
1.2360000000e+04 4.5323969029e-16 1.4498317552e-18 2.9929418684e+08 2.8957515265e+06 7.4542291749e-20 3.6059989801e-22 -1.2292634992e+03 2.3411316465e+02 -4.6638892993e+09 -1.0003573177e+07 1.9921154021e+06 3.6000000000e+03 0.0000000000e+00 -0.0000000000e+00
1.5960000000e+04 7.6303300094e-16 3.1903314716e-18 2.9483972224e+08 3.7382481363e+06 9.7680366896e-20 6.1921571616e-22 -1.2455200386e+03 2.3393146422e+02 -4.6638892991e+09 -1.0003573177e+07 1.9921154021e+06 3.6000000000e+03 0.0000000000e+00 -0.0000000000e+00
1.9560000000e+04 1.1573925196e-15 6.0049953685e-18 2.9032584242e+08 4.5799900510e+06 1.2153038163e-19 9.5853216858e-22 -1.2622767784e+03 2.3369306448e+02 -4.6638892990e+09 -1.0003573177e+07 1.9921154021e+06 3.6000000000e+03 0.0000000000e+00 -0.0000000000e+00
2.3160000000e+04 1.6389574726e-15 1.0197495049e-17 2.8575069308e+08 5.4207639145e+06 1.4613529641e-19 1.3859873498e-21 -1.2795639020e+03 2.3339273949e+02 -4.6638892988e+09 -1.0003573177e+07 1.9921154021e+06 3.6000000000e+03 0.0000000000e+00 -0.0000000000e+00
2.6760000000e+04 2.2105285014e-15 1.6099779883e-17 2.8111230654e+08 6.2603365031e+06 1.7154189651e-19 1.9098717169e-21 -1.2974142804e+03 2.3302466450e+02 -4.6638892986e+09 -1.0003573177e+07 1.9921154021e+06 3.6000000000e+03 0.0000000000e+00 -0.0000000000e+00
3.0360000000e+04 2.8750822335e-15 2.4075358346e-17 2.7640859144e+08 7.0984524199e+06 1.9780124834e-19 2.5394495263e-21 -1.3158637920e+03 2.3258233054e+02 -4.6638892983e+09 -1.0003573177e+07 1.9921154021e+06 3.6000000000e+03 0.0000000000e+00 -0.0000000000e+00
3.3960000000e+04 3.6357876180e-15 3.4523053281e-17 2.7163732132e+08 7.9348314568e+06 2.2496922467e-19 3.2851013371e-21 -1.3349516926e+03 2.3205844435e+02 -4.6638892980e+09 -1.0003573177e+07 1.9921154021e+06 3.6000000000e+03 0.0000000000e+00 -0.0000000000e+00
3.7560000000e+04 4.4960242943e-15 4.7881314491e-17 2.6679612169e+08 8.7691655641e+06 2.5310711164e-19 4.1584919446e-21 -1.3547210409e+03 2.3144481038e+02 -4.6638892977e+09 -1.0003573177e+07 1.9921154021e+06 3.6000000000e+03 0.0000000000e+00 -0.0000000000e+00
4.1160000000e+04 5.4594033161e-15 6.4633189610e-17 2.6188245546e+08 9.6011153581e+06 2.8228231306e-19 5.1727691614e-21 -1.3752191942e+03 2.3073219114e+02 -4.6638892972e+09 -1.0003573177e+07 1.9921154021e+06 3.6000000000e+03 0.0000000000e+00 -0.0000000000e+00
4.4760000000e+04 6.5297906141e-15 8.5312076035e-17 2.5689360648e+08 1.0430306080e+07 3.1256917103e-19 6.3428002253e-21 -1.3964983843e+03 2.2991014108e+02 -4.6638892967e+09 -1.0003573177e+07 1.9921154022e+06 3.6000000000e+03 0.0000000000e+00 -0.0000000000e+00
4.8360000000e+04 7.7113336565e-15 1.1050840415e-16 2.5182666077e+08 1.1256322901e+07 3.4404992657e-19 7.6854543602e-21 -1.4186163928e+03 2.2896680808e+02 -4.6638892962e+09 -1.0003573177e+07 1.9921154021e+06 3.6000000000e+03 0.0000000000e+00 -0.0000000000e+00
5.1960000000e+04 9.0084918637e-15 1.4087743663e-16 2.4667848521e+08 1.2078705440e+07 3.7681584946e-19 9.2199422961e-21 -1.4416373447e+03 2.2788869491e+02 -4.6638892954e+09 -1.0003573177e+07 1.9921154022e+06 3.6000000000e+03 0.0000000000e+00 -0.0000000000e+00
5.5560000000e+04 1.0426071447e-14 1.7714841272e-16 2.4144570301e+08 1.2896941344e+07 4.1096857394e-19 1.0968226532e-20 -1.4656326471e+03 2.2666037098e+02 -4.6638892946e+09 -1.0003573177e+07 1.9921154021e+06 3.6000000000e+03 0.0000000000e+00 -0.0000000000e+00
5.9160000000e+04 1.1969265497e-14 2.2013532264e-16 2.3612466556e+08 1.3710458711e+07 4.4662168644e-19 1.2955520069e-20 -1.4906821045e+03 2.2526412192e+02 -4.6638892935e+09 -1.0003573177e+07 1.9921154021e+06 3.6000000000e+03 0.0000000000e+00 -0.0000000000e+00
6.2760000000e+04 1.3643700322e-14 2.7074967023e-16 2.3071141989e+08 1.4518617130e+07 4.8390262383e-19 1.5210896581e-20 -1.5168752525e+03 2.2367952091e+02 -4.6638892923e+09 -1.0003573177e+07 1.9921154021e+06 3.6000000000e+03 0.0000000000e+00 -0.0000000000e+00
6.6360000000e+04 1.5455489294e-14 3.3001567659e-16 2.2520167081e+08 1.5320696996e+07 5.2295495703e-19 1.7768042081e-20 -1.5443129624e+03 2.2188290057e+02 -4.6638892907e+09 -1.0003573177e+07 1.9921154022e+06 3.6000000000e+03 0.0000000000e+00 -0.0000000000e+00
6.9960000000e+04 1.7411295746e-14 3.9908850204e-16 2.1959073675e+08 1.6115886706e+07 5.6394115669e-19 2.0666187700e-20 -1.5731093841e+03 2.1984669755e+02 -4.6638892887e+09 -1.0003573177e+07 1.9921154022e+06 3.6000000000e+03 0.0000000000e+00 -0.0000000000e+00
7.3560000000e+04 1.9518406880e-14 4.7927622906e-16 2.1387349779e+08 1.6903267217e+07 6.0704596667e-19 2.3951276445e-20 -1.6033943165e+03 2.1753863285e+02 -4.6638892862e+09 -1.0003573177e+07 1.9921154022e+06 3.6000000000e+03 0.0000000000e+00 -0.0000000000e+00
7.7160000000e+04 2.1784821151e-14 5.7206657006e-16 2.0804433432e+08 1.7681793279e+07 6.5248055069e-19 2.7677435113e-20 -1.6353161207e+03 2.1492067761e+02 -4.6638892830e+09 -1.0003573177e+07 1.9921154021e+06 3.6000000000e+03 0.0000000000e+00 -0.0000000000e+00
8.0760000000e+04 2.4219352297e-14 6.7915956400e-16 2.0209705392e+08 1.8450270466e+07 7.0048763219e-19 3.1908848402e-20 -1.6690453313e+03 2.1194773641e+02 -4.6638892789e+09 -1.0003573177e+07 1.9921154022e+06 3.6000000000e+03 0.0000000000e+00 -0.0000000000e+00
8.4360000000e+04 2.6831754080e-14 8.0250793785e-16 1.9602480370e+08 1.9207326814e+07 7.5134792290e-19 3.6722169127e-20 -1.7047791732e+03 2.0856595390e+02 -4.6638892736e+09 -1.0003573177e+07 1.9921154022e+06 3.6000000000e+03 0.0000000000e+00 -0.0000000000e+00
8.7960000000e+04 2.9632871083e-14 9.4436738065e-16 1.8981996438e+08 1.9951377503e+07 8.0538824276e-19 4.2209651908e-20 -1.7427472662e+03 2.0471051305e+02 -4.6638892666e+09 -1.0003573177e+07 1.9921154022e+06 3.6000000000e+03 0.0000000000e+00 -0.0000000000e+00
9.1560000000e+04 3.2634822581e-14 1.1073597851e-15 1.8347402111e+08 2.0680580422e+07 8.6299188691e-19 4.8483276342e-20 -1.7832189089e+03 2.0030273833e+02 -4.6638892572e+09 -1.0003573177e+07 1.9921154022e+06 3.6000000000e+03 0.0000000000e+00 -0.0000000000e+00
9.5160000000e+04 3.5851228908e-14 1.2945536668e-15 1.7697740440e+08 2.1392779667e+07 9.2461201803e-19 5.5680243593e-20 -1.8265124881e+03 1.9524623381e+02 -4.6638892446e+09 -1.0003573177e+07 1.9921154022e+06 3.6000000000e+03 0.0000000000e+00 -0.0000000000e+00
9.8760000000e+04 3.9297493079e-14 1.5095676539e-15 1.7031929228e+08 2.2085432834e+07 9.9078919281e-19 6.3970410405e-20 -1.8730077925e+03 1.8942166014e+02 -4.6638892271e+09 -1.0003573177e+07 1.9921154021e+06 3.6000000000e+03 0.0000000000e+00 -0.0000000000e+00
1.0236000000e+05 4.2991155261e-14 1.7567054391e-15 1.6348736122e+08 2.2755516198e+07 1.0621746297e-18 7.3566505626e-20 -1.9231623607e+03 1.8267955654e+02 -4.6638892026e+09 -1.0003573177e+07 1.9921154021e+06 3.6000000000e+03 0.0000000000e+00 -0.0000000000e+00
1.0596000000e+05 4.6952344762e-14 2.0411343699e-15 1.5646746862e+08 2.3399399242e+07 1.1395615962e-18 8.4738423438e-20 -1.9775335329e+03 1.7483029851e+02 -4.6638891673e+09 -1.0003573177e+07 1.9921154022e+06 3.6000000000e+03 0.0000000000e+00 -0.0000000000e+00
1.0956000000e+05 5.1204364778e-14 2.3691257290e-15 1.4924324191e+08 2.4012675836e+07 1.2239285116e-18 9.7833624335e-20 -2.0368087351e+03 1.6562976443e+02 -4.6638891153e+09 -1.0003573177e+07 1.9921154022e+06 3.6000000000e+03 0.0000000000e+00 -0.0000000000e+00
1.1316000000e+05 5.5774461360e-14 2.7483841071e-15 1.4179553836e+08 2.4589932826e+07 1.3164993437e-18 1.1330691997e-19 -2.1018479127e+03 1.5475840895e+02 -4.6638890367e+09 -1.0003573177e+07 1.9921154021e+06 3.3511973869e+03 0.0000000000e+00 -0.0000000000e+00
1.1617443693e+05 5.9869144597e-14 3.1123043596e-15 1.3537099851e+08 2.5040729824e+07 1.4014433942e-18 1.2852826506e-19 -2.1615286032e+03 1.4406407097e+02 -4.6638889880e+09 -1.0003573177e+07 1.9921154021e+06 3.0338532503e+03 0.0000000000e+00 -0.0000000000e+00
1.1920829018e+05 6.4260625647e-14 3.5286742352e-15 1.2871508112e+08 2.5459226870e+07 1.4950040496e-18 1.4643383839e-19 -2.2272632190e+03 1.3148382580e+02 -4.6638889128e+09 -1.0003573177e+07 1.9921154021e+06 2.7400009497e+03 0.0000000000e+00 -0.0000000000e+00
1.2167090786e+05 6.8042943248e-14 3.9095821897e-15 1.2315943678e+08 2.5768760553e+07 1.5779088640e-18 1.6330552167e-19 -2.2855111662e+03 1.1962997962e+02 -4.6638888737e+09 -1.0003573177e+07 1.9921154021e+06 2.4792838174e+03 0.0000000000e+00 -0.0000000000e+00
1.2415019168e+05 7.2065984217e-14 4.3381410096e-15 1.1741504881e+08 2.6048721283e+07 1.6687443535e-18 1.8288357457e-19 -2.3493311125e+03 1.0587466998e+02 -4.6638888148e+09 -1.0003573177e+07 1.9921154021e+06 2.2380111747e+03 0.0000000000e+00 -0.0000000000e+00
1.2615843568e+05 7.5496395593e-14 4.7232714195e-15 1.1264139791e+08 2.6248798343e+07 1.7485931032e-18 2.0104389130e-19 -2.4054319046e+03 9.3115445096e+01 -4.6638887853e+09 -1.0003573177e+07 1.9921154021e+06 2.0231994746e+03 0.0000000000e+00 -0.0000000000e+00
1.2797821108e+05 7.8748492850e-14 5.1057045944e-15 1.0821483543e+08 2.6406599716e+07 1.8265260322e-18 2.1963230883e-19 -2.4601866637e+03 8.0055441624e+01 -4.6638887602e+09 -1.0003573177e+07 1.9921154021e+06 1.8338194803e+03 0.0000000000e+00 -0.0000000000e+00
1.2962150275e+05 8.1811373177e-14 5.4818168229e-15 1.0412891663e+08 2.6527480236e+07 1.9020860333e-18 2.3847556599e-19 -2.5132742315e+03 6.6816390831e+01 -4.6638887396e+09 -1.0003573177e+07 1.9921154021e+06 1.6575380617e+03 0.0000000000e+00 -0.0000000000e+00
1.3109775131e+05 8.4672343930e-14 5.8475553375e-15 1.0038144864e+08 2.6616499894e+07 1.9747107097e-18 2.5735422544e-19 -2.5642994748e+03 5.3552466801e+01 -4.6638887233e+09 -1.0003573177e+07 1.9921154021e+06 1.4913729399e+03 0.0000000000e+00 -0.0000000000e+00
1.3241224583e+05 8.7312919436e-14 6.1978801569e-15 9.6979194639e+07 2.6678439301e+07 2.0436239001e-18 2.7596890486e-19 -2.6127170716e+03 4.0474012037e+01 -4.6638887112e+09 -1.0003573177e+07 1.9921154021e+06 1.3317191400e+03 0.0000000000e+00 -0.0000000000e+00
1.3356377305e+05 8.9702729482e-14 6.5258252655e-15 9.3944920239e+07 2.6717908350e+07 2.1076564963e-18 2.9388147762e-19 -2.6577056203e+03 2.7888849156e+01 -4.6638887031e+09 -1.0003573177e+07 1.9921154022e+06 1.1735965007e+03 0.0000000000e+00 -0.0000000000e+00
1.3453739387e+05 9.1782347955e-14 6.8198688097e-15 9.1337959228e+07 2.6739500936e+07 2.1647423847e-18 3.1035486238e-19 -2.6978134940e+03 1.6314842826e+01 -4.6638886987e+09 -1.0003573177e+07 1.9921154022e+06 1.0091068664e+03 0.0000000000e+00 -0.0000000000e+00
1.3526592655e+05 9.3375589695e-14 7.0507374721e-15 8.9361162795e+07 2.6748038998e+07 2.2093806343e-18 3.2356940582e-19 -2.7291758029e+03 7.0304600670e+00 -4.6638886974e+09 -1.0003573177e+07 1.9921154022e+06 8.3109247834e+02 0.0000000000e+00 -0.0000000000e+00
1.3600151773e+05 9.5017914813e-14 7.2939173963e-15 8.7341573874e+07 2.6749581588e+07 2.2562517014e-18 3.3776155351e-19 -2.7621068632e+03 -2.9407759307e+00 -4.6638886958e+09 -1.0003573177e+07 1.9921154022e+06 6.9538599172e+02 0.0000000000e+00 -0.0000000000e+00
1.3669690372e+05 9.6602802348e-14 7.5337045484e-15 8.5409657049e+07 2.6744085149e+07 2.3023430850e-18 3.5203569890e-19 -2.7944901271e+03 -1.2969622550e+01 -4.6638886944e+09 -1.0003573177e+07 1.9921154022e+06 8.6386616156e+02 0.0000000000e+00 -0.0000000000e+00
1.3756076988e+05 9.8617358906e-14 7.8459211732e-15 8.2977577034e+07 2.6727186726e+07 2.3622037047e-18 3.7104793701e-19 -2.8365474943e+03 -2.6327397370e+01 -4.6638886893e+09 -1.0003573177e+07 1.9921154021e+06 9.4855590367e+02 0.0000000000e+00 -0.0000000000e+00
1.3850932579e+05 1.0089061760e-13 8.2084868419e-15 8.0264065351e+07 2.6694762097e+07 2.4315511202e-18 3.9374783517e-19 -2.8852701726e+03 -4.2276078761e+01 -4.6638886790e+09 -1.0003573177e+07 1.9921154022e+06 9.9010553527e+02 0.0000000000e+00 -0.0000000000e+00
1.3949943132e+05 1.0333575722e-13 8.6110058922e-15 7.7380892761e+07 2.6644004534e+07 2.5083985061e-18 4.1975639480e-19 -2.9392622418e+03 -6.0549386773e+01 -4.6638886623e+09 -1.0003573177e+07 1.9921154022e+06 1.0057247951e+03 0.0000000000e+00 -0.0000000000e+00
1.4050515612e+05 1.0589992113e-13 9.0475980895e-15 7.4395712947e+07 2.6572968211e+07 2.5916624618e-18 4.4896044022e-19 -2.9977625175e+03 -8.1067805510e+01 -4.6638886382e+09 -1.0003573177e+07 1.9921154021e+06 1.0041190815e+03 0.0000000000e+00 -0.0000000000e+00
1.4150927520e+05 1.0854642542e-13 9.5143865456e-15 7.1354571496e+07 2.6480340026e+07 2.6806722908e-18 4.8137168724e-19 -3.0602997762e+03 -1.0383956636e+02 -4.6638886059e+09 -1.0003573177e+07 1.9921154021e+06 9.9049482576e+02 0.0000000000e+00 -0.0000000000e+00
1.4249977003e+05 1.1124775508e-13 1.0008532685e-14 6.8290944645e+07 2.6365297586e+07 2.7749789356e-18 5.1707360288e-19 -3.1265585153e+03 -1.2892331227e+02 -4.6638885643e+09 -1.0003573177e+07 1.9921154022e+06 9.6830733005e+02 0.0000000000e+00 -0.0000000000e+00
1.4346807736e+05 1.1398225395e-13 1.0527794907e-14 6.5230125764e+07 2.6227408874e+07 2.8742655804e-18 5.5619773120e-19 -3.1963161439e+03 -1.5641146454e+02 -4.6638885127e+09 -1.0003573177e+07 1.9921154022e+06 9.4000504492e+02 0.0000000000e+00 -0.0000000000e+00
1.4440808240e+05 1.1673234358e-13 1.1070301346e-14 6.2191661704e+07 2.6066555942e+07 2.9782999354e-18 5.9891198222e-19 -3.2694094578e+03 -1.8642199478e+02 -4.6638884502e+09 -1.0003573177e+07 1.9921154022e+06 9.0739764138e+02 0.0000000000e+00 -0.0000000000e+00
1.4531548004e+05 1.1948346994e-13 1.1634423289e-14 5.9190844605e+07 2.5882874127e+07 3.0869061818e-18 6.4541453988e-19 -3.3457149288e+03 -2.1909414471e+02 -4.6638883758e+09 -1.0003573177e+07 1.9921154022e+06 8.7185949143e+02 0.0000000000e+00 -0.0000000000e+00
1.4618733953e+05 1.2222343319e-13 1.2218700917e-14 5.6239695104e+07 2.5676702213e+07 3.1999471686e-18 6.9593071864e-19 -3.4251361962e+03 -2.5458621760e+02 -4.6638882886e+09 -1.0003573177e+07 1.9921154022e+06 8.3445233063e+02 0.0000000000e+00 -0.0000000000e+00
1.4702179186e+05 1.2494193481e-13 1.2821798303e-14 5.3347648448e+07 2.5448540772e+07 3.3173123575e-18 7.5071151609e-19 -3.5075955971e+03 -2.9307456140e+02 -4.6638881877e+09 -1.0003573177e+07 1.9921154022e+06 7.9600448993e+02 0.0000000000e+00 -0.0000000000e+00
1.4781779635e+05 1.2763025556e-13 1.3442475733e-14 5.0522055424e+07 2.5199016912e+07 3.4389091681e-18 8.1003322564e-19 -3.5930280858e+03 -3.3475329663e+02 -4.6638880721e+09 -1.0003573177e+07 1.9921154022e+06 7.5716501209e+02 0.0000000000e+00 -0.0000000000e+00
1.4857496137e+05 1.3028101622e-13 1.4079572691e-14 4.7768561511e+07 2.4928854212e+07 3.5646564034e-18 8.7419776758e-19 -3.6813766139e+03 -3.7983454892e+02 -4.6638879409e+09 -1.0003573177e+07 1.9921154022e+06 7.1844233313e+02 0.0000000000e+00 -0.0000000000e+00
1.4929340370e+05 1.3288799263e-13 1.4731997668e-14 4.5091402266e+07 2.4638846927e+07 3.6944789705e-18 9.4353354927e-19 -3.7725884222e+03 -4.2854905342e+02 -4.6638877929e+09 -1.0003573177e+07 1.9921154022e+06 6.8023295401e+02 0.0000000000e+00 -0.0000000000e+00
1.4997363665e+05 1.3544596800e-13 1.5398722418e-14 4.2493638846e+07 2.4329837790e+07 3.8283034013e-18 1.0183967488e-18 -3.8666118929e+03 -4.8114705668e+02 -4.6638876272e+09 -1.0003573177e+07 1.9921154022e+06 6.4284333241e+02 0.0000000000e+00 -0.0000000000e+00
1.5061647999e+05 1.3795061149e-13 1.6078779199e-14 3.9977349294e+07 2.4002698850e+07 3.9660538422e-18 1.0991729668e-18 -3.9633937321e+03 -5.3789947711e+02 -4.6638874427e+09 -1.0003573177e+07 1.9921154022e+06 6.0650698627e+02 0.0000000000e+00 -0.0000000000e+00
1.5122298697e+05 1.4039837593e-13 1.6771260049e-14 3.7543786205e+07 2.3658314882e+07 4.1076482755e-18 1.1862792216e-18 -4.0628763151e+03 -5.9909930695e+02 -4.6638872381e+09 -1.0003573177e+07 1.9921154022e+06 5.7139810667e+02 0.0000000000e+00 -0.0000000000e+00
1.5179438508e+05 1.4278641014e-13 1.7475317499e-14 3.5193508192e+07 2.3297568985e+07 4.2529947962e-18 1.2801662865e-18 -4.1649950706e+03 -6.6506325424e+02 -4.6638870125e+09 -1.0003573177e+07 1.9921154022e+06 5.3764254712e+02 0.0000000000e+00 -0.0000000000e+00
1.5233202763e+05 1.4511248245e-13 1.8190166322e-14 3.2926490498e+07 2.2921330023e+07 4.4019877926e-18 1.3813213833e-18 -4.2696757970e+03 -7.3613363517e+02 -4.6638867645e+09 -1.0003573177e+07 1.9921154022e+06 5.0532679418e+02 0.0000000000e+00 -0.0000000000e+00
1.5283735442e+05 1.4737491324e-13 1.8915086097e-14 3.0742218710e+07 2.2530441599e+07 4.5545039005e-18 1.4902712609e-18 -4.3768318201e+03 -8.1268053739e+02 -4.6638864931e+09 -1.0003573177e+07 1.9921154022e+06 4.7450535232e+02 0.0000000000e+00 -0.0000000000e+00
1.5331185977e+05 1.4957251497e-13 1.9649424457e-14 2.8639768525e+07 2.2125712274e+07 4.7103976005e-18 1.6075857043e-18 -4.4863608997e+03 -8.9510428516e+02 -4.6638861970e+09 -1.0003573177e+07 1.9921154022e+06 4.4520686157e+02 0.0000000000e+00 -0.0000000000e+00
1.5375706663e+05 1.5170453856e-13 2.0392600984e-14 2.6617873903e+07 2.1707906772e+07 4.8694963225e-18 1.7338815313e-18 -4.5981417900e+03 -9.8383824739e+02 -4.6638858751e+09 -1.0003573177e+07 1.9921154022e+06 4.1743919383e+02 0.0000000000e+00 -0.0000000000e+00
1.5417450583e+05 1.5377062515e-13 2.1144111773e-14 2.4674985355e+07 2.1277737903e+07 5.0315949072e-18 1.8698271548e-18 -4.7120303485e+03 -1.0793520431e+03 -4.6638855261e+09 -1.0003573177e+07 1.9921154022e+06 3.9119371000e+02 0.0000000000e+00 -0.0000000000e+00
1.5456569954e+05 1.5577076281e-13 2.1903534774e-14 2.2809319825e+07 2.0835858944e+07 5.1964492480e-18 2.0161478082e-18 -4.8278550689e+03 -1.1821552128e+03 -4.6638851489e+09 -1.0003573177e+07 1.9921154022e+06 3.6644883277e+02 0.0000000000e+00 -0.0000000000e+00
1.5493214837e+05 1.5770524756e-13 2.2670536061e-14 2.1018903282e+07 2.0382856200e+07 5.3637689032e-18 2.1736315604e-18 -4.9454118902e+03 -1.2928014443e+03 -4.6638847425e+09 -1.0003573177e+07 1.9921154022e+06 3.4317305044e+02 0.0000000000e+00 -0.0000000000e+00
1.5527532142e+05 1.5957464843e-13 2.3444877273e-14 1.9301606957e+07 1.9919241448e+07 5.5332084136e-18 2.3431362797e-18 -5.0644580968e+03 -1.4118934659e+03 -4.6638843058e+09 -1.0003573177e+07 1.9921154022e+06 3.2132745553e+02 0.0000000000e+00 -0.0000000000e+00
1.5559664888e+05 1.6137977635e-13 2.4226424548e-14 1.7655177939e+07 1.9445443924e+07 5.7043569958e-18 2.5255977547e-18 -5.1847050772e+03 -1.5400887516e+03 -4.6638838380e+09 -1.0003573177e+07 1.9921154021e+06 3.0086789929e+02 0.0000000000e+00 -0.0000000000e+00
1.5589751678e+05 1.6312165649e-13 2.5015159396e-14 1.6077264739e+07 1.8961801461e+07 5.8767261814e-18 2.7220392390e-18 -5.3058096391e+03 -1.6781062274e+03 -4.6638833385e+09 -1.0003573177e+07 1.9921154021e+06 2.8174683870e+02 0.0000000000e+00 -0.0000000000e+00
1.5617926361e+05 1.6480150414e-13 2.5811192107e-14 1.4565438230e+07 1.8468550268e+07 6.0497348416e-18 2.9335827728e-18 -5.4273634884e+03 -1.8267342255e+03 -4.6638828068e+09 -1.0003573177e+07 1.9921154022e+06 2.6391494076e+02 0.0000000000e+00 -0.0000000000e+00
1.5644317856e+05 1.6642070407e-13 2.6614778499e-14 1.3117208305e+07 1.7965812749e+07 6.2226908490e-18 3.1614627480e-18 -5.5488803444e+03 -1.9868400152e+03 -4.6638822431e+09 -1.0003573177e+07 1.9921154022e+06 2.4732250717e+02 0.0000000000e+00 -0.0000000000e+00
1.5669050106e+05 1.6798079321e-13 2.7426341115e-14 1.1730036406e+07 1.7453582517e+07 6.3947683611e-18 3.4070423441e-18 -5.6697799800e+03 -2.1593813502e+03 -4.6638816476e+09 -1.0003573177e+07 1.9921154021e+06 2.3192078556e+02 0.0000000000e+00 -0.0000000000e+00
1.5692242185e+05 1.6948344714e-13 2.8246496400e-14 1.0401343952e+07 1.6931705530e+07 6.5649793279e-18 3.6718336901e-18 -5.7893682028e+03 -2.3454206347e+03 -4.6638810216e+09 -1.0003573177e+07 1.9921154021e+06 2.1766323515e+02 0.0000000000e+00 -0.0000000000e+00
1.5714008508e+05 1.7093047045e-13 2.9076090017e-14 9.1285165089e+06 1.6399855789e+07 6.7321372533e-18 3.9575229319e-18 -5.9068113946e+03 -2.5461425349e+03 -4.6638803671e+09 -1.0003573177e+07 1.9921154021e+06 2.0450683186e+02 0.0000000000e+00 -0.0000000000e+00
1.5734459192e+05 1.7232379148e-13 2.9916243399e-14 7.9089033022e+06 1.5857503461e+07 6.8948103892e-18 4.2660018610e-18 -6.0211036260e+03 -2.7628762014e+03 -4.6638796872e+09 -1.0003573177e+07 1.9921154021e+06 1.9241351849e+02 0.0000000000e+00 -0.0000000000e+00
1.5753700543e+05 1.7366546238e-13 3.0768416022e-14 6.7398113765e+06 1.5303872289e+07 7.0512602174e-18 4.5994084566e-18 -6.1310234348e+03 -2.9971237530e+03 -4.6638789868e+09 -1.0003573177e+07 1.9921154022e+06 1.8135194685e+02 0.0000000000e+00 -0.0000000000e+00
1.5771835738e+05 1.7495766537e-13 3.1634490103e-14 5.6184932960e+06 1.4737881652e+07 7.1993589940e-18 4.9601797293e-18 -6.2350758928e+03 -3.2505974048e+03 -4.6638782726e+09 -1.0003573177e+07 1.9921154021e+06 1.7129972074e+02 0.0000000000e+00 -0.0000000000e+00
1.5788965710e+05 1.7620272674e-13 3.2516887815e-14 4.5421267294e+06 1.4158066320e+07 7.3364767394e-18 5.3511218037e-18 -6.3314132076e+03 -3.5252687070e+03 -4.6638775546e+09 -1.0003573177e+07 1.9921154021e+06 1.6224644212e+02 0.0000000000e+00 -0.0000000000e+00
1.5805190354e+05 1.7740314069e-13 3.3418736528e-14 3.5077836400e+06 1.3562463158e+07 7.4593224014e-18 5.7755044339e-18 -6.4177231245e+03 -3.8234349502e+03 -4.6638768465e+09 -1.0003573177e+07 1.9921154021e+06 1.5419799773e+02 0.0000000000e+00 -0.0000000000e+00
1.5820610154e+05 1.7856160463e-13 3.4344106200e-14 2.5123862711e+06 1.2948448161e+07 7.5637141756e-18 6.2371902917e-18 -6.4910675569e+03 -4.1478100023e+03 -4.6638761674e+09 -1.0003573177e+07 1.9921154021e+06 1.4283123554e+02 0.0000000000e+00 -0.0000000000e+00
1.5832552736e+05 1.7946906879e-13 3.5112648645e-14 1.7342614690e+06 1.2436468693e+07 7.6309374693e-18 6.6406453850e-18 -6.5382978522e+03 -4.4312728044e+03 -4.6638759461e+09 -1.0003573177e+07 1.9921154021e+06 1.2238572511e+02 0.0000000000e+00 -0.0000000000e+00
1.5842653474e+05 1.8024215343e-13 3.5802151666e-14 1.0722266259e+06 1.1975704731e+07 7.6740793710e-18 7.0176900118e-18 -6.5686088448e+03 -4.6961799233e+03 -4.6638758424e+09 -1.0003573177e+07 1.9921154021e+06 1.0443661860e+02 0.0000000000e+00 -0.0000000000e+00
1.5850706369e+05 1.8086111801e-13 3.6380271634e-14 5.4257559761e+05 1.1588397731e+07 7.6963454036e-18 7.3444296966e-18 -6.5842526974e+03 -4.9257433818e+03 -4.6638758079e+09 -1.0003573177e+07 1.9921154021e+06 8.6736618136e+01 1.1777133612e-309 -8.2315404850e-302
1.5855329011e+05 1.8121706696e-13 3.6724341960e-14 2.3808659560e+05 1.1357491894e+07 7.7030842674e-18 7.5432977047e-18 -6.5889873438e+03 -5.0654657047e+03 -4.6638758056e+09 -1.0003573177e+07 1.9921154021e+06 7.1153491327e+01 3.5214422489e-295 -2.4876876309e-287
1.5862444360e+05 1.8176524850e-13 3.7272448197e-14 -2.3079920343e+05 1.0989074896e+07 7.7030778595e-18 7.8665618238e-18 -6.5889828416e+03 -5.2925872717e+03 -4.6638757881e+09 -1.0003573177e+07 1.9921154021e+06 6.8745577264e+01 4.6851068846e-273 -3.3656358529e-265
1.5869318917e+05 1.8229440030e-13 3.7824571087e-14 -6.8348108187e+05 1.0617271511e+07 7.6888614990e-18 8.1997434018e-18 -6.5789945940e+03 -5.5266767286e+03 -4.6638757747e+09 -1.0003573177e+07 1.9921154021e+06 8.2751864150e+01 6.6101548849e-252 -4.8276872698e-244
1.5877594104e+05 1.8292920972e-13 3.8520677830e-14 -1.2268806317e+06 1.0147589368e+07 7.6490735321e-18 8.6295780664e-18 -6.5510400365e+03 -5.8286735071e+03 -4.6638757480e+09 -1.0003573177e+07 1.9921154021e+06 9.0267746147e+01 8.0102239639e-227 -5.9703153873e-219
1.5886620878e+05 1.8361644188e-13 3.9322207888e-14 -1.8159571601e+06 9.6055995167e+06 7.5706739704e-18 9.1360276890e-18 -6.4959574269e+03 -6.1844990537e+03 -4.6638757160e+09 -1.0003573177e+07 1.9921154021e+06 9.5050962848e+01 4.6539298236e-200 -3.5480490129e-192
1.5896125975e+05 1.8433021036e-13 4.0217656085e-14 -2.4293071158e+06 8.9987449114e+06 7.4384890294e-18 9.7128765604e-18 -6.4030858424e+03 -6.5897862843e+03 -4.6638756617e+09 -1.0003573177e+07 1.9921154021e+06 9.9339030292e+01 9.5621731514e-173 -7.4681069344e-165
1.5906059878e+05 1.8505952267e-13 4.1214418026e-14 -3.0586245717e+06 8.3217134414e+06 7.2317713143e-18 1.0362796297e-17 -6.2578484078e+03 -7.0464122450e+03 -4.6638754740e+09 -1.0003573177e+07 1.9921154021e+06 1.0570665486e+02 1.9746098245e-145 -1.5817487223e-137
1.5916630543e+05 1.8580821579e-13 4.2348518174e-14 -3.7090527532e+06 7.5496821203e+06 6.9152971221e-18 1.1102165545e-17 -6.0354973635e+03 -7.5658843803e+03 -4.6638746885e+09 -1.0003573177e+07 1.9921154021e+06 1.1801608846e+02 3.8380379634e-118 -3.1573888374e-110
1.5928432152e+05 1.8659654586e-13 4.3709662558e-14 -4.4018162578e+06 6.6210171090e+06 6.4162107737e-18 1.1970433325e-17 -5.6848451668e+03 -8.1759191075e+03 -4.6638709737e+09 -1.0003573177e+07 1.9921154021e+06 1.0680236922e+02 1.8252027887e-90 -1.5449169424e-82
1.5937831754e+05 1.8717580184e-13 4.4867913747e-14 -4.9194177509e+06 5.8292729690e+06 5.8882127626e-18 1.2673935519e-17 -5.3138799759e+03 -8.6701914724e+03 -4.6638683241e+09 -1.0003573177e+07 1.9921154021e+06 9.4040453953e+01 4.6055279119e-71 -3.9808759884e-63
1.5947235799e+05 1.8769965660e-13 4.6092370448e-14 -5.3981473048e+06 4.9910240298e+06 5.2305888614e-18 1.3362031467e-17 -4.8518411597e+03 -9.1536395908e+03 -4.6638640057e+09 -1.0003573177e+07 1.9921154021e+06 8.6139562528e+01 1.6796221953e-54 -1.4790744811e-46
1.5955849755e+05 1.8812000749e-13 4.7269134018e-14 -5.7948577679e+06 4.1844320189e+06 4.5105472951e-18 1.3951260257e-17 -4.3459484263e+03 -9.5676248063e+03 -4.6638602605e+09 -1.0003573177e+07 1.9921154021e+06 8.0982933965e+01 3.0773530994e-42 -2.7487378783e-34
1.5962872948e+05 1.8841376573e-13 4.8264412572e-14 -6.0839041675e+06 3.5016210284e+06 3.8433929336e-18 1.4382495333e-17 -3.8772136208e+03 -9.8706054973e+03 -4.6638587822e+09 -1.0003573177e+07 1.9921154021e+06 7.1159138733e+01 1.5176814902e-34 -1.3680493567e-26
1.5969179680e+05 1.8863579089e-13 4.9182354701e-14 -6.3141197887e+06 2.8714665550e+06 3.1895588005e-18 1.4718357198e-17 -3.4178374510e+03 -1.0106578093e+04 -4.6638580154e+09 -1.0003573177e+07 1.9921154021e+06 6.3600239563e+01 1.5181764461e-29 -1.3767627739e-21
1.5975539703e+05 1.8881650729e-13 5.0127653906e-14 -6.5159395521e+06 2.2222162215e+06 2.4870055961e-18 1.4997128942e-17 -2.9242318350e+03 -1.0302439840e+04 -4.6638574844e+09 -1.0003573177e+07 1.9921154021e+06 5.8211693898e+01 1.9972527108e-26 -1.8180983352e-18
1.5981360873e+05 1.8894185352e-13 5.1006638328e-14 -6.6725151529e+06 1.6182949795e+06 1.8160034967e-18 1.5192481985e-17 -2.4527936540e+03 -1.0439692589e+04 -4.6638573795e+09 -1.0003573177e+07 1.9921154021e+06 5.4375702733e+01 2.5798280086e-25 -2.3516082649e-17
1.5986798443e+05 1.8902320596e-13 5.1836441021e-14 -6.7936666932e+06 1.0480292137e+06 1.1746863083e-18 1.5319480378e-17 -2.0022117424e+03 -1.0528920166e+04 -4.6638574828e+09 -1.0003573177e+07 1.9921154021e+06 4.9608290016e+01 8.4457586645e-26 -7.6940544359e-18
1.5991124020e+05 1.8906290502e-13 5.2500557066e-14 -6.8724661056e+06 5.9156679735e+05 6.6076632374e-19 1.5381168336e-17 -1.6411376073e+03 -1.0572261400e+04 -4.6638575604e+09 -1.0003573177e+07 1.9921154021e+06 4.4300388144e+01 3.1194029642e-27 -2.8368001589e-19
1.5994391711e+05 1.8907816293e-13 5.3003604249e-14 -6.9216432944e+06 2.4579013771e+05 2.7342663438e-19 1.5404701310e-17 -1.3689972985e+03 -1.0588795391e+04 -4.6638575866e+09 -1.0003573177e+07 1.9921154021e+06 3.7503503667e+01 6.3780757170e-29 -5.7883504213e-21
1.5998142061e+05 1.8908013441e-13 5.3581470375e-14 -6.9671659685e+06 -1.5142223847e+05 -1.6741423559e-19 1.5407735486e-17 -1.0592676897e+03 -1.0590927167e+04 -4.6638576502e+09 -1.0003573177e+07 1.9921154021e+06 3.4503711184e+01 1.7126005942e-31 -1.5494244143e-23
1.6001592432e+05 1.8906744149e-13 5.4112824067e-14 -6.9988551795e+06 -5.1665857630e+05 -5.6722710516e-19 1.5388646517e-17 -7.7836387118e+02 -1.0577515482e+04 -4.6638576970e+09 -1.0003573177e+07 1.9921154021e+06 4.5009183060e+01 1.9287745680e-34 -1.7388284818e-26
1.6006093350e+05 1.8903037978e-13 5.4804344991e-14 -7.0257869580e+06 -9.9196439624e+05 -1.0771477305e-18 1.5333889040e-17 -4.2009963889e+02 -1.0539043523e+04 -4.6638578864e+09 -1.0003573177e+07 1.9921154021e+06 4.1123655215e+01 4.2293009017e-39 -3.7916955999e-31
1.6009339421e+05 1.8898958535e-13 5.5301177251e-14 -7.0353279838e+06 -1.3334251936e+06 -1.4347652792e-18 1.5274786684e-17 -1.6884175642e+02 -1.0497518903e+04 -4.6638579227e+09 -1.0003573177e+07 1.9921154021e+06 3.5637242061e+01 5.1968746824e-43 -4.6377144264e-35
1.6012903146e+05 1.8893162449e-13 5.5844114057e-14 -7.0365465195e+06 -1.7065340296e+06 -1.8159542495e-18 1.5192494172e-17 9.8977129548e+01 -1.0439701152e+04 -4.6638579785e+09 -1.0003573177e+07 1.9921154021e+06 3.3335294973e+01 8.1994436621e-48 -7.2763050210e-40
1.6016236675e+05 1.8886531198e-13 5.6349064290e-14 -7.0291881369e+06 -2.0534934460e+06 -2.1605508082e-18 1.5100425633e-17 3.4108661761e+02 -1.0375014880e+04 -4.6638580155e+09 -1.0003573177e+07 1.9921154021e+06 4.4558251851e+01 9.1305687200e-53 -8.0563820467e-45
1.6020692500e+05 1.8875913018e-13 5.7018799587e-14 -7.0070262527e+06 -2.5135986242e+06 -2.6015738507e-18 1.4957046452e-17 6.5094421876e+02 -1.0274278354e+04 -4.6638581586e+09 -1.0003573177e+07 1.9921154021e+06 5.3575282879e+01 4.7783778027e-60 -4.1813896216e-52
1.6026050029e+05 1.8860623277e-13 5.7814919768e-14 -6.9626545979e+06 -3.0603870447e+06 -3.1003116185e-18 1.4758263139e-17 1.0013515069e+03 -1.0134615537e+04 -4.6638584595e+09 -1.0003573177e+07 1.9921154021e+06 6.2938592892e+01 9.7772183894e-70 -8.4635219863e-62
1.6032343888e+05 1.8839384254e-13 5.8735652833e-14 -6.8875035833e+06 -3.6925325654e+06 -3.6405047308e-18 1.4495235319e-17 1.3808848324e+03 -9.9498152852e+03 -4.6638589753e+09 -1.0003573177e+07 1.9921154022e+06 7.3498025614e+01 2.6204691075e-82 -2.2374624160e-74
1.6039693690e+05 1.8810499022e-13 5.9788814313e-14 -6.7710585022e+06 -4.4152459548e+06 -4.2084292858e-18 1.4158668984e-17 1.7799019433e+03 -9.7133477374e+03 -4.6638597448e+09 -1.0003573177e+07 1.9921154021e+06 8.4820308143e+01 1.9580366087e-98 -1.6435400419e-90
1.6048175721e+05 1.8772309123e-13 6.0972377234e-14 -6.6025650218e+06 -5.2269242983e+06 -4.7823183517e-18 1.3745723100e-17 2.1831096494e+03 -9.4232168181e+03 -4.6638606959e+09 -1.0003573177e+07 1.9921154021e+06 9.4004281282e+01 1.0325153024e-118 -8.4892134259e-111
1.6057576149e+05 1.8724734507e-13 6.2242434510e-14 -6.3789441562e+06 -6.0972201422e+06 -5.3237199036e-18 1.3274481196e-17 2.5634920103e+03 -9.0921278001e+03 -4.6638615368e+09 -1.0003573177e+07 1.9921154022e+06 9.8410811702e+01 6.3723581135e-143 -5.1167558362e-135
1.6067417231e+05 1.8669947087e-13 6.3524476917e-14 -6.1098329820e+06 -6.9749038555e+06 -5.7956382117e-18 1.2781604365e-17 2.8950562615e+03 -8.7458383370e+03 -4.6638620508e+09 -1.0003573177e+07 1.9921154022e+06 1.0024534491e+02 7.6882960690e-170 -6.0204476492e-162
1.6077441765e+05 1.8609803044e-13 6.4781087170e-14 -5.8052458533e+06 -7.8342892829e+06 -6.1904474726e-18 1.2291928451e-17 3.1724446034e+03 -8.4017978007e+03 -4.6638623391e+09 -1.0003573177e+07 1.9921154022e+06 1.0238098085e+02 1.4767291035e-198 -1.1272866410e-190
1.6087679863e+05 1.8544686806e-13 6.6014807758e-14 -5.4682380767e+06 -8.6770921802e+06 -6.5183810081e-18 1.1812611873e-17 3.4028468474e+03 -8.0650356122e+03 -4.6638625433e+09 -1.0003573177e+07 1.9921154021e+06 1.0570012192e+02 6.4256806096e-229 -4.7810241924e-221
1.6098249875e+05 1.8474293679e-13 6.7238408130e-14 -5.0980617674e+06 -9.5120068363e+06 -6.7909103521e-18 1.1344438365e-17 3.5943227583e+03 -7.7361024131e+03 -4.6638627399e+09 -1.0003573177e+07 1.9921154021e+06 1.1026264515e+02 4.4187884536e-261 -3.2039644618e-253
1.6109276140e+05 1.8398120378e-13 6.8463767022e-14 -4.6926442258e+06 -1.0347087706e+07 -7.0168707882e-18 1.0887091021e-17 3.7530799023e+03 -7.4147755502e+03 -4.6638629656e+09 -1.0003573177e+07 1.9921154021e+06 1.1602513208e+02 2.8664050366e-295 -2.0248084118e-287
1.6120878653e+05 1.8315582351e-13 6.9700683352e-14 -4.2492906896e+06 -1.1188938161e+07 -7.2028349590e-18 1.0440241613e-17 3.8837361409e+03 -7.1008244131e+03 -4.6638632393e+09 -1.0003573177e+07 1.9921154021e+06 1.2250842501e+02 0.0000000000e+00 -0.0000000000e+00
1.6133129496e+05 1.8226377116e-13 7.0952682915e-14 -3.7667242558e+06 -1.2039866452e+07 -7.3533136821e-18 1.0005293437e-17 3.9894607215e+03 -6.7952349417e+03 -4.6638635655e+09 -1.0003573177e+07 1.9921154021e+06 1.2545571791e+02 0.0000000000e+00 -0.0000000000e+00
1.6145675067e+05 1.8133364470e-13 7.2181893677e-14 -3.2608760502e+06 -1.2874092852e+07 -7.4689148886e-18 9.5965772570e-18 4.0706807691e+03 -6.5080757619e+03 -4.6638638848e+09 -1.0003573177e+07 1.9921154021e+06 1.2861533020e+02 0.0000000000e+00 -0.0000000000e+00
1.6158536600e+05 1.8036714084e-13 7.3391120989e-14 -2.7331880316e+06 -1.3693538608e+07 -7.5557410362e-18 9.2128801196e-18 4.1316837990e+03 -6.2384946673e+03 -4.6638641887e+09 -1.0003573177e+07 1.9921154022e+06 1.3144651726e+02 0.0000000000e+00 -0.0000000000e+00
1.6171681252e+05 1.7936958299e-13 7.4578193527e-14 -2.1870138360e+06 -1.4496755145e+07 -7.6185680967e-18 8.8541322762e-18 4.1758253525e+03 -5.9864426531e+03 -4.6638644661e+09 -1.0003573177e+07 1.9921154022e+06 1.3339135198e+02 0.0000000000e+00 -0.0000000000e+00
1.6185020387e+05 1.7835026766e-13 7.5736713225e-14 -1.6278419566e+06 -1.5279454988e+07 -7.6614203220e-18 8.5210096798e-18 4.2059328219e+03 -5.7523946359e+03 -4.6638647063e+09 -1.0003573177e+07 1.9921154022e+06 1.3357268521e+02 0.0000000000e+00 -0.0000000000e+00
1.6198377656e+05 1.7732498448e-13 7.6854176841e-14 -1.0646905424e+06 -1.6033266814e+07 -7.6878458377e-18 8.2152897209e-18 4.2244990783e+03 -5.5375993896e+03 -4.6638648988e+09 -1.0003573177e+07 1.9921154022e+06 1.3034481294e+02 0.0000000000e+00 -0.0000000000e+00
1.6211412137e+05 1.7632192779e-13 7.7906872905e-14 -5.1335634336e+05 -1.6742330224e+07 -7.7011581511e-18 7.9409119406e-18 4.2338521531e+03 -5.3448247891e+03 -4.6638650342e+09 -1.0003573177e+07 1.9921154022e+06 1.1950518083e+02 0.0000000000e+00 -0.0000000000e+00
1.6216790271e+05 1.7590767397e-13 7.8331054840e-14 -2.8560125485e+05 -1.7027750916e+07 -7.7036939586e-18 7.8339893551e-18 4.2356337816e+03 -5.2697022384e+03 -4.6638650355e+09 -1.0003573177e+07 1.9921154022e+06 1.1101413647e+02 0.0000000000e+00 -0.0000000000e+00
1.6227891685e+05 1.7505236505e-13 7.9188951140e-14 1.8467719521e+05 -1.7604480766e+07 -7.7043535870e-18 7.6239562956e-18 4.2360972288e+03 -5.1221354818e+03 -4.6638650802e+09 -1.0003573177e+07 1.9921154022e+06 1.0521603780e+02 0.0000000000e+00 -0.0000000000e+00
1.6238413288e+05 1.7424192825e-13 7.9981188190e-14 6.3025275010e+05 -1.8136438081e+07 -7.7001295378e-18 7.4371932979e-18 4.2331294615e+03 -4.9909179968e+03 -4.6638651086e+09 -1.0003573177e+07 1.9921154022e+06 1.4090665378e+02 0.0000000000e+00 -0.0000000000e+00
1.6252503954e+05 1.7315767655e-13 8.1012495354e-14 1.2262034723e+06 -1.8827998560e+07 -7.6884894928e-18 7.2040525591e-18 4.2249513028e+03 -4.8271160566e+03 -4.6638652079e+09 -1.0003573177e+07 1.9921154022e+06 1.6931687249e+02 0.0000000000e+00 -0.0000000000e+00
1.6269435641e+05 1.7185757507e-13 8.2210157500e-14 1.9403719796e+06 -1.9629779687e+07 -7.6674094284e-18 6.9468667137e-18 4.2101406976e+03 -4.6464203073e+03 -4.6638654002e+09 -1.0003573177e+07 1.9921154022e+06 1.9768829996e+02 0.0000000000e+00 -0.0000000000e+00
1.6289204471e+05 1.7034485782e-13 8.3556072770e-14 2.7705317481e+06 -2.0529072403e+07 -7.6355570977e-18 6.6743097013e-18 4.1877616248e+03 -4.4549249569e+03 -4.6638657100e+09 -1.0003573177e+07 1.9921154022e+06 2.2840770336e+02 0.0000000000e+00 -0.0000000000e+00
1.6312045241e+05 1.6860569989e-13 8.5047617968e-14 3.7236326867e+06 -2.1523483393e+07 -7.5920004030e-18 6.3913369958e-18 4.1571592035e+03 -4.2561116632e+03 -4.6638661663e+09 -1.0003573177e+07 1.9921154022e+06 2.6147037469e+02 0.0000000000e+00 -0.0000000000e+00
1.6338192279e+05 1.6662778020e-13 8.6680300266e-14 4.8055736739e+06 -2.2609306867e+07 -7.5364220675e-18 6.1029227841e-18 4.1181105188e+03 -4.0534752311e+03 -4.6638667860e+09 -1.0003573177e+07 1.9921154022e+06 2.7883329887e+02 0.0000000000e+00 -0.0000000000e+00
1.6366075609e+05 1.6453511294e-13 8.8343223210e-14 5.9477006787e+06 -2.3712307774e+07 -7.4732746770e-18 5.8302744397e-18 4.0737439052e+03 -3.8619157120e+03 -4.6638673645e+09 -1.0003573177e+07 1.9921154022e+06 2.9855423385e+02 0.0000000000e+00 -0.0000000000e+00
1.6395931032e+05 1.6231430978e-13 9.0044474184e-14 7.1566450773e+06 -2.4837615578e+07 -7.4035708687e-18 5.5715324347e-18 4.0247708295e+03 -3.6801266233e+03 -4.6638679129e+09 -1.0003573177e+07 1.9921154022e+06 3.1995175930e+02 0.0000000000e+00 -0.0000000000e+00
1.6427926208e+05 1.5995756660e-13 9.1786998405e-14 8.4359167739e+06 -2.5986906615e+07 -7.3283202292e-18 5.3258452362e-18 3.9719006155e+03 -3.5075096880e+03 -4.6638684323e+09 -1.0003573177e+07 1.9921154022e+06 3.4318520070e+02 0.0000000000e+00 -0.0000000000e+00
1.6462244728e+05 1.5745635001e-13 9.3573883331e-14 9.7893505626e+06 -2.7161919821e+07 -7.2483872194e-18 5.0924071615e-18 3.9157406232e+03 -3.3434988431e+03 -4.6638689244e+09 -1.0003573177e+07 1.9921154022e+06 3.6838973246e+02 0.0000000000e+00 -0.0000000000e+00
1.6499083701e+05 1.5480163933e-13 9.5408168675e-14 1.1220964510e+07 -2.8364328906e+07 -7.1645220141e-18 4.8704838779e-18 3.8568179166e+03 -3.1875781549e+03 -4.6638693906e+09 -1.0003573177e+07 1.9921154022e+06 3.9571523018e+02 0.0000000000e+00 -0.0000000000e+00
1.6538655224e+05 1.5198387923e-13 9.7292881913e-14 1.2734975929e+07 -2.9595763853e+07 -7.0773781245e-18 4.6594015199e-18 3.7955916450e+03 -3.0392741735e+03 -4.6638698323e+09 -1.0003573177e+07 1.9921154022e+06 4.2532518193e+02 0.0000000000e+00 -0.0000000000e+00
1.6581187743e+05 1.4899294413e-13 9.9231059353e-14 1.4335810380e+07 -3.0857822538e+07 -6.9875269062e-18 4.4585391143e-18 3.7324632361e+03 -2.8981506104e+03 -4.6638702509e+09 -1.0003573177e+07 1.9921154022e+06 4.5739751908e+02 0.0000000000e+00 -0.0000000000e+00
1.6626927495e+05 1.4581810077e-13 1.0122576417e-13 1.6028110968e+07 -3.2152080014e+07 -6.8954693594e-18 4.2673223118e-18 3.6677846867e+03 -2.7638039346e+03 -4.6638706475e+09 -1.0003573177e+07 1.9921154022e+06 4.9212548281e+02 0.0000000000e+00 -0.0000000000e+00
1.6676140043e+05 1.4244796939e-13 1.0328010176e-13 1.7816747590e+07 -3.3480095695e+07 -6.8016458420e-18 4.0852181859e-18 3.6018653872e+03 -2.6358597181e+03 -4.6638710234e+09 -1.0003573177e+07 1.9921154022e+06 5.2971861040e+02 0.0000000000e+00 -0.0000000000e+00
1.6729111904e+05 1.3887048332e-13 1.0539723299e-13 1.9706826171e+07 -3.4843418888e+07 -6.7064441368e-18 3.9117308677e-18 3.5349777892e+03 -2.5139695694e+03 -4.6638713795e+09 -1.0003573177e+07 1.9921154022e+06 5.7040381856e+02 0.0000000000e+00 -0.0000000000e+00
1.6786152286e+05 1.3507284679e-13 1.0758038594e-13 2.1703697820e+07 -3.6243592908e+07 -6.6102062118e-18 3.7463978473e-18 3.4673621553e+03 -2.3978085343e+03 -4.6638717170e+09 -1.0003573177e+07 1.9921154022e+06 6.1442659265e+02 0.0000000000e+00 -0.0000000000e+00
1.6847594945e+05 1.3104149095e-13 1.0983286622e-13 2.3812967900e+07 -3.7682158029e+07 -6.5132339273e-18 3.5887868094e-18 3.3992305690e+03 -2.2870728734e+03 -4.6638720368e+09 -1.0003573177e+07 1.9921154022e+06 6.6205227152e+02 0.0000000000e+00 -0.0000000000e+00
1.6913800172e+05 1.2676202792e-13 1.1215806632e-13 2.6040504942e+07 -3.9160653383e+07 -6.4157938889e-18 3.4384929048e-18 3.3307703444e+03 -2.1814781441e+03 -4.6638723399e+09 -1.0003573177e+07 1.9921154022e+06 7.1356743321e+02 0.0000000000e+00 -0.0000000000e+00
1.6985156915e+05 1.2221920283e-13 1.1455947412e-13 2.8392449345e+07 -4.0680617936e+07 -6.3181215997e-18 3.2951363767e-18 3.2621469431e+03 -2.0807575340e+03 -4.6638726270e+09 -1.0003573177e+07 1.9921154022e+06 7.6928137858e+02 0.0000000000e+00 -0.0000000000e+00
1.7062085053e+05 1.1739684377e-13 1.1704068059e-13 3.0875221788e+07 -4.2243590613e+07 -6.2204250336e-18 3.1583604824e-18 3.1935064852e+03 -1.9846603999e+03 -4.6638728990e+09 -1.0003573177e+07 1.9921154022e+06 8.2952771071e+02 0.0000000000e+00 -0.0000000000e+00
1.7145037824e+05 1.1227780969e-13 1.1960538691e-13 3.3495531239e+07 -4.3851109582e+07 -6.1228877272e-18 3.0278296612e-18 3.1249779211e+03 -1.8929509805e+03 -4.6638731567e+09 -1.0003573177e+07 1.9921154022e+06 8.9466601631e+02 0.0000000000e+00 -0.0000000000e+00
1.7234504426e+05 1.0684393619e-13 1.2225741102e-13 3.6260382482e+07 -4.5504710760e+07 -6.0256714669e-18 2.9032279076e-18 3.0566749204e+03 -1.8054072544e+03 -4.6638734009e+09 -1.0003573177e+07 1.9921154022e+06 9.6508364690e+02 0.0000000000e+00 -0.0000000000e+00
1.7280000000e+05 1.0411318978e-13 1.2356495256e-13 3.7643539487e+07 -4.6316747669e+07 -5.9790793872e-18 2.8453326007e-18 3.0239398733e+03 -1.7647306928e+03 -4.6638734069e+09 -1.0003573177e+07 1.9921154022e+06 1.0243803610e+03 0.0000000000e+00 -0.0000000000e+00
1.7280000000e+05 1.0411318978e-13 1.2356495256e-13 3.7643539487e+07 -4.6316747669e+07 -5.9790793872e-18 2.8453326007e-18 3.0239398733e+03 -1.7647306928e+03 -4.6638734069e+09 -1.0003573177e+07 1.9921154022e+06 1.0243803610e+03 0.0000000000e+00 -0.0000000000e+00
