0.0000000000e+00 0.0000000000e+00 0.0000000000e+00 3.1415900000e+08 0.0000000000e+00 0.0000000000e+00 0.0000000000e+00 -1.1974134650e+03 7.8746384030e+01 -4.6638893080e+09 -1.0178014453e+07 6.6934426426e+05 1.0000000000e+01 0.0000000000e+00 -0.0000000000e+00
1.0000000000e+01 2.8740025975e-22 2.4013795661e-28 3.1414702566e+08 7.8746384013e+02 5.7480782267e-23 7.2042759981e-29 -1.1974538503e+03 7.8746383979e+01 -4.6638893080e+09 -1.0178014453e+07 6.6934426426e+05 5.0000000000e+01 0.0000000000e+00 -0.0000000000e+00
6.0000000000e+01 1.0347724165e-20 5.1884631023e-26 3.1408714792e+08 4.7247830053e+03 3.4495043998e-22 2.5945282817e-27 -1.1976558231e+03 7.8746382207e+01 -4.6638893080e+09 -1.0178014453e+07 6.6934426426e+05 2.5000000000e+02 0.0000000000e+00 -0.0000000000e+00
3.1000000000e+02 2.7640243384e-19 7.1662408407e-24 3.1378760763e+08 2.4411374014e+04 1.7839449029e-21 6.9391755953e-26 -1.1986668437e+03 7.8746335276e+01 -4.6638893080e+09 -1.0178014453e+07 6.6934426426e+05 1.2500000000e+03 0.0000000000e+00 -0.0000000000e+00
1.5600000000e+03 7.0218797263e-18 9.1981175100e-22 3.1228610150e+08 1.2284371284e+05 9.0203885728e-21 1.7741711473e-24 -1.2037510839e+03 7.8745137518e+01 -4.6638893080e+09 -1.0178014453e+07 6.6934426426e+05 3.6000000000e+03 0.0000000000e+00 -0.0000000000e+00
5.1600000000e+03 7.7542955432e-17 3.3991666482e-20 3.0792586575e+08 4.0630745945e+05 3.0257514374e-20 1.9962351500e-23 -1.2186720386e+03 7.8732358717e+01 -4.6638893079e+09 -1.0178014453e+07 6.6934426425e+05 3.6000000000e+03 0.0000000000e+00 -0.0000000000e+00
8.7600000000e+03 2.2561253846e-16 1.6990758591e-19 3.0351114533e+08 6.8969894903e+05 5.2108527532e-20 5.9205652658e-23 -1.2340243034e+03 7.8704786835e+01 -4.6638893078e+09 -1.0178014453e+07 6.6934426425e+05 3.6000000000e+03 0.0000000000e+00 -0.0000000000e+00
1.2360000000e+04 4.5350313966e-16 4.8777369607e-19 2.9904034360e+08 9.7296260255e+05 7.4608630432e-20 1.2137361673e-22 -1.2498326110e+03 7.8661108355e+01 -4.6638893077e+09 -1.0178014453e+07 6.6934426426e+05 3.6000000000e+03 0.0000000000e+00 -0.0000000000e+00
1.5960000000e+04 7.6361927099e-16 1.0737862676e-18 2.9451177118e+08 1.2560378595e+06 9.7796007428e-20 2.0853993405e-22 -1.2661237893e+03 7.8599866326e+01 -4.6638893075e+09 -1.0178014453e+07 6.6934426425e+05 3.6000000000e+03 0.0000000000e+00 -0.0000000000e+00
1.9560000000e+04 1.1585087768e-15 2.0220150917e-18 2.8992363799e+08 1.5388586276e+06 1.2171216355e-19 3.2301004662e-22 -1.2829269992e+03 7.8519440971e+01 -4.6638893073e+09 -1.0178014453e+07 6.6934426426e+05 3.6000000000e+03 0.0000000000e+00 -0.0000000000e+00
2.3160000000e+04 1.6408754698e-15 3.4352941526e-18 2.8527404435e+08 1.8213526569e+06 1.4640231193e-19 4.6735328739e-22 -1.3002740070e+03 7.8418027109e+01 -4.6638893071e+09 -1.0178014453e+07 6.6934426426e+05 3.6000000000e+03 0.0000000000e+00 -0.0000000000e+00
2.6760000000e+04 2.2135932623e-15 5.4262374701e-18 2.8056097109e+08 2.1034408260e+06 1.7191581858e-19 6.4444044308e-22 -1.3181994966e+03 7.8293607756e+01 -4.6638893069e+09 -1.0178014453e+07 6.6934426426e+05 3.6000000000e+03 0.0000000000e+00 -0.0000000000e+00
3.0360000000e+04 2.8797220167e-15 8.1184015320e-18 2.7578226839e+08 2.3850363257e+06 1.9830671488e-19 8.5748783221e-22 -1.3367414299e+03 7.8143923167e+01 -4.6638893066e+09 -1.0178014453e+07 6.6934426426e+05 3.6000000000e+03 0.0000000000e+00 -0.0000000000e+00
3.3960000000e+04 3.6425253819e-15 1.1647620114e-17 2.7093564325e+08 2.6660437208e+06 2.2563429027e-19 1.1101092475e-21 -1.3559414628e+03 7.7966434333e+01 -4.6638893063e+09 -1.0178014453e+07 6.6934426426e+05 3.6000000000e+03 0.0000000000e+00 -0.0000000000e+00
3.7560000000e+04 4.5054909297e-15 1.6163542709e-17 2.6601864533e+08 2.9463578692e+06 2.5396378081e-19 1.4063774401e-21 -1.3758454296e+03 7.7758279786e+01 -4.6638893059e+09 -1.0178014453e+07 6.6934426426e+05 3.6000000000e+03 0.0000000000e+00 -0.0000000000e+00
4.1160000000e+04 5.4723529714e-15 2.1831414542e-17 2.6102865096e+08 3.2258626717e+06 2.8336717237e-19 1.7508972431e-21 -1.3965039066e+03 7.7516224226e+01 -4.6638893054e+09 -1.0178014453e+07 6.6934426425e+05 3.6000000000e+03 0.0000000000e+00 -0.0000000000e+00
4.4760000000e+04 6.5471185057e-15 2.8834144654e-17 2.5596284487e+08 3.5044296184e+06 3.1392414189e-19 2.1488929764e-21 -1.4179728739e+03 7.7236597106e+01 -4.6638893048e+09 -1.0178014453e+07 6.6934426425e+05 3.6000000000e+03 0.0000000000e+00 -0.0000000000e+00
4.8360000000e+04 7.7340968466e-15 3.7374719239e-17 2.5081819938e+08 3.7819160937e+06 3.4572316609e-19 2.6063134770e-21 -1.4403144942e+03 7.6915218844e+01 -4.6638893041e+09 -1.0178014453e+07 6.6934426425e+05 3.6000000000e+03 0.0000000000e+00 -0.0000000000e+00
5.1960000000e+04 9.0379335984e-15 4.7679031060e-17 2.4559145054e+08 4.0581633879e+06 3.7886283405e-19 3.1299590305e-21 -1.4635980350e+03 7.6547311638e+01 -4.6638893033e+09 -1.0178014453e+07 6.6934426425e+05 3.6000000000e+03 0.0000000000e+00 -0.0000000000e+00
5.5560000000e+04 1.0463649790e-14 5.9999213269e-17 2.4027907064e+08 4.3329943553e+06 4.1345340992e-19 3.7276356964e-21 -1.4879009667e+03 7.6127391044e+01 -4.6638893023e+09 -1.0178014453e+07 6.6934426425e+05 3.6000000000e+03 0.0000000000e+00 -0.0000000000e+00
5.9160000000e+04 1.2016687169e-14 7.4617588503e-17 2.3487723638e+08 4.6062106394e+06 4.4961870450e-19 4.4083441569e-21 -1.5133102772e+03 7.5649133288e+01 -4.6638893011e+09 -1.0178014453e+07 6.6934426425e+05 3.6000000000e+03 0.0000000000e+00 -0.0000000000e+00
6.2760000000e+04 1.3702960906e-14 9.1851373565e-17 2.2938179182e+08 4.8775893673e+06 4.8749833123e-19 5.1825124141e-21 -1.5399240572e+03 7.5105211779e+01 -4.6638892995e+09 -1.0178014453e+07 6.6934426425e+05 3.6000000000e+03 0.0000000000e+00 -0.0000000000e+00
6.6360000000e+04 1.5528921246e-14 1.1205831868e-16 2.2378820509e+08 5.1468791879e+06 5.2725044397e-19 6.0622846527e-21 -1.5678534240e+03 7.4487094154e+01 -4.6638892976e+09 -1.0178014453e+07 6.6934426425e+05 3.6000000000e+03 0.0000000000e+00 -0.0000000000e+00
6.9960000000e+04 1.7501626078e-14 1.3564351165e-16 2.1809151741e+08 5.4137954913e+06 5.6905508427e-19 7.0618827009e-21 -1.5972248724e+03 7.3784788325e+01 -4.6638892952e+09 -1.0178014453e+07 6.6934426425e+05 3.6000000000e+03 0.0000000000e+00 -0.0000000000e+00
7.3560000000e+04 1.9628826885e-14 1.6306764610e-16 2.1228628267e+08 5.6780145995e+06 6.1311830639e-19 8.1980622483e-21 -1.6281831739e+03 7.2986521942e+01 -4.6638892921e+09 -1.0178014453e+07 6.6934426425e+05 3.6000000000e+03 0.0000000000e+00 -0.0000000000e+00
7.7160000000e+04 2.1919071288e-14 1.9485714660e-16 2.0636649542e+08 5.9391666530e+06 6.5967730462e-19 9.4906940635e-21 -1.6608949783e+03 7.2078334036e+01 -4.6638892882e+09 -1.0178014453e+07 6.6934426425e+05 3.6000000000e+03 0.0000000000e+00 -0.0000000000e+00
8.0760000000e+04 2.4381826274e-14 2.3161667156e-16 2.0032550427e+08 6.1968268257e+06 7.0900684661e-19 1.0963512002e-20 -1.6955533342e+03 7.1043549480e+01 -4.6638892830e+09 -1.0178014453e+07 6.6934426425e+05 3.6000000000e+03 0.0000000000e+00 -0.0000000000e+00
8.4360000000e+04 2.7027627550e-14 2.7404469399e-16 1.9415590695e+08 6.4505043788e+06 7.6142742772e-19 1.2645086365e-20 -1.7323834177e+03 6.9862095116e+01 -4.6638892762e+09 -1.0178014453e+07 6.6934426425e+05 3.6000000000e+03 0.0000000000e+00 -0.0000000000e+00
8.7960000000e+04 2.9868262182e-14 3.2295311212e-16 1.8784942200e+08 6.6996288822e+06 8.1731572302e-19 1.4570105916e-20 -1.7716498765e+03 6.8509599027e+01 -4.6638892671e+09 -1.0178014453e+07 6.6934426425e+05 3.6000000000e+03 0.0000000000e+00 -0.0000000000e+00
9.1560000000e+04 3.2916994164e-14 3.7929220433e-16 1.8139673030e+08 6.9435326813e+06 8.7711814946e-19 1.6781089025e-20 -1.8136663578e+03 6.6956188306e+01 -4.6638892548e+09 -1.0178014453e+07 6.6934426425e+05 3.6000000000e+03 0.0000000000e+00 -0.0000000000e+00
9.5160000000e+04 3.6188846101e-14 4.4418277177e-16 1.7478727715e+08 7.1814283145e+06 9.4136870373e-19 1.9330701376e-20 -1.8588080413e+03 6.5164860663e+01 -4.6638892377e+09 -1.0178014453e+07 6.6934426425e+05 3.6000000000e+03 0.0000000000e+00 -0.0000000000e+00
9.8760000000e+04 3.9700955244e-14 5.1895809858e-16 1.6800902211e+08 7.4123790321e+06 1.0107127792e-18 2.2284946856e-20 -1.9075283729e+03 6.3089242545e+01 -4.6638892137e+09 -1.0178014453e+07 6.6934426425e+05 3.6000000000e+03 0.0000000000e+00 -0.0000000000e+00
1.0236000000e+05 4.3473029680e-14 6.0521955687e-16 1.6104811852e+08 7.6352597289e+06 1.0859395047e-18 2.5727641339e-20 -1.9603817852e+03 6.0670445904e+01 -4.6638891790e+09 -1.0178014453e+07 6.6934426425e+05 3.6000000000e+03 0.0000000000e+00 -0.0000000000e+00
1.0596000000e+05 4.7527941841e-14 7.0491154662e-16 1.5388849646e+08 7.8487042922e+06 1.1680264915e-18 2.9766814966e-20 -2.0180551364e+03 5.7832570033e+01 -4.6638891278e+09 -1.0178014453e+07 6.6934426425e+05 3.6000000000e+03 0.0000000000e+00 -0.0000000000e+00
1.0956000000e+05 5.1892514134e-14 8.2042444090e-16 1.4651131084e+08 8.0510332742e+06 1.2582030881e-18 3.4544089331e-20 -2.0814121523e+03 5.4476113267e+01 -4.6638890498e+09 -1.0178014453e+07 6.6934426425e+05 3.4444874220e+03 0.0000000000e+00 -0.0000000000e+00
1.1265714972e+05 5.5919367233e-14 9.3471752088e-16 1.3997352246e+08 8.2146216420e+06 1.3434455690e-18 3.9387490131e-20 -2.1413025166e+03 5.1073196846e+01 -4.6638889939e+09 -1.0178014453e+07 6.6934426425e+05 3.1171391249e+03 0.0000000000e+00 -0.0000000000e+00
1.1577428884e+05 6.0251633908e-14 1.0661751582e-15 1.3319721850e+08 8.3677244871e+06 1.4377451632e-18 4.5116592407e-20 -2.2075563020e+03 4.7047996988e+01 -4.6638889060e+09 -1.0178014453e+07 6.6934426425e+05 2.8113810691e+03 0.0000000000e+00 -0.0000000000e+00
1.1829790577e+05 6.3984081390e-14 1.1867003612e-15 1.2755303192e+08 8.4817706049e+06 1.5214675572e-18 5.0529984828e-20 -2.2663786711e+03 4.3244611160e+01 -4.6638888600e+09 -1.0178014453e+07 6.6934426425e+05 2.5406610471e+03 0.0000000000e+00 -0.0000000000e+00
1.2083856681e+05 6.7964884101e-14 1.3228991549e-15 1.2171394502e+08 8.5861468054e+06 1.6136340368e-18 5.6845192265e-20 -2.3311337553e+03 3.8807620711e+01 -4.6638887894e+09 -1.0178014452e+07 6.6934426426e+05 2.2922198420e+03 0.0000000000e+00 -0.0000000000e+00
1.2289543657e+05 7.1366491260e-14 1.4457450148e-15 1.1686109231e+08 8.6618078052e+06 1.6950163821e-18 6.2731729687e-20 -2.3883120337e+03 3.4671808772e+01 -4.6638887534e+09 -1.0178014452e+07 6.6934426426e+05 2.0716497519e+03 0.0000000000e+00 -0.0000000000e+00
1.2496708632e+05 7.4968949173e-14 1.5825644902e-15 1.1184942645e+08 8.7288149784e+06 1.7841363487e-18 6.9512009495e-20 -2.4509266738e+03 2.9908063947e+01 -4.6638886994e+09 -1.0178014452e+07 6.6934426426e+05 1.8655946142e+03 0.0000000000e+00 -0.0000000000e+00
1.2663513347e+05 7.8009043560e-14 1.7035866040e-15 1.0771614979e+08 8.7751389463e+06 1.8619234788e-18 7.5715754886e-20 -2.5055789962e+03 2.5549385421e+01 -4.6638886733e+09 -1.0178014452e+07 6.6934426426e+05 1.6818865745e+03 0.0000000000e+00 -0.0000000000e+00
1.2814003764e+05 8.0867183547e-14 1.8221655253e-15 1.0390606174e+08 8.8103325530e+06 1.9374067845e-18 8.1990541204e-20 -2.5586126788e+03 2.1140794374e+01 -4.6638886519e+09 -1.0178014452e+07 6.6934426426e+05 1.5183455149e+03 0.0000000000e+00 -0.0000000000e+00
1.2948995877e+05 8.3530962168e-14 1.9370042877e-15 1.0041810849e+08 8.8359495971e+06 2.0099784915e-18 8.8260101048e-20 -2.6096007063e+03 1.6735875388e+01 -4.6638886350e+09 -1.0178014452e+07 6.6934426426e+05 1.3642186662e+03 0.0000000000e+00 -0.0000000000e+00
1.3068974777e+05 8.5983382761e-14 2.0465352194e-15 9.7258423130e+07 8.8534734980e+06 2.0788324745e-18 9.4423275827e-20 -2.6579767048e+03 1.2405701296e+01 -4.6638886226e+09 -1.0178014452e+07 6.6934426426e+05 1.2161323262e+03 0.0000000000e+00 -0.0000000000e+00
1.3173800069e+05 8.8195698883e-14 2.1485655854e-15 9.4448883683e+07 8.8643342907e+06 2.1427423496e-18 1.0033120965e-19 -2.7028790311e+03 8.2548564966e+00 -4.6638886143e+09 -1.0178014452e+07 6.6934426426e+05 1.0693642442e+03 0.0000000000e+00 -0.0000000000e+00
1.3261976054e+05 9.0109896011e-14 2.2393830540e-15 9.2048160186e+07 8.8699624052e+06 2.1995033154e-18 1.0572960720e-19 -2.7427586179e+03 4.4620058856e+00 -4.6638886099e+09 -1.0178014452e+07 6.6934426425e+05 9.1641281720e+02 0.0000000000e+00 -0.0000000000e+00
1.3326420896e+05 9.1541250485e-14 2.3088674659e-15 9.0270836154e+07 8.8718914578e+06 2.2428817479e-18 1.0995125764e-19 -2.7732357942e+03 1.4959239564e+00 -4.6638886088e+09 -1.0178014452e+07 6.6934426426e+05 7.5272232231e+02 0.0000000000e+00 -0.0000000000e+00
1.3401693128e+05 9.3249258767e-14 2.3935857381e-15 8.8169489785e+07 8.8716435575e+06 2.2957432860e-18 1.1520836090e-19 -2.8103756890e+03 -2.1976549481e+00 -4.6638886058e+09 -1.0178014452e+07 6.6934426426e+05 7.6145037901e+02 0.0000000000e+00 -0.0000000000e+00
1.3477838166e+05 9.5018530922e-14 2.4834595397e-15 8.6014649047e+07 8.8684607458e+06 2.3518230612e-18 1.2092076173e-19 -2.8497766793e+03 -6.2111205610e+00 -4.6638886020e+09 -1.0178014452e+07 6.6934426426e+05 8.5854395480e+02 0.0000000000e+00 -0.0000000000e+00
1.3563692562e+05 9.7066021240e-14 2.5902257879e-15 8.3548074346e+07 8.8610552679e+06 2.4184941683e-18 1.2789332555e-19 -2.8966190148e+03 -1.1109961872e+01 -4.6638885932e+09 -1.0178014452e+07 6.6934426426e+05 9.0825169550e+02 0.0000000000e+00 -0.0000000000e+00
1.3654517731e+05 9.9296285997e-14 2.7099925218e-15 8.0893563757e+07 8.8484301065e+06 2.4934149905e-18 1.3596388581e-19 -2.9492575030e+03 -1.6780242567e+01 -4.6638885781e+09 -1.0178014452e+07 6.6934426426e+05 9.2924787616e+02 0.0000000000e+00 -0.0000000000e+00
1.3747442519e+05 1.0165089543e-13 2.8404957855e-15 7.8126548951e+07 8.8299149589e+06 2.5752932304e-18 1.4506889172e-19 -3.0067841911e+03 -2.3177312599e+01 -4.6638885555e+09 -1.0178014452e+07 6.6934426425e+05 9.3166437460e+02 0.0000000000e+00 -0.0000000000e+00
1.3840608956e+05 1.0409073957e-13 2.9802852106e-15 7.5296755692e+07 8.8050657540e+06 2.6633735224e-18 1.5519627495e-19 -3.0686683680e+03 -3.0292692915e+01 -4.6638885243e+09 -1.0178014452e+07 6.6934426426e+05 9.2129980418e+02 0.0000000000e+00 -0.0000000000e+00
1.3932738937e+05 1.0658717004e-13 3.1283156889e-15 7.2439616226e+07 8.7736103096e+06 2.7571791357e-18 1.6636164527e-19 -3.1345750884e+03 -3.8137350744e+01 -4.6638884836e+09 -1.0178014452e+07 6.6934426425e+05 9.0188663944e+02 0.0000000000e+00 -0.0000000000e+00
1.4022927601e+05 1.0911798620e-13 3.2837673738e-15 6.9581563363e+07 8.7354120964e+06 2.8563965348e-18 1.7859798096e-19 -3.2042840657e+03 -4.6734456237e+01 -4.6638884323e+09 -1.0178014452e+07 6.6934426426e+05 8.7601903262e+02 0.0000000000e+00 -0.0000000000e+00
1.4110529504e+05 1.1166535936e-13 3.4459561430e-15 6.6742851965e+07 8.6904435064e+06 2.9608166577e-18 1.9195062788e-19 -3.2776484155e+03 -5.6115868875e+01 -4.6638883695e+09 -1.0178014452e+07 6.6934426426e+05 8.4559068965e+02 0.0000000000e+00 -0.0000000000e+00
1.4195088573e+05 1.1421464083e-13 3.6142848207e-15 6.3939235114e+07 8.6387649669e+06 3.0703018484e-18 2.0647467465e-19 -3.3545714225e+03 -6.6320293263e+01 -4.6638882940e+09 -1.0178014452e+07 6.6934426425e+05 8.1202833830e+02 0.0000000000e+00 -0.0000000000e+00
1.4276291407e+05 1.1675362046e-13 3.7882149036e-15 6.1183044229e+07 8.5805080323e+06 3.1847657792e-18 2.2223352163e-19 -3.4349924337e+03 -7.7392273756e+01 -4.6638882049e+09 -1.0178014452e+07 6.6934426426e+05 7.7642856042e+02 0.0000000000e+00 -0.0000000000e+00
1.4353934263e+05 1.1927203468e-13 3.9672494769e-15 5.8483930015e+07 8.5158613889e+06 3.3041605364e-18 2.3929810707e-19 -3.5188777854e+03 -8.9381650725e+01 -4.6638881009e+09 -1.0178014452e+07 6.6934426425e+05 7.3964422837e+02 0.0000000000e+00 -0.0000000000e+00
1.4427898686e+05 1.2176122196e-13 4.1509226143e-15 5.5849396356e+07 8.4450591119e+06 3.4284679246e-18 2.5774652282e-19 -3.6062146939e+03 -1.0234329059e+02 -4.6638879810e+09 -1.0178014453e+07 6.6934426425e+05 7.0234250921e+02 0.0000000000e+00 -0.0000000000e+00
1.4498132936e+05 1.2421387000e-13 4.3387927080e-15 5.3285200320e+07 8.3683707273e+06 3.5576933903e-18 2.7766387697e-19 -3.6970069858e+03 -1.1633698930e+02 -4.6638878439e+09 -1.0178014453e+07 6.6934426425e+05 6.6504573932e+02 0.0000000000e+00 -0.0000000000e+00
1.4564637510e+05 1.2662382247e-13 4.5304382572e-15 5.0795661344e+07 8.2860927663e+06 3.6918616410e-18 2.9914232266e-19 -3.7912720203e+03 -1.3142749255e+02 -4.6638876884e+09 -1.0178014453e+07 6.6934426425e+05 6.2816139673e+02 0.0000000000e+00 -0.0000000000e+00
1.4627453650e+05 1.2898592604e-13 4.7254552318e-15 4.8383906250e+07 8.1985415728e+06 3.8310134005e-18 3.2228120568e-19 -3.8890384094e+03 -1.4768459954e+02 -4.6638875130e+09 -1.0178014453e+07 6.6934426425e+05 5.9200478078e+02 0.0000000000e+00 -0.0000000000e+00
1.4686654128e+05 1.3129590557e-13 4.9234554539e-15 4.6052067319e+07 8.1060471820e+06 3.9752029495e-18 3.4718730218e-19 -3.9903442902e+03 -1.6518332993e+02 -4.6638873163e+09 -1.0178014453e+07 6.6934426425e+05 5.5681661797e+02 0.0000000000e+00 -0.0000000000e+00
1.4742335790e+05 1.3355025960e-13 5.1240656432e-15 4.3801444981e+07 8.0089481183e+06 4.1244962203e-18 3.7397512856e-19 -4.0952359859e+03 -1.8400414159e+02 -4.6638870968e+09 -1.0178014452e+07 6.6934426425e+05 5.2277699815e+02 0.0000000000e+00 -0.0000000000e+00
1.4794613490e+05 1.3574617116e-13 5.3269268895e-15 4.1632643134e+07 7.9075869916e+06 4.2789692908e-18 4.0276731265e-19 -4.2037669479e+03 -2.0423319140e+02 -4.6638868530e+09 -1.0178014452e+07 6.6934426425e+05 4.9001658033e+02 0.0000000000e+00 -0.0000000000e+00
1.4843615148e+05 1.3788143016e-13 5.5316943942e-15 3.9545682830e+07 7.8023067856e+06 4.4387071713e-18 4.3369501940e-19 -4.3159969035e+03 -2.2596263430e+02 -4.6638865831e+09 -1.0178014452e+07 6.6934426425e+05 4.5862570802e+02 0.0000000000e+00 -0.0000000000e+00
1.4889477719e+05 1.3995436511e-13 5.7380373749e-15 3.7540098524e+07 7.6934477511e+06 4.6038028068e-18 4.6689842713e-19 -4.4319911547e+03 -2.4929095795e+02 -4.6638862853e+09 -1.0178014452e+07 6.6934426425e+05 4.2866189204e+02 0.0000000000e+00 -0.0000000000e+00
1.4932343908e+05 1.4196378241e-13 5.9456390590e-15 3.5615020051e+07 7.5813448241e+06 4.7743562401e-18 5.0252725257e-19 -4.5518199904e+03 -2.7432335154e+02 -4.6638859578e+09 -1.0178014453e+07 6.6934426425e+05 4.0015599144e+02 0.0000000000e+00 -0.0000000000e+00
1.4972359507e+05 1.4390891193e-13 6.1541967181e-15 3.3769242763e+07 7.4663255039e+06 4.9504738947e-18 5.4074132389e-19 -4.6755581826e+03 -3.0117210847e+02 -4.6638855985e+09 -1.0178014452e+07 6.6934426425e+05 3.7311734416e+02 0.0000000000e+00 -0.0000000000e+00
1.5009671241e+05 1.4578935801e-13 6.3634217080e-15 3.2001287732e+07 7.3487081291e+06 5.1322679457e-18 5.8171120242e-19 -4.8032845440e+03 -3.2995706313e+02 -4.6638852053e+09 -1.0178014453e+07 6.6934426425e+05 3.4753803663e+02 0.0000000000e+00 -0.0000000000e+00
1.5044425045e+05 1.4760505518e-13 6.5730394941e-15 3.0309453538e+07 7.2288005024e+06 5.3198557537e-18 6.2561885409e-19 -4.9350815310e+03 -3.6080606263e+02 -4.6638847758e+09 -1.0178014452e+07 6.6934426425e+05 3.2339646574e+02 0.0000000000e+00 -0.0000000000e+00
1.5076764692e+05 1.4935622794e-13 6.7827896474e-15 2.8691860877e+07 7.1068988146e+06 5.5133593437e-18 6.7265837279e-19 -5.0710348768e+03 -3.9385547506e+02 -4.6638843078e+09 -1.0178014452e+07 6.6934426425e+05 3.0066030784e+02 0.0000000000e+00 -0.0000000000e+00
1.5106830722e+05 1.5104335437e-13 6.9924258029e-15 2.7146490996e+07 6.9832868301e+06 5.7129049116e-18 7.2303675782e-19 -5.2112332452e+03 -4.2925073570e+02 -4.6638837986e+09 -1.0178014452e+07 6.6934426425e+05 2.7928899531e+02 0.0000000000e+00 -0.0000000000e+00
1.5134759622e+05 1.5266713303e-13 7.2017155768e-15 2.5671218807e+07 6.8582352957e+06 5.9186223451e-18 7.7697474876e-19 -5.3557678938e+03 -4.6714693357e+02 -4.6638832455e+09 -1.0178014453e+07 6.6934426425e+05 2.5923577674e+02 0.0000000000e+00 -0.0000000000e+00
1.5160683200e+05 1.5422845296e-13 7.4104404413e-15 2.4263841384e+07 6.7320015415e+06 6.1306447468e-18 8.3470772073e-19 -5.5047323388e+03 -5.0770944047e+02 -4.6638826457e+09 -1.0178014452e+07 6.6934426425e+05 2.4044942836e+02 0.0000000000e+00 -0.0000000000e+00
1.5184728142e+05 1.5572836642e-13 7.6183955571e-15 2.2922102447e+07 6.6048292467e+06 6.3491079494e-18 8.9648664458e-19 -5.6582220149e+03 -5.5111458555e+02 -4.6638819961e+09 -1.0178014452e+07 6.6934426425e+05 2.2287566873e+02 0.0000000000e+00 -0.0000000000e+00
1.5207015709e+05 1.5716806428e-13 7.8253895670e-15 2.1643713348e+07 6.4769483435e+06 6.5741500128e-18 9.6257911574e-19 -5.8163339210e+03 -5.9755037823e+02 -4.6638812935e+09 -1.0178014452e+07 6.6934426425e+05 2.0645832449e+02 0.0000000000e+00 -0.0000000000e+00
1.5227661542e+05 1.5854885366e-13 8.0312443538e-15 2.0426370994e+07 6.3485750387e+06 6.8059106926e-18 1.0332704571e-18 -5.9791662481e+03 -6.4721728303e+02 -4.6638805344e+09 -1.0178014452e+07 6.6934426425e+05 1.9114028413e+02 0.0000000000e+00 -0.0000000000e+00
1.5246775570e+05 1.5987213790e-13 8.2357947643e-15 1.9267773108e+07 6.2199119329e+06 7.0445308721e-18 1.1088649013e-18 -6.1468179789e+03 -7.0032905012e+02 -4.6638797153e+09 -1.0178014452e+07 6.6934426425e+05 1.7686427299e+02 0.0000000000e+00 -0.0000000000e+00
1.5264461997e+05 1.6113939837e-13 8.4388883071e-15 1.8165631146e+07 6.0911482211e+06 7.2901519468e-18 1.1896868574e-18 -6.3193884563e+03 -7.5711360567e+02 -4.6638788321e+09 -1.0178014452e+07 6.6934426425e+05 1.6357347740e+02 0.0000000000e+00 -0.0000000000e+00
1.5280819345e+05 1.6235217827e-13 8.6403848243e-15 1.7117681170e+07 5.9624599585e+06 7.5429151516e-18 1.2760822707e-18 -6.4969769104e+03 -8.1781400663e+02 -4.6638778809e+09 -1.0178014452e+07 6.6934426426e+05 1.5121204123e+02 0.0000000000e+00 -0.0000000000e+00
1.5295940549e+05 1.6351206804e-13 8.8401561453e-15 1.6121692928e+07 5.8340103801e+06 7.8029608211e-18 1.3684200800e-18 -6.6796819384e+03 -8.8268946510e+02 -4.6638768574e+09 -1.0178014452e+07 6.6934426426e+05 1.3972545487e+02 0.0000000000e+00 -0.0000000000e+00
1.5309913095e+05 1.6462069238e-13 9.0380857234e-15 1.5175477372e+07 5.7059502614e+06 8.0704275695e-18 1.4670937826e-18 -6.8676009291e+03 -9.5201644771e+02 -4.6638757569e+09 -1.0178014452e+07 6.6934426426e+05 1.2906085438e+02 0.0000000000e+00 -0.0000000000e+00
1.5322819180e+05 1.6567969868e-13 9.2340682626e-15 1.4276892800e+07 5.5784183107e+06 8.3454513797e-18 1.5725231151e-18 -7.0608294226e+03 -1.0260898564e+03 -4.6638745745e+09 -1.0178014452e+07 6.6934426426e+05 1.1916724480e+02 0.0000000000e+00 -0.0000000000e+00
1.5334735905e+05 1.6669074681e-13 9.4280093351e-15 1.3423849813e+07 5.4515415844e+06 8.6281645869e-18 1.6851558587e-18 -7.2594603960e+03 -1.1052242970e+03 -4.6638733052e+09 -1.0178014452e+07 6.6934426425e+05 1.0999566077e+02 0.0000000000e+00 -0.0000000000e+00
1.5345735471e+05 1.6765550010e-13 9.6198249960e-15 1.2614315219e+07 5.3254359183e+06 8.9186947410e-18 1.8054697818e-18 -7.4635834642e+03 -1.1897554439e+03 -4.6638719435e+09 -1.0178014452e+07 6.6934426426e+05 1.0149927453e+02 0.0000000000e+00 -0.0000000000e+00
1.5355885398e+05 1.6857561738e-13 9.8094413962e-15 1.1846315044e+07 5.2002063671e+06 9.2171633310e-18 1.9339747293e-18 -7.6732839841e+03 -1.2800415081e+03 -4.6638704837e+09 -1.0178014452e+07 6.6934426425e+05 9.3633461549e+01 0.0000000000e+00 -0.0000000000e+00
1.5365248744e+05 1.6945274612e-13 9.9967943997e-15 1.1117936743e+07 5.0759476476e+06 9.5236843534e-18 2.0712148744e-18 -7.8886420484e+03 -1.3764648195e+03 -4.6638689196e+09 -1.0178014453e+07 6.6934426426e+05 8.6355829557e+01 0.0000000000e+00 -0.0000000000e+00
1.5373884327e+05 1.7028851640e-13 1.0181829204e-14 1.0427330743e+07 4.9527445799e+06 9.8383627002e-18 2.2177711459e-18 -8.1097313527e+03 -1.4794335316e+03 -4.6638672448e+09 -1.0178014452e+07 6.6934426425e+05 7.9626220125e+01 3.2499485742e-306 -2.2772505107e-298
1.5381846949e+05 1.7108453577e-13 1.0364499973e-14 9.7727113928e+06 4.8306725236e+06 1.0161292344e-17 2.3742638479e-18 -8.3366179214e+03 -1.5893834630e+03 -4.6638654526e+09 -1.0178014453e+07 6.6934426425e+05 7.3406686140e+01 1.1972303909e-267 -8.6365305044e-260
1.5389187618e+05 1.7184238482e-13 1.0544769476e-14 9.1523574118e+06 4.7097978029e+06 1.0492554291e-17 2.5413554919e-18 -8.5693586684e+03 -1.7067800863e+03 -4.6638635358e+09 -1.0178014452e+07 6.6934426426e+05 6.7661451512e+01 4.0177733758e-231 -2.9840106461e-223
1.5395953763e+05 1.7256361348e-13 1.0722608743e-14 8.5646119018e+06 4.5901781206e+06 1.0832214270e-17 2.7197538600e-18 -8.8079997731e+03 -1.8321206809e+03 -4.6638614869e+09 -1.0178014452e+07 6.6934426426e+05 6.2356856134e+01 1.5434211469e-196 -1.1802617568e-188
1.5402189449e+05 1.7324973793e-13 1.0897996740e-14 8.0078819983e+06 4.4718629543e+06 1.1180320115e-17 2.9102153248e-18 -9.0525748444e+03 -1.9659366654e+03 -4.6638592980e+09 -1.0178014452e+07 6.6934426426e+05 5.7461290008e+01 8.4527862613e-164 -6.6557642772e-156
1.5407935578e+05 1.7390223799e-13 1.1070920055e-14 7.4806382071e+06 4.3548939363e+06 1.1536898810e-17 3.1135484532e-18 -9.3031028407e+03 -2.1087961292e+03 -4.6638569606e+09 -1.0178014452e+07 6.6934426426e+05 5.2945119218e+01 8.1477632428e-133 -6.6064093361e-125
1.5413230090e+05 1.7452255514e-13 1.1241372614e-14 6.9814134807e+06 4.2393052108e+06 1.1901953133e-17 3.3306179225e-18 -9.5595857135e+03 -2.2613065846e+03 -4.6638544660e+09 -1.0178014452e+07 6.6934426426e+05 4.8780606120e+01 1.6917839148e-103 -1.4126209513e-95
1.5418108150e+05 1.7511209084e-13 1.1409355413e-14 6.5088020768e+06 4.1251237689e+06 1.2275457847e-17 3.5623487888e-18 -9.8220057310e+03 -2.4241179650e+03 -4.6638518051e+09 -1.0178014452e+07 6.6934426426e+05 4.4941825553e+01 9.1827378281e-76 -7.8964355974e-68
1.5422602333e+05 1.7567220539e-13 1.1574876284e-14 6.0614582383e+06 4.0123697580e+06 1.2657355365e-17 3.8097311431e-18 -1.0090322434e+04 -2.5979258968e+03 -4.6638489682e+09 -1.0178014452e+07 6.6934426426e+05 4.1404579075e+01 1.5680547169e-49 -1.3887456406e-41
1.5426742791e+05 1.7620421702e-13 1.1737949689e-14 5.6380947270e+06 3.9010567630e+06 1.3047550820e-17 4.0738252079e-18 -1.0364469170e+04 -2.7834752797e+03 -4.6638459452e+09 -1.0178014452e+07 6.6934426426e+05 3.8146308248e+01 1.0056106214e-24 -9.1731475168e-17
1.5427708899e+05 1.7633073753e-13 1.1777631593e-14 5.5376345917e+06 3.8739374997e+06 1.3144645116e-17 4.1413767256e-18 -1.0432686480e+04 -2.8309361813e+03 -4.6638459424e+09 -1.0178014452e+07 6.6934426425e+05 3.6008129146e+01 7.6910457953e-19 -7.0668886082e-11
1.5428068980e+05 1.7637813513e-13 1.1792590284e-14 5.5000219356e+06 3.8637112503e+06 1.3181467109e-17 4.1671899286e-18 -1.0458557180e+04 -2.8490722341e+03 -4.6638459424e+09 -1.0178014453e+07 6.6934426426e+05 1.8004064573e+01 1.2260544277e-16 -1.1296530489e-08
1.5429869387e+05 1.7661714741e-13 1.1868813979e-14 5.3105364128e+06 3.8115751341e+06 1.3370989768e-17 4.3017674609e-18 -1.0591713548e+04 -2.9436248188e+03 -4.6638480098e+09 -1.0178014264e+07 6.6934431651e+05 4.1332283545e+01 1.5200397948e-05 -1.4203520242e+03
1.5430282710e+05 1.7667250524e-13 1.1886660654e-14 5.2666934702e+06 3.7993617478e+06 1.3415823547e-17 4.3340282611e-18 -1.0623209397e+04 -2.9662898070e+03 -4.6642212324e+09 -1.0177981654e+07 6.6935341551e+05 4.4357741575e+00 5.5975539095e-03 -5.2477829126e+05
1.5430411106e+05 1.7668973961e-13 1.1892231867e-14 5.2530473864e+06 3.7955485898e+06 1.3429855272e-17 4.3441587183e-18 -1.0633048009e+04 -2.9734017813e+03 -4.6661610234e+09 -1.0177812387e+07 6.6940072451e+05 2.1765924005e+00 3.5209378265e-02 -3.3043357767e+06
1.5430541851e+05 1.7670730790e-13 1.1897918428e-14 5.2391386421e+06 3.7916562617e+06 1.3444195167e-17 4.3545283218e-18 -1.0642992562e+04 -2.9806508180e+03 -4.6788863456e+09 -1.0176703244e+07 6.6971118450e+05 1.5003059490e+00 2.2943422161e-01 -2.1554468308e+07
1.5430641880e+05 1.7672076151e-13 1.1902278209e-14 5.2284888735e+06 3.7886719969e+06 1.3455201383e-17 4.3624986835e-18 -1.0650232644e+04 -2.9861126023e+03 -4.7269854755e+09 -1.0172514810e+07 6.7088501850e+05 1.0804510974e+00 9.6356348649e-01 -9.0592276378e+07
1.5430721992e+05 1.7673154433e-13 1.1905775674e-14 5.2199546880e+06 3.7862780768e+06 1.3464038284e-17 4.3689052939e-18 -1.0655046697e+04 -2.9902225650e+03 -4.8632131596e+09 -1.0160660288e+07 6.7421061288e+05 8.3571648271e-01 3.0423371859e+00 -2.8618291518e+08
1.5430788129e+05 1.7674045143e-13 1.1908666883e-14 5.2129069819e+06 3.7842994596e+06 1.3471348483e-17 4.3742099205e-18 -1.0656950802e+04 -2.9930421201e+03 -5.1790383339e+09 -1.0133188677e+07 6.8192362446e+05 6.7877949561e-01 7.8593324312e+00 -7.3947561040e+08
1.5430844299e+05 1.7674801999e-13 1.1911125129e-14 5.2069213745e+06 3.7826178346e+06 1.3477567597e-17 4.3787262652e-18 -1.0654789235e+04 -2.9943803091e+03 -5.8172991875e+09 -1.0077674809e+07 6.9752062850e+05 5.7140587755e-01 1.7584701885e+01 -1.6542675655e+09
1.5430893177e+05 1.7675460895e-13 1.1913266347e-14 5.2017151328e+06 3.7811542783e+06 1.3482987378e-17 4.3826647243e-18 -1.0646616658e+04 -2.9937794207e+03 -6.9876427024e+09 -9.9758409707e+06 7.2614865709e+05 4.9456839840e-01 3.5385691847e+01 -3.3264669489e+09
1.5430936649e+05 1.7676047132e-13 1.1915172341e-14 5.1970901000e+06 3.7798534122e+06 1.3487813888e-17 4.3861740978e-18 -1.0629494354e+04 -2.9904751990e+03 -8.9893132407e+09 -9.8014774708e+06 7.7519252077e+05 4.3826214001e-01 6.5736756648e+01 -6.1699389758e+09
1.5430980476e+05 1.7676638358e-13 1.1917095412e-14 5.1924384025e+06 3.7785443811e+06 1.3492685652e-17 4.3897183144e-18 -1.0594485590e+04 -2.9821500262e+03 -1.2730518652e+10 -9.4748088036e+06 8.6712255036e+05 3.9510113012e-01 1.2214557075e+02 -1.1427043468e+10
1.5431019986e+05 1.7677171543e-13 1.1918830427e-14 5.1882630302e+06 3.7773688199e+06 1.3497082726e-17 4.3929188613e-18 -1.0535563968e+04 -2.9669393557e+03 -1.8740795340e+10 -8.9477156882e+06 1.0155269159e+06 3.6603294293e-01 2.1189511615e+02 -1.9713775176e+10
1.5431056589e+05 1.7677665655e-13 1.1920438923e-14 5.1844224119e+06 3.7762870230e+06 1.3501160593e-17 4.3958884694e-18 -1.0441505785e+04 -2.9417246479e+03 -2.8067447764e+10 -8.1238681144e+06 1.2475864326e+06 3.5731750459e-01 3.4901855561e+02 -3.2182259625e+10
1.5431092321e+05 1.7678148146e-13 1.1922010169e-14 5.1807162631e+06 3.7752426535e+06 1.3505145313e-17 4.3987915425e-18 -1.0290812445e+04 -2.9005102131e+03 -4.2666222293e+10 -6.8191779714e+06 1.6152462806e+06 4.0890257082e-01 5.5831210527e+02 -5.0739392531e+10
1.5431124842e+05 1.7678587406e-13 1.1923441130e-14 5.1774019166e+06 3.7743083065e+06 1.3508775326e-17 4.4014372920e-18 -1.0077512080e+04 -2.8415177702e+03 -6.2836607309e+10 -4.9844464325e+06 2.1324824609e+06 3.4040635208e-01 8.3644239383e+02 -7.4442441077e+10
1.5431151063e+05 1.7678941660e-13 1.1924595516e-14 5.1747899639e+06 3.7735717045e+06 1.3511704425e-17 4.4035729269e-18 -9.8325792925e+03 -2.7733632700e+03 -8.5398766314e+10 -2.8850251596e+06 2.7245497249e+06 2.6871950316e-01 1.1317643608e+03 -9.8280010336e+10
1.5431177935e+05 1.7679304786e-13 1.1925779136e-14 5.1721908723e+06 3.7728384831e+06 1.3514708287e-17 4.4057637493e-18 -9.4959054110e+03 -2.6793282796e+03 -1.1544356852e+11 -5.3581016101e+03 3.5369307345e+06 2.4238243404e-01 1.4977366515e+03 -1.2561012147e+11
1.5431202173e+05 1.7679632391e-13 1.1926847255e-14 5.1699347571e+06 3.7722018044e+06 1.3517419474e-17 4.4077416825e-18 -9.1059216533e+03 -2.5701256960e+03 -1.4889287846e+11 3.3256950469e+06 4.4769649123e+06 2.4502594602e-01 1.8659684027e+03 -1.5006913749e+11
1.5431226676e+05 1.7679963637e-13 1.1927927512e-14 5.1677609019e+06 3.7715881350e+06 1.3520161830e-17 4.4097428811e-18 -8.6231414563e+03 -2.4347002221e+03 -1.8832544997e+11 7.4457040704e+06 5.6400325980e+06 3.5063246709e-01 2.2422068284e+03 -1.7077150654e+11
1.5431245378e+05 1.7680216518e-13 1.1928752389e-14 5.1661872741e+06 3.7711437687e+06 1.3522256070e-17 4.4112714643e-18 -8.1969468546e+03 -2.3150079624e+03 -2.2133519124e+11 1.1080864983e+07 6.6665455046e+06 2.0053044576e-01 2.5040880124e+03 -1.8129458294e+11
1.5431262531e+05 1.7680448476e-13 1.1929509156e-14 5.1648176174e+06 3.7707568949e+06 1.3524177496e-17 4.4126741564e-18 -7.7677993951e+03 -2.1943946631e+03 -2.5287499031e+11 1.4740093149e+07 7.7001354256e+06 1.7313200180e-01 2.7040832105e+03 -1.8552813135e+11
1.5431279844e+05 1.7680682640e-13 1.1930273254e-14 5.1635124259e+06 3.7703881280e+06 1.3526117597e-17 4.4140907063e-18 -7.3055246062e+03 -2.0643939905e+03 -2.8494742252e+11 1.8681015137e+07 8.8136007790e+06 1.5882327263e-01 2.8512809103e+03 -1.8398920009e+11
1.5431295726e+05 1.7680897480e-13 1.1930974418e-14 5.1623870182e+06 3.7700700670e+06 1.3527897925e-17 4.4153907867e-18 -6.8643165675e+03 -1.9402600698e+03 -3.1372139435e+11 2.2441915586e+07 9.8765031848e+06 1.5150960194e-01 2.9291174656e+03 -1.7760042208e+11
1.5431310877e+05 1.7681102454e-13 1.1931643486e-14 5.1613793926e+06 3.7697852130e+06 1.3529596748e-17 4.4166315052e-18 -6.4363370164e+03 -1.8198051079e+03 -3.3992043412e+11 2.6089887141e+07 1.0907779932e+07 1.4893057595e-01 2.9494528744e+03 -1.6768695390e+11
1.5431325770e+05 1.7681303963e-13 1.1932301348e-14 5.1604521503e+06 3.7695230069e+06 1.3531267079e-17 4.4178515549e-18 -6.0163807999e+03 -1.7015748413e+03 -3.6399056994e+11 2.9669490198e+07 1.1920023335e+07 1.5011642175e-01 2.9198448252e+03 -1.5517570414e+11
1.5431340782e+05 1.7681507102e-13 1.1932964633e-14 5.1595803298e+06 3.7692763967e+06 1.3532951109e-17 4.4190817422e-18 -5.6006707366e+03 -1.5845131752e+03 -3.8622054711e+11 3.3213082764e+07 1.2922394175e+07 1.5551810623e-01 2.8454949585e+03 -1.4077867587e+11
1.5431356334e+05 1.7681717578e-13 1.1933651979e-14 5.1587419239e+06 3.7690391576e+06 1.3534696130e-17 4.4203566126e-18 -5.1843260317e+03 -1.4672510610e+03 -4.0689290646e+11 3.6762434018e+07 1.3926735672e+07 1.6783764168e-01 2.7296181204e+03 -1.2501001305e+11
1.5431373118e+05 1.7681944757e-13 1.1934393997e-14 5.1579079988e+06 3.7688030945e+06 1.3536579800e-17 4.4217329137e-18 -4.7572179088e+03 -1.3469397950e+03 -4.2644530574e+11 4.0404102339e+07 1.4957600703e+07 2.0147477421e-01 2.5716231314e+03 -1.0807482681e+11
1.5431393265e+05 1.7682217507e-13 1.1935285031e-14 5.1569982181e+06 3.7685454336e+06 1.3538841506e-17 4.4233855980e-18 -4.2810343347e+03 -1.2127898703e+03 -4.4626975262e+11 4.4465169629e+07 1.6107744894e+07 2.1361129708e-01 2.3541266210e+03 -8.9034978297e+10
1.5431410090e+05 1.7682445310e-13 1.1936029367e-14 5.1563090272e+06 3.7683501417e+06 1.3540730600e-17 4.4247661363e-18 -3.9167644662e+03 -1.1101627247e+03 -4.6003012422e+11 4.7572745181e+07 1.6988320206e+07 1.7049340051e-01 2.1623235719e+03 -7.4825011505e+10
1.5431427139e+05 1.7682676187e-13 1.1936783880e-14 5.1556704566e+06 3.7681690962e+06 1.3542645255e-17 4.4261654639e-18 -3.5794030360e+03 -1.0151169046e+03 -4.7168822067e+11 5.0451751654e+07 1.7804566461e+07 1.5851633744e-01 1.9681892819e+03 -6.2243562487e+10
1.5431442991e+05 1.7682890874e-13 1.1937485603e-14 5.1551260419e+06 3.7680146574e+06 1.3544425683e-17 4.4274667836e-18 -3.2939136889e+03 -9.3468912200e+02 -4.8073838806e+11 5.2889043823e+07 1.8495974095e+07 1.5336825513e-01 1.7936885683e+03 -5.2202922417e+10
1.5431458327e+05 1.7683098616e-13 1.1938164732e-14 5.1546404488e+06 3.7678768239e+06 1.3546148523e-17 4.4287260886e-18 -3.0424018214e+03 -8.6383979558e+02 -4.8809232635e+11 5.5037183499e+07 1.9105713939e+07 1.5138645786e-01 1.6337927965e+03 -4.3920635997e+10
1.5431473466e+05 1.7683303699e-13 1.1938835275e-14 5.1541972379e+06 3.7677509420e+06 1.3547849309e-17 4.4299693419e-18 -2.8165331732e+03 -8.0022219814e+02 -4.9420239362e+11 5.6967224103e+07 1.9653888226e+07 1.5114662225e-01 1.4864867444e+03 -3.6995748297e+10
1.5431488581e+05 1.7683508483e-13 1.1939504944e-14 5.1537872635e+06 3.7676344224e+06 1.3549547592e-17 4.4312108281e-18 -2.6116145796e+03 -7.4251510321e+02 -4.9934137903e+11 5.8719174294e+07 2.0151812688e+07 1.5206155729e-01 1.3507610792e+03 -3.1173530166e+10
1.5431503787e+05 1.7683714532e-13 1.1940178856e-14 5.1534045934e+06 3.7675255847e+06 1.3551256334e-17 4.4324600187e-18 -2.4245255764e+03 -6.8984017046e+02 -5.0369743554e+11 6.0319635428e+07 2.0607009783e+07 1.5385140960e-01 1.2258914829e+03 -2.6266458510e+10
1.5431519172e+05 1.7683923034e-13 1.1940860893e-14 5.1530449918e+06 3.7674232280e+06 1.3552985358e-17 4.4337240925e-18 -2.2529660530e+03 -6.4155005557e+02 -5.0741032772e+11 6.1788217110e+07 2.1025024808e+07 1.5635056480e-01 1.1112281839e+03 -2.2126216888e+10
1.5431534807e+05 1.7684134949e-13 1.1941554209e-14 5.1527052827e+06 3.7673264511e+06 1.3554742631e-17 4.4350088718e-18 -2.0951479111e+03 -5.9714158072e+02 -5.1058806218e+11 6.3140165750e+07 2.1410169546e+07 1.5945694442e-01 1.0061494701e+03 -1.8631829050e+10
1.5431550753e+05 1.7684351103e-13 1.1942261507e-14 5.1523829951e+06 3.7672345517e+06 1.3556534974e-17 4.4363193430e-18 -1.9496249556e+03 -5.5620783627e+02 -5.1331643420e+11 6.4387814745e+07 2.1765932508e+07 1.6310561517e-01 9.1004610965e+02 -1.5682836361e+10
1.5431567063e+05 1.7684572233e-13 1.1942985205e-14 5.1520761508e+06 3.7671469664e+06 1.3558368482e-17 4.4376599617e-18 -1.8151929317e+03 -5.1841003675e+02 -5.1566493634e+11 6.5541436657e+07 2.2095219979e+07 1.6725455351e-01 8.2231911178e+02 -1.3194967200e+10
1.5431583789e+05 1.7684799019e-13 1.1943727538e-14 5.1517831312e+06 3.7670632334e+06 1.3560248778e-17 4.4390348397e-18 -1.6908270483e+03 -4.8345993281e+02 -5.1769065975e+11 6.6609775794e+07 2.2400506634e+07 1.7187671870e-01 7.4238247843e+02 -1.1097127964e+10
1.5431600977e+05 1.7685032104e-13 1.1944490627e-14 5.1515025886e+06 3.7669829668e+06 1.3562181184e-17 4.4404478682e-18 -1.5756406524e+03 -4.5110817845e+02 -5.1944100919e+11 6.7600400486e+07 2.2683935152e+07 1.7695531006e-01 6.6966722219e+02 -9.3291581654e+09
1.5431618672e+05 1.7685272112e-13 1.1945276516e-14 5.1512333844e+06 3.7669058395e+06 1.3564170833e-17 4.4419028018e-18 -1.4688566417e+03 -4.2113628469e+02 -5.2095567020e+11 6.8519946761e+07 2.2947385112e+07 1.8248076598e-01 6.0362520947e+02 -7.8400715939e+09
1.5431636920e+05 1.7685519651e-13 1.1946087215e-14 5.1509745454e+06 3.7668315706e+06 1.3566222752e-17 4.4434033175e-18 -1.3697869455e+03 -3.9335084438e+02 -5.2226808041e+11 6.9374293241e+07 2.3192522435e+07 1.8844878517e-01 5.4373230338e+02 -6.5866323640e+09
1.5431655765e+05 1.7685775324e-13 1.1946924715e-14 5.1507252309e+06 3.7667599161e+06 1.3568341923e-17 4.4449530583e-18 -1.2778173216e+03 -3.6757925319e+02 -5.2340655831e+11 7.0168690728e+07 2.3420836012e+07 1.9485897066e-01 4.8949066646e+02 -5.5321770657e+09
1.5431675251e+05 1.7686039737e-13 1.1947791010e-14 5.1504847087e+06 3.7666906620e+06 1.3570533319e-17 4.4465556645e-18 -1.1923957788e+03 -3.4366645113e+02 -5.2439518714e+11 7.0907860864e+07 2.3633665594e+07 2.0171381543e-01 4.4043025401e+02 -4.6456271248e+09
1.5431695422e+05 1.7686313496e-13 1.1948688109e-14 5.1502523358e+06 3.7666236190e+06 1.3572801949e-17 4.4482147983e-18 -1.1130235695e+03 -3.2147238684e+02 -5.2525451837e+11 7.1596072898e+07 2.3832223487e+07 2.0901796251e-01 3.9610960724e+02 -3.9006538488e+09
1.5431716324e+05 1.7686597217e-13 1.1949618045e-14 5.1500275441e+06 3.7665586183e+06 1.3575152869e-17 4.4499341605e-18 -1.0392480217e+03 -3.0086999952e+02 -5.2600213945e+11 7.2237204749e+07 2.4017611810e+07 2.1677761087e-01 3.5611605238e+02 -3.2749688146e+09
1.5431738002e+05 1.7686891522e-13 1.1950582885e-14 5.1498098288e+06 3.7664955079e+06 1.3577591208e-17 4.4517175039e-18 -9.7065673620e+02 -2.8174358446e+02 -5.2665313712e+11 7.2834792439e+07 2.4190836465e+07 2.2500002606e-01 3.2006542473e+02 -2.7497191642e+09
1.5431760502e+05 1.7687197046e-13 1.1951584730e-14 5.1495987384e+06 3.7664341504e+06 1.3580122179e-17 4.4535686419e-18 -9.0687281186e+02 -2.6398744742e+02 -5.2722047903e+11 7.3392070753e+07 2.4352818626e+07 2.3369311234e-01 2.8760142198e+02 -2.3089715999e+09
1.5431783871e+05 1.7687514435e-13 1.1952625723e-14 5.1493938679e+06 3.7663744205e+06 1.3582751082e-17 4.4554914534e-18 -8.4755086093e+02 -2.4750478100e+02 -5.2771533046e+11 7.3912007141e+07 2.4504404321e+07 2.4286501778e-01 2.5839467814e+02 -1.9392719067e+09
1.5431808158e+05 1.7687844346e-13 1.1953708048e-14 5.1491948519e+06 3.7663162031e+06 1.3585483309e-17 4.4574898854e-18 -7.9237364394e+02 -2.3220671463e+02 -5.2814731899e+11 7.4397330349e+07 2.4646372521e+07 2.5252379381e-01 2.3214163559e+02 -1.6292690375e+09
1.5431833410e+05 1.7688187448e-13 1.1954833933e-14 5.1490013596e+06 3.7662593918e+06 1.3588324347e-17 4.4595679514e-18 -7.4104918857e+02 -2.1801150008e+02 -5.2852475681e+11 7.4850554896e+07 2.4779442055e+07 2.6267705311e-01 2.0856327505e+02 -1.3693944539e+09
1.5431859678e+05 1.7688544421e-13 1.1956005643e-14 5.1488130902e+06 3.7662038877e+06 1.3591279765e-17 4.4617297287e-18 -6.9330830299e+02 -2.0484380737e+02 -5.2885482838e+11 7.5274002180e+07 2.4904277577e+07 2.7333163988e-01 1.8740375872e+02 -1.1515888743e+09
1.5431887011e+05 1.7688915955e-13 1.1957225482e-14 5.1486297695e+06 3.7661495982e+06 1.3594355212e-17 4.4639793510e-18 -6.4890241018e+02 -1.9263411018e+02 -5.2914374946e+11 7.5669818839e+07 2.5021494748e+07 2.8449333483e-01 1.6842902737e+02 -9.6906964771e+08
1.5431915460e+05 1.7689302751e-13 1.1958495788e-14 5.1484511463e+06 3.7660964360e+06 1.3597556402e-17 4.4663210007e-18 -6.0760164339e+02 -1.8131814397e+02 -5.2939690226e+11 7.6039992865e+07 2.5131664792e+07 2.9616655254e-01 1.5142538287e+02 -8.1613291628e+08
1.5431945077e+05 1.7689705515e-13 1.1959818924e-14 5.1482769898e+06 3.7660443181e+06 1.3600889100e-17 4.4687588967e-18 -5.6919316368e+02 -1.7083642575e+02 -5.2961895076e+11 7.6386367815e+07 2.5235318512e+07 3.0835407807e-01 1.3619808356e+02 -6.8798557100e+08
1.5431975912e+05 1.7690124957e-13 1.1961197275e-14 5.1481070868e+06 3.7659931653e+06 1.3604359102e-17 4.4712972818e-18 -5.3347966198e+02 -1.6113382493e+02 -5.2981393925e+11 7.6710655431e+07 2.5332949855e+07 3.2105685347e-01 1.2256997080e+02 -5.8060266531e+08
1.5432008018e+05 1.7690561792e-13 1.1962633240e-14 5.1479412401e+06 3.7659429014e+06 1.3607972215e-17 4.4739404067e-18 -5.0027801721e+02 -1.5215917724e+02 -5.2998537679e+11 7.7014446924e+07 2.5425019102e+07 3.3427375428e-01 1.1038014049e+02 -4.9060656372e+08
1.5432041445e+05 1.7691016734e-13 1.1964129221e-14 5.1477792657e+06 3.7658934525e+06 1.3611734236e-17 4.4766925136e-18 -4.6941809471e+02 -1.4386493733e+02 -5.3013630969e+11 7.7299223050e+07 2.5511955724e+07 3.4800149184e-01 9.9482672538e+01 -4.1516464168e+08
1.5432076246e+05 1.7691490493e-13 1.1965687615e-14 5.1476209918e+06 3.7658447465e+06 1.3615650922e-17 4.4795578181e-18 -4.4074165936e+02 -1.3620686293e+02 -5.3026938380e+11 7.7566363199e+07 2.5594160955e+07 3.6223451761e-01 8.9745422036e+01 -3.5190276095e+08
1.5432076246e+05 1.7691490493e-13 1.1965687615e-14 5.1476209918e+06 3.7658447465e+06 1.3615650922e-17 4.4795578181e-18 -4.4074165936e+02 -1.3620686293e+02 -5.3026938380e+11 7.7566363199e+07 2.5594160955e+07 3.6223451761e-01 8.9745422036e+01 -3.5190276095e+08
