0.0000000000e+00 0.0000000000e+00 0.0000000000e+00 3.1415900000e+08 0.0000000000e+00 0.0000000000e+00 0.0000000000e+00 -1.1856728793e+03 1.8487786031e+02 -4.6638893045e+09 -1.0078219474e+07 1.5714618126e+06 1.0000000000e+01 0.0000000000e+00 -0.0000000000e+00
1.0000000000e+01 2.8740018814e-22 5.6378673453e-28 3.1414714307e+08 1.8487786027e+03 5.7480760784e-23 1.6913921222e-28 -1.1857132646e+03 1.8487786019e+02 -4.6638893045e+09 -1.0078219474e+07 1.5714618126e+06 5.0000000000e+01 0.0000000000e+00 -0.0000000000e+00
6.0000000000e+01 1.0347708691e-20 1.2181241603e-25 3.1408785236e+08 1.1092671533e+04 3.4494966615e-22 6.0913106191e-27 -1.1859152369e+03 1.8487785603e+02 -4.6638893045e+09 -1.0078219474e+07 1.5714618126e+06 2.5000000000e+02 0.0000000000e+00 -0.0000000000e+00
3.1000000000e+02 2.7640029509e-19 1.6824343439e-23 3.1379124721e+08 5.7312124876e+04 1.7839241870e-21 1.6291162649e-25 -1.1869262435e+03 1.8487774585e+02 -4.6638893045e+09 -1.0078219474e+07 1.5714618126e+06 1.2500000000e+03 0.0000000000e+00 -0.0000000000e+00
1.5600000000e+03 7.0216042374e-18 2.1593096356e-21 3.1230441701e+08 2.8840794498e+05 9.0198564160e-21 4.1648429540e-24 -1.1920101243e+03 1.8487493414e+02 -4.6638893045e+09 -1.0078219474e+07 1.5714618126e+06 3.6000000000e+03 0.0000000000e+00 -0.0000000000e+00
5.1600000000e+03 7.7532669127e-17 7.9780606109e-20 3.0798645440e+08 9.5391370629e+05 3.0251443726e-20 4.6848161425e-23 -1.2069271878e+03 1.8484494534e+02 -4.6638893044e+09 -1.0078219474e+07 1.5714618126e+06 3.6000000000e+03 0.0000000000e+00 -0.0000000000e+00
8.7600000000e+03 2.2556057823e-16 3.9869665179e-19 3.0361402937e+08 1.6192499367e+06 5.2090268139e-20 1.3890426143e-22 -1.2222708889e+03 1.8478026781e+02 -4.6638893043e+09 -1.0078219474e+07 1.5714618126e+06 3.6000000000e+03 0.0000000000e+00 -0.0000000000e+00
1.2360000000e+04 4.5335236086e-16 1.1443238086e-18 2.9918556318e+08 2.2842863650e+06 7.4570657498e-20 2.8466991221e-22 -1.2380653460e+03 1.8467785458e+02 -4.6638893041e+09 -1.0078219474e+07 1.5714618126e+06 3.6000000000e+03 0.0000000000e+00 -0.0000000000e+00
1.5960000000e+04 7.6328368754e-16 2.5185155293e-18 2.9469938671e+08 2.9488811712e+06 9.7729801150e-20 4.8894971098e-22 -1.2543366879e+03 1.8453433000e+02 -4.6638893040e+09 -1.0078219474e+07 1.5714618126e+06 3.6000000000e+03 0.0000000000e+00 -0.0000000000e+00
1.9560000000e+04 1.1578697339e-15 4.7413561085e-18 2.9015373283e+08 3.6128797266e+06 1.2160806935e-19 7.5707849748e-22 -1.2711132782e+03 1.8434594586e+02 -4.6638893038e+09 -1.0078219474e+07 1.5714618126e+06 3.6000000000e+03 0.0000000000e+00 -0.0000000000e+00
2.3160000000e+04 1.6397772734e-15 8.0531967946e-18 2.8554672789e+08 4.2761131635e+06 1.4624937779e-19 1.0949938775e-21 -1.2884259716e+03 1.8410853049e+02 -4.6638893036e+09 -1.0078219474e+07 1.5714618126e+06 3.6000000000e+03 0.0000000000e+00 -0.0000000000e+00
2.6760000000e+04 2.2118381753e-15 1.2716974044e-17 2.8087638227e+08 4.9383967455e+06 1.7170160501e-19 1.5093208035e-21 -1.3063084070e+03 1.8381742927e+02 -4.6638893034e+09 -1.0078219474e+07 1.5714618126e+06 3.6000000000e+03 0.0000000000e+00 -0.0000000000e+00
3.0360000000e+04 2.8770645137e-15 1.9020857477e-17 2.7614057970e+08 5.5995280083e+06 1.9801707218e-19 2.0074706017e-21 -1.3247973446e+03 1.8346743508e+02 -4.6638893031e+09 -1.0078219474e+07 1.5714618126e+06 3.6000000000e+03 0.0000000000e+00 -0.0000000000e+00
3.3960000000e+04 3.6386655335e-15 2.7281284648e-17 2.7133706542e+08 6.2592846265e+06 2.2525309642e-19 2.5977573867e-21 -1.3439330548e+03 1.8305270653e+02 -4.6638893028e+09 -1.0078219474e+07 1.5714618126e+06 3.6000000000e+03 0.0000000000e+00 -0.0000000000e+00
3.7560000000e+04 4.5000667609e-15 3.7846451559e-17 2.6646343269e+08 6.9174219616e+06 2.5347263175e-19 3.2895355114e-21 -1.3637597684e+03 1.8256667136e+02 -4.6638893024e+09 -1.0078219474e+07 1.5714618126e+06 3.6000000000e+03 0.0000000000e+00 -0.0000000000e+00
4.1160000000e+04 5.4649316031e-15 5.1100342510e-17 2.6151710764e+08 7.5736702309e+06 2.8274501436e-19 4.0933625952e-21 -1.3843262000e+03 1.8200191191e+02 -4.6638893020e+09 -1.0078219474e+07 1.5714618126e+06 3.6000000000e+03 0.0000000000e+00 -0.0000000000e+00
4.4760000000e+04 6.5371858506e-15 6.7467401237e-17 2.5649533205e+08 8.2277312251e+06 3.1314683332e-19 5.0211938280e-21 -1.4056861603e+03 1.8135002860e+02 -4.6638893015e+09 -1.0078219474e+07 1.5714618126e+06 3.6000000000e+03 0.0000000000e+00 -0.0000000000e+00
4.8360000000e+04 7.7210455768e-15 8.7417968362e-17 2.5139514377e+08 8.8792744885e+06 3.4476295240e-19 6.0866147413e-21 -1.4278992736e+03 1.8060147640e+02 -4.6638893009e+09 -1.0078219474e+07 1.5714618126e+06 3.6000000000e+03 0.0000000000e+00 -0.0000000000e+00
5.1960000000e+04 9.0210490358e-15 1.1147463943e-16 2.4621335427e+08 9.5279328515e+06 3.7768771527e-19 7.3051215888e-21 -1.4510318247e+03 1.7974536782e+02 -4.6638893001e+09 -1.0078219474e+07 1.5714618126e+06 3.6000000000e+03 0.0000000000e+00 -0.0000000000e+00
5.5560000000e+04 1.0442093289e-14 1.4021973512e-16 2.4094652293e+08 1.0173297183e+07 4.1202637471e-19 8.6944610369e-21 -1.4751577628e+03 1.7876923427e+02 -4.6638892992e+09 -1.0078219474e+07 1.5714618126e+06 3.6000000000e+03 0.0000000000e+00 -0.0000000000e+00
5.9160000000e+04 1.1989476452e-14 1.7430412311e-16 2.3559092736e+08 1.0814910190e+07 4.4789679690e-19 1.0275044271e-20 -1.5003598995e+03 1.7765873509e+02 -4.6638892980e+09 -1.0078219474e+07 1.5714618126e+06 3.6000000000e+03 0.0000000000e+00 -0.0000000000e+00
6.2760000000e+04 1.3668946673e-14 2.1445769338e-16 2.3014252897e+08 1.1452259061e+07 4.8543150612e-19 1.2070455175e-20 -1.5267313446e+03 1.7639730051e+02 -4.6638892967e+09 -1.0078219474e+07 1.5714618126e+06 3.6000000000e+03 0.0000000000e+00 -0.0000000000e+00
6.6360000000e+04 1.5486759203e-14 2.6150186985e-16 2.2459693291e+08 1.2084766673e+07 5.2478015388e-19 1.4108078386e-20 -1.5543772416e+03 1.7496569041e+02 -4.6638892949e+09 -1.0078219474e+07 1.5714618126e+06 3.6000000000e+03 0.0000000000e+00 -0.0000000000e+00
6.9960000000e+04 1.7449743276e-14 3.1636464866e-16 2.1894934103e+08 1.2711781027e+07 5.6611252135e-19 1.6419881455e-20 -1.5834168767e+03 1.7334144477e+02 -4.6638892928e+09 -1.0078219474e+07 1.5714618126e+06 3.6000000000e+03 0.0000000000e+00 -0.0000000000e+00
7.3560000000e+04 1.9565380974e-14 3.8009879613e-16 2.1319449651e+08 1.3332562462e+07 6.0962219765e-19 1.9043396947e-20 -1.6139862634e+03 1.7149819366e+02 -4.6638892900e+09 -1.0078219474e+07 1.5714618126e+06 3.6000000000e+03 0.0000000000e+00 -0.0000000000e+00
7.7160000000e+04 2.1841900815e-14 4.5390403238e-16 2.0732661808e+08 1.3946268068e+07 6.5553112299e-19 2.2022966573e-20 -1.6462413342e+03 1.6940478309e+02 -4.6638892865e+09 -1.0078219474e+07 1.5714618126e+06 3.6000000000e+03 0.0000000000e+00 -0.0000000000e+00
8.0760000000e+04 2.4288389629e-14 5.3915428889e-16 2.0133932146e+08 1.4551932538e+07 7.0409524906e-19 2.5411332495e-20 -1.6803619178e+03 1.6702415706e+02 -4.6638892820e+09 -1.0078219474e+07 1.5714618126e+06 3.6000000000e+03 0.0000000000e+00 -0.0000000000e+00
8.4360000000e+04 2.6914927311e-14 6.3743149075e-16 1.9522552462e+08 1.5148444430e+07 7.5561165923e-19 2.9271694051e-20 -1.7165567415e+03 1.6431191244e+02 -4.6638892761e+09 -1.0078219474e+07 1.5714618126e+06 3.6000000000e+03 0.0000000000e+00 -0.0000000000e+00
8.7960000000e+04 2.9732750525e-14 7.5056782166e-16 1.8897733281e+08 1.5734516472e+07 8.1042761835e-19 3.3680396517e-20 -1.7550697895e+03 1.6121440996e+02 -4.6638892683e+09 -1.0078219474e+07 1.5714618126e+06 3.6000000000e+03 0.0000000000e+00 -0.0000000000e+00
9.1560000000e+04 3.2754453397e-14 8.8069914991e-16 1.8258589756e+08 1.6308648028e+07 8.6895220680e-19 3.8730490320e-20 -1.7961884769e+03 1.5766627346e+02 -4.6638892578e+09 -1.0078219474e+07 1.5714618126e+06 3.6000000000e+03 0.0000000000e+00 -0.0000000000e+00
9.5160000000e+04 3.5994236088e-14 1.0303333338e-15 1.7604124199e+08 1.6869077108e+07 9.3167146490e-19 4.4536507756e-20 -1.8402542897e+03 1.5358703392e+02 -4.6638892434e+09 -1.0078219474e+07 1.5714618126e+06 3.6000000000e+03 0.0000000000e+00 -0.0000000000e+00
9.8760000000e+04 3.9468216124e-14 1.2024386540e-15 1.6933204212e+08 1.7413718232e+07 9.9916838157e-19 5.1240971919e-20 -1.8876768293e+03 1.4887655627e+02 -4.6638892234e+09 -1.0078219474e+07 1.5714618126e+06 3.6000000000e+03 0.0000000000e+00 -0.0000000000e+00
1.0236000000e+05 4.3194823218e-14 1.4005599118e-15 1.6244534945e+08 1.7940080864e+07 1.0721496852e-18 5.9023417339e-20 -1.9389526346e+03 1.4340870168e+02 -4.6638891950e+09 -1.0078219474e+07 1.5714618126e+06 3.6000000000e+03 0.0000000000e+00 -0.0000000000e+00
1.0596000000e+05 4.7195306996e-14 1.6289732492e-15 1.5536623425e+08 1.8445160638e+07 1.1514823737e-18 6.8113130431e-20 -1.9946908482e+03 1.3702237620e+02 -4.6638891536e+09 -1.0078219474e+07 1.5714618126e+06 3.6000000000e+03 0.0000000000e+00 -0.0000000000e+00
1.0956000000e+05 5.1494400211e-14 1.8928962645e-15 1.4807731957e+08 1.8925291730e+07 1.2382444963e-18 7.8807531541e-20 -2.0556488948e+03 1.2950861580e+02 -4.6638890919e+09 -1.0078219474e+07 1.5714618126e+06 3.5898418350e+03 0.0000000000e+00 -0.0000000000e+00
1.1314984184e+05 5.6107653087e-14 2.1978496572e-15 1.4057972427e+08 1.9374717341e+07 1.3335137942e-18 9.1460267975e-20 -2.1225839827e+03 1.2061895203e+02 -4.6638889983e+09 -1.0078219474e+07 1.5714618126e+06 3.2359670507e+03 0.0000000000e+00 -0.0000000000e+00
1.1605487591e+05 6.0102748286e-14 2.4806054693e-15 1.3432839727e+08 1.9713132917e+07 1.4181807593e-18 1.0350701684e-19 -2.1820699963e+03 1.1215504801e+02 -4.6638889491e+09 -1.0078219474e+07 1.5714618126e+06 2.9242105818e+03 0.0000000000e+00 -0.0000000000e+00
1.1897908649e+05 6.4384112934e-14 2.8034301689e-15 1.2785320366e+08 2.0026941876e+07 1.5115068020e-18 1.1766393240e-19 -2.2476397760e+03 1.0220856568e+02 -4.6638888729e+09 -1.0078219474e+07 1.5714618126e+06 2.6398948345e+03 0.0000000000e+00 -0.0000000000e+00
1.2135054528e+05 6.8065276443e-14 3.0978917004e-15 1.2245508711e+08 2.0258486896e+07 1.5941810713e-18 1.3097738838e-19 -2.3057257450e+03 9.2854688143e+01 -4.6638888333e+09 -1.0078219474e+07 1.5714618126e+06 2.3876880305e+03 0.0000000000e+00 -0.0000000000e+00
1.2373823331e+05 7.1978309945e-14 3.4286060496e-15 1.1687481886e+08 2.0467561539e+07 1.6848312469e-18 1.4641294215e-19 -2.3694154918e+03 8.2009849660e+01 -4.6638887736e+09 -1.0078219474e+07 1.5714618126e+06 2.1542050501e+03 0.0000000000e+00 -0.0000000000e+00
1.2567003886e+05 7.5309029257e-14 3.7249634301e-15 1.1224420522e+08 2.0616492406e+07 1.7644795087e-18 1.6070155294e-19 -2.4253754235e+03 7.1970839822e+01 -4.6638887438e+09 -1.0078219474e+07 1.5714618126e+06 1.9463960550e+03 0.0000000000e+00 -0.0000000000e+00
1.2741951231e+05 7.8463110337e-14 4.0186305523e-15 1.0795388173e+08 2.0733604250e+07 1.8422202595e-18 1.7530627237e-19 -2.4799951605e+03 6.1709735773e+01 -4.6638887185e+09 -1.0078219474e+07 1.5714618126e+06 1.7631913333e+03 0.0000000000e+00 -0.0000000000e+00
1.2899818601e+05 8.1430170868e-14 4.3068331933e-15 1.0399746932e+08 2.0822978280e+07 1.9175878005e-18 1.9008883760e-19 -2.5329475081e+03 5.1323679354e+01 -4.6638886977e+09 -1.0078219474e+07 1.5714618126e+06 1.5926161768e+03 0.0000000000e+00 -0.0000000000e+00
1.3041509100e+05 8.4197948551e-14 4.5864624903e-15 1.0037287546e+08 2.0888468388e+07 1.9900061979e-18 2.0487408283e-19 -2.5838278221e+03 4.0935739994e+01 -4.6638886814e+09 -1.0078219474e+07 1.5714618126e+06 1.4317516662e+03 0.0000000000e+00 -0.0000000000e+00
1.3167513825e+05 8.6748266758e-14 4.8536304681e-15 9.7087048044e+07 2.0933714150e+07 2.0586757188e-18 2.1942244099e-19 -2.6320742196e+03 3.0714234714e+01 -4.6638886693e+09 -1.0078219474e+07 1.5714618126e+06 1.2770433086e+03 0.0000000000e+00 -0.0000000000e+00
1.3277668213e+05 8.9050743515e-14 5.1029083376e-15 9.4163284254e+07 2.0962225528e+07 2.1223809743e-18 2.3338117264e-19 -2.6768327827e+03 2.0906994071e+01 -4.6638886613e+09 -1.0078219474e+07 1.5714618126e+06 1.1235357533e+03 0.0000000000e+00 -0.0000000000e+00
1.3370386117e+05 9.1044572218e-14 5.3251366143e-15 9.1663112622e+07 2.0977505432e+07 2.1789378381e-18 2.4614792061e-19 -2.7165689698e+03 1.1937227146e+01 -4.6638886570e+09 -1.0078219474e+07 1.5714618126e+06 9.6333945872e+02 0.0000000000e+00 -0.0000000000e+00
1.3438236423e+05 9.2537565247e-14 5.4955079192e-15 8.9809670611e+07 2.0983244751e+07 2.2221777912e-18 2.5614701133e-19 -2.7469488521e+03 4.9119836447e+00 -4.6638886559e+09 -1.0078219474e+07 1.5714618126e+06 7.9152158759e+02 0.0000000000e+00 -0.0000000000e+00
1.3517388581e+05 9.4317119430e-14 5.7031191052e-15 8.7620891098e+07 2.0983714391e+07 2.2747601133e-18 2.6858589719e-19 -2.7838925731e+03 -3.8274312201e+00 -4.6638886531e+09 -1.0078219474e+07 1.5714618126e+06 7.3196219641e+02 0.0000000000e+00 -0.0000000000e+00
1.3590584801e+05 9.6000628001e-14 5.9041718650e-15 8.5570210058e+07 2.0977780692e+07 2.3255959577e-18 2.8090424013e-19 -2.8196092393e+03 -1.2482154050e+01 -4.6638886508e+09 -1.0078219474e+07 1.5714618126e+06 8.6332416927e+02 0.0000000000e+00 -0.0000000000e+00
1.3676917218e+05 9.8035293811e-14 6.1533463438e-15 8.3117057743e+07 2.0962323160e+07 2.3885237859e-18 2.9655280055e-19 -2.8638215910e+03 -2.3476648497e+01 -4.6638886442e+09 -1.0078219474e+07 1.5714618126e+06 9.3101446217e+02 0.0000000000e+00 -0.0000000000e+00
1.3770018664e+05 1.0029213870e-13 6.4378765021e-15 8.0427546475e+07 2.0934539580e+07 2.4603351695e-18 3.1495393705e-19 -2.9142754243e+03 -3.6405070520e+01 -4.6638886319e+09 -1.0078219474e+07 1.5714618126e+06 9.6280143794e+02 0.0000000000e+00 -0.0000000000e+00
1.3866298808e+05 1.0269859594e-13 6.7510243478e-15 7.7595230377e+07 2.0892526258e+07 2.5393869569e-18 3.3588411812e-19 -2.9698162801e+03 -5.1110369502e+01 -4.6638886128e+09 -1.0078219474e+07 1.5714618126e+06 9.7221290142e+02 0.0000000000e+00 -0.0000000000e+00
1.3963520098e+05 1.0520843838e-13 7.0887514322e-15 7.4679118135e+07 2.0834983822e+07 2.6247509172e-18 3.5928372313e-19 -3.0297919943e+03 -6.7550656690e+01 -4.6638885858e+09 -1.0078219474e+07 1.5714618126e+06 9.6650537999e+02 0.0000000000e+00 -0.0000000000e+00
1.4060170636e+05 1.0778876343e-13 7.4482849498e-15 7.1720252897e+07 2.0761065249e+07 2.7158455388e-18 3.8517517596e-19 -3.0937940038e+03 -8.5741686849e+01 -4.6638885500e+09 -1.0078219474e+07 1.5714618126e+06 9.5016911357e+02 0.0000000000e+00 -0.0000000000e+00
1.4155187548e+05 1.1041451527e-13 7.8275293527e-15 6.8748840798e+07 2.0670277826e+07 2.8122829009e-18 4.1362996036e-19 -3.1615497598e+03 -1.0573368360e+02 -4.6638885044e+09 -1.0078219474e+07 1.5714618126e+06 9.2624808347e+02 0.0000000000e+00 -0.0000000000e+00
1.4247812356e+05 1.1306578771e-13 8.2247866223e-15 6.5787860740e+07 2.0562412306e+07 2.9137942212e-18 4.4475334024e-19 -3.2328704192e+03 -1.2760060415e+02 -4.6638884481e+09 -1.0078219474e+07 1.5714618126e+06 8.9692891993e+02 0.0000000000e+00 -0.0000000000e+00
1.4337505248e+05 1.1572633004e-13 8.6386084485e-15 6.2855130707e+07 2.0437488259e+07 3.0201891347e-18 4.7867659509e-19 -3.3076222337e+03 -1.5143468391e+02 -4.6638883801e+09 -1.0078219474e+07 1.5714618126e+06 8.6384208339e+02 0.0000000000e+00 -0.0000000000e+00
1.4423889456e+05 1.1838264337e-13 9.0677123481e-15 5.9964602082e+07 2.0295710183e+07 3.1313313970e-18 5.1555289353e-19 -3.3857094797e+03 -1.7734353735e+02 -4.6638882994e+09 -1.0078219474e+07 1.5714618126e+06 8.2823272811e+02 0.0000000000e+00 -0.0000000000e+00
1.4506712729e+05 1.2102339498e-13 9.5109317409e-15 5.7127227983e+07 2.0137431347e+07 3.2471233701e-18 5.5555511671e-19 -3.4670635577e+03 -2.0544862875e+02 -4.6638882051e+09 -1.0078219474e+07 1.5714618126e+06 7.9106584571e+02 0.0000000000e+00 -0.0000000000e+00
1.4585819314e+05 1.2363901630e-13 9.9671853200e-15 5.4351577893e+07 1.9963123511e+07 3.3674955411e-18 5.9887481784e-19 -3.5516356289e+03 -2.3588454112e+02 -4.6638880962e+09 -1.0078219474e+07 1.5714618126e+06 7.5309533221e+02 0.0000000000e+00 -0.0000000000e+00
1.4661128847e+05 1.2622141308e-13 1.0435457951e-14 5.1644291588e+07 1.9773351323e+07 3.4923990859e-18 6.4572189511e-19 -3.6393913900e+03 -2.6879874646e+02 -4.6638879714e+09 -1.0078219474e+07 1.5714618126e+06 7.1491181647e+02 0.0000000000e+00 -0.0000000000e+00
1.4732620028e+05 1.2876374728e-13 1.0914788725e-14 4.9010425939e+07 1.9568750527e+07 3.6218003467e-18 6.9632474593e-19 -3.7303071935e+03 -3.0435171412e+02 -4.6638878297e+09 -1.0078219474e+07 1.5714618126e+06 6.7697722853e+02 0.0000000000e+00 -0.0000000000e+00
1.4800317751e+05 1.3126026676e-13 1.1404263566e-14 4.6453727184e+07 1.9350009364e+07 3.7556765482e-18 7.5093076944e-19 -3.8243670376e+03 -3.4271726382e+02 -4.6638876700e+09 -1.0078219474e+07 1.5714618126e+06 6.3965066047e+02 0.0000000000e+00 -0.0000000000e+00
1.4864282817e+05 1.3370616789e-13 1.1903010799e-14 4.3976849380e+07 1.9117852671e+07 3.8940123254e-18 8.0980714003e-19 -3.9215601273e+03 -3.8408310913e+02 -4.6638874909e+09 -1.0078219474e+07 1.5714618126e+06 6.0320825271e+02 0.0000000000e+00 -0.0000000000e+00
1.4924603643e+05 1.3609748172e-13 1.2410198659e-14 4.1581532752e+07 1.8873028299e+07 4.0367967863e-18 8.7324180697e-19 -4.0218788096e+03 -4.2865155983e+02 -4.6638872912e+09 -1.0078219474e+07 1.5714618126e+06 5.6785882238e+02 0.0000000000e+00 -0.0000000000e+00
1.4981389525e+05 1.3843097741e-13 1.2925034077e-14 3.9268751330e+07 1.8616295515e+07 4.1840209139e-18 9.4154469532e-19 -4.1253167496e+03 -4.7664036562e+02 -4.6638870696e+09 -1.0078219474e+07 1.5714618126e+06 5.3375635410e+02 0.0000000000e+00 -0.0000000000e+00
1.5034765160e+05 1.4070407892e-13 1.3446762302e-14 3.7038836520e+07 1.8348415135e+07 4.3356751730e-18 1.0150490965e-18 -4.2318672479e+03 -5.2828369316e+02 -4.6638868247e+09 -1.0078219474e+07 1.5714618126e+06 5.0101011746e+02 0.0000000000e+00 -0.0000000000e+00
1.5084866172e+05 1.4291479198e-13 1.3974667072e-14 3.4891581418e+07 1.8070141133e+07 4.4917472151e-18 1.0941132465e-18 -4.3415216285e+03 -5.8383323476e+02 -4.6638865549e+09 -1.0078219474e+07 1.5714618126e+06 4.6969294238e+02 0.0000000000e+00 -0.0000000000e+00
1.5131835466e+05 1.4506163946e-13 1.4508071127e-14 3.2826329453e+07 1.7782213545e+07 4.6522195980e-18 1.1791220955e-18 -4.4542676369e+03 -6.4355945200e+02 -4.6638862588e+09 -1.0078219474e+07 1.5714618126e+06 4.3984803907e+02 0.0000000000e+00 -0.0000000000e+00
1.5175820270e+05 1.4714360353e-13 1.5046336944e-14 3.0842050105e+07 1.7485352479e+07 4.8170674505e-18 1.2704892811e-18 -4.5700877986e+03 -7.0775296165e+02 -4.6638859347e+09 -1.0078219474e+07 1.5714618126e+06 4.1149464949e+02 0.0000000000e+00 -0.0000000000e+00
1.5216969735e+05 1.4916007373e-13 1.5588867613e-14 2.8937403814e+07 1.7180253064e+07 4.9862560162e-18 1.3686593185e-18 -4.6889576945e+03 -7.7672607499e+02 -4.6638855811e+09 -1.0078219474e+07 1.5714618126e+06 3.8463274643e+02 0.0000000000e+00 -0.0000000000e+00
1.5255433010e+05 1.5111080017e-13 1.6135107794e-14 2.7110797757e+07 1.6867581218e+07 5.1597380155e-18 1.4741100313e-18 -4.8108441062e+03 -8.5081450518e+02 -4.6638851960e+09 -1.0078219474e+07 1.5714618126e+06 3.5924695139e+02 0.0000000000e+00 -0.0000000000e+00
1.5291357705e+05 1.5299585099e-13 1.6684544753e-14 2.5360433857e+07 1.6547970083e+07 5.3374507618e-18 1.5873552469e-18 -4.9357029910e+03 -9.3037926140e+02 -4.6638847779e+09 -1.0078219474e+07 1.5714618126e+06 3.3530980275e+02 0.0000000000e+00 -0.0000000000e+00
1.5324888685e+05 1.5481557404e-13 1.7236709460e-14 2.3684350114e+07 1.6222017014e+07 5.5193129641e-18 1.7089477912e-18 -5.0634772348e+03 -1.0158087525e+03 -4.6638843247e+09 -1.0078219474e+07 1.5714618126e+06 3.1278448462e+02 0.0000000000e+00 -0.0000000000e+00
1.5356167134e+05 1.5657056193e-13 1.7791177769e-14 2.2080456189e+07 1.5890281030e+07 5.7052211410e-18 1.8394828204e-18 -5.1940941328e+03 -1.1075211283e+03 -4.6638838347e+09 -1.0078219474e+07 1.5714618126e+06 2.9162710208e+02 0.0000000000e+00 -0.0000000000e+00
1.5385329844e+05 1.5826162051e-13 1.8347571713e-14 2.0546563975e+07 1.5553280585e+07 5.8950455598e-18 1.9796015411e-18 -5.3274625362e+03 -1.2059668930e+03 -4.6638833059e+09 -1.0078219474e+07 1.5714618126e+06 2.7178857539e+02 0.0000000000e+00 -0.0000000000e+00
1.5412508701e+05 1.5988974030e-13 1.8905560951e-14 1.9080413826e+07 1.5211491601e+07 6.0886255977e-18 2.1299953744e-18 -5.4634695934e+03 -1.3116318310e+03 -4.6638827362e+09 -1.0078219474e+07 1.5714618126e+06 2.5321621584e+02 0.0000000000e+00 -0.0000000000e+00
1.5437830323e+05 1.6145607064e-13 1.9464864432e-14 1.7679696955e+07 1.4865345628e+07 6.2857644061e-18 2.2914106397e-18 -5.6019770009e+03 -1.4250402974e+03 -4.6638821237e+09 -1.0078219474e+07 1.5714618126e+06 2.3585503027e+02 0.0000000000e+00 -0.0000000000e+00
1.5461415826e+05 1.6296189653e-13 2.0025252346e-14 1.6342074487e+07 1.4515228046e+07 6.4862227289e-18 2.4646538453e-18 -5.7428166601e+03 -1.5467589355e+03 -4.6638814665e+09 -1.0078219474e+07 1.5714618126e+06 2.1964879976e+02 0.0000000000e+00 -0.0000000000e+00
1.5483380706e+05 1.6440861777e-13 2.0586548458e-14 1.5065193542e+07 1.4161476201e+07 6.6897116932e-18 2.6505976960e-18 -5.8857856125e+03 -1.6774008974e+03 -4.6638807625e+09 -1.0078219474e+07 1.5714618126e+06 2.0454096995e+02 0.0000000000e+00 -0.0000000000e+00
1.5503834803e+05 1.6579773037e-13 2.1148632946e-14 1.3846700691e+07 1.3804377349e+07 6.8958843480e-18 2.8501879573e-18 -6.0306400942e+03 -1.8176306668e+03 -4.6638800099e+09 -1.0078219474e+07 1.5714618126e+06 1.9047538110e+02 0.0000000000e+00 -0.0000000000e+00
1.5522882341e+05 1.6713081011e-13 2.1711445891e-14 1.2684253055e+07 1.3444166277e+07 7.1043256627e-18 3.0644513486e-18 -6.1770885097e+03 -1.9681696049e+03 -4.6638792069e+09 -1.0078219474e+07 1.5714618126e+06 1.7739686999e+02 0.0000000000e+00 -0.0000000000e+00
1.5540622028e+05 1.6840949806e-13 2.2274991612e-14 1.1575527287e+07 1.3081022437e+07 7.3145406228e-18 3.2945046884e-18 -6.3247830675e+03 -2.1298023749e+03 -4.6638783519e+09 -1.0078219474e+07 1.5714618126e+06 1.6525176555e+02 0.0000000000e+00 -0.0000000000e+00
1.5557147205e+05 1.6963548803e-13 2.2839344105e-14 1.0518226619e+07 1.2715066407e+07 7.5259399503e-18 3.5415655761e-18 -6.4733097480e+03 -2.3033844480e+03 -4.6638774436e+09 -1.0078219474e+07 1.5714618126e+06 1.5398830152e+02 0.0000000000e+00 -0.0000000000e+00
1.5572546035e+05 1.7081051589e-13 2.3404653900e-14 9.5100861154e+06 1.2346355424e+07 7.7378228325e-18 3.8069649840e-18 -6.6221761682e+03 -2.4898509496e+03 -4.6638764808e+09 -1.0078219474e+07 1.5714618126e+06 1.4355696816e+02 0.0000000000e+00 -0.0000000000e+00
1.5586901732e+05 1.7193635070e-13 2.3971156794e-14 8.5488762184e+06 1.1974877660e+07 7.9493558382e-18 4.0921622495e-18 -6.7707967694e+03 -2.6902271931e+03 -4.6638754633e+09 -1.0078219474e+07 1.5714618126e+06 1.3391082338e+02 0.0000000000e+00 -0.0000000000e+00
1.5600292814e+05 1.7301478771e-13 2.4539185035e-14 7.6324046314e+06 1.1600544847e+07 8.1595469191e-18 4.3987631258e-18 -6.9184745500e+03 -2.9056413617e+03 -4.6638743911e+09 -1.0078219474e+07 1.5714618126e+06 1.2500578557e+02 0.0000000000e+00 -0.0000000000e+00
1.5612793393e+05 1.7404764326e-13 2.5109181796e-14 6.7585165071e+06 1.1223182631e+07 8.3672129808e-18 4.7285417785e-18 -7.0643782819e+03 -3.1373399634e+03 -4.6638732653e+09 -1.0078219474e+07 1.5714618126e+06 1.1680093551e+02 0.0000000000e+00 -0.0000000000e+00
1.5624473486e+05 1.7503675173e-13 2.5681720052e-14 5.9250928277e+06 1.0842517895e+07 8.5709389176e-18 5.0834679554e-18 -7.2075137283e+03 -3.3867069196e+03 -4.6638720883e+09 -1.0078219474e+07 1.5714618126e+06 1.0925885675e+02 0.0000000000e+00 -0.0000000000e+00
1.5635399372e+05 1.7598396486e-13 2.6257527517e-14 5.1300467637e+06 1.0458161888e+07 8.7690251126e-18 5.4657410382e-18 -7.3466867584e+03 -3.6552874903e+03 -4.6638708639e+09 -1.0078219474e+07 1.5714618126e+06 1.0234605826e+02 1.6485717654e-312 -1.1498653821e-304
1.5645633978e+05 1.7689115366e-13 2.6837519974e-14 4.3713176403e+06 1.0069587532e+07 8.9594190540e-18 5.8778334047e-18 -7.4804553018e+03 -3.9448187389e+03 -4.6638695986e+09 -1.0078219474e+07 1.5714618126e+06 9.6033537694e+01 3.2549173664e-272 -2.3397476626e-264
1.5655237331e+05 1.7776021367e-13 2.7422846478e-14 3.6468619381e+06 9.6760984913e+06 9.1396246027e-18 6.3225466045e-18 -7.6070656002e+03 -4.2572690011e+03 -4.6638683014e+09 -1.0078219474e+07 1.5714618126e+06 9.0297572166e+01 5.7039233915e-234 -4.2264519569e-226
1.5664267089e+05 1.7859307432e-13 2.8014951699e-14 2.9546404640e+06 9.2767863503e+06 9.3065790482e-18 6.8030854748e-18 -7.7243658294e+03 -4.5948899580e+03 -4.6638669858e+09 -1.0078219474e+07 1.5714618126e+06 8.5120868122e+01 1.1419986303e-197 -8.7243547808e-190
1.5672779175e+05 1.7939171355e-13 2.8615663463e-14 2.2926004342e+06 8.8704702960e+06 9.4564824813e-18 7.3231577953e-18 -7.8296862180e+03 -4.9602866518e+03 -4.6638656709e+09 -1.0078219474e+07 1.5714618126e+06 8.0494271967e+01 3.3469284608e-163 -2.6368367707e-155
1.5680828603e+05 1.8015817931e-13 2.9227318160e-14 1.6586507323e+06 8.4556105111e+06 9.5845544356e-18 7.8871107884e-18 -7.9196680663e+03 -5.3565133901e+03 -4.6638643839e+09 -1.0078219474e+07 1.5714618126e+06 7.5090945925e+01 1.8334508226e-130 -1.4900233361e-122
1.5687096939e+05 1.8076169924e-13 2.9736989211e-14 1.1603027581e+06 8.1091103941e+06 9.6687383768e-18 8.3837507431e-18 -7.9788147130e+03 -5.7054467794e+03 -4.6638639321e+09 -1.0078219474e+07 1.5714618126e+06 6.4220136589e+01 6.1498765414e-105 -5.1274752384e-97
1.5692409245e+05 1.8127687904e-13 3.0194551090e-14 7.3535692753e+05 7.7974540769e+06 9.7240677094e-18 8.8501642565e-18 -8.0176884512e+03 -6.0331434267e+03 -4.6638637070e+09 -1.0078219474e+07 1.5714618126e+06 5.4816360647e+01 2.4415857092e-83 -2.0824142913e-75
1.5696708988e+05 1.8169568970e-13 3.0583823135e-14 3.9012460348e+05 7.5319053903e+06 9.7541385758e-18 9.2619869455e-18 -8.0388158881e+03 -6.3224852031e+03 -4.6638636222e+09 -1.0078219474e+07 1.5714618126e+06 4.5730329188e+01 6.4170212535e-66 -5.5784138513e-58
1.5699167190e+05 1.8193559832e-13 3.0814556644e-14 1.9242138560e+05 7.3743394134e+06 9.7638908982e-18 9.5124420965e-18 -8.0456677551e+03 -6.4984520456e+03 -4.6638636167e+09 -1.0078219474e+07 1.5714618126e+06 3.8231647651e+01 5.3243437988e-56 -4.6805952818e-48
1.5702508358e+05 1.8226190881e-13 3.1138321663e-14 -7.6455848530e+04 7.1530430001e+06 9.7666563891e-18 9.8716065965e-18 -8.0476107565e+03 -6.7507967978e+03 -4.6638635919e+09 -1.0078219474e+07 1.5714618126e+06 3.0848260129e+01 1.3922085858e-42 -1.2430379915e-34
1.5705593184e+05 1.8256307140e-13 3.1448219876e-14 -3.2462508448e+05 6.9410153216e+06 9.7565496085e-18 1.0223520050e-17 -8.0405098513e+03 -6.9980470498e+03 -4.6638635756e+09 -1.0078219474e+07 1.5714618126e+06 3.9878965918e+01 2.8020028968e-30 -2.5387480440e-22
1.5709581081e+05 1.8295154672e-13 3.1865488729e-14 -6.4484667957e+05 6.6552198728e+06 9.7216857017e-18 1.0709181833e-17 -8.0160148806e+03 -7.3392673053e+03 -4.6638635246e+09 -1.0078219474e+07 1.5714618126e+06 4.4266270252e+01 1.5751120356e-14 -1.4551057493e-06
1.5710023743e+05 1.8299456873e-13 3.1913018356e-14 -6.8032197189e+05 6.6226445009e+06 9.7160830530e-18 1.0765315446e-17 -8.0120785255e+03 -7.3787061210e+03 -4.6638635246e+09 -1.0078219474e+07 1.5714618126e+06 2.2133135126e+01 8.5642732307e-13 -7.9290771079e-05
1.5712237057e+05 1.8320925992e-13 3.2154449428e-14 -8.5740413389e+05 6.4571097973e+06 9.6822300238e-18 1.1052865077e-17 -7.9882932800e+03 -7.5807346297e+03 -4.6639287354e+09 -1.0078215178e+07 1.5714658887e+06 2.3884600163e+01 3.6721793310e-04 -3.4374632111e+04
1.5712475903e+05 1.8323238047e-13 3.2180886613e-14 -8.7648028966e+05 6.4389769179e+06 9.6779645800e-18 1.1084589639e-17 -7.9852942097e+03 -7.6030218226e+03 -4.6642157175e+09 -1.0078196310e+07 1.5714838333e+06 5.3066372174e+00 3.1025724177e-03 -2.9077402313e+05
1.5712733840e+05 1.8325733743e-13 3.2209522223e-14 -8.9707302223e+05 6.4193347686e+06 9.6732177839e-18 1.1119003465e-17 -7.9819365292e+03 -7.6271789654e+03 -4.6671511241e+09 -1.0078003892e+07 1.5716674865e+06 3.4040233394e+00 3.1009844707e-02 -2.9100064411e+06
1.5712932175e+05 1.8327651914e-13 3.2231601467e-14 -9.1290133139e+05 6.4041889607e+06 9.6694674592e-18 1.1145573955e-17 -7.9791794249e+03 -7.6457301314e+03 -4.6830318114e+09 -1.0076965446e+07 1.5726615441e+06 2.2783768585e+00 1.8174196698e-01 -1.7071651545e+07
1.5713087898e+05 1.8329157438e-13 3.2248973971e-14 -9.2532483795e+05 6.3922716173e+06 9.6664610831e-18 1.1166502142e-17 -7.9766249498e+03 -7.6600097121e+03 -4.7406270775e+09 -1.0073206485e+07 1.5762682405e+06 1.6675970555e+00 7.2756917790e-01 -6.8392821502e+07
1.5713213151e+05 1.8330368038e-13 3.2262970919e-14 -9.3531410587e+05 6.3826703939e+06 9.6640031752e-18 1.1183377800e-17 -7.9736905046e+03 -7.6707055246e+03 -4.8981286495e+09 -1.0062942327e+07 1.5861352604e+06 1.3019302080e+00 2.2180338419e+00 -2.0859905173e+08
1.5713317107e+05 1.8331372565e-13 3.2274604042e-14 -9.4360130513e+05 6.3746922444e+06 9.6619360728e-18 1.1197412864e-17 -7.9695065730e+03 -7.6779363614e+03 -5.2547945685e+09 -1.0039723644e+07 1.6084905540e+06 1.0648718845e+00 5.5879999532e+00 -5.2562871417e+08
1.5713405808e+05 1.8332229509e-13 3.2284541568e-14 -9.5066768096e+05 6.3678801266e+06 9.6601527697e-18 1.1209408951e-17 -7.9628267166e+03 -7.6811325840e+03 -5.9638155555e+09 -9.9935947502e+06 1.6529632913e+06 9.0129974476e-01 1.2274293832e+01 -1.1542968662e+09
1.5713483316e+05 1.8332978186e-13 3.2293233811e-14 -9.5683569214e+05 6.3619270469e+06 9.6585797059e-18 1.1219906838e-17 -7.9518863109e+03 -7.6790152126e+03 -7.2487851565e+09 -9.9099956390e+06 1.7336543290e+06 7.8364646747e-01 2.4359189265e+01 -2.2888479900e+09
1.5713552527e+05 1.8333646617e-13 3.2301002461e-14 -9.6233372655e+05 6.3566150671e+06 9.6571633397e-18 1.1229293228e-17 -7.9341919123e+03 -7.6694750064e+03 -9.4287910238e+09 -9.7680517899e+06 1.8708016013e+06 6.9735004350e-01 4.4778841965e+01 -4.2001610749e+09
1.5713622262e+05 1.8334320009e-13 3.2308836510e-14 -9.6785659152e+05 6.3512738114e+06 9.6557250739e-18 1.1238762378e-17 -7.9022735568e+03 -7.6462349129e+03 -1.3454903491e+10 -9.5053350919e+06 2.1248921633e+06 6.3180177377e-01 8.2237813058e+01 -7.6864019194e+09
1.5713685442e+05 1.8334930018e-13 3.2315939893e-14 -9.7283470956e+05 6.3464548045e+06 9.6544123180e-18 1.1247351561e-17 -7.8517480370e+03 -7.6042498179e+03 -1.9888537632e+10 -9.0837079514e+06 2.5330600692e+06 5.8949013880e-01 1.4144184014e+02 -1.3141185566e+10
1.5713744391e+05 1.8335499100e-13 3.2322572460e-14 -9.7744200392e+05 6.3419908367e+06 9.6531792024e-18 1.1255374134e-17 -7.7733599617e+03 -7.5347735915e+03 -2.9869443813e+10 -8.4247734778e+06 3.1715188000e+06 5.8341455982e-01 2.3171610244e+02 -2.1322352866e+10
1.5713802733e+05 1.8336062244e-13 3.2329141327e-14 -9.8194346257e+05 6.3376256781e+06 9.6519509872e-18 1.1263322124e-17 -7.6484000816e+03 -7.4200141873e+03 -4.5652031346e+10 -7.3699493979e+06 4.1944391344e+06 7.3644475062e-01 3.7053776269e+02 -3.3562463614e+10
1.5713851311e+05 1.8336531097e-13 3.2334614490e-14 -9.8562307636e+05 6.3340546483e+06 9.6509224489e-18 1.1269946147e-17 -7.4911587854e+03 -7.2727647178e+03 -6.5208590701e+10 -6.0395408109e+06 5.4856182871e+06 5.2091184875e-01 5.3573152156e+02 -4.7544515322e+10
1.5713893260e+05 1.8336935922e-13 3.2339343292e-14 -9.8872790959e+05 6.3310393692e+06 9.6500300774e-18 1.1275670498e-17 -7.3026051558e+03 -7.0942772403e+03 -8.8168332911e+10 -4.4421642018e+06 7.0369476715e+06 4.2737676912e-01 7.1968262795e+02 -6.2281472005e+10
1.5713935998e+05 1.8337348323e-13 3.2344163499e-14 -9.9179688577e+05 6.3280569471e+06 9.6491170148e-18 1.1281506538e-17 -7.0478680727e+03 -6.8514439703e+03 -1.1830124661e+11 -2.2823518056e+06 9.1358832985e+06 3.8999280589e-01 9.4388632121e+02 -7.8860638263e+10
1.5713974997e+05 1.8337724615e-13 3.2348564244e-14 -9.9448987676e+05 6.3254381802e+06 9.6482804872e-18 1.1286835515e-17 -6.7520689378e+03 -6.5681093103e+03 -1.5198844402e+11 2.2694509866e+05 1.1576052560e+07 3.9920060011e-01 1.1698172524e+03 -9.3664150705e+10
1.5714014917e+05 1.8338109758e-13 3.2353071045e-14 -9.9711391717e+05 6.3228847654e+06 9.6474210518e-18 1.1292293558e-17 -6.3833722667e+03 -6.2137535018e+03 -1.9199556070e+11 3.3557342546e+06 1.4620672366e+07 5.0599585045e-01 1.4011628315e+03 -1.0609706436e+11
1.5714045277e+05 1.8338402641e-13 3.2356499993e-14 -9.9900375187e+05 6.3210446451e+06 9.6467654024e-18 1.1296446573e-17 -6.0604781986e+03 -5.9027176431e+03 -2.2521499774e+11 6.0964182954e+06 1.7289278969e+07 3.1975469105e-01 1.5595951473e+03 -1.1215038642e+11
1.5714072879e+05 1.8338668901e-13 3.2359618533e-14 -1.0006327950e+06 6.3194575925e+06 9.6461678681e-18 1.1300223794e-17 -5.7395387042e+03 -5.5931118280e+03 -2.5654527398e+11 8.8208355225e+06 1.9943485959e+07 2.7836296951e-01 1.6778734159e+03 -1.1429595655e+11
1.5714100715e+05 1.8338937406e-13 3.2362764627e-14 -1.0021829836e+06 6.3179465309e+06 9.6455639352e-18 1.1304034465e-17 -5.3955321407e+03 -5.2608771998e+03 -2.8825431008e+11 1.1741284625e+07 2.2790237628e+07 2.5669705942e-01 1.7632031171e+03 -1.1294105402e+11
1.5714126385e+05 1.8339184998e-13 3.2365666790e-14 -1.0035259505e+06 6.3166367216e+06 9.6450058995e-18 1.1307549677e-17 -5.0665882432e+03 -4.9429057055e+03 -3.1675933362e+11 1.4533975165e+07 2.5513988173e+07 2.4581014777e-01 1.8066973828e+03 -1.0870126970e+11
1.5714150966e+05 1.8339422075e-13 3.2368446715e-14 -1.0047321371e+06 6.3154596510e+06 9.6444705941e-18 1.1310916763e-17 -4.7471440790e+03 -4.6339042466e+03 -3.4274023378e+11 1.7246053716e+07 2.8160608813e+07 2.4238725858e-01 1.8152924743e+03 -1.0236077065e+11
1.5714175204e+05 1.8339655839e-13 3.2371188739e-14 -1.0058446862e+06 6.3143733216e+06 9.6439419015e-18 1.1314237825e-17 -4.4334339560e+03 -4.3302825801e+03 -3.6662211758e+11 1.9909432410e+07 3.0761226361e+07 2.4514744860e-01 1.7934633099e+03 -9.4474549023e+10
1.5714199719e+05 1.8339892251e-13 3.2373962808e-14 -1.0068932439e+06 6.3133488340e+06 9.6434063946e-18 1.1317597519e-17 -4.1225278306e+03 -4.0292407822e+03 -3.8869312211e+11 2.2548936428e+07 3.3340145736e+07 2.5517497357e-01 1.7442821674e+03 -8.5467489684e+10
1.5714225237e+05 1.8340138319e-13 3.2376851222e-14 -1.0079050910e+06 6.3123595305e+06 9.6428481944e-18 1.1321095446e-17 -3.8103820103e+03 -3.7268898569e+03 -4.0925140792e+11 2.5198842330e+07 3.5931018222e+07 2.7800064541e-01 1.6695042995e+03 -7.5636651431e+10
1.5714253037e+05 1.8340406383e-13 3.2379999023e-14 -1.0089191007e+06 6.3113673215e+06 9.6422392167e-18 1.1324907134e-17 -3.4880212497e+03 -3.4145558339e+03 -4.2879813716e+11 2.7935271979e+07 3.8608620814e+07 3.4860103921e-01 1.5680736707e+03 -6.5058830532e+10
1.5714287897e+05 1.8340742499e-13 3.2383947731e-14 -1.0100689054e+06 6.3102410819e+06 9.6414744474e-18 1.1329687993e-17 -3.1147018560e+03 -3.0527722820e+03 -4.4929527928e+11 3.1103919624e+07 4.1712332297e+07 3.2237436021e-01 1.4235822535e+03 -5.2773478824e+10
1.5714314689e+05 1.8341000805e-13 3.2386983671e-14 -1.0108678460e+06 6.3094576379e+06 9.6408858973e-18 1.1333363158e-17 -2.8530509076e+03 -2.7991839930e+03 -4.6229216497e+11 3.3324437864e+07 4.3889780837e+07 2.7025479053e-01 1.3074930389e+03 -4.4420478962e+10
1.5714341714e+05 1.8341261347e-13 3.2390047068e-14 -1.0116057778e+06 6.3087332429e+06 9.6402915930e-18 1.1337070993e-17 -2.6117131135e+03 -2.5652884638e+03 -4.7327954277e+11 3.5372259929e+07 4.5900036025e+07 2.5459893608e-01 1.1914065431e+03 -3.7073165283e+10
1.5714367174e+05 1.8341506780e-13 3.2392933919e-14 -1.0122439453e+06 6.3081060673e+06 9.6397311897e-18 1.1340564574e-17 -2.4046128871e+03 -2.3645970508e+03 -4.8194268801e+11 3.7129265125e+07 4.7626776701e+07 2.4771382689e-01 1.0861332698e+03 -3.1134992946e+10
1.5714391946e+05 1.8341745563e-13 3.2395743555e-14 -1.0128165145e+06 6.3075426928e+06 9.6391854896e-18 1.1343964142e-17 -2.2210808848e+03 -2.1867783152e+03 -4.8902902983e+11 3.8686028223e+07 4.9158538174e+07 2.4516422857e-01 9.8940012172e+02 -2.6213001428e+10
1.5714416462e+05 1.8341981875e-13 3.2398525101e-14 -1.0133404623e+06 6.3070265097e+06 9.6386450008e-18 1.1347329136e-17 -2.0557923014e+03 -2.0266778864e+03 -4.9493579379e+11 4.0087753383e+07 5.0539487565e+07 2.4515306504e-01 9.0022703212e+02 -2.2089711476e+10
1.5714440977e+05 1.8342218162e-13 3.2401307346e-14 -1.0138257379e+06 6.3065477792e+06 9.6381041633e-18 1.1350694361e-17 -1.9055754751e+03 -1.8812266850e+03 -4.9991340803e+11 4.1361366525e+07 5.1795919903e+07 2.4690314748e-01 8.1806353539e+02 -1.8619694722e+10
1.5714465668e+05 1.8342456123e-13 3.2404110287e-14 -1.0142790020e+06 6.3060999744e+06 9.6375591148e-18 1.1354083970e-17 -1.7682488030e+03 -1.7483142587e+03 -5.0413857835e+11 4.2525388208e+07 5.2945918272e+07 2.4999647982e-01 7.4247983625e+02 -1.5693289252e+10
1.5714490667e+05 1.8342697052e-13 3.2406949197e-14 -1.0147050418e+06 6.3056783966e+06 9.6370069053e-18 1.1357516389e-17 -1.6421898960e+03 -1.6263715264e+03 -5.0774362244e+11 4.3593591122e+07 5.4002929900e+07 2.5418958673e-01 6.7308630133e+02 -1.3223195417e+10
1.5714516086e+05 1.8342942008e-13 3.2409836603e-14 -1.0151074729e+06 6.3052794893e+06 9.6364451152e-18 1.1361006707e-17 -1.5261254546e+03 -1.5141673239e+03 -5.1083149145e+11 4.4576783864e+07 5.4977509801e+07 2.5933128143e-01 6.0950628559e+02 -1.1137837666e+10
1.5714542019e+05 1.8343191903e-13 3.2412783329e-14 -1.0154891234e+06 6.3049004619e+06 9.6358716534e-18 1.1364567945e-17 -1.4190180221e+03 -1.4106987771e+03 -5.1348436856e+11 4.5483772326e+07 5.5878260163e+07 2.6532417504e-01 5.5136903515e+02 -9.3775880444e+09
1.5714568552e+05 1.8343447559e-13 3.2415799107e-14 -1.0158522641e+06 6.3045390655e+06 9.6352846399e-18 1.1368211790e-17 -1.3199989436e+03 -1.3151264159e+03 -5.1576905715e+11 4.6321928849e+07 5.6712386275e+07 2.7210443705e-01 4.9830957086e+02 -7.8923289718e+09
1.5714595762e+05 1.8343709731e-13 3.2418892956e-14 -1.0161987558e+06 6.3041934480e+06 9.6346823324e-18 1.1371949056e-17 -1.2283258855e+03 -1.2267330689e+03 -5.1774058443e+11 4.7097552862e+07 5.7486048677e+07 2.7963034440e-01 4.4997086613e+02 -6.6397287943e+09
1.5714623725e+05 1.8343979137e-13 3.2422073436e-14 -1.0165301475e+06 6.3038620581e+06 9.6340630783e-18 1.1375789987e-17 -1.1433544272e+03 -1.1448963766e+03 -5.1944473419e+11 4.7816112072e+07 5.8204598604e+07 2.8787528656e-01 4.0600647724e+02 -5.5839383177e+09
1.5714652513e+05 1.8344256469e-13 3.2425348813e-14 -1.0168477461e+06 6.3035435775e+06 9.6334252814e-18 1.1379744465e-17 -1.0645182420e+03 -1.0690696191e+03 -5.2091989588e+11 4.8482410723e+07 5.8872742184e+07 2.9682331705e-01 3.6608293330e+02 -4.6945603939e+09
1.5714682195e+05 1.8344542401e-13 3.2428727192e-14 -1.0171526654e+06 6.3032368719e+06 9.6327673784e-18 1.1383822154e-17 -9.9131475975e+02 -9.9876784569e+02 -5.2219845624e+11 4.9100711326e+07 5.9494659217e+07 3.0646617373e-01 3.2988163444e+02 -3.9458104161e+09
1.5714712842e+05 1.8344837603e-13 3.2432216594e-14 -1.0174458633e+06 6.3029409548e+06 9.6320878228e-18 1.1388032607e-17 -9.2329447435e+02 -9.3355753025e+02 -5.2330787214e+11 4.9674825446e+07 6.0074091724e+07 3.1680112401e-01 2.9710021394e+02 -3.3158190080e+09
1.5714744522e+05 1.8345142737e-13 3.2435825025e-14 -1.0177281690e+06 6.3026549606e+06 9.6313850723e-18 1.1392385342e-17 -8.6005277246e+02 -8.7304866353e+02 -5.2427151386e+11 5.0208183086e+07 6.0614411624e+07 3.2782945356e-01 2.6745340822e+02 -2.7860458305e+09
1.5714777305e+05 1.8345458471e-13 3.2439560523e-14 -1.0180003051e+06 6.3023781225e+06 9.6306575800e-18 1.1396889896e-17 -8.0122352830e+02 -8.1688855201e+02 -5.2510933871e+11 5.0703887077e+07 6.1118673765e+07 3.3955523552e-01 2.4067349157e+02 -2.3407829061e+09
1.5714811260e+05 1.8345785472e-13 3.2443431188e-14 -1.0182629033e+06 6.3021097567e+06 9.6299037887e-18 1.1401555862e-17 -7.4647399597e+02 -7.6475686905e+02 -5.2583843601e+11 5.1164756460e+07 6.1589658223e+07 3.5198437415e-01 2.1651035909e+02 -1.9667320848e+09
1.5714846459e+05 1.8346124416e-13 3.2447445209e-14 -1.0185165188e+06 6.3018492485e+06 9.6291221267e-18 1.1406392920e-17 -6.9550065638e+02 -7.1636162677e+02 -5.2647347284e+11 5.1593361761e+07 6.2029904689e+07 3.6512376058e-01 1.9473132438e+02 -1.6526446549e+09
1.5714882971e+05 1.8346475983e-13 3.2451610870e-14 -1.0187616396e+06 6.3015960419e+06 9.6283110057e-18 1.1411410841e-17 -6.4802579304e+02 -6.7143584948e+02 -5.2702706182e+11 5.1992054085e+07 6.2441740824e+07 3.7898053704e-01 1.7512069877e+02 -1.3890136783e+09
1.5714920869e+05 1.8346840861e-13 3.2455936560e-14 -1.0189986964e+06 6.3013496303e+06 9.6274688204e-18 1.1416619500e-17 -6.0379462744e+02 -6.2973478485e+02 -5.2751006698e+11 5.2362989462e+07 6.2827305986e+07 3.9356145490e-01 1.5747920550e+02 -1.1678112632e+09
1.5714960225e+05 1.8347219744e-13 3.2460430766e-14 -1.0192280686e+06 6.3011095497e+06 9.6265939492e-18 1.1422028865e-17 -5.6257288988e+02 -5.9103353224e+02 -5.2793185957e+11 5.2708149501e+07 6.3188571357e+07 4.0887224223e-01 1.4162327363e+02 -9.8226427789e+08
1.5715001113e+05 1.8347613330e-13 3.2465102065e-14 -1.0194500910e+06 6.3008753722e+06 9.6256847570e-18 1.1427648982e-17 -5.2414474138e+02 -5.5512500642e+02 -5.2830053324e+11 5.3029359067e+07 6.3527357167e+07 4.2491696933e-01 1.2738425196e+02 -8.2666304131e+08
1.5715043604e+05 1.8348022322e-13 3.2469959108e-14 -1.0196650583e+06 6.3006467010e+06 9.6247395982e-18 1.1433489958e-17 -4.8831098131e+02 -5.2181817264e+02 -5.2862308583e+11 5.3328301539e+07 6.3845347560e+07 4.4169752573e-01 1.1460757436e+02 -6.9619829663e+08
1.5715087774e+05 1.8348447422e-13 3.2475010593e-14 -1.0198732293e+06 6.3004231657e+06 9.6237568226e-18 1.1439561924e-17 -4.5488748124e+02 -4.9093649580e+02 -5.2890557353e+11 5.3606532154e+07 6.4144103596e+07 4.5921311088e-01 1.0315189784e+02 -5.8682240078e+08
1.5715133695e+05 1.8348889335e-13 3.2480265240e-14 -1.0200748305e+06 6.3002044188e+06 9.6227347804e-18 1.1445875004e-17 -4.2370380940e+02 -4.6231656862e+02 -5.2915324210e+11 5.3865489729e+07 6.4425074690e+07 4.7745970140e-01 9.2888234755e+01 -4.9513128289e+08
1.5715181441e+05 1.8349348756e-13 3.2485731751e-14 -1.0202700596e+06 6.2999901321e+06 9.6216718303e-18 1.1452439267e-17 -3.9460201975e+02 -4.3580689337e+02 -5.2937063875e+11 5.4106507003e+07 6.4689608708e+07 4.9642968756e-01 8.3699095482e+01 -4.1826419111e+08
1.5715231084e+05 1.8349826377e-13 3.2491418776e-14 -1.0204590877e+06 6.2997799941e+06 9.6205663471e-18 1.1459264678e-17 -3.6743557314e+02 -4.1126678610e+02 -5.2956170793e+11 5.4330819853e+07 6.4938960978e+07 5.1611153624e-01 7.5477650405e+01 -3.5381862222e+08
1.5715282695e+05 1.8350322876e-13 3.2497334866e-14 -1.0206420623e+06 6.2995737071e+06 9.6194167306e-18 1.1466361048e-17 -3.4206837654e+02 -3.8856538938e+02 -5.2972987339e+11 5.4539575515e+07 6.5174302367e+07 5.3648958539e-01 6.8126921253e+01 -2.9977823022e+08
1.5715336344e+05 1.8350838915e-13 3.2503488428e-14 -1.0208191095e+06 6.2993709852e+06 9.6182214149e-18 1.1473737969e-17 -3.1837392354e+02 -3.6758077768e+02 -5.2987810865e+11 5.4733839940e+07 6.5396726542e+07 5.5754395868e-01 6.1559007327e+01 -2.5445179735e+08
1.5715392099e+05 1.8351375139e-13 3.2509887678e-14 -1.0209903360e+06 6.2991715523e+06 9.6169788778e-18 1.1481404766e-17 -2.9623452450e+02 -3.4819914463e+02 -5.3000899761e+11 5.4914604400e+07 6.5607256533e+07 5.7925071061e-01 5.5694350858e+01 -2.1642162670e+08
1.5715450024e+05 1.8351932166e-13 3.2516540597e-14 -1.0211558314e+06 6.2989751403e+06 9.6156876502e-18 1.1489370433e-17 -2.7554061410e+02 -3.3031406078e+02 -5.3012478680e+11 5.5082791427e+07 6.5806850710e+07 6.0158208470e-01 5.0461043175e+01 -1.8449994235e+08
1.5715510182e+05 1.8352510588e-13 3.2523454885e-14 -1.0213156698e+06 6.2987814875e+06 9.6143463244e-18 1.1497643585e-17 -2.5619013153e+02 -3.1382579810e+02 -5.3022743042e+11 5.5239260131e+07 6.5996408208e+07 6.2450710455e-01 4.5794173824e+01 -1.5769209684e+08
1.5715572633e+05 1.8353110967e-13 3.2530637927e-14 -1.0214699123e+06 6.2985903375e+06 9.6129535616e-18 1.1506232413e-17 -2.3808796248e+02 -2.9864071211e+02 -5.3031862921e+11 5.5384810989e+07 6.6176773917e+07 6.4799222209e-01 4.1635221664e+01 -1.3516554600e+08
1.5715637432e+05 1.8353733832e-13 3.2538096764e-14 -1.0216186082e+06 6.2984014379e+06 9.6115080975e-18 1.1515144646e-17 -2.2114544313e+02 -2.8467068224e+02 -5.3039986406e+11 5.5520190092e+07 6.6348743026e+07 6.7200249506e-01 3.7931488715e+01 -1.1622371794e+08
1.5715704632e+05 1.8354379678e-13 3.2545838075e-14 -1.0217617975e+06 6.2982145392e+06 9.6100087457e-18 1.1524387536e-17 -2.0527991248e+02 -2.7183260025e+02 -5.3047242513e+11 5.5646092973e+07 6.6513065260e+07 6.9650273721e-01 3.4635573506e+01 -1.0028401300e+08
1.5715774282e+05 1.8355048963e-13 3.2553868179e-14 -1.0218995120e+06 6.2980293943e+06 9.6084543985e-18 1.1533967850e-17 -1.9041431721e+02 -2.6004791092e+02 -5.3053743701e+11 5.5763167971e+07 6.6670448759e+07 7.2145914704e-01 3.1704884278e+01 -8.6859305647e+07
1.5715846428e+05 1.8355742116e-13 3.2562193046e-14 -1.0220317775e+06 6.2978457577e+06 9.6068440233e-18 1.1543891895e-17 -1.7647685823e+02 -2.4924219785e+02 -5.3059588055e+11 5.5872019212e+07 6.6821563718e+07 7.4684102506e-01 2.9101188636e+01 -7.5542396490e+07
1.5715921112e+05 1.8356459532e-13 3.2570818334e-14 -1.0221586153e+06 6.2976633848e+06 9.6051766563e-18 1.1554165555e-17 -1.6340067888e+02 -2.3934481565e+02 -5.3064861183e+11 5.5973209221e+07 6.6967045762e+07 7.7262286338e-01 2.6790198421e+01 -6.5992956850e+07
1.5715998375e+05 1.8357201583e-13 3.2579749452e-14 -1.0222800435e+06 6.2974820317e+06 9.6034513910e-18 1.1564794365e-17 -1.5112358733e+02 -2.3028856439e+02 -5.3069637857e+11 5.6067261215e+07 6.7107499148e+07 7.9878652360e-01 2.4741186999e+01 -5.7926571401e+07
1.5716078253e+05 1.8357968623e-13 3.2588991643e-14 -1.0223960788e+06 6.2973014548e+06 9.6016673613e-18 1.1575783611e-17 -1.3958781156e+02 -2.2200940670e+02 -5.3073983444e+11 5.6154661083e+07 6.7243499766e+07 8.2532373749e-01 2.2926637321e+01 -5.1105549500e+07
1.5716160786e+05 1.8358760995e-13 3.2598550098e-14 -1.0225067376e+06 6.2971214102e+06 9.5998237198e-18 1.1587138469e-17 -1.2873978021e+02 -2.1444622406e+02 -5.3077955146e+11 5.6235859123e+07 6.7375598031e+07 8.5223867304e-01 2.1321918287e+01 -4.5331223107e+07
1.5716246010e+05 1.8359579048e-13 3.2608430102e-14 -1.0226120373e+06 6.2969416538e+06 9.5979196102e-18 1.1598864173e-17 -1.1852992674e+02 -2.0754061204e+02 -5.3081603083e+11 5.6311271535e+07 6.7504321638e+07 8.7955083485e-01 1.9904987809e+01 -4.0437495682e+07
1.5716333965e+05 1.8360423147e-13 3.2618637215e-14 -1.0227119970e+06 6.2967619401e+06 9.5959541326e-18 1.1610966228e-17 -1.0891251039e+02 -2.0123671090e+02 -5.3084971235e+11 5.6381281742e+07 6.7630178269e+07 9.0729789359e-01 1.8656120486e+01 -3.6285440924e+07
1.5716424695e+05 1.8361293694e-13 3.2629177484e-14 -1.0228066386e+06 6.2965820225e+06 9.5939263032e-18 1.1623450658e-17 -9.9845452374e+01 -1.9548107124e+02 -5.3088098260e+11 5.6446241537e+07 6.7753658224e+07 9.3553898642e-01 1.7557658728e+01 -3.2758784304e+07
1.5716518248e+05 1.8362191146e-13 3.2640057697e-14 -1.0228959872e+06 6.2964016514e+06 9.5918350059e-18 1.1636324305e-17 -9.1290179927e+01 -1.9022254988e+02 -5.3091018214e+11 5.6506472126e+07 6.7875237074e+07 9.6435797296e-01 1.6593785457e+01 -2.9760123777e+07
1.5716614684e+05 1.8363116038e-13 3.2651285678e-14 -1.0229800717e+06 6.2962205740e+06 9.5896789374e-18 1.1649595166e-17 -8.3211477089e+01 -1.8541223450e+02 -5.3093761173e+11 5.6562265059e+07 6.7995378338e+07 9.9386713558e-01 1.5750317489e+01 -2.7207771593e+07
1.5716714071e+05 1.8364069014e-13 3.2662870624e-14 -1.0230589246e+06 6.2960385321e+06 9.5874565431e-18 1.1663272787e-17 -7.5577337163e+01 -1.8100339210e+02 -5.3096353783e+11 5.6613883109e+07 6.8114536252e+07 1.0242112079e+00 1.5014518253e+01 -2.5033115995e+07
1.5716816492e+05 1.8365050855e-13 3.2674823498e-14 -1.0231325822e+06 6.2958552605e+06 9.5851659444e-18 1.1677368709e-17 -6.8358814598e+01 -1.7695143723e+02 -5.3098819736e+11 5.6661561096e+07 6.8233158715e+07 1.0555719994e+00 1.4374928878e+01 -2.3178418866e+07
1.5716922049e+05 1.8366062514e-13 3.2687157469e-14 -1.0232010843e+06 6.2956704839e+06 9.5828048559e-18 1.1691896979e-17 -6.1529873940e+01 -1.7321391469e+02 -5.3101180198e+11 5.6705506671e+07 6.8351690485e+07 1.0881737876e+00 1.3821216651e+01 -2.1594978575e+07
1.5717030867e+05 1.8367105157e-13 3.2699888434e-14 -1.0232644730e+06 6.2954839142e+06 9.5803704896e-18 1.1706874736e-17 -5.5067234819e+01 -1.6975049125e+02 -5.3103454177e+11 5.6745901068e+07 6.8470576747e+07 1.1222897669e+00 1.3344039918e+01 -2.0241598919e+07
1.5717030867e+05 1.8367105157e-13 3.2699888434e-14 -1.0232644730e+06 6.2954839142e+06 9.5803704896e-18 1.1706874736e-17 -5.5067234819e+01 -1.6975049125e+02 -5.3103454177e+11 5.6745901068e+07 6.8470576747e+07 1.1222897669e+00 1.3344039918e+01 -2.0241598919e+07
