0.0000000000e+00 0.0000000000e+00 0.0000000000e+00 3.1415900000e+08 0.0000000000e+00 0.0000000000e+00 0.0000000000e+00 -1.1994322430e+03 3.6909286580e+01 -4.6638893003e+09 -1.0195174066e+07 3.1372893593e+05 1.0000000000e+01 0.0000000000e+00 -0.0000000000e+00
1.0000000000e+01 2.8740027206e-22 1.1255528267e-28 3.1414700548e+08 3.6909286572e+02 5.7480785961e-23 3.3767229425e-29 -1.1994726283e+03 3.6909286556e+01 -4.6638893003e+09 -1.0195174066e+07 3.1372893593e+05 5.0000000000e+01 0.0000000000e+00 -0.0000000000e+00
6.0000000000e+01 1.0347726826e-20 2.4318904887e-26 3.1408702680e+08 2.2145571777e+03 3.4495057304e-22 1.2160845598e-27 -1.1996746012e+03 3.6909285726e+01 -4.6638893003e+09 -1.0195174066e+07 3.1372893593e+05 2.5000000000e+02 0.0000000000e+00 -0.0000000000e+00
3.1000000000e+02 2.7640280160e-19 3.3589050709e-24 3.1378698181e+08 1.1441876480e+04 1.7839484650e-21 3.2524800517e-26 -1.2006856242e+03 3.6909263728e+01 -4.6638893003e+09 -1.0195174066e+07 3.1372893593e+05 1.2500000000e+03 0.0000000000e+00 -0.0000000000e+00
1.5600000000e+03 7.0219270999e-18 4.3113231165e-22 3.1228295218e+08 5.7578184156e+04 9.0204800859e-21 8.3159015913e-25 -1.2057699262e+03 3.6908702315e+01 -4.6638893003e+09 -1.0195174066e+07 3.1372893593e+05 3.6000000000e+03 0.0000000000e+00 -0.0000000000e+00
5.1600000000e+03 7.7544724614e-17 1.5933080238e-20 3.0791544761e+08 1.9044072436e+05 3.0258558582e-20 9.3572138812e-24 -1.2206915503e+03 3.6902712312e+01 -4.6638893002e+09 -1.0195174066e+07 3.1372893593e+05 3.6000000000e+03 0.0000000000e+00 -0.0000000000e+00
8.7600000000e+03 2.2562147705e-16 7.9644613351e-20 3.0349345456e+08 3.2326939307e+05 5.2111669146e-20 2.7753651548e-23 -1.2360452887e+03 3.6889787191e+01 -4.6638893001e+09 -1.0195174066e+07 3.1372893593e+05 3.6000000000e+03 0.0000000000e+00 -0.0000000000e+00
1.2360000000e+04 4.5352908307e-16 2.2865415434e-19 2.9901537328e+08 4.5603813241e+05 7.4615165674e-20 5.6898983328e-23 -1.2518559806e+03 3.6869310024e+01 -4.6638892999e+09 -1.0195174065e+07 3.1372893593e+05 3.6000000000e+03 0.0000000000e+00 -0.0000000000e+00
1.5960000000e+04 7.6367702485e-16 5.0338054542e-19 2.9447951091e+08 5.8871854457e+05 9.7807405072e-20 9.7767372853e-23 -1.2681505751e+03 3.6840596374e+01 -4.6638892998e+09 -1.0195174065e+07 3.1372893593e+05 3.6000000000e+03 0.0000000000e+00 -0.0000000000e+00
1.9560000000e+04 1.1586187810e-15 9.4794179928e-19 2.8988407340e+08 7.2127963275e+05 1.2173008935e-19 1.5144208871e-22 -1.2849583717e+03 3.6802885150e+01 -4.6638892996e+09 -1.0195174065e+07 3.1372893593e+05 3.6000000000e+03 0.0000000000e+00 -0.0000000000e+00
2.3160000000e+04 1.6410645576e-15 1.6105744746e-18 2.8522715660e+08 8.5368750651e+05 1.4642865712e-19 2.1913067086e-22 -1.3023112948e+03 3.6755327949e+01 -4.6638892994e+09 -1.0195174065e+07 3.1372893593e+05 3.6000000000e+03 0.0000000000e+00 -0.0000000000e+00
2.6760000000e+04 2.2138955303e-15 2.5441121298e-18 2.8050673622e+08 9.8590504563e+05 1.7195273317e-19 3.0218266300e-22 -1.3202442104e+03 3.6696976596e+01 -4.6638892991e+09 -1.0195174065e+07 3.1372893593e+05 3.6000000000e+03 0.0000000000e+00 -0.0000000000e+00
3.0360000000e+04 2.8801798252e-15 3.8065329916e-18 2.7572065664e+08 1.1178915153e+06 1.9835664675e-19 4.0211042863e-22 -1.3387952894e+03 3.6626768524e+01 -4.6638892988e+09 -1.0195174065e+07 3.1372893593e+05 3.6000000000e+03 0.0000000000e+00 -0.0000000000e+00
3.3960000000e+04 3.6431905073e-15 5.4615890516e-18 2.7086661824e+08 1.2496021240e+06 2.2570003127e-19 5.2061369128e-22 -1.3580064297e+03 3.6543509525e+01 -4.6638892985e+09 -1.0195174065e+07 3.1372893593e+05 3.6000000000e+03 0.0000000000e+00 -0.0000000000e+00
3.7560000000e+04 4.5064258991e-15 7.5795313789e-18 2.6594216313e+08 1.3809875144e+06 2.5404852133e-19 6.5960859552e-22 -1.3779237453e+03 3.6445853341e+01 -4.6638892981e+09 -1.0195174065e+07 3.1372893593e+05 3.6000000000e+03 0.0000000000e+00 -0.0000000000e+00
4.1160000000e+04 5.4736326099e-15 1.0237949650e-17 2.6094465900e+08 1.5119931727e+06 2.8347456613e-19 8.2126228557e-22 -1.3985981382e+03 3.6332277360e+01 -4.6638892976e+09 -1.0195174065e+07 3.1372893593e+05 3.6000000000e+03 0.0000000000e+00 -0.0000000000e+00
4.4760000000e+04 6.5488317399e-15 1.3522747930e-17 2.5587128067e+08 1.6425587437e+06 3.1405838344e-19 1.0080342575e-21 -1.4200859684e+03 3.6201053570e+01 -4.6638892970e+09 -1.0195174065e+07 3.1372893593e+05 3.6000000000e+03 0.0000000000e+00 -0.0000000000e+00
4.8360000000e+04 7.7363488138e-15 1.7529283847e-17 2.5071898907e+08 1.7726172304e+06 3.4588908380e-19 1.2227260775e-21 -1.4424498440e+03 3.6050213623e+01 -4.6638892963e+09 -1.0195174066e+07 3.1372893593e+05 3.6000000000e+03 0.0000000000e+00 -0.0000000000e+00
5.1960000000e+04 9.0408481239e-15 2.2363704781e-17 2.4548450712e+08 1.9020940548e+06 3.7906600230e-19 1.4685415005e-21 -1.4657595566e+03 3.5877506599e+01 -4.6638892955e+09 -1.0195174066e+07 3.1372893593e+05 3.6000000000e+03 0.0000000000e+00 -0.0000000000e+00
5.5560000000e+04 1.0467372309e-14 2.8144523024e-17 2.4016429194e+08 2.0309059516e+06 4.1370028533e-19 1.7491596090e-21 -1.4900931964e+03 3.5680347617e+01 -4.6638892945e+09 -1.0195174066e+07 3.1372893593e+05 3.6000000000e+03 0.0000000000e+00 -0.0000000000e+00
5.9160000000e+04 1.2021388195e-14 3.5004482639e-17 2.3475450259e+08 2.1589596564e+06 4.4991679233e-19 2.0688243715e-21 -1.5155384882e+03 3.5455754916e+01 -4.6638892932e+09 -1.0195174066e+07 3.1372893593e+05 3.6000000000e+03 0.0000000000e+00 -0.0000000000e+00
6.2760000000e+04 1.3708840158e-14 4.3092784775e-17 2.2925096261e+08 2.2861503422e+06 4.8785638995e-19 2.4324550740e-21 -1.5421944031e+03 3.5200272262e+01 -4.6638892917e+09 -1.0195174065e+07 3.1372893593e+05 3.6000000000e+03 0.0000000000e+00 -0.0000000000e+00
6.6360000000e+04 1.5536212601e-14 5.2577756667e-17 2.2364911616e+08 2.4123597442e+06 5.2767873853e-19 2.8457835102e-21 -1.5701731167e+03 3.4909872566e+01 -4.6638892897e+09 -1.0195174065e+07 3.1372893593e+05 3.6000000000e+03 0.0000000000e+00 -0.0000000000e+00
6.9960000000e+04 1.7510603539e-14 6.3650074122e-17 2.1794397624e+08 2.5374538959e+06 5.6956570220e-19 3.3155257928e-21 -1.5996024046e+03 3.4579837164e+01 -4.6638892872e+09 -1.0195174065e+07 3.1372893593e+05 3.6000000000e+03 0.0000000000e+00 -0.0000000000e+00
7.3560000000e+04 1.9639811838e-14 7.6526680265e-17 2.1213006346e+08 2.6612803756e+06 6.1372555542e-19 3.8495994017e-21 -1.6306285979e+03 3.4204603330e+01 -4.6638892841e+09 -1.0195174065e+07 3.1372893593e+05 3.6000000000e+03 0.0000000000e+00 -0.0000000000e+00
7.7160000000e+04 2.1932441356e-14 9.1455588098e-17 2.0620133286e+08 2.7836649323e+06 6.6039821760e-19 4.4573999709e-21 -1.6634202613e+03 3.3777569800e+01 -4.6638892801e+09 -1.0195174065e+07 3.1372893593e+05 3.6000000000e+03 0.0000000000e+00 -0.0000000000e+00
8.0760000000e+04 2.4398026252e-14 1.0872181610e-16 2.0015108585e+08 2.9044073153e+06 7.0986182876e-19 5.1501578884e-21 -1.6981728126e+03 3.3290846238e+01 -4.6638892748e+09 -1.0195174065e+07 3.1372893593e+05 3.6000000000e+03 0.0000000000e+00 -0.0000000000e+00
8.4360000000e+04 2.7047182986e-14 1.2865479196e-16 1.9397186342e+08 3.0232760726e+06 7.6244109550e-19 5.9414028760e-21 -1.7351143868e+03 3.2734926818e+01 -4.6638892678e+09 -1.0195174065e+07 3.1372893593e+05 3.6000000000e+03 0.0000000000e+00 -0.0000000000e+00
8.7960000000e+04 2.9891796423e-14 1.5163768107e-16 1.8765531541e+08 3.1400019968e+06 8.1851800408e-19 6.8475766861e-21 -1.7745133630e+03 3.2098259760e+01 -4.6638892585e+09 -1.0195174065e+07 3.1372893593e+05 3.6000000000e+03 0.0000000000e+00 -0.0000000000e+00
9.1560000000e+04 3.2945249984e-14 1.7811927107e-16 1.8119203878e+08 3.2542697749e+06 8.7854574387e-19 7.8888520702e-21 -1.8166881468e+03 3.1366671925e+01 -4.6638892458e+09 -1.0195174065e+07 3.1372893593e+05 3.6000000000e+03 0.0000000000e+00 -0.0000000000e+00
9.5160000000e+04 3.6222713443e-14 2.0862929931e-16 1.7457137544e+08 3.3657072197e+06 9.4306705321e-19 9.0902438392e-21 -1.8620200597e+03 3.0522588203e+01 -4.6638892283e+09 -1.0195174065e+07 3.1372893593e+05 3.6000000000e+03 0.0000000000e+00 -0.0000000000e+00
9.8760000000e+04 3.9741507285e-14 2.4379849107e-16 1.6778115621e+08 3.4738711910e+06 1.0127387639e-18 1.0483141274e-20 -1.9109705840e+03 2.9543954852e+01 -4.6638892034e+09 -1.0195174065e+07 3.1372893593e+05 3.6000000000e+03 0.0000000000e+00 -0.0000000000e+00
1.0236000000e+05 4.3521570392e-14 2.8438515754e-16 1.6080737227e+08 3.5782289083e+06 1.0883652035e-18 1.2107461028e-20 -1.9641048307e+03 2.8402726902e+01 -4.6638891676e+09 -1.0195174065e+07 3.1372893593e+05 3.6000000000e+03 0.0000000000e+00 -0.0000000000e+00
1.0596000000e+05 4.7586069756e-14 3.3131110948e-16 1.5363374676e+08 3.6781327183e+06 1.1709445318e-18 1.4014735214e-20 -2.0221240952e+03 2.7062698498e+01 -4.6638891144e+09 -1.0195174066e+07 3.1372893593e+05 3.6000000000e+03 0.0000000000e+00 -0.0000000000e+00
1.0956000000e+05 5.1962209432e-14 3.8571109767e-16 1.4624116643e+08 3.7727853583e+06 1.2617344358e-18 1.6272646460e-20 -2.0859120136e+03 2.5476316620e+01 -4.6638890331e+09 -1.0195174065e+07 3.1372893593e+05 3.4323617786e+03 0.0000000000e+00 -0.0000000000e+00
1.1264497557e+05 5.5984574374e-14 4.3933941919e-16 1.3971488098e+08 3.8489709778e+06 1.3472779754e-18 1.8554396239e-20 -2.1460138982e+03 2.3873186070e+01 -4.6638889759e+09 -1.0195174065e+07 3.1372893593e+05 3.1049698568e+03 0.0000000000e+00 -0.0000000000e+00
1.1574994543e+05 6.0312404853e-14 5.0102566565e-16 1.3294999724e+08 3.9202331690e+06 1.4419653557e-18 2.1254654397e-20 -2.2125401376e+03 2.1976016455e+01 -4.6638888856e+09 -1.0195174065e+07 3.1372893593e+05 2.7998574793e+03 0.0000000000e+00 -0.0000000000e+00
1.1826274352e+05 6.4039892030e-14 5.5756373306e-16 1.2731717754e+08 3.9732557732e+06 1.5260477389e-18 2.3806303289e-20 -2.2716154308e+03 2.0183257963e+01 -4.6638888384e+09 -1.0195174065e+07 3.1372893593e+05 2.5297783255e+03 0.0000000000e+00 -0.0000000000e+00
1.2079252185e+05 6.8015779304e-14 6.2145971533e-16 1.2148946823e+08 4.0217355209e+06 1.6186651803e-18 2.6784466089e-20 -2.3366873556e+03 1.8090835817e+01 -4.6638887657e+09 -1.0195174065e+07 3.1372893593e+05 2.2821667179e+03 0.0000000000e+00 -0.0000000000e+00
1.2284025775e+05 7.1413015072e-14 6.7908863586e-16 1.1664648988e+08 4.0568265905e+06 1.7004828370e-18 2.9561453150e-20 -2.3941714786e+03 1.6139757379e+01 -4.6638887286e+09 -1.0195174065e+07 3.1372893593e+05 2.0624046794e+03 0.0000000000e+00 -0.0000000000e+00
1.2490266243e+05 7.5011200060e-14 7.4328004828e-16 1.1164473277e+08 4.0878483447e+06 1.7901342170e-18 3.2761718088e-20 -2.4571594835e+03 1.3891288883e+01 -4.6638886728e+09 -1.0195174065e+07 3.1372893593e+05 1.8574100093e+03 0.0000000000e+00 -0.0000000000e+00
1.2656376358e+05 7.8049033614e-14 8.0008682920e-16 1.0751800837e+08 4.1092466273e+06 1.8684609203e-18 3.5692464032e-20 -2.5121909037e+03 1.1832181262e+01 -4.6638886457e+09 -1.0195174065e+07 3.1372893593e+05 1.6747457163e+03 0.0000000000e+00 -0.0000000000e+00
1.2806301439e+05 8.0906680216e-14 8.5578173118e-16 1.0371200972e+08 4.1254523223e+06 1.9445503080e-18 3.8659838406e-20 -2.5656504123e+03 9.7473389375e+00 -4.6638886234e+09 -1.0195174065e+07 3.1372893593e+05 1.5124309738e+03 0.0000000000e+00 -0.0000000000e+00
1.2940889412e+05 8.3572552560e-14 9.0977631112e-16 1.0022470764e+08 4.1371918262e+06 2.0178140475e-18 4.1629110714e-20 -2.6171246538e+03 7.6611631464e+00 -4.6638886057e+09 -1.0195174065e+07 3.1372893593e+05 1.3597934268e+03 0.0000000000e+00 -0.0000000000e+00
1.3060680284e+05 8.6030991344e-14 9.6136780188e-16 9.7060627134e+07 4.1451582078e+06 2.0874799202e-18 4.4554590258e-20 -2.6660710764e+03 5.6057556362e+00 -4.6638885924e+09 -1.0195174065e+07 3.1372893593e+05 1.2136232909e+03 0.0000000000e+00 -0.0000000000e+00
1.3165644610e+05 8.8255832911e-14 1.0095897168e-15 9.4238503655e+07 4.1500196416e+06 2.1523903902e-18 4.7369895904e-20 -2.7116764089e+03 3.6277550104e+00 -4.6638885835e+09 -1.0195174065e+07 3.1372893593e+05 1.0695188860e+03 0.0000000000e+00 -0.0000000000e+00
1.3254580171e+05 9.0195700652e-14 1.0528570942e-15 9.1808853599e+07 4.1524459726e+06 2.2105260794e-18 4.9964684524e-20 -2.7525218602e+03 1.8046870531e+00 -4.6638885785e+09 -1.0195174066e+07 3.1372893593e+05 9.2057032717e+02 0.0000000000e+00 -0.0000000000e+00
1.3329106128e+05 9.1862031979e-14 1.0909558802e-15 8.9744220464e+07 4.1531852125e+06 2.2616751703e-18 5.2304940934e-20 -2.7884586097e+03 1.6045043197e-01 -4.6638885760e+09 -1.0195174066e+07 3.1372893593e+05 7.3862940398e+02 0.0000000000e+00 -0.0000000000e+00
1.3402969068e+05 9.3552022290e-14 1.1304970091e-15 8.7670917231e+07 4.1526663649e+06 2.3147539015e-18 5.4790207038e-20 -2.8257511018e+03 -1.5856682944e+00 -4.6638885730e+09 -1.0195174066e+07 3.1372893593e+05 8.3204418722e+02 0.0000000000e+00 -0.0000000000e+00
1.3486173487e+05 9.5503926911e-14 1.1773240556e-15 8.5301551381e+07 4.1504763903e+06 2.3776477640e-18 5.7809835683e-20 -2.8699395897e+03 -3.7072238549e+00 -4.6638885663e+09 -1.0195174066e+07 3.1372893593e+05 8.9651402211e+02 0.0000000000e+00 -0.0000000000e+00
1.3575824889e+05 9.7667384541e-14 1.2307172968e-15 8.2706223679e+07 4.1460526201e+06 2.4494669739e-18 6.1357214082e-20 -2.9203989216e+03 -6.1995701845e+00 -4.6638885537e+09 -1.0195174066e+07 3.1372893593e+05 9.2673752531e+02 0.0000000000e+00 -0.0000000000e+00
1.3668498641e+05 9.9973671369e-14 1.2894172642e-15 7.9974294817e+07 4.1390159346e+06 2.5286330091e-18 6.5390095674e-20 -2.9760200466e+03 -9.0330253456e+00 -4.6638885341e+09 -1.0195174066e+07 3.1372893593e+05 9.3522190601e+02 0.0000000000e+00 -0.0000000000e+00
1.3762020832e+05 1.0237805910e-13 1.3526416701e-15 7.7163264975e+07 4.1291135841e+06 2.6142390998e-18 6.9895785592e-20 -3.0361658788e+03 -1.2198670074e+01 -4.6638885064e+09 -1.0195174066e+07 3.1372893593e+05 9.2901621450e+02 0.0000000000e+00 -0.0000000000e+00
1.3854922454e+05 1.0484869580e-13 1.4198477654e-15 7.4313132696e+07 4.1161846980e+06 2.7057275832e-18 7.4877380655e-20 -3.1004446109e+03 -1.5698680158e+01 -4.6638884694e+09 -1.0195174066e+07 3.1372893593e+05 9.1249197808e+02 0.0000000000e+00 -0.0000000000e+00
1.3946171651e+05 1.0736133444e-13 1.4906212341e-15 7.1453310045e+07 4.1001395194e+06 2.8027375608e-18 8.0347370910e-20 -3.1686026798e+03 -1.9541830958e+01 -4.6638884224e+09 -1.0195174066e+07 3.1372893593e+05 8.8861359253e+02 0.0000000000e+00 -0.0000000000e+00
1.4035033011e+05 1.0989672139e-13 1.5646229902e-15 6.8606145208e+07 4.0809448499e+06 2.9050305762e-18 8.6324639065e-20 -3.2404725490e+03 -2.3741389243e+01 -4.6638883641e+09 -1.0195174066e+07 3.1372893593e+05 8.5951106309e+02 0.0000000000e+00 -0.0000000000e+00
1.4120984117e+05 1.1243914936e-13 1.6415610526e-15 6.5788939950e+07 4.0586130125e+06 3.0124501945e-18 9.2832921804e-20 -3.3159443091e+03 -2.8314032128e+01 -4.6638882937e+09 -1.0195174066e+07 3.1372893593e+05 8.2677295265e+02 0.0000000000e+00 -0.0000000000e+00
1.4203661412e+05 1.1497558208e-13 1.7211745810e-15 6.3015214019e+07 4.0331930840e+06 3.1248981087e-18 9.9899977197e-20 -3.3949488907e+03 -3.3279262105e+01 -4.6638882100e+09 -1.0195174066e+07 3.1372893593e+05 7.9161254691e+02 0.0000000000e+00 -0.0000000000e+00
1.4282822667e+05 1.1749508679e-13 1.8032243658e-15 6.0295554037e+07 4.0047637248e+06 3.2423191011e-18 1.0755712835e-19 -3.4774474985e+03 -3.8659086424e+01 -4.6638881119e+09 -1.0195174066e+07 3.1372893593e+05 7.5497010838e+02 0.0000000000e+00 -0.0000000000e+00
1.4358319678e+05 1.1998844432e-13 1.8874869834e-15 5.7638214881e+07 3.9734272091e+06 3.3646911047e-18 1.1583902409e-19 -3.5634246286e+03 -4.4477848935e+01 -4.6638879983e+09 -1.0195174066e+07 3.1372893593e+05 7.1758006356e+02 0.0000000000e+00 -0.0000000000e+00
1.4430077684e+05 1.2244786779e-13 1.9737511373e-15 5.5049564218e+07 3.9393043977e+06 3.4920183751e-18 1.2478353358e-19 -3.6528832708e+03 -5.0762156072e+01 -4.6638878680e+09 -1.0195174066e+07 3.1372893593e+05 6.8001754735e+02 0.0000000000e+00 -0.0000000000e+00
1.4498079439e+05 1.2486679075e-13 2.0618153531e-15 5.2534422434e+07 3.9025304782e+06 3.6243266500e-18 1.3443172896e-19 -3.7458415082e+03 -5.7540864636e+01 -4.6638877197e+09 -1.0195174066e+07 3.1372893593e+05 6.4273206370e+02 0.0000000000e+00 -0.0000000000e+00
1.4562352645e+05 1.2723970149e-13 2.1514865334e-15 5.0096329708e+07 3.8632513438e+06 3.7616596286e-18 1.4482792917e-19 -3.8423300432e+03 -6.4845112600e+01 -4.6638875520e+09 -1.0195174066e+07 3.1372893593e+05 6.0607268025e+02 0.0000000000e+00 -0.0000000000e+00
1.4622959913e+05 1.2956200929e-13 2.2425790664e-15 4.7737760454e+07 3.8216205120e+06 3.9040763556e-18 1.5601978896e-19 -3.9423903602e+03 -7.2708381618e+01 -4.6638873635e+09 -1.0195174066e+07 3.1372893593e+05 5.7030741709e+02 0.0000000000e+00 -0.0000000000e+00
1.4679990655e+05 1.3182993348e-13 2.3349142952e-15 4.5460298491e+07 3.7777965065e+06 4.0516492441e-18 1.6805842304e-19 -4.0460733354e+03 -8.1166584293e+01 -4.6638871528e+09 -1.0195174066e+07 3.1372893593e+05 5.3563848992e+02 0.0000000000e+00 -0.0000000000e+00
1.4733554504e+05 1.3404040928e-13 2.4283202190e-15 4.3264782125e+07 3.7319406379e+06 4.2044625575e-18 1.8099855930e-19 -4.1534381716e+03 -9.0258171791e+01 -4.6638869182e+09 -1.0195174066e+07 3.1372893593e+05 5.0221450309e+02 0.0000000000e+00 -0.0000000000e+00
1.4783775954e+05 1.3619100639e-13 2.5226313424e-15 4.1151425629e+07 3.6842151311e+06 4.3626112320e-18 1.9489871704e-19 -4.2645515698e+03 -1.0002425909e+02 -4.6638866581e+09 -1.0195174066e+07 3.1372893593e+05 4.7014033248e+02 0.0000000000e+00 -0.0000000000e+00
1.4830789987e+05 1.3827985769e-13 2.6176886156e-15 3.9119921811e+07 3.6347815536e+06 4.5261999537e-18 2.0982140805e-19 -4.3794870811e+03 -1.1050876623e+02 -4.6638863707e+09 -1.0195174066e+07 3.1372893593e+05 4.3948520852e+02 0.0000000000e+00 -0.0000000000e+00
1.4874738508e+05 1.4030559594e-13 2.7133394253e-15 3.7169529214e+07 3.5837995055e+06 4.6953424288e-18 2.2583335896e-19 -4.4983245942e+03 -1.2175857456e+02 -4.6638860541e+09 -1.0195174066e+07 3.1372893593e+05 4.1028938482e+02 0.0000000000e+00 -0.0000000000e+00
1.4915767447e+05 1.4226729731e-13 2.8094376110e-15 3.5299146598e+07 3.5314255393e+06 4.8701608052e-18 2.4300575433e-19 -4.6211499287e+03 -1.3382369752e+02 -4.6638857063e+09 -1.0195174066e+07 3.1372893593e+05 3.8256966227e+02 0.0000000000e+00 -0.0000000000e+00
1.4954024413e+05 1.4416443040e-13 2.9058434879e-15 3.3507376818e+07 3.4778122776e+06 5.0507852101e-18 2.6141450031e-19 -4.7480545106e+03 -1.4675746587e+02 -4.6638853251e+09 -1.0195174066e+07 3.1372893593e+05 3.5632398461e+02 0.0000000000e+00 -0.0000000000e+00
1.4989656811e+05 1.4599681038e-13 3.0024238652e-15 3.1792581723e+07 3.4231077048e+06 5.2373533814e-18 2.8114050903e-19 -4.8791351129e+03 -1.6061672753e+02 -4.6638849083e+09 -1.0195174066e+07 3.1372893593e+05 3.3153526886e+02 0.0000000000e+00 -0.0000000000e+00
1.5022810338e+05 1.4776455732e-13 3.0990520509e-15 3.0152929432e+07 3.3674546086e+06 5.4300103723e-18 3.0227000430e-19 -5.0144936481e+03 -1.7546206232e+02 -4.6638844535e+09 -1.0195174066e+07 3.1372893593e+05 3.0817460019e+02 0.0000000000e+00 -0.0000000000e+00
1.5053627798e+05 1.4946805838e-13 3.1956078403e-15 2.8586435072e+07 3.3109901516e+06 5.6289083147e-18 3.2489484928e-19 -5.1542370024e+03 -1.9135801223e+02 -4.6638839582e+09 -1.0195174066e+07 3.1372893593e+05 2.8620389662e+02 0.0000000000e+00 -0.0000000000e+00
1.5082248188e+05 1.5110793358e-13 3.2919774833e-15 2.7090995871e+07 3.2538455558e+06 5.8342062311e-18 3.4911289718e-19 -5.2984769032e+03 -2.0837332777e+02 -4.6638834195e+09 -1.0195174066e+07 3.1372893593e+05 2.6557812910e+02 0.0000000000e+00 -0.0000000000e+00
1.5108806001e+05 1.5268500457e-13 3.3880536326e-15 2.5664421377e+07 3.1961458829e+06 6.0460698842e-18 3.7502836593e-19 -5.4473298134e+03 -2.2658123122e+02 -4.6638828347e+09 -1.0195174066e+07 3.1372893593e+05 2.4624716615e+02 0.0000000000e+00 -0.0000000000e+00
1.5133430718e+05 1.5420026642e-13 3.4837352692e-15 2.4304459437e+07 3.1380098979e+06 6.2646716576e-18 4.0275223826e-19 -5.6009168476e+03 -2.4605969776e+02 -4.6638822006e+09 -1.0195174066e+07 3.1372893593e+05 2.2815730259e+02 0.0000000000e+00 -0.0000000000e+00
1.5156246448e+05 1.5565486198e-13 3.5789276099e-15 2.3008818483e+07 3.0795500025e+06 6.4901904603e-18 4.3240268849e-19 -5.7593637052e+03 -2.6689175526e+02 -4.6638815139e+09 -1.0195174066e+07 3.1372893593e+05 2.1125252087e+02 0.0000000000e+00 -0.0000000000e+00
1.5177371700e+05 1.5705005870e-13 3.6735419947e-15 2.1775186595e+07 3.0208722287e+06 6.7228116521e-18 4.6410553763e-19 -5.9228006178e+03 -2.8916580410e+02 -4.6638807713e+09 -1.0195174066e+07 3.1372893593e+05 1.9547552546e+02 0.0000000000e+00 -0.0000000000e+00
1.5196919252e+05 1.5838722768e-13 3.7674957583e-15 2.0601247754e+07 2.9620762819e+06 6.9627269820e-18 4.9799473849e-19 -6.0913623062e+03 -3.1297595792e+02 -4.6638799689e+09 -1.0195174066e+07 3.1372893593e+05 1.8076858711e+02 0.0000000000e+00 -0.0000000000e+00
1.5214996111e+05 1.5966782479e-13 3.8607120865e-15 1.9484695616e+07 2.9032556260e+06 7.2101345395e-18 5.3421289264e-19 -6.2651879453e+03 -3.3842240693e+02 -4.6638791029e+09 -1.0195174066e+07 3.1372893593e+05 1.6707422380e+02 0.0000000000e+00 -0.0000000000e+00
1.5231703534e+05 1.6089337372e-13 3.9531198589e-15 1.8423245145e+07 2.8444976027e+06 7.4652387113e-18 5.7291180123e-19 -6.4444211352e+03 -3.6561180483e+02 -4.6638781692e+09 -1.0195174066e+07 3.1372893593e+05 1.5433574621e+02 0.0000000000e+00 -0.0000000000e+00
1.5247137108e+05 1.6206545074e-13 4.0446534809e-15 1.7414642350e+07 2.7858835790e+06 7.7282501442e-18 6.1425305182e-19 -6.6292098737e+03 -3.9465768112e+02 -4.6638771631e+09 -1.0195174066e+07 3.1372893593e+05 1.4249768719e+02 0.0000000000e+00 -0.0000000000e+00
1.5261386877e+05 1.6318567112e-13 4.1352527063e-15 1.6456672372e+07 2.7274891170e+06 7.9993857079e-18 6.5840864351e-19 -6.8197065310e+03 -4.2568088037e+02 -4.6638760801e+09 -1.0195174066e+07 3.1372893593e+05 1.3150613482e+02 0.0000000000e+00 -0.0000000000e+00
1.5274537490e+05 1.6425567701e-13 4.2248624526e-15 1.5547166127e+07 2.6693841611e+06 8.2788684569e-18 7.0556165287e-19 -7.0160678224e+03 -4.5881003000e+02 -4.6638749152e+09 -1.0195174066e+07 3.1372893593e+05 1.2130898414e+02 0.0000000000e+00 -0.0000000000e+00
1.5286668389e+05 1.6527712669e-13 4.3134326100e-15 1.4684005691e+07 2.6116332387e+06 8.5669275876e-18 7.5590694339e-19 -7.2184547786e+03 -4.9418203882e+02 -4.6638736629e+09 -1.0195174066e+07 3.1372893593e+05 1.1185612095e+02 0.0000000000e+00 -0.0000000000e+00
1.5297854001e+05 1.6625168509e-13 4.4009178464e-15 1.3865128585e+07 2.5542956704e+06 8.8637983886e-18 8.0965192121e-19 -7.4270327108e+03 -5.3194262794e+02 -4.6638723176e+09 -1.0195174066e+07 3.1372893593e+05 1.0309954925e+02 0.0000000000e+00 -0.0000000000e+00
1.5308163956e+05 1.6718101543e-13 4.4872774106e-15 1.3088531097e+07 2.4974257874e+06 9.1697221808e-18 8.6701734037e-19 -7.6419711682e+03 -5.7224689656e+02 -4.6638708734e+09 -1.0195174066e+07 3.1372893593e+05 9.4993471908e+01 0.0000000000e+00 -0.0000000000e+00
1.5317663303e+05 1.6806677191e-13 4.5724749328e-15 1.2352270785e+07 2.4410731519e+06 9.4849462446e-18 9.2823816069e-19 -7.8634438869e+03 -6.1525992468e+02 -4.6638693237e+09 -1.0195174066e+07 3.1372893593e+05 8.7494333129e+01 0.0000000000e+00 -0.0000000000e+00
1.5326412736e+05 1.6891059334e-13 4.6564782255e-15 1.1654468251e+07 2.3852827801e+06 9.8097237311e-18 9.9356446202e-19 -8.0916287280e+03 -6.6115741544e+02 -4.6638676618e+09 -1.0195174066e+07 3.1372893593e+05 8.0560829255e+01 0.0000000000e+00 -0.0000000000e+00
1.5334468819e+05 1.6971409768e-13 4.7392590856e-15 1.0993308297e+07 2.3300953644e+06 1.0144313554e-17 1.0632624184e-18 -8.3267076010e+03 -7.1012637962e+02 -4.6638658805e+09 -1.0195174066e+07 3.1372893593e+05 7.4153894640e+01 7.9200399839e-288 -5.6259160917e-280
1.5341884209e+05 1.7047887732e-13 4.8207930983e-15 1.0367040547e+07 2.2755474937e+06 1.0488980258e-17 1.1376153366e-18 -8.5688663722e+03 -7.6236586521e+02 -4.6638639720e+09 -1.0195174066e+07 3.1372893593e+05 6.8236667131e+01 2.2163081362e-250 -1.6206323574e-242
1.5348707875e+05 1.7120649508e-13 4.9010594430e-15 9.7739796112e+06 2.2216718709e+06 1.0843993862e-17 1.2169247632e-18 -8.8182947542e+03 -8.1808773525e+02 -4.6638619283e+09 -1.0195174066e+07 3.1372893593e+05 6.2774437417e+01 6.3635981855e-215 -4.7903493249e-207
1.5354985319e+05 1.7189848086e-13 4.9800407038e-15 9.2125048585e+06 2.1684975260e+06 1.1209629673e-17 1.3015116645e-18 -9.0751861735e+03 -8.7751749700e+02 -4.6638597406e+09 -1.0195174066e+07 3.1372893593e+05 5.7734586412e+01 2.3449758658e-181 -1.8173295502e-173
1.5360758778e+05 1.7255632887e-13 5.0577226833e-15 8.6810598629e+06 2.1160500235e+06 1.1586168060e-17 1.3917176858e-18 -9.3397376139e+03 -9.4089518631e+02 -4.6638573997e+09 -1.0195174066e+07 3.1372893593e+05 5.3086513193e+01 1.3749121499e-149 -1.0970368585e-141
1.5366067429e+05 1.7318149536e-13 5.1340942212e-15 8.1781515673e+06 2.0643516648e+06 1.1973894191e-17 1.4879064933e-18 -9.6121494319e+03 -1.0084763108e+03 -4.6638548960e+09 -1.0195174066e+07 3.1372893593e+05 4.8801556239e+01 1.5763242314e-119 -1.2949773994e-111
1.5370947585e+05 1.7377539683e-13 5.2091470180e-15 7.7023492185e+06 2.0134216833e+06 1.2373097726e-17 1.5904652066e-18 -9.8926251396e+03 -1.0805328562e+03 -4.6638522189e+09 -1.0195174066e+07 3.1372893593e+05 4.4852910074e+01 4.3056894463e-91 -3.6420716868e-83
1.5375432876e+05 1.7433940867e-13 5.2828754646e-15 7.2522831107e+06 1.9632764331e+06 1.2784072459e-17 1.6998059271e-18 -1.0181371152e+04 -1.1573543601e+03 -4.6638493574e+09 -1.0195174066e+07 3.1372893593e+05 4.1215539103e+01 3.3852757656e-64 -2.9485411169e-56
1.5379554430e+05 1.7487486410e-13 5.3552764763e-15 6.8266431732e+06 1.9139295702e+06 1.3207115895e-17 1.8163673693e-18 -1.0478596493e+04 -1.2392490580e+03 -4.6638463000e+09 -1.0195174066e+07 3.1372893593e+05 3.7866090061e+01 9.1800995655e-39 -8.2335197926e-31
1.5383341039e+05 1.7538305356e-13 5.4263493346e-15 6.4241774338e+06 1.8653922264e+06 1.3642528771e-17 1.9406166021e-18 -1.0784512457e+04 -1.3265451073e+03 -4.6638430340e+09 -1.0195174066e+07 3.1372893593e+05 3.4782804075e+01 1.0206177597e-14 -9.4263470486e-07
1.5383688867e+05 1.7543058001e-13 5.4331208295e-15 6.3866139453e+06 1.8607630346e+06 1.3685105810e-17 1.9530006467e-18 -1.0814426584e+04 -1.3352459913e+03 -4.6638430340e+09 -1.0195174066e+07 3.1372893593e+05 1.7391402038e+01 1.7907217754e-12 -1.6585779133e-04
1.5384181769e+05 1.7549818452e-13 5.4427910758e-15 6.3332037832e+06 1.8541507601e+06 1.3746248605e-17 1.9708580105e-18 -1.0857384792e+04 -1.3477923650e+03 -4.6638430340e+09 -1.0195174065e+07 3.1372893593e+05 2.4645119638e+01 2.7789791321e-09 -2.5843427109e-01
1.5384428220e+05 1.7553210038e-13 5.4476594331e-15 6.3064188823e+06 1.8508212729e+06 1.3777182262e-17 1.9799254185e-18 -1.0879118415e+04 -1.3541630192e+03 -4.6638430408e+09 -1.0195174065e+07 3.1372893601e+05 1.2322559819e+01 1.1067890198e-07 -1.0313737728e+01
1.5384614918e+05 1.7555784403e-13 5.4513623648e-15 6.2860923890e+06 1.8482885453e+06 1.3800779412e-17 1.9868572030e-18 -1.0895697494e+04 -1.3590332093e+03 -4.6638431469e+09 -1.0195174055e+07 3.1372893720e+05 9.3348705873e+00 1.8130060608e-06 -1.6920981716e+02
1.5384828190e+05 1.7558730621e-13 5.4556082901e-15 6.2628345459e+06 1.8453841256e+06 1.3827910117e-17 1.9948429166e-18 -1.0914759181e+04 -1.3646438742e+03 -4.6638458075e+09 -1.0195173815e+07 3.1372896721e+05 9.0004060838e+00 4.4447604755e-05 -4.1557517989e+03
1.5384948767e+05 1.7560398877e-13 5.4580163497e-15 6.2496673346e+06 1.8437367553e+06 1.3843332108e-17 1.9993898588e-18 -1.0925594340e+04 -1.3678384835e+03 -4.6638599774e+09 -1.0195172538e+07 3.1372912706e+05 5.5250121546e+00 2.7193682610e-04 -2.5451254073e+04
1.5385124255e+05 1.7562830189e-13 5.4615308687e-15 6.2304803730e+06 1.8413322671e+06 1.3865885740e-17 2.0060493790e-18 -1.0941437921e+04 -1.3725170914e+03 -4.6640804168e+09 -1.0195152694e+07 3.1373161487e+05 3.5111518444e+00 3.8080880900e-03 -3.5693626587e+05
1.5385276263e+05 1.7564939401e-13 5.4645846271e-15 6.2138380838e+06 1.8392428392e+06 1.3885526539e-17 2.0118584161e-18 -1.0955215060e+04 -1.3765956574e+03 -4.6661846821e+09 -1.0194963520e+07 3.1375537262e+05 2.1507297467e+00 3.7576757359e-02 -3.5266390620e+06
1.5385398504e+05 1.7566637750e-13 5.4670468123e-15 6.2004395692e+06 1.8375580661e+06 1.3901392406e-17 2.0165574951e-18 -1.0966230771e+04 -1.3798806415e+03 -4.6786279363e+09 -1.0193846105e+07 3.1389590836e+05 1.4271696602e+00 2.3732078160e-01 -2.2295811018e+07
1.5385493910e+05 1.7567964625e-13 5.4689724951e-15 6.1899730965e+06 1.8362403597e+06 1.3913819786e-17 2.0202422561e-18 -1.0974459767e+04 -1.3824062603e+03 -4.7262167353e+09 -1.0189576252e+07 3.1443354107e+05 1.0301719191e+00 1.0012919102e+00 -9.4141538231e+07
1.5385570218e+05 1.7569026737e-13 5.4705152226e-15 6.1815965138e+06 1.8351847409e+06 1.3923787591e-17 2.0232003331e-18 -1.0980038675e+04 -1.3843050585e+03 -4.8612374202e+09 -1.0177469245e+07 3.1595939269e+05 7.9623785152e-01 3.1685599342e+00 -2.9806370590e+08
1.5385633194e+05 1.7569903867e-13 5.4717901330e-15 6.1746807304e+06 1.8343125241e+06 1.3932032934e-17 2.0256489890e-18 -1.0982525707e+04 -1.3856084739e+03 -5.1747489200e+09 -1.0149367829e+07 3.1950373394e+05 6.4642574307e-01 8.1987198777e+00 -7.7142984524e+08
1.5385686664e+05 1.7570648998e-13 5.4728738010e-15 6.1688086259e+06 1.8335714459e+06 1.3939047096e-17 2.0277332568e-18 -1.0980765590e+04 -1.3862287516e+03 -5.8090139195e+09 -1.0092518254e+07 3.2667862066e+05 5.4398202467e-01 1.8365954915e+01 -1.7278197469e+09
1.5385733181e+05 1.7571297543e-13 5.4738174658e-15 6.1637022209e+06 1.8329266348e+06 1.3945159306e-17 2.0295504380e-18 -1.0972781495e+04 -1.3859549719e+03 -6.9729205576e+09 -9.9881513378e+06 3.3985795496e+05 4.7069809613e-01 3.6990995751e+01 -3.4775122090e+09
1.5385774543e+05 1.7571874451e-13 5.4746572560e-15 6.1591668105e+06 1.8323536389e+06 1.3950602018e-17 2.0311693035e-18 -1.0955570095e+04 -1.3844347291e+03 -8.9646515789e+09 -9.8093505550e+06 3.6244788324e+05 4.1700167400e-01 6.8765931401e+01 -6.4545719191e+09
1.5385816243e+05 1.7572456308e-13 5.4755045978e-15 6.1546048931e+06 1.8317770204e+06 1.3956096818e-17 2.0328043565e-18 -1.0919990013e+04 -1.3805981432e+03 -1.2690148367e+10 -9.4741049129e+06 4.0482339966e+05 3.7582280863e-01 1.2787036929e+02 -1.1963398159e+10
1.5385853825e+05 1.7572980903e-13 5.4762688494e-15 6.1505111262e+06 1.8312593397e+06 1.3961055487e-17 2.0342804736e-18 -1.0859811006e+04 -1.3735845378e+03 -1.8677376782e+10 -8.9329701801e+06 4.7325441674e+05 3.4803154081e-01 2.2195036564e+02 -2.0651114218e+10
1.5385888628e+05 1.7573466872e-13 5.4769770813e-15 6.1467468889e+06 1.8307831306e+06 1.3965652933e-17 2.0356495631e-18 -1.0763528814e+04 -1.3619570495e+03 -2.7968959475e+10 -8.0871156001e+06 5.8026427066e+05 3.3949765008e-01 3.6571473020e+02 -3.3726032468e+10
1.5385922578e+05 1.7573941078e-13 5.4776684066e-15 6.1431168131e+06 1.8303237098e+06 1.3970142668e-17 2.0369870399e-18 -1.0609167010e+04 -1.3429612352e+03 -4.2506130050e+10 -6.7482275658e+06 7.4971610291e+05 3.8702219182e-01 5.8507504714e+02 -5.3181884172e+10
1.5385953633e+05 1.7574374985e-13 5.4783011831e-15 6.1398539619e+06 1.8299106055e+06 1.3974253869e-17 2.0382121481e-18 -1.0389151500e+04 -1.3156000970e+03 -6.2717785466e+10 -4.8535436378e+06 9.8960212415e+05 3.2466474939e-01 8.7843962175e+02 -7.8192554779e+10
1.5385978569e+05 1.7574723485e-13 5.4788095500e-15 6.1372931680e+06 1.8295862775e+06 1.3977557891e-17 2.0391969912e-18 -1.0137156187e+04 -1.2840822257e+03 -8.5259566392e+10 -2.6918518654e+06 1.2633855133e+06 2.5564876470e-01 1.1890316267e+03 -1.0327258538e+11
1.5386004134e+05 1.7575080863e-13 5.4793309973e-15 6.1347438562e+06 1.8292633025e+06 1.3980947895e-17 2.0402077054e-18 -9.7904062988e+03 -1.2405600949e+03 -1.1530304524e+11 2.7576728603e+05 1.6393596097e+06 2.3044713345e-01 1.5742986293e+03 -1.3205825541e+11
1.5386027178e+05 1.7575403085e-13 5.4798012624e-15 6.1325322566e+06 1.8289830248e+06 1.3984005920e-17 2.0411196452e-18 -9.3887913241e+03 -1.1900312284e+03 -1.4874317287e+11 3.7077570983e+06 2.0743010802e+06 2.3281993354e-01 1.9619045148e+03 -1.5782193215e+11
1.5386050460e+05 1.7575728697e-13 5.4802765831e-15 6.1304024415e+06 1.8287130277e+06 1.3987097468e-17 2.0420417697e-18 -8.8917490168e+03 -1.1273931909e+03 -1.8815173760e+11 7.9510794336e+06 2.6122313261e+06 3.3565921684e-01 2.3579036124e+03 -1.7963677653e+11
1.5386068229e+05 1.7575977249e-13 5.4806394882e-15 6.1288607670e+06 1.8285175325e+06 1.3989458221e-17 2.0427460393e-18 -8.4529189144e+03 -1.0720307278e+03 -2.2114448191e+11 1.1695233726e+07 3.0870181605e+06 1.9074270740e-01 2.6336770901e+03 -1.9074493575e+11
1.5386084537e+05 1.7576205410e-13 5.4809726767e-15 6.1275178465e+06 1.8283471974e+06 1.3991625896e-17 2.0433927961e-18 -8.0106210152e+03 -1.0161910426e+03 -2.5269829369e+11 1.5467711220e+07 3.5655179166e+06 1.6461631615e-01 2.8445866545e+03 -1.9524092723e+11
1.5386100999e+05 1.7576435753e-13 5.4813091063e-15 6.1262380444e+06 1.8281848262e+06 1.3993814830e-17 2.0440459766e-18 -7.5340538742e+03 -9.5599161815e+02 -2.8479269472e+11 1.9531604236e+07 4.0811138183e+06 1.5097127969e-01 2.9999641617e+03 -1.9365652576e+11
1.5386116096e+05 1.7576647035e-13 5.4816177437e-15 6.1251347951e+06 1.8280448177e+06 1.3995823050e-17 2.0446452985e-18 -7.0792438479e+03 -8.9851557366e+02 -3.1358332766e+11 2.3409482547e+07 4.5732393467e+06 1.4399228995e-01 3.0822593641e+03 -1.8695849268e+11
1.5386130495e+05 1.7576848578e-13 5.4819121981e-15 6.1241471627e+06 1.8279194486e+06 1.3997739042e-17 2.0452171528e-18 -6.6380914209e+03 -8.4274693107e+02 -3.3979609316e+11 2.7170720484e+07 5.0506879223e+06 1.4152035634e-01 3.1039875493e+03 -1.7654449182e+11
1.5386144647e+05 1.7577046687e-13 5.4822016777e-15 6.1232384188e+06 1.8278040622e+06 1.3999622685e-17 2.0457794017e-18 -6.2052225074e+03 -7.8801096892e+02 -3.6387817750e+11 3.0861355362e+07 5.5193013511e+06 1.4262536069e-01 3.0731187280e+03 -1.6339154890e+11
1.5386158910e+05 1.7577246371e-13 5.4824934981e-15 6.1223840836e+06 1.8276955529e+06 1.4001521543e-17 2.0463462393e-18 -5.7767504249e+03 -7.3381937811e+02 -3.8611842809e+11 3.4514708045e+07 5.9833150270e+06 1.4772673602e-01 2.9951383033e+03 -1.4825025598e+11
1.5386173682e+05 1.7577453225e-13 5.4827958416e-15 6.1215626164e+06 1.8275911851e+06 1.4003488820e-17 2.0469335469e-18 -5.3476685303e+03 -6.7954125588e+02 -4.0679874210e+11 3.8173652724e+07 6.4481864671e+06 1.5936478727e-01 2.8734471713e+03 -1.3166337357e+11
1.5386189619e+05 1.7577676409e-13 5.4831221012e-15 6.1207457995e+06 1.8274873703e+06 1.4005611608e-17 2.0475673297e-18 -4.9076183094e+03 -6.2386801517e+02 -4.2635416108e+11 4.1926756896e+07 6.9251939638e+06 1.9098797168e-01 2.7074731911e+03 -1.1385049852e+11
1.5386208718e+05 1.7577943923e-13 5.4835132345e-15 6.1198559764e+06 1.8273742257e+06 1.4008156289e-17 2.0483271339e-18 -4.4177061586e+03 -5.6188011259e+02 -4.4615654206e+11 4.6106207009e+07 7.4566286868e+06 2.0383154260e-01 2.4792688763e+03 -9.3847784807e+10
1.5386224720e+05 1.7578168099e-13 5.4838410584e-15 6.1191795741e+06 1.8272881753e+06 1.4010288862e-17 2.0489639357e-18 -4.0416242344e+03 -5.1429262456e+02 -4.5995102866e+11 4.9315639092e+07 7.8649253150e+06 1.6220408109e-01 2.2772639705e+03 -7.8863525021e+10
1.5386240940e+05 1.7578395369e-13 5.4841734611e-15 6.1185527067e+06 1.8272083866e+06 1.4012450973e-17 2.0496095969e-18 -3.6932328160e+03 -4.7020907073e+02 -4.7163999872e+11 5.2289878273e+07 8.2434914112e+06 1.5070996198e-01 2.0726772431e+03 -6.5591703171e+10
1.5386256011e+05 1.7578606566e-13 5.4844824029e-15 6.1180186457e+06 1.8271403741e+06 1.4014460225e-17 2.0502096434e-18 -3.3986178595e+03 -4.3293180422e+02 -4.8070702238e+11 5.4806104660e+07 8.5639316544e+06 1.4577684283e-01 1.8888698147e+03 -5.5007083711e+10
1.5386270589e+05 1.7578810878e-13 5.4847813183e-15 6.1175424147e+06 1.8270796930e+06 1.4016404008e-17 2.0507901653e-18 -3.1391407863e+03 -4.0010323277e+02 -4.8807230771e+11 5.7023268051e+07 8.8464413888e+06 1.4387490979e-01 1.7204723596e+03 -4.6278220674e+10
1.5386284976e+05 1.7579012553e-13 5.4850764167e-15 6.1171077972e+06 1.8270242821e+06 1.4018322696e-17 2.0513632170e-18 -2.9061521652e+03 -3.7062947125e+02 -4.9419084292e+11 5.9015129734e+07 9.1003906261e+06 1.4363600618e-01 1.5653416799e+03 -3.8980716939e+10
1.5386299340e+05 1.7579213920e-13 5.4853711074e-15 6.1167057923e+06 1.8269729972e+06 1.4020238441e-17 2.0519354121e-18 -2.6947933487e+03 -3.4389616276e+02 -4.9933645440e+11 6.0823120504e+07 9.3310408978e+06 1.4451018756e-01 1.4224091995e+03 -3.2845572091e+10
1.5386313791e+05 1.7579416541e-13 5.4856676746e-15 6.1163305375e+06 1.8269250927e+06 1.4022166073e-17 2.0525111787e-18 -2.5018222272e+03 -3.1949341492e+02 -5.0369817475e+11 6.2474886856e+07 9.5419027321e+06 1.4621951132e-01 1.2908996441e+03 -2.7674552535e+10
1.5386328413e+05 1.7579621586e-13 5.4859678344e-15 6.1159778730e+06 1.8268800392e+06 1.4024116721e-17 2.0530938398e-18 -2.3248644660e+03 -2.9712108472e+02 -5.0741598137e+11 6.3990677099e+07 9.7355471914e+06 1.4860561769e-01 1.1701296403e+03 -2.3311413354e+10
1.5386343273e+05 1.7579830007e-13 5.4862729797e-15 6.1156446828e+06 1.8268374397e+06 1.4026099409e-17 2.0536860900e-18 -2.1620759138e+03 -2.7654607938e+02 -5.1059800257e+11 6.5386220401e+07 9.9139716547e+06 1.5157190568e-01 1.0594462659e+03 -1.9628750755e+10
1.5386358431e+05 1.7580042619e-13 5.4865843066e-15 6.1153285414e+06 1.8267969849e+06 1.4028121871e-17 2.0542902399e-18 -2.0119651351e+03 -2.5757991238e+02 -5.1333012777e+11 6.6674240167e+07 1.0078792057e+07 1.5505241743e-01 9.5820943636e+02 -1.6520760862e+10
1.5386373936e+05 1.7580260144e-13 5.4869028772e-15 6.1150275156e+06 1.8267584276e+06 1.4030190970e-17 2.0549083385e-18 -1.8732943231e+03 -2.4006617264e+02 -5.1568185829e+11 6.7865298724e+07 1.0231350130e+07 1.5900291892e-01 8.6579229190e+02 -1.3898754336e+10
1.5386389836e+05 1.7580483245e-13 5.4872296640e-15 6.1147400309e+06 1.8267215661e+06 1.4032312975e-17 2.0555422594e-18 -1.7450129750e+03 -2.2387213751e+02 -5.1771026469e+11 6.8968362800e+07 1.0372785205e+07 1.6340519215e-01 7.8158270563e+02 -1.1687926034e+10
1.5386406177e+05 1.7580712559e-13 5.4875656035e-15 6.1144647627e+06 1.8266862304e+06 1.4034493919e-17 2.0561938045e-18 -1.6262057072e+03 -2.0888217665e+02 -5.1946284907e+11 6.9991249171e+07 1.0504090899e+07 1.6824320523e-01 7.0498125321e+02 -9.8248381721e+09
1.5386423001e+05 1.7580948698e-13 5.4879116006e-15 6.1142005921e+06 1.8266522763e+06 1.4036739619e-17 2.0568647120e-18 -1.5160705057e+03 -1.9499500195e+02 -5.2097937246e+11 7.0940809704e+07 1.0626138543e+07 1.7350804212e-01 6.3541055883e+02 -8.2557318669e+09
1.5386440352e+05 1.7581192267e-13 5.4882685432e-15 6.1139465626e+06 1.8266195799e+06 1.4039055776e-17 2.0575566854e-18 -1.4138973282e+03 -1.8212096250e+02 -5.2229333376e+11 7.1823113803e+07 1.0739700344e+07 1.7919583807e-01 5.7231849201e+02 -6.9350213534e+09
1.5386458271e+05 1.7581443863e-13 5.4886373128e-15 6.1137018477e+06 1.8265880337e+06 1.4041448041e-17 2.0582714133e-18 -1.3190523810e+03 -1.7018005694e+02 -5.2343310173e+11 7.2643582461e+07 1.0845466396e+07 1.8530645559e-01 5.1518059641e+02 -5.8240515089e+09
1.5386476802e+05 1.7581704083e-13 5.4890187923e-15 6.1134657269e+06 1.8265575434e+06 1.4043922063e-17 2.0590105842e-18 -1.2309661659e+03 -1.5910042241e+02 -5.2442280106e+11 7.3407090152e+07 1.0944057618e+07 1.9184256214e-01 4.6350167656e+02 -4.8900563469e+09
1.5386495986e+05 1.7581973529e-13 5.4894138715e-15 6.1132375676e+06 1.8265280256e+06 1.4046483530e-17 2.0597758975e-18 -1.1491241605e+03 -1.4881715618e+02 -5.2528301767e+11 7.4118044279e+07 1.1036035832e+07 1.9880890048e-01 4.1681663157e+02 -4.1052783124e+09
1.5386515867e+05 1.7582252812e-13 5.4898234522e-15 6.1130168102e+06 1.8264994058e+06 1.4049138193e-17 2.0605690722e-18 -1.0730594169e+03 -1.3927137975e+02 -5.2603136782e+11 7.4780448242e+07 1.1121911771e+07 2.0621174439e-01 3.7469067174e+02 -3.4462200021e+09
1.5386536488e+05 1.7582542550e-13 5.4902484505e-15 6.1128029572e+06 1.8264716170e+06 1.4051891886e-17 2.0613918525e-18 -1.0023465632e+03 -1.3040948001e+02 -5.2668296240e+11 7.5397952556e+07 1.1202151563e+07 2.1405840959e-01 3.3671902923e+02 -2.8930064513e+09
1.5386557894e+05 1.7582843374e-13 5.4906898002e-15 6.1125955631e+06 1.8264445988e+06 1.4054750545e-17 2.0622460121e-18 -9.3659687707e+02 -1.2218248582e+02 -5.2725078938e+11 7.5973896798e+07 1.1277182055e+07 2.2235687302e-01 3.0252628289e+02 -2.4288410562e+09
1.5386580130e+05 1.7583155924e-13 5.4911484534e-15 6.1123942278e+06 1.8264182957e+06 1.4057720211e-17 2.0631333572e-18 -8.7545416734e+02 -1.1454554642e+02 -5.2774603118e+11 7.6511344677e+07 1.1347395264e+07 2.3111539116e-01 2.7176538289e+02 -2.0395410647e+09
1.5386603241e+05 1.7583480855e-13 5.4916253819e-15 6.1121985898e+06 1.8263926570e+06 1.4060807037e-17 2.0640557268e-18 -8.1859129880e+02 -1.0745749086e+02 -5.2817832986e+11 7.7013113585e+07 1.1413152128e+07 2.4034218708e-01 2.4411646443e+02 -1.7131411902e+09
1.5386627276e+05 1.7583818834e-13 5.4921215768e-15 6.1120083215e+06 1.8263676359e+06 1.4064017287e-17 2.0650149935e-18 -7.6570721528e+02 -1.0088045029e+02 -5.2855600987e+11 7.7481799907e+07 1.1474785714e+07 2.5004508323e-01 2.1928551051e+02 -1.4395554852e+09
1.5386652280e+05 1.7584170540e-13 5.4926380485e-15 6.1118231242e+06 1.8263431886e+06 1.4067357329e-17 2.0660130611e-18 -7.1652437954e+02 -9.4779532435e+01 -5.2888626603e+11 7.7919800745e+07 1.1532603975e+07 2.6023124782e-01 1.9700292708e+02 -1.2102892504e+09
1.5386678303e+05 1.7584536661e-13 5.4931758248e-15 6.1116427252e+06 1.8263192743e+06 1.4070833630e-17 2.0670518625e-18 -6.7078653022e+02 -8.9122535940e+01 -5.2917532285e+11 7.8329332930e+07 1.1586892168e+07 2.7090685805e-01 1.7702206265e+02 -1.0181937086e+09
1.5386705394e+05 1.7584917899e-13 5.4937359498e-15 6.1114668740e+06 1.8262958544e+06 1.4074452737e-17 2.0681333555e-18 -6.2825672038e+02 -8.3879699941e+01 -5.2942856996e+11 7.8712449622e+07 1.1637914949e+07 2.8207685645e-01 1.5911771791e+02 -8.5725742182e+08
1.5386733602e+05 1.7585314960e-13 5.4943194812e-15 6.1112953395e+06 1.8262728921e+06 1.4078221266e-17 2.0692595178e-18 -5.8871557593e+02 -7.9023481056e+01 -5.2965067758e+11 7.9071055007e+07 1.1685918251e+07 2.9374466465e-01 1.4308466455e+02 -7.2242908624e+08
1.5386762976e+05 1.7585728558e-13 5.4949274874e-15 6.1111279082e+06 1.8262503526e+06 1.4082145880e-17 2.0704323411e-18 -5.5195975059e+02 -7.4528354848e+01 -5.2984569527e+11 7.9406917314e+07 1.1731130925e+07 3.0591197988e-01 1.2873619946e+02 -6.0946719685e+08
1.5386793567e+05 1.7586159410e-13 5.4955610443e-15 6.1109643812e+06 1.8262282021e+06 1.4086233263e-17 2.0716538242e-18 -5.1780053995e+02 -7.0370637057e+01 -5.3001713651e+11 7.9721680454e+07 1.1773766223e+07 3.1857857478e-01 1.1590274547e+02 -5.1481262379e+08
1.5386793567e+05 1.7586159410e-13 5.4955610443e-15 6.1109643812e+06 1.8262282021e+06 1.4086233263e-17 2.0716538242e-18 -5.1780053995e+02 -7.0370637057e+01 -5.3001713651e+11 7.9721680454e+07 1.1773766223e+07 3.1857857478e-01 1.1590274547e+02 -5.1481262379e+08
