0.0000000000e+00 0.0000000000e+00 0.0000000000e+00 3.1415900000e+08 0.0000000000e+00 0.0000000000e+00 0.0000000000e+00 -1.1513978803e+03 3.3805757074e+02 -4.6638893045e+09 -9.7868819829e+06 2.8734893513e+06 1.0000000000e+01 0.0000000000e+00 -0.0000000000e+00
1.0000000000e+01 2.8739997909e-22 1.0309079824e-27 3.1414748582e+08 3.3805757067e+03 5.7480698067e-23 3.0927806246e-28 -1.1514382656e+03 3.3805757053e+02 -4.6638893045e+09 -9.7868819829e+06 2.8734893513e+06 5.0000000000e+01 0.0000000000e+00 -0.0000000000e+00
6.0000000000e+01 1.0347663517e-20 2.2273735159e-25 3.1408990886e+08 2.0283454088e+04 3.4494740709e-22 1.1138092454e-26 -1.1516402363e+03 3.3805756292e+02 -4.6638893045e+09 -9.7868819829e+06 2.8734893513e+06 2.5000000000e+02 0.0000000000e+00 -0.0000000000e+00
3.1000000000e+02 2.7639405163e-19 3.0762513323e-23 3.1380187247e+08 1.0479782532e+05 1.7838637141e-21 2.9787112361e-25 -1.1526512020e+03 3.3805736146e+02 -4.6638893045e+09 -9.7868819829e+06 2.8734893513e+06 1.2500000000e+03 0.0000000000e+00 -0.0000000000e+00
1.5600000000e+03 7.0208001951e-18 3.9473791455e-21 3.1235788658e+08 5.2736703698e+05 9.0183033973e-21 7.6129861956e-24 -1.1577340342e+03 3.3805222195e+02 -4.6638893045e+09 -9.7868819829e+06 2.8734893513e+06 3.6000000000e+03 0.0000000000e+00 -0.0000000000e+00
5.1600000000e+03 7.7502666106e-17 1.4575568898e-19 3.0816333448e+08 1.7442746588e+06 3.0233742203e-20 8.5564249846e-23 -1.1726397519e+03 3.3799745431e+02 -4.6638893044e+09 -9.7868819829e+06 2.8734893513e+06 3.6000000000e+03 0.0000000000e+00 -0.0000000000e+00
8.7600000000e+03 2.2540911966e-16 7.2793687517e-19 3.0391438477e+08 2.9608728798e+06 5.2037072006e-20 2.5347846209e-22 -1.1879585149e+03 3.3787947976e+02 -4.6638893043e+09 -9.7868819829e+06 2.8734893513e+06 3.6000000000e+03 0.0000000000e+00 -0.0000000000e+00
1.2360000000e+04 4.5291315711e-16 2.0879063472e-18 2.9960951074e+08 4.1769246359e+06 7.4460131656e-20 5.1900764210e-22 -1.2037126928e+03 3.3769292208e+02 -4.6638893042e+09 -9.7868819829e+06 2.8734893513e+06 3.6000000000e+03 0.0000000000e+00 -0.0000000000e+00
1.5960000000e+04 7.6230686914e-16 4.5920311483e-18 2.9524710199e+08 5.3921725220e+06 9.7537287749e-20 8.9059983258e-22 -1.2199264312e+03 3.3743184578e+02 -4.6638893041e+09 -9.7868819829e+06 2.8734893513e+06 3.6000000000e+03 0.0000000000e+00 -0.0000000000e+00
1.9560000000e+04 1.1560110123e-15 8.6386749365e-18 2.9082545772e+08 6.6063366524e+06 1.2130570215e-19 1.3776011316e-21 -1.2366258395e+03 3.3708968440e+02 -4.6638893039e+09 -9.7868819829e+06 2.8734893513e+06 3.6000000000e+03 0.0000000000e+00 -0.0000000000e+00
2.3160000000e+04 1.6365856064e-15 1.4661637973e-17 2.8634277930e+08 7.8191122441e+06 1.4580563521e-19 1.9903735503e-21 -1.2538392043e+03 3.3665915770e+02 -4.6638893038e+09 -9.7868819829e+06 2.8734893513e+06 3.6000000000e+03 0.0000000000e+00 -0.0000000000e+00
2.6760000000e+04 2.2067416958e-15 2.3134054166e-17 2.8179716197e+08 9.0301668788e+06 1.7108079048e-19 2.7404316087e-21 -1.2715972310e+03 3.3613217574e+02 -4.6638893036e+09 -9.7868819829e+06 2.8734893513e+06 3.6000000000e+03 0.0000000000e+00 -0.0000000000e+00
3.0360000000e+04 2.8693544373e-15 3.4572818796e-17 2.7718658568e+08 1.0239137392e+07 1.9717870780e-19 3.6406012093e-21 -1.2899333207e+03 3.3549972716e+02 -4.6638893034e+09 -9.7868819829e+06 2.8734893513e+06 3.6000000000e+03 0.0000000000e+00 -0.0000000000e+00
3.3960000000e+04 3.6274777016e-15 4.9543634620e-17 2.7250890483e+08 1.1445626328e+07 2.2415121313e-19 4.7052051073e-21 -1.3088838856e+03 3.3475174899e+02 -4.6638893031e+09 -9.7868819829e+06 2.8734893513e+06 3.6000000000e+03 0.0000000000e+00 -0.0000000000e+00
3.7560000000e+04 4.4843604113e-15 6.8666781330e-17 2.6776183675e+08 1.2649197884e+07 2.5205493492e-19 5.9502802770e-21 -1.3284887123e+03 3.3387697382e+02 -4.6638893028e+09 -9.7868819829e+06 2.8734893513e+06 3.6000000000e+03 0.0000000000e+00 -0.0000000000e+00
4.1160000000e+04 5.4434648757e-15 9.2623734527e-17 2.6294294886e+08 1.3849373266e+07 2.8095189928e-19 7.3938337092e-21 -1.3487913795e+03 3.3286275017e+02 -4.6638893025e+09 -9.7868819829e+06 2.8734893513e+06 3.6000000000e+03 0.0000000000e+00 -0.0000000000e+00
4.4760000000e+04 6.5084874307e-15 1.2216478663e-16 2.5804964418e+08 1.5045625325e+07 3.1091021836e-19 9.0561447435e-21 -1.3698397420e+03 3.3169482999e+02 -4.6638893020e+09 -9.7868819829e+06 2.8734893513e+06 3.6000000000e+03 0.0000000000e+00 -0.0000000000e+00
4.8360000000e+04 7.6833817519e-15 1.5811785474e-16 2.5307914488e+08 1.6237372377e+07 3.4200489001e-19 1.0960124044e-20 -1.3916864925e+03 3.3035711653e+02 -4.6638893016e+09 -9.7868819829e+06 2.8734893513e+06 3.6000000000e+03 0.0000000000e+00 -0.0000000000e+00
5.1960000000e+04 8.9723852778e-15 2.0139870137e-16 2.4802847380e+08 1.7423971018e+07 3.7431873046e-19 1.3131741902e-20 -1.4143898166e+03 3.2883136337e+02 -4.6638893010e+09 -9.7868819829e+06 2.8734893513e+06 3.6000000000e+03 0.0000000000e+00 -0.0000000000e+00
5.5560000000e+04 1.0380049271e-14 2.5302284531e-16 2.4289443327e+08 1.8604707756e+07 4.0794346741e-19 1.5600541901e-20 -1.4380141612e+03 3.2709681354e+02 -4.6638893003e+09 -9.7868819829e+06 2.8734893513e+06 3.6000000000e+03 0.0000000000e+00 -0.0000000000e+00
5.9160000000e+04 1.1911273152e-14 3.1411950508e-16 2.3767358101e+08 1.9778789216e+07 4.4298102692e-19 1.8400260311e-20 -1.4626311383e+03 3.2512976432e+02 -4.6638892994e+09 -9.7868819829e+06 2.8734893513e+06 3.6000000000e+03 0.0000000000e+00 -0.0000000000e+00
6.2760000000e+04 1.3571343877e-14 3.8594800078e-16 2.3236220248e+08 2.0945330615e+07 4.7954505663e-19 2.1569577364e-20 -1.4883205954e+03 3.2290303945e+02 -4.6638892984e+09 -9.7868819829e+06 2.8734893513e+06 3.6000000000e+03 0.0000000000e+00 -0.0000000000e+00
6.6360000000e+04 1.5365981302e-14 4.6991714709e-16 2.2695627897e+08 2.2103342135e+07 5.1776273820e-19 2.5153034123e-20 -1.5151718889e+03 3.2038534489e+02 -4.6638892971e+09 -9.7868819829e+06 2.8734893513e+06 3.6000000000e+03 0.0000000000e+00 -0.0000000000e+00
6.9960000000e+04 1.7301390690e-14 5.6760830912e-16 2.2145145074e+08 2.3251712729e+07 5.5777695668e-19 2.9202158898e-20 -1.5432854080e+03 3.1754047746e+02 -4.6638892956e+09 -9.7868819829e+06 2.8734893513e+06 3.6000000000e+03 0.0000000000e+00 -0.0000000000e+00
7.3560000000e+04 1.9384323800e-14 6.8080297476e-16 2.1584297407e+08 2.4389190743e+07 5.9974891308e-19 3.3776860953e-20 -1.5727744108e+03 3.1432634561e+02 -4.6638892936e+09 -9.7868819829e+06 2.8734893513e+06 3.6000000000e+03 0.0000000000e+00 -0.0000000000e+00
7.7160000000e+04 2.1622150338e-14 8.1151593679e-16 2.1012567110e+08 2.5514360609e+07 6.4386129172e-19 3.8947168087e-20 -1.6037672491e+03 3.1069374865e+02 -4.6638892912e+09 -9.7868819829e+06 2.8734893513e+06 3.6000000000e+03 0.0000000000e+00 -0.0000000000e+00
8.0760000000e+04 2.4022942023e-14 9.6203549859e-16 2.0429387074e+08 2.6625614590e+07 6.9032212756e-19 4.4795410757e-20 -1.6364100857e+03 3.0658484215e+02 -4.6638892881e+09 -9.7868819829e+06 2.8734893513e+06 3.6000000000e+03 0.0000000000e+00 -0.0000000000e+00
8.4360000000e+04 2.6595572112e-14 1.1349725484e-15 1.9834133874e+08 2.7721118308e+07 7.3936956454e-19 5.1418991875e-20 -1.6708702379e+03 3.0193119198e+02 -4.6638892842e+09 -9.7868819829e+06 2.8734893513e+06 3.6000000000e+03 0.0000000000e+00 -0.0000000000e+00
8.7960000000e+04 2.9349834031e-14 1.3333209353e-15 1.9226119435e+08 2.8798768320e+07 7.9127775873e-19 5.8933933059e-20 -1.7073403245e+03 2.9665128272e+02 -4.6638892791e+09 -9.7868819829e+06 2.8734893513e+06 3.6000000000e+03 0.0000000000e+00 -0.0000000000e+00
9.1560000000e+04 3.2296583808e-14 1.5605323937e-15 1.8604581025e+08 2.9856139477e+07 8.4636426746e-19 6.7479462424e-20 -1.7460434574e+03 2.9064729432e+02 -4.6638892725e+09 -9.7868819829e+06 2.8734893513e+06 3.6000000000e+03 0.0000000000e+00 -0.0000000000e+00
9.5160000000e+04 3.5447912462e-14 1.8206103970e-15 1.7968669144e+08 3.0890418986e+07 9.0499938863e-19 7.7224017309e-20 -1.7872398037e+03 2.8380088470e+02 -4.6638892637e+09 -9.7868819829e+06 2.8734893513e+06 3.6000000000e+03 0.0000000000e+00 -0.0000000000e+00
9.8760000000e+04 3.8817356449e-14 2.1182289396e-15 1.7317432737e+08 3.1898322954e+07 9.6761809016e-19 8.8373196154e-20 -1.8312349667e+03 2.7596760281e+02 -4.6638892518e+09 -9.7868819829e+06 2.8734893513e+06 3.6000000000e+03 0.0000000000e+00 -0.0000000000e+00
1.0236000000e+05 4.2420157001e-14 2.4588845717e-15 1.6649800972e+08 3.2875989569e+07 1.0347354246e-18 1.0118043659e-19 -1.8783908163e+03 2.6696938635e+02 -4.6638892357e+09 -9.7868819829e+06 2.8734893513e+06 3.6000000000e+03 0.0000000000e+00 -0.0000000000e+00
1.0596000000e+05 4.6273583082e-14 2.8490934360e-15 1.5964560552e+08 3.3818840667e+07 1.1069667003e-18 1.1596157108e-19 -1.9291396608e+03 2.5658433516e+02 -4.6638892132e+09 -9.7868819829e+06 2.8734893513e+06 3.6000000000e+03 0.0000000000e+00 -0.0000000000e+00
1.0956000000e+05 5.0397338159e-14 3.2966501786e-15 1.5260327135e+08 3.4721399819e+07 1.1850542480e-18 1.3311500098e-19 -1.9840030532e+03 2.4453253711e+02 -4.6638891813e+09 -9.7868819829e+06 2.8734893513e+06 3.6000000000e+03 0.0000000000e+00 -0.0000000000e+00
1.1316000000e+05 5.4814079095e-14 3.8109734452e-15 1.4535508876e+08 3.5577049598e+07 1.2699034886e-18 1.5315018153e-19 -2.0436171314e+03 2.3045605497e+02 -4.6638891350e+09 -9.7868819829e+06 2.8734893513e+06 3.6000000000e+03 0.0000000000e+00 -0.0000000000e+00
1.1676000000e+05 5.9550087465e-14 4.4035749644e-15 1.3788259263e+08 3.6377701997e+07 1.3626323744e-18 1.7672868779e-19 -2.1087673556e+03 2.1389007387e+02 -4.6638890660e+09 -9.7868819829e+06 2.8734893513e+06 3.3504911060e+03 0.0000000000e+00 -0.0000000000e+00
1.2011049111e+05 6.4271635864e-14 5.0378915578e-15 1.3070753991e+08 3.7064697505e+07 1.4572367855e-18 2.0261960344e-19 -2.1752353019e+03 1.9569942113e+02 -4.6638889934e+09 -9.7868819829e+06 2.8734893513e+06 3.0191453453e+03 0.0000000000e+00 -0.0000000000e+00
1.2282760151e+05 6.8343159978e-14 5.6208598863e-15 1.2471845981e+08 3.7573650557e+07 1.5408223236e-18 2.2705981782e-19 -2.2339615176e+03 1.7852801403e+02 -4.6638889560e+09 -9.7868819829e+06 2.8734893513e+06 2.7349719481e+03 0.0000000000e+00 -0.0000000000e+00
1.2556257346e+05 7.2680419285e-14 6.2797616230e-15 1.1852211155e+08 3.8035291922e+07 1.6321779085e-18 2.5547716474e-19 -2.2981468768e+03 1.5856232041e+02 -4.6638889002e+09 -9.7868819829e+06 2.8734893513e+06 2.4724911173e+03 0.0000000000e+00 -0.0000000000e+00
1.2778513444e+05 7.6396259055e-14 6.8763990981e-15 1.1335235423e+08 3.8367455018e+07 1.7125530901e-18 2.8197472185e-19 -2.3546175337e+03 1.3994544852e+02 -4.6638888720e+09 -9.7868819829e+06 2.8734893513e+06 2.2385328183e+03 0.0000000000e+00 -0.0000000000e+00
1.3002366726e+05 8.0326345527e-14 7.5408827542e-15 1.0801367977e+08 3.8657349585e+07 1.7998938277e-18 3.1238301793e-19 -2.4159821085e+03 1.1858093744e+02 -4.6638888309e+09 -9.7868819829e+06 2.8734893513e+06 2.0170736969e+03 0.0000000000e+00 -0.0000000000e+00
1.3182608203e+05 8.3637890536e-14 8.1284252873e-15 1.0361173066e+08 3.8853869074e+07 1.8755109011e-18 3.4009065416e-19 -2.4691097746e+03 9.9113878195e+01 -4.6638888117e+09 -9.7868819829e+06 2.8734893513e+06 1.8182977455e+03 0.0000000000e+00 -0.0000000000e+00
1.3344791344e+05 8.6737904396e-14 8.7021600512e-15 9.9566324148e+07 3.8999042164e+07 1.9481061862e-18 3.6791778472e-19 -2.5201143679e+03 7.9562863646e+01 -4.6638887965e+09 -9.7868819829e+06 2.8734893513e+06 1.6380715173e+03 0.0000000000e+00 -0.0000000000e+00
1.3489375209e+05 8.9603783900e-14 9.2536550743e-15 9.5888055365e+07 3.9100344952e+07 2.0168805829e-18 3.9540743657e-19 -2.5684344499e+03 6.0248957659e+01 -4.6638887852e+09 -9.7868819829e+06 2.8734893513e+06 1.4644289528e+03 0.0000000000e+00 -0.0000000000e+00
1.3616162994e+05 9.2201021030e-14 9.7715272632e-15 9.2603435249e+07 3.9165109749e+07 2.0806724775e-18 4.2190224221e-19 -2.6132538845e+03 4.1634018922e+01 -4.6638887777e+09 -9.7868819829e+06 2.8734893513e+06 1.2918621080e+03 0.0000000000e+00 -0.0000000000e+00
1.3723421368e+05 9.4462913250e-14 1.0236960819e-14 8.9779285742e+07 3.9200696662e+07 2.1374239157e-18 4.4629212925e-19 -2.6531267774e+03 2.4497971227e+01 -4.6638887737e+09 -9.7868819829e+06 2.8734893513e+06 1.1115477865e+03 0.0000000000e+00 -0.0000000000e+00
1.3803492362e+05 9.6191945733e-14 1.0602048535e-14 8.7642552129e+07 3.9214876386e+07 2.1815910869e-18 4.6581520166e-19 -2.6841581123e+03 1.0781290238e+01 -4.6638887725e+09 -9.7868819829e+06 2.8734893513e+06 9.1571311048e+02 0.0000000000e+00 -0.0000000000e+00
1.3882937622e+05 9.7943060311e-14 1.0980212381e-14 8.5497508588e+07 3.9217753633e+07 2.2270432296e-18 4.8640769886e-19 -2.7160922529e+03 -3.6867560356e+00 -4.6638887712e+09 -9.7868819829e+06 2.8734893513e+06 7.3568070742e+02 0.0000000000e+00 -0.0000000000e+00
1.3956505693e+05 9.9597408307e-14 1.1345429685e-14 8.3488121942e+07 3.9209858684e+07 2.2706734214e-18 5.0665916774e-19 -2.7467463124e+03 -1.7915199817e+01 -4.6638887702e+09 -9.7868819829e+06 2.8734893513e+06 9.3990180700e+02 0.0000000000e+00 -0.0000000000e+00
1.4050495873e+05 1.0175868829e-13 1.1834485115e-14 8.0887431107e+07 3.9183995015e+07 2.3287206504e-18 5.3434855982e-19 -2.7875296126e+03 -3.7369440933e+01 -4.6638887659e+09 -9.7868819829e+06 2.8734893513e+06 1.0419469892e+03 0.0000000000e+00 -0.0000000000e+00
1.4154690572e+05 1.0422000550e-13 1.2408363363e-14 7.7958443032e+07 3.9133032977e+07 2.3963329356e-18 5.6769284913e-19 -2.8350332088e+03 -6.0796746317e+01 -4.6638887571e+09 -9.7868819829e+06 2.8734893513e+06 1.0935531075e+03 0.0000000000e+00 -0.0000000000e+00
1.4264045883e+05 1.0688113377e-13 1.3049817777e-14 7.4829650891e+07 3.9052038559e+07 2.4713275170e-18 6.0608151961e-19 -2.8877235194e+03 -8.7768174566e+01 -4.6638887425e+09 -9.7868819829e+06 2.8734893513e+06 1.1153929667e+03 0.0000000000e+00 -0.0000000000e+00
1.4375585180e+05 1.0968244776e-13 1.3749549995e-14 7.1577219541e+07 3.8937481972e+07 2.5525106353e-18 6.4934280188e-19 -2.9447618231e+03 -1.1816304253e+02 -4.6638887214e+09 -9.7868819829e+06 2.8734893513e+06 1.1176325271e+03 0.0000000000e+00 -0.0000000000e+00
1.4487348432e+05 1.1258310064e-13 1.4501707830e-14 6.8252415228e+07 3.8786848863e+07 2.6391252649e-18 6.9750714989e-19 -3.0056162429e+03 -1.5200274680e+02 -4.6638886930e+09 -9.7868819829e+06 2.8734893513e+06 1.1062496256e+03 0.0000000000e+00 -0.0000000000e+00
1.4597973395e+05 1.1555269168e-13 1.5302209341e-14 6.4892282023e+07 3.8598401980e+07 2.7306414104e-18 7.5072103591e-19 -3.0699144101e+03 -1.8939019707e+02 -4.6638886565e+09 -9.7868819829e+06 2.8734893513e+06 1.0851689796e+03 0.0000000000e+00 -0.0000000000e+00
1.4706490293e+05 1.1856740522e-13 1.6147992708e-14 6.1524718498e+07 3.8371014126e+07 2.8266589041e-18 8.0920963812e-19 -3.1373751716e+03 -2.3048360088e+02 -4.6638886113e+09 -9.7868819829e+06 2.8734893513e+06 1.0571525171e+03 0.0000000000e+00 -0.0000000000e+00
1.4812205545e+05 1.2160796367e-13 1.7036637340e-14 5.8171254731e+07 3.8104041274e+07 2.9268553346e-18 8.7325906600e-19 -3.2077720049e+03 -2.7548397540e+02 -4.6638885567e+09 -9.7868819829e+06 2.8734893513e+06 1.0242330277e+03 0.0000000000e+00 -0.0000000000e+00
1.4914628847e+05 1.2465843211e-13 1.7966157529e-14 5.4848731760e+07 3.7797221054e+07 3.0309548411e-18 9.4320772881e-19 -3.2809110934e+03 -3.2462908296e+02 -4.6638884920e+09 -9.7868819829e+06 2.8734893513e+06 9.8795108341e+02 0.0000000000e+00 -0.0000000000e+00
1.5013423956e+05 1.2770546624e-13 1.8934885416e-14 5.1570396641e+07 3.7450588580e+07 3.1387075157e-18 1.0194425611e-18 -3.3566168549e+03 -3.7819077927e+02 -4.6638884166e+09 -9.7868819829e+06 2.8734893513e+06 9.4949649548e+02 0.0000000000e+00 -0.0000000000e+00
1.5108373605e+05 1.3073781017e-13 1.9941404197e-14 4.8346659221e+07 3.7064404805e+07 3.2498745130e-18 1.1023981460e-18 -3.4347214794e+03 -4.3647439725e+02 -4.6638883299e+09 -9.7868819829e+06 2.8734893513e+06 9.0979897845e+02 0.0000000000e+00 -0.0000000000e+00
1.5199353503e+05 1.3374594340e-13 2.0984511666e-14 4.5185639585e+07 3.6639094202e+07 3.3642162788e-18 1.1925577835e-18 -3.5150566588e+03 -4.9981949785e+02 -4.6638882313e+09 -9.7868819829e+06 2.8734893513e+06 8.6958970800e+02 0.0000000000e+00 -0.0000000000e+00
1.5286312474e+05 1.3672182195e-13 2.2063203359e-14 4.2093578578e+07 3.6175189493e+07 3.4814823938e-18 1.2904560405e-18 -3.5974464516e+03 -5.6860166146e+02 -4.6638881203e+09 -9.7868819829e+06 2.8734893513e+06 8.2944513190e+02 0.0000000000e+00 -0.0000000000e+00
1.5369256987e+05 1.3965868115e-13 2.3176669334e-14 3.9075154489e+07 3.5673281605e+07 3.6014020639e-18 1.3966825798e-18 -3.6817006010e+03 -6.4323517827e+02 -4.6638879964e+09 -9.7868819829e+06 2.8734893513e+06 7.8981939238e+02 0.0000000000e+00 -0.0000000000e+00
1.5448238926e+05 1.4255088082e-13 2.4324301319e-14 3.6133732654e+07 3.5133973299e+07 3.7236745547e-18 1.5118872289e-18 -3.7676078146e+03 -7.2417660940e+02 -4.6638878592e+09 -9.7868819829e+06 2.8734893513e+06 7.5106910270e+02 0.0000000000e+00 -0.0000000000e+00
1.5523345837e+05 1.4539378066e-13 2.5505708644e-14 3.3271565302e+07 3.4557835008e+07 3.8479589803e-18 1.6367863645e-18 -3.8549285898e+03 -8.1192927263e+02 -4.6638877083e+09 -9.7868819829e+06 2.8734893513e+06 7.1347281608e+02 0.0000000000e+00 -0.0000000000e+00
1.5594693118e+05 1.4818363814e-13 2.6720742503e-14 3.0489953168e+07 3.3945361400e+07 3.9738628759e-18 1.7721707926e-18 -3.9433871856e+03 -9.0704877910e+02 -4.6638875435e+09 -9.7868819829e+06 2.8734893513e+06 6.7724670120e+02 0.0000000000e+00 -0.0000000000e+00
1.5662417788e+05 1.5091752409e-13 2.7969529086e-14 2.7789376646e+07 3.3296927012e+07 4.1009289298e-18 1.9189154140e-18 -4.0326623002e+03 -1.0101498237e+03 -4.6638873649e+09 -9.7868819829e+06 2.8734893513e+06 6.4255746701e+02 0.0000000000e+00 -0.0000000000e+00
1.5726673535e+05 1.5359325280e-13 2.9252512997e-14 2.5169601833e+07 3.2612739027e+07 4.2286191176e-18 2.0779910906e-18 -4.1223759239e+03 -1.1219145226e+03 -4.6638871726e+09 -9.7868819829e+06 2.8734893513e+06 6.0953329300e+02 0.0000000000e+00 -0.0000000000e+00
1.5787626864e+05 1.5620932497e-13 3.0570513452e-14 2.2629764962e+07 3.1892784758e+07 4.3562952571e-18 2.2504793030e-18 -4.2120796774e+03 -1.2431027113e+03 -4.6638869671e+09 -9.7868819829e+06 2.8734893513e+06 5.7827335601e+02 0.0000000000e+00 -0.0000000000e+00
1.5845454200e+05 1.5876488273e-13 3.1924797084e-14 2.0168437423e+07 3.1136770696e+07 4.4831946579e-18 2.4375904176e-18 -4.3012377035e+03 -1.3745647791e+03 -4.6638867492e+09 -9.7868819829e+06 2.8734893513e+06 5.4885645768e+02 0.0000000000e+00 -0.0000000000e+00
1.5900339846e+05 1.6125967672e-13 3.3317173033e-14 1.7783672355e+07 3.0344048816e+07 4.6083989979e-18 2.6406867076e-18 -4.3892047998e+03 -1.5172578431e+03 -4.6638865204e+09 -9.7868819829e+06 2.8734893513e+06 5.2134923399e+02 0.0000000000e+00 -0.0000000000e+00
1.5952474769e+05 1.6369404601e-13 3.4750118670e-14 1.5473032732e+07 2.9513524125e+07 4.7307937228e-18 2.8613117380e-18 -4.4751978936e+03 -1.6722663939e+03 -4.6638862825e+09 -9.7868819829e+06 2.8734893513e+06 4.9581446576e+02 0.0000000000e+00 -0.0000000000e+00
1.6002056216e+05 1.6606891251e-13 3.6226948338e-14 1.3233599742e+07 2.8643534809e+07 4.8490139472e-18 3.1012283845e-18 -4.5582580325e+03 -1.8408290071e+03 -4.6638860386e+09 -9.7868819829e+06 2.8734893513e+06 4.7232009323e+02 0.0000000000e+00 -0.0000000000e+00
1.6049288225e+05 1.6838579205e-13 3.7752043477e-14 1.1061959082e+07 2.7731692290e+07 4.9613707050e-18 3.3624686949e-18 -4.6371985686e+03 -2.0243733758e+03 -4.6638857927e+09 -9.7868819829e+06 2.8734893513e+06 4.5094967396e+02 0.0000000000e+00 -0.0000000000e+00
1.6094383192e+05 1.7064682439e-13 3.9331171658e-14 8.9541618629e+06 2.6774662359e+07 5.0657478774e-18 3.6474000544e-18 -4.7105327419e+03 -2.2245627969e+03 -4.6638855503e+09 -9.7868819829e+06 2.8734893513e+06 4.3181512527e+02 0.0000000000e+00 -0.0000000000e+00
1.6137564705e+05 1.7285482297e-13 4.0971935512e-14 6.9056570126e+06 2.5767859351e+07 5.1594541866e-18 3.9588135578e-18 -4.7763696924e+03 -2.4433582607e+03 -4.6638853189e+09 -9.7868819829e+06 2.8734893513e+06 4.1507233482e+02 0.0000000000e+00 -0.0000000000e+00
1.6179071939e+05 1.7501333740e-13 4.2684410472e-14 4.9111967646e+06 2.4705012936e+07 5.2390044167e-18 4.3000412172e-18 -4.8322607482e+03 -2.6831007998e+03 -4.6638851082e+09 -9.7868819829e+06 2.8734893513e+06 3.8728042330e+02 0.0000000000e+00 -0.0000000000e+00
1.6211657640e+05 1.7672914351e-13 4.4133820129e-14 3.3305005000e+06 2.3796833193e+07 5.2899636167e-18 4.6011612852e-18 -4.8680640826e+03 -2.8946642169e+03 -4.6638850424e+09 -9.7868819829e+06 2.8734893513e+06 3.3380320298e+02 0.0000000000e+00 -0.0000000000e+00
1.6239194844e+05 1.7819049488e-13 4.5438854794e-14 1.9867094419e+06 2.2973022794e+07 5.3216583809e-18 4.8813038384e-18 -4.8903324510e+03 -3.0914890790e+03 -4.6638850147e+09 -9.7868819829e+06 2.8734893513e+06 2.8540077833e+02 0.0000000000e+00 -0.0000000000e+00
1.6260593023e+05 1.7933101942e-13 4.6508266593e-14 9.3901213647e+05 2.2294004808e+07 5.3367893718e-18 5.1167385689e-18 -4.9009633072e+03 -3.2569027509e+03 -4.6638850072e+09 -9.7868819829e+06 2.8734893513e+06 2.3616390708e+02 0.0000000000e+00 -0.0000000000e+00
1.6275296927e+05 1.8011612894e-13 4.7273127133e-14 2.1810298855e+05 2.1806330453e+07 5.3412539904e-18 5.2880991629e-18 -4.9041000957e+03 -3.3772986882e+03 -4.6638850060e+09 -9.7868819829e+06 2.8734893513e+06 1.7187446167e+02 0.0000000000e+00 -0.0000000000e+00
1.6292484373e+05 1.8103409871e-13 4.8199957467e-14 -6.2474766667e+05 2.1213253827e+07 5.3392061629e-18 5.4987654116e-18 -4.9026613162e+03 -3.5253103161e+03 -4.6638850036e+09 -9.7868819829e+06 2.8734893513e+06 2.0793696403e+02 0.0000000000e+00 -0.0000000000e+00
1.6313278069e+05 1.8214302987e-13 4.9371165695e-14 -1.6432878363e+06 2.0460671370e+07 5.3243765306e-18 5.7691458716e-18 -4.8922421910e+03 -3.7152764463e+03 -4.6638849977e+09 -9.7868819829e+06 2.8734893513e+06 2.4745843182e+02 0.0000000000e+00 -0.0000000000e+00
1.6338023913e+05 1.8345629533e-13 5.0840912648e-14 -2.8508958103e+06 1.9511699648e+07 5.2854007264e-18 6.1137825433e-18 -4.8648582495e+03 -3.9574141173e+03 -4.6638849811e+09 -9.7868819829e+06 2.8734893513e+06 2.7237650598e+02 0.0000000000e+00 -0.0000000000e+00
1.6365261563e+05 1.8488643720e-13 5.2561100679e-14 -4.1693103904e+06 1.8395194715e+07 5.2093904962e-18 6.5222409908e-18 -4.8114543560e+03 -4.2443922172e+03 -4.6638849297e+09 -9.7868819829e+06 2.8734893513e+06 2.9506810617e+02 0.0000000000e+00 -0.0000000000e+00
1.6394768374e+05 1.8640558976e-13 5.4554990442e-14 -5.5763899048e+06 1.7094061232e+07 5.0781473915e-18 6.9981043862e-18 -4.7192444947e+03 -4.5787282404e+03 -4.6638847405e+09 -9.7868819829e+06 2.8734893513e+06 3.3121266632e+02 0.0000000000e+00 -0.0000000000e+00
1.6427889640e+05 1.8805305069e-13 5.6966382391e-14 -7.1152341313e+06 1.5511814567e+07 4.8551186166e-18 7.5685534142e-18 -4.5625471013e+03 -4.9795190163e+03 -4.6638838972e+09 -9.7868819829e+06 2.8734893513e+06 3.2902494444e+02 0.0000000000e+00 -0.0000000000e+00
1.6457489088e+05 1.8945053170e-13 5.9285105727e-14 -8.4378952608e+06 1.3982770004e+07 4.5733420319e-18 8.1013024560e-18 -4.3645741879e+03 -5.3538222254e+03 -4.6638828189e+09 -9.7868819829e+06 2.8734893513e+06 2.9599252207e+02 0.0000000000e+00 -0.0000000000e+00
1.6487088340e+05 1.9075145090e-13 6.1762922091e-14 -9.6927109437e+06 1.2341947890e+07 4.2008855698e-18 8.6406743266e-18 -4.1028906595e+03 -5.7327785561e+03 -4.6638809142e+09 -9.7868819829e+06 2.8734893513e+06 2.6948085076e+02 0.0000000000e+00 -0.0000000000e+00
1.6514036425e+05 1.9182809600e-13 6.4156471278e-14 -1.0759428804e+07 1.0751368432e+07 3.7756101734e-18 9.1199626473e-18 -3.8040971692e+03 -6.0695208916e+03 -4.6638791630e+09 -9.7868819829e+06 2.8734893513e+06 2.4786660715e+02 0.0000000000e+00 -0.0000000000e+00
1.6538823086e+05 1.9270774164e-13 6.6468977071e-14 -1.1662850570e+07 9.2104222515e+06 3.3104869313e-18 9.5334812671e-18 -3.4773070514e+03 -6.3600542089e+03 -4.6638777953e+09 -9.7868819829e+06 2.8734893513e+06 2.3804889884e+02 0.0000000000e+00 -0.0000000000e+00
1.6562627976e+05 1.9343629364e-13 6.8781772405e-14 -1.2448811631e+07 7.6659536914e+06 2.8008409950e-18 9.8898333702e-18 -3.1192358123e+03 -6.6104230042e+03 -4.6638767441e+09 -9.7868819829e+06 2.8734893513e+06 2.1625351603e+02 0.0000000000e+00 -0.0000000000e+00
1.6582056351e+05 1.9393669975e-13 7.0728229068e-14 -1.3024088979e+07 6.3640752338e+06 2.3450812122e-18 1.0140734537e-17 -2.7990243508e+03 -6.7867032123e+03 -4.6638764658e+09 -9.7868819829e+06 2.8734893513e+06 1.9552182811e+02 0.0000000000e+00 -0.0000000000e+00
1.6601608534e+05 1.9434797905e-13 7.2732139693e-14 -1.3538172397e+07 5.0222488386e+06 1.8578248651e-18 1.0349548951e-17 -2.4566837738e+03 -6.9334137626e+03 -4.6638763544e+09 -9.7868819829e+06 2.8734893513e+06 1.8200451161e+02 0.0000000000e+00 -0.0000000000e+00
1.6619808985e+05 1.9464339896e-13 7.4630164147e-14 -1.3955290560e+07 3.7502471897e+06 1.3862591422e-18 1.0500023047e-17 -2.1253672447e+03 -7.0391350927e+03 -4.6638764156e+09 -9.7868819829e+06 2.8734893513e+06 1.6989771550e+02 0.0000000000e+00 -0.0000000000e+00
1.6636798757e+05 1.9484087700e-13 7.6423155106e-14 -1.4289656174e+07 2.5479480454e+06 9.3764228479e-19 1.0600103055e-17 -1.8101743185e+03 -7.1094501283e+03 -4.6638765476e+09 -9.7868819829e+06 2.8734893513e+06 1.5668958818e+02 0.0000000000e+00 -0.0000000000e+00
1.6652467716e+05 1.9495526157e-13 7.8089006892e-14 -1.4550433489e+07 1.4305102801e+06 5.2262585054e-19 1.0657414237e-17 -1.5185886544e+03 -7.1497162907e+03 -4.6638766791e+09 -9.7868819829e+06 2.8734893513e+06 1.4105283843e+02 0.0000000000e+00 -0.0000000000e+00
1.6663742377e+05 1.9499744693e-13 7.9291926682e-14 -1.4709888647e+07 6.2346783503e+05 2.2619297216e-19 1.0678251806e-17 -1.3103184015e+03 -7.1643565217e+03 -4.6638767085e+09 -9.7868819829e+06 2.8734893513e+06 1.2179339690e+02 0.0000000000e+00 -0.0000000000e+00
1.6669844112e+05 1.9500639341e-13 7.9943642739e-14 -1.4786429573e+07 1.8620717568e+05 6.7260640307e-20 1.0682619679e-17 -1.1986544149e+03 -7.1674253380e+03 -4.6638767099e+09 -9.7868819829e+06 2.8734893513e+06 9.7420137760e+01 0.0000000000e+00 -0.0000000000e+00
1.6679586125e+05 1.9500069797e-13 8.0984307298e-14 -1.4894597363e+07 -5.1201788528e+05 -1.8351257499e-19 1.0679889892e-17 -1.0224641041e+03 -7.1655074214e+03 -4.6638767252e+09 -9.7868819829e+06 2.8734893513e+06 1.2128879966e+02 0.0000000000e+00 -0.0000000000e+00
1.6691715005e+05 1.9495981496e-13 8.2278660515e-14 -1.5005525111e+07 -1.3804126308e+06 -4.8932014986e-19 1.0660583444e-17 -8.0760729976e+02 -7.1519429382e+03 -4.6638767714e+09 -9.7868819829e+06 2.8734893513e+06 1.5224411140e+02 0.0000000000e+00 -0.0000000000e+00
1.6706939417e+05 1.9485685208e-13 8.3898378467e-14 -1.5108478152e+07 -2.4669401341e+06 -8.6077477803e-19 1.0613231012e-17 -5.4662764806e+02 -7.1186736767e+03 -4.6638769091e+09 -9.7868819829e+06 2.8734893513e+06 1.5305138232e+02 0.0000000000e+00 -0.0000000000e+00
1.6722244555e+05 1.9469756217e-13 8.5517603183e-14 -1.5172785974e+07 -3.5528481912e+06 -1.2178255358e-18 1.0542363313e-17 -2.9576798627e+02 -7.0688828651e+03 -4.6638770342e+09 -9.7868819829e+06 2.8734893513e+06 1.4376793957e+02 0.0000000000e+00 -0.0000000000e+00
1.6733817624e+05 1.9454159662e-13 8.6733894502e-14 -1.5196458488e+07 -4.3682765255e+06 -1.4756823223e-18 1.0475157291e-17 -1.1460084164e+02 -7.0216647046e+03 -4.6638770603e+09 -9.7868819829e+06 2.8734893513e+06 1.2611958892e+02 0.0000000000e+00 -0.0000000000e+00
1.6746429583e+05 1.9433842182e-13 8.8049785353e-14 -1.5198924087e+07 -5.2501702741e+06 -1.7440063254e-18 1.0390313120e-17 7.3920446170e+01 -6.9620541887e+03 -4.6638770945e+09 -9.7868819829e+06 2.8734893513e+06 1.2203504690e+02 0.0000000000e+00 -0.0000000000e+00
1.6758633088e+05 1.9411041320e-13 8.9312242984e-14 -1.5179238812e+07 -6.0959032820e+06 -1.9906043735e-18 1.0298269349e-17 2.4717733363e+02 -6.8973853176e+03 -4.6638771181e+09 -9.7868819829e+06 2.8734893513e+06 1.6372532041e+02 0.0000000000e+00 -0.0000000000e+00
1.6775005620e+05 1.9375877364e-13 9.0987358412e-14 -1.5120693983e+07 -7.2174710899e+06 -2.3009531993e-18 1.0162047353e-17 4.6522476744e+02 -6.8016773463e+03 -4.6638771990e+09 -9.7868819829e+06 2.8734893513e+06 1.9692151732e+02 0.0000000000e+00 -0.0000000000e+00
1.6794697772e+05 1.9327141567e-13 9.2971104553e-14 -1.5005017018e+07 -8.5446569807e+06 -2.6432225691e-18 9.9832054269e-18 7.0569920000e+02 -6.6760251127e+03 -4.6638773426e+09 -9.7868819829e+06 2.8734893513e+06 2.2703329519e+02 0.0000000000e+00 -0.0000000000e+00
1.6817401101e+05 1.9263034270e-13 9.5212850270e-14 -1.4816012352e+07 -1.0042930824e+07 -2.9970666272e-18 9.7629971513e-18 9.5430587234e+02 -6.5213093690e+03 -4.6638775281e+09 -9.7868819829e+06 2.8734893513e+06 2.5154422575e+02 0.0000000000e+00 -0.0000000000e+00
1.6842555524e+05 1.9183215105e-13 9.7636879139e-14 -1.4544839776e+07 -1.1660988559e+07 -3.3412086523e-18 9.5090363605e-18 1.1960960104e+03 -6.3428795051e+03 -4.6638777061e+09 -9.7868819829e+06 2.8734893513e+06 2.6839052693e+02 0.0000000000e+00 -0.0000000000e+00
1.6869394576e+05 1.9089180645e-13 1.0015213280e-13 -1.4193189003e+07 -1.3337444738e+07 -3.6578570715e-18 9.2340704185e-18 1.4185694645e+03 -6.1496916692e+03 -4.6638778397e+09 -9.7868819829e+06 2.8734893513e+06 2.8004356842e+02 0.0000000000e+00 -0.0000000000e+00
1.6897398933e+05 1.8982698370e-13 1.0269808654e-13 -1.3767498640e+07 -1.5031531038e+07 -3.9390132732e-18 8.9492950430e-18 1.6161065041e+03 -5.9496118406e+03 -4.6638779331e+09 -9.7868819829e+06 2.8734893513e+06 2.9052843838e+02 0.0000000000e+00 -0.0000000000e+00
1.6926451777e+05 1.8864585212e-13 1.0525603282e-13 -1.3272163317e+07 -1.6730498663e+07 -4.1846866655e-18 8.6611981517e-18 1.7887137392e+03 -5.7471983542e+03 -4.6638780072e+09 -9.7868819829e+06 2.8734893513e+06 3.0224974341e+02 0.0000000000e+00 -0.0000000000e+00
1.6956676751e+05 1.8734780259e-13 1.0782999255e-13 -1.2708178704e+07 -1.8436754675e+07 -4.3979697390e-18 8.3729762299e-18 1.9385639175e+03 -5.5446970228e+03 -4.6638780797e+09 -9.7868819829e+06 2.8734893513e+06 3.1616858774e+02 0.0000000000e+00 -0.0000000000e+00
1.6988293610e+05 1.8592720168e-13 1.1043152579e-13 -1.2074117056e+07 -2.0157678136e+07 -4.5823708022e-18 8.0862862379e-18 2.0681219350e+03 -5.3432720072e+03 -4.6638781619e+09 -9.7868819829e+06 2.8734893513e+06 3.3266004073e+02 0.0000000000e+00 -0.0000000000e+00
1.7021559614e+05 1.8437553053e-13 1.1307374129e-13 -1.1366955225e+07 -2.1901609420e+07 -4.7410252230e-18 7.8021180716e-18 2.1795906646e+03 -5.1436187967e+03 -4.6638782607e+09 -9.7868819829e+06 2.8734893513e+06 3.5194651503e+02 0.0000000000e+00 -0.0000000000e+00
1.7056754266e+05 1.8268221123e-13 1.1576963824e-13 -1.0582479480e+07 -2.3676736713e+07 -4.8765864514e-18 7.5211453762e-18 2.2748343888e+03 -4.9462106865e+03 -4.6638783801e+09 -9.7868819829e+06 2.8734893513e+06 3.7425187283e+02 0.0000000000e+00 -0.0000000000e+00
1.7094179453e+05 1.8083482862e-13 1.1853188102e-13 -9.7154430014e+06 -2.5490937317e+07 -4.9912862415e-18 7.2438667137e-18 2.3554211119e+03 -4.7513979603e+03 -4.6638785232e+09 -9.7868819829e+06 2.8734893513e+06 3.9985427232e+02 0.0000000000e+00 -0.0000000000e+00
1.7134164880e+05 1.7881908063e-13 1.2137298783e-13 -8.7595935410e+06 -2.7351891772e+07 -5.0870169143e-18 6.9706668458e-18 2.4226803564e+03 -4.5594509473e+03 -4.6638786919e+09 -9.7868819829e+06 2.8734893513e+06 4.2388506178e+02 0.0000000000e+00 -0.0000000000e+00
1.7176553386e+05 1.7664556206e-13 1.2427060838e-13 -7.7205653304e+06 -2.9244428328e+07 -5.1645761407e-18 6.7049762693e-18 2.4771725564e+03 -4.3727798740e+03 -4.6638788765e+09 -9.7868819829e+06 2.8734893513e+06 4.3811166652e+02 0.0000000000e+00 -0.0000000000e+00
1.7220364553e+05 1.7436912424e-13 1.2715229054e-13 -6.6256077439e+06 -3.1120957344e+07 -5.2244330418e-18 6.4537961824e-18 2.5192273109e+03 -4.1963037000e+03 -4.6638790496e+09 -9.7868819829e+06 2.8734893513e+06 4.5185652698e+02 0.0000000000e+00 -0.0000000000e+00
1.7265550206e+05 1.7199772939e-13 1.3001419015e-13 -5.4797602677e+06 -3.2978940820e+07 -5.2692774581e-18 6.2170616674e-18 2.5507344702e+03 -4.0299768148e+03 -4.6638792072e+09 -9.7868819829e+06 2.8734893513e+06 4.6333298317e+02 0.0000000000e+00 -0.0000000000e+00
1.7280000000e+05 1.7123549326e-13 1.3090736453e-13 -5.1105967536e+06 -3.3557626011e+07 -5.2806353680e-18 6.1457264372e-18 2.5587144041e+03 -3.9798575214e+03 -4.6638792076e+09 -9.7868819829e+06 2.8734893513e+06 4.7847685160e+02 0.0000000000e+00 -0.0000000000e+00
1.7280000000e+05 1.7123549326e-13 1.3090736453e-13 -5.1105967536e+06 -3.3557626011e+07 -5.2806353680e-18 6.1457264372e-18 2.5587144041e+03 -3.9798575214e+03 -4.6638792076e+09 -9.7868819829e+06 2.8734893513e+06 4.7847685160e+02 0.0000000000e+00 -0.0000000000e+00
