0.0000000000e+00 0.0000000000e+00 0.0000000000e+00 3.1415900000e+08 0.0000000000e+00 0.0000000000e+00 0.0000000000e+00 -1.1785773230e+03 2.2573323710e+02 -4.6638893018e+09 -1.0017907246e+07 1.9187325154e+06 1.0000000000e+01 0.0000000000e+00 -0.0000000000e+00
1.0000000000e+01 2.8740014486e-22 6.8837534840e-28 3.1414721402e+08 2.2573323705e+03 5.7480747800e-23 2.0651647842e-28 -1.1786177083e+03 2.2573323695e+02 -4.6638893018e+09 -1.0017907246e+07 1.9187325154e+06 5.0000000000e+01 0.0000000000e+00 -0.0000000000e+00
6.0000000000e+01 1.0347699339e-20 1.4873092446e-25 3.1408827809e+08 1.3543994122e+04 3.4494919848e-22 7.4373834366e-27 -1.1788196802e+03 2.2573323187e+02 -4.6638893018e+09 -1.0017907246e+07 1.9187325154e+06 2.5000000000e+02 0.0000000000e+00 -0.0000000000e+00
3.1000000000e+02 2.7639900254e-19 2.0542067854e-23 3.1379344684e+08 6.9977289068e+04 1.7839116675e-21 1.9890998702e-25 -1.1798306784e+03 2.2573309735e+02 -4.6638893018e+09 -1.0017907246e+07 1.9187325154e+06 1.2500000000e+03 0.0000000000e+00 -0.0000000000e+00
1.5600000000e+03 7.0214377603e-18 2.6363457771e-21 3.1231548620e+08 3.5214199761e+05 9.0195348466e-21 5.0848519415e-24 -1.1849143421e+03 2.2572966454e+02 -4.6638893018e+09 -1.0017907246e+07 1.9187325154e+06 3.6000000000e+03 0.0000000000e+00 -0.0000000000e+00
5.1600000000e+03 7.7526454721e-17 9.7393448238e-20 3.0802307184e+08 1.1647150759e+06 3.0247776633e-20 5.7187138803e-23 -1.1998290550e+03 2.2569305809e+02 -4.6638893017e+09 -1.0017907246e+07 1.9187325154e+06 3.6000000000e+03 0.0000000000e+00 -0.0000000000e+00
8.7600000000e+03 2.2552919516e-16 4.8665096606e-19 3.0367620849e+08 1.9770812418e+06 5.2079242168e-20 1.6952892673e-22 -1.2151675859e+03 2.2561412807e+02 -4.6638893016e+09 -1.0017907246e+07 1.9187325154e+06 3.6000000000e+03 0.0000000000e+00 -0.0000000000e+00
1.2360000000e+04 4.5326131863e-16 1.3965741756e-18 2.9927332822e+08 2.7890815940e+06 7.4547736214e-20 3.4736675067e-22 -1.2309536854e+03 2.2548918131e+02 -4.6638893015e+09 -1.0017907246e+07 1.9187325154e+06 3.6000000000e+03 0.0000000000e+00 -0.0000000000e+00
1.5960000000e+04 7.6308111763e-16 3.0732442755e-18 2.9481277411e+08 3.6005432388e+06 9.7689853764e-20 5.9651999865e-22 -1.2472130650e+03 2.2531412917e+02 -4.6638893014e+09 -1.0017907246e+07 1.9187325154e+06 3.6000000000e+03 0.0000000000e+00 -0.0000000000e+00
1.9560000000e+04 1.1574841052e-15 5.7848154370e-18 2.9029279285e+08 4.4112777744e+06 1.2154528818e-19 9.2344539270e-22 -1.2639736125e+03 2.2508443523e+02 -4.6638893012e+09 -1.0017907246e+07 1.9187325154e+06 3.6000000000e+03 0.0000000000e+00 -0.0000000000e+00
2.3160000000e+04 1.6391147871e-15 9.8239608909e-18 2.8571152643e+08 5.2210795719e+06 1.4615718235e-19 1.3353234271e-21 -1.2812656398e+03 2.2479505457e+02 -4.6638893010e+09 -1.0017907246e+07 1.9187325154e+06 3.6000000000e+03 0.0000000000e+00 -0.0000000000e+00
2.6760000000e+04 2.2107797865e-15 1.5510655069e-17 2.8106700297e+08 6.0297238210e+06 1.7157253021e-19 1.8401590471e-21 -1.2991221642e+03 2.2444036300e+02 -4.6638893008e+09 -1.0017907246e+07 1.9187325154e+06 3.6000000000e+03 0.0000000000e+00 -0.0000000000e+00
3.0360000000e+04 2.8754625183e-15 2.3195347924e-17 2.7635712634e+08 6.8369642998e+06 1.9784263749e-19 2.4468993617e-21 -1.3175792325e+03 2.2401407440e+02 -4.6638893005e+09 -1.0017907246e+07 1.9187325154e+06 3.6000000000e+03 0.0000000000e+00 -0.0000000000e+00
3.3960000000e+04 3.6363396429e-15 3.3262598720e-17 2.7157966466e+08 7.6425308214e+06 2.2502365230e-19 3.1655718258e-21 -1.3366762938e+03 2.2350914358e+02 -4.6638893002e+09 -1.0017907246e+07 1.9187325154e+06 3.6000000000e+03 0.0000000000e+00 -0.0000000000e+00
3.7560000000e+04 4.4967995769e-15 4.6135250350e-17 2.6673223727e+08 8.4461263013e+06 2.5317717849e-19 4.0074471395e-21 -1.3564566301e+03 2.2291765189e+02 -4.6638892999e+09 -1.0017907246e+07 1.9187325154e+06 3.6000000000e+03 0.0000000000e+00 -0.0000000000e+00
4.1160000000e+04 5.4604633823e-15 6.2279242329e-17 2.6181230005e+08 9.2474233761e+06 2.8237098770e-19 4.9852321456e-21 -1.3769678569e+03 2.2223067164e+02 -4.6638892995e+09 -1.0017907246e+07 1.9187325154e+06 3.6000000000e+03 0.0000000000e+00 -0.0000000000e+00
4.4760000000e+04 6.5312084264e-15 8.2209181891e-17 2.5681712882e+08 1.0046060489e+07 3.1267984940e-19 6.1132993353e-21 -1.3982625066e+03 2.2143810491e+02 -4.6638892990e+09 -1.0017907246e+07 1.9187325154e+06 3.6000000000e+03 0.0000000000e+00 -0.0000000000e+00
4.8360000000e+04 7.7131952768e-15 1.0649481938e-16 2.5174380040e+08 1.0841637339e+07 3.4418650305e-19 7.4079612794e-21 -1.4203987108e+03 2.2052849066e+02 -4.6638892984e+09 -1.0017907246e+07 1.9187325154e+06 3.6000000000e+03 0.0000000000e+00 -0.0000000000e+00
5.1960000000e+04 9.0108983962e-15 1.3576860788e-16 2.4658917109e+08 1.1633709573e+07 3.7698280208e-19 8.8878005354e-21 -1.4434410046e+03 2.1948877301e+02 -4.6638892976e+09 -1.0017907246e+07 1.9187325154e+06 3.6000000000e+03 0.0000000000e+00 -0.0000000000e+00
5.5560000000e+04 1.0429141319e-14 1.7073457006e-16 2.4134985194e+08 1.2421782553e+07 4.1117106714e-19 1.0574068495e-20 -1.4674612775e+03 2.1830402098e+02 -4.6638892968e+09 -1.0017907246e+07 1.9187325154e+06 3.6000000000e+03 0.0000000000e+00 -0.0000000000e+00
5.9160000000e+04 1.1973137145e-14 2.1217875028e-16 2.3602218027e+08 1.3205304013e+07 4.4686569569e-19 1.2491170498e-20 -1.4925399035e+03 2.1695708766e+02 -4.6638892957e+09 -1.0017907246e+07 1.9187325154e+06 3.6000000000e+03 0.0000000000e+00 -0.0000000000e+00
6.2760000000e+04 1.3648535379e-14 2.6098160110e-16 2.3060218682e+08 1.3983655358e+07 4.8419508758e-19 1.4667259698e-20 -1.5187670951e+03 2.1542819299e+02 -4.6638892944e+09 -1.0017907246e+07 1.9187325154e+06 3.6000000000e+03 0.0000000000e+00 -0.0000000000e+00
6.6360000000e+04 1.5461476378e-14 3.1813274642e-16 2.2508555744e+08 1.4756141289e+07 5.2330396336e-19 1.7134969079e-20 -1.5462445311e+03 2.1369440941e+02 -4.6638892928e+09 -1.0017907246e+07 1.9187325154e+06 3.6000000000e+03 0.0000000000e+00 -0.0000000000e+00
6.9960000000e+04 1.7418654999e-14 3.8474868506e-16 2.1946758841e+08 1.5521977368e+07 5.6435617408e-19 1.9932320482e-20 -1.5750873314e+03 2.1172902323e+02 -4.6638892908e+09 -1.0017907246e+07 1.9187325154e+06 3.6000000000e+03 0.0000000000e+00 -0.0000000000e+00
7.3560000000e+04 1.9527395437e-14 4.6209416081e-16 2.1374313382e+08 1.6280275000e+07 6.0753813143e-19 2.3103862479e-20 -1.6054264666e+03 2.0950073513e+02 -4.6638892882e+09 -1.0017907246e+07 1.9187325154e+06 3.6000000000e+03 0.0000000000e+00 -0.0000000000e+00
7.7160000000e+04 2.1795739770e-14 5.5160814230e-16 2.0790654342e+08 1.7030023183e+07 6.5306302801e-19 2.6702106991e-20 -1.6374117234e+03 2.0697265087e+02 -4.6638892850e+09 -1.0017907246e+07 1.9187325154e+06 3.6000000000e+03 0.0000000000e+00 -0.0000000000e+00
8.0760000000e+04 2.4232553449e-14 6.5493565080e-16 2.0195158843e+08 1.7770066145e+07 7.0117607356e-19 3.0789360042e-20 -1.6712153832e+03 2.0410099496e+02 -4.6638892808e+09 -1.0017907246e+07 1.9187325154e+06 3.6000000000e+03 0.0000000000e+00 -0.0000000000e+00
8.4360000000e+04 2.6847651914e-14 7.7396707895e-16 1.9587137265e+08 1.8499075718e+07 7.5216105126e-19 3.5440078467e-20 -1.7070368287e+03 2.0083345491e+02 -4.6638892754e+09 -1.0017907246e+07 1.9187325154e+06 3.6000000000e+03 0.0000000000e+00 -0.0000000000e+00
8.7960000000e+04 2.9651953781e-14 9.1088720748e-16 1.8965822479e+08 1.9215516900e+07 8.0634860890e-19 4.0743937208e-20 -1.7451083692e+03 1.9710702616e+02 -4.6638892682e+09 -1.0017907246e+07 1.9187325154e+06 3.6000000000e+03 0.0000000000e+00 -0.0000000000e+00
9.1560000000e+04 3.2657667839e-14 1.0682369221e-15 1.8330356709e+08 1.9917604495e+07 8.6412685842e-19 4.6809869805e-20 -1.7857026875e+03 1.9284517328e+02 -4.6638892587e+09 -1.0017907246e+07 1.9187325154e+06 3.6000000000e+03 0.0000000000e+00 -0.0000000000e+00
9.5160000000e+04 3.5878523523e-14 1.2489917745e-15 1.7679775342e+08 2.0603247916e+07 9.2595508881e-19 5.3771461633e-20 -1.8291424748e+03 1.8795404076e+02 -4.6638892457e+09 -1.0017907246e+07 1.9187325154e+06 3.6000000000e+03 0.0000000000e+00 -0.0000000000e+00
9.8760000000e+04 3.9330058004e-14 1.4566631974e-15 1.7012986753e+08 2.1269980071e+07 9.9238174109e-19 6.1794254519e-20 -1.8758130592e+03 1.8231732087e+02 -4.6638892278e+09 -1.0017907246e+07 1.9187325154e+06 3.6000000000e+03 0.0000000000e+00 -0.0000000000e+00
1.0236000000e+05 4.3029978081e-14 1.6954306583e-15 1.6328746885e+08 2.1914864515e+07 1.0640683153e-18 7.1085801474e-20 -1.9261792029e+03 1.7578918929e+02 -4.6638892025e+09 -1.0017907246e+07 1.9187325154e+06 3.6000000000e+03 0.0000000000e+00 -0.0000000000e+00
1.0596000000e+05 4.6998622355e-14 1.9703168019e-15 1.5625626771e+08 2.2534372398e+07 1.1418216858e-18 8.1909758901e-20 -1.9808078062e+03 1.6818440414e+02 -4.6638891662e+09 -1.0017907246e+07 1.9187325154e+06 3.6000000000e+03 0.0000000000e+00 -0.0000000000e+00
1.0956000000e+05 5.1259560264e-14 2.2874234791e-15 1.4901970450e+08 2.3124216631e+07 1.2266385823e-18 9.4606041809e-20 -2.0403991599e+03 1.5926414514e+02 -4.6638891125e+09 -1.0017907246e+07 1.9187325154e+06 3.6000000000e+03 0.0000000000e+00 -0.0000000000e+00
1.1316000000e+05 5.5840381486e-14 2.6542559022e-15 1.4155839504e+08 2.3679124140e+07 1.3197680838e-18 1.0962031887e-19 -2.1058308520e+03 1.4871529071e+02 -4.6638890309e+09 -1.0017907246e+07 1.9187325154e+06 3.3287936165e+03 0.0000000000e+00 -0.0000000000e+00
1.1615308358e+05 5.9915757874e-14 3.0037603284e-15 1.3516750311e+08 2.4109204887e+07 1.4046559429e-18 1.2429020107e-19 -2.1654720631e+03 1.3840840406e+02 -4.6638889822e+09 -1.0017907246e+07 1.9187325154e+06 3.0124582291e+03 0.0000000000e+00 -0.0000000000e+00
1.1916554181e+05 6.4285872794e-14 3.4034719656e-15 1.2854669682e+08 2.4508384140e+07 1.4981682724e-18 1.4154366417e-19 -2.2311727257e+03 1.2628632388e+02 -4.6638889068e+09 -1.0017907246e+07 1.9187325154e+06 2.7204635287e+03 0.0000000000e+00 -0.0000000000e+00
1.2161036381e+05 6.8048535111e-14 3.7689311243e-15 1.2302168277e+08 2.4803494420e+07 1.5810257557e-18 1.5779470910e-19 -2.2893874186e+03 1.1486853090e+02 -4.6638888676e+09 -1.0017907246e+07 1.9187325154e+06 2.4614036147e+03 0.0000000000e+00 -0.0000000000e+00
1.2407176742e+05 7.2050184562e-14 4.1799669791e-15 1.1730921647e+08 2.5070326070e+07 1.6718222621e-18 1.7664932202e-19 -2.3531799758e+03 1.0162150167e+02 -4.6638888085e+09 -1.0017907245e+07 1.9187325154e+06 2.2216464644e+03 0.0000000000e+00 -0.0000000000e+00
1.2606507918e+05 7.5461181756e-14 4.5491457546e-15 1.1256341794e+08 2.5260902120e+07 1.7516292858e-18 1.9413162363e-19 -2.4092514518e+03 8.9338642242e+01 -4.6638887790e+09 -1.0017907246e+07 1.9187325154e+06 2.0081969866e+03 0.0000000000e+00 -0.0000000000e+00
1.2787111513e+05 7.8694171580e-14 4.9155894701e-15 1.0816340430e+08 2.5411125418e+07 1.8295220113e-18 2.1202107187e-19 -2.4639779644e+03 7.6769726368e+01 -4.6638887539e+09 -1.0017907245e+07 1.9187325154e+06 1.8200174888e+03 0.0000000000e+00 -0.0000000000e+00
1.2950177121e+05 8.1738352484e-14 5.2758275925e-15 1.0410274433e+08 2.5526119628e+07 1.9050416787e-18 2.3015039881e-19 -2.5170371942e+03 6.4032274546e+01 -4.6638887332e+09 -1.0017907245e+07 1.9187325154e+06 1.6448445142e+03 0.0000000000e+00 -0.0000000000e+00
1.3096640722e+05 8.4581114800e-14 5.6259771895e-15 1.0037926619e+08 2.5610725667e+07 1.9776232795e-18 2.4830774575e-19 -2.5680321730e+03 5.1275136206e+01 -4.6638887169e+09 -1.0017907246e+07 1.9187325154e+06 1.4797079094e+03 0.0000000000e+00 -0.0000000000e+00
1.3227023694e+05 8.7204030929e-14 5.9612042619e-15 9.6999772030e+07 2.5669516775e+07 2.0464861011e-18 2.6620393442e-19 -2.6164143813e+03 3.8701484584e+01 -4.6638887048e+09 -1.0017907246e+07 1.9187325154e+06 1.3210120983e+03 0.0000000000e+00 -0.0000000000e+00
1.3341196020e+05 8.9576724110e-14 6.2748143505e-15 9.3987136570e+07 2.5706902904e+07 2.1104521152e-18 2.8341527129e-19 -2.6613561503e+03 2.6609001792e+01 -4.6638886967e+09 -1.0017907246e+07 1.9187325154e+06 1.1637808580e+03 0.0000000000e+00 -0.0000000000e+00
1.3437645422e+05 9.1639493863e-14 6.5556922408e-15 9.1401128040e+07 2.5727279758e+07 2.1674326523e-18 2.9922690217e-19 -2.7013900053e+03 1.5499935953e+01 -4.6638886923e+09 -1.0017907246e+07 1.9187325154e+06 1.0001152344e+03 0.0000000000e+00 -0.0000000000e+00
1.3509521419e+05 9.3213202486e-14 6.7752572789e-15 8.9448344667e+07 2.5735263961e+07 2.2118048874e-18 3.1185484974e-19 -2.7325654156e+03 6.6276885531e+00 -4.6638886911e+09 -1.0017907246e+07 1.9187325154e+06 8.2324408030e+02 0.0000000000e+00 -0.0000000000e+00
1.3582981932e+05 9.4855214054e-14 7.0093365116e-15 8.7428897714e+07 2.5736627439e+07 2.2589723963e-18 3.2558241175e-19 -2.7657047525e+03 -3.0171350170e+00 -4.6638886895e+09 -1.0017907246e+07 1.9187325154e+06 6.9859380881e+02 0.0000000000e+00 -0.0000000000e+00
1.3652841313e+05 9.6449516661e-14 7.2415903709e-15 8.5485412638e+07 2.5731144452e+07 2.3056544155e-18 3.3947886690e-19 -2.7985029900e+03 -1.2780620913e+01 -4.6638886880e+09 -1.0017907246e+07 1.9187325154e+06 8.6185412888e+02 0.0000000000e+00 -0.0000000000e+00
1.3739026726e+05 9.8462395432e-14 7.5419930956e-15 8.3055425962e+07 2.5714634154e+07 2.3658950620e-18 3.5787028167e-19 -2.8408273595e+03 -2.5702212561e+01 -4.6638886827e+09 -1.0017907246e+07 1.9187325154e+06 9.4416597119e+02 0.0000000000e+00 -0.0000000000e+00
1.3833443323e+05 1.0072876118e-13 7.8900735476e-15 8.0350331449e+07 2.5683206565e+07 2.4355520126e-18 3.7978554416e-19 -2.8897675135e+03 -4.1099618160e+01 -4.6638886721e+09 -1.0017907246e+07 1.9187325154e+06 9.8436672251e+02 0.0000000000e+00 -0.0000000000e+00
1.3931879995e+05 1.0316380241e-13 8.2760683536e-15 7.7479347832e+07 2.5634215442e+07 2.5126832237e-18 4.0487147118e-19 -2.9439589950e+03 -5.8724695361e+01 -4.6638886551e+09 -1.0017907246e+07 1.9187325154e+06 9.9914066638e+02 0.0000000000e+00 -0.0000000000e+00
1.4031794062e+05 1.0571559536e-13 8.6944132361e-15 7.4508923591e+07 2.5565830506e+07 2.5962256282e-18 4.3302333444e-19 -3.0026549056e+03 -7.8503863288e+01 -4.6638886307e+09 -1.0017907246e+07 1.9187325154e+06 9.9698787944e+02 0.0000000000e+00 -0.0000000000e+00
1.4131492850e+05 1.0834799106e-13 9.1414192372e-15 7.1484406035e+07 2.5476822650e+07 2.6855206373e-18 4.6425399153e-19 -3.0653925284e+03 -1.0044615554e+02 -4.6638885978e+09 -1.0017907246e+07 1.9187325154e+06 9.8301335919e+02 0.0000000000e+00 -0.0000000000e+00
1.4229794185e+05 1.1103382537e-13 9.6143730503e-15 6.8438813195e+07 2.5366429653e+07 2.7801279770e-18 4.9864415064e-19 -3.1318625322e+03 -1.2460827674e+02 -4.6638885558e+09 -1.0017907246e+07 1.9187325154e+06 9.6061397102e+02 0.0000000000e+00 -0.0000000000e+00
1.4325855583e+05 1.1375169408e-13 1.0111123613e-14 6.5397112771e+07 2.5234261052e+07 2.8797381954e-18 5.3632010299e-19 -3.2018474998e+03 -1.5107895761e+02 -4.6638885035e+09 -1.0017907246e+07 1.9187325153e+06 9.3220081853e+02 0.0000000000e+00 -0.0000000000e+00
1.4419075664e+05 1.1648421153e-13 1.0629868556e-14 6.2378607415e+07 2.5080225667e+07 2.9841258416e-18 5.7744266593e-19 -3.2751890320e+03 -1.7997118654e+02 -4.6638884401e+09 -1.0017907245e+07 1.9187325153e+06 8.9955790489e+02 0.0000000000e+00 -0.0000000000e+00
1.4509031455e+05 1.1921697794e-13 1.1169034954e-14 5.9398399337e+07 2.4904473817e+07 3.0931219029e-18 6.2220140939e-19 -3.3517683823e+03 -2.1141815312e+02 -4.6638883648e+09 -1.0017907245e+07 1.9187325153e+06 8.6404103401e+02 0.0000000000e+00 -0.0000000000e+00
1.4595435558e+05 1.2193792088e-13 1.1727209218e-14 5.6468357671e+07 2.4707349925e+07 3.2065963158e-18 6.7081166086e-19 -3.4314941698e+03 -2.4557114392e+02 -4.6638882766e+09 -1.0017907246e+07 1.9187325153e+06 8.2669800189e+02 0.0000000000e+00 -0.0000000000e+00
1.4678105359e+05 1.2463684939e-13 1.2303094527e-14 5.3597794733e+07 2.4489352899e+07 3.3244461446e-18 7.2351310981e-19 -3.5142940731e+03 -2.8259856193e+02 -4.6638881744e+09 -1.0017907246e+07 1.9187325153e+06 7.8834639031e+02 0.0000000000e+00 -0.0000000000e+00
1.4756939998e+05 1.2730513646e-13 1.2895484552e-14 5.0793960454e+07 2.4251102618e+07 3.4465871226e-18 7.8056941080e-19 -3.6001088872e+03 -3.2268564776e+02 -4.6638880575e+09 -1.0017907246e+07 1.9187325153e+06 7.4962679061e+02 0.0000000000e+00 -0.0000000000e+00
1.4831902677e+05 1.2993548259e-13 1.3503247252e-14 4.8062417072e+07 2.3993311378e+07 3.5729472614e-18 8.4226846162e-19 -3.6888880342e+03 -3.6603467499e+02 -4.6638879246e+09 -1.0017907246e+07 1.9187325153e+06 7.1104089461e+02 0.0000000000e+00 -0.0000000000e+00
1.4903006766e+05 1.3252173293e-13 1.4125315062e-14 4.5407331333e+07 2.3716759416e+07 3.7034617600e-18 9.0892317579e-19 -3.7805859855e+03 -4.1286549300e+02 -4.6638877747e+09 -1.0017907246e+07 1.9187325153e+06 6.7297976474e+02 0.0000000000e+00 -0.0000000000e+00
1.4970304743e+05 1.3505873098e-13 1.4760679281e-14 4.2831707660e+07 2.3422273891e+07 3.8380687261e-18 9.8087264787e-19 -3.8751592562e+03 -4.6341634561e+02 -4.6638876069e+09 -1.0017907246e+07 1.9187325153e+06 6.3574543307e+02 0.0000000000e+00 -0.0000000000e+00
1.5033879286e+05 1.3754219817e-13 1.5408387227e-14 4.0337577677e+07 2.3110710783e+07 3.9767053886e-18 1.0584836564e-18 -3.9725637443e+03 -5.1794492716e+02 -4.6638874198e+09 -1.0017907246e+07 1.9187325153e+06 5.9956779112e+02 0.0000000000e+00 -0.0000000000e+00
1.5093836065e+05 1.3996863242e-13 1.6067541283e-14 3.7926156517e+07 2.2782939277e+07 4.1193045740e-18 1.1421524793e-18 -4.0727522543e+03 -5.7672965776e+02 -4.6638872124e+09 -1.0017907246e+07 1.9187325153e+06 5.6461803848e+02 0.0000000000e+00 -0.0000000000e+00
1.5150297869e+05 1.4233522096e-13 1.6737299246e-14 3.5597973234e+07 2.2439828268e+07 4.2657912759e-18 1.2323070152e-18 -4.1756720877e+03 -6.4007117408e+02 -4.6638869835e+09 -1.0017907246e+07 1.9187325153e+06 5.3101954039e+02 0.0000000000e+00 -0.0000000000e+00
1.5203399823e+05 1.4463976431e-13 1.7416875597e-14 3.3352980603e+07 2.2082234679e+07 4.4160791796e-18 1.3294092218e-18 -4.2812626007e+03 -7.0829404202e+02 -4.6638867319e+09 -1.0017907246e+07 1.9187325153e+06 4.9885669585e+02 0.0000000000e+00 -0.0000000000e+00
1.5253285492e+05 1.4688060914e-13 1.8105543454e-14 3.1190648196e+07 2.1710993282e+07 4.5700670222e-18 1.4339578914e-18 -4.3894526473e+03 -7.8174870730e+02 -4.6638864562e+09 -1.0017907246e+07 1.9187325153e+06 4.6818223403e+02 0.0000000000e+00 -0.0000000000e+00
1.5300103716e+05 1.4905658858e-13 1.8802637089e-14 2.9110041683e+07 2.1326907786e+07 4.7276346719e-18 1.5464918002e-18 -4.5001578243e+03 -8.6081370767e+02 -4.6638861552e+09 -1.0017907246e+07 1.9187325154e+06 4.3902326039e+02 0.0000000000e+00 -0.0000000000e+00
1.5344006042e+05 1.5116696861e-13 1.9507554926e-14 2.7109890638e+07 2.0930742949e+07 4.8886388131e-18 1.6675932761e-18 -4.6132774397e+03 -9.4589817995e+02 -4.6638858276e+09 -1.0017907246e+07 1.9187325153e+06 4.1138628638e+02 0.0000000000e+00 -0.0000000000e+00
1.5385144671e+05 1.5321140004e-13 2.0219763032e-14 2.5188646625e+07 2.0523217470e+07 5.0529081079e-18 1.7978922473e-18 -4.7286911136e+03 -1.0374447042e+03 -4.6638854721e+09 -1.0017907246e+07 1.9187325153e+06 3.8526142894e+02 0.0000000000e+00 -0.0000000000e+00
1.5423670813e+05 1.5518987502e-13 2.0938799151e-14 2.3344532996e+07 2.0104997462e+07 5.2202376919e-18 1.9380708478e-18 -4.8462549108e+03 -1.1359325397e+03 -4.6638850875e+09 -1.0017907246e+07 1.9187325153e+06 3.6062592759e+02 0.0000000000e+00 -0.0000000000e+00
1.5459733406e+05 1.5710268804e-13 2.1664277380e-14 2.1575587530e+07 1.9676690252e+07 5.3903828346e-18 2.0888686788e-18 -4.9657968863e+03 -1.2418813217e+03 -4.6638846724e+09 -1.0017907246e+07 1.9187325154e+06 3.3744709289e+02 0.0000000000e+00 -0.0000000000e+00
1.5493478115e+05 1.5895040071e-13 2.2395893648e-14 1.9879698855e+07 1.9238838293e+07 5.5630515558e-18 2.2510888503e-18 -5.0871118984e+03 -1.3558553057e+03 -4.6638842258e+09 -1.0017907246e+07 1.9187325153e+06 3.1568478822e+02 0.0000000000e+00 -0.0000000000e+00
1.5525046594e+05 1.6073381019e-13 2.3133432213e-14 1.8254637403e+07 1.8791912924e+07 5.7378959427e-18 2.4256049607e-18 -5.2099555077e+03 -1.4784682717e+03 -4.6638837464e+09 -1.0017907246e+07 1.9187325154e+06 2.9529351989e+02 0.0000000000e+00 -0.0000000000e+00
1.5554575946e+05 1.6245392103e-13 2.3876773467e-14 1.6698081513e+07 1.8336307666e+07 5.9145018399e-18 2.6133692173e-18 -5.3340367334e+03 -1.6103892294e+03 -4.6638832334e+09 -1.0017907246e+07 1.9187325154e+06 2.7622421168e+02 0.0000000000e+00 -0.0000000000e+00
1.5582198367e+05 1.6411192027e-13 2.4625903456e-14 1.5207639164e+07 1.7872330735e+07 6.0923764931e-18 2.8154219612e-18 -5.4590093721e+03 -1.7523491102e+03 -4.6638826860e+09 -1.0017907245e+07 1.9187325154e+06 2.5842571846e+02 0.0000000000e+00 -0.0000000000e+00
1.5608040939e+05 1.6570915560e-13 2.5380925627e-14 1.3780865719e+07 1.7400196314e+07 6.2709335945e-18 3.0329029388e-18 -5.5844614908e+03 -1.9051486865e+03 -4.6638821037e+09 -1.0017907245e+07 1.9187325154e+06 2.4184613908e+02 0.0000000000e+00 -0.0000000000e+00
1.5632225553e+05 1.6724711674e-13 2.6142075521e-14 1.2415277944e+07 1.6920014065e+07 6.4494749983e-18 3.2670647762e-18 -5.7099025806e+03 -2.0696680386e+03 -4.6638814863e+09 -1.0017907245e+07 1.9187325154e+06 2.2643397905e+02 0.0000000000e+00 -0.0000000000e+00
1.5654868951e+05 1.6872741984e-13 2.6909739372e-14 1.1108364445e+07 1.6431776149e+07 6.6271681161e-18 3.5192892654e-18 -5.8347476747e+03 -2.2468779974e+03 -4.6638808343e+09 -1.0017907245e+07 1.9187325154e+06 2.1213921712e+02 0.0000000000e+00 -0.0000000000e+00
1.5676082873e+05 1.7015179528e-13 2.7684477958e-14 9.8575925487e+06 1.5935340806e+07 6.8030176287e-18 3.7911072905e-18 -5.9582974734e+03 -2.4378541439e+03 -4.6638801487e+09 -1.0017907245e+07 1.9187325153e+06 1.9891433499e+02 0.0000000000e+00 -0.0000000000e+00
1.5695974306e+05 1.7152207887e-13 2.8467057558e-14 8.6604114981e+06 1.5430411162e+07 6.9758296067e-18 4.0842235354e-18 -6.0797131361e+03 -2.6437941692e+03 -4.6638794314e+09 -1.0017907245e+07 1.9187325153e+06 1.8671537950e+02 0.0000000000e+00 -0.0000000000e+00
1.5714645844e+05 1.7284020707e-13 2.9258490717e-14 7.5142516136e+06 1.4916507403e+07 7.1441653123e-18 4.4005475710e-18 -6.1979838224e+03 -2.8660397151e+03 -4.6638786856e+09 -1.0017907246e+07 1.9187325153e+06 1.7550314641e+02 0.0000000000e+00 -0.0000000000e+00
1.5732196159e+05 1.7410821684e-13 3.0060090674e-14 6.4165188391e+06 1.4392929597e+07 7.3062806982e-18 4.7422335854e-18 -6.3118841853e+03 -3.1061042890e+03 -4.6638779161e+09 -1.0017907246e+07 1.9187325154e+06 1.6524460732e+02 0.0000000000e+00 -0.0000000000e+00
1.5748720620e+05 1.7532825091e-13 3.0873545228e-14 5.3645837115e+06 1.3858707198e+07 7.4600456418e-18 5.1117320223e-18 -6.4199176257e+03 -3.3657095437e+03 -4.6638771298e+09 -1.0017907245e+07 1.9187325154e+06 1.5591475404e+02 0.0000000000e+00 -0.0000000000e+00
1.5764312095e+05 1.7650257002e-13 3.1701018687e-14 4.3557633283e+06 1.3312529222e+07 7.6028337593e-18 5.5118578747e-18 -6.5202388772e+03 -3.6468332603e+03 -4.6638763365e+09 -1.0017907246e+07 1.9187325153e+06 1.4749911681e+02 0.0000000000e+00 -0.0000000000e+00
1.5779062007e+05 1.7763357377e-13 3.2545295243e-14 3.3872942855e+06 1.2752645900e+07 7.7313683323e-18 5.9458825950e-18 -6.6105457560e+03 -3.9517739226e+03 -4.6638755504e+09 -1.0017907246e+07 1.9187325154e+06 1.3999732756e+02 0.0000000000e+00 -0.0000000000e+00
1.5793061739e+05 1.7872383201e-13 3.3409984434e-14 2.4562939969e+06 1.2176727497e+07 7.8415007784e-18 6.4176597149e-18 -6.6879235170e+03 -4.2832389767e+03 -4.6638747908e+09 -1.0017907245e+07 1.9187325153e+06 1.3154338629e+02 0.0000000000e+00 -0.0000000000e+00
1.5804074416e+05 1.7959155022e-13 3.4139408769e-14 1.7168524866e+06 1.1689101811e+07 7.9145363963e-18 6.8369920420e-18 -6.7392374828e+03 -4.5778569364e+03 -4.6638745193e+09 -1.0017907246e+07 1.9187325154e+06 1.1277059869e+02 0.0000000000e+00 -0.0000000000e+00
1.5813421470e+05 1.8033368593e-13 3.4796598646e-14 1.0852744007e+06 1.1248467344e+07 7.9624750919e-18 7.2312148216e-18 -6.7729186464e+03 -4.8548332234e+03 -4.6638743876e+09 -1.0017907245e+07 1.9187325154e+06 9.6419042288e+01 1.2771142126e-291 -9.0460555554e-284
1.5820988278e+05 1.8093725540e-13 3.5356763300e-14 5.7203291372e+05 1.0871983048e+07 7.9883998847e-18 7.5791379370e-18 -6.7911331008e+03 -5.0992799111e+03 -4.6638743396e+09 -1.0017907245e+07 1.9187325154e+06 8.0521391730e+01 8.7816497302e-267 -6.3391255290e-259
1.5825096708e+05 1.8126563437e-13 3.5672238369e-14 2.9289668259e+05 1.0659608069e+07 7.9964315953e-18 7.7797302635e-18 -6.7967760862e+03 -5.2402137198e+03 -4.6638743373e+09 -1.0017907245e+07 1.9187325154e+06 6.8011281948e+01 2.2709287533e-253 -1.6566337875e-245
1.5831013891e+05 1.8173893017e-13 3.6141490459e-14 -1.0937394919e+05 1.0343274119e+07 7.9990024699e-18 8.0840348669e-18 -6.7985823525e+03 -5.4540145541e+03 -4.6638743235e+09 -1.0017907245e+07 1.9187325154e+06 5.4330843973e+01 3.6013500164e-234 -2.6680670359e-226
1.5836446975e+05 1.8217334037e-13 3.6588676185e-14 -4.7861854649e+05 1.0041350965e+07 7.9903780364e-18 8.3803096148e-18 -6.7925229269e+03 -5.6621737064e+03 -4.6638743150e+09 -1.0017907245e+07 1.9187325154e+06 7.0839079868e+01 1.0844646145e-216 -8.1514288393e-209
1.5843530883e+05 1.8273843695e-13 3.7196744850e-14 -9.5913808805e+05 9.6301198102e+06 7.9600663272e-18 8.7922547472e-18 -6.7712262767e+03 -5.9516015100e+03 -4.6638742887e+09 -1.0017907245e+07 1.9187325154e+06 7.9020702160e+01 3.5578848630e-194 -2.7263323267e-186
1.5851432953e+05 1.8336511785e-13 3.7910839248e-14 -1.4925687236e+06 9.1462430865e+06 7.8950153399e-18 9.2878319878e-18 -6.7255222183e+03 -6.2997882489e+03 -4.6638742547e+09 -1.0017907245e+07 1.9187325154e+06 8.3772773474e+01 1.5946036616e-169 -1.2490408065e-161
1.5859810231e+05 1.8402208914e-13 3.8712407655e-14 -2.0528817125e+06 8.6019808532e+06 7.7809367609e-18 9.8563879459e-18 -6.6453719508e+03 -6.6992489762e+03 -4.6638742133e+09 -1.0017907245e+07 1.9187325154e+06 8.7368990421e+01 4.4057020031e-144 -3.5336930924e-136
1.5868547130e+05 1.8469449689e-13 3.9601186156e-14 -2.6282785999e+06 7.9972576197e+06 7.5995596943e-18 1.0497026415e-17 -6.5179385577e+03 -7.1493540273e+03 -4.6638741051e+09 -1.0017907245e+07 1.9187325154e+06 9.1675379256e+01 1.5647189006e-118 -1.2867249505e-110
1.5877714667e+05 1.8537926657e-13 4.0596221900e-14 -3.2174362377e+06 7.3188513922e+06 7.3230703794e-18 1.1218741218e-17 -6.3236804178e+03 -7.6564223577e+03 -4.6638736688e+09 -1.0017907245e+07 1.9187325154e+06 1.0044873764e+02 4.0855670759e-93 -3.4485074755e-85
1.5887759541e+05 1.8609451850e-13 4.1764907887e-14 -3.8383504396e+06 6.5204209858e+06 6.8937012274e-18 1.2057538216e-17 -6.0220107030e+03 -8.2457512598e+03 -4.6638716516e+09 -1.0017907245e+07 1.9187325154e+06 1.0062725986e+02 2.2301070210e-67 -1.9355183736e-59
1.5896671034e+05 1.8668693374e-13 4.2873583331e-14 -4.3596032533e+06 5.7615948635e+06 6.3790905604e-18 1.2826291778e-17 -5.6604513026e+03 -8.7858684687e+03 -4.6638689455e+09 -1.0017907245e+07 1.9187325154e+06 8.9124975005e+01 6.9217029066e-47 -6.1490384414e-39
1.5905583532e+05 1.8722721622e-13 4.4050987650e-14 -4.8442400385e+06 4.9544829098e+06 5.7197423954e-18 1.3591922363e-17 -5.1972010389e+03 -9.3237915101e+03 -4.6638639370e+09 -1.0017907245e+07 1.9187325154e+06 8.0444468982e+01 4.1108241115e-29 -3.7298685487e-21
1.5913627979e+05 1.8765889328e-13 4.5171197179e-14 -5.2423412928e+06 4.1855958644e+06 4.9911956040e-18 1.4250783376e-17 -4.6853326344e+03 -9.7866995064e+03 -4.6638594055e+09 -1.0017907245e+07 1.9187325154e+06 7.4140672363e+01 7.6002593773e-16 -7.0096169388e-08
1.5921042046e+05 1.8800056003e-13 4.6248629185e-14 -5.5697728433e+06 3.4453408268e+06 4.2082386283e-18 1.4802532567e-17 -4.1352362680e+03 -1.0174351981e+04 -4.6638574191e+09 -1.0017907190e+07 1.9187326520e+06 6.7031672480e+01 2.7188590279e-06 -2.5381132029e+02
1.5921957109e+05 1.8803859490e-13 4.6384371142e-14 -5.6072804294e+06 3.3520357275e+06 4.1045733659e-18 1.4865575722e-17 -4.0624022385e+03 -1.0218645271e+04 -4.6638663992e+09 -1.0017906886e+07 1.9187334105e+06 3.9107641596e+01 2.6399837578e-05 -2.4676076918e+03
1.5923250317e+05 1.8809071529e-13 4.6577178664e-14 -5.6591410485e+06 3.2194906396e+06 3.9555822894e-18 1.4952476244e-17 -3.9577220380e+03 -1.0279698437e+04 -4.6640791068e+09 -1.0017899890e+07 1.9187514186e+06 2.4235354097e+01 5.5216825699e-04 -5.1699313469e+04
1.5924373458e+05 1.8813440444e-13 4.6745529561e-14 -5.7030735710e+06 3.1037446978e+06 3.8238831295e-18 1.5025766478e-17 -3.8651820056e+03 -1.0331165461e+04 -4.6666668464e+09 -1.0017816999e+07 1.9189709902e+06 1.4847448542e+01 6.5622533701e-03 -6.1527367731e+05
1.5925281655e+05 1.8816864334e-13 4.6882256212e-14 -5.7378329225e+06 3.0097330512e+06 3.7158690581e-18 1.5083482953e-17 -3.7892309089e+03 -1.0371548962e+04 -4.6834066205e+09 -1.0017292711e+07 1.9203940239e+06 1.0154745256e+01 4.3342433817e-02 -4.0680164137e+06
1.5926007162e+05 1.8819528630e-13 4.6991852107e-14 -5.7651014271e+06 2.9343732417e+06 3.6286325253e-18 1.5128561616e-17 -3.7277002793e+03 -1.0402557972e+04 -4.7495695200e+09 -1.0015258933e+07 1.9260272111e+06 7.6384385232e+00 1.8188250644e-01 -1.7083766440e+07
1.5926605875e+05 1.8821679431e-13 4.7082538362e-14 -5.7872654704e+06 2.8720194484e+06 3.5560213479e-18 1.5165056775e-17 -3.6760050487e+03 -1.0426284619e+04 -4.9404316943e+09 -1.0009483424e+07 1.9422997982e+06 6.1522968917e+00 5.6506563616e-01 -5.3099412476e+07
1.5927116873e+05 1.8823480620e-13 4.7160109897e-14 -5.8059344310e+06 2.8186960228e+06 3.4936134447e-18 1.5195690535e-17 -3.6305797806e+03 -1.0443294908e+04 -5.3897109925e+09 -9.9960686436e+06 1.9806571570e+06 5.1923140927e+00 1.4336573880e+00 -1.3473400604e+08
1.5927565883e+05 1.8825036917e-13 4.7228399839e-14 -5.8221429155e+06 2.7717807221e+06 3.4384516858e-18 1.5222210719e-17 -3.5886178320e+03 -1.0452640527e+04 -6.3128755467e+09 -9.9688181047e+06 2.0595979389e+06 4.5349031111e+00 3.1570811625e+00 -2.9656936767e+08
1.5927970934e+05 1.8826419543e-13 4.7290105433e-14 -5.8365968277e+06 2.7294398623e+06 3.3884348032e-18 1.5245811235e-17 -3.5475259101e+03 -1.0451778960e+04 -8.0430973558e+09 -9.9182375909e+06 2.2078635346e+06 4.0753613597e+00 6.2801037023e+00 -5.8918716826e+08
1.5928378470e+05 1.8827790158e-13 4.7352285478e-14 -5.8509607796e+06 2.6868740900e+06 3.3378706560e-18 1.5269243761e-17 -3.5003495148e+03 -1.0433694942e+04 -1.1458699744e+10 -9.8192073184e+06 2.5015167346e+06 3.7572406376e+00 1.2227361991e+01 -1.1437988419e+09
1.5928754195e+05 1.8829035485e-13 4.7409695844e-14 -5.8640169893e+06 2.6477447859e+06 3.2910439391e-18 1.5290566890e-17 -3.4476206196e+03 -1.0389217195e+04 -1.7306318006e+10 -9.6506608621e+06 3.0069193071e+06 3.6251102786e+00 2.2014184784e+01 -2.0482816478e+09
1.5929116706e+05 1.8830220307e-13 4.7465162737e-14 -5.8764023391e+06 2.6102229436e+06 3.2456774253e-18 1.5310884043e-17 -3.3825357150e+03 -1.0302829211e+04 -2.7122924990e+10 -9.3683679934e+06 3.8625512124e+06 3.9907847824e+00 3.7714685795e+01 -3.4762765191e+09
1.5929448908e+05 1.8831291603e-13 4.7516056519e-14 -5.8875143883e+06 2.5762079474e+06 3.2039468624e-18 1.5329281677e-17 -3.3036421157e+03 -1.0163943842e+04 -4.1736958060e+10 -8.9469873217e+06 5.1529475169e+06 3.4200633245e+00 5.9860175498e+01 -5.4378549617e+09
1.5929707973e+05 1.8832117405e-13 4.7555787671e-14 -5.8959736564e+06 2.5500785655e+06 3.1713023361e-18 1.5343483089e-17 -3.2238869644e+03 -9.9983738191e+03 -5.8356033232e+10 -8.4640216461e+06 6.6451035473e+06 2.6478476712e+00 8.3600857230e+01 -7.4651291334e+09
1.5929938655e+05 1.8832845608e-13 4.7591196836e-14 -5.9033120601e+06 2.5272368769e+06 3.1421615992e-18 1.5356022313e-17 -3.1354344382e+03 -9.7955539455e+03 -7.7996594863e+10 -7.8862036544e+06 8.4439567163e+06 2.3233883150e+00 1.0992047335e+02 -9.6096407322e+09
1.5930170994e+05 1.8833572238e-13 4.7626889413e-14 -5.9104744489e+06 2.5047761161e+06 3.1127445804e-18 1.5368552005e-17 -3.0264739071e+03 -9.5274293565e+03 -1.0305099565e+11 -7.1357175762e+06 1.0797843046e+07 2.1326834073e+00 1.4096159486e+02 -1.1977628386e+10
1.5930384262e+05 1.8834233204e-13 4.7659677856e-14 -5.9168047950e+06 2.4847764492e+06 3.0856850438e-18 1.5379967261e-17 -2.9067754099e+03 -9.2173015045e+03 -1.3093536120e+11 -6.2798799027e+06 1.3502101696e+07 2.0327458159e+00 1.7228816861e+02 -1.4153582946e+10
1.5930587537e+05 1.8834857819e-13 4.7690952415e-14 -5.9225819285e+06 2.4663919848e+06 3.0598447478e-18 1.5390773225e-17 -2.7743022503e+03 -8.8610568181e+03 -1.6165031238e+11 -5.3081762932e+06 1.6594714745e+07 2.0180414306e+00 2.0288319263e+02 -1.6012406846e+10
1.5930789341e+05 1.8835472716e-13 4.7722022399e-14 -5.9280332526e+06 2.4489158945e+06 3.0341464691e-18 1.5401431810e-17 -2.6255394924e+03 -8.4494701237e+03 -1.9548132350e+11 -4.1971629722e+06 2.0156854719e+07 2.1119680016e+00 2.3171878247e+02 -1.7427094951e+10
1.5931000538e+05 1.8836110674e-13 4.7754561448e-14 -5.9333993664e+06 2.4315756501e+06 3.0072067605e-18 1.5412515941e-17 -2.4535788397e+03 -7.9626838235e+03 -2.3328219156e+11 -2.8963813640e+06 2.4360732697e+07 2.5136700639e+00 2.5758608223e+02 -1.8243045158e+10
1.5931251905e+05 1.8836862551e-13 4.7793319916e-14 -5.9392920811e+06 2.4123510807e+06 2.9750866137e-18 1.5425619771e-17 -2.2326164074e+03 -7.3245436656e+03 -2.7929223394e+11 -1.2100222060e+06 2.9863180114e+07 2.4374795165e+00 2.7920698647e+02 -1.8172646372e+10
1.5931458301e+05 1.8837473872e-13 4.7825168816e-14 -5.9437058620e+06 2.3978020490e+06 2.9486705624e-18 1.5436312315e-17 -2.0437840077e+03 -6.7707404392e+03 -3.1601254735e+11 2.3729653324e+05 3.4634363411e+07 2.0919479475e+00 2.8773290105e+02 -1.7297375104e+10
1.5931667495e+05 1.8838087915e-13 4.7857472063e-14 -5.9477798841e+06 2.3842343847e+06 2.9218605439e-18 1.5447093170e-17 -1.8514732495e+03 -6.2005494467e+03 -3.5073547790e+11 1.7118285474e+06 3.9545370115e+07 2.1468817097e+00 2.8756446446e+02 -1.5817226840e+10
1.5931882184e+05 1.8838712247e-13 4.7890646973e-14 -5.9515465190e+06 2.3715446248e+06 2.8943122803e-18 1.5458102782e-17 -1.6586497939e+03 -5.6238299388e+03 -3.8269426826e+11 3.1863096894e+06 4.4513235337e+07 2.9911912109e+00 2.7911441848e+02 -1.3910578114e+10
1.5932064967e+05 1.8839239135e-13 4.7918910409e-14 -5.9544335375e+06 2.3617004297e+06 2.8708329693e-18 1.5467436704e-17 -1.5016130110e+03 -5.1511508996e+03 -4.0652790462e+11 4.3809038991e+06 4.8586749350e+07 1.8966540524e+00 2.6666166293e+02 -1.2161700002e+10
1.5932231318e+05 1.8839714922e-13 4.7944647670e-14 -5.9568178561e+06 2.3534747279e+06 2.8494462640e-18 1.5475902591e-17 -1.3663227315e+03 -4.7421858311e+03 -4.2543948729e+11 5.4031498708e+06 5.2113510708e+07 1.6728808467e+00 2.5232702766e+02 -1.0584692095e+10
1.5932398606e+05 1.8840189800e-13 4.7970544115e-14 -5.9589955734e+06 2.3458688745e+06 2.8279228980e-18 1.5484390728e-17 -1.2387012640e+03 -4.3552279879e+03 -4.4187691980e+11 6.3593948023e+06 5.5453343529e+07 1.5588792622e+00 2.3607558691e+02 -9.0859902508e+09
1.5932554494e+05 1.8840629075e-13 4.7994688561e-14 -5.9608391593e+06 2.3393450806e+06 2.8078527869e-18 1.5492279325e-17 -1.1278974993e+03 -4.0185696309e+03 -4.5502801165e+11 7.1813680992e+06 5.8362050266e+07 1.4914874060e+00 2.2007143654e+02 -7.8076408135e+09
1.5932703643e+05 1.8841046430e-13 4.8017800718e-14 -5.9624470139e+06 2.3335776940e+06 2.7886390258e-18 1.5499809363e-17 -1.0293619551e+03 -3.7188328178e+03 -4.6583815042e+11 7.9041756434e+06 6.0954782565e+07 1.4497119018e+00 2.0455636309e+02 -6.7091748674e+09
1.5932848614e+05 1.8841449348e-13 4.8040276273e-14 -5.9638740787e+06 2.3283849193e+06 2.7699535670e-18 1.5507113336e-17 -9.4051916835e+02 -3.4484553748e+03 -4.7486429988e+11 8.5477497709e+06 6.3296610158e+07 1.4248445577e+00 1.8968476651e+02 -5.7630977151e+09
1.5932991099e+05 1.8841842714e-13 4.8062376605e-14 -5.9651558179e+06 2.3236489819e+06 2.7515797774e-18 1.5514278569e-17 -8.5965327254e+02 -3.2023951307e+03 -4.8248167374e+11 9.1253816140e+06 6.5430913004e+07 1.4110482093e+00 1.7554357275e+02 -4.9475296704e+09
1.5933132203e+05 1.8842229691e-13 4.8084272999e-14 -5.9663158901e+06 2.3192912420e+06 2.7333758012e-18 1.5521362262e-17 -7.8558778017e+02 -2.9771957137e+03 -4.8895530183e+11 9.6462241536e+06 6.7387411863e+07 1.4050962486e+00 1.6218676017e+02 -4.2448054441e+09
1.5933272713e+05 1.8842612483e-13 4.8106086956e-14 -5.9673712105e+06 2.3152553263e+06 2.7152411003e-18 1.5528404941e-17 -7.1744883526e+02 -2.7702859142e+03 -4.9448417861e+11 1.0117104751e+07 6.9188204035e+07 1.4049993902e+00 1.4964104214e+02 -3.6399115985e+09
1.5933413213e+05 1.8842992700e-13 4.8127909296e-14 -5.9683344493e+06 2.3114988404e+06 2.6971006028e-18 1.5535436842e-17 -6.5455197602e+02 -2.5796459569e+03 -4.9922355902e+11 1.0543393004e+07 7.0850638187e+07 1.4094297106e+00 1.3791215845e+02 -3.1198265986e+09
1.5933554156e+05 1.8843371554e-13 4.8149810368e-14 -5.9692154198e+06 2.3079887783e+06 2.6788962352e-18 1.5542481336e-17 -5.9634082027e+02 -2.4036274841e+03 -5.0329772466e+11 1.0929471344e+07 7.2388864924e+07 1.4174453183e+00 1.2699024139e+02 -2.6731752842e+09
1.5933695900e+05 1.8843749975e-13 4.8171846001e-14 -5.9700219193e+06 2.3046987538e+06 2.6605819808e-18 1.5549556925e-17 -5.4235070965e+02 -2.2408471626e+03 -5.0680797876e+11 1.1279014557e+07 7.3814753075e+07 1.4283440130e+00 1.1685409292e+02 -2.2900056918e+09
1.5933838735e+05 1.8844128679e-13 4.8194061205e-14 -5.9707602715e+06 2.3016072217e+06 2.6421208141e-18 1.5556678488e-17 -4.9218566881e+02 -2.0901194392e+03 -5.0983799143e+11 1.1595167317e+07 7.5138468698e+07 1.4415796699e+00 1.0747452664e+02 -1.9616195242e+09
1.5933982893e+05 1.8844508219e-13 4.8216492572e-14 -5.9714356930e+06 2.2986962807e+06 2.6234827050e-18 1.5563858093e-17 -4.4550301679e+02 -1.9504117256e+03 -5.1245755663e+11 1.1880663072e+07 7.6368860865e+07 1.4567115412e+00 9.8816957127e+01 -1.6804297038e+09
1.5934128564e+05 1.8844889013e-13 4.8239169903e-14 -5.9720525512e+06 2.2959508356e+06 2.6046432724e-18 1.5571105547e-17 -4.0200264909e+02 -1.8208132352e+03 -5.1472533725e+11 1.2137907106e+07 7.7513729825e+07 1.4733722267e+00 9.0843396960e+01 -1.4398344941e+09
1.5934275901e+05 1.8845271369e-13 4.8262117334e-14 -5.9726145519e+06 2.2933579927e+06 2.5855828475e-18 1.5578428776e-17 -3.6141930549e+02 -1.7005125257e+03 -5.1669093368e+11 1.2369036669e+07 7.8580020182e+07 1.4912468672e+00 8.3513988625e+01 -1.2341039269e+09
1.5934425026e+05 1.8845655505e-13 4.8285354139e-14 -5.9731248788e+06 2.2909066124e+06 2.5662858038e-18 1.5585834106e-17 -3.2351682090e+02 -1.5887808130e+03 -5.1839648156e+11 1.2575965843e+07 7.9573964373e+07 1.5100593245e+00 7.6788170861e+01 -1.0582767567e+09
1.5934576032e+05 1.8846041554e-13 4.8308895331e-14 -5.9735863003e+06 2.2885869701e+06 2.5467400633e-18 1.5593326463e-17 -2.8808373826e+02 -1.4849592429e+03 -5.1987791070e+11 1.2760419883e+07 8.0501192070e+07 1.5295629221e+00 7.0625557425e+01 -9.0806712607e+08
1.5934728988e+05 1.8846429579e-13 4.8332752105e-14 -5.9740012532e+06 2.2863904959e+06 2.5269367209e-18 1.5600909524e-17 -2.5492988389e+02 -1.3884489587e+03 -5.2116595323e+11 1.2923962084e+07 8.1366815529e+07 1.5495342868e+00 6.4986589389e+01 -7.7978041308e+08
1.5934883942e+05 1.8846819582e-13 4.8356932197e-14 -5.9743719083e+06 2.2843095696e+06 2.5068697485e-18 1.5608585848e-17 -2.2388363932e+02 -1.2987031933e+03 -5.2228696162e+11 1.3068015204e+07 8.2175497543e+07 1.5697694512e+00 5.9833008898e+01 -6.7023778295e+08
1.5935040918e+05 1.8847211507e-13 4.8381440179e-14 -5.9747002235e+06 2.2823373586e+06 2.4865357469e-18 1.5616356971e-17 -1.9478972677e+02 -1.2152208551e+03 -5.2326357974e+11 1.3193878803e+07 8.2931506560e+07 1.5900812167e+00 5.5128192079e+01 -5.7670892369e+08
1.5935199927e+05 1.8847605248e-13 4.8406277709e-14 -5.9749879870e+06 2.2804676886e+06 2.4659337329e-18 1.5624223493e-17 -1.6750738728e+02 -1.1375412601e+03 -5.2411529829e+11 1.3302743461e+07 8.3638761989e+07 1.6102979184e+00 5.0837372109e+01 -4.9685242215e+08
1.5935360956e+05 1.8848000657e-13 4.8431443775e-14 -5.9752368523e+06 2.2786949377e+06 2.4450649407e-18 1.5632185164e-17 -1.4190885558e+02 -1.0652397319e+03 -5.2485891790e+11 1.3395702553e+07 8.4300872078e+07 1.6302627450e+00 4.6927775418e+01 -4.2866315806e+08
1.5935523983e+05 1.8848397544e-13 4.8456934911e-14 -5.9754483676e+06 2.2770139514e+06 2.4239326321e-18 1.5640240953e-17 -1.1787807110e+02 -9.9792389356e+02 -5.2550893779e+11 1.3473762075e+07 8.4921165879e+07 1.6498339303e+00 4.3368690880e+01 -3.7042611496e+08
1.5935688966e+05 1.8848795688e-13 4.8482745434e-14 -5.9756239991e+06 2.2754199724e+06 2.4025419040e-18 1.5648389131e-17 -9.5309572452e+01 -9.3523050196e+02 -5.2607788362e+11 1.3537848885e+07 8.5502720622e+07 1.6688848388e+00 4.0131486512e+01 -3.2067597976e+08
1.5935855855e+05 1.8849194839e-13 4.8508867668e-14 -5.9757651510e+06 2.2739085833e+06 2.3808994939e-18 1.5656627339e-17 -7.4107546902e+01 -8.7682273763e+02 -5.2657658510e+11 1.3588817629e+07 8.6048385199e+07 1.6873049523e+00 3.7189586946e+01 -2.7816195259e+08
1.5936024585e+05 1.8849594723e-13 4.8535292197e-14 -5.9758731811e+06 2.2724756598e+06 2.3590135725e-18 1.5664952677e-17 -5.4184998407e+01 -8.2238784727e+02 -5.2701441225e+11 1.3627456569e+07 8.6560800683e+07 1.7050005841e+00 3.4518419965e+01 -2.4181717673e+08
1.5936195085e+05 1.8849995049e-13 4.8562008120e-14 -5.9759494138e+06 2.2711173315e+06 2.3368935274e-18 1.5673361781e-17 -3.5463019623e+01 -7.7163509525e+02 -5.2739947687e+11 1.3654492479e+07 8.7042418244e+07 1.6442997370e+00 3.2095340777e+01 -2.1073227492e+08
1.5936333750e+05 1.8850317847e-13 4.8583746296e-14 -5.9759886022e+06 2.2700742611e+06 2.3189003538e-18 1.5680198351e-17 -2.1197210909e+01 -7.3322134474e+02 -5.2767626773e+11 1.3668296620e+07 8.7409763122e+07 1.4322944814e+00 3.0308577267e+01 -1.8897353396e+08
1.5936447953e+05 1.8850581827e-13 4.8601656843e-14 -5.9760063948e+06 2.2692540969e+06 2.3040791018e-18 1.5685827406e-17 -1.0050117501e+01 -7.0335622331e+02 -5.2788285144e+11 1.3674534397e+07 8.7697233368e+07 1.2182191549e+00 2.8949828435e+01 -1.7309502463e+08
1.5936534991e+05 1.8850781877e-13 4.8615311298e-14 -5.9760115743e+06 2.2686514406e+06 2.2927820995e-18 1.5690116613e-17 -1.9000373056e+00 -6.8160039944e+02 -5.2802865625e+11 1.3676344381e+07 8.7907773020e+07 9.2064692363e-01 2.7977838729e+01 -1.6209313124e+08
1.5936627056e+05 1.8850992411e-13 4.8629758444e-14 -5.9760094741e+06 2.2680341777e+06 2.2808314175e-18 1.5694652787e-17 6.4103347645e+00 -6.5948177844e+02 -5.2817289001e+11 1.3675613071e+07 8.8122871326e+07 1.0962124992e+00 2.7005892256e+01 -1.5139124923e+08
1.5936736677e+05 1.8851241659e-13 4.8646966079e-14 -5.9759972030e+06 2.2673251689e+06 2.2666001639e-18 1.5700053033e-17 1.5907266673e+01 -6.3427865396e+02 -5.2833237838e+11 1.3671347945e+07 8.8369348152e+07 1.2751567328e+00 2.5919472181e+01 -1.3978536715e+08
1.5936864193e+05 1.8851529630e-13 4.8666990111e-14 -5.9759701482e+06 2.2665342890e+06 2.2500436636e-18 1.5706333566e-17 2.6435725541e+01 -6.0641724640e+02 -5.2850275645e+11 1.3661964426e+07 8.8643677463e+07 1.3867631548e+00 2.4746219484e+01 -1.2767668554e+08
1.5937002869e+05 1.8851840409e-13 4.8688775811e-14 -5.9759258949e+06 2.2657133855e+06 2.2320354871e-18 1.5713162389e-17 3.7285321992e+01 -5.7777272692e+02 -5.2867155350e+11 1.3646641166e+07 8.8927937608e+07 1.4667230771e+00 2.3572575823e+01 -1.1600733078e+08
1.5937149541e+05 1.8852166390e-13 4.8711827965e-14 -5.9758631856e+06 2.2648871066e+06 2.2129860825e-18 1.5720383491e-17 4.8116776687e+01 -5.4921412750e+02 -5.2883356718e+11 1.3624945487e+07 8.9213810125e+07 1.5288041696e+00 2.2437971319e+01 -1.0514886169e+08
1.5937302422e+05 1.8852503194e-13 4.8735867105e-14 -5.9757814193e+06 2.2640690984e+06 2.1931272797e-18 1.5727908772e-17 5.8740597614e+01 -5.2120034652e+02 -5.2898657381e+11 1.3596651194e+07 8.9496868243e+07 1.5798331520e+00 2.1362396609e+01 -9.5238906244e+07
1.5937460405e+05 1.8852848051e-13 4.8760720719e-14 -5.9756803931e+06 2.2632674111e+06 2.1726023483e-18 1.5735683813e-17 6.9042648261e+01 -4.9398188383e+02 -5.2912981431e+11 1.3561643734e+07 8.9774657719e+07 1.6236665451e+00 2.0355951790e+01 -8.6302311031e+07
1.5937622772e+05 1.8853199096e-13 4.8786276708e-14 -5.9755601562e+06 2.2624869136e+06 2.1515045314e-18 1.5743673223e-17 7.8950716089e+01 -4.6769188510e+02 -5.2926329856e+11 1.3519866148e+07 9.0045835466e+07 1.6627148262e+00 1.9423210287e+01 -7.8307109726e+07
1.5937789043e+05 1.8853555034e-13 4.8812460748e-14 -5.9754209205e+06 2.2617305258e+06 2.1298958015e-18 1.5751853507e-17 8.8417372607e+01 -4.4239300938e+02 -5.2938744741e+11 1.3471285393e+07 9.0309728566e+07 1.6986313844e+00 1.8565476574e+01 -7.1193180879e+07
1.5937958906e+05 1.8853914949e-13 4.8839224438e-14 -5.9752629991e+06 2.2609999056e+06 2.1078166781e-18 1.5760209326e-17 9.7410380245e+01 -4.1810375049e+02 -5.2950289578e+11 1.3415869434e+07 9.0566088216e+07 1.7326654175e+00 1.7782049299e+01 -6.4887769785e+07
1.5938132173e+05 1.8854278212e-13 4.8866538991e-14 -5.9750867620e+06 2.2602958558e+06 2.0852914662e-18 1.5768731501e-17 1.0590698245e+02 -3.9481413959e+02 -5.2961038029e+11 1.3353569987e+07 9.0814944338e+07 1.7658640548e+00 1.7070964468e+01 -5.9314114819e+07
1.5938308759e+05 1.8854644419e-13 4.8894392095e-14 -5.9748925973e+06 2.2596185752e+06 2.0623308706e-18 1.5777416015e-17 1.1389034533e+02 -3.7249551899e+02 -5.2971067419e+11 1.3284307894e+07 9.1056516527e+07 1.7992047729e+00 1.6429446720e+01 -5.4396241712e+07
1.5938488680e+05 1.8855013370e-13 4.8922786857e-14 -5.9746808762e+06 2.2589678169e+06 2.0389328912e-18 1.5786263663e-17 1.2134726017e+02 -3.5110677446e+02 -5.2980455028e+11 1.3207958938e+07 9.1291159010e+07 1.8336985204e+00 1.5854187616e+01 -5.0061543054e+07
1.5938672050e+05 1.8855385062e-13 4.8951742372e-14 -5.9744519146e+06 2.2583429871e+06 2.0150823781e-18 1.5795280217e-17 1.2826661051e+02 -3.3059830802e+02 -5.2989276110e+11 1.3124338152e+07 9.1519327841e+07 1.8704897042e+00 1.5341517264e+01 -4.6242044812e+07
1.5938859099e+05 1.8855759705e-13 4.8981295882e-14 -5.9742059276e+06 2.2577432025e+06 1.9907492843e-18 1.5804477081e-17 1.3463830568e+02 -3.1091443780e+02 -5.2997603062e+11 1.3033180324e+07 9.1741564409e+07 1.8901885511e+00 1.4887508003e+01 -4.2874879608e+07
1.5939048117e+05 1.8856133670e-13 4.9011178107e-14 -5.9739458903e+06 2.2571733862e+06 1.9661558486e-18 1.5813770330e-17 1.4039294232e+02 -2.9219422375e+02 -5.3005422432e+11 1.2935222737e+07 9.1956185511e+07 1.9010679073e+00 1.4492055142e+01 -3.9932337086e+07
1.5939238224e+05 1.8856505098e-13 4.9041250042e-14 -5.9736740277e+06 2.2566349246e+06 1.9414167946e-18 1.5823116727e-17 1.4550639658e+02 -2.7446633446e+02 -5.3012764275e+11 1.2830945468e+07 9.2162689250e+07 1.9130013929e+00 1.4151435025e+01 -3.7367306582e+07
1.5939429524e+05 1.8856874110e-13 4.9071528682e-14 -5.9733912819e+06 2.2561261021e+06 1.9165184044e-18 1.5832521575e-17 1.4998870461e+02 -2.5766347351e+02 -5.3019693039e+11 1.2720351900e+07 9.2361679323e+07 1.9258919639e+00 1.3859662942e+01 -3.5122943659e+07
1.5939622114e+05 1.8857240797e-13 4.9102029526e-14 -5.9730985990e+06 2.2556453670e+06 1.8914482170e-18 1.5841989697e-17 1.5384936797e+02 -2.4172924684e+02 -5.3026263164e+11 1.2603448380e+07 9.2553663870e+07 1.9396764385e+00 1.3611020325e+01 -3.3150357301e+07
1.5939816081e+05 1.8857605227e-13 4.9132767108e-14 -5.9727969281e+06 2.2551912946e+06 1.8661945894e-18 1.5851525596e-17 1.5709848388e+02 -2.2661667532e+02 -5.3032520609e+11 1.2480251201e+07 9.2739069118e+07 1.9541082599e+00 1.3400007433e+01 -3.1407320494e+07
1.5940011492e+05 1.8857967416e-13 4.9163752092e-14 -5.9724872525e+06 2.2547626033e+06 1.8407490855e-18 1.5861132560e-17 1.5974749039e+02 -2.1228837759e+02 -5.3038503442e+11 1.2350807207e+07 9.2918232441e+07 1.9686946598e+00 1.3221345122e+01 -2.9857447138e+07
1.5940208362e+05 1.8858327279e-13 4.9194987346e-14 -5.9721706307e+06 2.2543581703e+06 1.8151096860e-18 1.5870811450e-17 1.6181009298e+02 -1.9871669141e+02 -5.3044242250e+11 1.2215220835e+07 9.3091394104e+07 1.9826338077e+00 1.3069990578e+01 -2.8469540106e+07
1.5940406625e+05 1.8858684589e-13 4.9226463016e-14 -5.9718482462e+06 2.2539770447e+06 1.7892848197e-18 1.5880559178e-17 1.6330340115e+02 -1.8588359903e+02 -5.3049760378e+11 1.2073687853e+07 9.3258688817e+07 1.9947801758e+00 1.2941168852e+01 -2.7217085769e+07
1.5940606103e+05 1.8859038920e-13 4.9258151023e-14 -5.9715214586e+06 2.2536184516e+06 1.7632978488e-18 1.5890367016e-17 1.6424926387e+02 -1.7378017953e+02 -5.3055074142e+11 1.1926533496e+07 9.3420140296e+07 2.0036810572e+00 1.2830421066e+01 -2.6077858716e+07
1.5940806471e+05 1.8859389614e-13 4.9290000121e-14 -5.9711918440e+06 2.2532817757e+06 1.7371910827e-18 1.5900219090e-17 1.6467568428e+02 -1.6240519505e+02 -5.3060193182e+11 1.1774248462e+07 9.3575664247e+07 2.0077340471e+00 1.2733668315e+01 -2.5033586891e+07
1.5941007244e+05 1.8859735769e-13 4.9321933443e-14 -5.9708611993e+06 2.2529665172e+06 1.7110277414e-18 1.5910091632e-17 1.6461801923e+02 -1.5176241201e+02 -5.3065121242e+11 1.1617510835e+07 9.3725086723e+07 2.0054870045e+00 1.2647286085e+01 -2.4069613362e+07
1.5941207793e+05 1.8860076292e-13 4.9353850814e-14 -5.9705314900e+06 2.2526722114e+06 1.6848900098e-18 1.5919953722e-17 1.6411948748e+02 -1.4185652551e+02 -5.3069857587e+11 1.1457178782e+07 9.3868183161e+07 1.9960251057e+00 1.2568177589e+01 -2.3174489818e+07
1.5941407396e+05 1.8860410004e-13 4.9385637238e-14 -5.9702047292e+06 2.2523983246e+06 1.6588720438e-18 1.5929769925e-17 1.6323047480e+02 -1.3268816172e+02 -5.3074399089e+11 1.1294242882e+07 9.4004736619e+07 1.9792899512e+00 1.2493828175e+01 -2.2339463645e+07
1.5941605325e+05 1.8860735789e-13 4.9417176505e-14 -5.9698828075e+06 2.2521441528e+06 1.6330688090e-18 1.5939504502e-17 1.6200640087e+02 -1.2424917311e+02 -5.3078742664e+11 1.1129741335e+07 9.4134602915e+07 1.9561567656e+00 1.2422322162e+01 -2.1557879879e+07
1.5941800940e+05 1.8861052749e-13 4.9448366085e-14 -5.9695673227e+06 2.2519087587e+06 1.6075639025e-18 1.5949126000e-17 1.6050447275e+02 -1.1651971319e+02 -5.3082887408e+11 1.0964659644e+07 9.4257762907e+07 1.9282105485e+00 1.2352311745e+01 -2.0824578959e+07
1.5941993761e+05 1.8861360297e-13 4.9479128502e-14 -5.9692594630e+06 2.2516909711e+06 1.5824202866e-18 1.5958610745e-17 1.5878015643e+02 -1.0946799239e+02 -5.3086835872e+11 1.0799845281e+07 9.4374345432e+07 1.8973383742e+00 1.2282942707e+01 -2.0135388358e+07
1.5942183495e+05 1.8861658188e-13 4.9509416241e-14 -5.9689599734e+06 2.2514894394e+06 1.5576763322e-18 1.5967944335e-17 1.5688427240e+02 -1.0305247553e+02 -5.3090594259e+11 1.0635959371e+07 9.4484617525e+07 1.8653357494e+00 1.2213754529e+01 -1.9486765868e+07
1.5942370029e+05 1.8861946478e-13 4.9539210377e-14 -5.9686691963e+06 2.2513027187e+06 1.5333469971e-18 1.5977121191e-17 1.5486123845e+02 -9.7225407192e+01 -5.3094171796e+11 1.0473468794e+07 9.4588951789e+07 1.8336615640e+00 1.2144575995e+01 -1.8875590064e+07
1.5942553395e+05 1.8862225449e-13 4.9568515281e-14 -5.9683871536e+06 2.2511293539e+06 1.5094282035e-18 1.5986142905e-17 1.5274847190e+02 -9.1936432421e+01 -5.3097579723e+11 1.0312667242e+07 9.4687785752e+07 1.8033591373e+00 1.2075432061e+01 -1.8299053871e+07
1.5942733731e+05 1.8862495532e-13 4.9597352039e-14 -5.9681136393e+06 2.2509679463e+06 1.4859022492e-18 1.5995016201e-17 1.5057664161e+02 -8.7135521943e+01 -5.3100830277e+11 1.0153709686e+07 9.4781584815e+07 1.7750900455e+00 1.2006469368e+01 -1.7754613101e+07
1.5942911240e+05 1.8862757238e-13 4.9625752386e-14 -5.9678483019e+06 2.2508171951e+06 1.4627427831e-18 1.6003751058e-17 1.4837039052e+02 -8.2774944798e+01 -5.3103935894e+11 9.9966482200e+06 9.4870814285e+07 1.7492158856e+00 1.1937901145e+01 -1.7239956969e+07
1.5943086161e+05 1.8863011107e-13 4.9653753930e-14 -5.9675907072e+06 2.2506759178e+06 1.4399187160e-18 1.6012359234e-17 1.4614923230e+02 -7.8810381539e+01 -5.3106908655e+11 9.8414630465e+06 9.4955921100e+07 1.7258862933e+00 1.1869968775e+01 -1.6752984877e+07
1.5943086161e+05 1.8863011107e-13 4.9653753930e-14 -5.9675907072e+06 2.2506759178e+06 1.4399187160e-18 1.6012359234e-17 1.4614923230e+02 -7.8810381539e+01 -5.3106908655e+11 9.8414630465e+06 9.4955921100e+07 1.7258862933e+00 1.1869968775e+01 -1.6752984877e+07
