0.0000000000e+00 0.0000000000e+00 0.0000000000e+00 3.1415900000e+08 0.0000000000e+00 0.0000000000e+00 0.0000000000e+00 -1.1985026379e+03 5.9928516033e+01 -4.6638893045e+09 -1.0187272422e+07 5.0939238628e+05 1.0000000000e+01 0.0000000000e+00 -0.0000000000e+00
1.0000000000e+01 2.8740026639e-22 1.8275267250e-28 3.1414701477e+08 5.9928516020e+02 5.7480784260e-23 5.4826847597e-29 -1.1985430232e+03 5.9928515995e+01 -4.6638893045e+09 -1.0187272422e+07 5.0939238628e+05 5.0000000000e+01 0.0000000000e+00 -0.0000000000e+00
6.0000000000e+01 1.0347725601e-20 3.9485875459e-26 3.1408708257e+08 3.5957109343e+03 3.4495051176e-22 1.9745197999e-27 -1.1987449960e+03 5.9928514646e+01 -4.6638893045e+09 -1.0187272422e+07 5.0939238628e+05 2.5000000000e+02 0.0000000000e+00 -0.0000000000e+00
3.1000000000e+02 2.7640263225e-19 5.4537472162e-24 3.1378726999e+08 1.8577836139e+04 1.7839468247e-21 5.2809458717e-26 -1.1997560179e+03 5.9928478930e+01 -4.6638893045e+09 -1.0187272422e+07 5.0939238628e+05 1.2500000000e+03 0.0000000000e+00 -0.0000000000e+00
1.5600000000e+03 7.0219052852e-18 7.0001188170e-22 3.1228440238e+08 9.3487993192e+04 9.0204379457e-21 1.3502157280e-24 -1.2048402914e+03 5.9927567388e+01 -4.6638893045e+09 -1.0187272422e+07 5.0939238628e+05 3.6000000000e+03 0.0000000000e+00 -0.0000000000e+00
5.1600000000e+03 7.7543909926e-17 2.5869460252e-20 3.0792024495e+08 3.0921296715e+05 3.0258077732e-20 1.5192550692e-23 -1.2197616073e+03 5.9917841926e+01 -4.6638893044e+09 -1.0187272422e+07 5.0939238628e+05 3.6000000000e+03 0.0000000000e+00 -0.0000000000e+00
8.7600000000e+03 2.2561736087e-16 1.2931130729e-19 3.0350160079e+08 5.2488294785e+05 5.2110222428e-20 4.5060301345e-23 -1.2351146671e+03 5.9896857196e+01 -4.6638893042e+09 -1.0187272422e+07 5.0939238628e+05 3.6000000000e+03 0.0000000000e+00 -0.0000000000e+00
1.2360000000e+04 4.5351713605e-16 3.7123705993e-19 2.9902687159e+08 7.4045563138e+05 7.4612156118e-20 9.2377830347e-23 -1.2509242610e+03 5.9863612457e+01 -4.6638893041e+09 -1.0187272422e+07 5.0939238628e+05 3.6000000000e+03 0.0000000000e+00 -0.0000000000e+00
1.5960000000e+04 7.6365042855e-16 8.1726035051e-19 2.9449436609e+08 9.5588491838e+05 9.7802156200e-20 1.5872521122e-22 -1.2672172822e+03 5.9816997567e+01 -4.6638893040e+09 -1.0187272422e+07 5.0939238628e+05 3.6000000000e+03 0.0000000000e+00 -0.0000000000e+00
1.9560000000e+04 1.1585681219e-15 1.5389944890e-18 2.8990229207e+08 1.1711204942e+06 1.2172183391e-19 2.4585930848e-22 -1.2840229663e+03 5.9755778176e+01 -4.6638893038e+09 -1.0187272422e+07 5.0939238628e+05 3.6000000000e+03 0.0000000000e+00 -0.0000000000e+00
2.3160000000e+04 1.6409774773e-15 2.6147319631e-18 2.8524874744e+08 1.3861073514e+06 1.4641652394e-19 3.5573832629e-22 -1.3013731650e+03 5.9678578470e+01 -4.6638893036e+09 -1.0187272422e+07 5.0939238628e+05 3.6000000000e+03 0.0000000000e+00 -0.0000000000e+00
2.6760000000e+04 2.2137563246e-15 4.1302195553e-18 2.8053171026e+08 1.6007852454e+06 1.7193573182e-19 4.9055050534e-22 -1.3193026603e+03 5.9583861019e+01 -4.6638893033e+09 -1.0187272422e+07 5.0939238628e+05 3.6000000000e+03 0.0000000000e+00 -0.0000000000e+00
3.0360000000e+04 2.8799689827e-15 6.1795454624e-18 2.7574902759e+08 1.8150880708e+06 1.9833364948e-19 6.5274780438e-22 -1.3378495266e+03 5.9469903105e+01 -4.6638893030e+09 -1.0187272422e+07 5.0939238628e+05 3.6000000000e+03 0.0000000000e+00 -0.0000000000e+00
3.3960000000e+04 3.6428841787e-15 8.8661581574e-18 2.7089840285e+08 2.0289431461e+06 2.2566975177e-19 8.4508559991e-22 -1.3570555505e+03 5.9334768833e+01 -4.6638893027e+09 -1.0187272422e+07 5.0939238628e+05 3.6000000000e+03 0.0000000000e+00 -0.0000000000e+00
3.7560000000e+04 4.5059952815e-15 1.2304040887e-17 2.6597738165e+08 2.2422703878e+06 2.5400948955e-19 1.0706696899e-21 -1.3769667169e+03 5.9176276105e+01 -4.6638893023e+09 -1.0187272422e+07 5.0939238628e+05 3.6000000000e+03 0.0000000000e+00 -0.0000000000e+00
4.1160000000e+04 5.4730432335e-15 1.6619070888e-17 2.6098333564e+08 2.4549813562e+06 2.8342509837e-19 1.3330122097e-21 -1.3976337776e+03 5.8991957337e+01 -4.6638893018e+09 -1.0187272422e+07 5.0939238628e+05 3.6000000000e+03 0.0000000000e+00 -0.0000000000e+00
4.4760000000e+04 6.5480426364e-15 2.1950598903e-17 2.5591344421e+08 2.6669781451e+06 3.1399654661e-19 1.6360984861e-21 -1.4191129174e+03 5.8779012485e+01 -4.6638893012e+09 -1.0187272422e+07 5.0939238628e+05 3.6000000000e+03 0.0000000000e+00 -0.0000000000e+00
4.8360000000e+04 7.7353115438e-15 2.8453292819e-17 2.5076467355e+08 2.8781520866e+06 3.4581265247e-19 1.9844673968e-21 -1.4414665391e+03 5.8534252587e+01 -4.6638893006e+09 -1.0187272422e+07 5.0939238628e+05 3.6000000000e+03 0.0000000000e+00 -0.0000000000e+00
5.1960000000e+04 9.0395056340e-15 3.6299299702e-17 2.4553375263e+08 3.0883822322e+06 3.7897240694e-19 2.3833085149e-21 -1.4647641925e+03 5.8254031510e+01 -4.6638892997e+09 -1.0187272422e+07 5.0939238628e+05 3.6000000000e+03 0.0000000000e+00 -0.0000000000e+00
5.5560000000e+04 1.0465657584e-14 4.5680793926e-17 2.4021714555e+08 3.2975335624e+06 4.1358654938e-19 2.8385802590e-21 -1.4890836817e+03 5.7934162938e+01 -4.6638892987e+09 -1.0187272422e+07 5.0939238628e+05 3.6000000000e+03 0.0000000000e+00 -0.0000000000e+00
5.9160000000e+04 1.2019222658e-14 5.6812996439e-17 2.3481101951e+08 3.5054548656e+06 4.4977945540e-19 3.3571545244e-21 -1.5145123917e+03 5.7569818760e+01 -4.6638892974e+09 -1.0187272422e+07 5.0939238628e+05 3.6000000000e+03 0.0000000000e+00 -0.0000000000e+00
6.2760000000e+04 1.3706131765e-14 6.9937772818e-17 2.2931120752e+08 3.7119762099e+06 4.8769141327e-19 3.9469949645e-21 -1.5411488873e+03 5.7155403807e+01 -4.6638892959e+09 -1.0187272422e+07 5.0939238628e+05 3.6000000000e+03 0.0000000000e+00 -0.0000000000e+00
6.6360000000e+04 1.5532853556e-14 8.5327947489e-17 2.2371316478e+08 3.9169059119e+06 5.2748138799e-19 4.6173783939e-21 -1.5691048554e+03 5.6684400296e+01 -4.6638892940e+09 -1.0187272422e+07 5.0939238628e+05 3.6000000000e+03 0.0000000000e+00 -0.0000000000e+00
6.9960000000e+04 1.7506467539e-14 1.0329251102e-16 2.1801191732e+08 4.1200268787e+06 5.6933040226e-19 5.3791719601e-21 -1.5985074805e+03 5.6149173099e+01 -4.6638892915e+09 -1.0187272422e+07 5.0939238628e+05 3.6000000000e+03 0.0000000000e+00 -0.0000000000e+00
7.3560000000e+04 1.9634750722e-14 1.2418295035e-16 2.1220200110e+08 4.3210921595e+06 6.1344570531e-19 6.2451831443e-21 -1.6295023734e+03 5.5540723829e+01 -4.6638892884e+09 -1.0187272422e+07 5.0939238628e+05 3.6000000000e+03 0.0000000000e+00 -0.0000000000e+00
7.7160000000e+04 2.1926281016e-14 1.4840100400e-16 2.0627738938e+08 4.5198194976e+06 6.6006595786e-19 7.2306058964e-21 -1.6622572144e+03 5.4848377396e+01 -4.6638892844e+09 -1.0187272422e+07 5.0939238628e+05 3.6000000000e+03 0.0000000000e+00 -0.0000000000e+00
8.0760000000e+04 2.4390561581e-14 1.7640824293e-16 2.0023140535e+08 4.7158845988e+06 7.0946774191e-19 8.3535951278e-21 -1.6969663266e+03 5.4059378374e+01 -4.6638892792e+09 -1.0187272422e+07 5.0939238628e+05 3.6000000000e+03 0.0000000000e+00 -0.0000000000e+00
8.4360000000e+04 2.7038171604e-14 2.0873801608e-16 1.9405661620e+08 4.9089127382e+06 7.6197381788e-19 9.6360147572e-21 -1.7338564779e+03 5.3158365430e+01 -4.6638892723e+09 -1.0187272422e+07 5.0939238628e+05 3.6000000000e+03 0.0000000000e+00 -0.0000000000e+00
8.7960000000e+04 2.9880950797e-14 2.4601049406e-16 1.8774470348e+08 5.0984681914e+06 8.1796371675e-19 1.1104423656e-20 -1.7731943221e+03 5.2126678613e+01 -4.6638892631e+09 -1.0187272422e+07 5.0939238628e+05 3.6000000000e+03 0.0000000000e+00 -0.0000000000e+00
9.1560000000e+04 3.2932227429e-14 2.8895182462e-16 1.8128630292e+08 5.2840407755e+06 8.7788749601e-19 1.2791392644e-20 -1.8152960645e+03 5.0941434048e+01 -4.6638892506e+09 -1.0187272422e+07 5.0939238628e+05 3.6000000000e+03 0.0000000000e+00 -0.0000000000e+00
9.5160000000e+04 3.6207103290e-14 3.3841882250e-16 1.7467080418e+08 5.4650285024e+06 9.4228384982e-19 1.4737289883e-20 -1.8605401851e+03 4.9574269541e+01 -4.6638892332e+09 -1.0187272422e+07 5.0939238628e+05 3.6000000000e+03 0.0000000000e+00 -0.0000000000e+00
9.8760000000e+04 3.9722814189e-14 3.9543122611e-16 1.6788609756e+08 5.6407149161e+06 1.0118043159e-18 1.6992741290e-20 -1.9093844466e+03 4.7989615917e+01 -4.6638892088e+09 -1.0187272422e+07 5.0939238628e+05 3.6000000000e+03 0.0000000000e+00 -0.0000000000e+00
1.0236000000e+05 4.3499192319e-14 4.6121448109e-16 1.6091824922e+08 5.8102390328e+06 1.0872461835e-18 1.9622083961e-20 -1.9623890152e+03 4.6142270691e+01 -4.6638891735e+09 -1.0187272422e+07 5.0939238628e+05 3.6000000000e+03 0.0000000000e+00 -0.0000000000e+00
1.0596000000e+05 4.7559268442e-14 5.3725745870e-16 1.5375107801e+08 5.9725547891e+06 1.1695980914e-18 2.2708314406e-20 -2.0202484969e+03 4.3973921488e+01 -4.6638891212e+09 -1.0187272422e+07 5.0939238628e+05 3.6000000000e+03 0.0000000000e+00 -0.0000000000e+00
1.0956000000e+05 5.1930070018e-14 6.2539183537e-16 1.4636559474e+08 6.1263752706e+06 1.2601045874e-18 2.6360346446e-20 -2.0838372962e+03 4.1408046742e+01 -4.6638890414e+09 -1.0187272422e+07 5.0939238628e+05 3.4343231806e+03 0.0000000000e+00 -0.0000000000e+00
1.1264729650e+05 5.5950080644e-14 7.1232439747e-16 1.3984104958e+08 6.2503145729e+06 1.3454139862e-18 3.0052210585e-20 -2.1437746761e+03 3.8814186432e+01 -4.6638889851e+09 -1.0187272422e+07 5.0939238628e+05 3.1072735078e+03 0.0000000000e+00 -0.0000000000e+00
1.1575457000e+05 6.0274889872e-14 8.1230159599e-16 1.3307841400e+08 6.3662860596e+06 1.4398069206e-18 3.4419499606e-20 -2.2100940414e+03 3.5745780546e+01 -4.6638888965e+09 -1.0187272422e+07 5.0939238628e+05 2.8022720645e+03 0.0000000000e+00 -0.0000000000e+00
1.1826981460e+05 6.4000244383e-14 9.0394087047e-16 1.2744649646e+08 6.4526362595e+06 1.5236157813e-18 3.8545769269e-20 -2.2689771609e+03 3.2846712024e+01 -4.6638888502e+09 -1.0187272422e+07 5.0939238628e+05 2.5322439660e+03 0.0000000000e+00 -0.0000000000e+00
1.2080205857e+05 6.7973436880e-14 1.0074888954e-15 1.2162007709e+08 6.5316382585e+06 1.6158965315e-18 4.3359833619e-20 -2.3338125304e+03 2.9464407048e+01 -4.6638887789e+09 -1.0187272422e+07 5.0939238628e+05 2.2845022014e+03 0.0000000000e+00 -0.0000000000e+00
1.2285190933e+05 7.1368182310e-14 1.1008694337e-15 1.1677821734e+08 6.5888747051e+06 1.6973888016e-18 4.7847090744e-20 -2.3910680406e+03 2.6311712983e+01 -4.6638887426e+09 -1.0187272422e+07 5.0939238628e+05 2.0645772247e+03 0.0000000000e+00 -0.0000000000e+00
1.2491648655e+05 7.4963378096e-14 1.2048663337e-15 1.1177787383e+08 6.6395347560e+06 1.7866484260e-18 5.3016170677e-20 -2.4537808026e+03 2.2679978235e+01 -4.6638886880e+09 -1.0187272422e+07 5.0939238628e+05 1.8592066010e+03 0.0000000000e+00 -0.0000000000e+00
1.2657886217e+05 7.7997425020e-14 1.2968537663e-15 1.0765382659e+08 6.6745291719e+06 1.8645762921e-18 5.7746356606e-20 -2.5085320045e+03 1.9356605251e+01 -4.6638886617e+09 -1.0187272422e+07 5.0939238628e+05 1.6761407074e+03 0.0000000000e+00 -0.0000000000e+00
1.2807876762e+05 8.0850166406e-14 1.3869900374e-15 1.0385188342e+08 6.7010875959e+06 1.9402192139e-18 6.2531722896e-20 -2.5616778314e+03 1.5994463194e+01 -4.6638886400e+09 -1.0187272422e+07 5.0939238628e+05 1.5132551824e+03 0.0000000000e+00 -0.0000000000e+00
1.2942443377e+05 8.3509453237e-14 1.4742988396e-15 1.0037071535e+08 6.7203892341e+06 2.0129741805e-18 6.7314667757e-20 -2.6127946150e+03 1.2634022404e+01 -4.6638886229e+09 -1.0187272422e+07 5.0939238628e+05 1.3598378222e+03 0.0000000000e+00 -0.0000000000e+00
1.3062085074e+05 8.5958690970e-14 1.5576037663e-15 9.7216000830e+07 6.7335596665e+06 2.0820434869e-18 7.2018957531e-20 -2.6613218971e+03 9.3288437536e+00 -4.6638886102e+09 -1.0187272422e+07 5.0939238628e+05 1.2125652839e+03 0.0000000000e+00 -0.0000000000e+00
1.3166691672e+05 8.8169885979e-14 1.6352663451e-15 9.4408728392e+07 6.7416840342e+06 2.1462181407e-18 7.6532787201e-20 -2.7064102539e+03 6.1574801317e+00 -4.6638886018e+09 -1.0187272422e+07 5.0939238628e+05 1.0668101725e+03 0.0000000000e+00 -0.0000000000e+00
1.3254850210e+05 9.0086925408e-14 1.7045350937e-15 9.2005256642e+07 6.7458487299e+06 2.2033416080e-18 8.0666517321e-20 -2.7465445299e+03 3.2531699812e+00 -4.6638885972e+09 -1.0187272422e+07 5.0939238628e+05 9.1524121742e+02 0.0000000000e+00 -0.0000000000e+00
1.3320364824e+05 9.1544890939e-14 1.7584504168e-15 9.0195712840e+07 6.7472303939e+06 2.2477601981e-18 8.3956307477e-20 -2.7777525088e+03 9.4180212088e-01 -4.6638885960e+09 -1.0187272422e+07 5.0939238628e+05 7.5120968691e+02 0.0000000000e+00 -0.0000000000e+00
1.3395485792e+05 9.3253246323e-14 1.8230132955e-15 8.8095115654e+07 6.7468881566e+06 2.3009322661e-18 8.7981242635e-20 -2.8151105783e+03 -1.8860699689e+00 -4.6638885929e+09 -1.0187272422e+07 5.0939238628e+05 7.8241666771e+02 0.0000000000e+00 -0.0000000000e+00
1.3473727459e+05 9.5076087652e-14 1.8935931569e-15 8.5876680341e+07 6.7441886462e+06 2.3590732421e-18 9.2490647140e-20 -2.8559597440e+03 -5.0543245217e+00 -4.6638885884e+09 -1.0187272422e+07 5.0939238628e+05 8.6873534551e+02 0.0000000000e+00 -0.0000000000e+00
1.3560600994e+05 9.7154821705e-14 1.9762681589e-15 8.3375004648e+07 6.7381641825e+06 2.4272479428e-18 9.7922492405e-20 -2.9038584866e+03 -8.8706751008e+00 -4.6638885786e+09 -1.0187272422e+07 5.0939238628e+05 9.1237906057e+02 0.0000000000e+00 -0.0000000000e+00
1.3651838900e+05 9.9403754925e-14 2.0684168025e-15 8.0701441914e+07 6.7280991528e+06 2.5033934470e-18 1.0417356389e-19 -2.9573574220e+03 -1.3262604387e+01 -4.6638885622e+09 -1.0187272422e+07 5.0939238628e+05 9.2957690249e+02 0.0000000000e+00 -0.0000000000e+00
1.3744796590e+05 1.0176896049e-13 2.1684664208e-15 7.7925575939e+07 6.7135136323e+06 2.5863433215e-18 1.1120451196e-19 -3.0156370280e+03 -1.8202465783e+01 -4.6638885382e+09 -1.0187272422e+07 5.0939238628e+05 9.2941742907e+02 0.0000000000e+00 -0.0000000000e+00
1.3837738333e+05 1.0421363543e-13 2.2753844532e-15 7.5094066849e+07 6.6940928879e+06 2.6754047130e-18 1.1901053234e-19 -3.0782105138e+03 -2.3686883863e+01 -4.6638885054e+09 -1.0187272422e+07 5.0939238628e+05 9.1723606272e+02 0.0000000000e+00 -0.0000000000e+00
1.3929461939e+05 1.0671050427e-13 2.3884138444e-15 7.2240486337e+07 6.6696483635e+06 2.7701370605e-18 1.2760597446e-19 -3.1447683467e+03 -2.9725940374e+01 -4.6638884629e+09 -1.0187272422e+07 5.0939238628e+05 8.9652204902e+02 0.0000000000e+00 -0.0000000000e+00
1.4019114144e+05 1.0923827492e-13 2.5069531004e-15 6.9390020372e+07 6.6400913129e+06 2.8702502856e-18 1.3701748930e-19 -3.2151067209e+03 -3.6338359980e+01 -4.6638884097e+09 -1.0187272422e+07 5.0939238628e+05 8.6972501186e+02 0.0000000000e+00 -0.0000000000e+00
1.4106086645e+05 1.1177976788e-13 2.6304955144e-15 6.6562029600e+07 6.6054131955e+06 2.9755519654e-18 1.4728064712e-19 -3.2890904423e+03 -4.3549133916e+01 -4.6638883447e+09 -1.0187272422e+07 5.0939238628e+05 8.3864477686e+02 0.0000000000e+00 -0.0000000000e+00
1.4189951123e+05 1.1432082558e-13 2.7585956483e-15 6.3771594379e+07 6.5656702854e+06 3.0859171653e-18 1.5843814389e-19 -3.3666317333e+03 -5.1388259884e+01 -4.6638882669e+09 -1.0187272422e+07 5.0939238628e+05 8.0464298017e+02 0.0000000000e+00 -0.0000000000e+00
1.4270415421e+05 1.1684962581e-13 2.8908497417e-15 6.1030522350e+07 6.5209711751e+06 3.2012699342e-18 1.7053881975e-19 -3.4476772317e+03 -5.9890052387e+01 -4.6638881752e+09 -1.0187272422e+07 5.0939238628e+05 7.6876884724e+02 0.0000000000e+00 -0.0000000000e+00
1.4347292306e+05 1.1935622169e-13 3.0268838119e-15 5.8348046085e+07 6.4714664139e+06 3.3215713157e-18 1.8363713017e-19 -3.5321995670e+03 -6.9092771185e+01 -4.6638880684e+09 -1.0187272422e+07 5.0939238628e+05 7.3183954826e+02 0.0000000000e+00 -0.0000000000e+00
1.4420476261e+05 1.2183221665e-13 3.1663462479e-15 5.5731329527e+07 6.4173398052e+06 3.4468112333e-18 1.9779288855e-19 -3.6201916596e+03 -7.9038440487e+01 -4.6638879454e+09 -1.0187272422e+07 5.0939238628e+05 6.9449461992e+02 0.0000000000e+00 -0.0000000000e+00
1.4489925723e+05 1.2427052424e-13 3.3089031457e-15 5.3185849664e+07 6.3588010379e+06 3.5770028029e-18 2.1307118257e-19 -3.7116627248e+03 -8.9772790119e+01 -4.6638878050e+09 -1.0187272422e+07 5.0939238628e+05 6.5723460264e+02 0.0000000000e+00 -0.0000000000e+00
1.4555649183e+05 1.2666518332e-13 3.4542353661e-15 5.0715692961e+07 6.2960794241e+06 3.7121782288e-18 2.2954240825e-19 -3.8066353887e+03 -1.0134527950e+02 -4.6638876458e+09 -1.0187272422e+07 5.0939238628e+05 6.2044953988e+02 0.0000000000e+00 -0.0000000000e+00
1.4617694137e+05 1.2901121093e-13 3.6020366980e-15 4.8323791152e+07 6.2294185674e+06 3.8523857673e-18 2.4728238900e-19 -3.9051435558e+03 -1.1380918127e+02 -4.6638874665e+09 -1.0187272422e+07 5.0939238628e+05 5.8444065096e+02 0.0000000000e+00 -0.0000000000e+00
1.4676138202e+05 1.3130448169e-13 3.7520127388e-15 4.6012112440e+07 6.1590718265e+06 3.9976874345e-18 2.6637255930e-19 -4.0072307977e+03 -1.2722171034e+02 -4.6638872655e+09 -1.0187272422e+07 5.0939238628e+05 5.4943721552e+02 0.0000000000e+00 -0.0000000000e+00
1.4731081923e+05 1.3354162641e-13 3.9038802394e-15 4.3781818922e+07 6.0852984642e+06 4.1481572425e-18 2.8690020066e-19 -4.1129491146e+03 -1.4164418965e+02 -4.6638870415e+09 -1.0187272422e+07 5.0939238628e+05 5.1560998236e+02 0.0000000000e+00 -0.0000000000e+00
1.4782642922e+05 1.3571994529e-13 4.0573667491e-15 4.1633397780e+07 6.0083603893e+06 4.3038798205e-18 3.0895872189e-19 -4.2223579659e+03 -1.5714224716e+02 -4.6638867926e+09 -1.0187272422e+07 5.0939238628e+05 4.8308197226e+02 0.0000000000e+00 -0.0000000000e+00
1.4830951119e+05 1.3783733216e-13 4.2122104470e-15 3.9566771658e+07 5.9285194145e+06 4.4649493203e-18 3.3264797904e-19 -4.3355235015e+03 -1.7378604054e+02 -4.6638865172e+09 -1.0187272422e+07 5.0939238628e+05 4.5193728500e+02 0.0000000000e+00 -0.0000000000e+00
1.4876144847e+05 1.3989220774e-13 4.3681600850e-15 3.7581392225e+07 5.8460349644e+06 4.6314685349e-18 3.5807463210e-19 -4.4525179426e+03 -1.9165050784e+02 -4.6638862135e+09 -1.0187272422e+07 5.0939238628e+05 4.2222833572e+02 0.0000000000e+00 -0.0000000000e+00
1.4918367681e+05 1.4188346016e-13 4.5249749906e-15 3.5676319926e+07 5.7611621742e+06 4.8035481797e-18 3.8535253707e-19 -4.5734190766e+03 -2.1081564295e+02 -4.6638858796e+09 -1.0187272422e+07 5.0939238628e+05 3.9398183905e+02 0.0000000000e+00 -0.0000000000e+00
1.4957765865e+05 1.4381039164e-13 4.6824250943e-15 3.3850292266e+07 5.6741503307e+06 4.9813062957e-18 4.1460317295e-19 -4.6983098376e+03 -2.3136679560e+02 -4.6638855133e+09 -1.0187272422e+07 5.0939238628e+05 3.6720377942e+02 0.0000000000e+00 -0.0000000000e+00
1.4994486243e+05 1.4567267037e-13 4.8402909568e-15 3.2101782440e+07 5.5852416105e+06 5.1648677489e-18 4.4595610387e-19 -4.8272779551e+03 -2.5339499601e+02 -4.6638851124e+09 -1.0187272422e+07 5.0939238628e+05 3.4188355037e+02 0.0000000000e+00 -0.0000000000e+00
1.5028674598e+05 1.4747028703e-13 4.9983637832e-15 3.0429049786e+07 5.4946700762e+06 5.3543638009e-18 4.7954947717e-19 -4.9604156519e+03 -2.7699730487e+02 -4.6638846747e+09 -1.0187272422e+07 5.0939238628e+05 3.1799740556e+02 0.0000000000e+00 -0.0000000000e+00
1.5060474338e+05 1.4920351533e-13 5.1564454119e-15 2.8830183246e+07 5.4026608963e+06 5.5499317353e-18 5.1553055872e-19 -5.0978193818e+03 -3.0227718946e+02 -4.6638841977e+09 -1.0187272422e+07 5.0939238628e+05 2.9551133824e+02 0.0000000000e+00 -0.0000000000e+00
1.5090025472e+05 1.5087287621e-13 5.3143482738e-15 2.7303138808e+07 5.3094297592e+06 5.7517145243e-18 5.5405630703e-19 -5.2395895954e+03 -3.2934492698e+02 -4.6638836788e+09 -1.0187272422e+07 5.0939238628e+05 2.7438348097e+02 0.0000000000e+00 -0.0000000000e+00
1.5117463820e+05 1.5247910538e-13 5.4718953193e-15 2.5845771765e+07 5.2151824533e+06 5.9598605257e-18 5.9529398828e-19 -5.3858305272e+03 -3.5831803668e+02 -4.6638831151e+09 -1.0187272422e+07 5.0939238628e+05 2.5456610207e+02 0.0000000000e+00 -0.0000000000e+00
1.5142920431e+05 1.5402312377e-13 5.6289199123e-15 2.4455864465e+07 5.1201145904e+06 6.1745231986e-18 6.3942183426e-19 -5.5366499957e+03 -3.8932174211e+02 -4.6638825037e+09 -1.0187272422e+07 5.0939238628e+05 2.3600726244e+02 0.0000000000e+00 -0.0000000000e+00
1.5166521157e+05 1.5550601083e-13 5.7852656914e-15 2.3131150137e+07 5.0244114503e+06 6.3958608313e-18 6.8662974597e-19 -5.6921592125e+03 -4.2248946549e+02 -4.6638818414e+09 -1.0187272422e+07 5.0939238628e+05 2.1865218505e+02 0.0000000000e+00 -0.0000000000e+00
1.5188386375e+05 1.5692898029e-13 5.9407864015e-15 2.1869333312e+07 4.9282479300e+06 6.6240362734e-18 7.3712004572e-19 -5.8524725937e+03 -4.5796335609e+02 -4.6638811250e+09 -1.0187272422e+07 5.0939238628e+05 2.0244438169e+02 0.0000000000e+00 -0.0000000000e+00
1.5208630813e+05 1.5829335831e-13 6.0953456971e-15 2.0668107241e+07 4.8317885787e+06 6.8592166647e-18 7.9110828066e-19 -6.0177075698e+03 -4.9589485480e+02 -4.6638803509e+09 -1.0187272422e+07 5.0939238628e+05 1.8732657402e+02 0.0000000000e+00 -0.0000000000e+00
1.5227363471e+05 1.5960056370e-13 6.2488169202e-15 1.9525168722e+07 4.7351877064e+06 7.1015731557e-18 8.4882408132e-19 -6.1879843892e+03 -5.3644529734e+02 -4.6638795153e+09 -1.0187272422e+07 5.0939238628e+05 1.7324144127e+02 0.0000000000e+00 -0.0000000000e+00
1.5244687615e+05 1.6085209016e-13 6.4010828572e-15 1.8438230628e+07 4.6385895530e+06 7.3512806130e-18 9.1051207896e-19 -6.3634259109e+03 -5.7978655874e+02 -4.6638786142e+09 -1.0187272422e+07 5.0939238628e+05 1.6013222065e+02 0.0000000000e+00 -0.0000000000e+00
1.5260700837e+05 1.6204949037e-13 6.5520354758e-15 1.7405032442e+07 4.5421285054e+06 7.6085173037e-18 9.7643288549e-19 -6.5441573835e+03 -6.2610174187e+02 -4.6638776434e+09 -1.0187272422e+07 5.0939238628e+05 1.4794318418e+02 0.0000000000e+00 -0.0000000000e+00
1.5275495155e+05 1.6319436167e-13 6.7015756471e-15 1.6423349040e+07 4.4459293558e+06 7.8734645527e-18 1.0468641407e-18 -6.7303062036e+03 -6.7558591315e+02 -4.6638765983e+09 -1.0187272422e+07 5.0939238628e+05 1.3662001142e+02 0.0000000000e+00 -0.0000000000e+00
1.5289157157e+05 1.6428833337e-13 6.8496128549e-15 1.5490997948e+07 4.3501075898e+06 8.1463063679e-18 1.1221016313e-18 -6.9220016531e+03 -7.2844688893e+02 -4.6638754742e+09 -1.0187272422e+07 5.0939238628e+05 1.2611007416e+02 0.0000000000e+00 -0.0000000000e+00
1.5301768164e+05 1.6533305544e-13 6.9960648943e-15 1.4605845258e+07 4.2547696995e+06 8.4272290239e-18 1.2024604876e-18 -7.1193746062e+03 -7.8490607599e+02 -4.6638742661e+09 -1.0187272422e+07 5.0939238628e+05 1.1636264834e+02 0.0000000000e+00 -0.0000000000e+00
1.5313404429e+05 1.6633018847e-13 7.1408575645e-15 1.3765810381e+07 4.1600135136e+06 8.7164206006e-18 1.2882764624e-18 -7.3225572057e+03 -8.4519937025e+02 -4.6638729684e+09 -1.0187272422e+07 5.0939238628e+05 1.0732906468e+02 0.0000000000e+00 -0.0000000000e+00
1.5324137335e+05 1.6728139488e-13 7.2839243562e-15 1.2968869779e+07 4.0659285405e+06 9.0140704664e-18 1.3799072991e-18 -7.5316824997e+03 -9.0957811810e+02 -4.6638715755e+09 -1.0187272422e+07 5.0939238628e+05 9.8962809016e+01 0.0000000000e+00 -0.0000000000e+00
1.5334033616e+05 1.6818833117e-13 7.4252061369e-15 1.2213059825e+07 3.9725963179e+06 9.3203687004e-18 1.4777341961e-18 -7.7468840354e+03 -9.7831014504e+02 -4.6638700814e+09 -1.0187272422e+07 5.0939238628e+05 9.1219580292e+01 0.0000000000e+00 -0.0000000000e+00
1.5343155574e+05 1.6905264117e-13 7.5646508358e-15 1.1496478879e+07 3.8800907670e+06 9.6355054422e-18 1.5821633736e-18 -7.9682954027e+03 -1.0516808566e+03 -4.6638684795e+09 -1.0187272422e+07 5.0939238628e+05 8.4057314986e+01 0.0000000000e+00 -0.0000000000e+00
1.5351561306e+05 1.6987595021e-13 7.7022131316e-15 1.0817288723e+07 3.7884785465e+06 9.9596701611e-18 1.6936277516e-18 -8.1960497204e+03 -1.1299944172e+03 -4.6638667632e+09 -1.0187272422e+07 5.0939238628e+05 7.7436183579e+01 2.8258055087e-301 -1.9872597644e-293
1.5359304924e+05 1.7065986007e-13 7.8378541422e-15 1.0173715406e+07 3.6978194038e+06 1.0293050833e-17 1.8125887484e-18 -8.4302790586e+03 -1.2135750140e+03 -4.6638649251e+09 -1.0187272422e+07 5.0939238628e+05 7.1318564414e+01 4.7174290479e-263 -3.4152316823e-255
1.5366436781e+05 1.7140594473e-13 7.9715411208e-15 9.5640496144e+06 3.6081665212e+06 1.0635833014e-17 1.9395382074e-18 -8.6711137864e+03 -1.3027682104e+03 -4.6638629576e+09 -1.0187272422e+07 5.0939238628e+05 6.5669000526e+01 7.4307051202e-227 -5.5382294722e-219
1.5373003681e+05 1.7211574672e-13 8.1032471577e-15 8.9866466118e+06 3.5195668549e+06 1.0988198795e-17 2.0750004649e-18 -8.9186818382e+03 -1.3979423988e+03 -4.6638608526e+09 -1.0187272422e+07 5.0939238628e+05 6.0454142079e+01 1.3857334338e-192 -1.0633341822e-184
1.5379049095e+05 1.7279077415e-13 8.2329508901e-15 8.4399258338e+06 3.4320614654e+06 1.1350325620e-17 2.2195345690e-18 -9.1731078854e+03 -1.4994903600e+03 -4.6638586015e+09 -1.0187272422e+07 5.0939238628e+05 5.5642678692e+01 3.8050347320e-160 -3.0062167913e-152
1.5384613363e+05 1.7343249819e-13 8.3606362210e-15 7.9223701755e+06 3.3456858373e+06 1.1722384964e-17 2.3737366631e-18 -9.4345124030e+03 -1.6078309371e+03 -4.6638561952e+09 -1.0187272422e+07 5.0939238628e+05 5.1205263866e+01 1.8965111886e-129 -1.5428033074e-121
1.5389733889e+05 1.7404235113e-13 8.4862920472e-15 7.4325250303e+06 3.2604701876e+06 1.2104540825e-17 2.5382425474e-18 -9.7030106154e+03 -1.7234108361e+03 -4.6638536241e+09 -1.0187272422e+07 5.0939238628e+05 4.7114433932e+01 2.0970150849e-100 -1.7565948182e-92
1.5394445332e+05 1.7462172482e-13 8.6099119986e-15 6.9689971207e+06 3.1764397622e+06 1.2496948041e-17 2.7137304356e-18 -9.9787113086e+03 -1.8467065618e+03 -4.6638508781e+09 -1.0187272422e+07 5.0939238628e+05 4.3344523527e+01 6.2336506222e-73 -5.3771032969e-65
1.5398779785e+05 1.7517196950e-13 8.7314941888e-15 6.5304531573e+06 3.0936151187e+06 1.2899750373e-17 2.9009239223e-18 -1.0261715488e+04 -1.9782265033e+03 -4.6638479463e+09 -1.0187272422e+07 5.0939238628e+05 3.9871578947e+01 5.9871285031e-47 -5.3184001029e-39
1.5402766943e+05 1.7569439300e-13 8.8510409779e-15 6.1156183612e+06 3.0120123957e+06 1.3313078354e-17 3.1005951820e-18 -1.0552114865e+04 -2.1185131813e+03 -4.6638448174e+09 -1.0187272422e+07 5.0939238628e+05 3.6673270964e+01 2.2149033702e-22 -2.0262547002e-14
1.5403133675e+05 1.7574329031e-13 8.8624483159e-15 6.0768683847e+06 3.0042175117e+06 1.3353449708e-17 3.1205160264e-18 -1.0580479303e+04 -2.1325093321e+03 -4.6638448174e+09 -1.0187272422e+07 5.0939238628e+05 1.8336635482e+01 4.3628551076e-20 -4.0025959586e-12
1.5404967339e+05 1.7599004154e-13 8.9206104149e-15 5.8815273664e+06 2.9644523925e+06 1.3561886698e-17 3.2245655174e-18 -1.0726924680e+04 -2.2056132804e+03 -4.6638447232e+09 -1.0187272422e+07 5.0939238633e+05 3.4028237885e+01 1.6020496906e-08 -1.4912889500e+00
1.5405307621e+05 1.7603625809e-13 8.9316172782e-15 5.8449778688e+06 2.9569230260e+06 1.3601827163e-17 3.2447338182e-18 -1.0754986380e+04 -2.2197832910e+03 -4.6638448725e+09 -1.0187272408e+07 5.0939238907e+05 1.7014118943e+01 2.3349526042e-06 -2.1795435605e+02
1.5405477763e+05 1.7605941750e-13 8.9371465656e-15 5.8266671892e+06 2.9531401768e+06 1.3621951348e-17 3.2549239290e-18 -1.0769125378e+04 -2.2269427393e+03 -4.6638465289e+09 -1.0187272261e+07 5.0939241957e+05 8.5070594713e+00 2.8325292912e-05 -2.6476852181e+03
1.5405634307e+05 1.7608075648e-13 8.9422493524e-15 5.8097984837e+06 2.9496488337e+06 1.3640559056e-17 3.2643630061e-18 -1.0782198765e+04 -2.2335744888e+03 -4.6638627124e+09 -1.0187270821e+07 5.0939271766e+05 5.8385339450e+00 2.8228942227e-04 -2.6420732253e+04
1.5405805238e+05 1.7610408980e-13 8.9478380040e-15 5.7913561625e+06 2.9458247493e+06 1.3660978035e-17 3.2747395344e-18 -1.0796542765e+04 -2.2408644728e+03 -4.6640669409e+09 -1.0187252678e+07 5.0939648112e+05 3.5978047148e+00 3.4861170728e-03 -3.2674136896e+05
1.5405962596e+05 1.7612560132e-13 8.9529986349e-15 5.7743564907e+06 2.9422932562e+06 1.3679869964e-17 3.2843574484e-18 -1.0809794805e+04 -2.2476174991e+03 -4.6660988018e+09 -1.0187072423e+07 5.0943393901e+05 2.2221419229e+00 3.5365066929e-02 -3.3189553140e+06
1.5406088119e+05 1.7614278227e-13 8.9571261150e-15 5.7607810431e+06 2.9394685794e+06 1.3695005238e-17 3.2920749238e-18 -1.0820302728e+04 -2.2530134959e+03 -4.6781796227e+09 -1.0186001912e+07 5.0965672944e+05 1.4697878354e+00 2.2495761255e-01 -2.1133687496e+07
1.5406186157e+05 1.7615621437e-13 8.9603565615e-15 5.7501691482e+06 2.9372577267e+06 1.3706866961e-17 3.2981307344e-18 -1.0828151883e+04 -2.2571672319e+03 -4.7247203234e+09 -1.0181881509e+07 5.1051527458e+05 1.0595271015e+00 9.5537967605e-01 -8.9822613779e+07
1.5406264522e+05 1.7616695944e-13 8.9629430350e-15 5.7416815200e+06 2.9354876587e+06 1.3716374145e-17 3.3029892457e-18 -1.0833450725e+04 -2.2602927804e+03 -4.8573758922e+09 -1.0170144767e+07 5.1296314174e+05 8.1804711385e-01 3.0369647998e+00 -2.8567886640e+08
1.5406329160e+05 1.7617582801e-13 8.9650793285e-15 5.7346780576e+06 2.9340259152e+06 1.3724233322e-17 3.3070087744e-18 -1.0835757604e+04 -2.2624458129e+03 -5.1663596206e+09 -1.0142818235e+07 5.1866699099e+05 6.6362577904e-01 7.8832788391e+00 -7.4173899867e+08
1.5406384015e+05 1.7618335822e-13 8.9668943142e-15 5.7287344021e+06 2.9327845232e+06 1.3730915234e-17 3.3104284817e-18 -1.0833934421e+04 -2.2634870909e+03 -5.7928309746e+09 -1.0087416803e+07 5.3023862053e+05 5.5813927439e-01 1.7700220236e+01 -1.6651801465e+09
1.5406431717e+05 1.7618990956e-13 8.9684741712e-15 5.7235679313e+06 2.9317048193e+06 1.3736735092e-17 3.3134087123e-18 -1.0826039297e+04 -2.2630764170e+03 -6.9442338498e+09 -9.9855520518e+06 5.5152728493e+05 4.8272783198e-01 3.5711690763e+01 -3.3572703440e+09
1.5406474116e+05 1.7619573491e-13 8.9698795890e-15 5.7189809259e+06 2.9307457175e+06 1.3741915147e-17 3.3160626506e-18 -1.0809125403e+04 -2.2606434150e+03 -8.9167635697e+09 -9.8108486722e+06 5.8805712152e+05 4.2748520917e-01 6.6474509112e+01 -6.2396592394e+09
1.5406516865e+05 1.7620161049e-13 8.9712977295e-15 5.7143667985e+06 2.9297804711e+06 1.3747144748e-17 3.3187432499e-18 -1.0774209304e+04 -2.2544537074e+03 -1.2611608923e+10 -9.4828306458e+06 6.5667817580e+05 3.8509215566e-01 1.2377982368e+02 -1.1581356637e+10
1.5406555374e+05 1.7620690531e-13 8.9725762171e-15 5.7102279995e+06 2.9289142532e+06 1.3751861625e-17 3.3211621322e-18 -1.0715189512e+04 -2.2431069411e+03 -1.8554015798e+10 -8.9529932250e+06 7.6757125421e+05 3.5638769254e-01 2.1506983524e+02 -2.0012976094e+10
1.5406591013e+05 1.7621180709e-13 8.9737602379e-15 5.7064246150e+06 2.9281178909e+06 1.3756231863e-17 3.3234041755e-18 -1.0620807424e+04 -2.2242769500e+03 -2.7778356206e+10 -8.1246464242e+06 9.4101566065e+05 3.4724932858e-01 3.5462067287e+02 -3.2708566584e+10
1.5406625738e+05 1.7621658467e-13 8.9749146675e-15 5.7027607012e+06 2.9273504137e+06 1.3760494585e-17 3.3255919084e-18 -1.0469658234e+04 -2.1935250363e+03 -4.2201401184e+10 -6.8144213252e+06 1.2154720688e+06 3.9352734126e-01 5.6746216796e+02 -5.1596098145e+10
1.5406657758e+05 1.7622099151e-13 8.9759798692e-15 5.6994406743e+06 2.9266546928e+06 1.3764429273e-17 3.3276120180e-18 -1.0252078703e+04 -2.1487700028e+03 -6.2458850986e+10 -4.9414973550e+06 1.6079539472e+06 3.3408172273e-01 8.5504135370e+02 -7.6129601526e+10
1.5406683298e+05 1.7622450727e-13 8.9768299294e-15 5.6968524050e+06 2.9261121232e+06 1.3767570199e-17 3.3292250969e-18 -1.0004078158e+04 -2.0974528186e+03 -8.4945542045e+10 -2.8147351140e+06 2.0537833205e+06 2.6200056488e-01 1.1580978976e+03 -1.0061960931e+11
1.5406709498e+05 1.7622811480e-13 8.9777024053e-15 5.6942739829e+06 2.9255714426e+06 1.3770794751e-17 3.3308815679e-18 -9.6623852501e+03 -2.0264898557e+03 -1.1495875769e+11 1.0891162552e+05 2.6668609502e+06 2.3589454352e-01 1.5346397070e+03 -1.2878259244e+11
1.5406733087e+05 1.7623136360e-13 8.9784883181e-15 5.6920396090e+06 2.9251027557e+06 1.3773700004e-17 3.3323743871e-18 -9.2668587566e+03 -1.9441434983e+03 -1.4835024468e+11 3.4882369952e+06 3.3757201038e+06 2.3791313561e-01 1.9134153341e+03 -1.5399757981e+11
1.5406756879e+05 1.7623464089e-13 8.9792813130e-15 5.6898912603e+06 2.9246519690e+06 1.3776631959e-17 3.3338812695e-18 -8.7780445252e+03 -1.8422017163e+03 -1.8765342402e+11 7.6606675941e+06 4.2512243526e+06 3.5400132046e-01 2.3001798401e+03 -1.7536290497e+11
1.5406775025e+05 1.7623714112e-13 8.9798864123e-15 5.6883367389e+06 2.9243256872e+06 1.3778869496e-17 3.3350314761e-18 -8.3466350691e+03 -1.7521300916e+03 -2.2055410068e+11 1.1341010541e+07 5.0237021966e+06 1.9580130848e-01 2.5698190420e+03 -1.8629319970e+11
1.5406791741e+05 1.7623944445e-13 8.9804439558e-15 5.6869776000e+06 2.9240403398e+06 1.3780931358e-17 3.3360915373e-18 -7.9100811369e+03 -1.6609172271e+03 -2.5215008123e+11 1.5064032404e+07 5.8053422309e+06 1.6875051751e-01 2.7771821888e+03 -1.9079767436e+11
1.5406808616e+05 1.7624177017e-13 8.9810070133e-15 5.6856821288e+06 2.9237682868e+06 1.3783013738e-17 3.3371622955e-18 -7.4393843417e+03 -1.5625142153e+03 -2.8430995229e+11 1.9077391137e+07 6.6481623988e+06 1.5462387357e-01 2.9303309836e+03 -1.8934180209e+11
1.5406824078e+05 1.7624390150e-13 8.9815230942e-15 5.6845663757e+06 2.9235339112e+06 1.3784922454e-17 3.3381438789e-18 -6.9903969745e+03 -1.4686074995e+03 -3.1314567771e+11 2.2905182610e+07 7.4522314989e+06 1.4739140412e-01 3.0117710700e+03 -1.8286120226e+11
1.5406838817e+05 1.7624593341e-13 8.9820151769e-15 5.6835680984e+06 2.9233241558e+06 1.3786742441e-17 3.3390799353e-18 -6.5550088257e+03 -1.3775137116e+03 -3.3939353390e+11 2.6616850841e+07 8.2321188243e+06 1.4480121400e-01 3.0338632417e+03 -1.7273171138e+11
1.5406853297e+05 1.7624792988e-13 8.9824987463e-15 5.6826499014e+06 2.9231311727e+06 1.3788530936e-17 3.3399998860e-18 -6.1278612886e+03 -1.2881195817e+03 -3.6350551626e+11 3.0258285798e+07 8.9974628753e+06 1.4587472577e-01 3.0044518499e+03 -1.5991243666e+11
1.5406867885e+05 1.7624994141e-13 8.9829860355e-15 5.6817869666e+06 2.9229497503e+06 1.3790333150e-17 3.3409269796e-18 -5.7051154701e+03 -1.1996270467e+03 -3.8577164629e+11 3.3862388078e+07 9.7551860252e+06 1.5101965854e-01 2.9289281294e+03 -1.4513993228e+11
1.5406882987e+05 1.7625202416e-13 8.9834906536e-15 5.6809575618e+06 2.9227753201e+06 1.3792199380e-17 3.3418870887e-18 -5.2818674217e+03 -1.1110134948e+03 -4.0647311399e+11 3.7471141616e+07 1.0514134988e+07 1.6278019175e-01 2.8106528744e+03 -1.2894806361e+11
1.5406899265e+05 1.7625426942e-13 8.9840347309e-15 5.6801334371e+06 2.9226019358e+06 1.3794211419e-17 3.3429223001e-18 -4.8480409592e+03 -1.0201722748e+03 -4.2604047584e+11 4.1170682441e+07 1.1292467641e+07 1.9447066372e-01 2.6491615114e+03 -1.1155839785e+11
1.5406918712e+05 1.7625695222e-13 8.9846849515e-15 5.6792381592e+06 2.9224134944e+06 1.3796615761e-17 3.3441594658e-18 -4.3663310468e+03 -9.1929377453e+02 -4.4580953296e+11 4.5279575424e+07 1.2157323246e+07 2.1016975631e-01 2.4275408253e+03 -9.2070505886e+10
1.5406935110e+05 1.7625921480e-13 8.9852334211e-15 5.6785531162e+06 2.9222692299e+06 1.3798643621e-17 3.3452029967e-18 -3.9940282550e+03 -8.4132297468e+02 -4.5967751967e+11 4.8456259536e+07 1.2826307011e+07 1.6631432946e-01 2.2298822321e+03 -7.7364099152e+10
1.5406951742e+05 1.7626150988e-13 8.9857898644e-15 5.6779180008e+06 2.9221354105e+06 1.3800700705e-17 3.3462616386e-18 -3.6489447024e+03 -7.6905278939e+02 -4.7143336699e+11 5.1401754637e+07 1.3446925796e+07 1.5433238888e-01 2.0294200144e+03 -6.4327358670e+10
1.5406967175e+05 1.7626363992e-13 8.9863063767e-15 5.6773776893e+06 2.9220215036e+06 1.3802609909e-17 3.3472442371e-18 -3.3575073984e+03 -7.0802046643e+02 -4.8053900066e+11 5.3890373492e+07 1.3971568619e+07 1.4920152319e-01 1.8494584149e+03 -5.3942150757e+10
1.5406982095e+05 1.7626569943e-13 8.9868058616e-15 5.6768961821e+06 2.9219199363e+06 1.3804455912e-17 3.3481943581e-18 -3.1009606762e+03 -6.5429945844e+02 -4.8793129830e+11 5.6082044958e+07 1.4433871310e+07 1.4721540091e-01 1.6846172002e+03 -4.5381088793e+10
1.5406996816e+05 1.7626773179e-13 8.9872988363e-15 5.6764568934e+06 2.9218272190e+06 1.3806277582e-17 3.3491320001e-18 -2.8706578183e+03 -6.0607986113e+02 -4.9407052485e+11 5.8050498262e+07 1.4849337485e+07 1.4694565849e-01 1.5327652897e+03 -3.8224863361e+10
1.5407011511e+05 1.7626976070e-13 8.9877910455e-15 5.6760506572e+06 2.9217414228e+06 1.3808096134e-17 3.3500680786e-18 -2.6617639691e+03 -5.6234984768e+02 -4.9923264610e+11 5.9836956374e+07 1.5226632860e+07 1.4782168998e-01 1.3928498358e+03 -3.2208835260e+10
1.5407026293e+05 1.7627180197e-13 8.9882863279e-15 5.6756715153e+06 2.9216612935e+06 1.3809925734e-17 3.3510098821e-18 -2.4710599534e+03 -5.2243581827e+02 -5.0360784980e+11 6.1468866879e+07 1.5571526560e+07 1.4954607219e-01 1.2641107932e+03 -2.7138320654e+10
1.5407041248e+05 1.7627386733e-13 8.9887875295e-15 5.6753152682e+06 2.9215859464e+06 1.3811776872e-17 3.3519628089e-18 -2.2962022883e+03 -4.8584747335e+02 -5.0733660814e+11 6.2966212029e+07 1.5888218371e+07 1.5196157485e-01 1.1458870995e+03 -2.2860255898e+10
1.5407056444e+05 1.7627596633e-13 8.9892969726e-15 5.6749787584e+06 2.9215147154e+06 1.3813658097e-17 3.3529312588e-18 -2.1353642510e+03 -4.5220267578e+02 -5.1052757880e+11 6.4344570022e+07 1.6179982733e+07 1.5497011750e-01 1.0375406690e+03 -1.9249618851e+10
1.5407071941e+05 1.7627810718e-13 8.9898166533e-15 5.6746595256e+06 2.9214470811e+06 1.3815576747e-17 3.3539190086e-18 -1.9870671843e+03 -4.2119214139e+02 -5.1326707962e+11 6.5616553269e+07 1.6449471117e+07 1.5850779524e-01 9.3844432129e+02 -1.6202557263e+10
1.5407087792e+05 1.7628029722e-13 8.9903483557e-15 5.6743556020e+06 2.9213826271e+06 1.3817539373e-17 3.3549294299e-18 -1.8500807237e+03 -3.9255855727e+02 -5.1562499294e+11 6.6792658982e+07 1.6698890818e+07 1.6253331962e-01 8.4798145619e+02 -1.3631973561e+10
1.5407104045e+05 1.7628254319e-13 8.9908937277e-15 5.6740653781e+06 2.9213210121e+06 1.3819552013e-17 3.3559656325e-18 -1.7233584193e+03 -3.6608310932e+02 -5.1765871038e+11 6.7881818058e+07 1.6930120328e+07 1.6702013792e-01 7.6554875788e+02 -1.1464399589e+10
1.5407120747e+05 1.7628485151e-13 8.9914543305e-15 5.6737875141e+06 2.9212619512e+06 1.3821620382e-17 3.3570305583e-18 -1.6059952579e+03 -3.4157659341e+02 -5.1941587367e+11 6.8891757231e+07 1.7144785450e+07 1.7195176054e-01 6.9056031386e+02 -9.6376700861e+09
1.5407137942e+05 1.7628722834e-13 8.9920316721e-15 5.6735208785e+06 2.9212052029e+06 1.3823749991e-17 3.3581270449e-18 -1.4971983103e+03 -3.1887327385e+02 -5.2093635850e+11 6.9829249310e+07 1.7344311885e+07 1.7731881581e-01 6.2245157941e+02 -8.0991019309e+09
1.5407155674e+05 1.7628967975e-13 8.9926272314e-15 5.6732645041e+06 2.9211505599e+06 1.3825946236e-17 3.3592578713e-18 -1.3962656790e+03 -2.9782647861e+02 -5.2225375725e+11 7.0700292648e+07 1.7529962939e+07 1.8311710833e-01 5.6068262782e+02 -6.8040211104e+09
1.5407173986e+05 1.7629221172e-13 8.9932424759e-15 5.6730175555e+06 2.9210978423e+06 1.3828214461e-17 3.3604257903e-18 -1.3025709123e+03 -2.7830533830e+02 -5.2339651578e+11 7.1510244007e+07 1.7702867444e+07 1.8934626417e-01 5.0474053883e+02 -5.7145448989e+09
1.5407192921e+05 1.7629483026e-13 8.9938788744e-15 5.6727793049e+06 2.9210468921e+06 1.3830560009e-17 3.3616335533e-18 -1.2155511558e+03 -2.6019230722e+02 -5.2438882294e+11 7.2263919551e+07 1.7864040969e+07 1.9600876710e-01 4.5414096047e+02 -4.7985611606e+09
1.5407212521e+05 1.7629754141e-13 8.9945379065e-15 5.6725491134e+06 2.9209975698e+06 1.3832988253e-17 3.3628839281e-18 -1.1346979248e+03 -2.4338123231e+02 -5.2525131847e+11 7.2965673489e+07 1.8014402344e+07 2.0310922578e-01 4.0842893748e+02 -4.0288654209e+09
1.5407232832e+05 1.7630035128e-13 8.9952210709e-15 5.6723264161e+06 2.9209497508e+06 1.3835504625e-17 3.3641797126e-18 -1.0595497708e+03 -2.2777581834e+02 -5.2600166405e+11 7.3619460571e+07 1.8154786788e+07 2.1065378807e-01 3.6717912993e+02 -3.3824276542e+09
1.5407253898e+05 1.7630326605e-13 8.9959298897e-15 5.6721107110e+06 2.9209033231e+06 1.3838114634e-17 3.3655237446e-18 -9.8968634953e+02 -2.1328838588e+02 -5.2665500908e+11 7.4228886620e+07 1.8285956523e+07 2.1864967017e-01 3.2999554160e+02 -2.8397675245e+09
1.5407275763e+05 1.7630629205e-13 8.9966659128e-15 5.6719015489e+06 2.9208581855e+06 1.3840823877e-17 3.3669189083e-18 -9.2472353930e+02 -1.9983884880e+02 -5.2722437436e+11 7.4797250108e+07 1.8408609506e+07 2.2710472894e-01 2.9651086271e+02 -2.3844212630e+09
1.5407298473e+05 1.7630943568e-13 8.9974307206e-15 5.6716985267e+06 2.9208142455e+06 1.3843638052e-17 3.3683681389e-18 -8.6430937241e+02 -1.8735386137e+02 -5.2772097035e+11 7.5327576781e+07 1.8523386704e+07 2.3602711032e-01 2.6638552479e+02 -2.0024866047e+09
1.5407322076e+05 1.7631270350e-13 8.9982259246e-15 5.6715012803e+06 2.9207714183e+06 1.3846562958e-17 3.3698744239e-18 -8.0812059149e+02 -1.7576609576e+02 -5.2815446319e+11 7.5822648958e+07 1.8630878245e+07 2.4542487583e-01 2.3930654151e+02 -1.6822343701e+09
1.5407346618e+05 1.7631610217e-13 8.9990531678e-15 5.6713094799e+06 2.9207296255e+06 1.3849604494e-17 3.3714408027e-18 -7.5585971333e+02 -1.6501362517e+02 -5.2853319803e+11 7.6285030476e+07 1.8731628660e+07 2.5530568965e-01 2.1498620809e+02 -1.4137772128e+09
1.5407372149e+05 1.7631963845e-13 8.9999141238e-15 5.6711228254e+06 2.9206887942e+06 1.3852768656e-17 3.3730703643e-18 -7.0725248944e+02 -1.5503938944e+02 -5.2886438756e+11 7.6717088251e+07 1.8826141406e+07 2.6567651820e-01 1.9316070651e+02 -1.1887872915e+09
1.5407398717e+05 1.7632331925e-13 9.0008104947e-15 5.6709410428e+06 2.9206488562e+06 1.3856061524e-17 3.3747662427e-18 -6.6204569173e+02 -1.4579072824e+02 -5.2915427173e+11 7.7121011044e+07 1.8914882811e+07 2.7654329897e-01 1.7358866124e+02 -1.0002559020e+09
1.5407426371e+05 1.7632715152e-13 9.0017440078e-15 5.6707638809e+06 2.9206097469e+06 1.3859489257e-17 3.3765316099e-18 -6.2000517351e+02 -1.3721897108e+02 -5.2940825355e+11 7.7498825867e+07 1.8998285520e+07 2.8791068875e-01 1.5604968293e+02 -8.4228908949e+08
1.5407455162e+05 1.7633114233e-13 9.0027164119e-15 5.6705911083e+06 2.9205714055e+06 1.3863058068e-17 3.3783696684e-18 -5.8091414903e+02 -1.2927907263e+02 -5.2963101488e+11 7.7852412516e+07 1.9076751542e+07 2.9978178725e-01 1.4034292114e+02 -7.0993400081e+08
1.5407485140e+05 1.7633529878e-13 9.0037294725e-15 5.6704225112e+06 2.9205337733e+06 1.3866774212e-17 3.3802836409e-18 -5.4457166552e+02 -1.2192928756e+02 -5.2982661538e+11 7.8183516435e+07 1.9150654959e+07 3.1215791592e-01 1.2628565046e+02 -5.9903155844e+08
1.5407516356e+05 1.7633962801e-13 9.0047849659e-15 5.6702578912e+06 2.9204967942e+06 1.3870643959e-17 3.3822767588e-18 -5.1079123541e+02 -1.1513087836e+02 -5.2999857736e+11 7.8493760220e+07 1.9220344337e+07 3.2503841490e-01 1.1371190294e+02 -5.0609159034e+08
1.5407548860e+05 1.7634413716e-13 9.0058846730e-15 5.6700970630e+06 2.9204604137e+06 1.3874673573e-17 3.3843522498e-18 -4.7939960914e+02 -1.0884785196e+02 -5.3014995850e+11 7.8784653898e+07 1.9286144894e+07 3.3842053705e-01 1.0247115886e+02 -4.2818711846e+08
1.5407548860e+05 1.7634413716e-13 9.0058846730e-15 5.6700970630e+06 2.9204604137e+06 1.3874673573e-17 3.3843522498e-18 -4.7939960914e+02 -1.0884785196e+02 -5.3014995850e+11 7.8784653898e+07 1.9286144894e+07 3.3842053705e-01 1.0247115886e+02 -4.2818711846e+08
