0.0000000000e+00 0.0000000000e+00 0.0000000000e+00 3.1415900000e+08 0.0000000000e+00 0.0000000000e+00 0.0000000000e+00 -1.1784194440e+03 2.2655598420e+02 -4.6638893046e+09 -1.0016565274e+07 1.9257258657e+06 1.0000000000e+01 0.0000000000e+00 -0.0000000000e+00
1.0000000000e+01 2.8740014390e-22 6.9088431718e-28 3.1414721560e+08 2.2655598415e+03 5.7480747511e-23 2.0726918265e-28 -1.1784598293e+03 2.2655598405e+02 -4.6638893046e+09 -1.0016565274e+07 1.9257258657e+06 5.0000000000e+01 0.0000000000e+00 -0.0000000000e+00
6.0000000000e+01 1.0347699131e-20 1.4927300862e-25 3.1408828756e+08 1.3593358947e+04 3.4494918807e-22 7.4644905834e-27 -1.1786618012e+03 2.2655597896e+02 -4.6638893046e+09 -1.0016565274e+07 1.9257258657e+06 2.5000000000e+02 0.0000000000e+00 -0.0000000000e+00
3.1000000000e+02 2.7639897378e-19 2.0616934265e-23 3.1379349578e+08 7.0232340617e+04 1.7839113889e-21 1.9963490706e-25 -1.1796727992e+03 2.2655584394e+02 -4.6638893046e+09 -1.0016565274e+07 1.9257258657e+06 1.2500000000e+03 0.0000000000e+00 -0.0000000000e+00
1.5600000000e+03 7.0214340563e-18 2.6459515282e-21 3.1231573249e+08 3.5342547634e+05 9.0195276920e-21 5.1033770035e-24 -1.1847564580e+03 2.2655239863e+02 -4.6638893046e+09 -1.0016565274e+07 1.9257258657e+06 3.6000000000e+03 0.0000000000e+00 -0.0000000000e+00
5.1600000000e+03 7.7526316467e-17 9.7748033998e-20 3.0802388659e+08 1.1689602019e+06 3.0247695054e-20 5.7395265020e-23 -1.1996711187e+03 2.2651565896e+02 -4.6638893045e+09 -1.0016565274e+07 1.9257258657e+06 3.6000000000e+03 0.0000000000e+00 -0.0000000000e+00
8.7600000000e+03 2.2552849705e-16 4.8842130715e-19 3.0367759200e+08 1.9842872625e+06 5.2078996916e-20 1.7014523234e-22 -1.2150095345e+03 2.2643644216e+02 -4.6638893044e+09 -1.0016565274e+07 1.9257258657e+06 3.6000000000e+03 0.0000000000e+00 -0.0000000000e+00
1.2360000000e+04 4.5325929361e-16 1.4016503377e-18 2.9927528102e+08 2.7992471817e+06 7.4547226446e-20 3.4862811189e-22 -1.2307954483e+03 2.2631104219e+02 -4.6638893042e+09 -1.0016565274e+07 1.9257258657e+06 3.6000000000e+03 0.0000000000e+00 -0.0000000000e+00
1.5960000000e+04 7.6307661245e-16 3.0844047802e-18 2.9481529702e+08 3.6136664413e+06 9.7688965476e-20 5.9868345534e-22 -1.2470545619e+03 2.2613535625e+02 -4.6638893041e+09 -1.0016565274e+07 1.9257258657e+06 3.6000000000e+03 0.0000000000e+00 -0.0000000000e+00
1.9560000000e+04 1.1574755298e-15 5.8058035543e-18 2.9029588699e+08 4.4273559617e+06 1.2154389238e-19 9.2679024734e-22 -1.2638147529e+03 2.2590483228e+02 -4.6638893039e+09 -1.0016565274e+07 1.9257258657e+06 3.6000000000e+03 0.0000000000e+00 -0.0000000000e+00
2.3160000000e+04 1.6391000569e-15 9.8595689593e-18 2.8571519326e+08 5.2401093769e+06 1.4615513294e-19 1.3401536120e-21 -1.2811063209e+03 2.2561440804e+02 -4.6638893038e+09 -1.0016565274e+07 1.9257258657e+06 3.6000000000e+03 0.0000000000e+00 -0.0000000000e+00
2.6760000000e+04 2.2107562568e-15 1.5566817881e-17 2.8107124434e+08 6.0517010741e+06 1.7156966155e-19 1.8468058013e-21 -1.2989622697e+03 2.2525844017e+02 -4.6638893035e+09 -1.0016565274e+07 1.9257258657e+06 3.6000000000e+03 0.0000000000e+00 -0.0000000000e+00
3.0360000000e+04 2.8754269082e-15 2.3279246380e-17 2.7636194456e+08 6.8618839557e+06 1.9783876149e-19 2.4557242663e-21 -1.3174186303e+03 2.2483062122e+02 -4.6638893033e+09 -1.0016565274e+07 1.9257258657e+06 3.6000000000e+03 0.0000000000e+00 -0.0000000000e+00
3.3960000000e+04 3.6362879494e-15 3.3382775135e-17 2.7158506255e+08 7.6703868784e+06 2.2501855505e-19 3.1769702554e-21 -1.3365148335e+03 2.2432388227e+02 -4.6638893030e+09 -1.0016565274e+07 1.9257258657e+06 3.6000000000e+03 0.0000000000e+00 -0.0000000000e+00
3.7560000000e+04 4.4967269744e-15 4.6301737043e-17 2.6673821821e+08 8.4769117108e+06 2.5317061629e-19 4.0218521990e-21 -1.3562941405e+03 2.2373027816e+02 -4.6638893026e+09 -1.0016565274e+07 1.9257258657e+06 3.6000000000e+03 0.0000000000e+00 -0.0000000000e+00
4.1160000000e+04 5.4603641073e-15 6.2503705371e-17 2.6181886810e+08 9.2811299416e+06 2.8236268234e-19 5.0031191747e-21 -1.3768041427e+03 2.2304085153e+02 -4.6638893022e+09 -1.0016565274e+07 1.9257258657e+06 3.6000000000e+03 0.0000000000e+00 -0.0000000000e+00
4.4760000000e+04 6.5310756436e-15 8.2505082245e-17 2.5682428878e+08 1.0082678753e+07 3.1266948258e-19 6.1351910784e-21 -1.3980973440e+03 2.2224547113e+02 -4.6638893017e+09 -1.0016565274e+07 1.9257258657e+06 3.6000000000e+03 0.0000000000e+00 -0.0000000000e+00
4.8360000000e+04 7.7130209230e-15 1.0687759402e-16 2.5175155793e+08 1.0881156456e+07 3.4417370971e-19 7.4344338419e-21 -1.4202318433e+03 2.2133263845e+02 -4.6638893011e+09 -1.0016565274e+07 1.9257258657e+06 3.6000000000e+03 0.0000000000e+00 -0.0000000000e+00
5.1960000000e+04 9.0106729979e-15 1.3625587398e-16 2.4659753285e+08 1.1676117165e+07 3.7696716237e-19 8.9194902690e-21 -1.4432721374e+03 2.2028925527e+02 -4.6638893004e+09 -1.0016565274e+07 1.9257258657e+06 3.6000000000e+03 0.0000000000e+00 -0.0000000000e+00
5.5560000000e+04 1.0428853778e-14 1.7134635591e-16 2.4135882572e+08 1.2467064548e+07 4.1115209680e-19 1.0611679987e-20 -1.4672900701e+03 2.1910034268e+02 -4.6638892995e+09 -1.0016565274e+07 1.9257258657e+06 3.6000000000e+03 0.0000000000e+00 -0.0000000000e+00
5.9160000000e+04 1.1972774489e-14 2.1293775725e-16 2.3603177519e+08 1.3253444462e+07 4.4684283429e-19 1.2535485885e-20 -1.4923659624e+03 2.1774869929e+02 -4.6638892985e+09 -1.0016565274e+07 1.9257258657e+06 3.6000000000e+03 0.0000000000e+00 -0.0000000000e+00
6.2760000000e+04 1.3648082456e-14 2.6191350190e-16 2.3061241353e+08 1.4034636223e+07 4.8416768427e-19 1.4719149552e-20 -1.5185899629e+03 2.1621448289e+02 -4.6638892972e+09 -1.0016565274e+07 1.9257258657e+06 3.6000000000e+03 0.0000000000e+00 -0.0000000000e+00
6.6360000000e+04 1.5460915507e-14 3.1926652591e-16 2.2509642835e+08 1.4809942206e+07 5.2327125931e-19 1.7195405212e-20 -1.5460636747e+03 2.1447469480e+02 -4.6638892956e+09 -1.0016565274e+07 1.9257258657e+06 3.6000000000e+03 0.0000000000e+00 -0.0000000000e+00
6.9960000000e+04 1.7417965542e-14 3.8611703110e-16 2.1947911803e+08 1.5578575371e+07 5.6431728075e-19 2.0002391060e-20 -1.5749021264e+03 2.1250253956e+02 -4.6638892935e+09 -1.0016565274e+07 1.9257258657e+06 3.6000000000e+03 0.0000000000e+00 -0.0000000000e+00
7.3560000000e+04 1.9526553282e-14 4.6373391452e-16 2.1375533909e+08 1.6339644205e+07 6.0749200351e-19 2.3184789945e-20 -1.6052361787e+03 2.1026662355e+02 -4.6638892910e+09 -1.0016565274e+07 1.9257258657e+06 3.6000000000e+03 0.0000000000e+00 -0.0000000000e+00
7.7160000000e+04 2.1794716710e-14 5.5356081878e-16 2.0791944415e+08 1.7092134422e+07 6.5300842947e-19 2.6795269443e-20 -1.6372154841e+03 2.0772994313e+02 -4.6638892878e+09 -1.0016565274e+07 1.9257258657e+06 3.6000000000e+03 0.0000000000e+00 -0.0000000000e+00
8.0760000000e+04 2.4231316423e-14 6.5724804416e-16 2.0196520786e+08 1.7834886540e+07 7.0111153451e-19 3.0896316851e-20 -1.6710121598e+03 2.0484859547e+02 -4.6638892836e+09 -1.0016565274e+07 1.9257258657e+06 3.6000000000e+03 0.0000000000e+00 -0.0000000000e+00
8.4360000000e+04 2.6846162065e-14 7.7669196876e-16 1.9588573807e+08 1.8566568187e+07 7.5208481283e-19 3.5562601147e-20 -1.7068253854e+03 2.0157011902e+02 -4.6638892782e+09 -1.0016565274e+07 1.9257258657e+06 3.6000000000e+03 0.0000000000e+00 -0.0000000000e+00
8.7960000000e+04 2.9650165298e-14 9.1408418757e-16 1.8967336839e+08 1.9285639574e+07 8.0625855190e-19 4.0884046824e-20 -1.7448872172e+03 1.9783133389e+02 -4.6638892711e+09 -1.0016565274e+07 1.9257258657e+06 3.6000000000e+03 0.0000000000e+00 -0.0000000000e+00
9.1560000000e+04 3.2655526498e-14 1.0719733783e-15 1.8331952697e+08 1.9990310029e+07 8.6402041007e-19 4.6969882552e-20 -1.7854700192e+03 1.9355549731e+02 -4.6638892615e+09 -1.0016565274e+07 1.9257258657e+06 3.6000000000e+03 0.0000000000e+00 -0.0000000000e+00
9.5160000000e+04 3.5875964839e-14 1.2533440442e-15 1.7681457488e+08 2.0678482676e+07 9.2582909907e-19 5.3954044671e-20 -1.8288960769e+03 1.8864850717e+02 -4.6638892486e+09 -1.0016565274e+07 1.9257258657e+06 3.6000000000e+03 0.0000000000e+00 -0.0000000000e+00
9.8760000000e+04 3.9327004874e-14 1.4617179523e-15 1.7014760476e+08 2.1347683163e+07 9.9223231661e-19 6.2002494735e-20 -1.8755501963e+03 1.8299376084e+02 -4.6638892307e+09 -1.0016565274e+07 1.9257258657e+06 3.6000000000e+03 0.0000000000e+00 -0.0000000000e+00
1.0236000000e+05 4.3026337717e-14 1.7012865632e-15 1.6330618702e+08 2.1994966619e+07 1.0638905927e-18 7.1323290513e-20 -1.9258964581e+03 1.7644507938e+02 -4.6638892055e+09 -1.0016565274e+07 1.9257258657e+06 3.6000000000e+03 0.0000000000e+00 -0.0000000000e+00
1.0596000000e+05 4.6994282263e-14 1.9770865149e-15 1.5627604587e+08 2.2616794360e+07 1.1416095171e-18 8.2180698628e-20 -1.9805008600e+03 1.6881679218e+02 -4.6638891692e+09 -1.0016565274e+07 1.9257258657e+06 3.6000000000e+03 0.0000000000e+00 -0.0000000000e+00
1.0956000000e+05 5.1254382858e-14 2.2952360750e-15 1.4904063931e+08 2.3208867765e+07 1.2263840893e-18 9.4915375112e-20 -2.0400624771e+03 1.5986955830e+02 -4.6638891157e+09 -1.0016565274e+07 1.9257258657e+06 3.6000000000e+03 0.0000000000e+00 -0.0000000000e+00
1.1316000000e+05 5.5834196778e-14 2.6632598213e-15 1.4158060593e+08 2.3765900154e+07 1.3194610130e-18 1.0997389105e-19 -2.1054572286e+03 1.4928962216e+02 -4.6638890344e+09 -1.0016565274e+07 1.9257258657e+06 3.3308880504e+03 0.0000000000e+00 -0.0000000000e+00
1.1615507971e+05 5.9911379303e-14 3.0141330092e-15 1.3518656529e+08 2.4197934012e+07 1.4043540944e-18 1.2469636480e-19 -2.1651021089e+03 1.3894578531e+02 -4.6638889857e+09 -1.0016565274e+07 1.9257258657e+06 3.0144582702e+03 0.0000000000e+00 -0.0000000000e+00
1.1916953798e+05 6.4283492667e-14 3.4154255006e-15 1.2856247364e+08 2.4598934189e+07 1.4978709068e-18 1.4201200068e-19 -2.2308059211e+03 1.2678002325e+02 -4.6638889103e+09 -1.0016565274e+07 1.9257258657e+06 2.7222897954e+03 0.0000000000e+00 -0.0000000000e+00
1.2161602331e+05 6.8047992877e-14 3.7823497023e-15 1.2303459420e+08 2.4895403453e+07 1.5807327845e-18 1.5832218669e-19 -2.2890237015e+03 1.1532067844e+02 -4.6638888712e+09 -1.0016565274e+07 1.9257258657e+06 2.4630748554e+03 0.0000000000e+00 -0.0000000000e+00
1.2407909817e+05 7.2051642383e-14 4.1950466049e-15 1.1731914185e+08 2.5163471813e+07 1.6715329032e-18 1.7724572076e-19 -2.3528187967e+03 1.0202522604e+02 -4.6638888121e+09 -1.0016565274e+07 1.9257258657e+06 2.2231759370e+03 0.0000000000e+00 -0.0000000000e+00
1.2607380539e+05 7.5464454319e-14 4.5657364789e-15 1.1257073856e+08 2.5354942327e+07 1.7513438027e-18 1.9479258138e-19 -2.4088929957e+03 8.9697008199e+01 -4.6638887825e+09 -1.0016565274e+07 1.9257258657e+06 2.0095990362e+03 0.0000000000e+00 -0.0000000000e+00
1.2788112525e+05 7.8699229986e-14 4.9336941526e-15 1.0816824236e+08 2.5505878725e+07 1.8292402659e-18 2.1274855960e-19 -2.4636221344e+03 7.7081349149e+01 -4.6638887574e+09 -1.0016565274e+07 1.9257258657e+06 1.8213072543e+03 0.0000000000e+00 -0.0000000000e+00
1.2951296202e+05 8.1745158419e-14 5.2954345979e-15 1.0410522071e+08 2.5621426527e+07 1.9047636894e-18 2.3094581468e-19 -2.5166840032e+03 6.4296171817e+01 -4.6638887368e+09 -1.0016565274e+07 1.9257258657e+06 1.6460306176e+03 0.0000000000e+00 -0.0000000000e+00
1.3097868305e+05 8.4589622256e-14 5.6470588083e-15 1.0037949972e+08 2.5706447364e+07 1.9773493117e-18 2.4917176367e-19 -2.5676818075e+03 5.1490834480e+01 -4.6638887205e+09 -1.0016565274e+07 1.9257258657e+06 1.4807978409e+03 0.0000000000e+00 -0.0000000000e+00
1.3228350922e+05 8.7214188574e-14 5.9837132717e-15 9.6997877772e+07 2.5765534077e+07 2.0462168504e-18 2.6713625277e-19 -2.6160673299e+03 3.8869195783e+01 -4.6638887084e+09 -1.0016565274e+07 1.9257258657e+06 1.3220124782e+03 0.0000000000e+00 -0.0000000000e+00
1.3342614855e+05 8.9588481425e-14 6.2986777552e-15 9.3983219147e+07 2.5803115513e+07 2.1101891205e-18 2.8441420666e-19 -2.6610134943e+03 2.6729908647e+01 -4.6638887003e+09 -1.0016565274e+07 1.9257258657e+06 1.1646979561e+03 0.0000000000e+00 -0.0000000000e+00
1.3439149567e+05 9.1652826631e-14 6.5807982963e-15 9.1395250666e+07 2.5823606109e+07 2.1671795905e-18 3.0028863540e-19 -2.7010543281e+03 1.5576721778e+01 -4.6638886959e+09 -1.0016565274e+07 1.9257258657e+06 1.0009554087e+03 0.0000000000e+00 -0.0000000000e+00
1.3511117268e+05 9.3228369951e-14 6.8014273089e-15 8.9440211090e+07 2.5831641892e+07 2.2115771051e-18 3.1297207555e-19 -2.7322474995e+03 6.6654859441e+00 -4.6638886947e+09 -1.0016565274e+07 1.9257258657e+06 8.2397630608e+02 0.0000000000e+00 -0.0000000000e+00
1.3584586546e+05 9.4870399924e-14 7.0363714749e-15 8.7420763888e+07 2.5833021932e+07 2.2587164547e-18 3.2674408982e-19 -2.7653670520e+03 -3.0105692608e+00 -4.6638886931e+09 -1.0016565274e+07 1.9257258657e+06 6.9829829525e+02 0.0000000000e+00 -0.0000000000e+00
1.3654416376e+05 9.6463830375e-14 7.2693510401e-15 8.5478350111e+07 2.5827536888e+07 2.3053431813e-18 3.4067729873e-19 -2.7981264415e+03 -1.2799877916e+01 -4.6638886916e+09 -1.0016565274e+07 1.9257258657e+06 8.6204226719e+02 0.0000000000e+00 -0.0000000000e+00
1.3740620602e+05 9.8476865159e-14 7.5708778071e-15 8.3048168185e+07 2.5810988563e+07 2.3655480889e-18 3.5912823364e-19 -2.8404257013e+03 -2.5763287714e+01 -4.6638886863e+09 -1.0016565274e+07 1.9257258657e+06 9.4457549344e+02 0.0000000000e+00 -0.0000000000e+00
1.3835078152e+05 1.0074387275e-13 7.9203323934e-15 8.0342289195e+07 2.5779465112e+07 2.4351758859e-18 3.8111847651e-19 -2.8893453723e+03 -4.1213373648e+01 -4.6638886757e+09 -1.0016565274e+07 1.9257258657e+06 9.8490205797e+02 0.0000000000e+00 -0.0000000000e+00
1.3933568358e+05 1.0317985501e-13 8.3078926198e-15 7.7470168984e+07 2.5730305312e+07 2.5122803554e-18 4.0629245019e-19 -2.9435180655e+03 -5.8900311394e+01 -4.6638886588e+09 -1.0016565274e+07 1.9257258657e+06 9.9975489416e+02 0.0000000000e+00 -0.0000000000e+00
1.4033543847e+05 1.0573280122e-13 8.7279646366e-15 7.4498368400e+07 2.5661668109e+07 2.5957965289e-18 4.3454464338e-19 -3.0021955464e+03 -7.8749969946e+01 -4.6638886344e+09 -1.0016565274e+07 1.9257258657e+06 9.9765316215e+02 0.0000000000e+00 -0.0000000000e+00
1.4133309163e+05 1.0836651247e-13 9.1768418031e-15 7.1472299978e+07 2.5572316587e+07 2.6850646843e-18 4.6588781210e-19 -3.0649143022e+03 -1.0077131155e+02 -4.6638886016e+09 -1.0016565274e+07 1.9257258657e+06 9.8371130622e+02 0.0000000000e+00 -0.0000000000e+00
1.4231680294e+05 1.1105379179e-13 9.6517989640e-15 6.8425024611e+07 2.5461482956e+07 2.7796437250e-18 5.0040292800e-19 -3.1313644235e+03 -1.2502122592e+02 -4.6638885595e+09 -1.0016565274e+07 1.9257258657e+06 9.6133164324e+02 0.0000000000e+00 -0.0000000000e+00
1.4327813458e+05 1.1377321140e-13 1.0150676448e-14 6.5381540485e+07 2.5328772942e+07 2.8792235105e-18 5.3821677963e-19 -3.2013280093e+03 -1.5158879321e+02 -4.6638885073e+09 -1.0016565274e+07 1.9257258657e+06 9.3292876325e+02 0.0000000000e+00 -0.0000000000e+00
1.4421106334e+05 1.1650736758e-13 1.0671665239e-14 6.2361173129e+07 2.5174092940e+07 2.9835779511e-18 5.7949085433e-19 -3.2746462115e+03 -1.8058747251e+02 -4.6638884441e+09 -1.0016565274e+07 1.9257258657e+06 9.0028906694e+02 0.0000000000e+00 -0.0000000000e+00
1.4511135241e+05 1.1924184609e-13 1.1213187044e-14 5.9379042558e+07 2.4997591967e+07 3.0925373990e-18 6.2441553467e-19 -3.3511998378e+03 -2.1215102439e+02 -4.6638883688e+09 -1.0016565274e+07 1.9257258657e+06 8.6477009298e+02 0.0000000000e+00 -0.0000000000e+00
1.4597612250e+05 1.2196456254e-13 1.1773823796e-14 5.6447032119e+07 2.4799614020e+07 3.2059711304e-18 6.7320708948e-19 -3.4308970429e+03 -2.4643139679e+02 -4.6638882807e+09 -1.0016565274e+07 1.9257258657e+06 8.2742093998e+02 0.0000000000e+00 -0.0000000000e+00
1.4680354344e+05 1.2466531588e-13 1.2352274856e-14 5.3574465668e+07 2.4580658276e+07 3.3237755021e-18 7.2610627319e-19 -3.5136650085e+03 -2.8359774091e+02 -4.6638881787e+09 -1.0016565274e+07 1.9257258657e+06 7.8906019461e+02 0.0000000000e+00 -0.0000000000e+00
1.4759260364e+05 1.2733547044e-13 1.2947330607e-14 5.0768602612e+07 2.4341345415e+07 3.4458654744e-18 7.8337792962e-19 -3.5994439867e+03 -3.2383613294e+02 -4.6638880618e+09 -1.0016565274e+07 1.9257258657e+06 7.5032923847e+02 0.0000000000e+00 -0.0000000000e+00
1.4834293288e+05 1.2996771923e-13 1.3557856171e-14 4.8035013019e+07 2.4082388916e+07 3.5721682042e-18 8.4531127495e-19 -3.6881827988e+03 -3.6734977274e+02 -4.6638879291e+09 -1.0016565274e+07 1.9257258657e+06 7.1173039206e+02 0.0000000000e+00 -0.0000000000e+00
1.4905466327e+05 1.3255590087e-13 1.4182781560e-14 4.5377870115e+07 2.3804570469e+07 3.7026179360e-18 9.1222067790e-19 -3.7798352456e+03 -4.1435953209e+02 -4.6638877794e+09 -1.0016565274e+07 1.9257258657e+06 6.7365522658e+02 0.0000000000e+00 -0.0000000000e+00
1.4972831850e+05 1.3509485317e-13 1.4821096050e-14 4.2800183680e+07 2.3508718841e+07 3.8371517051e-18 9.8444683600e-19 -3.8743570891e+03 -4.6510478105e+02 -4.6638876117e+09 -1.0016565274e+07 1.9257258657e+06 6.3640618625e+02 0.0000000000e+00 -0.0000000000e+00
1.5036472468e+05 1.3758029263e-13 1.5471845340e-14 4.0303989731e+07 2.3195691675e+07 3.9757055302e-18 1.0623582919e-18 -3.9717033765e+03 -5.1984445335e+02 -4.6638874249e+09 -1.0016565274e+07 1.9257258657e+06 6.0021350113e+02 0.0000000000e+00 -0.0000000000e+00
1.5096493818e+05 1.4000871290e-13 1.6134130624e-14 3.7890506959e+07 2.2866359787e+07 4.1182108662e-18 1.1463532650e-18 -4.0718259490e+03 -5.7885833327e+02 -4.6638872178e+09 -1.0016565274e+07 1.9257258657e+06 5.6524864794e+02 0.0000000000e+00 -0.0000000000e+00
1.5153018683e+05 1.4237729756e-13 1.6807108958e-14 3.5560267246e+07 2.2521593590e+07 4.2645911474e-18 1.2368617925e-18 -4.1746710125e+03 -6.4244855990e+02 -4.6638869892e+09 -1.0016565274e+07 1.9257258657e+06 5.3163522325e+02 0.0000000000e+00 -0.0000000000e+00
1.5206182205e+05 1.4468384404e-13 1.7489994580e-14 3.3313225539e+07 2.2162251328e+07 4.4147582814e-18 1.3343481905e-18 -4.2801766742e+03 -7.1094135620e+02 -4.6638867379e+09 -1.0016565274e+07 1.9257258657e+06 4.9945781818e+02 0.0000000000e+00 -0.0000000000e+00
1.5256127987e+05 1.4692669650e-13 1.8182060914e-14 3.1148852983e+07 2.1789168821e+07 4.5686089718e-18 1.4393138569e-18 -4.3882703592e+03 -7.8468899854e+02 -4.6638864626e+09 -1.0016565274e+07 1.9257258657e+06 4.6876932516e+02 0.0000000000e+00 -0.0000000000e+00
1.5303004920e+05 1.4910468603e-13 1.8882643146e-14 2.9066216278e+07 2.1403150483e+07 4.7260207555e-18 1.5523004530e-18 -4.4988660266e+03 -8.6407205170e+02 -4.6638861621e+09 -1.0016565274e+07 1.9257258657e+06 4.3959698940e+02 0.0000000000e+00 -0.0000000000e+00
1.5346964619e+05 1.5121707712e-13 1.9591141298e-14 2.7064045508e+07 2.1004961345e+07 4.8868476353e-18 1.6738935095e-18 -4.6118611003e+03 -9.4950190271e+02 -4.6638858350e+09 -1.0016565274e+07 1.9257258657e+06 4.1194744469e+02 0.0000000000e+00 -0.0000000000e+00
1.5388159363e+05 1.5326351954e-13 2.0307023813e-14 2.5140792259e+07 2.0595319871e+07 5.0509151792e-18 1.8047265207e-18 -4.7271330264e+03 -1.0414236372e+03 -4.6638854802e+09 -1.0016565274e+07 1.9257258657e+06 3.8581091924e+02 0.0000000000e+00 -0.0000000000e+00
1.5426740455e+05 1.5524400495e-13 2.1029831696e-14 2.3294679421e+07 2.0174891329e+07 5.2180149410e-18 1.9454856051e-18 -4.8445353531e+03 -1.1403193139e+03 -4.6638850962e+09 -1.0016565274e+07 1.9257258657e+06 3.6116475574e+02 0.0000000000e+00 -0.0000000000e+00
1.5462856931e+05 1.5715882782e-13 2.1759183323e-14 2.1523743830e+07 1.9744281493e+07 5.3878980277e-18 2.0969148330e-18 -4.9638932112e+03 -1.2467117079e+03 -4.6638846820e+09 -1.0016565274e+07 1.9257258657e+06 3.3797636724e+02 0.0000000000e+00 -0.0000000000e+00
1.5496654567e+05 1.5900855027e-13 2.2494780085e-14 1.9825872679e+07 1.9304030430e+07 5.5602676030e-18 2.2598223494e-18 -5.0849980470e+03 -1.3611686123e+03 -4.6638842362e+09 -1.0016565274e+07 1.9257258657e+06 3.1620572068e+02 0.0000000000e+00 -0.0000000000e+00
1.5528275139e+05 1.6079397051e-13 2.3236413084e-14 1.8198834450e+07 1.8854606108e+07 5.7347700618e-18 2.4350874525e-18 -5.2076014215e+03 -1.4843078118e+03 -4.6638837579e+09 -1.0016565274e+07 1.9257258657e+06 2.9580743548e+02 0.0000000000e+00 -0.0000000000e+00
1.5557855883e+05 1.6251609478e-13 2.3983971192e-14 1.6640304967e+07 1.8396397521e+07 5.9109845429e-18 2.6236688386e-18 -5.3314076428e+03 -1.6168028751e+03 -4.6638832462e+09 -1.0016565274e+07 1.9257258657e+06 2.7673256203e+02 0.0000000000e+00 -0.0000000000e+00
1.5585529139e+05 1.6417611241e-13 2.4737450889e-14 1.5147889076e+07 1.7929706968e+07 6.0884103472e-18 2.8266142812e-18 -5.4560649256e+03 -1.7593899555e+03 -4.6638827002e+09 -1.0016565274e+07 1.9257258657e+06 2.5893010333e+02 0.0000000000e+00 -0.0000000000e+00
1.5611422150e+05 1.6577537419e-13 2.5496968413e-14 1.3719138300e+07 1.7454741056e+07 6.2664516934e-18 3.0450720996e-18 -5.5811546808e+03 -1.9128758486e+03 -4.6638821196e+09 -1.0016565274e+07 1.9257258657e+06 2.4234833659e+02 0.0000000000e+00 -0.0000000000e+00
1.5635656983e+05 1.6731537374e-13 2.6262774980e-14 1.2351564742e+07 1.6971599838e+07 6.4443990576e-18 3.2803048850e-18 -5.7061784054e+03 -2.0781476362e+03 -4.6638815042e+09 -1.0016565274e+07 1.9257258657e+06 2.2693598771e+02 0.0000000000e+00 -0.0000000000e+00
1.5658350582e+05 1.6879773218e-13 2.7035276069e-14 1.1042651361e+07 1.6480263367e+07 6.6214060733e-18 3.5337061140e-18 -5.8305414522e+03 -2.2561843585e+03 -4.6638808546e+09 -1.0016565274e+07 1.9257258657e+06 2.1264331309e+02 0.0000000000e+00 -0.0000000000e+00
1.5679614913e+05 1.7022418604e-13 2.7815056179e-14 9.7898586440e+06 1.5980574650e+07 6.7964605800e-18 3.8068205059e-18 -5.9535326892e+03 -2.4480713171e+03 -4.6638801718e+09 -1.0016565274e+07 1.9257258657e+06 1.9942315024e+02 0.0000000000e+00 -0.0000000000e+00
1.5699557228e+05 1.7159657881e-13 2.8602911021e-14 8.5906275081e+06 1.5472217615e+07 6.9683478438e-18 4.1013693062e-18 -6.0742986585e+03 -2.6550178389e+03 -4.6638794579e+09 -1.0016565274e+07 1.9257258657e+06 1.8723200936e+02 0.0000000000e+00 -0.0000000000e+00
1.5718280429e+05 1.7291685653e-13 2.9399889943e-14 7.4423780742e+06 1.4954688133e+07 7.1356031097e-18 4.4192821522e-18 -6.1918102406e+03 -2.8783796644e+03 -4.6638787162e+09 -1.0016565274e+07 1.9257258657e+06 1.7603129888e+02 0.0000000000e+00 -0.0000000000e+00
1.5735883559e+05 1.7418706809e-13 3.0207352707e-14 6.3425036765e+06 1.4427255238e+07 7.2964493353e-18 4.7627378773e-18 -6.3048189064e+03 -3.1196876162e+03 -4.6638779517e+09 -1.0016565274e+07 1.9257258657e+06 1.6578881275e+02 0.0000000000e+00 -0.0000000000e+00
1.5752462440e+05 1.7540937124e-13 3.1027046646e-14 5.2883591018e+06 1.3888908368e+07 7.4487138685e-18 5.1342176460e-18 -6.4117981761e+03 -3.3806849313e+03 -4.6638771714e+09 -1.0016565274e+07 1.9257258657e+06 1.5648066383e+02 0.0000000000e+00 -0.0000000000e+00
1.5768110507e+05 1.7658604578e-13 3.1861213398e-14 4.2772415528e+06 1.3338284253e+07 7.5897144675e-18 5.5365753683e-18 -6.5108635381e+03 -3.6633767334e+03 -4.6638763858e+09 -1.0016565274e+07 1.9257258657e+06 1.4809393390e+02 0.0000000000e+00 -0.0000000000e+00
1.5782919900e+05 1.7771951560e-13 3.2712739304e-14 3.3063622243e+06 1.2773563736e+07 7.7160994329e-18 5.9731326370e-18 -6.5996601279e+03 -3.9700967344e+03 -4.6638756092e+09 -1.0016565274e+07 1.9257258657e+06 1.4063043038e+02 0.0000000000e+00 -0.0000000000e+00
1.5796982943e+05 1.7881238153e-13 3.3585371393e-14 2.3728058425e+06 1.2192323362e+07 7.8236169565e-18 6.4478086649e-18 -6.6752006751e+03 -4.3035985272e+03 -4.6638748615e+09 -1.0016565274e+07 1.9257258657e+06 1.3045494841e+02 0.0000000000e+00 -0.0000000000e+00
1.5807888490e+05 1.7966951762e-13 3.4310789538e-14 1.6420790268e+06 1.1707360277e+07 7.8931367488e-18 6.8633053438e-18 -6.7240444632e+03 -4.5955216056e+03 -4.6638746144e+09 -1.0016565274e+07 1.9257258657e+06 1.1175033121e+02 0.0000000000e+00 -0.0000000000e+00
1.5817116547e+05 1.8040008537e-13 3.4961795458e-14 1.0200455092e+06 1.1270877891e+07 7.9379567471e-18 7.2519929010e-18 -6.7555344668e+03 -4.8686089105e+03 -4.6638744973e+09 -1.0016565274e+07 1.9257258657e+06 9.5373364644e+01 1.3523964352e-292 -9.5723095955e-285
1.5824497188e+05 1.8098689780e-13 3.5509360692e-14 5.2078308531e+05 1.0902886284e+07 7.9613224326e-18 7.5901223910e-18 -6.7719509225e+03 -5.1061747122e+03 -4.6638744574e+09 -1.0016565274e+07 1.9257258657e+06 7.9281156521e+01 1.7566857810e-268 -1.2664122546e-260
1.5828300341e+05 1.8128981862e-13 3.5801509164e-14 2.6313738877e+05 1.0706242474e+07 7.9679930821e-18 7.7745630079e-18 -6.7766376424e+03 -5.2357605197e+03 -4.6638744558e+09 -1.0016565274e+07 1.9257258657e+06 6.6920273266e+01 4.0145321294e-256 -2.9222171859e-248
1.5834992368e+05 1.8182315593e-13 3.6333114217e-14 -1.9043928170e+05 1.0347904207e+07 7.9690499268e-18 8.1170595327e-18 -6.7773801690e+03 -5.4763945487e+03 -4.6638744325e+09 -1.0016565274e+07 1.9257258657e+06 6.0989519641e+01 1.6142559431e-234 -1.1955843691e-226
1.5841091320e+05 1.8230885981e-13 3.6838225517e-14 -6.0356034638e+05 1.0006836491e+07 7.9559411248e-18 8.4502608742e-18 -6.7681700790e+03 -5.7104978911e+03 -4.6638744189e+09 -1.0016565274e+07 1.9257258657e+06 7.4335693367e+01 5.0141970117e-215 -3.7742264831e-207
1.5848524889e+05 1.8289901638e-13 3.7482345229e-14 -1.1057960381e+06 9.5711267544e+06 7.9177306433e-18 8.8851715033e-18 -6.7413238442e+03 -6.0160609826e+03 -4.6638743897e+09 -1.0016565274e+07 1.9257258657e+06 8.1367011549e+01 1.3536026870e-191 -1.0395789426e-183
1.5856661590e+05 1.8354042094e-13 3.8225947252e-14 -1.6523238014e+06 9.0671149048e+06 7.8412635379e-18 9.3993336233e-18 -6.6875989556e+03 -6.3773052392e+03 -4.6638743553e+09 -1.0016565274e+07 1.9257258657e+06 8.5689628757e+01 1.7883861423e-166 -1.4047333885e-158
1.5865230553e+05 1.8420718001e-13 3.9056150081e-14 -2.2217592093e+06 8.5032376624e+06 7.7115150326e-18 9.9852947238e-18 -6.5964391822e+03 -6.7889946147e+03 -4.6638743061e+09 -1.0016565274e+07 1.9257258657e+06 8.9334070365e+01 8.6652941044e-141 -6.9721162191e-133
1.5874163960e+05 1.8488758587e-13 3.9977261147e-14 -2.8050773644e+06 7.8763150327e+06 7.5084391656e-18 1.0644461672e-17 -6.4537604671e+03 -7.2521175578e+03 -4.6638741501e+09 -1.0016565274e+07 1.9257258657e+06 9.4372100490e+01 4.2401829039e-115 -3.4988949948e-107
1.5883601170e+05 1.8558244374e-13 4.1016618094e-14 -3.4044862462e+06 7.1674556332e+06 7.1995038456e-18 1.1390108870e-17 -6.2367061459e+03 -7.7760005068e+03 -4.6638735022e+09 -1.0016565274e+07 1.9257258657e+06 1.0650000210e+02 1.6213064347e-89 -1.3737120147e-81
1.5894251170e+05 1.8632440991e-13 4.2276624444e-14 -4.0512846189e+06 6.3063182081e+06 6.7058712162e-18 1.2278364295e-17 -5.8898856679e+03 -8.4000783178e+03 -4.6638701487e+09 -1.0016565274e+07 1.9257258657e+06 9.8687830280e+01 3.9814938484e-63 -3.4720046288e-55
1.5902922954e+05 1.8688356465e-13 4.3373442073e-14 -4.5463301518e+06 5.5553534904e+06 6.1681821731e-18 1.3018250515e-17 -5.5121116719e+03 -8.9199136716e+03 -4.6638673463e+09 -1.0016565274e+07 1.9257258657e+06 8.6754154592e+01 4.3489838879e-44 -3.8761525016e-36
1.5911598370e+05 1.8739040470e-13 4.4534607255e-14 -5.0046627869e+06 4.7591871675e+06 5.4924933993e-18 1.3746192951e-17 -5.0373806888e+03 -9.4313574630e+03 -4.6638625635e+09 -1.0016565274e+07 1.9257258657e+06 7.9067590215e+01 9.7799622847e-28 -8.8884913703e-20
1.5919505129e+05 1.8779615059e-13 4.5646505176e-14 -5.3829098649e+06 3.9958940046e+06 4.7507648413e-18 1.4370204940e-17 -4.5162509301e+03 -9.8697809453e+03 -4.6638583433e+09 -1.0016565274e+07 1.9257258657e+06 7.3753894838e+01 1.3888979216e-15 -1.2813821500e-07
1.5925970738e+05 1.8808130404e-13 4.6590810836e-14 -5.6594473172e+06 3.3470841821e+06 4.0573496186e-18 1.4830807074e-17 -4.0290655523e+03 -1.0193394585e+04 -4.6638566298e+09 -1.0016565273e+07 1.9257258692e+06 6.5507742999e+01 7.5899845257e-08 -7.0713317462e+00
1.5928388312e+05 1.8817605359e-13 4.6951272163e-14 -5.7545063941e+06 3.0993054529e+06 3.7794500652e-18 1.4987737721e-17 -3.8338165676e+03 -1.0303652138e+04 -4.6638640213e+09 -1.0016565035e+07 1.9257264999e+06 5.3313923904e+01 1.6872427071e-05 -1.5766811785e+03
1.5929917332e+05 1.8823246613e-13 4.7181163826e-14 -5.8121594547e+06 2.9412503713e+06 3.5988563656e-18 1.5082045701e-17 -3.7069329669e+03 -1.0369910177e+04 -4.6640269424e+09 -1.0016560003e+07 1.9257404192e+06 3.0469465753e+01 3.5668012402e-04 -3.3387658562e+04
1.5931385257e+05 1.8828400151e-13 4.7403197963e-14 -5.8656658714e+06 2.7885776063e+06 3.4221428793e-18 1.5168747731e-17 -3.5827673894e+03 -1.0430800805e+04 -4.6665268052e+09 -1.0016485534e+07 1.9259546042e+06 1.8850482813e+01 5.0864545611e-03 -4.7683532620e+05
1.5932573969e+05 1.8832381882e-13 4.7583913451e-14 -5.9076486898e+06 2.6643031910e+06 3.2767622437e-18 1.5236079701e-17 -3.4805640771e+03 -1.0477927185e+04 -4.6843682406e+09 -1.0015970536e+07 1.9274869006e+06 1.3050956377e+01 3.5918306979e-02 -3.3708460969e+06
1.5933543902e+05 1.8835501999e-13 4.7731951614e-14 -5.9409985455e+06 2.5624955832e+06 3.1566976785e-18 1.5289042855e-17 -3.3959604797e+03 -1.0514379979e+04 -4.7592851969e+09 -1.0013865542e+07 1.9339341108e+06 1.0077421079e+01 1.5508883620e-01 -1.4565659163e+07
1.5934366759e+05 1.8838057262e-13 4.7857938449e-14 -5.9686431614e+06 2.4758585651e+06 3.0538673629e-18 1.5332544475e-17 -3.3229827535e+03 -1.0542649574e+04 -4.9854645493e+09 -1.0007657514e+07 1.9534342217e+06 8.3771141788e+00 4.8827023235e-01 -4.5877149683e+07
1.5935092673e+05 1.8840240962e-13 4.7969375416e-14 -5.9925268718e+06 2.3992498557e+06 2.9624402327e-18 1.5369807746e-17 -3.2569901183e+03 -1.0563185012e+04 -5.5410092952e+09 -9.9927229359e+06 2.0014192563e+06 7.3246102640e+00 1.2488079040e+00 -1.1733575576e+08
1.5935825134e+05 1.8842376850e-13 4.8082087691e-14 -6.0161307901e+06 2.3218283462e+06 2.8695385908e-18 1.5406330578e-17 -3.1874302220e+03 -1.0574756755e+04 -6.9242060090e+09 -9.9562724223e+06 2.1211737899e+06 6.6339990942e+00 3.0015718500e+00 -2.8178717699e+08
1.5936488534e+05 1.8844252440e-13 4.8184400358e-14 -6.0370543926e+06 2.2516826018e+06 2.7848549050e-18 1.5438462840e-17 -3.1195130665e+03 -1.0569070864e+04 -9.6896029739e+09 -9.8847075719e+06 2.3613977355e+06 6.2791577565e+00 6.2335953894e+00 -5.8389179439e+08
1.5937116450e+05 1.8845975809e-13 4.8281434182e-14 -6.0564212810e+06 2.1854002625e+06 2.7042461086e-18 1.5468037538e-17 -3.0475003792e+03 -1.0537163067e+04 -1.4818860942e+10 -9.7539954625e+06 2.8092341015e+06 6.4418169315e+00 1.1739797063e+01 -1.0945780577e+09
1.5937760631e+05 1.8847691080e-13 4.8381171887e-14 -6.0757817989e+06 2.1177437897e+06 2.6211096584e-18 1.5497524045e-17 -2.9606767796e+03 -1.0458484730e+04 -2.4413800013e+10 -9.5124857473e+06 3.6540933931e+06 7.7185184180e+00 2.1082497905e+01 -1.9478235034e+09
1.5938259299e+05 1.8848982035e-13 4.8458508698e-14 -6.0903506192e+06 2.0658428114e+06 2.5564609631e-18 1.5519754212e-17 -2.8801215010e+03 -1.0348866246e+04 -3.6360976271e+10 -9.2138478865e+06 4.7186090636e+06 5.1498914793e+00 3.1601241874e+01 -2.8854592071e+09
1.5938698429e+05 1.8850092115e-13 4.8526702711e-14 -6.1028190690e+06 2.0206967345e+06 2.4993297190e-18 1.5538901106e-17 -2.7963637812e+03 -1.0204317899e+04 -5.1214928688e+10 -8.8430950586e+06 6.0616152643e+06 4.4196652525e+00 4.3450126066e+01 -3.9076680077e+09
1.5939140395e+05 1.8851183995e-13 4.8595421296e-14 -6.1149652840e+06 1.9760199869e+06 2.4416477359e-18 1.5557769348e-17 -2.6974646375e+03 -1.0002779426e+04 -7.1024661512e+10 -8.3469291397e+06 7.8873734256e+06 3.9915779583e+00 5.7607366086e+01 -5.0729592884e+09
1.5939539553e+05 1.8852148175e-13 4.8657554779e-14 -6.1255306999e+06 1.9365485870e+06 2.3894036618e-18 1.5574467918e-17 -2.5940906106e+03 -9.7653700306e+03 -9.3455651076e+10 -7.7802515219e+06 1.0005077146e+07 3.7064475373e+00 7.1774994176e+01 -6.1643520370e+09
1.5939910198e+05 1.8853024786e-13 4.8715309018e-14 -6.1349483140e+06 1.9008406225e+06 2.3407711756e-18 1.5589688561e-17 -2.4856648727e+03 -9.4944402853e+03 -1.1811098407e+11 -7.1490659571e+06 1.2398877661e+07 3.5246431691e+00 8.5390474130e+01 -7.1234959948e+09
1.5940262662e+05 1.8853841659e-13 4.8770282247e-14 -6.1435116312e+06 1.8678973339e+06 2.2944221887e-18 1.5603914107e-17 -2.3717534596e+03 -9.1914259646e+03 -1.4464802243e+11 -6.4576150959e+06 1.5059454345e+07 3.3979352930e+00 9.8004854667e+01 -7.9076428660e+09
1.5940602456e+05 1.8854613685e-13 4.8823326320e-14 -6.1513710570e+06 1.8372187326e+06 2.2496503229e-18 1.5617405531e-17 -2.2528665571e+03 -8.8595658806e+03 -1.7255295428e+11 -5.7144540070e+06 1.7960835846e+07 3.2995565638e+00 1.0917651874e+02 -8.4833306166e+09
1.5940932411e+05 1.8855348786e-13 4.8874878167e-14 -6.1586039147e+06 1.8085644712e+06 2.2060956450e-18 1.5630304127e-17 -2.1302189004e+03 -8.5039124080e+03 -2.0118183609e+11 -4.9320574619e+06 2.1060920780e+07 3.2135548935e+00 1.1854330918e+02 -8.8334473345e+09
1.5941253767e+05 1.8856050902e-13 4.8925126944e-14 -6.1652502681e+06 1.7818296473e+06 2.1636055797e-18 1.5642682289e-17 -2.0055046675e+03 -8.1309797814e+03 -2.2982982918e+11 -4.1257371516e+06 2.4304770488e+07 3.1313455744e+00 1.2587979176e+02 -8.9607007572e+09
1.5941566901e+05 1.8856721911e-13 4.8974128252e-14 -6.1713353091e+06 1.7569640894e+06 2.1221393632e-18 1.5654576280e-17 -1.8806133849e+03 -7.7479909893e+03 -2.5782162939e+11 -3.3117974953e+06 2.7631206133e+07 3.0501525889e+00 1.3112582449e+02 -8.8864167019e+09
1.5941871917e+05 1.8857363028e-13 4.9021894573e-14 -6.1768836585e+06 1.7339177741e+06 2.0816919492e-18 1.5666010189e-17 -1.7573230284e+03 -7.3619082659e+03 -2.8459752501e+11 -2.5053814208e+06 3.0981192588e+07 2.9708364676e+00 1.3437675240e+02 -8.6450369084e+09
1.5942169000e+05 1.8857975607e-13 4.9068452099e-14 -6.1819256423e+06 1.7126148910e+06 2.0422460048e-18 1.5677009916e-17 -1.6370783287e+03 -6.9786492528e+03 -3.0976209839e+11 -1.7188726533e+06 3.4304584571e+07 2.8954511336e+00 1.3584084916e+02 -8.2766197343e+09
1.5942458545e+05 1.8858561358e-13 4.9113859486e-14 -6.1864971735e+06 1.6929526926e+06 2.0037560260e-18 1.5687607274e-17 -1.5209132674e+03 -6.6027457990e+03 -3.3308557027e+11 -9.6133178570e+05 3.7563051346e+07 2.8256196446e+00 1.3578496499e+02 -7.8202665709e+09
1.5942741107e+05 1.8859122232e-13 4.9158201176e-14 -6.1906367226e+06 1.6748127553e+06 1.9661540065e-18 1.5697838053e-17 -1.4094879396e+03 -6.2373973567e+03 -3.5447385070e+11 -2.3877575950e+05 4.0729611322e+07 2.7620183332e+00 1.3448847052e+02 -7.3100777966e+09
1.5943017309e+05 1.8859660207e-13 4.9201572588e-14 -6.1943822661e+06 1.6580733208e+06 1.9293620488e-18 1.5707738475e-17 -1.3031737187e+03 -5.8847184765e+03 -3.7392957826e+11 4.4517354610e+05 4.3786507120e+07 2.7045308412e+00 1.3221374110e+02 -6.7735649598e+09
1.5943287762e+05 1.8860177133e-13 4.9244067657e-14 -6.1977693749e+06 1.6426176463e+06 1.8933030046e-18 1.5717342439e-17 -1.2021385879e+03 -5.5460153515e+03 -3.9151785514e+11 1.0886275458e+06 4.6722838559e+07 2.6525848392e+00 1.2919159565e+02 -6.2316665899e+09
1.5943553021e+05 1.8860674654e-13 4.9285771644e-14 -6.2008304142e+06 1.6283380533e+06 1.8579066693e-18 1.5726680135e-17 -1.1064138041e+03 -5.2220167239e+03 -4.0734083545e+11 1.6909012944e+06 4.9532591612e+07 2.6054323380e+00 1.2561671831e+02 -5.6995439680e+09
1.5943813564e+05 1.8861154187e-13 4.9326758312e-14 -6.2035944494e+06 1.6151370626e+06 1.8231122466e-18 1.5735777678e-17 -1.0159405496e+03 -4.9130450006e+03 -4.2152040475e+11 2.2521316648e+06 5.2213181789e+07 2.5623207630e+00 1.2164861994e+02 -5.1876298755e+09
1.5944069796e+05 1.8861616940e-13 4.9367089811e-14 -6.2060874944e+06 1.6029270025e+06 1.7888685176e-18 1.5744657347e-17 -9.3060116722e+02 -4.6191373446e+03 -4.3418685484e+11 2.7730128656e+06 5.4764426249e+07 2.5225759592e+00 1.1741521520e+02 -4.7026617072e+09
1.5944322054e+05 1.8862063941e-13 4.9406817867e-14 -6.2083328756e+06 1.5916290016e+06 1.7551328848e-18 1.5753338066e-17 -8.5023992733e+02 -4.3401306905e+03 -4.4547164305e+11 3.2546142055e+06 5.7187824064e+07 2.4856319105e+00 1.1301734850e+02 -4.2485867902e+09
1.5944570617e+05 1.8862496069e-13 4.9445985439e-14 -6.2103515988e+06 1.5811718450e+06 1.7218699998e-18 1.5761835954e-17 -7.7467697657e+02 -4.0757219367e+03 -4.5550286058e+11 3.6982533378e+06 5.9486047854e+07 2.4510310783e+00 1.0853339341e+02 -3.8273074900e+09
1.5944815720e+05 1.8862914083e-13 4.9484628406e-14 -6.2121626731e+06 1.5714909163e+06 1.6890503707e-18 1.5770164832e-17 -7.0371790136e+02 -3.8255112923e+03 -4.6440248568e+11 4.1054066524e+06 6.1662578393e+07 2.4184126785e+00 1.0402350310e+02 -3.4392706701e+09
1.5945057561e+05 1.8863318647e-13 4.9522777063e-14 -6.2137833811e+06 1.5625272944e+06 1.6566491133e-18 1.5778336669e-17 -6.3716038255e+02 -3.5890338586e+03 -4.7228482453e+11 4.4776452528e+06 6.3721438791e+07 2.3874968086e+00 9.9533330977e+01 -3.0839205217e+09
1.5945296311e+05 1.8863710352e-13 4.9560457379e-14 -6.2152294977e+06 1.5542270121e+06 1.6246449039e-18 1.5786361941e-17 -5.7479887358e+02 -3.3657828152e+03 -4.7925574395e+11 4.8165889405e+06 6.5666999581e+07 2.3580687837e+00 9.5097172552e+01 -2.7600381812e+09
1.5945532118e+05 1.8864089726e-13 4.9597692014e-14 -6.2165154672e+06 1.5465404554e+06 1.5930191349e-18 1.5794249920e-17 -5.1642789338e+02 -3.1552264527e+03 -4.8541243056e+11 5.1238731801e+06 6.7503835674e+07 2.3299653896e+00 9.0740547292e+01 -2.4659909685e+09
1.5945765114e+05 1.8864457252e-13 4.9634501116e-14 -6.2176545465e+06 1.5394218783e+06 1.5617552480e-18 1.5802008909e-17 -4.6184432954e+02 -2.9568206222e+03 -4.9084349448e+11 5.4011255399e+06 6.9236621918e+07 2.3030635974e+00 8.6482273092e+01 -2.1999114848e+09
1.5945995421e+05 1.8864813374e-13 4.9670902948e-14 -6.2186589227e+06 1.5328290067e+06 1.5308382135e-18 1.5809646423e-17 -4.1084902782e+02 -2.7700177460e+03 -4.9562929184e+11 5.6499490748e+06 7.0870057595e+07 2.2772717319e+00 8.2336099986e+01 -1.9598235255e+09
1.5946223148e+05 1.8865158505e-13 4.9706914380e-14 -6.2195398113e+06 1.5267227103e+06 1.5002541258e-18 1.5817169330e-17 -3.6324786682e+02 -2.5942732453e+03 -4.9984237854e+11 5.8719107712e+06 7.2408812652e+07 2.2525221513e+00 7.8311972677e+01 -1.7437284780e+09
1.5946448400e+05 1.8865493032e-13 4.9742551260e-14 -6.2203075395e+06 1.5210667283e+06 1.4699898927e-18 1.5824583971e-17 -3.1885247762e+02 -2.4290500921e+03 -5.0354803414e+11 6.0685335794e+06 7.3857489690e+07 2.2287658539e+00 7.4416989411e+01 -1.5496629646e+09
1.5946671277e+05 1.8865817321e-13 4.9777828705e-14 -6.2209716182e+06 1.5158274355e+06 1.4400329963e-18 1.5831896247e-17 -2.7748071138e+02 -2.2738219684e+03 -5.0680481563e+11 6.2412910073e+06 7.5220597658e+07 2.2059678654e+00 7.0656116936e+01 -1.3757358733e+09
1.5946891874e+05 1.8866131716e-13 4.9812761322e-14 -6.2215408045e+06 1.5109736391e+06 1.4103713132e-18 1.5839111697e-17 -2.3895694430e+02 -2.1280754602e+03 -5.0966511341e+11 6.3916034560e+06 7.6502533640e+07 2.1841037836e+00 6.7032714948e+01 -1.2201509283e+09
1.5947110284e+05 1.8866436548e-13 4.9847363369e-14 -6.2220231583e+06 1.5064764014e+06 1.3809929801e-18 1.5846235547e-17 -2.0311227237e+02 -1.9913115587e+03 -5.1217569279e+11 6.5208357619e+06 7.7707570439e+07 2.1631566599e+00 6.3548914142e+01 -1.0812192513e+09
1.5947326600e+05 1.8866732130e-13 4.9881648873e-14 -6.2224260928e+06 1.5023088816e+06 1.3518863000e-18 1.5853272766e-17 -1.6978464031e+02 -1.8630467067e+03 -5.1437821034e+11 6.6302955409e+06 7.8839847952e+07 2.1431145728e+00 6.0205885230e+01 -9.5736515199e+08
1.5947540911e+05 1.8867018764e-13 4.9915631709e-14 -6.2227564214e+06 1.4984461933e+06 1.3230396804e-18 1.5860228094e-17 -1.3881892565e+02 -1.7428135266e+03 -5.1630969955e+11 6.7212321034e+06 7.9903367198e+07 2.1239685970e+00 5.7004028242e+01 -8.4712739603e+08
1.5947753308e+05 1.8867296736e-13 4.9949325642e-14 -6.2230204000e+06 1.4948652744e+06 1.2944415980e-18 1.5867106069e-17 -1.1006699239e+02 -1.6301613293e+03 -5.1800302334e+11 6.7948357880e+06 8.0901986147e+07 2.1057111733e+00 5.3943105446e+01 -7.4915752099e+08
1.5947963879e+05 1.8867566323e-13 4.9982744352e-14 -6.2232237678e+06 1.4915447675e+06 1.2660805845e-18 1.5873911054e-17 -8.3387720257e+01 -1.5246564675e+03 -5.1948729263e+11 6.8522376284e+06 8.1839416839e+07 2.0883345297e+00 5.1022335662e+01 -6.6221626722e+08
1.5948172712e+05 1.8867827785e-13 5.0015901424e-14 -6.2233717846e+06 1.4884649081e+06 1.2379452335e-18 1.5880647240e-17 -5.8647015352e+01 -1.4258825805e+03 -5.2078825136e+11 6.8945093040e+06 8.2719223385e+07 2.0718298215e+00 4.8240463586e+01 -5.8516885100e+08
1.5948379895e+05 1.8868081374e-13 5.0048810336e-14 -6.2234692671e+06 1.4856074200e+06 1.2100242185e-18 1.5887318666e-17 -3.5717796035e+01 -1.3334407296e+03 -5.2192862937e+11 6.9226633667e+06 8.3544820869e+07 1.9811259525e+00 4.5595813014e+01 -5.1697953712e+08
1.5948535622e+05 1.8868268172e-13 5.0073554970e-14 -6.2235121494e+06 1.4835826548e+06 1.1890326238e-18 1.5892326117e-17 -1.9498122019e+01 -1.2674668736e+03 -5.2269713139e+11 6.9351687923e+06 8.4135503144e+07 1.6529862717e+00 4.3684625498e+01 -4.7069061882e+08
1.5948650193e+05 1.8868403516e-13 5.0091765120e-14 -6.2235279169e+06 1.4821573892e+06 1.1735858839e-18 1.5896006580e-17 -8.1006556002e+00 -1.2207905260e+03 -5.2321814832e+11 6.9397993258e+06 8.4554231823e+07 1.3552402918e+00 4.2320886992e+01 -4.3916164013e+08
1.5948769902e+05 1.8868543038e-13 5.0110796304e-14 -6.2235307205e+06 1.4807243716e+06 1.1574440597e-18 1.5899848946e-17 3.3376455944e+00 -1.1736623864e+03 -5.2372521928e+11 6.9406259118e+06 8.4977767619e+07 1.1330943554e+00 4.0934566477e+01 -4.0837021959e+08
1.5948883211e+05 1.8868673322e-13 5.0128814392e-14 -6.2235210095e+06 1.4794190572e+06 1.1421628273e-18 1.5903483100e-17 1.3734204792e+01 -1.1305605475e+03 -5.2417234304e+11 6.9377371454e+06 8.5365836421e+07 1.4110318807e+00 3.9658778122e+01 -3.8113964485e+08
1.5949024314e+05 1.8868833142e-13 5.0151257905e-14 -6.2234928233e+06 1.4778605185e+06 1.1231301870e-18 1.5908005036e-17 2.6113816646e+01 -1.0788794567e+03 -5.2468763681e+11 6.9293009182e+06 8.5832130691e+07 1.5511372389e+00 3.8119669881e+01 -3.4967788061e+08
1.5949179428e+05 1.8869005732e-13 5.0175937256e-14 -6.2234422133e+06 1.4762295017e+06 1.1022038815e-18 1.5912971550e-17 3.9021466446e+01 -1.0245398800e+03 -5.2520509918e+11 6.9140440448e+06 8.6323677115e+07 1.6337547289e+00 3.6491267942e+01 -3.1801786252e+08
1.5949342803e+05 1.8869184004e-13 5.0201939419e-14 -6.2233678752e+06 1.4746005712e+06 1.0801586909e-18 1.5918197890e-17 5.1853356505e+01 -9.7000764613e+02 -5.2569951370e+11 6.8914612321e+06 8.6818412807e+07 1.6868086060e+00 3.4847949252e+01 -2.8773384342e+08
1.5949511484e+05 1.8869364286e-13 5.0228794920e-14 -6.2232697887e+06 1.4730098735e+06 1.0573930701e-18 1.5923589211e-17 6.4314591725e+01 -9.1650026180e+02 -5.2616063371e+11 6.8614254445e+06 8.7305422543e+07 1.7228332963e+00 3.3228240724e+01 -2.5949295046e+08
1.5949683768e+05 1.8869544454e-13 5.0256233349e-14 -6.2231485901e+06 1.4714759505e+06 1.0341365709e-18 1.5929091040e-17 7.6252289032e+01 -8.6466104433e+02 -5.2658494637e+11 6.8240080579e+06 8.7778912814e+07 1.7483440634e+00 3.1654101632e+01 -2.3354847710e+08
1.5949858602e+05 1.8869723193e-13 5.0284087759e-14 -6.2230052540e+06 1.4700081834e+06 1.0105309543e-18 1.5934669887e-17 8.7587690893e+01 -8.1483172132e+02 -5.2697225501e+11 6.7793862319e+06 8.8235778932e+07 1.7670690602e+00 3.0138656561e+01 -2.0994492521e+08
1.5950035309e+05 1.8869899653e-13 5.0312250400e-14 -6.2228409203e+06 1.4686108117e+06 9.8666774552e-19 1.5940304258e-17 9.8283708309e+01 -7.6718216012e+02 -5.2732404235e+11 6.7277912969e+06 8.8674448671e+07 1.7812976108e+00 2.8689857124e+01 -1.8861695754e+08
1.5950213439e+05 1.8870073265e-13 5.0340649881e-14 -6.2226567946e+06 1.4672850526e+06 9.6260761795e-19 1.5945980021e-17 1.0832770408e+02 -7.2177893550e+02 -5.2764261803e+11 6.6694781791e+06 8.9094271732e+07 1.7925165211e+00 2.7312414905e+01 -1.6944168535e+08
1.5950392690e+05 1.8870243644e-13 5.0369238430e-14 -6.2224540917e+06 1.4660302997e+06 9.3839120488e-19 1.5951687808e-17 1.1772165936e+02 -6.7862439274e+02 -5.2793065153e+11 6.6047063801e+06 8.9495172252e+07 1.8017391619e+00 2.6008906021e+01 -1.5226795838e+08
1.5950572864e+05 1.8870410524e-13 5.0397984376e-14 -6.2222340001e+06 1.4648448375e+06 9.1404547660e-19 1.5957421497e-17 1.2647624074e+02 -6.3768018368e+02 -5.2819090958e+11 6.5337276325e+06 8.9877439621e+07 1.8096874880e+00 2.4780441790e+01 -1.3693336814e+08
1.5950753833e+05 1.8870573725e-13 5.0426867531e-14 -6.2219976627e+06 1.4637262841e+06 8.8958766538e-19 1.5963177268e-17 1.3460706532e+02 -5.9888209037e+02 -5.2842610780e+11 6.4567775928e+06 9.0241596874e+07 1.8168996009e+00 2.3627096381e+01 -1.2327429274e+08
1.5950935523e+05 1.8870733123e-13 5.0455876269e-14 -6.2217461643e+06 1.4626718726e+06 8.6502774132e-19 1.5968953008e-17 1.4213227598e+02 -5.6214967772e+02 -5.2863882895e+11 6.3740700169e+06 9.0588315101e+07 1.8237963308e+00 2.2548189841e+01 -1.1113181426e+08
1.5951117903e+05 1.8870888638e-13 5.0485005671e-14 -6.2214805249e+06 1.4616786338e+06 8.4036999098e-19 1.5974747938e-17 1.4907093054e+02 -5.2739275530e+02 -5.2883148074e+11 6.2857924957e+06 9.0918356265e+07 1.8307252850e+00 2.1542481120e+01 -1.0035511149e+08
1.5951300975e+05 1.8871040220e-13 5.0514256369e-14 -6.2212016963e+06 1.4607435156e+06 8.1561400244e-19 1.5980562375e-17 1.5544191870e+02 -4.9451578661e+02 -5.2900627774e+11 6.1921031316e+06 9.1232534315e+07 1.8379911708e+00 2.0608302293e+01 -9.0803268877e+07
1.5951484774e+05 1.8871187845e-13 5.0543633865e-14 -6.2209105592e+06 1.4598634610e+06 7.9075524136e-19 1.5986397592e-17 1.6126323062e+02 -4.6342094951e+02 -5.2916523769e+11 6.0931277617e+06 9.1531688346e+07 1.8458786870e+00 1.9743653261e+01 -8.2346082486e+07
1.5951669362e+05 1.8871331504e-13 5.0573148222e-14 -6.2206079216e+06 1.4590354583e+06 7.6578531828e-19 1.5992255755e-17 1.6655146905e+02 -4.3401027670e+02 -5.2931018672e+11 5.9889574077e+06 9.1816664015e+07 1.8546710848e+00 1.8946268737e+01 -7.4864225370e+07
1.5951854829e+05 1.8871471206e-13 5.0602814053e-14 -6.2202945173e+06 1.4582565730e+06 7.4069200512e-19 1.5998139918e-17 1.7132153398e+02 -4.0618715721e+02 -5.2944276950e+11 5.8796456934e+06 9.2088300752e+07 1.8646662669e+00 1.8213665421e+01 -6.8249008342e+07
1.5952041296e+05 1.8871606967e-13 5.0632650759e-14 -6.2199710021e+06 1.4575239660e+06 7.1545903401e-19 1.6004054067e-17 1.7558643052e+02 -3.7985738923e+02 -5.2956446227e+11 5.7652060105e+06 9.2347423081e+07 1.8761925956e+00 1.7543174972e+01 -6.2401892504e+07
1.5952228915e+05 1.8871738819e-13 5.0662683028e-14 -6.2196379504e+06 1.4568349029e+06 6.9006568198e-19 1.6010003220e-17 1.7935716661e+02 -3.5492990431e+02 -5.2967658711e+11 5.6456081690e+06 9.2594835044e+07 1.8896253091e+00 1.6931966560e+01 -5.7233855616e+07
1.5952417878e+05 1.8871866799e-13 5.0692941596e-14 -6.2192958486e+06 1.4561867568e+06 6.6448613320e-19 1.6015993571e-17 1.8264271331e+02 -3.3131725027e+02 -5.2978032671e+11 5.5207742506e+06 9.2831316981e+07 1.8944815351e+00 1.6377062050e+01 -5.2664682287e+07
1.5952607326e+05 1.8871990255e-13 5.0723289288e-14 -6.2189471119e+06 1.4555803824e+06 6.3883649709e-19 1.6021998084e-17 1.8543533119e+02 -3.0906027237e+02 -5.2987620770e+11 5.3913318758e+06 9.3056360240e+07 1.8935654883e+00 1.5878064388e+01 -4.8643924496e+07
1.5952796682e+05 1.8872108795e-13 5.0753633672e-14 -6.2185937211e+06 1.4550151592e+06 6.1319498651e-19 1.6027998618e-17 1.8773891666e+02 -2.8814939841e+02 -5.2996490412e+11 5.2577812510e+06 9.3269937860e+07 1.8933619803e+00 1.5432746380e+01 -4.5113904537e+07
1.5952986019e+05 1.8872222468e-13 5.0783986154e-14 -6.2182364577e+06 1.4544883827e+06 5.8755203137e-19 1.6033997583e-17 1.8956850373e+02 -2.6850015654e+02 -5.3004731958e+11 5.1201930131e+06 9.3472782234e+07 1.8937165383e+00 1.5036867582e+01 -4.2009312845e+07
1.5953175390e+05 1.8872331305e-13 5.0814355681e-14 -6.2178761000e+06 1.4539975836e+06 5.6190014807e-19 1.6039996884e-17 1.9093855512e+02 -2.5003763559e+02 -5.3012422833e+11 4.9786454028e+06 9.3665541491e+07 1.8944986350e+00 1.4686216272e+01 -3.9273044030e+07
1.5953364840e+05 1.8872435326e-13 5.0844749118e-14 -6.2175134218e+06 1.4535404886e+06 5.3623361713e-19 1.6045998005e-17 1.9186367495e+02 -2.3269522596e+02 -5.3019629382e+11 4.8332283986e+06 9.3848790666e+07 1.8955041964e+00 1.4376604495e+01 -3.6855088974e+07
1.5953554390e+05 1.8872534535e-13 5.0875170065e-14 -6.2171492071e+06 1.4531150090e+06 5.1054948159e-19 1.6052001771e-17 1.9235922496e+02 -2.1641427773e+02 -5.3026408103e+11 4.6840549162e+06 9.4023033214e+07 1.8964422478e+00 1.4103891110e+01 -3.4711731933e+07
1.5953744035e+05 1.8872628921e-13 5.0905617454e-14 -6.2167842666e+06 1.4527192287e+06 4.8484872704e-19 1.6058008077e-17 1.9244196348e+02 -2.0114363770e+02 -5.3032806693e+11 4.5312732875e+06 9.4188703313e+07 1.8969273733e+00 1.3864010494e+01 -3.2804855035e+07
1.5953933727e+05 1.8872718454e-13 5.0936084027e-14 -6.2164194528e+06 1.4523513909e+06 4.5913756491e-19 1.6064015589e-17 1.9213068196e+02 -1.8683901239e+02 -5.3038864986e+11 4.3750803344e+06 9.4346169492e+07 1.8964834401e+00 1.3653007118e+01 -3.1101337058e+07
1.5954123376e+05 1.8872803091e-13 5.0966554862e-14 -6.2160556715e+06 1.4520098811e+06 4.3342866600e-19 1.6070021459e-17 1.9144679468e+02 -1.7346209838e+02 -5.3044615793e+11 4.2157337482e+06 9.4495740314e+07 1.8945668242e+00 1.3467075708e+01 -2.9572531291e+07
1.5954312832e+05 1.8872882774e-13 5.0997006275e-14 -6.2156938872e+06 1.4516932060e+06 4.0774207991e-19 1.6076021106e-17 1.9041481224e+02 -1.6097941772e+02 -5.3050085741e+11 4.0535616053e+06 9.4637672997e+07 1.8906125741e+00 1.3302605796e+01 -2.8193803785e+07
1.5954501894e+05 1.8872957439e-13 5.1027405462e-14 -6.2153351162e+06 1.4513999683e+06 3.8210552886e-19 1.6082008157e-17 1.8906260551e+02 -1.4936084615e+02 -5.3055296132e+11 3.8889663652e+06 9.4772185524e+07 1.8841045219e+00 1.3156228580e+01 -2.6944114086e+07
1.5954690304e+05 1.8873027024e-13 5.1057711267e-14 -6.2149804047e+06 1.4511288368e+06 3.5655375040e-19 1.6087974594e-17 1.8742135699e+02 -1.3857788474e+02 -5.3060263887e+11 3.7224205318e+06 9.4899472255e+07 1.8746589803e+00 1.3024862630e+01 -2.5805620648e+07
1.5954877770e+05 1.8873091483e-13 5.1087876298e-14 -6.2146307922e+06 1.4508785160e+06 3.3112670376e-19 1.6093911176e-17 1.8552511830e+02 -1.2860183249e+02 -5.3065002559e+11 3.5544521805e+06 9.5019721964e+07 1.8621026413e+00 1.2905753843e+01 -2.4763298567e+07
1.5955063980e+05 1.8873150790e-13 5.1117850302e-14 -6.2142872611e+06 1.4506477188e+06 3.0586671774e-19 1.6099808104e-17 1.8340995595e+02 -1.1940211055e+02 -5.3069523379e+11 3.3856206640e+06 9.5133136059e+07 1.8465202880e+00 1.2796504534e+01 -2.3804564880e+07
1.5955248632e+05 1.8873204956e-13 5.1147584324e-14 -6.2139506834e+06 1.4504351480e+06 2.8081498869e-19 1.6105655842e-17 1.8111276231e+02 -1.1094502551e+02 -5.3073836244e+11 3.2164855921e+06 9.5239943974e+07 1.8282542687e+00 1.2695087188e+01 -2.2918915654e+07
1.5955431458e+05 1.8873254029e-13 5.1177034850e-14 -6.2136217728e+06 1.4502394903e+06 2.5600808305e-19 1.6111445928e-17 1.7866990193e+02 -1.0319319708e+02 -5.3077950537e+11 3.0475744384e+06 9.5340412906e+07 1.8078539395e+00 1.2599840454e+01 -2.2097585556e+07
1.5955612243e+05 1.8873298094e-13 5.1206167167e-14 -6.2133010536e+06 1.4500594229e+06 2.3147512362e-19 1.6117171631e-17 1.7611590992e+02 -9.6105720769e+01 -5.3081875693e+11 2.8793546726e+06 9.5434850353e+07 1.7859908777e+00 1.2509447884e+01 -2.1333241984e+07
1.5955790842e+05 1.8873337270e-13 5.1234957340e-14 -6.2129888493e+06 1.4498936308e+06 2.0723612517e-19 1.6122828341e-17 1.7348243701e+02 -8.9638956448e+01 -5.3085621491e+11 2.7122148541e+06 9.5523599720e+07 1.7633667608e+00 1.2422902820e+01 -2.0619722240e+07
1.5955967179e+05 1.8873371704e-13 5.1263392724e-14 -6.2126852926e+06 1.4497408287e+06 1.8330157987e-19 1.6128413663e-17 1.7079755511e+02 -8.3747699181e+01 -5.3089198107e+11 2.5464562535e+06 9.5607030952e+07 1.7406363871e+00 1.2339464527e+01 -1.9951815503e+07
1.5956141243e+05 1.8873401553e-13 5.1291471226e-14 -6.2123903491e+06 1.4495997839e+06 1.5967308813e-19 1.6133927272e-17 1.6808544135e+02 -7.8386458685e+01 -5.3092615997e+11 2.3822939338e+06 9.5685528771e+07 1.7183578986e+00 1.2258611079e+01 -1.9325086135e+07
1.5956313078e+05 1.8873426987e-13 5.1319199764e-14 -6.2121038496e+06 1.4494693346e+06 1.3634466623e-19 1.6139370607e-17 1.6536638418e+02 -7.3510626237e+01 -5.3095885699e+11 2.2198646123e+06 9.5759480941e+07 1.6969718159e+00 1.2179993579e+01 -1.8735731924e+07
1.5956482776e+05 1.8873448169e-13 5.1346592383e-14 -6.2118255241e+06 1.4493484027e+06 1.1330433993e-19 1.6144746497e-17 1.6265701728e+02 -6.9077397290e+01 -5.3099017622e+11 2.0592381650e+06 9.5829268204e+07 1.6768008459e+00 1.2103394787e+01 -1.8180470102e+07
1.5956650456e+05 1.8873465259e-13 5.1373668361e-14 -6.2115550325e+06 1.4492360002e+06 9.0535741920e-20 1.6150058794e-17 1.5997068787e+02 -6.5046411147e+01 -5.3102021858e+11 1.9004302977e+06 9.5895256621e+07 1.6580633975e+00 1.2028693803e+01 -1.7656445485e+07
1.5956816262e+05 1.8873478404e-13 5.1400450538e-14 -6.2112919915e+06 1.4491312310e+06 6.8019526886e-20 1.6155312037e-17 1.5731788115e+02 -6.1380125158e+01 -5.3104908040e+11 1.7434146044e+06 9.5957792422e+07 1.6408923251e+00 1.1955837180e+01 -1.7161155912e+07
1.5956816262e+05 1.8873478404e-13 5.1400450538e-14 -6.2112919915e+06 1.4491312310e+06 6.8019526886e-20 1.6155312037e-17 1.5731788115e+02 -6.1380125158e+01 -5.3104908040e+11 1.7434146044e+06 9.5957792422e+07 1.6408923251e+00 1.1955837180e+01 -1.7161155912e+07
