0.0000000000e+00 0.0000000000e+00 0.0000000000e+00 3.1415900000e+08 0.0000000000e+00 0.0000000000e+00 0.0000000000e+00 -1.1785536780e+03 2.2585665620e+02 -4.6638892999e+09 -1.0017706263e+07 1.9197815777e+06 1.0000000000e+01 0.0000000000e+00 -0.0000000000e+00
1.0000000000e+01 2.8740014472e-22 6.8875171517e-28 3.1414721426e+08 2.2585665615e+03 5.7480747757e-23 2.0662939049e-28 -1.1785940633e+03 2.2585665605e+02 -4.6638892999e+09 -1.0017706263e+07 1.9197815777e+06 5.0000000000e+01 0.0000000000e+00 -0.0000000000e+00
6.0000000000e+01 1.0347699308e-20 1.4881224173e-25 3.1408827951e+08 1.3551399267e+04 3.4494919692e-22 7.4414497407e-27 -1.1787960352e+03 2.2585665097e+02 -4.6638892999e+09 -1.0017706263e+07 1.9197815777e+06 2.5000000000e+02 0.0000000000e+00 -0.0000000000e+00
3.1000000000e+02 2.7639899823e-19 2.0553298459e-23 3.1379345417e+08 7.0015548981e+04 1.7839116258e-21 1.9901873127e-25 -1.1798070333e+03 2.2585651637e+02 -4.6638892999e+09 -1.0017706263e+07 1.9197815777e+06 1.2500000000e+03 0.0000000000e+00 -0.0000000000e+00
1.5600000000e+03 7.0214372056e-18 2.6377867241e-21 3.1231552308e+08 3.5233453039e+05 9.0195337751e-21 5.0876308649e-24 -1.1848906963e+03 2.2585308169e+02 -4.6638892999e+09 -1.0017706263e+07 1.9197815777e+06 3.6000000000e+03 0.0000000000e+00 -0.0000000000e+00
5.1600000000e+03 7.7526434015e-17 9.7446639410e-20 3.0802319386e+08 1.1653518811e+06 3.0247764415e-20 5.7218359732e-23 -1.1998054014e+03 2.2581645525e+02 -4.6638892998e+09 -1.0017706263e+07 1.9197815777e+06 3.6000000000e+03 0.0000000000e+00 -0.0000000000e+00
8.7600000000e+03 2.2552909061e-16 4.8691653474e-19 3.0367641569e+08 1.9781622065e+06 5.2079205438e-20 1.6962137896e-22 -1.2151439150e+03 2.2573748221e+02 -4.6638892997e+09 -1.0017706263e+07 1.9197815777e+06 3.6000000000e+03 0.0000000000e+00 -0.0000000000e+00
1.2360000000e+04 4.5326101535e-16 1.3973356532e-18 2.9927362068e+08 2.7906065190e+06 7.4547659867e-20 3.4755596895e-22 -1.2309299868e+03 2.2561246747e+02 -4.6638892996e+09 -1.0017706263e+07 1.9197815777e+06 3.6000000000e+03 0.0000000000e+00 -0.0000000000e+00
1.5960000000e+04 7.6308044290e-16 3.0749184753e-18 2.9481315196e+08 3.6025118314e+06 9.7689720727e-20 5.9684454318e-22 -1.2471893265e+03 2.2543732025e+02 -4.6638892994e+09 -1.0017706263e+07 1.9197815777e+06 3.6000000000e+03 0.0000000000e+00 -0.0000000000e+00
1.9560000000e+04 1.1574828209e-15 5.7879639016e-18 2.9029325625e+08 4.4136896399e+06 1.2154507913e-19 9.2394716416e-22 -1.2639498207e+03 2.2520750179e+02 -4.6638892993e+09 -1.0017706263e+07 1.9197815777e+06 3.6000000000e+03 0.0000000000e+00 -0.0000000000e+00
2.3160000000e+04 1.6391125809e-15 9.8293025446e-18 2.8571207560e+08 5.2239342053e+06 1.4615687541e-19 1.3360480219e-21 -1.2812417792e+03 2.2491796458e+02 -4.6638892991e+09 -1.0017706263e+07 1.9197815777e+06 3.6000000000e+03 0.0000000000e+00 -0.0000000000e+00
2.6760000000e+04 2.2107762625e-15 1.5519080230e-17 2.8106763818e+08 6.0330205967e+06 1.7157210057e-19 1.8411561592e-21 -1.2990982174e+03 2.2456308154e+02 -4.6638892989e+09 -1.0017706263e+07 1.9197815777e+06 3.6000000000e+03 0.0000000000e+00 -0.0000000000e+00
3.0360000000e+04 2.8754571850e-15 2.3207933861e-17 2.7635784795e+08 6.8407024609e+06 1.9784205698e-19 2.4482232383e-21 -1.3175551797e+03 2.2413656336e+02 -4.6638892986e+09 -1.0017706263e+07 1.9197815777e+06 3.6000000000e+03 0.0000000000e+00 -0.0000000000e+00
3.3960000000e+04 3.6363319008e-15 3.3280626951e-17 2.7158047308e+08 7.6467094676e+06 2.2502288888e-19 3.1672817851e-21 -1.3366521124e+03 2.2363136128e+02 -4.6638892983e+09 -1.0017706263e+07 1.9197815777e+06 3.6000000000e+03 0.0000000000e+00 -0.0000000000e+00
3.7560000000e+04 4.4967887032e-15 4.6160225943e-17 2.6673313301e+08 8.4507443752e+06 2.5317619566e-19 4.0096081620e-21 -1.3564322945e+03 2.2303955268e+02 -4.6638892979e+09 -1.0017706263e+07 1.9197815777e+06 3.6000000000e+03 0.0000000000e+00 -0.0000000000e+00
4.1160000000e+04 5.4604485138e-15 6.2312915474e-17 2.6181328373e+08 9.2524796479e+06 2.8236974379e-19 4.9879155502e-21 -1.3769433380e+03 2.2235220542e+02 -4.6638892975e+09 -1.0017706263e+07 1.9197815777e+06 3.6000000000e+03 0.0000000000e+00 -0.0000000000e+00
4.4760000000e+04 6.5311885393e-15 8.2253572081e-17 2.5681820114e+08 1.0051553539e+07 3.1267829673e-19 6.1165835554e-21 -1.3982377707e+03 2.2155921655e+02 -4.6638892970e+09 -1.0017706263e+07 1.9197815777e+06 3.6000000000e+03 0.0000000000e+00 -0.0000000000e+00
4.8360000000e+04 7.7131691635e-15 1.0655224259e-16 2.5174496222e+08 1.0847565542e+07 3.4418458694e-19 7.4119327572e-21 -1.4203737196e+03 2.2064911944e+02 -4.6638892964e+09 -1.0017706263e+07 1.9197815777e+06 3.6000000000e+03 0.0000000000e+00 -0.0000000000e+00
5.1960000000e+04 9.0108646377e-15 1.3584170724e-16 2.4659042341e+08 1.1640071071e+07 3.7698045964e-19 8.8925547555e-21 -1.4434157139e+03 2.1960885185e+02 -4.6638892957e+09 -1.0017706263e+07 1.9197815777e+06 3.6000000000e+03 0.0000000000e+00 -0.0000000000e+00
5.5560000000e+04 1.0429098253e-14 1.7082635048e-16 2.4135119591e+08 1.2428575234e+07 4.1116822585e-19 1.0579711184e-20 -1.4674356362e+03 2.1842347559e+02 -4.6638892948e+09 -1.0017706263e+07 1.9197815777e+06 3.6000000000e+03 0.0000000000e+00 -0.0000000000e+00
5.9160000000e+04 1.1973082829e-14 2.1229261778e-16 2.3602361727e+08 1.3212525485e+07 4.4686227158e-19 1.2497819024e-20 -1.4925138528e+03 2.1707583559e+02 -4.6638892938e+09 -1.0017706263e+07 1.9197815777e+06 3.6000000000e+03 0.0000000000e+00 -0.0000000000e+00
6.2760000000e+04 1.3648467543e-14 2.6112140760e-16 2.3060371844e+08 1.3991302914e+07 4.8419098317e-19 1.4675044704e-20 -1.5187405664e+03 2.1554614244e+02 -4.6638892925e+09 -1.0017706263e+07 1.9197815777e+06 3.6000000000e+03 0.0000000000e+00 -0.0000000000e+00
6.6360000000e+04 1.5461392373e-14 3.1830284088e-16 2.2508718555e+08 1.4764211874e+07 5.2329906498e-19 1.7144036406e-20 -1.5462174446e+03 2.1381145792e+02 -4.6638892909e+09 -1.0017706263e+07 1.9197815777e+06 3.6000000000e+03 0.0000000000e+00 -0.0000000000e+00
6.9960000000e+04 1.7418551735e-14 3.8495397218e-16 2.1946931516e+08 1.5530467536e+07 5.6435034863e-19 1.9942833442e-20 -1.5750595935e+03 2.1184505605e+02 -4.6638892888e+09 -1.0017706263e+07 1.9197815777e+06 3.6000000000e+03 0.0000000000e+00 -0.0000000000e+00
7.3560000000e+04 1.9527269302e-14 4.6234016862e-16 2.1374496177e+08 1.6289180867e+07 6.0753122232e-19 2.3116004543e-20 -1.6053979674e+03 2.0961562336e+02 -4.6638892863e+09 -1.0017706263e+07 1.9197815777e+06 3.6000000000e+03 0.0000000000e+00 -0.0000000000e+00
7.7160000000e+04 2.1795586538e-14 5.5190110035e-16 2.0790847552e+08 1.7039340372e+07 6.5305485007e-19 2.6716085004e-20 -1.6373823327e+03 2.0708624918e+02 -4.6638892831e+09 -1.0017706263e+07 1.9197815777e+06 3.6000000000e+03 0.0000000000e+00 -0.0000000000e+00
8.0760000000e+04 2.4232368169e-14 6.5528258099e-16 2.0195362818e+08 1.7779789723e+07 7.0116640660e-19 3.0805408072e-20 -1.6711849463e+03 2.0421313891e+02 -4.6638892789e+09 -1.0017706263e+07 1.9197815777e+06 3.6000000000e+03 0.0000000000e+00 -0.0000000000e+00
8.4360000000e+04 2.6847428764e-14 7.7437590169e-16 1.9587352413e+08 1.8509200119e+07 7.5214963177e-19 3.5458462442e-20 -1.7070051605e+03 2.0094395765e+02 -4.6638892735e+09 -1.0017706263e+07 1.9197815777e+06 3.6000000000e+03 0.0000000000e+00 -0.0000000000e+00
8.7960000000e+04 2.9651685899e-14 9.1136686611e-16 1.8966049281e+08 1.9226035841e+07 8.0633511939e-19 4.0764960541e-20 -1.7450752466e+03 1.9721567451e+02 -4.6638892663e+09 -1.0017706263e+07 1.9197815777e+06 3.6000000000e+03 0.0000000000e+00 -0.0000000000e+00
9.1560000000e+04 3.2657347104e-14 1.0687975298e-15 1.8330595737e+08 1.9928510871e+07 8.6411091344e-19 4.6833880246e-20 -1.7856678398e+03 1.9295172293e+02 -4.6638892568e+09 -1.0017706263e+07 1.9197815777e+06 3.6000000000e+03 0.0000000000e+00 -0.0000000000e+00
9.5160000000e+04 3.5878140272e-14 1.2496447885e-15 1.7680027274e+08 2.0614533677e+07 9.2593621639e-19 5.3798859664e-20 -1.8291055703e+03 1.8805821033e+02 -4.6638892438e+09 -1.0017706263e+07 1.9197815777e+06 3.6000000000e+03 0.0000000000e+00 -0.0000000000e+00
9.8760000000e+04 3.9329600688e-14 1.4574216267e-15 1.7013252402e+08 2.1281636078e+07 9.9235935788e-19 6.1825503701e-20 -1.8757736880e+03 1.8241878466e+02 -4.6638892259e+09 -1.0017706263e+07 1.9197815777e+06 3.6000000000e+03 0.0000000000e+00 -0.0000000000e+00
1.0236000000e+05 4.3029432799e-14 1.6963093130e-15 1.6329027226e+08 2.1926880362e+07 1.0640416926e-18 7.1121441238e-20 -1.9261368531e+03 1.7588756831e+02 -4.6638892006e+09 -1.0017706263e+07 1.9197815777e+06 3.6000000000e+03 0.0000000000e+00 -0.0000000000e+00
1.0596000000e+05 4.6997972253e-14 1.9713325941e-15 1.5625922989e+08 2.2546736202e+07 1.1417899023e-18 8.1950420427e-20 -1.9807618305e+03 1.6827925493e+02 -4.6638891643e+09 -1.0017706263e+07 1.9197815777e+06 3.6000000000e+03 0.0000000000e+00 -0.0000000000e+00
1.0956000000e+05 5.1258784728e-14 2.2885957871e-15 1.4902283993e+08 2.3136914778e+07 1.2266004574e-18 9.4652467732e-20 -2.0403487288e+03 1.5935494593e+02 -4.6638891106e+09 -1.0017706263e+07 1.9197815777e+06 3.6000000000e+03 0.0000000000e+00 -0.0000000000e+00
1.1316000000e+05 5.5839455046e-14 2.6556070139e-15 1.4156172162e+08 2.3692140970e+07 1.3197220808e-18 1.0967338761e-19 -2.1057748858e+03 1.4880142434e+02 -4.6638890291e+09 -1.0017706263e+07 1.9197815777e+06 3.3291072522e+03 0.0000000000e+00 -0.0000000000e+00
1.1615338249e+05 5.9915101916e-14 3.0053166990e-15 1.3517035813e+08 2.4122514420e+07 1.4046107216e-18 1.2435115950e-19 -2.1654166461e+03 1.3848899449e+02 -4.6638889803e+09 -1.0017706263e+07 1.9197815777e+06 3.0127577293e+03 0.0000000000e+00 -0.0000000000e+00
1.1916614022e+05 6.4285516111e-14 3.4052653893e-15 1.2854905983e+08 2.4521966562e+07 1.4981237218e-18 1.4161394940e-19 -2.2311177800e+03 1.2636036139e+02 -4.6638889050e+09 -1.0017706263e+07 1.9197815777e+06 2.7207370062e+03 0.0000000000e+00 -0.0000000000e+00
1.2161121130e+05 6.8048453654e-14 3.7709442213e-15 1.2302361667e+08 2.4817280495e+07 1.5809818628e-18 1.5787386594e-19 -2.2893329350e+03 1.1493633533e+02 -4.6638888658e+09 -1.0017706263e+07 1.9197815777e+06 2.4616538756e+03 0.0000000000e+00 -0.0000000000e+00
1.2407286518e+05 7.2050402612e-14 4.1822291298e-15 1.1731070318e+08 2.5084297470e+07 1.6717789096e-18 1.7673881733e-19 -2.3531258719e+03 1.0168204242e+02 -4.6638888067e+09 -1.0017706263e+07 1.9197815777e+06 2.2218754948e+03 0.0000000000e+00 -0.0000000000e+00
1.2606638590e+05 7.5461671557e-14 4.5516344626e-15 1.1256451458e+08 2.5275007553e+07 1.7515865134e-18 1.9423080261e-19 -2.4091977554e+03 8.9392379358e+01 -4.6638887771e+09 -1.0017706263e+07 1.9197815777e+06 2.0084069348e+03 0.0000000000e+00 -0.0000000000e+00
1.2787261410e+05 7.8694928802e-14 4.9183051546e-15 1.0816412918e+08 2.5425337701e+07 1.8294797983e-18 2.1213022984e-19 -2.4639246610e+03 7.6816452365e+01 -4.6638887520e+09 -1.0017706263e+07 1.9197815777e+06 1.8202106227e+03 0.0000000000e+00 -0.0000000000e+00
1.2950344698e+05 8.1739371388e-14 5.2787684997e-15 1.0410311555e+08 2.5540414857e+07 1.9050000279e-18 2.3026974514e-19 -2.5169842858e+03 6.4071842321e+01 -4.6638887314e+09 -1.0017706263e+07 1.9197815777e+06 1.6450221235e+03 0.0000000000e+00 -0.0000000000e+00
1.3096824546e+05 8.4582388493e-14 5.6291391556e-15 1.0037930155e+08 2.5625083042e+07 1.9775822308e-18 2.4843738113e-19 -2.5679796877e+03 5.1307475013e+01 -4.6638887151e+09 -1.0017706263e+07 1.9197815777e+06 1.4798711171e+03 0.0000000000e+00 -0.0000000000e+00
1.3227222439e+05 8.7205551725e-14 5.9645801977e-15 9.6999488748e+07 2.5683918434e+07 2.0464457588e-18 2.6634381317e-19 -2.6163623923e+03 3.8726626521e+01 -4.6638887030e+09 -1.0017706263e+07 1.9197815777e+06 1.3211618961e+03 0.0000000000e+00 -0.0000000000e+00
1.3341408483e+05 8.9578484446e-14 6.2783933018e-15 9.3986550321e+07 2.5721333819e+07 2.1104127101e-18 2.8356514036e-19 -2.6613048198e+03 2.6627124642e+01 -4.6638886949e+09 -1.0017706263e+07 1.9197815777e+06 1.1639181836e+03 0.0000000000e+00 -0.0000000000e+00
1.3437870659e+05 9.1641490123e-14 6.5594574408e-15 9.1400248278e+07 2.5741727707e+07 2.1673947358e-18 2.9938618789e-19 -2.7013397206e+03 1.5511442779e+01 -4.6638886905e+09 -1.0017706263e+07 1.9197815777e+06 1.0002410426e+03 0.0000000000e+00 -0.0000000000e+00
1.3509760393e+05 9.3215473601e-14 6.7791819073e-15 8.9447126896e+07 2.5749719632e+07 2.2117707617e-18 3.1202245429e-19 -2.7325177944e+03 6.6333506656e+00 -4.6638886893e+09 -1.0017706263e+07 1.9197815777e+06 8.2335371022e+02 0.0000000000e+00 -0.0000000000e+00
1.3583222212e+05 9.4857487770e-14 7.0133908561e-15 8.7427680090e+07 2.5751085588e+07 2.2589340476e-18 3.2575668688e-19 -2.7656541641e+03 -3.0161595685e+00 -4.6638886877e+09 -1.0017706263e+07 1.9197815777e+06 6.9854960362e+02 0.0000000000e+00 -0.0000000000e+00
1.3653077173e+05 9.6451659855e-14 7.2457536761e-15 8.5484355333e+07 2.5745602282e+07 2.3056077851e-18 3.3965866524e-19 -2.7984465830e+03 -1.2783526017e+01 -4.6638886862e+09 -1.0017706263e+07 1.9197815777e+06 8.6188229814e+02 0.0000000000e+00 -0.0000000000e+00
1.3739265402e+05 9.8464561965e-14 7.5463249908e-15 8.3054339439e+07 2.5729086266e+07 2.3658430765e-18 3.5805901316e-19 -2.8407671901e+03 -2.5711393987e+01 -4.6638886809e+09 -1.0017706263e+07 1.9197815777e+06 9.4422728317e+02 0.0000000000e+00 -0.0000000000e+00
1.3833688131e+05 1.0073102379e-13 7.8946114905e-15 8.0349127490e+07 2.5697644286e+07 2.4354956583e-18 3.7998552601e-19 -2.8897042746e+03 -4.1116703956e+01 -4.6638886703e+09 -1.0017706263e+07 1.9197815777e+06 9.8444687228e+02 0.0000000000e+00 -0.0000000000e+00
1.3932132818e+05 1.0316620589e-13 8.2808409990e-15 7.7477973712e+07 2.5648627856e+07 2.5126228620e-18 4.0508466234e-19 -2.9438929405e+03 -5.8751061859e+01 -4.6638886533e+09 -1.0017706263e+07 1.9197815777e+06 9.9923262939e+02 0.0000000000e+00 -0.0000000000e+00
1.4032056081e+05 1.0571817150e-13 8.6994448098e-15 7.4507343406e+07 2.5580205084e+07 2.5961613356e-18 4.3325157668e-19 -3.0025860893e+03 -7.8540804500e+01 -4.6638886289e+09 -1.0017706263e+07 1.9197815777e+06 9.9708748682e+02 0.0000000000e+00 -0.0000000000e+00
1.4131764830e+05 1.0835076416e-13 9.1467313152e-15 7.1482593653e+07 2.5491145693e+07 2.6854523207e-18 4.6449911148e-19 -3.0653208849e+03 -1.0049495483e+02 -4.6638885961e+09 -1.0017706263e+07 1.9197815777e+06 9.8311785661e+02 0.0000000000e+00 -0.0000000000e+00
1.4230076615e+05 1.1103681480e-13 9.6199854321e-15 6.8436748904e+07 2.5380686630e+07 2.7800554199e-18 4.9890801442e-19 -3.1317879095e+03 -1.2467024522e+02 -4.6638885540e+09 -1.0017706263e+07 1.9197815777e+06 9.6072142179e+02 0.0000000000e+00 -0.0000000000e+00
1.4326148757e+05 1.1375491571e-13 1.0117054808e-14 6.5394781420e+07 2.5248436862e+07 2.8796610784e-18 5.3660465133e-19 -3.2017696733e+03 -1.5115545883e+02 -4.6638885017e+09 -1.0017706263e+07 1.9197815777e+06 9.3230980634e+02 0.0000000000e+00 -0.0000000000e+00
1.4419379738e+05 1.1648767850e-13 1.0636136075e-14 6.2375997283e+07 2.5094304846e+07 2.9840437496e-18 5.7774993996e-19 -3.2751077101e+03 -1.8006365456e+02 -4.6638884384e+09 -1.0017706263e+07 1.9197815777e+06 8.9966737382e+02 0.0000000000e+00 -0.0000000000e+00
1.4509346475e+05 1.1922070124e-13 1.1175655502e-14 5.9395501366e+07 2.4918440709e+07 3.0930343257e-18 6.2253357206e-19 -3.3516832066e+03 -2.1152810761e+02 -4.6638883631e+09 -1.0017706263e+07 1.9197815777e+06 8.6415018653e+02 0.0000000000e+00 -0.0000000000e+00
1.4595761494e+05 1.2194190970e-13 1.1734198829e-14 5.6465164936e+07 2.4721188810e+07 3.2065026442e-18 6.7117101618e-19 -3.4314047123e+03 -2.4570020364e+02 -4.6638882748e+09 -1.0017706263e+07 1.9197815777e+06 8.2680623613e+02 0.0000000000e+00 -0.0000000000e+00
1.4678442118e+05 1.2464111141e-13 1.2310468659e-14 5.3594302036e+07 2.4503048099e+07 3.3243456638e-18 7.2390212137e-19 -3.5141998314e+03 -2.8274845778e+02 -4.6638881727e+09 -1.0017706263e+07 1.9197815777e+06 7.8845325511e+02 0.0000000000e+00 -0.0000000000e+00
1.4757287443e+05 1.2730967806e-13 1.2903258170e-14 5.0790164018e+07 2.4264638578e+07 3.4464790018e-18 7.8099072039e-19 -3.6000092778e+03 -3.2285823582e+02 -4.6638880558e+09 -1.0017706263e+07 1.9197815777e+06 7.4973195317e+02 0.0000000000e+00 -0.0000000000e+00
1.4832260639e+05 1.2994030904e-13 1.3511434892e-14 4.8058314292e+07 2.4006672720e+07 3.5728305421e-18 8.4272490861e-19 -3.6887823836e+03 -3.6623195018e+02 -4.6638879229e+09 -1.0017706263e+07 1.9197815777e+06 7.1114411573e+02 0.0000000000e+00 -0.0000000000e+00
1.4903375050e+05 1.3252684851e-13 1.4133930898e-14 4.5402920575e+07 2.3729930982e+07 3.7033353408e-18 9.0941781752e-19 -3.7804735198e+03 -4.1308960336e+02 -4.6638877731e+09 -1.0017706263e+07 1.9197815777e+06 6.7308088144e+02 0.0000000000e+00 -0.0000000000e+00
1.4970683138e+05 1.3506413912e-13 1.4769737178e-14 4.2826988094e+07 2.3435240767e+07 3.8379313450e-18 9.8140878178e-19 -3.8750390889e+03 -4.6366960789e+02 -4.6638876052e+09 -1.0017706263e+07 1.9197815777e+06 6.3584434444e+02 0.0000000000e+00 -0.0000000000e+00
1.5034267573e+05 1.3754790157e-13 1.5417900806e-14 4.0332549132e+07 2.3123458305e+07 3.9765556027e-18 1.0590648442e-18 -3.9724348614e+03 -5.1822984376e+02 -4.6638874182e+09 -1.0017706263e+07 1.9197815777e+06 5.9966444716e+02 0.0000000000e+00 -0.0000000000e+00
1.5094234017e+05 1.3997463312e-13 1.6077523984e-14 3.7920819355e+07 2.2795453027e+07 4.1191407350e-18 1.1427825735e-18 -4.0726134979e+03 -5.7704893541e+02 -4.6638872109e+09 -1.0017706263e+07 1.9197815777e+06 5.6471243033e+02 0.0000000000e+00 -0.0000000000e+00
1.5150705260e+05 1.4234152046e-13 1.6747764396e-14 3.5592328240e+07 2.2452094060e+07 4.2656115025e-18 1.2329901885e-18 -4.1755221360e+03 -6.4042774450e+02 -4.6638869820e+09 -1.0017706263e+07 1.9197815777e+06 5.3111169395e+02 0.0000000000e+00 -0.0000000000e+00
1.5203816430e+05 1.4464636365e-13 1.7427836481e-14 3.3347028890e+07 2.2094238525e+07 4.4158813246e-18 1.3301500001e-18 -4.2810999451e+03 -7.0869108508e+02 -4.6638867304e+09 -1.0017706263e+07 1.9197815777e+06 4.9894666542e+02 0.0000000000e+00 -0.0000000000e+00
1.5253711096e+05 1.4688750899e-13 1.8117013401e-14 3.1184391112e+07 2.1722721355e+07 4.5698486342e-18 1.4347611908e-18 -4.3892755654e+03 -7.8218967690e+02 -4.6638864548e+09 -1.0017706263e+07 1.9197815777e+06 4.6827009872e+02 0.0000000000e+00 -0.0000000000e+00
1.5300538106e+05 1.4906378929e-13 1.8814629559e-14 2.9103480732e+07 2.1338346368e+07 4.7273929510e-18 1.5473629685e-18 -4.4999643490e+03 -8.6130236119e+02 -4.6638861539e+09 -1.0017706263e+07 1.9197815777e+06 4.3910912006e+02 0.0000000000e+00 -0.0000000000e+00
1.5344449018e+05 1.5117447032e-13 1.9520083614e-14 2.7103027402e+07 2.0941878366e+07 4.8883705586e-18 1.6685381406e-18 -4.6130653222e+03 -9.4643861154e+02 -4.6638858264e+09 -1.0017706263e+07 1.9197815777e+06 4.1147025913e+02 0.0000000000e+00 -0.0000000000e+00
1.5385596044e+05 1.5321920272e-13 2.0232841984e-14 2.5181482690e+07 2.0534036018e+07 5.0526096564e-18 1.7989171690e-18 -4.7284577801e+03 -1.0380413830e+03 -4.6638854710e+09 -1.0017706263e+07 1.9197815777e+06 3.8534364922e+02 0.0000000000e+00 -0.0000000000e+00
1.5424130409e+05 1.5519797857e-13 2.0952442893e-14 2.3337069882e+07 2.0115485313e+07 5.2199048450e-18 1.9391827835e-18 -4.8459974114e+03 -1.1365903536e+03 -4.6638850865e+09 -1.0017706263e+07 1.9197815777e+06 3.6070654568e+02 0.0000000000e+00 -0.0000000000e+00
1.5460201064e+05 1.5711109235e-13 2.1678501073e-14 2.1567826616e+07 1.9686833351e+07 5.3900107718e-18 2.0900752541e-18 -4.9655118344e+03 -1.2426056282e+03 -4.6638846715e+09 -1.0017706263e+07 1.9197815777e+06 3.3752627416e+02 0.0000000000e+00 -0.0000000000e+00
1.5493953691e+05 1.5895910576e-13 2.2410713264e-14 1.9871641308e+07 1.9248622236e+07 5.5626347314e-18 2.2523984436e-18 -5.0867953975e+03 -1.3566519915e+03 -4.6638842250e+09 -1.0017706263e+07 1.9197815777e+06 3.1576271308e+02 0.0000000000e+00 -0.0000000000e+00
1.5525529962e+05 1.6074281610e-13 2.3148864735e-14 1.8246284102e+07 1.8801322808e+07 5.7374279607e-18 2.4270268025e-18 -5.2096030640e+03 -1.4793438220e+03 -4.6638837458e+09 -1.0017706263e+07 1.9197815777e+06 2.9537038610e+02 0.0000000000e+00 -0.0000000000e+00
1.5555067001e+05 1.6246322817e-13 2.3892837137e-14 1.6689432962e+07 1.8345327918e+07 5.9139753035e-18 2.6149135081e-18 -5.3336431500e+03 -1.6113508109e+03 -4.6638832330e+09 -1.0017706263e+07 1.9197815777e+06 2.7630023519e+02 0.0000000000e+00 -0.0000000000e+00
1.5582697025e+05 1.6412152935e-13 2.4642618065e-14 1.5198695404e+07 1.7880944906e+07 6.0917828194e-18 2.8171000117e-18 -5.4585686189e+03 -1.7534046697e+03 -4.6638826858e+09 -1.0017706263e+07 1.9197815777e+06 2.5850113747e+02 0.0000000000e+00 -0.0000000000e+00
1.5608547138e+05 1.6571906780e-13 2.5398312863e-14 1.3771626221e+07 1.7408386834e+07 6.2702627874e-18 3.0347273402e-18 -5.5839665446e+03 -1.9063070703e+03 -4.6638821037e+09 -1.0017706263e+07 1.9197815777e+06 2.4192121827e+02 0.0000000000e+00 -0.0000000000e+00
1.5632739260e+05 1.6725733380e-13 2.6160159395e-14 1.2405741485e+07 1.6927761941e+07 6.4487153649e-18 3.2690496074e-18 -5.7093452261e+03 -2.0709391385e+03 -4.6638814867e+09 -1.0017706263e+07 1.9197815777e+06 2.2650901550e+02 0.0000000000e+00 -0.0000000000e+00
1.5655390162e+05 1.6873794425e-13 2.6928546752e-14 1.1098528965e+07 1.6439060593e+07 6.6263059097e-18 3.5214503488e-18 -5.8341182536e+03 -2.2482729300e+03 -4.6638808350e+09 -1.0017706263e+07 1.9197815777e+06 2.1221454879e+02 0.0000000000e+00 -0.0000000000e+00
1.5676611617e+05 1.7016263044e-13 2.7704039226e-14 9.8474549739e+06 1.5942138772e+07 6.8020365933e-18 3.7934625117e-18 -5.9575845645e+03 -2.4393854756e+03 -4.6638801498e+09 -1.0017706263e+07 1.9197815777e+06 1.9899035257e+02 0.0000000000e+00 -0.0000000000e+00
1.5696510652e+05 1.7153322931e-13 2.8487407459e-14 8.6499675201e+06 1.5436696763e+07 6.9747103884e-18 4.0867932489e-18 -6.0789031415e+03 -2.6454762006e+03 -4.6638794331e+09 -1.0017706263e+07 1.9197815777e+06 1.8679254197e+02 0.0000000000e+00 -0.0000000000e+00
1.5715189906e+05 1.7285167876e-13 2.9279669447e-14 7.5034954128e+06 1.4922251150e+07 7.1428846857e-18 4.4033551202e-18 -6.1970604243e+03 -2.8678888471e+03 -4.6638786879e+09 -1.0017706263e+07 1.9197815777e+06 1.7558200313e+02 0.0000000000e+00 -0.0000000000e+00
1.5732748106e+05 1.7412001749e-13 3.0082145316e-14 6.4054427279e+06 1.4398097410e+07 7.3048105320e-18 4.7453059825e-18 -6.3108276188e+03 -3.1081395000e+03 -4.6638779191e+09 -1.0017706263e+07 1.9197815777e+06 1.6532582875e+02 0.0000000000e+00 -0.0000000000e+00
1.5749280689e+05 1.7534039046e-13 3.0896531670e-14 5.3531776713e+06 1.3863259077e+07 7.4583514863e-18 5.1151008489e-18 -6.4187036870e+03 -3.3679530226e+03 -4.6638771336e+09 -1.0017706263e+07 1.9197815777e+06 1.5599917570e+02 0.0000000000e+00 -0.0000000000e+00
1.5764880607e+05 1.7651506124e-13 3.1725004251e-14 4.3440143976e+06 1.3316417441e+07 7.6008728748e-18 5.5155604967e-18 -6.5188375378e+03 -3.6493112599e+03 -4.6638763416e+09 -1.0017706263e+07 1.9197815777e+06 1.4758780247e+02 0.0000000000e+00 -0.0000000000e+00
1.5779639387e+05 1.7764643302e-13 3.2570362333e-14 3.3751857472e+06 1.2755812485e+07 7.7290868643e-18 5.9499638240e-18 -6.6089191784e+03 -3.9545179270e+03 -4.6638755568e+09 -1.0017706263e+07 1.9197815777e+06 1.4009166105e+02 0.0000000000e+00 -0.0000000000e+00
1.5793648553e+05 1.7873708024e-13 3.3436235742e-14 2.4438043014e+06 1.2179100649e+07 7.8388295911e-18 6.4221741096e-18 -6.6860231272e+03 -4.2862873182e+03 -4.6638747990e+09 -1.0017706263e+07 1.9197815777e+06 1.3138102519e+02 0.0000000000e+00 -0.0000000000e+00
1.5804645391e+05 1.7960322789e-13 3.4165078060e-14 1.7056555099e+06 1.1691861703e+07 7.9113365149e-18 6.8409415000e-18 -6.7369656388e+03 -4.5805083601e+03 -4.6638745313e+09 -1.0017706263e+07 1.9197815777e+06 1.1261930150e+02 0.0000000000e+00 -0.0000000000e+00
1.5813975057e+05 1.8034366232e-13 3.4821377517e-14 1.0754798735e+06 1.1251825096e+07 7.9588050152e-18 7.2343547857e-18 -6.7703164486e+03 -4.8569159062e+03 -4.6638744018e+09 -1.0017706263e+07 1.9197815777e+06 9.6265232663e+01 9.1573429453e-292 -6.4856279528e-284
1.5821515307e+05 1.8094482159e-13 3.5379761444e-14 5.6424654542e+05 1.0876541274e+07 7.9843416213e-18 7.5808721140e-18 -6.7882581677e+03 -5.1003749044e+03 -4.6638743551e+09 -1.0017706263e+07 1.9197815777e+06 8.0339294417e+01 4.9506363656e-267 -3.5729779589e-259
1.5825392299e+05 1.8125453394e-13 3.5677309064e-14 3.0095386322e+05 1.0676244262e+07 7.9919037278e-18 7.7697942159e-18 -6.7935712148e+03 -5.2331093505e+03 -4.6638743534e+09 -1.0017706263e+07 1.9197815777e+06 6.8467814677e+01 2.2093588369e-254 -1.6104276522e-246
1.5831284021e+05 1.8172553257e-13 3.6143889417e-14 -9.9401346840e+04 1.0361737242e+07 7.9947105241e-18 8.0717730860e-18 -6.7955432368e+03 -5.4452761520e+03 -4.6638743400e+09 -1.0017706263e+07 1.9197815777e+06 5.3411651176e+01 2.8443287781e-235 -2.1053316036e-227
1.5836625186e+05 1.8215237716e-13 3.6582692059e-14 -4.6224583183e+05 1.0065503045e+07 7.9866609144e-18 8.3618564701e-18 -6.7898876758e+03 -5.6490853249e+03 -4.6638743322e+09 -1.0017706263e+07 1.9197815777e+06 7.0513019999e+01 4.2910395416e-218 -3.2215863319e-210
1.5843676488e+05 1.8271464619e-13 3.7186527683e-14 -9.4039281230e+05 9.6571810744e+06 7.9574396176e-18 8.7699550296e-18 -6.7693571364e+03 -5.9358105716e+03 -4.6638743065e+09 -1.0017706263e+07 1.9197815777e+06 7.8912810390e+01 1.1076988841e-195 -8.4769320427e-188
1.5851567769e+05 1.8334032417e-13 3.7897764664e-14 -1.4729897872e+06 9.1752973225e+06 7.8940008012e-18 9.2623710968e-18 -6.7247857703e+03 -6.2817763073e+03 -4.6638742727e+09 -1.0017706263e+07 1.9197815777e+06 8.3756746032e+01 4.6588496665e-171 -3.6441555997e-163
1.5859943444e+05 1.8399717351e-13 3.8696923697e-14 -2.0331962235e+06 8.6327346064e+06 7.7821515092e-18 9.8279443842e-18 -6.6462017736e+03 -6.6791414453e+03 -4.6638742320e+09 -1.0017706263e+07 1.9197815777e+06 8.7373356000e+01 1.3175504085e-145 -1.0552391579e-137
1.5868680780e+05 1.8466984882e-13 3.9583125848e-14 -2.6087841768e+06 8.0298332547e+06 7.6038455987e-18 1.0465465498e-17 -6.5209261387e+03 -7.1270562794e+03 -4.6638741290e+09 -1.0017706263e+07 1.9197815777e+06 9.1619971886e+01 4.9953331577e-120 -4.1017078108e-112
1.5877842777e+05 1.8535479220e-13 4.0574496391e-14 -3.1979963862e+06 7.3540009555e+06 7.3318264670e-18 1.1183432463e-17 -6.3298086969e+03 -7.6314914225e+03 -4.6638737158e+09 -1.0017706263e+07 1.9197815777e+06 1.0009186370e+02 1.3958412159e-94 -1.1763735858e-86
1.5887851963e+05 1.8606875639e-13 4.1735176816e-14 -3.8175828605e+06 6.5611269574e+06 6.9104411085e-18 1.2015909903e-17 -6.0337483015e+03 -8.2163802782e+03 -4.6638718247e+09 -1.0017706263e+07 1.9197815777e+06 1.0117191446e+02 7.3855110976e-69 -6.3993910670e-61
1.5896822240e+05 1.8666674785e-13 4.2847553049e-14 -4.3434441523e+06 5.7998444699e+06 6.3994713623e-18 1.2787577788e-17 -5.6747469693e+03 -8.7585450558e+03 -4.6638691394e+09 -1.0017706263e+07 1.9197815777e+06 8.9708039823e+01 3.8770279928e-48 -3.4392317427e-40
1.5905793044e+05 1.8721253336e-13 4.4029361431e-14 -4.8326323739e+06 4.9897809626e+06 5.7430872486e-18 1.3557293400e-17 -5.2135792131e+03 -9.2993381889e+03 -4.6638641170e+09 -1.0017706263e+07 1.9197815777e+06 8.0878264698e+01 3.8081737370e-30 -3.4509429819e-22
1.5913880871e+05 1.8764853492e-13 4.5152962405e-14 -5.2342813163e+06 4.2186190315e+06 5.0170736335e-18 1.4220049223e-17 -4.7034905885e+03 -9.7649826333e+03 -4.6638595563e+09 -1.0017706263e+07 1.9197815777e+06 7.4430447344e+01 1.0406067731e-16 -9.5870128457e-09
1.5921323915e+05 1.8799356468e-13 4.6232443918e-14 -5.5644154423e+06 3.4769986324e+06 4.2367159138e-18 1.4775309255e-17 -4.1552204341e+03 -1.0155101796e+04 -4.6638562232e+09 -1.0017706253e+07 1.9197816031e+06 6.7700815896e+01 5.0541613301e-07 -4.7137522155e+01
1.5922529035e+05 1.8804380554e-13 4.6411006803e-14 -5.6139170616e+06 3.3542642924e+06 4.1007642049e-18 1.4858388491e-17 -4.0597023481e+03 -1.0213472253e+04 -4.6638599181e+09 -1.0017706127e+07 1.9197819154e+06 4.8146679867e+01 1.0250320737e-05 -9.5759752370e+02
1.5923794864e+05 1.8809479611e-13 4.6599628513e-14 -5.6646609121e+06 3.2245998611e+06 3.9552452220e-18 1.4943267228e-17 -3.9574621248e+03 -1.0273106289e+04 -4.6639368565e+09 -1.0017703594e+07 1.9197884324e+06 2.9527839828e+01 2.0049792462e-04 -1.8761904747e+04
1.5925021669e+05 1.8814244087e-13 4.6783445310e-14 -5.7125940928e+06 3.0982232164e+06 3.8116311584e-18 1.5023076761e-17 -3.8565560611e+03 -1.0329167556e+04 -4.6651353495e+09 -1.0017665241e+07 1.9198901930e+06 1.7785571552e+01 2.9708384512e-03 -2.7842084786e+05
1.5926034639e+05 1.8818044293e-13 4.6935950153e-14 -5.7512321185e+06 2.9933634267e+06 3.6911929647e-18 1.5087073032e-17 -3.7719021922e+03 -1.0374034065e+04 -4.6747778541e+09 -1.0017364248e+07 1.9207105915e+06 1.1736970364e+01 2.3929166035e-02 -2.2452018248e+06
1.5926840655e+05 1.8820980434e-13 4.7057755300e-14 -5.7813596264e+06 2.9096072213e+06 3.5941966595e-18 1.5136719969e-17 -3.7035948924e+03 -1.0408472644e+04 -4.7189380880e+09 -1.0016014135e+07 1.9244741839e+06 8.5941100272e+00 1.1488444992e-01 -1.0788330885e+07
1.5927499508e+05 1.8823322152e-13 4.7157615289e-14 -5.8055745766e+06 2.8409421752e+06 3.5141640203e-18 1.5176439457e-17 -3.6468703842e+03 -1.0434974305e+04 -4.8588395012e+09 -1.0011810736e+07 1.9364148465e+06 6.8040030342e+00 3.8979626690e-01 -3.6624483230e+07
1.5928057240e+05 1.8825263100e-13 4.7242351466e-14 -5.8257778941e+06 2.7826863488e+06 3.4459024753e-18 1.5209442905e-17 -3.5976904596e+03 -1.0454639395e+04 -5.2091778302e+09 -1.0001439324e+07 1.9663581735e+06 5.6797795202e+00 1.0499206332e+00 -9.8670459370e+07
1.5928544185e+05 1.8826926476e-13 4.7316482243e-14 -5.8431887272e+06 2.7317453105e+06 3.3859286401e-18 1.5237784706e-17 -3.5529699799e+03 -1.0466985847e+04 -5.9604806303e+09 -9.9794789905e+06 2.0306705636e+06 4.9235786602e+00 2.4119110299e+00 -2.2661191314e+08
1.5928981074e+05 1.8828393944e-13 4.7383109328e-14 -5.8586187838e+06 2.6860058287e+06 3.3318273052e-18 1.5262832610e-17 -3.5100226645e+03 -1.0469940496e+04 -7.4117250442e+09 -9.9375199821e+06 2.1551421318e+06 4.3986240317e+00 4.9475480944e+00 -4.6438896459e+08
1.5929420936e+05 1.8829847459e-13 4.7450299580e-14 -5.8739541217e+06 2.6399721793e+06 3.2770837427e-18 1.5287683127e-17 -3.4616102913e+03 -1.0457509807e+04 -1.0365121080e+10 -9.8529433640e+06 2.4092102789e+06 4.0293338015e+00 9.9107569409e+00 -9.2796540464e+08
1.5929823870e+05 1.8831157763e-13 4.7511944068e-14 -5.8877995943e+06 2.5978983517e+06 3.2266998102e-18 1.5310120398e-17 -3.4089994183e+03 -1.0420939406e+04 -1.5511636390e+10 -9.7066437893e+06 2.8540540629e+06 3.8474772951e+00 1.8203573451e+01 -1.6965199854e+09
1.5930208618e+05 1.8832389940e-13 4.7570890151e-14 -5.9007996692e+06 2.5579310725e+06 3.1783835996e-18 1.5331251518e-17 -3.3460984397e+03 -1.0346720939e+04 -2.4204153001e+10 -9.4605298812e+06 3.6111060803e+06 4.0748634727e+00 3.1569344477e+01 -2.9180109500e+09
1.5930616104e+05 1.8833674626e-13 4.7633407977e-14 -5.9142635943e+06 2.5160406664e+06 3.1269979211e-18 1.5353318452e-17 -3.2575325482e+03 -1.0198902611e+04 -3.9937963572e+10 -9.0145950744e+06 4.9993456055e+06 3.8170582446e+00 5.4359186668e+01 -4.9469711680e+09
1.5930890806e+05 1.8834528847e-13 4.7675604112e-14 -5.9231085587e+06 2.4882297343e+06 3.0922362083e-18 1.5368013752e-17 -3.1791724410e+03 -1.0039592249e+04 -5.6004515410e+10 -8.5561311123e+06 6.4412440053e+06 2.8198919651e+00 7.6181761452e+01 -6.8192527210e+09
1.5931135947e+05 1.8835283068e-13 4.7713293264e-14 -5.9307992975e+06 2.4638478556e+06 3.0611358711e-18 1.5381005937e-17 -3.0924659309e+03 -9.8430685976e+03 -7.5111170597e+10 -8.0048569897e+06 8.1892843783e+06 2.4691643969e+00 1.0050611524e+02 -8.8142001752e+09
1.5931382863e+05 1.8836035038e-13 4.7751287535e-14 -5.9383078319e+06 2.4398517750e+06 3.0297368372e-18 1.5393978046e-17 -2.9859318814e+03 -9.5821674835e+03 -9.9585235708e+10 -7.2868326004e+06 1.0484413281e+07 2.2599805248e+00 1.2930436007e+02 -1.1031118181e+10
1.5931608861e+05 1.8836716499e-13 4.7786090949e-14 -5.9449278880e+06 2.4185255074e+06 3.0009356626e-18 1.5405752876e-17 -2.8694292119e+03 -9.2802713896e+03 -1.2684579901e+11 -6.4685605241e+06 1.3120849363e+07 2.1433457335e+00 1.5841227026e+02 -1.3079614573e+10
1.5931823196e+05 1.8837356771e-13 4.7819122695e-14 -5.9509438139e+06 2.3989948586e+06 2.9735681932e-18 1.5416835659e-17 -2.7412819296e+03 -8.9344065304e+03 -1.5682014456e+11 -5.5427471518e+06 1.6126887048e+07 2.1085376624e+00 1.8686199827e+02 -1.4843699339e+10
1.5932034049e+05 1.8837980917e-13 4.7851641100e-14 -5.9565764597e+06 2.3805648913e+06 2.9465974139e-18 1.5427661094e-17 -2.5988079730e+03 -8.5377926438e+03 -1.8963976469e+11 -4.4927880148e+06 1.9562754579e+07 2.1607160764e+00 2.1368127649e+02 -1.6209590047e+10
1.5932250121e+05 1.8838614603e-13 4.7884987811e-14 -5.9620201839e+06 2.3626048151e+06 2.9189126290e-18 1.5438678191e-17 -2.4376757832e+03 -8.0780401180e+03 -2.2568565050e+11 -3.2884979369e+06 2.3536445154e+07 2.3664521033e+00 2.3770295049e+02 -1.7048427663e+10
1.5932486766e+05 1.8839301757e-13 4.7921536898e-14 -5.9675660481e+06 2.3441353639e+06 2.8885410243e-18 1.5450660470e-17 -2.2474051458e+03 -7.5237905492e+03 -2.6635875064e+11 -1.8525767421e+06 2.8319124659e+07 3.4537759530e+00 2.5747949507e+02 -1.7185302700e+10
1.5932729317e+05 1.8839998596e-13 4.7959027476e-14 -5.9727707475e+06 2.3266146710e+06 2.8573603372e-18 1.5462856817e-17 -2.0432433158e+03 -6.9187576229e+03 -3.0734570764e+11 -3.0341225035e+05 3.3534741114e+07 2.5754427468e+00 2.6869580735e+02 -1.6476515056e+10
1.5932986862e+05 1.8840730223e-13 4.7998867761e-14 -5.9777504129e+06 2.3096432254e+06 2.8242004523e-18 1.5475720449e-17 -1.8240480671e+03 -6.2600686770e+03 -3.4796494398e+11 1.3617165306e+06 3.9210418767e+07 2.6049732095e+00 2.6989203631e+02 -1.4958333411e+10
1.5933247359e+05 1.8841461546e-13 4.8039198455e-14 -5.9822183474e+06 2.2941963978e+06 2.7906112464e-18 1.5488649283e-17 -1.6077901863e+03 -5.6030145278e+03 -3.8436037800e+11 2.9993137799e+06 4.4872590033e+07 2.4086725888e+00 2.6098580683e+02 -1.2931222529e+10
1.5933434388e+05 1.8841981214e-13 4.8068175385e-14 -5.9850857555e+06 2.2841440881e+06 2.7664676328e-18 1.5497885601e-17 -1.4596931361e+03 -5.1497663394e+03 -4.0707964377e+11 4.1139530463e+06 4.8780358926e+07 1.8948592231e+00 2.4967209000e+02 -1.1359449346e+10
1.5933623874e+05 1.8842503102e-13 4.8097550534e-14 -5.9877158801e+06 2.2748032345e+06 2.7419854417e-18 1.5507207497e-17 -1.3178646127e+03 -4.7136871410e+03 -4.2710567433e+11 5.1732878494e+06 5.2542702475e+07 1.7215360333e+00 2.3528815012e+02 -9.7886461764e+09
1.5933796028e+05 1.8842973229e-13 4.8124254019e-14 -5.9898795831e+06 2.2670123864e+06 2.7197254017e-18 1.5515648116e-17 -1.1971740792e+03 -4.3413523877e+03 -4.4278566957e+11 6.0662204262e+06 5.5757955252e+07 1.6227917820e+00 2.2060907105e+02 -8.4446631533e+09
1.5933958307e+05 1.8843412880e-13 4.8149439126e-14 -5.9917351641e+06 2.2602367566e+06 2.6987282590e-18 1.5523581704e-17 -1.0909660105e+03 -4.0129725236e+03 -4.5553236054e+11 6.8435940729e+06 5.8596563485e+07 1.5618249986e+00 2.0605791336e+02 -7.2837981291e+09
1.5934114489e+05 1.8843832795e-13 4.8173690194e-14 -5.9933638399e+06 2.2542020481e+06 2.6785081169e-18 1.5531197899e-17 -9.9578918639e+02 -3.7183029299e+03 -4.6610851065e+11 7.5318423900e+06 6.1146738947e+07 1.5237320185e+00 1.9188675266e+02 -6.2784078239e+09
1.5934266863e+05 1.8844239424e-13 4.8197361227e-14 -5.9948146093e+06 2.2487425010e+06 2.6587707001e-18 1.5538611451e-17 -9.0951156588e+02 -3.4510157037e+03 -4.7499769023e+11 8.1473303111e+06 6.3462954103e+07 1.5002788759e+00 1.7824943896e+02 -5.4072432799e+09
1.5934416891e+05 1.8844636856e-13 4.8220678944e-14 -5.9961192736e+06 2.2437504605e+06 2.6393276488e-18 1.5545895824e-17 -8.3071419643e+02 -3.2069005604e+03 -4.8253176726e+11 8.7009940491e+06 6.5581435097e+07 1.4868381546e+00 1.6524509964e+02 -4.6530302430e+09
1.5934565574e+05 1.8845027848e-13 4.8243798533e-14 -5.9972999432e+06 2.2391509879e+06 2.6200501251e-18 1.5553101278e-17 -7.5837688387e+02 -2.9829270157e+03 -4.8895402458e+11 9.2007358339e+06 6.7528241201e+07 1.4806738306e+00 1.5293441094e+02 -4.0009917758e+09
1.5934713642e+05 1.8845414370e-13 4.8266832908e-14 -5.9983728604e+06 2.2348888938e+06 2.6008444730e-18 1.5560264341e-17 -6.9171826438e+02 -2.7767674905e+03 -4.9445137902e+11 9.6526379456e+06 6.9323374975e+07 1.4800165481e+00 1.4134912485e+02 -3.4381525935e+09
1.5934861643e+05 1.8845797878e-13 4.8289867648e-14 -5.9993504287e+06 2.2309218840e+06 2.5816397854e-18 1.5567412655e-17 -6.3011338375e+02 -2.5865526715e+03 -4.9917191131e+11 1.0061589037e+07 7.0982890665e+07 1.4836439763e+00 1.3049958820e+02 -2.9530336896e+09
1.5935010008e+05 1.8846179473e-13 4.8312969455e-14 -6.0002424006e+06 2.2272165621e+06 2.5623808706e-18 1.5574567728e-17 -5.7304655977e+02 -2.4107321635e+03 -5.0323544572e+11 1.0431642801e+07 7.2520095082e+07 1.4906663811e+00 1.2038048215e+02 -2.5354766270e+09
1.5935159074e+05 1.8846559996e-13 4.8336191291e-14 -6.0010566232e+06 2.2237459281e+06 2.5430239783e-18 1.5581746611e-17 -5.2008232022e+02 -2.2479888778e+03 -5.0674042914e+11 1.0766239477e+07 7.3946285299e+07 1.5004073906e+00 1.1097518821e+02 -2.1765135561e+09
1.5935309115e+05 1.8846940091e-13 4.8359575674e-14 -6.0017995320e+06 2.2204877285e+06 2.5235340589e-18 1.5588962971e-17 -4.7084642425e+02 -2.0971832920e+03 -5.0976866241e+11 1.1068350794e+07 7.5271228880e+07 1.5123333143e+00 1.0225911836e+02 -1.8682545161e+09
1.5935460348e+05 1.8847320248e-13 4.8383156877e-14 -6.0024764918e+06 2.2174233221e+06 2.5038829315e-18 1.5596227814e-17 -4.2501288789e+02 -1.9573154392e+03 -5.1238869897e+11 1.1340579320e+07 7.6503491269e+07 1.5260093107e+00 9.4202261960e+01 -1.6037827814e+09
1.5935612949e+05 1.8847700829e-13 4.8406962453e-14 -6.0030920406e+06 2.2145368737e+06 2.4840480155e-18 1.5603549984e-17 -3.8229476873e+02 -1.8274979662e+03 -5.1465837186e+11 1.1585229215e+07 7.7650667793e+07 1.5410711196e+00 8.6771134546e+01 -1.3770558226e+09
1.5935767057e+05 1.8848082095e-13 4.8431014326e-14 -6.0036500683e+06 2.2118147647e+06 2.4640114255e-18 1.5610936525e-17 -3.4243740838e+02 -1.7069364102e+03 -5.1662672468e+11 1.1804358262e+07 7.8719553443e+07 1.5572064982e+00 7.9930266258e+01 -1.1828118084e+09
1.5935922777e+05 1.8848464216e-13 4.8455329584e-14 -6.0041539519e+06 2.2092451524e+06 2.4437593042e-18 1.5618392941e-17 -3.0521333496e+02 -1.5949143423e+03 -5.1833552023e+11 1.1999817217e+07 7.9716270735e+07 1.5741425863e+00 7.3643332409e+01 -1.0164821572e+09
1.5936080191e+05 1.8848847287e-13 4.8479921090e-14 -6.0046066589e+06 2.2068176342e+06 2.4232813180e-18 1.5625923397e-17 -2.7041832769e+02 -1.4907819126e+03 -5.1982044029e+11 1.2173280245e+07 8.0646368271e+07 1.5916376059e+00 6.7874005501e+01 -8.7411067687e+08
1.5936239355e+05 1.8849231337e-13 4.8504797952e-14 -6.0050108285e+06 2.2045229866e+06 2.4025702587e-18 1.5633530878e-17 -2.3786830693e+02 -1.3939468101e+03 -5.2111205416e+11 1.2326268976e+07 8.1514898518e+07 1.6094750687e+00 6.2586587812e+01 -7.5227955993e+08
1.5936400303e+05 1.8849616339e-13 4.8529965917e-14 -6.0053688362e+06 2.2023529610e+06 2.3816217199e-18 1.5641217316e-17 -2.0739683414e+02 -1.3038670078e+03 -5.2223660955e+11 1.2460171821e+07 8.2326480247e+07 1.6274600704e+00 5.7746472600e+01 -6.4804232722e+08
1.5936563049e+05 1.8850002214e-13 4.8555427694e-14 -6.0056828447e+06 2.2003001206e+06 2.3604338194e-18 1.5648983700e-17 -1.7885306494e+02 -1.2200448326e+03 -5.2321668502e+11 1.2576259718e+07 8.3085349578e+07 1.6454168752e+00 5.3320470065e+01 -5.5886356263e+08
1.5936727590e+05 1.8850388841e-13 4.8581183252e-14 -6.0059548460e+06 2.1983577101e+06 2.3390069543e-18 1.5656830168e-17 -1.5210004892e+02 -1.1420220510e+03 -5.2407173263e+11 1.2675699115e+07 8.3795402328e+07 1.6631873281e+00 4.9277027410e+01 -4.8256515182e+08
1.5936893909e+05 1.8850776061e-13 4.8607230085e-14 -6.0061866952e+06 2.1965195498e+06 2.3173435740e-18 1.5664756099e-17 -1.2701330076e+02 -1.0693757502e+03 -5.2481853208e+11 1.2759562768e+07 8.4460229545e+07 1.6806301921e+00 4.5586366311e+01 -4.1727863098e+08
1.5937061972e+05 1.8851163680e-13 4.8633563474e-14 -6.0063801380e+06 2.1947799506e+06 2.2954479635e-18 1.5672760193e-17 -1.0347958190e+02 -1.0017148343e+03 -5.2547157325e+11 1.2828838792e+07 8.5083147780e+07 1.6976207807e+00 4.2220555433e+01 -3.6140317196e+08
1.5937231734e+05 1.8851551483e-13 4.8660176737e-14 -6.0065368331e+06 2.1931336434e+06 2.2733260290e-18 1.5680840553e-17 -8.1395853969e+01 -9.3867702381e+02 -5.2604337978e+11 1.2884438286e+07 8.5667225077e+07 1.7140509490e+00 3.9153533075e+01 -3.1356872374e+08
1.5937403139e+05 1.8851939228e-13 4.8687061485e-14 -6.0066583705e+06 2.1915757225e+06 2.2509850848e-18 1.5688994763e-17 -6.0668371704e+01 -8.7992626159e+02 -5.2654478391e+11 1.2927201767e+07 8.6215303501e+07 1.7298293492e+00 3.6361091420e+01 -2.7260381146e+08
1.5937576122e+05 1.8852326659e-13 4.8714207883e-14 -6.0067462858e+06 2.1901015987e+06 2.2284336359e-18 1.5697219972e-17 -4.1211890314e+01 -8.2515045217e+02 -5.2698516073e+11 1.2957904606e+07 8.6730018832e+07 1.7448816970e+00 3.3820831527e+01 -2.3750750760e+08
1.5937723681e+05 1.8852654064e-13 4.8737375611e-14 -6.0067955242e+06 2.1889164390e+06 2.2091929990e-18 1.5704233297e-17 -2.5682899466e+01 -7.8168815203e+02 -5.2731618841e+11 1.2974995944e+07 8.7141331955e+07 1.5212658870e+00 3.1852876813e+01 -2.1175584185e+08
1.5937847978e+05 1.8852927654e-13 4.8756899283e-14 -6.0068196935e+06 2.1879664355e+06 2.1929827775e-18 1.5710139105e-17 -1.3311114334e+01 -7.4721945495e+02 -5.2756728540e+11 1.2983348675e+07 8.7469585368e+07 1.3053493194e+00 3.0324721166e+01 -1.9263394228e+08
1.5937933725e+05 1.8853115215e-13 4.8770371914e-14 -6.0068275811e+06 2.1873355185e+06 2.1817988309e-18 1.5714212231e-17 -5.1336579732e+00 -7.2450901108e+02 -5.2772726036e+11 1.2986066525e+07 8.7686948851e+07 1.0869475701e+00 2.9334701191e+01 -1.8065720545e+08
1.5938042419e+05 1.8853351595e-13 4.8787455245e-14 -6.0068277048e+06 2.1865631357e+06 2.1676201418e-18 1.5719374363e-17 4.8332112736e+00 -6.9690146687e+02 -5.2791594699e+11 1.2986109783e+07 8.7952441226e+07 1.0565392373e+00 2.8150323296e+01 -1.6675702379e+08
1.5938148073e+05 1.8853579884e-13 4.8804066031e-14 -6.0068176618e+06 2.1858404765e+06 2.1538364418e-18 1.5724390977e-17 1.4112262867e+01 -6.7126373144e+02 -5.2808554986e+11 1.2982665465e+07 8.8200321200e+07 1.2614903104e+00 2.7070331275e+01 -1.5449044833e+08
1.5938274222e+05 1.8853850550e-13 4.8823905975e-14 -6.0067931323e+06 2.1850122362e+06 2.1373768056e-18 1.5730379396e-17 2.4688523008e+01 -6.4210581551e+02 -5.2827195180e+11 1.2974266728e+07 8.8483926322e+07 1.3826445796e+00 2.5866862640e+01 -1.4128305210e+08
1.5938412487e+05 1.8854144826e-13 4.8845660035e-14 -6.0067513257e+06 2.1841455484e+06 2.1193337584e-18 1.5736941388e-17 3.5683418463e+01 -6.1184693762e+02 -5.2845821195e+11 1.2959970262e+07 8.8780314997e+07 1.4668402326e+00 2.4647898490e+01 -1.2840411645e+08
1.5938559171e+05 1.8854454294e-13 4.8868748719e-14 -6.0066908239e+06 2.1832705053e+06 2.1001890430e-18 1.5743901323e-17 4.6701450796e+01 -5.8155074941e+02 -5.2863752586e+11 1.2939291297e+07 8.9079397329e+07 1.5306674558e+00 2.3460473241e+01 -1.1634271065e+08
1.5938712238e+05 1.8854774234e-13 4.8892852953e-14 -6.0066109688e+06 2.1824033661e+06 2.0802080998e-18 1.5751162450e-17 5.7527481462e+01 -5.5177042696e+02 -5.2880696171e+11 1.2911986364e+07 8.9375893520e+07 1.5820737718e+00 2.2328294775e+01 -1.0528841310e+08
1.5938870445e+05 1.8855101705e-13 4.8917778390e-14 -6.0065115555e+06 2.1815535693e+06 2.0595527607e-18 1.5758665814e-17 6.8034578623e+01 -5.2280741461e+02 -5.2896544811e+11 1.2877943005e+07 8.9666889214e+07 1.6254325431e+00 2.1263531743e+01 -9.5288959322e+07
1.5939032988e+05 1.8855434746e-13 4.8943399303e-14 -6.0063926620e+06 2.1807267573e+06 2.0383278476e-18 1.5766373262e-17 7.8144069283e+01 -4.9482404567e+02 -5.2911287896e+11 1.2837118495e+07 8.9950776732e+07 1.6634084153e+00 2.0272009856e+01 -8.6320844095e+07
1.5939199329e+05 1.8855771997e-13 4.8969631780e-14 -6.0062545474e+06 2.1799262860e+06 2.0166034464e-18 1.5774259317e-17 8.7805518543e+01 -4.6790017571e+02 -5.2924966180e+11 1.2789502689e+07 9.0226725145e+07 1.6977750256e+00 1.9355841056e+01 -7.8324858884e+07
1.5939369107e+05 1.8856112488e-13 4.8996419755e-14 -6.0060975853e+06 2.1791540538e+06 1.9944265188e-18 1.5782306935e-17 9.6985697711e+01 -4.4206447603e+02 -5.2937647234e+11 1.2735093601e+07 9.0494388969e+07 1.7298213604e+00 1.8514873753e+01 -7.1225174679e+07
1.5939542089e+05 1.8856455534e-13 4.9023727417e-14 -6.0059222166e+06 2.1784109884e+06 1.9718272169e-18 1.5790505202e-17 1.0566208757e+02 -4.1731290243e+02 -5.2949411519e+11 1.2673879884e+07 9.0753737395e+07 1.7605764901e+00 1.7747539087e+01 -6.4939929001e+07
1.5939718146e+05 1.8856800664e-13 4.9051535154e-14 -6.0057289122e+06 2.1776973464e+06 1.9488222654e-18 1.5798848092e-17 1.1381886252e+02 -3.9362011919e+02 -5.2960344321e+11 1.2605826900e+07 9.1004949790e+07 1.7909480208e+00 1.7051362739e+01 -5.9387140541e+07
1.5939897241e+05 1.8857147592e-13 4.9079837669e-14 -6.0055181408e+06 2.1770129029e+06 1.9254165385e-18 1.5807333887e-17 1.2144431378e+02 -3.7094679812e+02 -5.2970531108e+11 1.2530864235e+07 9.1248350187e+07 1.8218200141e+00 1.6423280796e+01 -5.4487944797e+07
1.5940079423e+05 1.8857496199e-13 4.9108643648e-14 -6.0052903362e+06 2.1763570738e+06 1.9016033586e-18 1.5815965063e-17 1.2852914420e+02 -3.4924435557e+02 -5.2980054953e+11 1.2448872983e+07 9.1484366334e+07 1.8541359858e+00 1.5859835743e+01 -5.0168250022e+07
1.5940264837e+05 1.8857846535e-13 4.9137976741e-14 -6.0050458627e+06 2.1757289926e+06 1.8773637093e-18 1.5824748570e-17 1.3506530296e+02 -3.2845799127e+02 -5.2988995276e+11 1.2359671147e+07 9.1713505532e+07 1.8889853057e+00 1.5357296709e+01 -4.6359445178e+07
1.5940453735e+05 1.8858198833e-13 4.9167877910e-14 -6.0047849720e+06 2.1751275542e+06 1.8526643187e-18 1.5833696517e-17 1.4104514795e+02 -3.0852850054e+02 -5.2997427467e+11 1.2262995069e+07 9.1936343344e+07 1.8984490585e+00 1.4911730567e+01 -4.2998532666e+07
1.5940643580e+05 1.8858548196e-13 4.9197945912e-14 -6.0045120326e+06 2.1745599045e+06 1.8278370405e-18 1.5842688778e-17 1.4638366114e+02 -2.8967491166e+02 -5.3005305973e+11 1.2160103926e+07 9.2150300634e+07 1.9080687173e+00 1.4524567387e+01 -4.0069897678e+07
1.5940834387e+05 1.8858894579e-13 4.9228183473e-14 -6.0042281289e+06 2.1740243793e+06 1.8028798459e-18 1.5851726221e-17 1.5108998875e+02 -2.7183030572e+02 -5.3012701836e+11 1.2051063344e+07 9.2355951396e+07 1.9185470788e+00 1.4190040745e+01 -3.7511159365e+07
1.5941026242e+05 1.8859238062e-13 4.9258604473e-14 -6.0039342349e+06 2.1735192334e+06 1.7777815123e-18 1.5860813037e-17 1.5517489610e+02 -2.5493038595e+02 -5.3019678449e+11 1.1935897808e+07 9.2553867174e+07 1.9298798162e+00 1.3902457407e+01 -3.5267378415e+07
1.5941219230e+05 1.8859578716e-13 4.9289222756e-14 -6.0036313128e+06 2.1730428521e+06 1.7525308689e-18 1.5869953386e-17 1.5864927948e+02 -2.3892020202e+02 -5.3026289778e+11 1.1814633225e+07 9.2744539906e+07 1.9419412641e+00 1.3656334451e+01 -3.3291051261e+07
1.5941413424e+05 1.8859916580e-13 4.9320050203e-14 -6.0033203342e+06 2.1725937579e+06 1.7271183856e-18 1.5879150832e-17 1.6152485365e+02 -2.2375411462e+02 -5.3032581250e+11 1.1687312255e+07 9.2928378794e+07 1.9544229250e+00 1.3446391440e+01 -3.1541130668e+07
1.5941608866e+05 1.8860251632e-13 4.9351093825e-14 -6.0030023119e+06 2.1721706229e+06 1.7015385674e-18 1.5888407468e-17 1.6381493781e+02 -2.0939585527e+02 -5.3038590372e+11 1.1554015296e+07 9.3105704628e+07 1.9667784997e+00 1.3267557647e+01 -2.9982248197e+07
1.5941805544e+05 1.8860583755e-13 4.9382351964e-14 -6.0026783387e+06 2.1717722794e+06 1.6757930713e-18 1.5897722795e-17 1.6553540208e+02 -1.9581848297e+02 -5.3044347172e+11 1.1414887140e+07 9.3276743427e+07 1.9781795736e+00 1.3114993128e+01 -2.8584095901e+07
1.5942003362e+05 1.8860912696e-13 4.9413809782e-14 -6.0023496325e+06 2.1713977260e+06 1.6498944059e-18 1.5907092385e-17 1.6670578494e+02 -1.8300406049e+02 -5.3049874535e+11 1.1270168564e+07 9.3441621211e+07 1.9875069368e+00 1.2984124486e+01 -2.7320937547e+07
1.5942202113e+05 1.8861238027e-13 4.9445434594e-14 -6.0020175777e+06 2.1710461223e+06 1.6238697469e-18 1.5916506502e-17 1.6735053116e+02 -1.7094278508e+02 -5.3055188539e+11 1.1120229643e+07 9.3600363157e+07 1.9934167286e+00 1.2870695448e+01 -2.6171212450e+07
1.5942401454e+05 1.8861559130e-13 4.9477172235e-14 -6.0016837498e+06 2.1707167645e+06 1.5977638898e-18 1.5925949035e-17 1.6750019017e+02 -1.5963123418e+02 -5.3060299002e+11 1.0965597566e+07 9.3752902145e+07 1.9945137986e+00 1.2770829935e+01 -2.5117182572e+07
1.5942600906e+05 1.8861875201e-13 4.9508946183e-14 -6.0013499028e+06 2.1704090337e+06 1.5716399333e-18 1.5935397254e-17 1.6719226308e+02 -1.4906947326e+02 -5.3065210427e+11 1.0806967918e+07 9.3899101877e+07 1.9896327324e+00 1.2681101306e+01 -2.4144566826e+07
1.5942799869e+05 1.8862185307e-13 4.9540661147e-14 -6.0010179039e+06 2.1701223192e+06 1.5455762803e-18 1.5944822896e-17 1.6647127496e+02 -1.3925708380e+02 -5.3069923508e+11 1.0645187383e+07 9.4038797121e+07 1.9781563488e+00 1.2598595898e+01 -2.3242112211e+07
1.5942997685e+05 1.8862488483e-13 4.9572211769e-14 -6.0006896127e+06 2.1698559268e+06 1.5196594624e-18 1.5954194758e-17 1.6538770315e+02 -1.3018872400e+02 -5.3074437129e+11 1.0481201786e+07 9.4171846941e+07 1.9602370755e+00 1.2520954992e+01 -2.2401082641e+07
1.5943193708e+05 1.8862783855e-13 4.9603494876e-14 -6.0003667296e+06 2.1696090017e+06 1.4939740565e-18 1.5963482345e-17 1.6399570760e+02 -1.2185034911e+02 -5.3078750489e+11 1.0315976580e+07 9.4298188596e+07 1.9368007079e+00 1.2446380662e+01 -2.1614696935e+07
1.5943387388e+05 1.8863070750e-13 4.9634421847e-14 -6.0000506561e+06 2.1693804887e+06 1.4685925442e-18 1.5972659530e-17 1.6235008182e+02 -1.1421723739e+02 -5.3082864844e+11 1.0150410369e+07 9.4417876198e+07 1.9093187351e+00 1.2373599573e+01 -2.0877588055e+07
1.5943578320e+05 1.8863348762e-13 4.9664927383e-14 -5.9997424087e+06 2.1691691454e+06 1.4435681476e-18 1.5981707148e-17 1.6050317717e+02 -1.0725433683e+02 -5.3086784440e+11 9.9852659836e+06 9.4531093224e+07 1.8794626830e+00 1.2301791270e+01 -2.0185358139e+07
1.5943766267e+05 1.8863617760e-13 4.9694972775e-14 -5.9994426033e+06 2.1689735972e+06 1.4189321934e-18 1.5990613940e-17 1.5850250926e+02 -1.0091852810e+02 -5.3090516566e+11 9.8211343877e+06 9.4638138959e+07 1.8487922957e+00 1.2230496763e+01 -1.9534265646e+07
1.5943951146e+05 1.8863877851e-13 4.9724544198e-14 -5.9991514986e+06 2.1687924120e+06 1.3946955632e-18 1.5999376032e-17 1.5638939461e+02 -9.5161814845e+01 -5.3094070956e+11 9.6584317577e+06 9.4739398239e+07 1.8185684605e+00 1.2159524812e+01 -1.8921033870e+07
1.5944133003e+05 1.8864129318e-13 4.9753647996e-14 -5.9988690710e+06 2.1686241704e+06 1.3708526007e-18 1.6007995523e-17 1.5419856572e+02 -8.9934461819e+01 -5.3097458926e+11 9.4974195402e+06 9.4835306339e+07 1.7896970489e+00 1.2088868504e+01 -1.8342743845e+07
1.5944311972e+05 1.8864372559e-13 4.9782305050e-14 -5.9985950961e+06 2.1684675199e+06 1.3473857585e-18 1.6016478801e-17 1.5195848195e+02 -8.5187485426e+01 -5.3100692529e+11 9.3382348461e+06 9.4926317772e+07 1.7627589957e+00 1.2018637970e+01 -1.7796773650e+07
1.5944488248e+05 1.8864608034e-13 4.9810545607e-14 -5.9983292202e+06 2.1683212076e+06 1.3242698538e-18 1.6024835007e-17 1.4969201996e+02 -8.0874323432e+01 -5.3103783878e+11 9.1809217364e+06 9.5012882911e+07 1.7380780132e+00 1.1949009903e+01 -1.7280758738e+07
1.5944662056e+05 1.8864836221e-13 4.9838405181e-14 -5.9980710161e+06 2.1681840965e+06 1.3014754402e-18 1.6033074818e-17 1.4741730003e+02 -7.6951773613e+01 -5.3106744690e+11 9.0254583791e+06 9.5095432738e+07 1.7157929465e+00 1.1880191690e+01 -1.6792560549e+07
1.5944662056e+05 1.8864836221e-13 4.9838405181e-14 -5.9980710161e+06 2.1681840965e+06 1.3014754402e-18 1.6033074818e-17 1.4741730003e+02 -7.6951773613e+01 -5.3106744690e+11 9.0254583791e+06 9.5095432738e+07 1.7157929465e+00 1.1880191690e+01 -1.6792560549e+07
