0.0000000000e+00 0.0000000000e+00 0.0000000000e+00 3.1415900000e+08 0.0000000000e+00 0.0000000000e+00 0.0000000000e+00 -1.1986054070e+03 5.7836644110e+01 -4.6638893083e+09 -1.0188145959e+07 4.9161147494e+05 1.0000000000e+01 0.0000000000e+00 -0.0000000000e+00
1.0000000000e+01 2.8740026702e-22 1.7637348680e-28 3.1414701374e+08 5.7836644098e+02 5.7480784448e-23 5.2913055466e-29 -1.1986457923e+03 5.7836644073e+01 -4.6638893083e+09 -1.0188145959e+07 4.9161147494e+05 5.0000000000e+01 0.0000000000e+00 -0.0000000000e+00
6.0000000000e+01 1.0347725736e-20 3.8107577906e-26 3.1408707641e+08 3.4701986198e+03 3.4495051854e-22 1.9055970513e-27 -1.1988477652e+03 5.7836642771e+01 -4.6638893083e+09 -1.0188145959e+07 4.9161147494e+05 2.5000000000e+02 0.0000000000e+00 -0.0000000000e+00
3.1000000000e+02 2.7640265097e-19 5.2633788679e-24 3.1378723813e+08 1.7929355976e+04 1.7839470060e-21 5.0966095815e-26 -1.1998587872e+03 5.7836608302e+01 -4.6638893083e+09 -1.0188145959e+07 4.9161147494e+05 1.2500000000e+03 0.0000000000e+00 -0.0000000000e+00
1.5600000000e+03 7.0219076968e-18 6.7557770529e-22 3.1228424206e+08 9.0224690159e+04 9.0204426043e-21 1.3030862808e-24 -1.2049430639e+03 5.7835728577e+01 -4.6638893083e+09 -1.0188145959e+07 4.9161147494e+05 3.6000000000e+03 0.0000000000e+00 -0.0000000000e+00
5.1600000000e+03 7.7543999990e-17 2.4966522922e-20 3.0791971460e+08 2.9841954242e+05 3.0258130890e-20 1.4662288970e-23 -1.2198644138e+03 5.7826342558e+01 -4.6638893082e+09 -1.0188145959e+07 4.9161147494e+05 3.6000000000e+03 0.0000000000e+00 -0.0000000000e+00
8.7600000000e+03 2.2561781590e-16 1.2479811617e-19 3.0350070021e+08 5.0656132072e+05 5.2110382359e-20 4.3487685799e-23 -1.2352175486e+03 5.7806090174e+01 -4.6638893081e+09 -1.0188145959e+07 4.9161147494e+05 3.6000000000e+03 0.0000000000e+00 -0.0000000000e+00
1.2360000000e+04 4.5351845675e-16 3.5828095365e-19 2.9902560044e+08 7.1460919722e+05 7.4612488811e-20 8.9154064482e-23 -1.2510272638e+03 5.7774005513e+01 -4.6638893080e+09 -1.0188145959e+07 4.9161147494e+05 3.6000000000e+03 0.0000000000e+00 -0.0000000000e+00
1.5960000000e+04 7.6365336866e-16 7.8873976341e-19 2.9449272383e+08 9.2251868072e+05 9.7802736428e-20 1.5318652000e-22 -1.2673204590e+03 5.7729017063e+01 -4.6638893078e+09 -1.0188145959e+07 4.9161147494e+05 3.6000000000e+03 0.0000000000e+00 -0.0000000000e+00
1.9560000000e+04 1.1585737220e-15 1.4852902250e-18 2.8990027797e+08 1.1302412114e+06 1.2172274648e-19 2.3728080560e-22 -1.2841263766e+03 5.7669933408e+01 -4.6638893076e+09 -1.0188145959e+07 4.9161147494e+05 3.6000000000e+03 0.0000000000e+00 -0.0000000000e+00
2.3160000000e+04 1.6409871034e-15 2.5234949031e-18 2.8524636054e+08 1.3377236998e+06 1.4641786513e-19 3.4332703263e-22 -1.3014768765e+03 5.7595426576e+01 -4.6638893074e+09 -1.0188145959e+07 4.9161147494e+05 3.6000000000e+03 0.0000000000e+00 -0.0000000000e+00
2.6760000000e+04 2.2137717125e-15 3.9861114929e-18 2.8052894935e+08 1.5449080013e+06 1.7193761110e-19 4.7343737594e-22 -1.3194067498e+03 5.7504012580e+01 -4.6638893072e+09 -1.0188145959e+07 4.9161147494e+05 3.6000000000e+03 0.0000000000e+00 -0.0000000000e+00
3.0360000000e+04 2.8799922890e-15 5.9639491994e-18 2.7574589114e+08 1.7517303146e+06 1.9833619147e-19 6.2997859204e-22 -1.3379540818e+03 5.7394028563e+01 -4.6638893069e+09 -1.0188145959e+07 4.9161147494e+05 3.6000000000e+03 0.0000000000e+00 -0.0000000000e+00
3.3960000000e+04 3.6429180394e-15 8.5568523099e-18 2.7089488902e+08 1.9581204902e+06 2.2567309862e-19 8.1561034864e-22 -1.3571606711e+03 5.7263605874e+01 -4.6638893066e+09 -1.0188145959e+07 4.9161147494e+05 3.6000000000e+03 0.0000000000e+00 -0.0000000000e+00
3.7560000000e+04 4.5060428798e-15 1.1874834033e-17 2.6597348820e+08 2.1640012341e+06 2.5401380369e-19 1.0333306069e-21 -1.3770725171e+03 5.7110638182e+01 -4.6638893061e+09 -1.0188145959e+07 4.9161147494e+05 3.6000000000e+03 0.0000000000e+00 -0.0000000000e+00
4.1160000000e+04 5.4731083791e-15 1.6039388684e-17 2.6097905989e+08 2.3692871858e+06 2.8343056583e-19 1.2865296102e-21 -1.3977403881e+03 5.6932743542e+01 -4.6638893057e+09 -1.0188145959e+07 4.9161147494e+05 3.6000000000e+03 0.0000000000e+00 -0.0000000000e+00
4.4760000000e+04 6.5481298566e-15 2.1185016584e-17 2.5590878298e+08 2.5738838469e+06 3.1400338097e-19 1.5790544346e-21 -1.4192204883e+03 5.6727219041e+01 -4.6638893051e+09 -1.0188145959e+07 4.9161147494e+05 3.6000000000e+03 0.0000000000e+00 -0.0000000000e+00
4.8360000000e+04 7.7354261915e-15 2.7461003981e-17 2.5075962308e+08 2.7776863308e+06 3.4582109958e-19 1.9152865832e-21 -1.4415752431e+03 5.6490986289e+01 -4.6638893044e+09 -1.0188145959e+07 4.9161147494e+05 3.6000000000e+03 0.0000000000e+00 -0.0000000000e+00
5.1960000000e+04 9.0396540136e-15 3.5033510418e-17 2.4552830849e+08 2.9805778957e+06 3.7898275064e-19 2.3002357887e-21 -1.4648742290e+03 5.6220525506e+01 -4.6638893036e+09 -1.0188145959e+07 4.9161147494e+05 3.6000000000e+03 0.0000000000e+00 -0.0000000000e+00
5.5560000000e+04 1.0465847100e-14 4.4088028914e-17 2.4021130254e+08 3.1824282163e+06 4.1359911844e-19 2.7396541042e-21 -1.4891952817e+03 5.5911795368e+01 -4.6638893026e+09 -1.0188145959e+07 4.9161147494e+05 3.6000000000e+03 0.0000000000e+00 -0.0000000000e+00
5.9160000000e+04 1.2019461993e-14 5.4832301115e-17 2.3480477153e+08 3.3830913359e+06 4.4979463201e-19 3.2401755690e-21 -1.5146258237e+03 5.5560134875e+01 -4.6638893013e+09 -1.0188145959e+07 4.9161147494e+05 3.6000000000e+03 0.0000000000e+00 -0.0000000000e+00
6.2760000000e+04 1.3706431088e-14 6.7499791354e-17 2.2930454743e+08 3.5824032251e+06 4.8770964344e-19 3.8094883754e-21 -1.5412644647e+03 5.5160142395e+01 -4.6638892998e+09 -1.0188145959e+07 4.9161147494e+05 3.6000000000e+03 0.0000000000e+00 -0.0000000000e+00
6.6360000000e+04 1.5533224775e-14 8.2353852353e-17 2.2370608421e+08 3.7801788553e+06 5.2750319448e-19 4.4565486876e-21 -1.5692229455e+03 5.4705525432e+01 -4.6638892978e+09 -1.0188145959e+07 4.9161147494e+05 3.6000000000e+03 0.0000000000e+00 -0.0000000000e+00
6.9960000000e+04 1.7506924607e-14 9.9692753390e-17 2.1800440646e+08 3.9762086663e+06 5.6935640065e-19 5.1918483285e-21 -1.5986285158e+03 5.4188912555e+01 -4.6638892954e+09 -1.0188145959e+07 4.9161147494e+05 3.6000000000e+03 0.0000000000e+00 -0.0000000000e+00
7.3560000000e+04 1.9635310003e-14 1.1985579306e-16 2.1219404846e+08 4.1702542706e+06 6.1347662429e-19 6.0277528208e-21 -1.6296268659e+03 5.3601615893e+01 -4.6638892923e+09 -1.0188145959e+07 4.9161147494e+05 3.6000000000e+03 0.0000000000e+00 -0.0000000000e+00
7.7160000000e+04 2.1926961740e-14 1.4323078824e-16 2.0626898144e+08 4.3620431928e+06 6.6010266495e-19 6.9789322969e-21 -1.6623857735e+03 5.2933328383e+01 -4.6638892882e+09 -1.0188145959e+07 4.9161147494e+05 3.6000000000e+03 0.0000000000e+00 -0.0000000000e+00
8.0760000000e+04 2.4391386399e-14 1.7026332663e-16 2.0022252620e+08 4.5512623681e+06 7.0951127643e-19 8.0629164181e-21 -1.6970996826e+03 5.2171733892e+01 -4.6638892830e+09 -1.0188145959e+07 4.9161147494e+05 3.6000000000e+03 0.0000000000e+00 -0.0000000000e+00
8.4360000000e+04 2.7039167279e-14 2.0146830332e-16 1.9404724704e+08 4.7375500374e+06 7.6202543372e-19 9.3008169759e-21 -1.7339955117e+03 5.1301999524e+01 -4.6638892761e+09 -1.0188145959e+07 4.9161147494e+05 3.6000000000e+03 0.0000000000e+00 -0.0000000000e+00
8.7960000000e+04 2.9882149075e-14 2.3744445028e-16 1.8773482201e+08 4.9204855386e+06 8.1802493843e-19 1.0718280365e-20 -1.7733401049e+03 5.0306106423e+01 -4.6638892669e+09 -1.0188145959e+07 4.9161147494e+05 3.6000000000e+03 0.0000000000e+00 -0.0000000000e+00
9.1560000000e+04 3.2933666140e-14 2.7889283818e-16 1.8127588256e+08 5.0995763077e+06 8.7796019316e-19 1.2346759961e-20 -1.8154499098e+03 4.9161955818e+01 -4.6638892544e+09 -1.0188145959e+07 4.9161147494e+05 3.6000000000e+03 0.0000000000e+00 -0.0000000000e+00
9.5160000000e+04 3.6208827760e-14 3.2664072543e-16 1.7465981307e+08 5.2742411227e+06 9.4237033758e-19 1.4225241166e-20 -1.8607037195e+03 4.7842157023e+01 -4.6638892370e+09 -1.0188145959e+07 4.9161147494e+05 3.6000000000e+03 0.0000000000e+00 -0.0000000000e+00
9.8760000000e+04 3.9724879081e-14 3.8167271838e-16 1.6787449731e+08 5.4437882106e+06 1.0119074924e-18 1.6402618883e-20 -1.9095597063e+03 4.6312357055e+01 -4.6638892125e+09 -1.0188145959e+07 4.9161147494e+05 3.6000000000e+03 0.0000000000e+00 -0.0000000000e+00
1.0236000000e+05 4.3501664056e-14 4.4517210436e-16 1.6090599316e+08 5.6073862079e+06 1.0873697216e-18 1.8941034865e-20 -1.9625785808e+03 4.4528895850e+01 -4.6638891771e+09 -1.0188145959e+07 4.9161147494e+05 3.6000000000e+03 0.0000000000e+00 -0.0000000000e+00
1.0596000000e+05 4.7562228458e-14 5.1857661830e-16 1.5373810892e+08 5.7640249788e+06 1.1697467117e-18 2.1920660206e-20 -2.0204556849e+03 4.2435446140e+01 -4.6638891247e+09 -1.0188145959e+07 4.9161147494e+05 3.6000000000e+03 0.0000000000e+00 -0.0000000000e+00
1.0956000000e+05 5.1933619197e-14 6.0365514645e-16 1.4635184175e+08 5.9124617246e+06 1.2602844553e-18 2.5446711068e-20 -2.0840664384e+03 3.9958084287e+01 -4.6638890448e+09 -1.0188145959e+07 4.9161147494e+05 3.4335835842e+03 0.0000000000e+00 -0.0000000000e+00
1.1264656594e+05 5.5953251626e-14 6.8755461403e-16 1.3982812066e+08 6.0320315616e+06 1.3456059494e-18 2.9010492011e-20 -2.1440123164e+03 3.7454213723e+01 -4.6638889885e+09 -1.0188145959e+07 4.9161147494e+05 3.1065426762e+03 0.0000000000e+00 -0.0000000000e+00
1.1575310862e+05 6.0277663515e-14 7.8404343573e-16 1.3306632090e+08 6.1439116538e+06 1.4400147020e-18 3.3226338613e-20 -2.2103427953e+03 3.4492209499e+01 -4.6638888998e+09 -1.0188145959e+07 4.9161147494e+05 2.8015880269e+03 0.0000000000e+00 -0.0000000000e+00
1.1826771722e+05 6.4002616323e-14 8.7248357024e-16 1.2743518941e+08 6.2272111788e+06 1.5238382460e-18 3.7209522074e-20 -2.2692362311e+03 3.1693671660e+01 -4.6638888533e+09 -1.0188145959e+07 4.9161147494e+05 2.5316043594e+03 0.0000000000e+00 -0.0000000000e+00
1.2079932158e+05 6.7975391063e-14 9.7241672344e-16 1.2160956994e+08 6.3034188214e+06 1.6161375873e-18 4.1856735826e-20 -2.3340846625e+03 2.8428593951e+01 -4.6638887820e+09 -1.0188145959e+07 4.9161147494e+05 2.2839134439e+03 0.0000000000e+00 -0.0000000000e+00
1.2284863735e+05 7.1369762268e-14 1.0625367014e-15 1.1676840370e+08 6.3586271319e+06 1.6976477976e-18 4.6188518468e-20 -2.3913527773e+03 2.5385134429e+01 -4.6638887456e+09 -1.0188145959e+07 4.9161147494e+05 2.0640367655e+03 0.0000000000e+00 -0.0000000000e+00
1.2491267412e+05 7.4964573485e-14 1.1629025368e-15 1.1176876601e+08 6.4074882365e+06 1.7869295026e-18 5.1178601558e-20 -2.4540810528e+03 2.1879160757e+01 -4.6638886910e+09 -1.0188145959e+07 4.9161147494e+05 1.8587240445e+03 0.0000000000e+00 -0.0000000000e+00
1.2657463203e+05 7.7998343244e-14 1.2516795575e-15 1.0764524333e+08 6.4412366144e+06 1.8648797649e-18 5.5745143337e-20 -2.5088479901e+03 1.8670762227e+01 -4.6638886646e+09 -1.0188145959e+07 4.9161147494e+05 1.6757140785e+03 0.0000000000e+00 -0.0000000000e+00
1.2807418492e+05 8.0850887550e-14 1.3386720171e-15 1.0384370706e+08 6.4668458425e+06 1.9405479019e-18 6.0365146651e-20 -2.5620115329e+03 1.5424802251e+01 -4.6638886429e+09 -1.0188145959e+07 4.9161147494e+05 1.5128909300e+03 0.0000000000e+00 -0.0000000000e+00
1.2941957660e+05 8.3510093112e-14 1.4229390411e-15 1.0036278676e+08 6.4854537630e+06 2.0133317056e-18 6.4983087197e-20 -2.6131485771e+03 1.2180291553e+01 -4.6638886258e+09 -1.0188145959e+07 4.9161147494e+05 1.3595464417e+03 0.0000000000e+00 -0.0000000000e+00
1.3061582010e+05 8.5959423181e-14 1.5033474853e-15 9.7208092355e+07 6.4981464453e+06 2.0824348781e-18 6.9525506021e-20 -2.6616996531e+03 8.9888415267e+00 -4.6638886130e+09 -1.0188145959e+07 4.9161147494e+05 1.2123644049e+03 0.0000000000e+00 -0.0000000000e+00
1.3166186070e+05 8.8170995358e-14 1.5783202415e-15 9.4400477834e+07 6.5059709471e+06 2.1466513049e-18 7.3884725258e-20 -2.7068173591e+03 5.9261053755e+00 -4.6638886046e+09 -1.0188145959e+07 4.9161147494e+05 1.0667312674e+03 0.0000000000e+00 -0.0000000000e+00
1.3254369529e+05 9.0088983609e-14 1.6452124082e-15 9.1995950145e+07 6.5099756511e+06 2.2038323099e-18 7.7878316323e-20 -2.7469920605e+03 3.1202552771e+00 -4.6638886000e+09 -1.0188145959e+07 4.9161147494e+05 9.1534099934e+02 0.0000000000e+00 -0.0000000000e+00
1.3320586311e+05 9.1563070089e-14 1.6978339074e-15 9.0166596406e+07 6.5113019690e+06 2.2487710882e-18 8.1090939508e-20 -2.7785655174e+03 8.6310402284e-01 -4.6638885987e+09 -1.0188145959e+07 4.9161147493e+05 7.4967771412e+02 0.0000000000e+00 -0.0000000000e+00
1.3395554082e+05 9.3268682783e-14 1.7600641177e-15 8.8069685232e+07 6.5109385985e+06 2.3018981281e-18 8.4973023032e-20 -2.8158919506e+03 -1.8644021898e+00 -4.6638885957e+09 -1.0188145959e+07 4.9161147493e+05 7.8597576124e+02 0.0000000000e+00 -0.0000000000e+00
1.3474151658e+05 9.5100707089e-14 1.8285498558e-15 8.5840451710e+07 6.5082795250e+06 2.3603807626e-18 8.9351839859e-20 -2.8569811616e+03 -4.9409073767e+00 -4.6638885910e+09 -1.0188145959e+07 4.9161147493e+05 8.7061137360e+02 0.0000000000e+00 -0.0000000000e+00
1.3561212795e+05 9.7185177317e-14 1.9085985437e-15 8.3332407952e+07 6.5023914988e+06 2.4288103712e-18 9.4615709026e-20 -2.9050589996e+03 -8.6392399256e+00 -4.6638885810e+09 -1.0188145959e+07 4.9161147493e+05 9.1326713358e+02 0.0000000000e+00 -0.0000000000e+00
1.3652539509e+05 9.9437819826e-14 1.9977274100e-15 8.0655080902e+07 6.4925909121e+06 2.5051647026e-18 1.0066784163e-19 -2.9587046545e+03 -1.2891397090e+01 -4.6638885644e+09 -1.0188145959e+07 4.9161147493e+05 9.2983792997e+02 0.0000000000e+00 -0.0000000000e+00
1.3745523302e+05 1.0180541963e-13 2.0944414755e-15 7.7877124364e+07 6.4784194529e+06 2.5882973861e-18 1.0747165492e-19 -3.0171126999e+03 -1.7671676262e+01 -4.6638885401e+09 -1.0188145959e+07 4.9161147494e+05 9.2924957162e+02 0.0000000000e+00 -0.0000000000e+00
1.3838448259e+05 1.0425154461e-13 2.1977552445e-15 7.5044702170e+07 6.4595770910e+06 2.6775256828e-18 1.1502321296e-19 -3.0798034515e+03 -2.2977312105e+01 -4.6638885071e+09 -1.0188145959e+07 4.9161147494e+05 9.1676350072e+02 0.0000000000e+00 -0.0000000000e+00
1.3930124609e+05 1.0674914167e-13 2.3069440929e-15 7.2191082172e+07 6.4358848150e+06 2.7724148904e-18 1.2333677301e-19 -3.1464714923e+03 -2.8818321589e+01 -4.6638884643e+09 -1.0188145960e+07 4.9161147493e+05 8.9582964781e+02 0.0000000000e+00 -0.0000000000e+00
1.4019707574e+05 1.0927706642e-13 2.4214310832e-15 6.9341245721e+07 6.4072593831e+06 2.8726786962e-18 1.3243832365e-19 -3.2169156628e+03 -3.5212963987e+01 -4.6638884107e+09 -1.0188145960e+07 4.9161147493e+05 8.6887409894e+02 0.0000000000e+00 -0.0000000000e+00
1.4106594984e+05 1.1181824508e-13 2.5407294389e-15 6.6514406299e+07 6.3736945239e+06 2.9781273028e-18 1.4236238614e-19 -3.2910026131e+03 -4.2185493538e+01 -4.6638883454e+09 -1.0188145959e+07 4.9161147493e+05 8.3768130839e+02 0.0000000000e+00 -0.0000000000e+00
1.4190363115e+05 1.1435860010e-13 2.6644107509e-15 6.3725533398e+07 6.3352461649e+06 3.0886377302e-18 1.5315031555e-19 -3.3686459393e+03 -4.9764965825e+01 -4.6638882672e+09 -1.0188145959e+07 4.9161147493e+05 8.0360221576e+02 0.0000000000e+00 -0.0000000000e+00
1.4270723336e+05 1.1688637251e-13 2.7920863708e-15 6.0986348282e+07 6.2920204317e+06 3.2041355700e-18 1.6484937052e-19 -3.4497933628e+03 -5.7984584210e+01 -4.6638881750e+09 -1.0188145959e+07 4.9161147493e+05 7.6767824147e+02 0.0000000000e+00 -0.0000000000e+00
1.4347491160e+05 1.1939166698e-13 2.9233960975e-15 5.8306014573e+07 6.2441636959e+06 3.3245831453e-18 1.7751221266e-19 -3.5344184121e+03 -6.6881348127e+01 -4.6638880678e+09 -1.0188145959e+07 4.9161147494e+05 7.3072066075e+02 0.0000000000e+00 -0.0000000000e+00
1.4420563226e+05 1.2186613008e-13 3.0580011335e-15 5.5691640175e+07 6.1918542119e+06 3.4499714911e-18 1.9119666413e-19 -3.6225147888e+03 -7.6495882738e+01 -4.6638879443e+09 -1.0188145959e+07 4.9161147493e+05 6.9336443812e+02 0.0000000000e+00 -0.0000000000e+00
1.4489899670e+05 1.2430271211e-13 3.1955796477e-15 5.3148655944e+07 6.1352950387e+06 3.5803147290e-18 2.0596563045e-19 -3.7140924143e+03 -8.6872384717e+01 -4.6638878033e+09 -1.0188145959e+07 4.9161147494e+05 6.5610650359e+02 0.0000000000e+00 -0.0000000000e+00
1.4555510320e+05 1.2669548365e-13 3.3358239771e-15 5.0681110001e+07 6.0747080211e+06 3.7156460052e-18 2.2188713582e-19 -3.8091745768e+03 -9.8058647080e+01 -4.6638876436e+09 -1.0188145959e+07 4.9161147494e+05 6.1933400826e+02 0.0000000000e+00 -0.0000000000e+00
1.4617443721e+05 1.2903948946e-13 3.4784388818e-15 4.8291902011e+07 6.0103286675e+06 3.8560144862e-18 2.3903443951e-19 -3.9077958201e+03 -1.1010614092e+02 -4.6638874636e+09 -1.0188145959e+07 4.9161147494e+05 5.8334583390e+02 0.0000000000e+00 -0.0000000000e+00
1.4675778305e+05 1.3133062845e-13 3.6231404817e-15 4.5982973237e+07 5.9424017912e+06 4.0014830903e-18 2.5748621416e-19 -4.0100003500e+03 -1.2307014071e+02 -4.6638872620e+09 -1.0188145959e+07 4.9161147494e+05 5.4836935755e+02 0.0000000000e+00 -0.0000000000e+00
1.4730615240e+05 1.3356555296e-13 3.7696556360e-15 4.3755463092e+07 5.8711778109e+06 4.1521267433e-18 2.7732677401e-19 -4.1158408083e+03 -1.3700988464e+02 -4.6638870371e+09 -1.0188145959e+07 4.9161147494e+05 5.1457377360e+02 0.0000000000e+00 -0.0000000000e+00
1.4782072618e+05 1.3574158219e-13 3.9177216080e-15 4.1609839651e+07 5.7969096211e+06 4.3080310154e-18 2.9864634578e-19 -4.2253773157e+03 -1.5198876495e+02 -4.6638867875e+09 -1.0188145959e+07 4.9161147494e+05 4.8208083245e+02 0.0000000000e+00 -0.0000000000e+00
1.4830280701e+05 1.3785662684e-13 4.0670859075e-15 3.9546009469e+07 5.7198499590e+06 4.4692910420e-18 3.2154137753e-19 -4.3386767132e+03 -1.6807454490e+02 -4.6638865113e+09 -1.0188145959e+07 4.9161147494e+05 4.5097359308e+02 0.0000000000e+00 -0.0000000000e+00
1.4875378060e+05 1.3990912261e-13 4.2175062382e-15 3.7563410702e+07 5.6402492036e+06 4.6360106549e-18 3.4611488279e-19 -4.4558119518e+03 -1.8533960060e+02 -4.6638862067e+09 -1.0188145959e+07 4.9161147494e+05 4.2130362136e+02 0.0000000000e+00 -0.0000000000e+00
1.4917508423e+05 1.4189797090e-13 4.3687505018e-15 3.5661092489e+07 5.5583535509e+06 4.8083016765e-18 3.7247681872e-19 -4.5768615966e+03 -2.0386118664e+02 -4.6638858717e+09 -1.0188145959e+07 4.9161147494e+05 3.9309694050e+02 0.0000000000e+00 -0.0000000000e+00
1.4956818117e+05 1.4382248569e-13 4.5205968251e-15 3.3837782924e+07 5.4744035184e+06 4.9862833362e-18 4.0074449778e-19 -4.7019094168e+03 -2.2372172539e+02 -4.6638855043e+09 -1.0188145959e+07 4.9161147494e+05 3.6635897526e+02 0.0000000000e+00 -0.0000000000e+00
1.4993454014e+05 1.4568234553e-13 4.6728335863e-15 3.2091947430e+07 5.3886327347e+06 5.1700817821e-18 4.3104303315e-19 -4.8310440426e+03 -2.4500911988e+02 -4.6638851023e+09 -1.0188145959e+07 4.9161147494e+05 3.4107866925e+02 0.0000000000e+00 -0.0000000000e+00
1.5027561881e+05 1.4747755024e-13 4.8252594278e-15 3.0421838985e+07 5.3012669773e+06 5.3598296656e-18 4.6350581868e-19 -4.9643586732e+03 -2.6781709109e+02 -4.6638846634e+09 -1.0188145959e+07 4.9161147494e+05 3.1723191805e+02 0.0000000000e+00 -0.0000000000e+00
1.5059285073e+05 1.4920838153e-13 4.9776832451e-15 2.8825541392e+07 5.2125234261e+06 5.5556657819e-18 4.9827504469e-19 -5.1019508246e+03 -2.9224554023e+02 -4.6638841851e+09 -1.0188145959e+07 4.9161147494e+05 2.9478443342e+02 0.0000000000e+00 -0.0000000000e+00
1.5088763516e+05 1.5087536733e-13 5.1299241461e-15 2.7301006561e+07 5.1226101024e+06 5.7577347519e-18 5.3550225088e-19 -5.2439221056e+03 -3.1840093733e+02 -4.6638836646e+09 -1.0188145959e+07 4.9161147494e+05 2.7369413027e+02 0.0000000000e+00 -0.0000000000e+00
1.5116132929e+05 1.5247924940e-13 5.2818113801e-15 2.5846086625e+07 5.0317254688e+06 5.9661867353e-18 5.7534891858e-19 -5.3903780168e+03 -3.4639673727e+02 -4.6638830994e+09 -1.0188145959e+07 4.9161147494e+05 2.5391311270e+02 0.0000000000e+00 -0.0000000000e+00
1.5141524240e+05 1.5402095389e-13 5.4331842334e-15 2.4458561559e+07 4.9400581652e+06 6.1811771648e-18 6.1798710420e-19 -5.5414277632e+03 -3.7635382486e+02 -4.6638824863e+09 -1.0188145959e+07 4.9161147493e+05 2.3538932138e+02 0.0000000000e+00 -0.0000000000e+00
1.5165063173e+05 1.5550156470e-13 5.5838918952e-15 2.3136162911e+07 4.8477868634e+06 6.4028664927e-18 6.6360011640e-19 -5.6971840769e+03 -4.0840099061e+02 -4.6638818222e+09 -1.0188145959e+07 4.9161147493e+05 2.1806789617e+02 0.0000000000e+00 -0.0000000000e+00
1.5186869962e+05 1.5692229933e-13 5.7337932935e-15 2.1876594111e+07 4.7550802199e+06 6.6314199450e-18 7.1238323982e-19 -5.8577630437e+03 -4.4267543921e+02 -4.6638811039e+09 -1.0188145959e+07 4.9161147494e+05 2.0189229561e+02 0.0000000000e+00 -0.0000000000e+00
1.5207059192e+05 1.5828448708e-13 5.8827569036e-15 2.0677547827e+07 4.6620969128e+06 6.8670072733e-18 7.6454450806e-19 -6.0232839289e+03 -4.7932333261e+02 -4.6638803276e+09 -1.0188145959e+07 4.9161147494e+05 1.8680521316e+02 0.0000000000e+00 -0.0000000000e+00
1.5225739713e+05 1.5958954934e-13 6.0306605339e-15 1.9536720700e+07 4.5689857488e+06 7.1098025013e-18 8.2030552936e-19 -6.1938689997e+03 -5.1850037017e+02 -4.6638794897e+09 -1.0188145959e+07 4.9161147493e+05 1.7274931977e+02 0.0000000000e+00 -0.0000000000e+00
1.5243014645e+05 1.6083898189e-13 6.1773910886e-15 1.8451825822e+07 4.4758858283e+06 7.3599836588e-18 8.7990236847e-19 -6.3696433376e+03 -5.6037240818e+02 -4.6638785861e+09 -1.0188145959e+07 4.9161147493e+05 1.5966786079e+02 0.0000000000e+00 -0.0000000000e+00
1.5258981431e+05 1.6203433901e-13 6.3228443140e-15 1.7420603208e+07 4.3829267565e+06 7.6177324975e-18 9.4358648851e-19 -6.5507346393e+03 -6.0511612170e+02 -4.6638776126e+09 -1.0188145959e+07 4.9161147493e+05 1.4750512944e+02 0.0000000000e+00 -0.0000000000e+00
1.5273731944e+05 1.6317721928e-13 6.4669245287e-15 1.6440828535e+07 4.2902288944e+06 7.8832341835e-18 1.0116257571e-18 -6.7372730004e+03 -6.5291971135e+02 -4.6638765646e+09 -1.0188145959e+07 4.9161147493e+05 1.3620683649e+02 0.0000000000e+00 -0.0000000000e+00
1.5287352628e+05 1.6426925284e-13 6.6095443417e-15 1.5510320350e+07 4.1979036380e+06 8.1566769609e-18 1.0843055212e-18 -6.9293906788e+03 -7.0398365855e+02 -4.6638754373e+09 -1.0188145959e+07 4.9161147493e+05 1.2572039291e+02 0.0000000000e+00 -0.0000000000e+00
1.5299924667e+05 1.6531209019e-13 6.7506243608e-15 1.4626945956e+07 4.1060537220e+06 8.4382517785e-18 1.1619297556e-18 -7.1272218330e+03 -7.5852153238e+02 -4.6638742257e+09 -1.0188145959e+07 4.9161147493e+05 1.1599511971e+02 0.0000000000e+00 -0.0000000000e+00
1.5311524179e+05 1.6630739216e-13 6.8900928948e-15 1.3788626124e+07 4.0147735392e+06 8.7281518762e-18 1.2448222902e-18 -7.3309022311e+03 -8.1676085205e+02 -4.6638729242e+09 -1.0188145959e+07 4.9161147493e+05 1.0698239715e+02 0.0000000000e+00 -0.0000000000e+00
1.5322222419e+05 1.6725682115e-13 7.0278856507e-15 1.2993338806e+07 3.9241494729e+06 9.0265723221e-18 1.3333281231e-18 -7.5405689255e+03 -8.7894400893e+02 -4.6638715273e+09 -1.0188145959e+07 4.9161147493e+05 9.8635763277e+01 0.0000000000e+00 -0.0000000000e+00
1.5332085995e+05 1.6816203341e-13 7.1639454287e-15 1.2239121958e+07 3.8342602351e+06 9.3337094923e-18 1.4278148229e-18 -7.7563598880e+03 -9.4532925265e+02 -4.6638700287e+09 -1.0188145959e+07 4.9161147493e+05 9.0910971309e+01 0.0000000000e+00 -0.0000000000e+00
1.5341177092e+05 1.6902467235e-13 7.2982218170e-15 1.1524075606e+07 3.7451772099e+06 9.6497604884e-18 1.5286740314e-18 -7.9784135996e+03 -1.0161917460e+03 -4.6638684220e+09 -1.0188145959e+07 4.9161147494e+05 8.3766012812e+01 0.0000000000e+00 -0.0000000000e+00
1.5349553693e+05 1.6984636268e-13 7.4306708885e-15 1.0846363251e+07 3.6569647955e+06 9.9749224794e-18 1.6363230699e-18 -8.2068685890e+03 -1.0918246940e+03 -4.6638667004e+09 -1.0188145959e+07 4.9161147493e+05 7.7161113454e+01 2.3263073372e-300 -1.6370923839e-292
1.5357269805e+05 1.7062870543e-13 7.5612549007e-15 1.0204212710e+07 3.5696807447e+06 1.0309391961e-17 1.7512066602e-18 -8.4418629120e+03 -1.1725405529e+03 -4.6638648565e+09 -1.0188145959e+07 4.9161147494e+05 7.1058706389e+01 3.4148489130e-262 -2.4738766434e-254
1.5364375675e+05 1.7137327369e-13 7.6899419994e-15 9.5959164611e+06 3.4833765002e+06 1.0653363922e-17 1.8737987674e-18 -8.6835335646e+03 -1.2586723252e+03 -4.6638628827e+09 -1.0188145959e+07 4.9161147493e+05 6.5423388535e+01 4.7579704681e-226 -3.5485605345e-218
1.5370918014e+05 1.7208160900e-13 7.8167059305e-15 9.0198315787e+06 3.3980975229e+06 1.1007030898e-17 2.0046045767e-18 -8.9320158218e+03 -1.3505749479e+03 -4.6638607709e+09 -1.0188145959e+07 4.9161147493e+05 6.0221862651e+01 7.8937195135e-192 -6.0612038812e-184
1.5376940201e+05 1.7275521837e-13 7.9415257568e-15 8.4743793137e+06 3.3138836118e+06 1.1370581917e-17 2.1441626116e-18 -9.1874424902e+03 -1.4486267814e+03 -4.6638585122e+09 -1.0188145959e+07 4.9161147493e+05 5.5422869250e+01 1.9389040819e-159 -1.5328597839e-151
1.5382482487e+05 1.7339557180e-13 8.0643855845e-15 7.9580443748e+06 3.2307692150e+06 1.1744201290e-17 2.2930470081e-18 -9.4499430660e+03 -1.5532312068e+03 -4.6638560977e+09 -1.0188145959e+07 4.9161147493e+05 5.0997110922e+01 8.6903196080e-129 -7.0741192504e-121
1.5387582199e+05 1.7400410035e-13 8.1852742986e-15 7.4693739597e+06 3.1487837285e+06 1.2128067265e-17 2.4518699569e-18 -9.7196427839e+03 -1.6648183421e+03 -4.6638535176e+09 -1.0188145959e+07 4.9161147493e+05 4.6917171165e+01 8.6846863680e-100 -7.2795143909e-92
1.5392273916e+05 1.7458219458e-13 8.3041853076e-15 7.0069765792e+06 3.0679517842e+06 1.2522350498e-17 2.6212843278e-18 -9.9966615452e+03 -1.7838468860e+03 -4.6638507616e+09 -1.0188145959e+07 4.9161147493e+05 4.3157429553e+01 2.3445584534e-72 -2.0236791370e-64
1.5396589659e+05 1.7513120340e-13 8.4211162998e-15 6.5695207127e+06 2.9882935256e+06 1.2927212331e-17 2.8019864933e-18 -1.0281112706e+04 -1.9108061015e+03 -4.6638478189e+09 -1.0188145959e+07 4.9161147494e+05 3.9693975253e+01 2.0544843552e-46 -1.8261482850e-38
1.5400559056e+05 1.7565243327e-13 8.5360690106e-15 6.1557333256e+06 2.9098248697e+06 1.3342802843e-17 2.9947193671e-18 -1.0573101710e+04 -2.0462179512e+03 -4.6638446781e+09 -1.0188145959e+07 4.9161147494e+05 3.6504519584e+01 6.9648555306e-22 -6.3755533838e-14
1.5400924101e+05 1.7570121450e-13 8.5470360991e-15 6.1170847551e+06 2.9023306523e+06 1.3383400875e-17 3.0139458651e-18 -1.0601625410e+04 -2.0597262625e+03 -4.6638446780e+09 -1.0188145959e+07 4.9161147494e+05 1.8252259792e+01 1.3602476193e-19 -1.2486909006e-11
1.5402749327e+05 1.7594738779e-13 8.6029527379e-15 5.9222490409e+06 2.8640999292e+06 1.3593041862e-17 3.1143705705e-18 -1.0748916701e+04 -2.1302834790e+03 -4.6638445880e+09 -1.0188145959e+07 4.9161147506e+05 3.3874960173e+01 4.7894977879e-08 -4.4610736388e+00
1.5403088077e+05 1.7599350211e-13 8.6135355532e-15 5.8857893937e+06 2.8568604891e+06 1.3633223537e-17 3.1338385729e-18 -1.0777147869e+04 -2.1439614676e+03 -4.6638450301e+09 -1.0188145919e+07 4.9161148290e+05 1.5404566995e+01 6.9307718111e-06 -6.4733990975e+02
1.5403242123e+05 1.7601451767e-13 8.6183699769e-15 5.8691777094e+06 2.8535529747e+06 1.3651633379e-17 3.1427818490e-18 -1.0790082367e+04 -2.1502449002e+03 -4.6638488385e+09 -1.0188145580e+07 4.9161155055e+05 7.7022834974e+00 6.6852204278e-05 -6.2519577259e+03
1.5403397414e+05 1.7603573191e-13 8.6232574756e-15 5.8524115057e+06 2.8502088908e+06 1.3670279952e-17 3.1518553395e-18 -1.0803182836e+04 -2.1566197492e+03 -4.6638864491e+09 -1.0188142230e+07 4.9161221882e+05 4.9120963621e+00 6.5855141214e-04 -6.1666028610e+04
1.5403569144e+05 1.7605922564e-13 8.6286788164e-15 5.8338467265e+06 2.8464992441e+06 1.3691004038e-17 3.1619577367e-18 -1.0817738257e+04 -2.1637165597e+03 -4.6643717900e+09 -1.0188099071e+07 4.9162084620e+05 3.0236976272e+00 8.2912100272e-03 -7.7748368636e+05
1.5403715038e+05 1.7607921301e-13 8.6332982472e-15 5.8180551581e+06 2.8433380727e+06 1.3708696637e-17 3.1705973655e-18 -1.0830126888e+04 -2.1697782552e+03 -4.6683897861e+09 -1.0187742236e+07 4.9169229768e+05 1.8977073463e+00 7.1499790200e-02 -6.7127870737e+06
1.5403829754e+05 1.7609494702e-13 8.6369393273e-15 5.8056257907e+06 2.8408462688e+06 1.3722664189e-17 3.1774277480e-18 -1.0839729241e+04 -2.1745348764e+03 -4.6886141459e+09 -1.0185948012e+07 4.9205206192e+05 1.2952224197e+00 3.8971658814e-01 -3.6622986759e+07
1.5403919838e+05 1.7610731392e-13 8.6398041121e-15 5.7958576826e+06 2.8388857041e+06 1.3733667497e-17 3.1828146338e-18 -1.0846739176e+04 -2.1781749386e+03 -4.7577363867e+09 -1.0179820706e+07 4.9328201471e+05 9.5872196310e-01 1.4772763354e+00 -1.3891995318e+08
1.5403992644e+05 1.7611731602e-13 8.6421229635e-15 5.7879589564e+06 2.8372988719e+06 1.3742582787e-17 3.1871832152e-18 -1.0851107253e+04 -2.1808633834e+03 -4.9396158323e+09 -1.0163707241e+07 4.9651940227e+05 7.5460435292e-01 4.3382415892e+00 -4.0813654002e+08
1.5404053328e+05 1.7612565788e-13 8.6440581942e-15 5.7813735204e+06 2.8359748671e+06 1.3750029237e-17 3.1908347441e-18 -1.0852158573e+04 -2.1825883767e+03 -5.3408198547e+09 -1.0128173266e+07 5.0366388964e+05 6.2070928105e-01 1.0645527035e+01 -1.0016423835e+09
1.5404105291e+05 1.7613280446e-13 8.6457170590e-15 5.7757351077e+06 2.8348405310e+06 1.3756416668e-17 3.1939689147e-18 -1.0848487559e+04 -2.1831489690e+03 -6.1237602625e+09 -1.0058823913e+07 5.1761612218e+05 5.2755840267e-01 2.2939779133e+01 -2.1577338581e+09
1.5404150834e+05 1.7613907090e-13 8.6471723341e-15 5.7707963741e+06 2.8338464009e+06 1.3762023516e-17 3.1967215569e-18 -1.0837827786e+04 -2.1821441724e+03 -7.5238624876e+09 -9.9347317465e+06 5.4259567273e+05 4.6022306403e-01 4.4878491411e+01 -4.2172445408e+09
1.5404191618e+05 1.7614468459e-13 8.6484765778e-15 5.7663801032e+06 2.8329569976e+06 1.3767051115e-17 3.1991910019e-18 -1.0816794431e+04 -2.1789317176e+03 -9.8764345006e+09 -9.7259234008e+06 5.8464906394e+05 4.1076550736e-01 8.1607515155e+01 -7.6539384489e+09
1.5404232695e+05 1.7615034066e-13 8.6497912067e-15 5.7619445292e+06 2.8320632852e+06 1.3772121261e-17 3.2016824726e-18 -1.0775382051e+04 -2.1716201640e+03 -1.4171237146e+10 -9.3436392681e+06 6.6167633291e+05 3.7344225235e-01 1.4822414132e+02 -1.3848919722e+10
1.5404270039e+05 1.7615548461e-13 8.6509872738e-15 5.7579321561e+06 2.8312544751e+06 1.3776736318e-17 3.2039512940e-18 -1.0706846268e+04 -2.1587449389e+03 -2.0990944311e+10 -8.7335239925e+06 7.8466514727e+05 3.5015955996e-01 2.5284200382e+02 -2.3473747639e+10
1.5404305055e+05 1.7616030943e-13 8.6521095409e-15 5.7542005429e+06 2.8305019425e+06 1.3781068465e-17 3.2060818784e-18 -1.0597866098e+04 -2.1376502776e+03 -3.1546794065e+10 -7.7813209574e+06 9.7669361815e+05 3.5006555328e-01 4.1192501839e+02 -3.7854299387e+10
1.5404340061e+05 1.7616513446e-13 8.6532322530e-15 5.7505192207e+06 2.8297592449e+06 1.3785404071e-17 3.2082149751e-18 -1.0420292582e+04 -2.1027087867e+03 -4.8337944886e+10 -6.2460538371e+06 1.2864351447e+06 5.0424670894e-01 6.5768776129e+02 -5.9427213502e+10
1.5404367470e+05 1.7616891337e-13 8.6541118215e-15 5.7476901078e+06 2.8291882644e+06 1.3788801891e-17 3.2098872436e-18 -1.0211264093e+04 -2.0612146783e+03 -6.7630983443e+10 -4.4490199009e+06 1.6491218532e+06 3.0229479525e-01 9.2866679105e+02 -8.2230091399e+10
1.5404392362e+05 1.7617234595e-13 8.6549109898e-15 5.7451793383e+06 2.8286813704e+06 1.3791889959e-17 3.2114074815e-18 -9.9499739961e+03 -2.0090930097e+03 -9.1125848306e+10 -2.2096121329e+06 2.1012348976e+06 2.5294435567e-01 1.2414954963e+03 -1.0711830841e+11
1.5404417656e+05 1.7617583493e-13 8.6557234927e-15 5.7427050051e+06 2.8281816744e+06 1.3795030310e-17 3.2129538542e-18 -9.5986727373e+03 -1.9387873942e+03 -1.2169389240e+11 7.9520274383e+05 2.7080675665e+06 2.3305257851e-01 1.6187076761e+03 -1.3473540875e+11
1.5404440961e+05 1.7617905023e-13 8.6564724460e-15 5.7405141976e+06 2.8277390964e+06 1.3797925647e-17 3.2143799184e-18 -9.1877960851e+03 -1.8563742069e+03 -1.5600730278e+11 4.3049452378e+06 3.4170961140e+06 2.4379186561e-01 1.9990986204e+03 -1.5927697567e+11
1.5404465341e+05 1.7618241442e-13 8.6572562677e-15 5.7383361432e+06 2.8272989513e+06 1.3800956313e-17 3.2158729732e-18 -8.6646547186e+03 -1.7512748554e+03 -1.9748879688e+11 8.7697459918e+06 4.3193571247e+06 2.6319837467e-01 2.3923605119e+03 -1.7975921419e+11
1.5404483203e+05 1.7618487985e-13 8.6578308091e-15 5.7368270520e+06 2.8269938983e+06 1.3803178076e-17 3.2169677295e-18 -8.2243954050e+03 -1.6627326221e+03 -2.3049789953e+11 1.2525218527e+07 5.0785039928e+06 1.8481400920e-01 2.6475999295e+03 -1.8883137127e+11
1.5404499411e+05 1.7618711721e-13 8.6583522895e-15 5.7355288851e+06 2.8267314141e+06 1.3805194812e-17 3.2179616040e-18 -7.7896740095e+03 -1.5752452307e+03 -2.6139497650e+11 1.6232394340e+07 5.8280822381e+06 1.6322476649e-01 2.8347878774e+03 -1.9149700800e+11
1.5404515734e+05 1.7618937072e-13 8.6588776223e-15 5.7342949556e+06 2.8264818529e+06 1.3807226559e-17 3.2189630062e-18 -7.3261964076e+03 -1.4819219365e+03 -2.9248332842e+11 2.0184087548e+07 6.6273106126e+06 1.5165841502e-01 2.9667183463e+03 -1.8848710749e+11
1.5404530899e+05 1.7619146485e-13 8.6593658757e-15 5.7332175122e+06 2.8262638822e+06 1.3809114963e-17 3.2198938681e-18 -6.8810257813e+03 -1.3922477030e+03 -3.2054654045e+11 2.3979315417e+07 7.3951007047e+06 1.4591705867e-01 3.0311126967e+03 -1.8087836618e+11
1.5404545491e+05 1.7619347997e-13 8.6598357785e-15 5.7322450596e+06 2.8260670980e+06 1.3810932414e-17 3.2207898494e-18 -6.4476398373e+03 -1.3049192759e+03 -3.4617707248e+11 2.7673949758e+07 8.1427431351e+06 1.4436398133e-01 3.0385124390e+03 -1.6990174887e+11
1.5404559927e+05 1.7619547390e-13 8.6603008086e-15 5.7313450902e+06 2.8258849298e+06 1.3812731007e-17 3.2216766191e-18 -6.0214272782e+03 -1.2190142033e+03 -3.6975870558e+11 3.1307497707e+07 8.8782320413e+06 1.4644559581e-01 2.9959434653e+03 -1.5644947027e+11
1.5404574572e+05 1.7619749685e-13 8.6607726748e-15 5.7304944008e+06 2.8257126845e+06 1.3814555994e-17 3.2225764837e-18 -5.5984951767e+03 -1.1337525437e+03 -3.9156725238e+11 3.4913319397e+07 9.6083301392e+06 1.5297467653e-01 2.9082900167e+03 -1.4120675710e+11
1.5404589870e+05 1.7619961027e-13 8.6612657193e-15 5.7296707577e+06 2.8255458593e+06 1.3816462808e-17 3.2235167757e-18 -5.1731207476e+03 -1.0479840919e+03 -4.1190333854e+11 3.8540389535e+07 1.0342977404e+07 1.6770736038e-01 2.7781926206e+03 -1.2464289856e+11
1.5404606640e+05 1.7620192757e-13 8.6618064133e-15 5.7288405827e+06 2.8253776456e+06 1.3818553762e-17 3.2245479595e-18 -4.7319636145e+03 -9.5902162993e+02 -4.3130137739e+11 4.2302712346e+07 1.1105316560e+07 2.1730349388e-01 2.6031081331e+03 -1.0683005941e+11
1.5404625349e+05 1.7620451312e-13 8.6624098058e-15 5.7279985439e+06 2.8252069475e+06 1.3820886957e-17 3.2256987067e-18 -4.2761007678e+03 -8.6708524214e+02 -4.4953625121e+11 4.6191480383e+07 1.1893648118e+07 1.9053261044e-01 2.3843214174e+03 -8.8426319706e+10
1.5404641421e+05 1.7620673450e-13 8.6629283038e-15 5.7273405526e+06 2.8250734915e+06 1.3822891651e-17 3.2266875106e-18 -3.9173288254e+03 -7.9472698724e+02 -4.6259439848e+11 4.9253013921e+07 1.2514598422e+07 1.6202403505e-01 2.1888446721e+03 -7.4367340309e+10
1.5404657623e+05 1.7620897431e-13 8.6634511855e-15 5.7267330501e+06 2.8249502122e+06 1.3824913040e-17 3.2276846147e-18 -3.5867630391e+03 -7.2805826153e+02 -4.7361819393e+11 5.2074894843e+07 1.3087237296e+07 1.5239145846e-01 1.9935206822e+03 -6.2016895794e+10
1.5404672862e+05 1.7621108125e-13 8.6639431285e-15 5.7262083627e+06 2.8248436799e+06 1.3826814565e-17 3.2286226470e-18 -3.3036871741e+03 -6.7097047935e+02 -4.8229035599e+11 5.4492395603e+07 1.3578085374e+07 1.4818741614e-01 1.8167416541e+03 -5.2058089729e+10
1.5404687681e+05 1.7621313035e-13 8.6644216374e-15 5.7257376582e+06 2.8247480538e+06 1.3828663898e-17 3.2295349794e-18 -3.0530691806e+03 -6.2043317735e+02 -4.8937707458e+11 5.6633692766e+07 1.4013100890e+07 1.4665777801e-01 1.6544559294e+03 -4.3812501243e+10
1.5404702347e+05 1.7621515856e-13 8.6648953400e-15 5.7253067081e+06 2.8246604510e+06 1.3830494381e-17 3.2304380537e-18 -2.8274636669e+03 -5.7494561737e+02 -4.9528190425e+11 5.8562271272e+07 1.4405138309e+07 1.4667451431e-01 1.5049141561e+03 -3.6908443302e+10
1.5404717014e+05 1.7621718728e-13 8.6653692292e-15 5.7249072655e+06 2.8245792004e+06 1.3832325291e-17 3.2313413779e-18 -2.6224902532e+03 -5.3362501957e+02 -5.0025700545e+11 6.0315479486e+07 1.4761758043e+07 1.4775513880e-01 1.3671582518e+03 -3.1100062589e+10
1.5404731790e+05 1.7621923121e-13 8.6658467437e-15 5.7245338447e+06 2.8245031896e+06 1.3834169897e-17 3.2322514951e-18 -2.4351581690e+03 -4.9586873981e+02 -5.0447954328e+11 6.1918818188e+07 1.5088121640e+07 1.4963795779e-01 1.2404559943e+03 -2.6202923654e+10
1.5404746754e+05 1.7622130147e-13 8.6663304802e-15 5.7241825267e+06 2.8244316233e+06 1.3836038204e-17 3.2331733404e-18 -2.2632578064e+03 -4.6123159719e+02 -5.0808181690e+11 6.3391128798e+07 1.5388042613e+07 1.5218450170e-01 1.1241544126e+03 -2.2070642494e+10
1.5404761972e+05 1.7622340724e-13 8.6668225904e-15 5.7238503340e+06 2.8243638967e+06 1.3837938493e-17 3.2341109992e-18 -2.1050478962e+03 -4.2936281207e+02 -5.1116691932e+11 6.4747261564e+07 1.5664526985e+07 1.5530612540e-01 1.0176168521e+03 -1.8583020834e+10
1.5404777503e+05 1.7622555651e-13 8.6673249420e-15 5.7235349317e+06 2.8242995347e+06 1.3839877943e-17 3.2350680127e-18 -1.9591092137e+03 -3.9997651862e+02 -5.1381713787e+11 6.5999322761e+07 1.5920025764e+07 1.5894495479e-01 9.2021675668e+02 -1.5639949735e+10
1.5404793397e+05 1.7622775645e-13 8.6678392176e-15 5.7232344418e+06 2.8242381547e+06 1.3841863011e-17 3.2360475672e-18 -1.8242545151e+03 -3.7283361267e+02 -5.1609932673e+11 6.7157442525e+07 1.6156590364e+07 1.6306357047e-01 8.3133851950e+02 -1.3157339412e+10
1.5404809704e+05 1.7623001372e-13 8.6683669810e-15 5.7229473220e+06 2.8241794414e+06 1.3843899690e-17 3.2370526197e-18 -1.6994699302e+03 -3.4772994068e+02 -5.1806853433e+11 6.8230274543e+07 1.6375973749e+07 1.6763802441e-01 7.5038071798e+02 -1.1064197597e+10
1.5404826467e+05 1.7623233466e-13 8.6689097207e-15 5.7226722842e+06 2.8241231309e+06 1.3845993674e-17 3.2380859809e-18 -1.5838758739e+03 -3.2448842300e+02 -5.1977054843e+11 6.9225329296e+07 1.6579697883e+07 1.7265364548e-01 6.7676029387e+02 -9.3004270942e+09
1.5404843733e+05 1.7623472540e-13 8.6694688799e-15 5.7224082371e+06 2.8240689987e+06 1.3848150478e-17 3.2391503719e-18 -1.4766997996e+03 -3.0295356380e+02 -5.2124375255e+11 7.0149206355e+07 1.6769100729e+07 1.7810236834e-01 6.0991639958e+02 -7.8150874139e+09
1.5404861543e+05 1.7623719199e-13 8.6700458781e-15 5.7221542459e+06 2.8240168517e+06 1.3850375513e-17 3.2402484651e-18 -1.3772565119e+03 -2.8298748416e+02 -5.2252052188e+11 7.1007762215e+07 1.6945370218e+07 1.8398095981e-01 5.4931347137e+02 -6.5649804811e+09
1.5404879941e+05 1.7623974041e-13 8.6706421264e-15 5.7219095015e+06 2.8239665218e+06 1.3852674157e-17 3.2413829135e-18 -1.2849334958e+03 -2.6446696636e+02 -5.2362829885e+11 7.1806235348e+07 1.7109569545e+07 1.9028975654e-01 4.9444343361e+02 -5.5134771495e+09
1.5404898970e+05 1.7624237666e-13 8.6712590401e-15 5.7216732975e+06 2.8239178613e+06 1.3855051787e-17 3.2425563732e-18 -1.1991797097e+03 -2.4728119543e+02 -5.2459043798e+11 7.2549341738e+07 1.7262656499e+07 1.9703177086e-01 4.4482709548e+02 -4.6295315056e+09
1.5404918673e+05 1.7624510678e-13 8.6718980464e-15 5.7214450131e+06 2.8238707392e+06 1.3857513823e-17 3.2437715193e-18 -1.1194968111e+03 -2.3132999109e+02 -5.2542688048e+11 7.3241349655e+07 1.7405498589e+07 2.0421200663e-01 4.0001483608e+02 -3.8868463548e+09
1.5404939094e+05 1.7624793691e-13 8.6725605921e-15 5.7212240985e+06 2.8238250387e+06 1.3860065747e-17 3.2450310585e-18 -1.0454321529e+03 -2.1652239595e+02 -5.2615469984e+11 7.3886139338e+07 1.7538885116e+07 2.1183688228e-01 3.5958670385e+02 -3.2631635834e+09
1.5404960278e+05 1.7625087327e-13 8.6732481478e-15 5.7210100644e+06 2.8237806543e+06 1.3862713121e-17 3.2463377376e-18 -9.7657310392e+02 -2.0277553031e+02 -5.2678854785e+11 7.4487251375e+07 1.7663536961e+07 2.1991378124e-01 3.2315205350e+02 -2.7396593082e+09
1.5404982270e+05 1.7625392217e-13 8.6739622113e-15 5.7208024727e+06 2.8237374907e+06 1.3865461602e-17 3.2476943496e-18 -9.1254235711e+02 -1.9001364561e+02 -5.2734102261e+11 7.5047926653e+07 1.7780114668e+07 2.2845066940e-01 2.9034881607e+02 -2.3004276212e+09
1.5405005115e+05 1.7625709007e-13 8.6747043103e-15 5.7206009294e+06 2.8236954605e+06 1.3868316947e-17 3.2491037370e-18 -8.5299399903e+02 -1.7816733079e+02 -5.2782297443e+11 7.5571139815e+07 1.7889225206e+07 2.3745569535e-01 2.6084249451e+02 -1.9320398703e+09
1.5405028860e+05 1.7626038354e-13 8.6754760024e-15 5.7204050788e+06 2.8236544838e+06 1.3871285014e-17 3.2505687932e-18 -7.9761018956e+02 -1.6717284130e+02 -5.2824376161e+11 7.6059627494e+07 1.7991427682e+07 2.4693687444e-01 2.3432496886e+02 -1.6231686344e+09
1.5405053554e+05 1.7626380925e-13 8.6762788758e-15 5.7202145981e+06 2.8236144862e+06 1.3874371765e-17 3.2520924616e-18 -7.4609831072e+02 -1.5697152208e+02 -5.2861146565e+11 7.6515912537e+07 1.8087238243e+07 2.5690174549e-01 2.1051316479e+02 -1.3642669996e+09
1.5405079244e+05 1.7626737401e-13 8.6771145477e-15 5.7200291934e+06 2.8235753987e+06 1.3877583253e-17 3.2536777324e-18 -6.9818850417e+02 -1.4750930835e+02 -5.2893307288e+11 7.6942324899e+07 1.8177134297e+07 2.6735709705e-01 1.8914764256e+02 -1.1472953189e+09
1.5405105980e+05 1.7627108473e-13 8.6779846621e-15 5.7198485958e+06 2.8235371564e+06 1.3880925619e-17 3.2553276384e-18 -6.5363151505e+02 -1.3873628757e+02 -5.2921462863e+11 7.7341019920e+07 1.8261558212e+07 2.7830862774e-01 1.6999114218e+02 -9.6548860787e+08
1.5405133811e+05 1.7627494839e-13 8.6788908868e-15 5.7196725589e+06 2.8234996982e+06 1.3884405077e-17 3.2570452478e-18 -6.1219680348e+02 -1.3060631481e+02 -5.2946136830e+11 7.7713994290e+07 1.8340920544e+07 2.8976068495e-01 1.5282712421e+02 -8.1315882081e+08
1.5405162787e+05 1.7627897207e-13 8.6798349096e-15 5.7195008553e+06 2.8234629659e+06 1.3888027894e-17 3.2588336561e-18 -5.7367086821e+02 -1.2307667024e+02 -5.2967782917e+11 7.8063100201e+07 1.8415602897e+07 3.0171603538e-01 1.3745832519e+02 -6.8552691127e+08
1.5405192958e+05 1.7628316288e-13 8.6808184329e-15 5.7193332749e+06 2.8234269037e+06 1.3891800372e-17 3.2606959763e-18 -5.3785575022e+02 -1.1610775225e+02 -5.2986794611e+11 7.8390057946e+07 1.8485960476e+07 3.1417560793e-01 1.2370534766e+02 -5.7858036335e+08
1.5405224376e+05 1.7628752796e-13 8.6818431687e-15 5.7191696220e+06 2.8233914580e+06 1.3895728828e-17 3.2626353277e-18 -5.0456769781e+02 -1.0966280261e+02 -5.3003513352e+11 7.8696467127e+07 1.8552324355e+07 3.2713835147e-01 1.1140530210e+02 -4.8895249028e+08
1.5405257090e+05 1.7629207446e-13 8.6829108322e-15 5.7190097141e+06 2.8233565767e+06 1.3899819563e-17 3.2646548232e-18 -4.7363596237e+02 -1.0370765736e+02 -5.3018235579e+11 7.8983816748e+07 1.8615003517e+07 3.4060106822e-01 1.0041050685e+02 -4.1382025901e+08
1.5405257090e+05 1.7629207446e-13 8.6829108322e-15 5.7190097141e+06 2.8233565767e+06 1.3899819563e-17 3.2646548232e-18 -4.7363596237e+02 -1.0370765736e+02 -5.3018235579e+11 7.8983816748e+07 1.8615003517e+07 3.4060106822e-01 1.0041050685e+02 -4.1382025901e+08
