0.0000000000e+00 0.0000000000e+00 0.0000000000e+00 3.1415900000e+08 0.0000000000e+00 0.0000000000e+00 0.0000000000e+00 -1.1286123702e+03 4.0771818425e+02 -4.6638893045e+09 -9.5932051469e+06 3.4656045661e+06 1.0000000000e+01 0.0000000000e+00 -0.0000000000e+00
1.0000000000e+01 2.8739984012e-22 1.2433369633e-27 3.1414771367e+08 4.0771818416e+03 5.7480656374e-23 3.7300778933e-28 -1.1286527555e+03 4.0771818399e+02 -4.6638893045e+09 -9.5932051469e+06 3.4656045661e+06 5.0000000000e+01 0.0000000000e+00 -0.0000000000e+00
6.0000000000e+01 1.0347633487e-20 2.6863316614e-25 3.1409127599e+08 2.4463090866e+04 3.4494590532e-22 1.3433106326e-26 -1.1288547252e+03 4.0771817481e+02 -4.6638893045e+09 -9.5932051469e+06 3.4656045661e+06 2.5000000000e+02 0.0000000000e+00 -0.0000000000e+00
3.1000000000e+02 2.7638990133e-19 3.7100226275e-23 3.1380893598e+08 1.2639261105e+05 1.7838235159e-21 3.5923467570e-25 -1.1298656636e+03 4.0771793185e+02 -4.6638893045e+09 -9.5932051469e+06 3.4656045661e+06 1.2500000000e+03 0.0000000000e+00 -0.0000000000e+00
1.5600000000e+03 7.0202658518e-18 4.7599667977e-21 3.1239343235e+08 6.3603702313e+05 9.0172714173e-21 9.1796304553e-24 -1.1349477990e+03 4.0771173475e+02 -4.6638893045e+09 -9.5932051469e+06 3.4656045661e+06 3.6000000000e+03 0.0000000000e+00 -0.0000000000e+00
5.1600000000e+03 7.7482742279e-17 1.7568881124e-19 3.0828092171e+08 2.1037023938e+06 3.0221991673e-20 1.0311591290e-22 -1.1498459860e+03 4.0764573622e+02 -4.6638893044e+09 -9.5932051469e+06 3.4656045661e+06 3.6000000000e+03 0.0000000000e+00 -0.0000000000e+00
8.7600000000e+03 2.2530862301e-16 8.7705837284e-19 3.0411405645e+08 3.5709950831e+06 5.2001798060e-20 3.0529954673e-22 -1.1651482218e+03 4.0750368438e+02 -4.6638893043e+09 -9.5932051469e+06 3.4656045661e+06 3.6000000000e+03 0.0000000000e+00 -0.0000000000e+00
1.2360000000e+04 4.5262198066e-16 2.5145150318e-18 2.9989134423e+08 5.0376300886e+06 7.4386927092e-20 6.2473859568e-22 -1.1808757501e+03 4.0727925026e+02 -4.6638893042e+09 -9.5932051469e+06 3.4656045661e+06 3.6000000000e+03 0.0000000000e+00 -0.0000000000e+00
1.5960000000e+04 7.6165984881e-16 5.5277477801e-18 2.9561121332e+08 6.5032984900e+06 9.7409935472e-20 1.0713552697e-21 -1.1970514449e+03 4.0696546264e+02 -4.6638893041e+09 -9.5932051469e+06 3.4656045661e+06 3.6000000000e+03 0.0000000000e+00 -0.0000000000e+00
1.9560000000e+04 1.1547809919e-15 1.0393979608e-17 2.9127200650e+08 7.9676649961e+06 1.2110593658e-19 1.6560999263e-21 -1.2136999765e+03 4.0655462792e+02 -4.6638893040e+09 -9.5932051469e+06 3.4656045661e+06 3.6000000000e+03 0.0000000000e+00 -0.0000000000e+00
2.3160000000e+04 1.6344755799e-15 1.7631899357e-17 2.8687197419e+08 9.4303651821e+06 1.4551286724e-19 2.3910822357e-21 -1.2308479988e+03 4.0603823800e+02 -4.6638893038e+09 -9.5932051469e+06 3.4656045661e+06 3.6000000000e+03 0.0000000000e+00 -0.0000000000e+00
2.6760000000e+04 2.2033758843e-15 2.7806101160e-17 2.8240926700e+08 1.0891002371e+07 1.7067178952e-19 3.2897225706e-21 -1.2485243616e+03 4.0540686387e+02 -4.6638893037e+09 -9.5932051469e+06 3.4656045661e+06 3.6000000000e+03 0.0000000000e+00 -0.0000000000e+00
3.0360000000e+04 2.8642681324e-15 4.1532110732e-17 2.7788192735e+08 1.2349144101e+07 1.9662723305e-19 4.3669273158e-21 -1.2667603509e+03 4.0465003249e+02 -4.6638893035e+09 -9.5932051469e+06 3.4656045661e+06 3.6000000000e+03 0.0000000000e+00 -0.0000000000e+00
3.3960000000e+04 3.6201056761e-15 5.9482092410e-17 2.7328788025e+08 1.3804318119e+07 2.2342758455e-19 5.6392925801e-21 -1.2855899626e+03 4.0375608363e+02 -4.6638893033e+09 -9.5932051469e+06 3.4656045661e+06 3.6000000000e+03 0.0000000000e+00 -0.0000000000e+00
3.7560000000e+04 4.4740236603e-15 8.2391348718e-17 2.6862492299e+08 1.5256007808e+07 2.5112553247e-19 7.1253417756e-21 -1.3050502149e+03 4.0271200294e+02 -4.6638893030e+09 -9.5932051469e+06 3.4656045661e+06 3.6000000000e+03 0.0000000000e+00 -0.0000000000e+00
4.1160000000e+04 5.4293554044e-15 1.1106574599e-16 2.6389071361e+08 1.6703646977e+07 2.7977857610e-19 8.8458037541e-21 -1.3251815063e+03 4.0150322660e+02 -4.6638893027e+09 -9.5932051469e+06 3.4656045661e+06 3.6000000000e+03 0.0000000000e+00 -0.0000000000e+00
4.4760000000e+04 6.4896507495e-15 1.4639022638e-16 2.5908275804e+08 1.8146613876e+07 3.0944961073e-19 1.0823939736e-20 -1.3460280261e+03 4.0011341153e+02 -4.6638893024e+09 -9.5932051469e+06 3.4656045661e+06 3.6000000000e+03 0.0000000000e+00 -0.0000000000e+00
4.8360000000e+04 7.6586966703e-15 1.8933859961e-16 2.5419839560e+08 1.9584224318e+07 3.4020760241e-19 1.3085929227e-20 -1.3676382292e+03 3.9852416432e+02 -4.6638893019e+09 -9.5932051469e+06 3.4656045661e+06 3.6000000000e+03 0.0000000000e+00 -0.0000000000e+00
5.1960000000e+04 8.9405405003e-15 2.4098484874e-16 2.4923478267e+08 2.1015723734e+07 3.7212836928e-19 1.5661327606e-20 -1.3900653845e+03 3.9671471972e+02 -4.6638893015e+09 -9.5932051469e+06 3.4656045661e+06 3.6000000000e+03 0.0000000000e+00 -0.0000000000e+00
5.5560000000e+04 1.0339516193e-14 3.0251623555e-16 2.4418887427e+08 2.2440277969e+07 4.0529548973e-19 1.8583611267e-20 -1.4133682131e+03 3.9466155760e+02 -4.6638893009e+09 -9.5932051469e+06 3.4656045661e+06 3.6000000000e+03 0.0000000000e+00 -0.0000000000e+00
5.9160000000e+04 1.1860274119e-14 3.7524855541e-16 2.3905740311e+08 2.3856962560e+07 4.3980136266e-19 2.1890830339e-20 -1.4376116335e+03 3.9233794439e+02 -4.6638893002e+09 -9.5932051469e+06 3.4656045661e+06 3.6000000000e+03 0.0000000000e+00 -0.0000000000e+00
6.2760000000e+04 1.3507814992e-14 4.6064397253e-16 2.3383685575e+08 2.5264750208e+07 4.7574845073e-19 2.5626394364e-20 -1.4628676347e+03 3.8971338105e+02 -4.6638892993e+09 -9.5932051469e+06 3.4656045661e+06 3.6000000000e+03 0.0000000000e+00 -0.0000000000e+00
6.6360000000e+04 1.5287528670e-14 5.6033197056e-16 2.2852344532e+08 2.6662496056e+07 5.1325074534e-19 2.9840023371e-20 -1.4892163057e+03 3.8675293489e+02 -4.6638892983e+09 -9.5932051469e+06 3.4656045661e+06 3.6000000000e+03 0.0000000000e+00 -0.0000000000e+00
6.9960000000e+04 1.7205238687e-14 6.7613408566e-16 2.2311308029e+08 2.8048920316e+07 5.5243550138e-19 3.4588906119e-20 -1.5167470543e+03 3.8341642574e+02 -4.6638892970e+09 -9.5932051469e+06 3.4656045661e+06 3.6000000000e+03 0.0000000000e+00 -0.0000000000e+00
7.3560000000e+04 1.9267253608e-14 8.1009326117e-16 2.1760132833e+08 2.9422587638e+07 5.9344530264e-19 3.9939119674e-20 -1.5455600582e+03 3.7965742864e+02 -4.6638892955e+09 -9.5932051469e+06 3.4656045661e+06 3.6000000000e+03 0.0000000000e+00 -0.0000000000e+00
7.7160000000e+04 2.1480426535e-14 9.6450888656e-16 2.1198337454e+08 3.0781882500e+07 6.3644053489e-19 4.5967381262e-20 -1.5757680025e+03 3.7542204297e+02 -4.6638892936e+09 -9.5932051469e+06 3.4656045661e+06 3.6000000000e+03 0.0000000000e+00 -0.0000000000e+00
8.0760000000e+04 2.3852224382e-14 1.1419788775e-15 2.0625397274e+08 3.2124979635e+07 6.8160236497e-19 5.2763226067e-20 -1.6074981730e+03 3.7064736236e+02 -4.6638892912e+09 -9.5932051469e+06 3.4656045661e+06 3.6000000000e+03 0.0000000000e+00 -0.0000000000e+00
8.4360000000e+04 2.6390808979e-14 1.3454505446e-15 2.0040738854e+08 3.3449808299e+07 7.2913635295e-19 6.0431735940e-20 -1.6408949937e+03 3.6525955754e+02 -4.6638892882e+09 -9.5932051469e+06 3.4656045661e+06 3.6000000000e+03 0.0000000000e+00 -0.0000000000e+00
8.7960000000e+04 2.9105132554e-14 1.5782825212e-15 1.9443733220e+08 3.4754008755e+07 7.7927686185e-19 6.9096987465e-20 -1.6761231254e+03 3.5917145376e+02 -4.6638892844e+09 -9.5932051469e+06 3.4656045661e+06 3.6000000000e+03 0.0000000000e+00 -0.0000000000e+00
9.1560000000e+04 3.2005050848e-14 1.8443207331e-15 1.8833687919e+08 3.6034878901e+07 8.3229248138e-19 7.8906449062e-20 -1.7133712760e+03 3.5227944145e+02 -4.6638892795e+09 -9.5932051469e+06 3.4656045661e+06 3.6000000000e+03 0.0000000000e+00 -0.0000000000e+00
9.5160000000e+04 3.5101457990e-14 2.1479923642e-15 1.8209837542e+08 3.7289308248e+07 8.8849275142e-19 9.0036644078e-20 -1.7528569245e+03 3.4445949737e+02 -4.6638892731e+09 -9.5932051469e+06 3.4656045661e+06 3.6000000000e+03 0.0000000000e+00 -0.0000000000e+00
9.8760000000e+04 3.8406448473e-14 2.4944231302e-15 1.7571332346e+08 3.8513695531e+07 9.4823656838e-19 1.0270052319e-19 -1.7948322274e+03 3.3556200490e+02 -4.6638892647e+09 -9.5932051469e+06 3.4656045661e+06 3.6000000000e+03 0.0000000000e+00 -0.0000000000e+00
1.0236000000e+05 4.1933513179e-14 2.8895850764e-15 1.6917224476e+08 3.9703844860e+07 1.0119427918e-18 1.1715717508e-19 -1.8395914705e+03 3.2540493136e+02 -4.6638892535e+09 -9.5932051469e+06 3.4656045661e+06 3.6000000000e+03 0.0000000000e+00 -0.0000000000e+00
1.0596000000e+05 4.5697778570e-14 3.3404848504e-15 1.6246451165e+08 4.0854833447e+07 1.0801037596e-18 1.3372478184e-19 -1.8874805646e+03 3.1376472576e+02 -4.6638892383e+09 -9.5932051469e+06 3.4656045661e+06 3.6000000000e+03 0.0000000000e+00 -0.0000000000e+00
1.0956000000e+05 4.9716301191e-14 3.8554063647e-15 1.5557814040e+08 4.1960841112e+07 1.1533026941e-18 1.5279814811e-19 -1.9389092749e+03 3.0036400301e+02 -4.6638892173e+09 -9.5932051469e+06 3.4656045661e+06 3.6000000000e+03 0.0000000000e+00 -0.0000000000e+00
1.1316000000e+05 5.4008433834e-14 4.4442276454e-15 1.4849953397e+08 4.3014927671e+07 1.2322363756e-18 1.7487278918e-19 -1.9943671508e+03 2.8485461990e+02 -4.6638891879e+09 -9.5932051469e+06 3.4656045661e+06 3.6000000000e+03 0.0000000000e+00 -0.0000000000e+00
1.1676000000e+05 5.8596285632e-14 5.1188405386e-15 1.4121315874e+08 4.4008738052e+07 1.3177450454e-18 2.0057860643e-19 -2.0544445362e+03 2.6679401511e+02 -4.6638891458e+09 -9.5932051469e+06 3.4656045661e+06 3.6000000000e+03 0.0000000000e+00 -0.0000000000e+00
1.2036000000e+05 6.3505306903e-14 5.8937156477e-15 1.3370113361e+08 4.4932105380e+07 1.4108523700e-18 2.3072787588e-19 -2.1198606471e+03 2.4561149310e+02 -4.6638890842e+09 -9.5932051469e+06 3.4656045661e+06 3.3337285532e+03 0.0000000000e+00 -0.0000000000e+00
1.2369372855e+05 6.8363271398e-14 6.7161267405e-15 1.2652549762e+08 4.5713510774e+07 1.5049418182e-18 2.6353045075e-19 -2.1859667865e+03 2.2256478991e+02 -4.6638890220e+09 -9.5932051469e+06 3.4656045661e+06 3.0080018703e+03 0.0000000000e+00 -0.0000000000e+00
1.2670173042e+05 7.3027231803e-14 7.5595036222e-15 1.1985378579e+08 4.6347381160e+07 1.5973777338e-18 2.9809650818e-19 -2.2509111733e+03 1.9827908462e+02 -4.6638889675e+09 -9.5932051469e+06 3.4656045661e+06 2.7105712607e+03 0.0000000000e+00 -0.0000000000e+00
1.2941230168e+05 7.7477889627e-14 8.4152614935e-15 1.1366762171e+08 4.6851284940e+07 1.6877481637e-18 3.3418889968e-19 -2.3144043742e+03 1.7292099496e+02 -4.6638889207e+09 -9.5932051469e+06 3.4656045661e+06 2.4402605039e+03 0.0000000000e+00 -0.0000000000e+00
1.3160468367e+05 8.1263365821e-14 9.1837242261e-15 1.0853364124e+08 4.7205246067e+07 1.7664424928e-18 3.6751679353e-19 -2.3696940840e+03 1.4950520884e+02 -4.6638888982e+09 -9.5932051469e+06 3.4656045661e+06 2.2089460030e+03 0.0000000000e+00 -0.0000000000e+00
1.3359120501e+05 8.4847300942e-14 9.9469203305e-15 1.0377359803e+08 4.7478974338e+07 1.8426286001e-18 4.0150974821e-19 -2.4232215467e+03 1.2562215880e+02 -4.6638888796e+09 -9.5932051469e+06 3.4656045661e+06 2.0025952604e+03 0.0000000000e+00 -0.0000000000e+00
1.3538182508e+05 8.8211542382e-14 1.0695991156e-14 9.9389005616e+07 4.7682754351e+07 1.9157384869e-18 4.3576862035e-19 -2.4745876930e+03 1.0155227828e+02 -4.6638888648e+09 -9.5932051469e+06 3.4656045661e+06 1.8076830718e+03 0.0000000000e+00 -0.0000000000e+00
1.3698245792e+05 9.1332874415e-14 1.1420245320e-14 9.5389500426e+07 4.7826509011e+07 1.9850364959e-18 4.6976094652e-19 -2.5232756589e+03 7.7669669819e+01 -4.6638888539e+09 -9.5932051469e+06 3.4656045661e+06 1.6200302264e+03 0.0000000000e+00 -0.0000000000e+00
1.3839163248e+05 9.4175120961e-14 1.2105080208e-14 9.1802159605e+07 4.7919898167e+07 2.0494341918e-18 5.0270958101e-19 -2.5685207224e+03 5.4520346863e+01 -4.6638888465e+09 -9.5932051469e+06 3.4656045661e+06 1.4338636832e+03 0.0000000000e+00 -0.0000000000e+00
1.3959281860e+05 9.6671218208e-14 1.2727070163e-14 8.8692757529e+07 4.7972640767e+07 2.1070561594e-18 5.3332997143e-19 -2.6090052390e+03 3.3006820791e+01 -4.6638888423e+09 -9.5932051469e+06 3.4656045661e+06 1.2400348232e+03 0.0000000000e+00 -0.0000000000e+00
1.4051756580e+05 9.8640947644e-14 1.3231860062e-14 8.6265167669e+07 4.7995017573e+07 2.1532591546e-18 5.5867696382e-19 -2.6414669198e+03 1.5198322138e+01 -4.6638888409e+09 -9.5932051469e+06 3.4656045661e+06 1.0274287839e+03 0.0000000000e+00 -0.0000000000e+00
1.4122350782e+05 1.0017381777e-13 1.3633424392e-14 8.4391456261e+07 4.8000708597e+07 2.1896757064e-18 5.7916345055e-19 -2.6670527606e+03 8.0475757895e-01 -4.6638888405e+09 -9.5932051469e+06 3.4656045661e+06 6.4199355656e+02 0.0000000000e+00 -0.0000000000e+00
1.4186550138e+05 1.0159044942e-13 1.4011471018e-14 8.2671585660e+07 4.7996849932e+07 2.2236981936e-18 5.9871496372e-19 -2.6909565599e+03 -1.2931905556e+01 -4.6638888402e+09 -9.5932051469e+06 3.4656045661e+06 9.4091673650e+02 0.0000000000e+00 -0.0000000000e+00
1.4280641811e+05 1.0370683727e-13 1.4588932726e-14 8.0122706181e+07 4.7974760993e+07 2.2752001123e-18 6.2908219999e-19 -2.7271412021e+03 -3.4267568498e+01 -4.6638888380e+09 -9.5932051469e+06 3.4656045661e+06 1.0975925823e+03 0.0000000000e+00 -0.0000000000e+00
1.4390401070e+05 1.0623821857e-13 1.5300105648e-14 7.7105430898e+07 4.7922607720e+07 2.3378913487e-18 6.6732923125e-19 -2.7711873272e+03 -6.1139482700e+01 -4.6638888320e+09 -9.5932051469e+06 3.4656045661e+06 1.1786336649e+03 0.0000000000e+00 -0.0000000000e+00
1.4508264436e+05 1.0903503995e-13 1.6112673921e-14 7.3810196564e+07 4.7832257188e+07 2.4085842390e-18 7.1219820049e-19 -2.8208553203e+03 -9.2663892618e+01 -4.6638888214e+09 -9.5932051469e+06 3.4656045661e+06 1.2187733228e+03 0.0000000000e+00 -0.0000000000e+00
1.4630141768e+05 1.1201710375e-13 1.7011305165e-14 7.0339510976e+07 4.7697805495e+07 2.4856691888e-18 7.6330337197e-19 -2.8750142991e+03 -1.2856978486e+02 -4.6638888052e+09 -9.5932051469e+06 3.4656045661e+06 1.2331938929e+03 0.0000000000e+00 -0.0000000000e+00
1.4753461158e+05 1.1513279405e-13 1.7987323554e-14 6.6758665745e+07 4.7514862032e+07 2.5681595897e-18 8.2061704455e-19 -2.9329710843e+03 -1.6883769694e+02 -4.6638887829e+09 -9.5932051469e+06 3.4656045661e+06 1.2301507590e+03 0.0000000000e+00 -0.0000000000e+00
1.4876476233e+05 1.1834512932e-13 1.9035257967e-14 6.3113353407e+07 4.7280150476e+07 2.6553655202e-18 8.8430085717e-19 -2.9942409451e+03 -2.1358119446e+02 -4.6638887538e+09 -9.5932051469e+06 3.4656045661e+06 1.2148086849e+03 0.0000000000e+00 -0.0000000000e+00
1.4997957102e+05 1.2162584618e-13 2.0151427908e-14 5.9437312229e+07 4.6991242198e+07 2.7467541924e-18 9.5463891984e-19 -3.0584495511e+03 -2.6299988979e+02 -4.6638887174e+09 -9.5932051469e+06 3.4656045661e+06 1.1906940130e+03 0.0000000000e+00 -0.0000000000e+00
1.5117026503e+05 1.2495245274e-13 2.1333275146e-14 5.5756245605e+07 4.6646357833e+07 2.8418785446e-18 1.0320081189e-18 -3.1252828018e+03 -3.1735857879e+02 -4.6638886733e+09 -9.5932051469e+06 3.4656045661e+06 1.1603542470e+03 0.0000000000e+00 -0.0000000000e+00
1.5233061928e+05 1.2830658828e-13 2.2579021681e-14 5.2090079283e+07 4.6244208500e+07 2.9403351243e-18 1.1168648422e-18 -3.1944572364e+03 -3.7697791430e+02 -4.6638886210e+09 -9.5932051469e+06 3.4656045661e+06 1.1257000896e+03 0.0000000000e+00 -0.0000000000e+00
1.5345631937e+05 1.3167303234e-13 2.3887490999e-14 4.8454376244e+07 4.5783861748e+07 3.0417358668e-18 1.2097402022e-18 -3.2657002051e+03 -4.4223104956e+02 -4.6638885603e+09 -9.5932051469e+06 3.4656045661e+06 1.0882016496e+03 0.0000000000e+00 -0.0000000000e+00
1.5454452102e+05 1.3503906740e-13 2.5258020824e-14 4.4861281768e+07 4.5264623218e+07 3.1456866833e-18 1.3112403851e-18 -3.3387348258e+03 -5.1354388394e+02 -4.6638884908e+09 -9.5932051469e+06 3.4656045661e+06 1.0490104258e+03 0.0000000000e+00 -0.0000000000e+00
1.5559353144e+05 1.3839404802e-13 2.6690433186e-14 4.1320185707e+07 4.4685927770e+07 3.2517691181e-18 1.4220506494e-18 -3.4132670965e+03 -5.9139787199e+02 -4.6638884125e+09 -9.5932051469e+06 3.4656045661e+06 1.0090403668e+03 0.0000000000e+00 -0.0000000000e+00
1.5660257181e+05 1.4172909828e-13 2.8185045269e-14 3.7838203195e+07 4.4047235010e+07 3.3595227829e-18 1.5429424040e-18 -3.4889735537e+03 -6.7633499656e+02 -4.6638883254e+09 -9.5932051469e+06 3.4656045661e+06 9.6902491948e+02 0.0000000000e+00 -0.0000000000e+00
1.5757159673e+05 1.4503689341e-13 2.9742713874e-14 3.4420531739e+07 4.3347924455e+07 3.4684268756e-18 1.6747833241e-18 -3.5654882880e+03 -7.6896487590e+02 -4.6638882295e+09 -9.5932051469e+06 3.4656045661e+06 9.2955930421e+02 0.0000000000e+00 -0.0000000000e+00
1.5850115603e+05 1.4831150037e-13 3.1364912227e-14 3.1070719284e+07 4.2587185208e+07 3.5778792467e-18 1.8185508377e-18 -3.6423882363e+03 -8.6997423960e+02 -4.6638881253e+09 -9.5932051469e+06 3.4656045661e+06 8.9113345592e+02 0.0000000000e+00 -0.0000000000e+00
1.5939228949e+05 1.5154826235e-13 3.3053842464e-14 2.7790864153e+07 4.1763894008e+07 3.6871713203e-18 1.9753496719e-18 -3.7191755614e+03 -9.8013925579e+02 -4.6638880135e+09 -9.5932051469e+06 3.4656045661e+06 8.5415907538e+02 0.0000000000e+00 -0.0000000000e+00
1.6024644857e+05 1.5474371908e-13 3.4812591693e-14 2.4581759352e+07 4.0876473678e+07 3.7954567288e-18 2.1464345389e-18 -3.7952556154e+03 -1.1003414706e+03 -4.6638878951e+09 -9.5932051469e+06 3.4656045661e+06 8.1899320008e+02 0.0000000000e+00 -0.0000000000e+00
1.6106544177e+05 1.5789555872e-13 3.6645345054e-14 2.1442988047e+07 3.9922721149e+07 3.9017106931e-18 2.3332395504e-18 -3.8699084007e+03 -1.2315884740e+03 -4.6638877717e+09 -9.5932051469e+06 3.4656045661e+06 7.8596016655e+02 0.0000000000e+00 -0.0000000000e+00
1.6185140193e+05 1.6100260006e-13 3.8557676629e-14 1.8372972985e+07 3.8899589734e+07 4.0046757866e-18 2.5374165965e-18 -3.9422504640e+03 -1.3750408645e+03 -4.6638876454e+09 -9.5932051469e+06 3.4656045661e+06 7.5537358711e+02 0.0000000000e+00 -0.0000000000e+00
1.6260677552e+05 1.6406480476e-13 4.0556949536e-14 1.5368980012e+07 3.7802903658e+07 4.1027874069e-18 2.7608857474e-18 -4.0111825342e+03 -1.5320476609e+03 -4.6638875192e+09 -9.5932051469e+06 3.4656045661e+06 7.2755970861e+02 0.0000000000e+00 -0.0000000000e+00
1.6333433523e+05 1.6708331738e-13 4.2652871090e-14 1.2427075671e+07 3.6626973155e+07 4.1940684033e-18 3.0059015595e-18 -4.0753154884e+03 -1.7041928879e+03 -4.6638873969e+09 -9.5932051469e+06 3.4656045661e+06 7.0288271040e+02 0.0000000000e+00 -0.0000000000e+00
1.6403721794e+05 1.7006052096e-13 4.4858266858e-14 9.5420453450e+06 3.5364066097e+07 4.2759757537e-18 3.2751392814e-18 -4.1328626292e+03 -1.8933561438e+03 -4.6638872836e+09 -9.5932051469e+06 3.4656045661e+06 6.8176924808e+02 0.0000000000e+00 -0.0000000000e+00
1.6471898719e+05 1.7300006203e-13 4.7190149683e-14 6.7073051650e+06 3.4003682378e+07 4.3451712015e-18 3.5718016461e-18 -4.1814785368e+03 -2.1017876311e+03 -4.6638871852e+09 -9.5932051469e+06 3.4656045661e+06 6.3758253634e+02 0.0000000000e+00 -0.0000000000e+00
1.6525750390e+05 1.7535228740e-13 4.9183118462e-14 4.4468826721e+06 3.2823009015e+07 4.3888014664e-18 3.8342990573e-18 -4.2121326476e+03 -2.2862152240e+03 -4.6638871556e+09 -9.5932051469e+06 3.4656045661e+06 5.5181503047e+02 0.0000000000e+00 -0.0000000000e+00
1.6571058180e+05 1.7734708502e-13 5.0974458839e-14 2.5340120076e+06 3.1749162441e+07 4.4148571257e-18 4.0765315155e-18 -4.2304390472e+03 -2.4564048993e+03 -4.6638871438e+09 -9.5932051469e+06 3.4656045661e+06 4.7168584674e+02 0.0000000000e+00 -0.0000000000e+00
1.6604458711e+05 1.7882374450e-13 5.2367784597e-14 1.1195658974e+06 3.0906408196e+07 4.4259935974e-18 4.2685678147e-18 -4.2382634012e+03 -2.5913273439e+03 -4.6638871410e+09 -9.5932051469e+06 3.4656045661e+06 3.8903327417e+02 0.0000000000e+00 -0.0000000000e+00
1.6627944497e+05 1.7986364744e-13 5.3386873013e-14 1.2387884386e+05 3.0286164482e+07 4.4288595064e-18 4.4107814823e-18 -4.2402769552e+03 -2.6912449937e+03 -4.6638871404e+09 -9.5932051469e+06 3.4656045661e+06 2.4643154767e+02 0.0000000000e+00 -0.0000000000e+00
1.6652587652e+05 1.8095491342e-13 5.4492886000e-14 -9.2095748348e+05 2.9609567392e+07 4.4267558060e-18 4.5665837989e-18 -4.2387989200e+03 -2.8007098684e+03 -4.6638871396e+09 -9.5932051469e+06 3.4656045661e+06 3.6423997301e+02 0.0000000000e+00 -0.0000000000e+00
1.6689011649e+05 1.8256515435e-13 5.6199997651e-14 -2.4633795566e+06 2.8558678090e+07 4.4125119173e-18 4.8095058167e-18 -4.2287913314e+03 -2.9713840201e+03 -4.6638871330e+09 -9.5932051469e+06 3.4656045661e+06 4.3985365390e+02 0.0000000000e+00 -0.0000000000e+00
1.6732997014e+05 1.8449850621e-13 5.8383653486e-14 -4.3181541062e+06 2.7203803524e+07 4.3741333428e-18 5.1232181223e-18 -4.2018269965e+03 -3.1917945953e+03 -4.6638871047e+09 -9.5932051469e+06 3.4656045661e+06 4.9534441338e+02 0.0000000000e+00 -0.0000000000e+00
1.6782531456e+05 1.8664769727e-13 6.1014284968e-14 -6.3872022898e+06 2.5557513718e+07 4.2967468376e-18 5.5027176317e-18 -4.1474561484e+03 -3.4584264859e+03 -4.6638869968e+09 -9.5932051469e+06 3.4656045661e+06 5.6686835195e+02 0.0000000000e+00 -0.0000000000e+00
1.6839218291e+05 1.8904569300e-13 6.4264060527e-14 -8.7117805163e+06 2.3505382178e+07 4.1528420838e-18 5.9680612708e-18 -4.0463503613e+03 -3.7853714521e+03 -4.6638865183e+09 -9.5932051469e+06 3.4656045661e+06 5.7217127216e+02 0.0000000000e+00 -0.0000000000e+00
1.6896435418e+05 1.9136306505e-13 6.7819604589e-14 -1.0985698429e+07 2.1240583382e+07 3.9338852810e-18 6.4635150847e-18 -3.8925138877e+03 -4.1334714729e+03 -4.6638854341e+09 -9.5932051469e+06 3.4656045661e+06 5.2121911842e+02 0.0000000000e+00 -0.0000000000e+00
1.6948557330e+05 1.9334502814e-13 7.1308749376e-14 -1.2966456724e+07 1.9001661817e+07 3.6583093026e-18 6.9252738693e-18 -3.6988974473e+03 -4.4578977625e+03 -4.6638842107e+09 -9.5932051469e+06 3.4656045661e+06 4.7007994133e+02 0.0000000000e+00 -0.0000000000e+00
1.6995565324e+05 1.9499273538e-13 7.4661330327e-14 -1.4654654481e+07 1.6837838023e+07 3.3407867403e-18 7.3365195154e-18 -3.4758098306e+03 -4.7468341153e+03 -4.6638831582e+09 -9.5932051469e+06 3.4656045661e+06 4.3410994247e+02 0.0000000000e+00 -0.0000000000e+00
1.7038976318e+05 1.9636839683e-13 7.7925611472e-14 -1.6111119883e+07 1.4721387011e+07 2.9875122864e-18 7.6984375480e-18 -3.2276033554e+03 -5.0011134671e+03 -4.6638823290e+09 -9.5932051469e+06 3.4656045661e+06 4.1749494082e+02 0.0000000000e+00 -0.0000000000e+00
1.7080725812e+05 1.9753553033e-13 8.1207496370e-14 -1.7402324107e+07 1.2585793571e+07 2.5954411450e-18 8.0176029872e-18 -2.9521387841e+03 -5.2253553498e+03 -4.6638816866e+09 -9.5932051469e+06 3.4656045661e+06 4.0563944339e+02 0.0000000000e+00 -0.0000000000e+00
1.7116951828e+05 1.9840836714e-13 8.4157302386e-14 -1.8424420277e+07 1.0660994622e+07 2.2181376604e-18 8.2623016212e-18 -2.6870497947e+03 -5.3972777313e+03 -4.6638814578e+09 -9.5932051469e+06 3.4656045661e+06 3.6481100036e+02 0.0000000000e+00 -0.0000000000e+00
1.7153432928e+05 1.9914382922e-13 8.7210816277e-14 -1.9352877492e+07 8.6643717648e+06 1.8097429640e-18 8.4711681875e-18 -2.4001164856e+03 -5.5440249235e+03 -4.6638813730e+09 -9.5932051469e+06 3.4656045661e+06 3.3862804645e+02 0.0000000000e+00 -0.0000000000e+00
1.7187295733e+05 1.9968973036e-13 9.0106807951e-14 -2.0118601010e+07 6.7677468975e+06 1.4120920417e-18 8.6266490497e-18 -2.1207316259e+03 -5.6532639481e+03 -4.6638814325e+09 -9.5932051469e+06 3.4656045661e+06 3.1741115314e+02 0.0000000000e+00 -0.0000000000e+00
1.7219036848e+05 2.0007742782e-13 9.2863360213e-14 -2.0749226839e+07 4.9604400074e+06 1.0297809201e-18 8.7364110975e-18 -1.8521243296e+03 -5.7303814716e+03 -4.6638815513e+09 -9.5932051469e+06 3.4656045661e+06 2.9676327291e+02 0.0000000000e+00 -0.0000000000e+00
1.7248713176e+05 2.0032958779e-13 9.5467228943e-14 -2.1261322169e+07 3.2519882545e+06 6.6962622569e-19 8.8068791134e-18 -1.5990838784e+03 -5.7798914705e+03 -4.6638816750e+09 -9.5932051469e+06 3.4656045661e+06 2.7550595406e+02 0.0000000000e+00 -0.0000000000e+00
1.7273322033e+05 2.0045776923e-13 9.7639258288e-14 -2.1629119550e+07 1.8262807762e+06 3.7263291788e-19 8.8420898995e-18 -1.3904198744e+03 -5.8046301545e+03 -4.6638817311e+09 -9.5932051469e+06 3.4656045661e+06 2.5074928076e+02 0.0000000000e+00 -0.0000000000e+00
1.7280000000e+05 2.0047998202e-13 9.8229939475e-14 -2.1720094355e+07 1.4385024091e+06 2.9268034414e-19 8.8481124428e-18 -1.3342461367e+03 -5.8088615226e+03 -4.6638817312e+09 -9.5932051469e+06 3.4656045661e+06 2.4407434602e+02 0.0000000000e+00 -0.0000000000e+00
1.7280000000e+05 2.0047998202e-13 9.8229939475e-14 -2.1720094355e+07 1.4385024091e+06 2.9268034414e-19 8.8481124428e-18 -1.3342461367e+03 -5.8088615226e+03 -4.6638817312e+09 -9.5932051469e+06 3.4656045661e+06 2.4407434602e+02 0.0000000000e+00 -0.0000000000e+00
