0.0000000000e+00 0.0000000000e+00 0.0000000000e+00 3.1415900000e+08 0.0000000000e+00 0.0000000000e+00 0.0000000000e+00 -1.1784115350e+03 2.2659711870e+02 -4.6638893044e+09 -1.0016498047e+07 1.9260755090e+06 1.0000000000e+01 0.0000000000e+00 -0.0000000000e+00
1.0000000000e+01 2.8740014385e-22 6.9100975691e-28 3.1414721568e+08 2.2659711865e+03 5.7480747497e-23 2.0730681525e-28 -1.1784519203e+03 2.2659711855e+02 -4.6638893044e+09 -1.0016498047e+07 1.9260755089e+06 5.0000000000e+01 0.0000000000e+00 -0.0000000000e+00
6.0000000000e+01 1.0347699121e-20 1.4930011095e-25 3.1408828804e+08 1.3595827017e+04 3.4494918755e-22 7.4658458466e-27 -1.1786538922e+03 2.2659711345e+02 -4.6638893044e+09 -1.0016498047e+07 1.9260755090e+06 2.5000000000e+02 0.0000000000e+00 -0.0000000000e+00
3.1000000000e+02 2.7639897234e-19 2.0620677324e-23 3.1379349823e+08 7.0245092309e+04 1.7839113750e-21 1.9967115052e-25 -1.1796648901e+03 2.2659697841e+02 -4.6638893044e+09 -1.0016498047e+07 1.9260755089e+06 1.2500000000e+03 0.0000000000e+00 -0.0000000000e+00
1.5600000000e+03 7.0214338707e-18 2.6464317815e-21 3.1231574483e+08 3.5348964582e+05 9.0195273336e-21 5.1043031900e-24 -1.1847485488e+03 2.2659353248e+02 -4.6638893044e+09 -1.0016498047e+07 1.9260755089e+06 3.6000000000e+03 0.0000000000e+00 -0.0000000000e+00
5.1600000000e+03 7.7526309542e-17 9.7765761942e-20 3.0802392741e+08 1.1691724434e+06 3.0247690967e-20 5.7405670520e-23 -1.1996632068e+03 2.2655678615e+02 -4.6638893043e+09 -1.0016498047e+07 1.9260755089e+06 3.6000000000e+03 0.0000000000e+00 -0.0000000000e+00
8.7600000000e+03 2.2552846207e-16 4.8850981708e-19 3.0367766131e+08 1.9846475386e+06 5.2078984630e-20 1.7017604502e-22 -1.2150016169e+03 2.2647755501e+02 -4.6638893042e+09 -1.0016498047e+07 1.9260755090e+06 3.6000000000e+03 0.0000000000e+00 -0.0000000000e+00
1.2360000000e+04 4.5325919217e-16 1.4019041241e-18 2.9927537885e+08 2.7997554258e+06 7.4547200909e-20 3.4869117421e-22 -1.2307875213e+03 2.2635213238e+02 -4.6638893040e+09 -1.0016498047e+07 1.9260755090e+06 3.6000000000e+03 0.0000000000e+00 -0.0000000000e+00
1.5960000000e+04 7.6307638677e-16 3.0849627549e-18 2.9481542341e+08 3.6143225559e+06 9.7688920977e-20 5.9879161757e-22 -1.2470466216e+03 2.2617641475e+02 -4.6638893039e+09 -1.0016498047e+07 1.9260755089e+06 3.6000000000e+03 0.0000000000e+00 -0.0000000000e+00
1.9560000000e+04 1.1574751002e-15 5.8068528596e-18 2.9029604199e+08 4.4281598153e+06 1.2154382246e-19 9.2695747244e-22 -1.2638067947e+03 2.2594584929e+02 -4.6638893037e+09 -1.0016498047e+07 1.9260755090e+06 3.6000000000e+03 0.0000000000e+00 -0.0000000000e+00
2.3160000000e+04 1.6390993190e-15 9.8613491821e-18 2.8571537695e+08 5.2410608012e+06 1.4615503028e-19 1.3403950939e-21 -1.2810983398e+03 2.2565537288e+02 -4.6638893035e+09 -1.0016498047e+07 1.9260755090e+06 3.6000000000e+03 0.0000000000e+00 -0.0000000000e+00
2.6760000000e+04 2.2107550781e-15 1.5569625721e-17 2.8107145681e+08 6.0527998606e+06 1.7156951785e-19 1.8471380986e-21 -1.2989542598e+03 2.2529934120e+02 -4.6638893033e+09 -1.0016498047e+07 1.9260755090e+06 3.6000000000e+03 0.0000000000e+00 -0.0000000000e+00
3.0360000000e+04 2.8754251244e-15 2.3283440827e-17 2.7636218593e+08 6.8631298521e+06 1.9783856733e-19 2.4561654540e-21 -1.3174105849e+03 2.2487144575e+02 -4.6638893031e+09 -1.0016498047e+07 1.9260755090e+06 3.6000000000e+03 0.0000000000e+00 -0.0000000000e+00
3.3960000000e+04 3.6362853599e-15 3.3388783234e-17 2.7158533296e+08 7.6717795848e+06 2.2501829971e-19 3.1775400973e-21 -1.3365067451e+03 2.2436461641e+02 -4.6638893028e+09 -1.0016498047e+07 1.9260755090e+06 3.6000000000e+03 0.0000000000e+00 -0.0000000000e+00
3.7560000000e+04 4.4967233375e-15 4.6310060321e-17 2.6673851783e+08 8.4784508748e+06 2.5317028757e-19 4.0225723442e-21 -1.3562860006e+03 2.2377090670e+02 -4.6638893024e+09 -1.0016498047e+07 1.9260755090e+06 3.6000000000e+03 0.0000000000e+00 -0.0000000000e+00
4.1160000000e+04 5.4603591343e-15 6.2514927018e-17 2.6181919713e+08 9.2828151534e+06 2.8236226630e-19 5.0040133829e-21 -1.3767959414e+03 2.2308135777e+02 -4.6638893020e+09 -1.0016498047e+07 1.9260755090e+06 3.6000000000e+03 0.0000000000e+00 -0.0000000000e+00
4.4760000000e+04 6.5310689920e-15 8.2519875164e-17 2.5682464746e+08 1.0084509540e+07 3.1266896328e-19 6.1362854779e-21 -1.3980890701e+03 2.2228583671e+02 -4.6638893015e+09 -1.0016498048e+07 1.9260755090e+06 3.6000000000e+03 0.0000000000e+00 -0.0000000000e+00
4.8360000000e+04 7.7130121890e-15 1.0689672988e-16 2.5175194654e+08 1.0883132276e+07 3.4417306886e-19 7.4357572273e-21 -1.4202234841e+03 2.2137284315e+02 -4.6638893009e+09 -1.0016498048e+07 1.9260755090e+06 3.6000000000e+03 0.0000000000e+00 -0.0000000000e+00
5.1960000000e+04 9.0106617070e-15 1.3628023342e-16 2.4659795173e+08 1.1678237399e+07 3.7696637894e-19 8.9210744446e-21 -1.4432636779e+03 2.2032927675e+02 -4.6638893002e+09 -1.0016498048e+07 1.9260755090e+06 3.6000000000e+03 0.0000000000e+00 -0.0000000000e+00
5.5560000000e+04 1.0428839375e-14 1.7137694008e-16 2.4135927526e+08 1.2469328493e+07 4.1115114654e-19 1.0613560167e-20 -1.4672814935e+03 2.1914015619e+02 -4.6638892993e+09 -1.0016498048e+07 1.9260755090e+06 3.6000000000e+03 0.0000000000e+00 -0.0000000000e+00
5.9160000000e+04 1.1972756322e-14 2.1297570087e-16 2.3603225585e+08 1.3255851320e+07 4.4684168913e-19 1.2537701155e-20 -1.4923572488e+03 2.1778827737e+02 -4.6638892983e+09 -1.0016498048e+07 1.9260755090e+06 3.6000000000e+03 0.0000000000e+00 -0.0000000000e+00
6.2760000000e+04 1.3648059768e-14 2.6196008820e-16 2.3061292584e+08 1.4037185094e+07 4.8416631162e-19 1.4721743419e-20 -1.5185810895e+03 2.1625379497e+02 -4.6638892970e+09 -1.0016498048e+07 1.9260755090e+06 3.6000000000e+03 0.0000000000e+00 -0.0000000000e+00
6.6360000000e+04 1.5460887412e-14 3.1932320361e-16 2.2509697293e+08 1.4812632071e+07 5.2326962115e-19 1.7198426238e-20 -1.5460546147e+03 2.1451370676e+02 -4.6638892953e+09 -1.0016498048e+07 1.9260755090e+06 3.6000000000e+03 0.0000000000e+00 -0.0000000000e+00
6.9960000000e+04 1.7417931006e-14 3.8618543398e-16 2.1947969560e+08 1.5581405082e+07 5.6431533258e-19 2.0005893616e-20 -1.5748928487e+03 2.1254121321e+02 -4.6638892933e+09 -1.0016498048e+07 1.9260755090e+06 3.6000000000e+03 0.0000000000e+00 -0.0000000000e+00
7.3560000000e+04 1.9526511097e-14 4.6381588388e-16 2.1375595051e+08 1.6342612468e+07 6.0748969299e-19 2.3188835111e-20 -1.6052266464e+03 2.1030491596e+02 -4.6638892908e+09 -1.0016498048e+07 1.9260755090e+06 3.6000000000e+03 0.0000000000e+00 -0.0000000000e+00
7.7160000000e+04 2.1794665464e-14 5.5365842944e-16 2.0792009041e+08 1.7095239780e+07 6.5300569470e-19 2.6799926071e-20 -1.6372056537e+03 2.0776780594e+02 -4.6638892875e+09 -1.0016498048e+07 1.9260755090e+06 3.6000000000e+03 0.0000000000e+00 -0.0000000000e+00
8.0760000000e+04 2.4231254460e-14 6.5736363466e-16 2.0196589012e+08 1.7838127350e+07 7.0110830187e-19 3.0901662843e-20 -1.6710019796e+03 2.0488597394e+02 -4.6638892834e+09 -1.0016498048e+07 1.9260755090e+06 3.6000000000e+03 0.0000000000e+00 -0.0000000000e+00
8.4360000000e+04 2.6846087439e-14 7.7682817667e-16 1.9588645771e+08 1.8569942596e+07 7.5208099424e-19 3.5568724995e-20 -1.7068147935e+03 2.0160695097e+02 -4.6638892780e+09 -1.0016498048e+07 1.9260755090e+06 3.6000000000e+03 0.0000000000e+00 -0.0000000000e+00
8.7960000000e+04 2.9650075714e-14 9.1424399083e-16 1.8967412701e+08 1.9289145489e+07 8.0625404126e-19 4.0891049478e-20 -1.7448761390e+03 1.9786754841e+02 -4.6638892708e+09 -1.0016498048e+07 1.9260755090e+06 3.6000000000e+03 0.0000000000e+00 -0.0000000000e+00
9.1560000000e+04 3.2655419241e-14 1.0721601440e-15 1.8332032648e+08 1.9993945085e+07 8.6401507854e-19 4.6977879689e-20 -1.7854583643e+03 1.9359101311e+02 -4.6638892613e+09 -1.0016498048e+07 1.9260755090e+06 3.6000000000e+03 0.0000000000e+00 -0.0000000000e+00
9.5160000000e+04 3.5875836679e-14 1.2535615865e-15 1.7681541755e+08 2.0682244193e+07 9.2582278893e-19 5.3963169482e-20 -1.8288837345e+03 1.8868323068e+02 -4.6638892484e+09 -1.0016498048e+07 1.9260755090e+06 3.6000000000e+03 0.0000000000e+00 -0.0000000000e+00
9.8760000000e+04 3.9326851950e-14 1.4619706014e-15 1.7014849329e+08 2.1351568098e+07 9.9222483292e-19 6.2012901348e-20 -1.8755370294e+03 1.8302758378e+02 -4.6638892305e+09 -1.0016498048e+07 1.9260755090e+06 3.6000000000e+03 0.0000000000e+00 -0.0000000000e+00
1.0236000000e+05 4.3026155383e-14 1.7015792481e-15 1.6330712470e+08 2.1998971509e+07 1.0638816920e-18 7.1335158228e-20 -1.9258822956e+03 1.7647787577e+02 -4.6638892053e+09 -1.0016498048e+07 1.9260755090e+06 3.6000000000e+03 0.0000000000e+00 -0.0000000000e+00
1.0596000000e+05 4.6994064885e-14 1.9774248629e-15 1.5627703663e+08 2.2620915253e+07 1.1415988916e-18 8.2194237169e-20 -1.9804854857e+03 1.6884841466e+02 -4.6638891690e+09 -1.0016498048e+07 1.9260755090e+06 3.6000000000e+03 0.0000000000e+00 -0.0000000000e+00
1.0956000000e+05 5.1254123548e-14 2.2956265331e-15 1.4904168801e+08 2.3213100130e+07 1.2263713446e-18 9.4930831129e-20 -2.0400456138e+03 1.5989983358e+02 -4.6638891155e+09 -1.0016498048e+07 1.9260755090e+06 3.6000000000e+03 0.0000000000e+00 -0.0000000000e+00
1.1316000000e+05 5.5833887024e-14 2.6637098022e-15 1.4158171855e+08 2.3770238783e+07 1.3194456358e-18 1.0999155614e-19 -2.1054385159e+03 1.4931834537e+02 -4.6638890343e+09 -1.0016498048e+07 1.9260755090e+06 3.3309929893e+03 0.0000000000e+00 -0.0000000000e+00
1.1615517973e+05 5.9911160039e-14 3.0146514513e-15 1.3518752015e+08 2.4202370405e+07 1.4043389792e-18 1.2471665909e-19 -2.1650835801e+03 1.3897266128e+02 -4.6638889855e+09 -1.0016498048e+07 1.9260755090e+06 3.0145584781e+03 0.0000000000e+00 -0.0000000000e+00
1.1916973821e+05 6.4283373524e-14 3.4160230161e-15 1.2856326391e+08 2.4603461731e+07 1.4978560163e-18 1.4203540323e-19 -2.2307875502e+03 1.2680471539e+02 -4.6638889102e+09 -1.0016498048e+07 1.9260755090e+06 2.7223812982e+03 0.0000000000e+00 -0.0000000000e+00
1.2161630688e+05 6.8047965818e-14 3.7830205044e-15 1.2303524091e+08 2.4899999025e+07 1.5807181144e-18 1.5834854613e-19 -2.2890054855e+03 1.1534329311e+02 -4.6638888710e+09 -1.0016498048e+07 1.9260755090e+06 2.4631585919e+03 0.0000000000e+00 -0.0000000000e+00
1.2407946547e+05 7.2051715532e-14 4.1958005021e-15 1.1731963897e+08 2.5168129294e+07 1.6715184143e-18 1.7727552613e-19 -2.3528007080e+03 1.0204541964e+02 -4.6638888119e+09 -1.0016498048e+07 1.9260755090e+06 2.2232525713e+03 0.0000000000e+00 -0.0000000000e+00
1.2607424261e+05 7.5464618393e-14 4.5665659753e-15 1.1257110517e+08 2.5359644589e+07 1.7513295080e-18 1.9482561478e-19 -2.4088750435e+03 8.9714933822e+01 -4.6638887824e+09 -1.0016498048e+07 1.9260755090e+06 2.0096692860e+03 0.0000000000e+00 -0.0000000000e+00
1.2788162681e+05 7.8699483540e-14 4.9345993954e-15 1.0816848460e+08 2.5510616688e+07 1.8292261587e-18 2.1278491972e-19 -2.4636043138e+03 7.7096937457e+01 -4.6638887572e+09 -1.0016498048e+07 1.9260755090e+06 1.8213718796e+03 0.0000000000e+00 -0.0000000000e+00
1.2951352273e+05 8.1745499533e-14 5.2964150087e-15 1.0410534462e+08 2.5626192209e+07 1.9047497705e-18 2.3098557156e-19 -2.5166663149e+03 6.4309373600e+01 -4.6638887366e+09 -1.0016498048e+07 1.9260755090e+06 1.6460900476e+03 0.0000000000e+00 -0.0000000000e+00
1.3097929813e+05 8.4590048627e-14 5.6481130048e-15 1.0037951125e+08 2.5711233816e+07 1.9773355944e-18 2.4921495118e-19 -2.5676642608e+03 5.1501625943e+01 -4.6638887203e+09 -1.0016498048e+07 1.9260755090e+06 1.4808524529e+03 0.0000000000e+00 -0.0000000000e+00
1.3228417423e+05 8.7214697629e-14 5.9848388950e-15 9.6997782694e+07 2.5770335332e+07 2.0462033693e-18 2.6718285600e-19 -2.6160499493e+03 3.8877587401e+01 -4.6638887082e+09 -1.0016498048e+07 1.9260755089e+06 1.3220626033e+03 0.0000000000e+00 -0.0000000000e+00
1.3342685945e+05 8.9589070633e-14 6.2998711576e-15 9.3983022703e+07 2.5807926550e+07 2.1101759527e-18 2.8446414167e-19 -2.6609963338e+03 2.6735959398e+01 -4.6638887001e+09 -1.0016498048e+07 1.9260755090e+06 1.1647439084e+03 0.0000000000e+00 -0.0000000000e+00
1.3439224933e+05 9.1653494773e-14 6.5820538925e-15 9.1394956028e+07 2.5828422844e+07 2.1671669200e-18 3.0034171154e-19 -2.7010375169e+03 1.5580565601e+01 -4.6638886957e+09 -1.0016498048e+07 1.9260755090e+06 1.0009975060e+03 0.0000000000e+00 -0.0000000000e+00
1.3511197226e+05 9.3229129972e-14 6.8027361730e-15 8.9439803469e+07 2.5836461213e+07 2.2115656990e-18 3.1302792841e-19 -2.7322315767e+03 6.6673788792e+00 -4.6638886945e+09 -1.0016498048e+07 1.9260755090e+06 8.2401300225e+02 0.0000000000e+00 -0.0000000000e+00
1.3584666946e+05 9.4871160932e-14 7.0377235959e-15 8.7420356177e+07 2.5837842083e+07 2.2587036403e-18 3.2680216419e-19 -2.7653501397e+03 -3.0102371298e+00 -4.6638886929e+09 -1.0016498048e+07 1.9260755090e+06 6.9828346911e+02 0.0000000000e+00 -0.0000000000e+00
1.3654495293e+05 9.6464547650e-14 7.2707394031e-15 8.5477996120e+07 2.5832356940e+07 2.3053275972e-18 3.4073720660e-19 -2.7981075833e+03 -1.2800833982e+01 -4.6638886914e+09 -1.0016498048e+07 1.9260755090e+06 8.6205169467e+02 0.0000000000e+00 -0.0000000000e+00
1.3740700462e+05 9.8477590260e-14 7.5723223788e-15 8.3047804404e+07 2.5815806720e+07 2.3655307154e-18 3.5919111540e-19 -2.8404055859e+03 -2.5766333201e+01 -4.6638886861e+09 -1.0016498048e+07 1.9260755090e+06 9.4459601742e+02 0.0000000000e+00 -0.0000000000e+00
1.3835160064e+05 1.0074463003e-13 7.9218457018e-15 8.0341886093e+07 2.5784278481e+07 2.4351570530e-18 3.8118510594e-19 -2.8893242316e+03 -4.1219052201e+01 -4.6638886756e+09 -1.0016498048e+07 1.9260755090e+06 9.8492888698e+02 0.0000000000e+00 -0.0000000000e+00
1.3933652953e+05 1.0318065945e-13 8.3094842451e-15 7.7469708917e+07 2.5735110249e+07 2.5122601839e-18 4.0636348102e-19 -2.9434959842e+03 -5.8909082319e+01 -4.6638886586e+09 -1.0016498048e+07 1.9260755090e+06 9.9978567649e+02 0.0000000000e+00 -0.0000000000e+00
1.4033631521e+05 1.0573366347e-13 8.7296426774e-15 7.4497839354e+07 2.5666460431e+07 2.5957750444e-18 4.3462069007e-19 -3.0021725427e+03 -7.8762264960e+01 -4.6638886342e+09 -1.0016498048e+07 1.9260755090e+06 9.9768650269e+02 0.0000000000e+00 -0.0000000000e+00
1.4133400171e+05 1.0836744065e-13 9.1786134727e-15 7.1471693210e+07 2.5577091719e+07 2.6850418555e-18 4.6596948400e-19 -3.0648903539e+03 -1.0078755877e+02 -4.6638886014e+09 -1.0016498048e+07 1.9260755090e+06 9.8374628345e+02 0.0000000000e+00 -0.0000000000e+00
1.4231774799e+05 1.1105479239e-13 9.6536708828e-15 6.8424333524e+07 2.5466236045e+07 2.7796194794e-18 5.0049084762e-19 -3.1313394798e+03 -1.2504186271e+02 -4.6638885594e+09 -1.0016498048e+07 1.9260755090e+06 9.6136760973e+02 0.0000000000e+00 -0.0000000000e+00
1.4327911560e+05 1.1377428973e-13 1.0152654807e-14 6.5380760007e+07 2.5333498941e+07 2.8791977413e-18 5.3831159440e-19 -3.2013019951e+03 -1.5161427445e+02 -4.6638885072e+09 -1.0016498048e+07 1.9260755090e+06 9.3296524437e+02 0.0000000000e+00 -0.0000000000e+00
1.4421208085e+05 1.1650852803e-13 1.0673755895e-14 6.2360299338e+07 2.5178786683e+07 2.9835505192e-18 5.7959324515e-19 -3.2746190292e+03 -1.8061827660e+02 -4.6638884439e+09 -1.0016498048e+07 1.9260755090e+06 9.0032570978e+02 0.0000000000e+00 -0.0000000000e+00
1.4511240656e+05 1.1924309235e-13 1.1215395586e-14 5.9378072421e+07 2.5002248220e+07 3.0925081337e-18 6.2452622315e-19 -3.3511713673e+03 -2.1218765832e+02 -4.6638883687e+09 -1.0016498048e+07 1.9260755090e+06 8.6480663080e+02 0.0000000000e+00 -0.0000000000e+00
1.4597721319e+05 1.2196589768e-13 1.1776155591e-14 5.6445963316e+07 2.4804227529e+07 3.2059398278e-18 6.7332684433e-19 -3.4308671411e+03 -2.4647440064e+02 -4.6638882805e+09 -1.0016498048e+07 1.9260755090e+06 8.2745717194e+02 0.0000000000e+00 -0.0000000000e+00
1.4680467036e+05 1.2466674249e-13 1.2354735079e-14 5.3573296455e+07 2.4585223798e+07 3.3237419228e-18 7.2623591645e-19 -3.5136335071e+03 -2.8364769225e+02 -4.6638881785e+09 -1.0016498047e+07 1.9260755090e+06 7.8909596992e+02 0.0000000000e+00 -0.0000000000e+00
1.4759376633e+05 1.2733699064e-13 1.2949924271e-14 5.0767331722e+07 2.4345857747e+07 3.4458293404e-18 7.8351834291e-19 -3.5994106904e+03 -3.2389365116e+02 -4.6638880617e+09 -1.0016498047e+07 1.9260755090e+06 7.5036444523e+02 0.0000000000e+00 -0.0000000000e+00
1.4834413077e+05 1.2996933479e-13 1.3560588146e-14 4.8033639575e+07 2.4086842914e+07 3.5721291946e-18 8.4546340582e-19 -3.6881474821e+03 -3.6741552360e+02 -4.6638879289e+09 -1.0016498047e+07 1.9260755090e+06 7.1176495113e+02 0.0000000000e+00 -0.0000000000e+00
1.4905589572e+05 1.3255761323e-13 1.4185656597e-14 4.5376393566e+07 2.3808961061e+07 3.7025756819e-18 9.1238554684e-19 -3.7797976494e+03 -4.1443423256e+02 -4.6638877793e+09 -1.0016498048e+07 1.9260755090e+06 6.7368908293e+02 0.0000000000e+00 -0.0000000000e+00
1.4972958481e+05 1.3509666348e-13 1.4824118798e-14 4.2798603743e+07 2.3513041035e+07 3.8371057839e-18 9.8462554370e-19 -3.8743169164e+03 -4.6518920448e+02 -4.6638876116e+09 -1.0016498048e+07 1.9260755089e+06 6.3643930683e+02 0.0000000000e+00 -0.0000000000e+00
1.5036602411e+05 1.3758220180e-13 1.5475020371e-14 4.0302306342e+07 2.3199940561e+07 3.9756554586e-18 1.0625520275e-18 -3.9716602878e+03 -5.1993943519e+02 -4.6638874248e+09 -1.0016498047e+07 1.9260755090e+06 6.0024586893e+02 0.0000000000e+00 -0.0000000000e+00
1.5096626998e+05 1.4001072162e-13 1.6137462447e-14 3.7888720233e+07 2.2870530536e+07 4.1181560921e-18 1.1465633148e-18 -4.0717795564e+03 -5.7896477728e+02 -4.6638872177e+09 -1.0016498047e+07 1.9260755090e+06 5.6528026051e+02 0.0000000000e+00 -0.0000000000e+00
1.5153155024e+05 1.4237940633e-13 1.6810602051e-14 3.5558377438e+07 2.2525681448e+07 4.2645310405e-18 1.2370895500e-18 -4.1746208731e+03 -6.4256744516e+02 -4.6638869892e+09 -1.0016498048e+07 1.9260755089e+06 5.3166608912e+02 0.0000000000e+00 -0.0000000000e+00
1.5206321633e+05 1.4468605323e-13 1.7493653407e-14 3.3311233013e+07 2.2166251605e+07 4.4146921220e-18 1.3345951674e-18 -4.2801222823e+03 -7.1107374477e+02 -4.6638867379e+09 -1.0016498047e+07 1.9260755089e+06 4.9948795595e+02 0.0000000000e+00 -0.0000000000e+00
1.5256270429e+05 1.4692900633e-13 1.8185889958e-14 3.1146758183e+07 2.1793076880e+07 4.5685359383e-18 1.4395816954e-18 -4.3882111378e+03 -7.8483604424e+02 -4.6638864626e+09 -1.0016498048e+07 1.9260755089e+06 4.6879876154e+02 0.0000000000e+00 -0.0000000000e+00
1.5303150305e+05 1.4910709663e-13 1.8886646936e-14 2.9064019696e+07 2.1406961720e+07 4.7259399094e-18 1.5525909400e-18 -4.4988013160e+03 -8.6423500997e+02 -4.6638861621e+09 -1.0016498048e+07 1.9260755090e+06 4.3962575800e+02 0.0000000000e+00 -0.0000000000e+00
1.5347112881e+05 1.5121958855e-13 1.9595324446e-14 2.7061747662e+07 2.1008671169e+07 4.8867579032e-18 1.6742085925e-18 -4.6117901465e+03 -9.4968214182e+02 -4.6638858350e+09 -1.0016498048e+07 1.9260755089e+06 4.1197558545e+02 0.0000000000e+00 -0.0000000000e+00
1.5388310439e+05 1.5326613180e-13 2.0311391052e-14 2.5138393669e+07 2.0598923676e+07 5.0508153324e-18 1.8050683260e-18 -4.7270549662e+03 -1.0416226510e+03 -4.6638854802e+09 -1.0016498048e+07 1.9260755089e+06 3.8583847738e+02 0.0000000000e+00 -0.0000000000e+00
1.5426894287e+05 1.5524671802e-13 2.1034387925e-14 2.3292180581e+07 2.0178384467e+07 5.2179035709e-18 1.9458564588e-18 -4.8444491968e+03 -1.1405387368e+03 -4.6638850963e+09 -1.0016498048e+07 1.9260755090e+06 3.6119178203e+02 0.0000000000e+00 -0.0000000000e+00
1.5463013465e+05 1.5716164167e-13 2.1763933659e-14 2.1521145188e+07 1.9747659234e+07 5.3877735167e-18 2.0973172855e-18 -4.9637978223e+03 -1.2469533317e+03 -4.6638846821e+09 -1.0016498047e+07 1.9260755090e+06 3.3800291741e+02 0.0000000000e+00 -0.0000000000e+00
1.5496813757e+05 1.5901146491e-13 2.2499729922e-14 1.9823174610e+07 1.9307287923e+07 5.5601280892e-18 2.2602592037e-18 -5.0848921172e+03 -1.3614344065e+03 -4.6638842364e+09 -1.0016498047e+07 1.9260755090e+06 3.1623185595e+02 0.0000000000e+00 -0.0000000000e+00
1.5528436943e+05 1.6079698600e-13 2.3241568162e-14 1.8196037227e+07 1.8857738330e+07 5.7346133972e-18 2.4355617980e-18 -5.2074834418e+03 -1.4845999469e+03 -4.6638837582e+09 -1.0016498047e+07 1.9260755090e+06 2.9583322260e+02 0.0000000000e+00 -0.0000000000e+00
1.5558020265e+05 1.6251921126e-13 2.3989337684e-14 1.6637408739e+07 1.8399399218e+07 5.9108082424e-18 2.6241840905e-18 -5.3312758672e+03 -1.6171237505e+03 -4.6638832465e+09 -1.0016498048e+07 1.9260755090e+06 2.7675807403e+02 0.0000000000e+00 -0.0000000000e+00
1.5585696072e+05 1.6417933015e-13 2.4743035493e-14 1.5144893831e+07 1.7932572587e+07 6.0882115258e-18 2.8271742281e-18 -5.4559173270e+03 -1.7597422331e+03 -4.6638827006e+09 -1.0016498048e+07 1.9260755090e+06 2.5895542104e+02 0.0000000000e+00 -0.0000000000e+00
1.5611591614e+05 1.6577869360e-13 2.5502778477e-14 1.3716043834e+07 1.7457464656e+07 6.2662269892e-18 3.0456809610e-18 -5.5809888973e+03 -1.9132624930e+03 -4.6638821200e+09 -1.0016498048e+07 1.9260755090e+06 2.4237354984e+02 0.0000000000e+00 -0.0000000000e+00
1.5635828969e+05 1.6731879544e-13 2.6268818647e-14 1.2348370612e+07 1.6974174993e+07 6.4441445360e-18 3.2809673818e-18 -5.7059916725e+03 -2.0785719641e+03 -4.6638815048e+09 -1.0016498048e+07 1.9260755090e+06 2.2696119757e+02 0.0000000000e+00 -0.0000000000e+00
1.5658525089e+05 1.6880125704e-13 2.7041562458e-14 1.1039356840e+07 1.6482683036e+07 6.6211171051e-18 3.5344275549e-18 -5.8303305176e+03 -2.2566500999e+03 -4.6638808553e+09 -1.0016498048e+07 1.9260755090e+06 2.1266863471e+02 0.0000000000e+00 -0.0000000000e+00
1.5679791953e+05 1.7022781524e-13 2.7821595613e-14 9.7864626569e+06 1.5982831018e+07 6.7961316873e-18 3.8076068965e-18 -5.9532937040e+03 -2.4485826914e+03 -4.6638801726e+09 -1.0016498048e+07 1.9260755090e+06 1.9944871691e+02 0.0000000000e+00 -0.0000000000e+00
1.5699736824e+05 1.7160031393e-13 2.8609715314e-14 8.5871285585e+06 1.5474301893e+07 6.9679724985e-18 4.1022274864e-18 -6.0740270363e+03 -2.6555796518e+03 -4.6638794589e+09 -1.0016498048e+07 1.9260755090e+06 1.8725797819e+02 0.0000000000e+00 -0.0000000000e+00
1.5718462622e+05 1.7292069962e-13 2.9406972781e-14 7.4387741468e+06 1.4956590294e+07 7.1351734705e-18 4.4202199743e-18 -6.1915004721e+03 -2.8789974327e+03 -4.6638787174e+09 -1.0016498048e+07 1.9260755089e+06 1.7605785799e+02 0.0000000000e+00 -0.0000000000e+00
1.5736068408e+05 1.7419102180e-13 3.0214730139e-14 6.3387921166e+06 1.4428963681e+07 7.2959558928e-18 4.7637644371e-18 -6.3044643105e+03 -3.1203677305e+03 -4.6638779531e+09 -1.0016498048e+07 1.9260755089e+06 1.6581619238e+02 0.0000000000e+00 -0.0000000000e+00
1.5752650027e+05 1.7541343901e-13 3.1034737747e-14 5.2845364544e+06 1.3890409454e+07 7.4481449614e-18 5.1353435913e-18 -6.4113905597e+03 -3.3814348727e+03 -4.6638771732e+09 -1.0016498048e+07 1.9260755089e+06 1.5650915179e+02 0.0000000000e+00 -0.0000000000e+00
1.5768300942e+05 1.7659023200e-13 3.1869241182e-14 4.2733033501e+06 1.3339561681e+07 7.5890556049e-18 5.5378133153e-18 -6.5103927200e+03 -3.6642053659e+03 -4.6638763879e+09 -1.0016498048e+07 1.9260755089e+06 1.4812389720e+02 0.0000000000e+00 -0.0000000000e+00
1.5783113332e+05 1.7772382590e-13 3.2721131992e-14 3.3023027062e+06 1.2774597669e+07 7.7153323197e-18 5.9744977398e-18 -6.5991132542e+03 -3.9710147051e+03 -4.6638756118e+09 -1.0016498048e+07 1.9260755089e+06 1.4066234755e+02 0.0000000000e+00 -0.0000000000e+00
1.5797179567e+05 1.7881682312e-13 3.3594164220e-14 2.3686175849e+06 1.2193089179e+07 7.8227180521e-18 6.4493194057e-18 -6.6745612064e+03 -4.3046188214e+03 -4.6638748647e+09 -1.0016498048e+07 1.9260755089e+06 1.3040013420e+02 0.0000000000e+00 -0.0000000000e+00
1.5808079658e+05 1.7967342294e-13 3.4319374004e-14 1.6383326902e+06 1.1708264610e+07 7.8920626009e-18 6.8646198776e-18 -6.7232818706e+03 -4.5964040471e+03 -4.6638746188e+09 -1.0016498048e+07 1.9260755089e+06 1.1169857485e+02 0.0000000000e+00 -0.0000000000e+00
1.5817301567e+05 1.8040339775e-13 3.4970054801e-14 1.0167889420e+06 1.1272000517e+07 7.9367276687e-18 7.2530217773e-18 -6.7546630218e+03 -4.8692906524e+03 -4.6638745024e+09 -1.0016498048e+07 1.9260755089e+06 9.5319790396e+01 1.2066192908e-292 -8.5401776162e-285
1.5824672296e+05 1.8098932662e-13 3.5516941897e-14 5.1826469210e+05 1.0904465936e+07 7.9599672134e-18 7.5906336839e-18 -6.7709908525e+03 -5.1064928060e+03 -4.6638744628e+09 -1.0016498048e+07 1.9260755089e+06 7.9217556974e+01 1.4359998712e-268 -1.0351564046e-260
1.5828565106e+05 1.8129933771e-13 3.5816081751e-14 2.5458123219e+05 1.0703114788e+07 7.9666991719e-18 7.7794593567e-18 -6.7757206473e+03 -5.2391595023e+03 -4.6638744611e+09 -1.0016498048e+07 1.9260755089e+06 6.6479116174e+01 6.3648797441e-256 -4.6337902360e-248
1.5835213017e+05 1.8182906447e-13 3.6344438964e-14 -1.9593832051e+05 1.0346961202e+07 7.9675240132e-18 8.1198323892e-18 -6.7763001711e+03 -5.4783015905e+03 -4.6638744386e+09 -1.0016498048e+07 1.9260755089e+06 6.1330742278e+01 1.8130919366e-234 -1.3429057846e-226
1.5841346091e+05 1.8231738397e-13 3.6852605491e-14 -6.1129870856e+05 1.0003826749e+07 7.9541159611e-18 8.4550010776e-18 -6.7668798315e+03 -5.7137871678e+03 -4.6638744247e+09 -1.0016498048e+07 1.9260755089e+06 7.4524682993e+01 7.1191811981e-215 -5.3593522376e-207
1.5848798560e+05 1.8290888739e-13 3.7498764800e-14 -1.1147027963e+06 9.5667298981e+06 7.9154014745e-18 8.8912451785e-18 -6.7396794886e+03 -6.0202871408e+03 -4.6638743954e+09 -1.0016498048e+07 1.9260755089e+06 8.1494367912e+01 2.1483564415e-191 -1.6502469134e-183
1.5856947997e+05 1.8355107829e-13 3.8244070313e-14 -1.6619324713e+06 9.0615534024e+06 7.8382144980e-18 9.4065192424e-18 -6.6854488270e+03 -6.3823126361e+03 -4.6638743609e+09 -1.0016498048e+07 1.9260755089e+06 8.5794846422e+01 3.0006185260e-166 -2.3573970230e-158
1.5865527481e+05 1.8421835420e-13 3.9075954218e-14 -2.2318543130e+06 8.4965224224e+06 7.7074794663e-18 9.9935426653e-18 -6.5935959318e+03 -6.7947483869e+03 -4.6638743112e+09 -1.0016498048e+07 1.9260755089e+06 8.9445993882e+01 1.4936174708e-140 -1.2020407691e-132
1.5874472081e+05 1.8489919299e-13 3.9999008688e-14 -2.8156078253e+06 7.8682634160e+06 7.5030296654e-18 1.0653864306e-17 -6.4499519070e+03 -7.2586826032e+03 -4.6638741515e+09 -1.0016498048e+07 1.9260755089e+06 9.4537054603e+01 7.4155938261e-115 -6.1206633095e-107
1.5883925786e+05 1.8559465993e-13 4.1041144943e-14 -3.4156382717e+06 7.1574925679e+06 7.1919993947e-18 1.1401058422e-17 -6.2314256980e+03 -7.7836523983e+03 -4.6638734879e+09 -1.0016498048e+07 1.9260755089e+06 1.0692954247e+02 2.8986740763e-89 -2.4566668200e-81
1.5894618740e+05 1.8633859028e-13 4.2307598180e-14 -4.0643219944e+06 6.2919273489e+06 6.6938528662e-18 1.2292902321e-17 -5.8814338076e+03 -8.4102514296e+03 -4.6638700205e+09 -1.0016498048e+07 1.9260755089e+06 9.8553716246e+01 7.9909614264e-63 -6.9707706272e-55
1.5903274946e+05 1.8689563355e-13 4.3403629960e-14 -4.5576997626e+06 5.5414830271e+06 6.1546757563e-18 1.3030985345e-17 -5.5026143134e+03 -8.9288198787e+03 -4.6638672129e+09 -1.0016498048e+07 1.9260755089e+06 8.6599360577e+01 7.0684027175e-44 -6.3014669629e-36
1.5911934882e+05 1.8740034951e-13 4.4563728113e-14 -5.0143569418e+06 4.7460348782e+06 5.4779220515e-18 1.3756575751e-17 -5.0271351222e+03 -9.4386111622e+03 -4.6638624449e+09 -1.0016498048e+07 1.9260755089e+06 7.8976952288e+01 1.2931011573e-27 -1.1754048806e-19
1.5919832577e+05 1.8780444061e-13 4.5675088281e-14 -5.3913339468e+06 3.9831022491e+06 4.7352923736e-18 1.4378415949e-17 -4.5053722473e+03 -9.8755087695e+03 -4.6638582439e+09 -1.0016498048e+07 1.9260755090e+06 7.3726900102e+01 1.5606526650e-15 -1.4399325930e-07
1.5926282309e+05 1.8808791338e-13 4.6617521193e-14 -5.6665029614e+06 3.3355748783e+06 4.0425237681e-18 1.4836427947e-17 -4.0186411752e+03 -1.0197302610e+04 -4.6638565553e+09 -1.0016498046e+07 1.9260755123e+06 6.5354264221e+01 7.3543096034e-08 -6.8516414858e+00
1.5928776458e+05 1.8818518004e-13 4.6989594071e-14 -5.7642327261e+06 3.0798125239e+06 3.7553674644e-18 1.4997567812e-17 -3.8168885038e+03 -1.0310517501e+04 -4.6638647385e+09 -1.0016497785e+07 1.9260762111e+06 5.3216520787e+01 1.8443467933e-05 -1.7235762019e+03
1.5930328988e+05 1.8824206168e-13 4.7223179503e-14 -5.8224922787e+06 2.9192161433e+06 3.5716223934e-18 1.5092696727e-17 -3.6877907217e+03 -1.0377352131e+04 -4.6640464299e+09 -1.0016492201e+07 1.9260917433e+06 3.0274578817e+01 3.9207707351e-04 -3.6702995192e+04
1.5931810982e+05 1.8829367215e-13 4.7447500908e-14 -5.8762171257e+06 2.7649688715e+06 3.3928446440e-18 1.5179557461e-17 -3.5621740248e+03 -1.0438351810e+04 -4.6667878149e+09 -1.0016410996e+07 1.9263267688e+06 1.8802944543e+01 5.4929639898e-03 -5.1496611153e+05
1.5933010518e+05 1.8833349088e-13 4.7629991885e-14 -5.9183283761e+06 2.6394721377e+06 3.2458423757e-18 1.5246914196e-17 -3.4588271365e+03 -1.0485481677e+04 -4.6859936773e+09 -1.0015859993e+07 1.9279773175e+06 1.3101963455e+01 3.8049057240e-02 -3.5709220850e+06
1.5933992556e+05 1.8836476923e-13 4.7779984575e-14 -5.9518748876e+06 2.5363195433e+06 3.1240375049e-18 1.5300024057e-17 -3.3729867454e+03 -1.0521988581e+04 -4.7656932984e+09 -1.0013635357e+07 1.9348407336e+06 1.0179104174e+01 1.6206203660e-01 -1.5220852946e+07
1.5934829445e+05 1.8839047610e-13 4.7908212990e-14 -5.9797927853e+06 2.4481410359e+06 3.0192461869e-18 1.5343800095e-17 -3.2985948604e+03 -1.0550317756e+04 -5.0048381299e+09 -1.0007118085e+07 1.9554732452e+06 8.5088606817e+00 5.0559083283e-01 -4.7504617940e+07
1.5935571459e+05 1.8841253231e-13 4.8022206450e-14 -6.0040192098e+06 2.3697763387e+06 2.9256042926e-18 1.5381447034e-17 -3.2309637950e+03 -1.0570807943e+04 -5.5909193169e+09 -9.9914834222e+06 2.0061341699e+06 7.4806944705e+00 1.2852210019e+00 -1.2075323334e+08
1.5936319528e+05 1.8843406267e-13 4.8137408806e-14 -6.0279251890e+06 2.2906493385e+06 2.8305312335e-18 1.5418271913e-17 -3.1597211754e+03 -1.0581942177e+04 -7.0367026369e+09 -9.9536974650e+06 2.1314113642e+06 6.8211359613e+00 3.0581029353e+00 -2.8706623652e+08
1.5937001642e+05 1.8845307283e-13 4.8242690582e-14 -6.0492429626e+06 2.2184786619e+06 2.7432808379e-18 1.5450847192e-17 -3.0897120493e+03 -1.0575309941e+04 -9.9224058067e+09 -9.8796792553e+06 2.3823249342e+06 6.5171948054e+00 6.3056151192e+00 -5.9050858253e+08
1.5937653361e+05 1.8847067837e-13 4.8343485719e-14 -6.0691406923e+06 2.1496490587e+06 2.6594409588e-18 1.5481067021e-17 -3.0148532395e+03 -1.0541293191e+04 -1.5294804076e+10 -9.7440711298e+06 2.8519401322e+06 6.8142810398e+00 1.1824146889e+01 -1.1019345318e+09
1.5938334789e+05 1.8848850052e-13 4.8449083029e-14 -6.0893813622e+06 2.0780704299e+06 2.5713037319e-18 1.5511712645e-17 -2.9229468528e+03 -1.0456676142e+04 -2.5524509940e+10 -9.4892223623e+06 3.7542007126e+06 7.4001333893e+00 2.1268022083e+01 -1.9628024031e+09
1.5938850504e+05 1.8850158844e-13 4.8529137613e-14 -6.1042471090e+06 2.0244159898e+06 2.5042926247e-18 1.5534257458e-17 -2.8398785907e+03 -1.0342551025e+04 -3.7894532824e+10 -9.1833324657e+06 4.8589018259e+06 5.2704803898e+00 3.1497112931e+01 -2.8714510024e+09
1.5939307044e+05 1.8851288572e-13 4.8600102391e-14 -6.1170204982e+06 1.9775196779e+06 2.4447603265e-18 1.5553751001e-17 -2.7536759635e+03 -1.0193253489e+04 -5.3175216048e+10 -8.8061370203e+06 6.2443463257e+06 4.5886068448e+00 4.2850464375e+01 -3.8457669766e+09
1.5939765905e+05 1.8852396612e-13 4.8671516558e-14 -6.1294306071e+06 1.9311951262e+06 2.3847360434e-18 1.5572908092e-17 -2.6529265410e+03 -9.9879664882e+03 -7.3283308014e+10 -8.3082319476e+06 8.1036919770e+06 4.1760384878e+00 5.6114198525e+01 -4.9291521133e+09
1.5940183509e+05 1.8853381053e-13 4.8736585367e-14 -6.1402944273e+06 1.8899692956e+06 2.3299518988e-18 1.5589968657e-17 -2.5478306780e+03 -9.7471217890e+03 -9.5961644337e+10 -7.7420880231e+06 1.0252757611e+07 3.9056789935e+00 6.9201822202e+01 -5.9260433287e+09
1.5940574077e+05 1.8854281030e-13 4.8797505420e-14 -6.1500341988e+06 1.8524201072e+06 2.2785865095e-18 1.5605608494e-17 -2.4377989998e+03 -9.4729700466e+03 -1.2082032851e+11 -7.1135728634e+06 1.2676448530e+07 3.7292225697e+00 8.1603575915e+01 -6.7848266652e+09
1.5940946999e+05 1.8855121604e-13 4.8855729617e-14 -6.1589135870e+06 1.8176495757e+06 2.2294325647e-18 1.5620263510e-17 -2.3227066934e+03 -9.1677475374e+03 -1.4744666986e+11 -6.4288356172e+06 1.5358359611e+07 3.6005515743e+00 9.2893169728e+01 -7.4674929558e+09
1.5941307054e+05 1.8855915764e-13 4.8911996276e-14 -6.1670639896e+06 1.7852280876e+06 2.1818790030e-18 1.5634162531e-17 -2.2033705319e+03 -8.8356471679e+03 -1.7525728557e+11 -5.6984681151e+06 1.8264217708e+07 3.4945371234e+00 1.0268430290e+02 -7.9480722034e+09
1.5941656508e+05 1.8856670153e-13 4.8966653674e-14 -6.1745519404e+06 1.7549604460e+06 2.1356409330e-18 1.5647425048e-17 -2.0812448487e+03 -8.4825696082e+03 -2.0356288274e+11 -4.9365335619e+06 2.1344580719e+07 3.3978664271e+00 1.1070058006e+02 -8.2184517982e+09
1.5941996295e+05 1.8857388167e-13 4.9019843149e-14 -6.1814155199e+06 1.7267557030e+06 2.0906066590e-18 1.5660114156e-17 -1.9581033310e+03 -8.1154248916e+03 -2.3166161654e+11 -4.1587753453e+06 2.4541090159e+07 3.3052413254e+00 1.1681835711e+02 -8.2895053934e+09
1.5942326819e+05 1.8858071914e-13 4.9071623745e-14 -6.1876857482e+06 1.7005468844e+06 2.0467329810e-18 1.5672270125e-17 -1.8357067315e+03 -7.7411611938e+03 -2.5893554260e+11 -3.3804178548e+06 2.7794927037e+07 3.2162925444e+00 1.2107016996e+02 -8.1873270290e+09
1.5942648448e+05 1.8858723329e-13 4.9122049144e-14 -6.1933967844e+06 1.6762502533e+06 2.0039803072e-18 1.5683929661e-17 -1.7155478369e+03 -7.3659059841e+03 -2.8491503638e+11 -2.6143862190e+06 3.1054227068e+07 3.1324996467e+00 1.2361133104e+02 -7.9464652865e+09
1.5942961698e+05 1.8859344547e-13 4.9171196633e-14 -6.1985875872e+06 1.6537572674e+06 1.9622881768e-18 1.5695132570e-17 -1.5987426319e+03 -6.9945268860e+03 -3.0929411854e+11 -1.8705273792e+06 3.4277853175e+07 3.0551356097e+00 1.2466886030e+02 -7.6031505013e+09
1.5943267211e+05 1.8859937835e-13 4.9219163905e-14 -6.2032993887e+06 1.6329439691e+06 1.9215780164e-18 1.5705920760e-17 -1.4860463633e+03 -6.6306093642e+03 -3.3190890118e+11 -1.1557301736e+06 3.7435579183e+07 2.9845663379e+00 1.2449435661e+02 -7.1905831970e+09
1.5943565668e+05 1.8860505403e-13 4.9266054838e-14 -6.2075726758e+06 1.6136834060e+06 1.8817652874e-18 1.5716334974e-17 -1.3779276366e+03 -6.2766597926e+03 -3.5270208793e+11 -4.7448261460e+05 4.0506344227e+07 2.9203817396e+00 1.2333162587e+02 -6.7366326874e+09
1.5943857706e+05 1.8861049257e-13 4.9311967277e-14 -6.2114452723e+06 1.5958542304e+06 1.8427699624e-18 1.5726412254e-17 -1.2746481743e+03 -5.9343590024e+03 -3.7168935043e+11 1.7051273363e+05 4.3476082459e+07 2.8617629473e+00 1.2139918131e+02 -6.2632885571e+09
1.5944143883e+05 1.8861571142e-13 4.9356986548e-14 -6.2149515979e+06 1.5793446733e+06 1.8045221383e-18 1.5736184832e-17 -1.1763264057e+03 -5.6047815192e+03 -3.8893330233e+11 7.7783176116e+05 4.6335852906e+07 2.8077876199e+00 1.1888330864e+02 -5.7870733331e+09
1.5944424661e+05 1.8862072541e-13 4.9401183764e-14 -6.2181226698e+06 1.5640533827e+06 1.7669635717e-18 1.5745680112e-17 -1.0829823441e+03 -5.2885611175e+03 -4.0452507713e+11 1.3469565256e+06 4.9080432131e+07 2.7576062477e+00 1.1593736357e+02 -5.3198575939e+09
1.5944700422e+05 1.8862554711e-13 4.9444616910e-14 -6.2209864366e+06 1.5498887074e+06 1.7300468365e-18 1.5754921211e-17 -9.9456800173e+02 -4.9860103290e+03 -4.1857173946e+11 1.8780116930e+06 5.1707301677e+07 2.7105155846e+00 1.1268429010e+02 -4.8697657867e+09
1.5944971474e+05 1.8863018722e-13 4.9487333092e-14 -6.2235681961e+06 1.5367674526e+06 1.6937334737e-18 1.5763927702e-17 -9.1098812217e+02 -4.6972067356e+03 -4.3118777368e+11 2.3715772667e+06 5.4215918981e+07 2.6659706545e+00 1.0922055602e+02 -4.4420233062e+09
1.5945238071e+05 1.8863465503e-13 4.9529370991e-14 -6.2258909821e+06 1.5246136271e+06 1.6579919557e-18 1.5772716333e-17 -8.3211471239e+02 -4.4220564940e+03 -4.4248935873e+11 2.8285529042e+06 5.6607181740e+07 2.6235661768e+00 1.0562049616e+02 -4.0396845624e+09
1.5945500427e+05 1.8863895871e-13 4.9570763032e-14 -6.2279758801e+06 1.5133573856e+06 1.6227958792e-18 1.5781301645e-17 -7.5779757183e+02 -4.1603421545e+03 -4.5259056149e+11 3.2500576302e+06 5.8883025109e+07 2.5830085253e+00 1.0194052273e+02 -3.6642270463e+09
1.5945758728e+05 1.8864310563e-13 4.9611537122e-14 -6.2298422730e+06 1.5029341997e+06 1.5881225187e-18 1.5789696452e-17 -6.8787205872e+02 -3.9117590137e+03 -4.6160088144e+11 3.6373551824e+06 6.1046115596e+07 2.5440874284e+00 9.8222928017e+01 -3.3160177869e+09
1.5946013137e+05 1.8864710249e-13 4.9651717952e-14 -6.2315080304e+06 1.4932842272e+06 1.5539517472e-18 1.5797912210e-17 -6.2216484698e+02 -3.6759427431e+03 -4.6962375495e+11 3.9917986353e+06 6.3099618399e+07 2.5066524472e+00 9.4499160598e+01 -2.9946682452e+09
1.5946263802e+05 1.8865095549e-13 4.9691327922e-14 -6.2329896563e+06 1.4843518306e+06 1.5202652651e-18 1.5805959282e-17 -5.6049813870e+02 -3.4524900969e+03 -4.7675574257e+11 4.3147899843e+06 6.5047023009e+07 2.4705948624e+00 9.0792546358e+01 -2.6992967226e+09
1.5946510862e+05 1.8865467042e-13 4.9730387797e-14 -6.2343024071e+06 1.4760852006e+06 1.4870460646e-18 1.5813847142e-17 -5.0269268025e+02 -3.2409741082e+03 -4.8308619354e+11 4.6077513159e+06 6.6892015213e+07 2.4358353493e+00 8.7120478189e+01 -2.4287172099e+09
1.5946754445e+05 1.8865825271e-13 4.9768917156e-14 -6.2354603909e+06 1.4684360483e+06 1.4542780563e-18 1.5821584519e-17 -4.4856984268e+02 -3.0409548743e+03 -4.8869723580e+11 4.8721048896e+06 6.8638386316e+07 2.4023154200e+00 8.3496125150e+01 -2.1815716038e+09
1.5946994677e+05 1.8866170752e-13 4.9806934722e-14 -6.2364766528e+06 1.4613593456e+06 1.4219458061e-18 1.5829179511e-17 -3.9795301060e+02 -2.8519869606e+03 -4.9366397651e+11 5.1092597639e+06 7.0289970876e+07 2.3699921090e+00 7.9929725965e+01 -1.9564197346e+09
1.5947231676e+05 1.8866503970e-13 4.9844458599e-14 -6.2373632501e+06 1.4548130973e+06 1.3900343413e-18 1.5836639679e-17 -3.5066847222e+02 -2.6736242653e+03 -4.9805483073e+11 5.3206030724e+06 7.1850605907e+07 2.3388346032e+00 7.6429534025e+01 -1.7517988246e+09
1.5947465559e+05 1.8866825392e-13 4.9881506460e-14 -6.2381313205e+06 1.4487581389e+06 1.3585289996e-18 1.5843972118e-17 -3.0654597599e+02 -2.5054230779e+03 -5.0193191982e+11 5.5074943897e+06 7.3324105325e+07 2.3088219845e+00 7.3002479124e+01 -1.5662614707e+09
1.5947696441e+05 1.8867135461e-13 4.9918095701e-14 -6.2387911435e+06 1.4431579531e+06 1.3274153064e-18 1.5851183525e-17 -2.6541908534e+02 -2.3469439345e+03 -5.0535149982e+11 5.6712619846e+06 7.4714244568e+07 2.2799415680e+00 6.9654605845e+01 -1.3983990114e+09
1.5947924436e+05 1.8867434600e-13 4.9954243568e-14 -6.2393521971e+06 1.4379785036e+06 1.2966788732e-18 1.5858280254e-17 -2.2712542764e+02 -2.1977527391e+03 -5.0836439456e+11 5.8132000958e+06 7.6024751396e+07 2.2521874625e+00 6.6391341545e+01 -1.2468552827e+09
1.5948149654e+05 1.8867723217e-13 4.9989967261e-14 -6.2398232095e+06 1.4331880840e+06 1.2663053136e-18 1.5865268364e-17 -1.9150690377e+02 -2.0574214970e+03 -5.1101641839e+11 5.9345666511e+06 7.7259299947e+07 2.2255587119e+00 6.3217639564e+01 -1.1103342897e+09
1.5948372210e+05 1.8868001699e-13 5.0025284013e-14 -6.2402122079e+06 1.4287571791e+06 1.2362801841e-18 1.5872153659e-17 -1.5840990434e+02 -1.9255289264e+03 -5.1334878006e+11 6.0365810723e+06 7.8421505774e+07 2.2000579215e+00 6.0138036440e+01 -9.8760420997e+08
1.5948592216e+05 1.8868270422e-13 5.0060211140e-14 -6.2405265634e+06 1.4246583387e+06 1.2065889413e-18 1.5878941720e-17 -1.2768554134e+02 -1.8016610571e+03 -5.1539846479e+11 6.1204220558e+06 7.9514920966e+07 2.1756894251e+00 5.7156653412e+01 -8.7749923216e+08
1.5948809785e+05 1.8868529743e-13 5.0094766073e-14 -6.2407730338e+06 1.4208660595e+06 1.1772169244e-18 1.5885637936e-17 -9.9189904384e+01 -1.6854119146e+03 -5.1719859333e+11 6.1872252855e+06 8.0543028480e+07 2.1524572196e+00 5.4277167134e+01 -7.7892019028e+08
1.5949025031e+05 1.8868780006e-13 5.0128966345e-14 -6.2409578044e+06 1.4173566756e+06 1.1481493645e-18 1.5892247516e-17 -7.2784335605e+01 -1.5763843183e+03 -5.1877875823e+11 6.2380811519e+06 8.1509235463e+07 2.1303637861e+00 5.1502768172e+01 -6.9083452082e+08
1.5949238067e+05 1.8869021539e-13 5.0162829570e-14 -6.2410865272e+06 1.4141082546e+06 1.1193714084e-18 1.5898775507e-17 -4.8335698696e+01 -1.4741907311e+03 -5.2016533926e+11 6.2740326122e+06 8.2416866114e+07 2.1094083603e+00 4.8836119123e+01 -6.1227575870e+08
1.5949420787e+05 1.8869223814e-13 5.0191884900e-14 -6.2411566870e+06 1.4114912725e+06 1.0946819803e-18 1.5904364388e-17 -2.8653444417e+01 -1.3909537020e+03 -5.2122748775e+11 6.2938865088e+06 8.3157757660e+07 1.8850009738e+00 4.6616364113e+01 -5.5126716502e+08
1.5949564112e+05 1.8869379322e-13 5.0214682986e-14 -6.2411871834e+06 1.4095427707e+06 1.0753113607e-18 1.5908742162e-17 -1.4017889149e+01 -1.3284445641e+03 -5.2198566927e+11 6.3026073882e+06 8.3715229394e+07 1.5581639965e+00 4.4921196437e+01 -5.0726845240e+08
1.5949664810e+05 1.8869486918e-13 5.0230704358e-14 -6.2411963005e+06 1.4082265399e+06 1.0616996174e-18 1.5911814864e-17 -4.1453712440e+00 -1.2859584936e+03 -5.2248175282e+11 6.3052344596e+06 8.4094711172e+07 1.2191620964e+00 4.3755329705e+01 -4.7827655691e+08
1.5949786727e+05 1.8869615352e-13 5.0250105706e-14 -6.2411942887e+06 1.4066893293e+06 1.0452173560e-18 1.5915531780e-17 7.3658695521e+00 -1.2360715772e+03 -5.2304446525e+11 6.3046479414e+06 8.4540947386e+07 1.3028665764e+00 4.2372395127e+01 -4.4519806732e+08
1.5949917013e+05 1.8869750382e-13 5.0270844106e-14 -6.2411769601e+06 1.4051126268e+06 1.0276005870e-18 1.5919500150e-17 1.9146520412e+01 -1.1846012913e+03 -5.2360273649e+11 6.2995761293e+06 8.5002143917e+07 1.5092113559e+00 4.0930019230e+01 -4.1218273411e+08
1.5950067934e+05 1.8869903929e-13 5.0294873462e-14 -6.2411381720e+06 1.4033683606e+06 1.0071900561e-18 1.5924092429e-17 3.2140249760e+01 -1.1273028083e+03 -5.2419772515e+11 6.2881311378e+06 8.5516606115e+07 1.6196719472e+00 3.9306264887e+01 -3.7678857917e+08
1.5950229902e+05 1.8870065286e-13 5.0320669256e-14 -6.2410753290e+06 1.4015904837e+06 9.8528135849e-19 1.5929015645e-17 4.5331967918e+01 -1.0685106723e+03 -5.2477939209e+11 6.2694220002e+06 8.6045740715e+07 1.6858317229e+00 3.7621255730e+01 -3.4199642964e+08
1.5950398485e+05 1.8870229466e-13 5.0347527211e-14 -6.2409878929e+06 1.3998387154e+06 9.6247309615e-19 1.5934134617e-17 5.8265813533e+01 -1.0101949390e+03 -5.2532771870e+11 6.2431487452e+06 8.6571994952e+07 1.7281283653e+00 3.5932163469e+01 -3.0904994575e+08
1.5950571298e+05 1.8870393773e-13 5.0375067972e-14 -6.2408763297e+06 1.3981424994e+06 9.3908775597e-19 1.5939376730e-17 7.0714923967e+01 -9.5336011712e+02 -5.2583493112e+11 6.2093089324e+06 8.7086396835e+07 1.7563555732e+00 3.4270516210e+01 -2.7847613781e+08
1.5950746933e+05 1.8870556623e-13 5.0403067860e-14 -6.2407416078e+06 1.3965166282e+06 9.1531552060e-19 1.5944699349e-17 8.2563816103e+01 -8.9853948220e+02 -5.2629899719e+11 6.1680567259e+06 8.7584158911e+07 1.7758074398e+00 3.2655186120e+01 -2.5045745721e+08
1.5950924514e+05 1.8870717031e-13 5.0431387350e-14 -6.2405849376e+06 1.3949680587e+06 8.9127505404e-19 1.5950076037e-17 9.3756894110e+01 -8.4601010690e+02 -5.2672074723e+11 6.1196282226e+06 8.8062768183e+07 1.7895934877e+00 3.1097975748e+01 -2.2499728175e+08
1.5951103473e+05 1.8870874364e-13 5.0459936347e-14 -6.2404076296e+06 1.3934992971e+06 8.6704301001e-19 1.5955489860e-17 1.0427271971e+02 -7.9589981022e+02 -5.2710244544e+11 6.0642989733e+06 8.8521037055e+07 1.7996580500e+00 2.9606379511e+01 -2.0200316341e+08
1.5951283439e+05 1.8871028209e-13 5.0488655669e-14 -6.2402110142e+06 1.3921102329e+06 8.4266976955e-19 1.5960929812e-17 1.1410995047e+02 -7.4824543292e+02 -5.2744703049e+11 6.0023584427e+06 8.8958586655e+07 1.8072795906e+00 2.8185088838e+01 -1.8133215781e+08
1.5951464167e+05 1.8871178291e-13 5.0517506465e-14 -6.2399963954e+06 1.3907991942e+06 8.1818843388e-19 1.5966388775e-17 1.2327913517e+02 -7.0302680272e+02 -5.2775769538e+11 5.9340939761e+06 8.9375545938e+07 1.8133359078e+00 2.6836876676e+01 -1.6281683399e+08
1.5951645501e+05 1.8871324429e-13 5.0546463854e-14 -6.2397650248e+06 1.3895635851e+06 7.9362023534e-19 1.5971862290e-17 1.3179768552e+02 -6.6018757521e+02 -5.2803765096e+11 5.8597803724e+06 8.9772367209e+07 1.8184545838e+00 2.5563149725e+01 -1.4628068692e+08
1.5951827346e+05 1.8871466504e-13 5.0575512948e-14 -6.2395180869e+06 1.3884002813e+06 7.6897791616e-19 1.5977347794e-17 1.3968667888e+02 -6.1964854148e+02 -5.2828999386e+11 5.7796728858e+06 9.0149708424e+07 1.8231029219e+00 2.4364310656e+01 -1.3154740190e+08
1.5952009656e+05 1.8871604445e-13 5.0604646308e-14 -6.2392566925e+06 1.3873058822e+06 7.4426789262e-19 1.5982844124e-17 1.4696876842e+02 -5.8131640045e+02 -5.2851763568e+11 5.6940023863e+06 9.0508355705e+07 1.8276450578e+00 2.3240005632e+01 -1.1844639909e+08
1.5952192421e+05 1.8871738206e-13 5.0633862307e-14 -6.2389818752e+06 1.3862768735e+06 7.1949164762e-19 1.5988351206e-17 1.5366679407e+02 -5.4508967559e+02 -5.2872326894e+11 5.6029718691e+06 9.0849171159e+07 1.8323795404e+00 2.2189298652e+01 -1.0681605068e+08
1.5952375659e+05 1.8871867768e-13 5.0663164092e-14 -6.2386945908e+06 1.3853097320e+06 6.9464661551e-19 1.5993869853e-17 1.5980285038e+02 -5.1086278525e+02 -5.2890935521e+11 5.5067538160e+06 9.1173057085e+07 1.8375660368e+00 2.1210797469e+01 -9.6505414076e+07
1.5952559415e+05 1.8871993125e-13 5.0692558967e-14 -6.2383957182e+06 1.3844009923e+06 6.6972670597e-19 1.5999401646e-17 1.6539766436e+02 -4.7852887287e+02 -5.2907812661e+11 5.4054880351e+06 9.1480931209e+07 1.8434453564e+00 2.0302745734e+01 -8.7375002720e+07
1.5952743760e+05 1.8872114281e-13 5.0722058103e-14 -6.2380860596e+06 1.3835472889e+06 6.4472255686e-19 1.6004948878e-17 1.7047018873e+02 -4.4798178859e+02 -5.2923159527e+11 5.2992797138e+06 9.1773709499e+07 1.8502553907e+00 1.9463090939e+01 -7.9296932616e+07
1.5952928785e+05 1.8872231249e-13 5.0751676495e-14 -6.2377663415e+06 1.3827453806e+06 6.1962157135e-19 1.6010514545e-17 1.7503734818e+02 -4.1911748179e+02 -5.2937156711e+11 5.1881974836e+06 9.2052294270e+07 1.8582453029e+00 1.8689534600e+01 -7.2154668181e+07
1.5953114610e+05 1.8872344047e-13 5.0781433150e-14 -6.2374372137e+06 1.3819921633e+06 5.9440776257e-19 1.6016102378e-17 1.7911389754e+02 -3.9183497019e+02 -5.2949965798e+11 5.0722712871e+06 9.2317566152e+07 1.8676889482e+00 1.7979569005e+01 -6.5842515233e+07
1.5953301379e+05 1.8872452697e-13 5.0811351491e-14 -6.2370992476e+06 1.3812846746e+06 5.6906141608e-19 1.6021716916e-17 1.8271236197e+02 -3.6603700369e+02 -5.2961731060e+11 4.9514898536e+06 9.2570378890e+07 1.8788983773e+00 1.7330503883e+01 -6.0264963189e+07
1.5953489269e+05 1.8872557222e-13 5.0841459974e-14 -6.2367529328e+06 1.3806200926e+06 5.4355856883e-19 1.6027363626e-17 1.8584303577e+02 -3.4163050648e+02 -5.2972581152e+11 4.8257975771e+06 9.2811556272e+07 1.8902612235e+00 1.6739485621e+01 -5.5335946568e+07
1.5953678295e+05 1.8872657543e-13 5.0871761246e-14 -6.2363990440e+06 1.3799963615e+06 5.1789713352e-19 1.6033043120e-17 1.8851147790e+02 -3.1855025338e+02 -5.2982620681e+11 4.6952292435e+06 9.3041656360e+07 1.8885223072e+00 1.6204041437e+01 -5.0982336747e+07
1.5953867147e+05 1.8872752928e-13 5.0902045363e-14 -6.2360408883e+06 1.3794154450e+06 4.9225501541e-19 1.6038716187e-17 1.9070881863e+02 -2.9688211522e+02 -5.2991880358e+11 4.5607719103e+06 9.3259715089e+07 1.8876018590e+00 1.5724614948e+01 -4.7162741873e+07
1.5954055907e+05 1.8872843427e-13 5.0932325424e-14 -6.2356791922e+06 1.3788744539e+06 4.6662118459e-19 1.6044385443e-17 1.9244982775e+02 -2.7653462555e+02 -5.3000459288e+11 4.4224852503e+06 9.3466525546e+07 1.8872701778e+00 1.5297023207e+01 -4.3806618290e+07
1.5954244634e+05 1.8872929072e-13 5.0962610862e-14 -6.2353146936e+06 1.3783707778e+06 4.4098772386e-19 1.6050052800e-17 1.9374830411e+02 -2.5742717891e+02 -5.3008442135e+11 4.2804392718e+06 9.3662784301e+07 1.8874208888e+00 1.4917115456e+01 -4.0852386023e+07
1.5954433376e+05 1.8873009886e-13 5.0992909415e-14 -6.2349481219e+06 1.3779020131e+06 4.1534815621e-19 1.6055719842e-17 1.9461790259e+02 -2.3948761712e+02 -5.3015901646e+11 4.1347113609e+06 9.3849114148e+07 1.8878847184e+00 1.4580740872e+01 -3.8246035901e+07
1.5954622165e+05 1.8873085878e-13 5.1023226113e-14 -6.2345802123e+06 1.3774659498e+06 3.8969830094e-19 1.6061387630e-17 1.9507273111e+02 -2.2265191448e+02 -5.3022900007e+11 3.9853964676e+06 9.4026065655e+07 1.8884172673e+00 1.4283771652e+01 -3.5940275706e+07
1.5954811007e+05 1.8873157046e-13 5.1053562068e-14 -6.2342117199e+06 1.3770605589e+06 3.6403729667e-19 1.6067056486e-17 1.9512797227e+02 -2.0686375142e+02 -5.3029490009e+11 3.8326185000e+06 9.4194119450e+07 1.8886888891e+00 1.4022130631e+01 -3.3893782869e+07
1.5954999875e+05 1.8873223377e-13 5.1083913093e-14 -6.2338434343e+06 1.3766839779e+06 3.3836876263e-19 1.6072725732e-17 1.9480050893e+02 -1.9207394940e+02 -5.3035716059e+11 3.6765425763e+06 9.4353689502e+07 1.8882830789e+00 1.3791824193e+01 -3.2070555611e+07
1.5955188704e+05 1.8873284848e-13 5.1114268300e-14 -6.2334761925e+06 1.3763344957e+06 3.1270198264e-19 1.6078393431e-17 1.9410951986e+02 -1.7823971063e+02 -5.3041615092e+11 3.5173871592e+06 9.4505128027e+07 1.8867094090e+00 1.3588980438e+01 -3.0439348897e+07
1.5955377375e+05 1.8873341426e-13 5.1144608898e-14 -6.2331108863e+06 1.3760105327e+06 2.8705291408e-19 1.6084056166e-17 1.9307699042e+02 -1.6532360685e+02 -5.3047217427e+11 3.3554344214e+06 9.4648732765e+07 1.8834363438e+00 1.3409891944e+01 -2.8973179409e+07
1.5955565718e+05 1.8873393079e-13 5.1174907517e-14 -6.2327484604e+06 1.3757106185e+06 2.6144475106e-19 1.6089708919e-17 1.9172806053e+02 -1.5329228515e+02 -5.3052547614e+11 3.1910365678e+06 9.4784757243e+07 1.8779464470e+00 1.3251061636e+01 -2.7648882501e+07
1.5955753513e+05 1.8873439779e-13 5.1205128421e-14 -6.2323898988e+06 1.3754333641e+06 2.3590773697e-19 1.6095345112e-17 1.9009111698e+02 -1.4211490949e+02 -5.3057625340e+11 3.0246154995e+06 9.4913424276e+07 1.8698091224e+00 1.3109249156e+01 -2.6446703990e+07
1.5955940494e+05 1.8873481512e-13 5.1235228891e-14 -6.2320361961e+06 1.3751774336e+06 2.1047798703e-19 1.6100956863e-17 1.8819754362e+02 -1.3176144103e+02 -5.3062466391e+11 2.8566536593e+06 9.5034942140e+07 1.8587575964e+00 1.2981513949e+01 -2.5349912504e+07
1.5956126370e+05 1.8873518285e-13 5.1265161851e-14 -6.2316883154e+06 1.3749415167e+06 1.8519526238e-19 1.6106535487e-17 1.8608108383e+02 -1.2220095021e+02 -5.3067083666e+11 2.6876753195e+06 9.5149521852e+07 1.8447484339e+00 1.2865250388e+01 -2.4344423605e+07
1.5956310844e+05 1.8873550134e-13 5.1294879464e-14 -6.2313471389e+06 1.3747243070e+06 1.6009993243e-19 1.6112072157e-17 1.8377684652e+02 -1.1340022070e+02 -5.3071488166e+11 2.5182199919e+06 9.5257393043e+07 1.8279852045e+00 1.2758210306e+01 -2.3418435161e+07
1.5956493643e+05 1.8873577127e-13 5.1324337108e-14 -6.2310134187e+06 1.3745244909e+06 1.3522961277e-19 1.6117558648e-17 1.8132007458e+02 -1.0532288248e+02 -5.3075689886e+11 2.3488118814e+06 9.5358815747e+07 1.8088940576e+00 1.2658509389e+01 -2.2562079706e+07
1.5956674532e+05 1.8873599363e-13 5.1353496975e-14 -6.2306877394e+06 1.3743407477e+06 1.1061613308e-19 1.6122988010e-17 1.7874486373e+02 -9.7929220558e+01 -5.3079698489e+11 2.1799308885e+06 9.5454086023e+07 1.7880597292e+00 1.2564616428e+01 -2.1767104759e+07
1.5956853338e+05 1.8873616966e-13 5.1382330639e-14 -6.2303704972e+06 1.3741717615e+06 8.6283374145e-20 1.6128355038e-17 1.7608302862e+02 -9.1176634490e+01 -5.3083523740e+11 2.0119900536e+06 9.5543534896e+07 1.7661417621e+00 1.2475327078e+01 -2.1026590129e+07
1.5957029953e+05 1.8873630082e-13 5.1410820282e-14 -6.2300618997e+06 1.3740162400e+06 6.2246244092e-20 1.6133656501e-17 1.7336326245e+02 -8.5020577489e+01 -5.3087175687e+11 1.8453223005e+06 9.5627521713e+07 1.7437934500e+00 1.2389726131e+01 -2.0334706940e+07
1.5957204332e+05 1.8873638867e-13 5.1438958610e-14 -6.2297619817e+06 1.3738729348e+06 3.8510757973e-20 1.6138891121e-17 1.7061065289e+02 -7.9415729866e+01 -5.3090664643e+11 1.6801767962e+06 9.5706424072e+07 1.7216012017e+00 1.2307143463e+01 -1.9686518114e+07
1.5957376492e+05 1.8873643480e-13 5.1466747793e-14 -6.2294706322e+06 1.3737406616e+06 1.5074943381e-20 1.6144059380e-17 1.6784653389e+02 -7.4317168488e+01 -5.3094001051e+11 1.5167230999e+06 9.5780626683e+07 1.7000501561e+00 1.2227108567e+01 -1.9077815732e+07
1.5957546497e+05 1.8873644076e-13 5.1494197842e-14 -6.2291876262e+06 1.3736183137e+06 -8.0697846947e-21 1.6149163208e-17 1.6508860096e+02 -6.9681365181e+01 -5.3097195299e+11 1.3550603539e+06 9.5850511072e+07 1.6795136513e+00 1.2149307524e+01 -1.8504989258e+07
1.5957714448e+05 1.8873640800e-13 5.1521324817e-14 -6.2289126555e+06 1.3735048712e+06 -3.0937104406e-20 1.6154205656e-17 1.6235119970e+02 -6.5466932403e+01 -5.3100257536e+11 1.1952288099e+06 9.5916447250e+07 1.6602588364e+00 1.2073544816e+01 -1.7964918672e+07
1.5957880474e+05 1.8873633787e-13 5.1548149118e-14 -6.2286453573e+06 1.3733994045e+06 -5.3544342852e-20 1.6159190573e-17 1.5964570602e+02 -6.1635107095e+01 -5.3103197518e+11 1.0372216857e+06 9.5978787692e+07 1.6424613621e+00 1.1999711090e+01 -1.7454887723e+07
1.5958044720e+05 1.8873623156e-13 5.1574694014e-14 -6.2283853361e+06 1.3733010735e+06 -7.5911230964e-20 1.6164122336e-17 1.5698093607e+02 -5.8150005185e+01 -5.3106024507e+11 8.8099608529e+05 9.6037863548e+07 1.6262235658e+00 1.1927757035e+01 -1.6972513434e+07
1.5958044720e+05 1.8873623156e-13 5.1574694014e-14 -6.2283853361e+06 1.3733010735e+06 -7.5911230964e-20 1.6164122336e-17 1.5698093607e+02 -5.8150005185e+01 -5.3106024507e+11 8.8099608529e+05 9.6037863548e+07 1.6262235658e+00 1.1927757035e+01 -1.6972513434e+07
