0.0000000000e+00 0.0000000000e+00 0.0000000000e+00 3.1415900000e+08 0.0000000000e+00 0.0000000000e+00 0.0000000000e+00 -1.1783323660e+03 2.2700844810e+02 -4.6638893033e+09 -1.0015825111e+07 1.9295718089e+06 1.0000000000e+01 0.0000000000e+00 -0.0000000000e+00
1.0000000000e+01 2.8740014337e-22 6.9226410665e-28 3.1414721647e+08 2.2700844805e+03 5.7480747352e-23 2.0768312697e-28 -1.1783727513e+03 2.2700844795e+02 -4.6638893033e+09 -1.0015825111e+07 1.9295718089e+06 5.0000000000e+01 0.0000000000e+00 -0.0000000000e+00
6.0000000000e+01 1.0347699016e-20 1.4957112391e-25 3.1408829279e+08 1.3620506781e+04 3.4494918233e-22 7.4793979634e-27 -1.1785747232e+03 2.2700844285e+02 -4.6638893033e+09 -1.0015825111e+07 1.9295718089e+06 2.5000000000e+02 0.0000000000e+00 -0.0000000000e+00
3.1000000000e+02 2.7639895791e-19 2.0658106491e-23 3.1379352277e+08 7.0372604397e+04 1.7839112353e-21 2.0003357136e-25 -1.1795857210e+03 2.2700830756e+02 -4.6638893033e+09 -1.0015825111e+07 1.9295718088e+06 1.2500000000e+03 0.0000000000e+00 -0.0000000000e+00
1.5600000000e+03 7.0214320133e-18 2.6512341278e-21 3.1231586833e+08 3.5413131631e+05 9.0195237458e-21 5.1135646913e-24 -1.1846693773e+03 2.2700485537e+02 -4.6638893033e+09 -1.0015825111e+07 1.9295718088e+06 3.6000000000e+03 0.0000000000e+00 -0.0000000000e+00
5.1600000000e+03 7.7526240214e-17 9.7943034067e-20 3.0802433597e+08 1.1712947786e+06 3.0247650059e-20 5.7509721100e-23 -1.1995840091e+03 2.2696804245e+02 -4.6638893032e+09 -1.0015825111e+07 1.9295718088e+06 3.6000000000e+03 0.0000000000e+00 -0.0000000000e+00
8.7600000000e+03 2.2552811200e-16 4.8939487766e-19 3.0367835508e+08 1.9882501623e+06 5.2078861648e-20 1.7048415775e-22 -1.2149223615e+03 2.2688866794e+02 -4.6638893031e+09 -1.0015825111e+07 1.9295718089e+06 3.6000000000e+03 0.0000000000e+00 -0.0000000000e+00
1.2360000000e+04 4.5325817673e-16 1.4044418709e-18 2.9927635809e+08 2.8048376742e+06 7.4546945289e-20 3.4932176637e-22 -1.2307081727e+03 2.2676301874e+02 -4.6638893030e+09 -1.0015825111e+07 1.9295718089e+06 3.6000000000e+03 0.0000000000e+00 -0.0000000000e+00
1.5960000000e+04 7.6307412767e-16 3.0905422287e-18 2.9481668853e+08 3.6208834531e+06 9.7688475552e-20 5.9987318262e-22 -1.2469671396e+03 2.2658698426e+02 -4.6638893028e+09 -1.0015825111e+07 1.9295718089e+06 3.6000000000e+03 0.0000000000e+00 -0.0000000000e+00
1.9560000000e+04 1.1574708001e-15 5.8173453684e-18 2.9029759355e+08 4.4361980464e+06 1.2154312255e-19 9.2862962836e-22 -1.2637271340e+03 2.2635600385e+02 -4.6638893027e+09 -1.0015825111e+07 1.9295718088e+06 3.6000000000e+03 0.0000000000e+00 -0.0000000000e+00
2.3160000000e+04 1.6390919327e-15 9.8791504342e-18 2.8571721569e+08 5.2505746831e+06 1.4615400263e-19 1.3428097656e-21 -1.2810184488e+03 2.2606500576e+02 -4.6638893025e+09 -1.0015825111e+07 1.9295718088e+06 3.6000000000e+03 0.0000000000e+00 -0.0000000000e+00
2.6760000000e+04 2.2107432793e-15 1.5597702486e-17 2.8107358367e+08 6.0637873089e+06 1.7156807941e-19 1.8504608547e-21 -1.2988740801e+03 2.2570833607e+02 -4.6638893023e+09 -1.0015825111e+07 1.9295718088e+06 3.6000000000e+03 0.0000000000e+00 -0.0000000000e+00
3.0360000000e+04 2.8754072682e-15 2.3325382726e-17 2.7636460205e+08 6.8755883448e+06 1.9783662378e-19 2.4605770226e-21 -1.3173300504e+03 2.2527967563e+02 -4.6638893020e+09 -1.0015825111e+07 1.9295718089e+06 3.6000000000e+03 0.0000000000e+00 -0.0000000000e+00
3.3960000000e+04 3.6362594390e-15 3.3448860348e-17 2.7158803975e+08 7.6857061217e+06 2.2501574381e-19 3.1832380897e-21 -1.3364257804e+03 2.2477194247e+02 -4.6638893017e+09 -1.0015825111e+07 1.9295718088e+06 3.6000000000e+03 0.0000000000e+00 -0.0000000000e+00
3.7560000000e+04 4.4966869323e-15 4.6393287426e-17 2.6674151700e+08 8.4938419327e+06 2.5316699713e-19 4.0297732204e-21 -1.3562045197e+03 2.2417717684e+02 -4.6638893014e+09 -1.0015825111e+07 1.9295718088e+06 3.6000000000e+03 0.0000000000e+00 -0.0000000000e+00
4.1160000000e+04 5.4603093550e-15 6.2627135404e-17 2.6182249070e+08 9.2996666353e+06 2.8235810183e-19 5.0129547002e-21 -1.3767138465e+03 2.2348640510e+02 -4.6638893010e+09 -1.0015825111e+07 1.9295718088e+06 3.6000000000e+03 0.0000000000e+00 -0.0000000000e+00
4.4760000000e+04 6.5310024114e-15 8.2667793117e-17 2.5682823784e+08 1.0102816718e+07 3.1266376521e-19 6.1472284723e-21 -1.3980062490e+03 2.2268947770e+02 -4.6638893005e+09 -1.0015825111e+07 1.9295718088e+06 3.6000000000e+03 0.0000000000e+00 -0.0000000000e+00
4.8360000000e+04 7.7129247641e-15 1.0708807315e-16 2.5175583658e+08 1.0902889730e+07 3.4416665416e-19 7.4489897864e-21 -1.4201398082e+03 2.2177487551e+02 -4.6638892999e+09 -1.0015825111e+07 1.9295718088e+06 3.6000000000e+03 0.0000000000e+00 -0.0000000000e+00
5.1960000000e+04 9.0105486881e-15 1.3652380721e-16 2.4660214476e+08 1.1699438942e+07 3.7695853713e-19 8.9369145439e-21 -1.4431789994e+03 2.2072947708e+02 -4.6638892991e+09 -1.0015825111e+07 1.9295718088e+06 3.6000000000e+03 0.0000000000e+00 -0.0000000000e+00
5.5560000000e+04 1.0428695198e-14 1.7168275434e-16 2.4136377519e+08 1.2491967093e+07 4.1114163484e-19 1.0632359857e-20 -1.4671956417e+03 2.1953827715e+02 -4.6638892983e+09 -1.0015825111e+07 1.9295718088e+06 3.6000000000e+03 0.0000000000e+00 -0.0000000000e+00
5.9160000000e+04 1.1972574482e-14 2.1335510113e-16 2.3603706725e+08 1.3279919006e+07 4.4683022660e-19 1.2559851209e-20 -1.4922700264e+03 2.1818404440e+02 -4.6638892972e+09 -1.0015825111e+07 1.9295718088e+06 3.6000000000e+03 0.0000000000e+00 -0.0000000000e+00
6.2760000000e+04 1.3647832670e-14 2.6242590450e-16 2.3061805404e+08 1.4062672850e+07 4.8415257199e-19 1.4747678763e-20 -1.5184922672e+03 2.1664690250e+02 -4.6638892959e+09 -1.0015825111e+07 1.9295718088e+06 3.6000000000e+03 0.0000000000e+00 -0.0000000000e+00
6.6360000000e+04 1.5460606191e-14 3.1988992061e-16 2.2510242417e+08 1.4839529721e+07 5.2325322404e-19 1.7228632339e-20 -1.5459639253e+03 2.1490381371e+02 -4.6638892943e+09 -1.0015825111e+07 1.9295718089e+06 3.6000000000e+03 0.0000000000e+00 -0.0000000000e+00
6.9960000000e+04 1.7417585314e-14 3.8686938611e-16 2.1948547715e+08 1.5609701150e+07 5.6429583260e-19 2.0040914020e-20 -1.5747999792e+03 2.1292793769e+02 -4.6638892923e+09 -1.0015825111e+07 1.9295718088e+06 3.6000000000e+03 0.0000000000e+00 -0.0000000000e+00
7.3560000000e+04 1.9526088848e-14 4.6463548003e-16 2.1376207085e+08 1.6372294020e+07 6.0746656619e-19 2.3229280378e-20 -1.6051312287e+03 2.1068782899e+02 -4.6638892897e+09 -1.0015825111e+07 1.9295718088e+06 3.6000000000e+03 0.0000000000e+00 -0.0000000000e+00
7.7160000000e+04 2.1794152517e-14 5.5463441284e-16 2.0792655948e+08 1.7126292242e+07 6.5297832155e-19 2.6846484432e-20 -1.6371072526e+03 2.0814642398e+02 -4.6638892865e+09 -1.0015825111e+07 1.9295718088e+06 3.6000000000e+03 0.0000000000e+00 -0.0000000000e+00
8.0760000000e+04 2.4230634241e-14 6.5851938479e-16 2.0197271957e+08 1.7870534296e+07 7.0107594568e-19 3.0955112970e-20 -1.6709000775e+03 2.0525974990e+02 -4.6638892824e+09 -1.0015825111e+07 1.9295718088e+06 3.6000000000e+03 0.0000000000e+00 -0.0000000000e+00
8.4360000000e+04 2.6845340471e-14 7.7819006163e-16 1.9589366122e+08 1.8603685500e+07 7.5204277351e-19 3.5629951382e-20 -1.7067087711e+03 2.0197526343e+02 -4.6638892769e+09 -1.0015825111e+07 1.9295718088e+06 3.6000000000e+03 0.0000000000e+00 -0.0000000000e+00
8.7960000000e+04 2.9649179033e-14 9.1584178076e-16 1.8968172071e+08 1.9324203434e+07 8.0620889398e-19 4.0961061069e-20 -1.7447652501e+03 1.9822968849e+02 -4.6638892698e+09 -1.0015825111e+07 1.9295718089e+06 3.6000000000e+03 0.0000000000e+00 -0.0000000000e+00
9.1560000000e+04 3.2654345668e-14 1.0740274986e-15 1.8332832947e+08 2.0030294423e+07 8.6396171545e-19 4.7057832571e-20 -1.7853417030e+03 1.9394616856e+02 -4.6638892603e+09 -1.0015825111e+07 1.9295718089e+06 3.6000000000e+03 0.0000000000e+00 -0.0000000000e+00
9.5160000000e+04 3.5874553893e-14 1.2557366330e-15 1.7682385254e+08 2.0719858136e+07 9.2575963163e-19 5.4054394671e-20 -1.8287601919e+03 1.8903046634e+02 -4.6638892474e+09 -1.0015825111e+07 1.9295718089e+06 3.6000000000e+03 0.0000000000e+00 -0.0000000000e+00
9.8760000000e+04 3.9325321308e-14 1.4644966239e-15 1.7015738743e+08 2.1390416236e+07 9.9214993069e-19 6.2116938986e-20 -1.8754052350e+03 1.8336581756e+02 -4.6638892295e+09 -1.0015825111e+07 1.9295718089e+06 3.6000000000e+03 0.0000000000e+00 -0.0000000000e+00
1.0236000000e+05 4.3024330384e-14 1.7045055133e-15 1.6331651066e+08 2.2039019227e+07 1.0637926084e-18 7.1453799847e-20 -1.9257405374e+03 1.7680584896e+02 -4.6638892044e+09 -1.0015825111e+07 1.9295718089e+06 3.6000000000e+03 0.0000000000e+00 -0.0000000000e+00
1.0596000000e+05 4.6991889154e-14 1.9808076167e-15 1.5628695402e+08 2.2662123033e+07 1.1414925467e-18 8.2329578050e-20 -1.9803316000e+03 1.6916465515e+02 -4.6638891682e+09 -1.0015825111e+07 1.9295718089e+06 3.6000000000e+03 0.0000000000e+00 -0.0000000000e+00
1.0956000000e+05 5.1251528144e-14 2.2995302061e-15 1.4905218527e+08 2.3255422704e+07 1.2262437924e-18 9.5085335184e-20 -2.0398768281e+03 1.6020261025e+02 -4.6638891147e+09 -1.0015825111e+07 1.9295718089e+06 3.6000000000e+03 0.0000000000e+00 -0.0000000000e+00
1.1316000000e+05 5.5830786774e-14 2.6682084762e-15 1.4159285551e+08 2.3813624102e+07 1.3192917411e-18 1.1016813582e-19 -2.1052512222e+03 1.4960561197e+02 -4.6638890336e+09 -1.0015825111e+07 1.9295718088e+06 3.3320435078e+03 0.0000000000e+00 -0.0000000000e+00
1.1615618095e+05 5.9908965603e-14 3.0198348543e-15 1.3519707805e+08 2.4246733934e+07 1.4041877065e-18 1.2491952858e-19 -2.1648981287e+03 1.3924145696e+02 -4.6638889848e+09 -1.0015825111e+07 1.9295718088e+06 3.0155616585e+03 0.0000000000e+00 -0.0000000000e+00
1.1917174261e+05 6.4282181377e-14 3.4219973168e-15 1.2857117420e+08 2.4648737291e+07 1.4977069951e-18 1.4226935351e-19 -2.2306036807e+03 1.2705167408e+02 -4.6638889095e+09 -1.0015825111e+07 1.9295718088e+06 2.7232973272e+03 0.0000000000e+00 -0.0000000000e+00
1.2161914559e+05 6.8047695482e-14 3.7897278490e-15 1.2304171415e+08 2.4945955297e+07 1.5805713000e-18 1.5861206421e-19 -2.2888231664e+03 1.1556947781e+02 -4.6638888703e+09 -1.0015825111e+07 1.9295718088e+06 2.4639968703e+03 0.0000000000e+00 -0.0000000000e+00
1.2408314246e+05 7.2052448355e-14 4.2033390205e-15 1.1732461463e+08 2.5214705060e+07 1.6713734145e-18 1.7757350291e-19 -2.3526196638e+03 1.0224739405e+02 -4.6638888113e+09 -1.0015825111e+07 1.9295718088e+06 2.2240197506e+03 0.0000000000e+00 -0.0000000000e+00
1.2607861958e+05 7.5466261466e-14 4.5748607178e-15 1.1257477442e+08 2.5406668451e+07 1.7511864544e-18 1.9515587222e-19 -2.4086953667e+03 8.9894228232e+01 -4.6638887817e+09 -1.0015825111e+07 1.9295718088e+06 2.0103725593e+03 0.0000000000e+00 -0.0000000000e+00
1.2788664779e+05 7.8702022386e-14 4.9436518533e-15 1.0817090870e+08 2.5557997817e+07 1.8290849816e-18 2.1314844534e-19 -2.4634259554e+03 7.7252858031e+01 -4.6638887566e+09 -1.0015825111e+07 1.9295718088e+06 1.8220188383e+03 0.0000000000e+00 -0.0000000000e+00
1.2951913596e+05 8.1748914949e-14 5.3062194183e-15 1.0410658419e+08 2.5673850717e+07 1.9046104788e-18 2.3138306669e-19 -2.5164892812e+03 6.4441427600e+01 -4.6638887359e+09 -1.0015825111e+07 1.9295718088e+06 1.6466850159e+03 0.0000000000e+00 -0.0000000000e+00
1.3098545563e+05 8.4594317547e-14 5.6586555571e-15 1.0037962587e+08 2.5759100185e+07 1.9771983204e-18 2.4964675521e-19 -2.5674886447e+03 5.1609574912e+01 -4.6638887196e+09 -1.0015825111e+07 1.9295718088e+06 1.4813991852e+03 0.0000000000e+00 -0.0000000000e+00
1.3229083157e+05 8.7219794307e-14 5.9960960159e-15 9.6996830065e+07 2.5818349855e+07 2.0460684608e-18 2.6764882088e-19 -2.6158759951e+03 3.8961535359e+01 -4.6638887076e+09 -1.0015825111e+07 1.9295718088e+06 1.3225644187e+03 0.0000000000e+00 -0.0000000000e+00
1.3343397632e+05 8.9594969716e-14 6.3118063789e-15 9.3981055314e+07 2.5856038983e+07 2.1100441797e-18 2.8496342908e-19 -2.6608245826e+03 2.6796495336e+01 -4.6638886995e+09 -1.0015825111e+07 1.9295718088e+06 1.1652039477e+03 0.0000000000e+00 -0.0000000000e+00
1.3439979411e+05 9.1660184045e-14 6.5946113741e-15 9.1392005665e+07 2.5876592317e+07 2.1670401223e-18 3.0087241687e-19 -2.7008692614e+03 1.5619027680e+01 -4.6638886951e+09 -1.0015825111e+07 1.9295718088e+06 1.0014189547e+03 0.0000000000e+00 -0.0000000000e+00
1.3511997672e+05 9.3236738775e-14 6.8158266936e-15 8.9435722380e+07 2.5884656573e+07 2.2114515470e-18 3.1358641166e-19 -2.7320722058e+03 6.6863245194e+00 -4.6638886939e+09 -1.0015825111e+07 1.9295718088e+06 8.2438039938e+02 0.0000000000e+00 -0.0000000000e+00
1.3585471829e+05 9.4878779936e-14 7.0512467348e-15 8.7416273805e+07 2.5886045766e+07 2.2585754034e-18 3.2738285649e-19 -2.7651808730e+03 -3.0068953040e+00 -4.6638886922e+09 -1.0015825111e+07 1.9295718088e+06 6.9813493591e+02 0.0000000000e+00 -0.0000000000e+00
1.3655285322e+05 9.6471728658e-14 7.2846247322e-15 8.5474451783e+07 2.5880559659e+07 2.3051716369e-18 3.4133621173e-19 -2.7979188384e+03 -1.2810358541e+01 -4.6638886907e+09 -1.0015825111e+07 1.9295718088e+06 8.6214608020e+02 0.0000000000e+00 -0.0000000000e+00
1.3741499930e+05 9.8484849653e-14 7.5867698294e-15 8.3044162025e+07 2.5863990512e+07 2.3653568492e-18 3.5981984830e-19 -2.8402042605e+03 -2.5796744143e+01 -4.6638886855e+09 -1.0015825111e+07 1.9295718088e+06 9.4480150992e+02 0.0000000000e+00 -0.0000000000e+00
1.3835980081e+05 1.0075221161e-13 7.9369806758e-15 8.0337849992e+07 2.5832414416e+07 2.4349685838e-18 3.8185130834e-19 -2.8891126463e+03 -4.1275788775e+01 -4.6638886750e+09 -1.0015825111e+07 1.9295718088e+06 9.8519750069e+02 0.0000000000e+00 -0.0000000000e+00
1.3934499831e+05 1.0318871331e-13 8.3254026250e-15 7.7465102461e+07 2.5783161880e+07 2.5120583204e-18 4.0707369234e-19 -2.9432749883e+03 -5.8996739034e+01 -4.6638886580e+09 -1.0015825111e+07 1.9295718088e+06 1.0000938680e+03 0.0000000000e+00 -0.0000000000e+00
1.4034509218e+05 1.0574229606e-13 8.7464255177e-15 7.4492542284e+07 2.5714385905e+07 2.5955600420e-18 4.3538105648e-19 -3.0019423155e+03 -7.8885160052e+01 -4.6638886336e+09 -1.0015825111e+07 1.9295718089e+06 9.9802030587e+02 0.0000000000e+00 -0.0000000000e+00
1.4134311249e+05 1.0837673338e-13 9.1963329683e-15 7.1465617988e+07 2.5624845264e+07 2.6848134010e-18 4.6678610028e-19 -3.0646506755e+03 -1.0094997436e+02 -4.6638886008e+09 -1.0015825111e+07 1.9295718089e+06 9.8409647557e+02 0.0000000000e+00 -0.0000000000e+00
1.4232720896e+05 1.1106481022e-13 9.6723932982e-15 6.8417414101e+07 2.5513769091e+07 2.7793768476e-18 5.0136994028e-19 -3.1310898405e+03 -1.2524817347e+02 -4.6638885588e+09 -1.0015825111e+07 1.9295718088e+06 9.6172770073e+02 0.0000000000e+00 -0.0000000000e+00
1.4328893666e+05 1.1378508577e-13 1.0172442100e-14 6.5372945625e+07 2.5380760998e+07 2.8789398613e-18 5.3925963882e-19 -3.2010416427e+03 -1.5186902991e+02 -4.6638885067e+09 -1.0015825111e+07 1.9295718089e+06 9.3333049437e+02 0.0000000000e+00 -0.0000000000e+00
1.4422226716e+05 1.1652014635e-13 1.0694666704e-14 6.2351550707e+07 2.5225726043e+07 2.9832759999e-18 5.8061705218e-19 -3.2743469862e+03 -1.8092626197e+02 -4.6638884434e+09 -1.0015825111e+07 1.9295718089e+06 9.0069258095e+02 0.0000000000e+00 -0.0000000000e+00
1.4512295974e+05 1.1925556977e-13 1.1237485869e-14 5.9368359178e+07 2.5048812508e+07 3.0922152652e-18 6.2563301058e-19 -3.3508864323e+03 -2.1255394475e+02 -4.6638883682e+09 -1.0015825111e+07 1.9295718089e+06 8.6517245594e+02 0.0000000000e+00 -0.0000000000e+00
1.4598813220e+05 1.2197926503e-13 1.1799479072e-14 5.6435262221e+07 2.4850364152e+07 3.2056265688e-18 6.7452430146e-19 -3.4305678800e+03 -2.4690439053e+02 -4.6638882802e+09 -1.0015825111e+07 1.9295718089e+06 8.2781993701e+02 0.0000000000e+00 -0.0000000000e+00
1.4681595213e+05 1.2468102553e-13 1.2379343583e-14 5.3561590054e+07 2.4630880288e+07 3.3234058771e-18 7.2753226603e-19 -3.5133182363e+03 -2.8414716281e+02 -4.6638881782e+09 -1.0015825111e+07 1.9295718089e+06 7.8945416496e+02 0.0000000000e+00 -0.0000000000e+00
1.4760540630e+05 1.2735221081e-13 1.2975867986e-14 5.0754607305e+07 2.4390982025e+07 3.4454677236e-18 7.8492240352e-19 -3.5990774537e+03 -3.2446879823e+02 -4.6638880614e+09 -1.0015825111e+07 1.9295718089e+06 7.5071695594e+02 0.0000000000e+00 -0.0000000000e+00
1.4835612325e+05 1.2998550976e-13 1.3587915851e-14 4.8019888360e+07 2.4131383487e+07 3.5717387930e-18 8.4698465663e-19 -3.6877940215e+03 -3.6807300712e+02 -4.6638879288e+09 -1.0015825111e+07 1.9295718089e+06 7.1211097986e+02 0.0000000000e+00 -0.0000000000e+00
1.4906823423e+05 1.3257475740e-13 1.4214415873e-14 4.5361610015e+07 2.3852867151e+07 3.7021528025e-18 9.1403419633e-19 -3.7794213703e+03 -4.1518122490e+02 -4.6638877792e+09 -1.0015825111e+07 1.9295718089e+06 6.7402808628e+02 0.0000000000e+00 -0.0000000000e+00
1.4974226232e+05 1.3511478841e-13 1.4854356227e-14 4.2782784999e+07 2.3556262657e+07 3.8366461952e-18 9.8641260381e-19 -3.8739148457e+03 -4.6603344248e+02 -4.6638876117e+09 -1.0015825111e+07 1.9295718089e+06 6.3677094862e+02 0.0000000000e+00 -0.0000000000e+00
1.5037903327e+05 1.3760131657e-13 1.5506781740e-14 4.0285451748e+07 2.3242428552e+07 3.9751543207e-18 1.0644893945e-18 -3.9712290252e+03 -5.2088927708e+02 -4.6638874250e+09 -1.0015825111e+07 1.9295718089e+06 6.0056998252e+02 0.0000000000e+00 -0.0000000000e+00
1.5097960325e+05 1.4003083318e-13 1.6170792965e-14 3.7870830912e+07 2.2912236536e+07 4.1176078761e-18 1.1486638587e-18 -4.0713152173e+03 -5.8002926530e+02 -4.6638872180e+09 -1.0015825111e+07 1.9295718089e+06 5.6559681835e+02 0.0000000000e+00 -0.0000000000e+00
1.5154520007e+05 1.4240051981e-13 1.6845546576e-14 3.5539455929e+07 2.2566557844e+07 4.2639294336e-18 1.2393672131e-18 -4.1741190222e+03 -6.4375637503e+02 -4.6638869896e+09 -1.0015825111e+07 1.9295718089e+06 5.3197518034e+02 0.0000000000e+00 -0.0000000000e+00
1.5207717525e+05 1.4470817220e-13 1.7530256698e-14 3.3291282933e+07 2.2206251428e+07 4.4140299176e-18 1.3370650752e-18 -4.2795778564e+03 -7.1239774353e+02 -4.6638867385e+09 -1.0015825111e+07 1.9295718089e+06 4.9978976592e+02 0.0000000000e+00 -0.0000000000e+00
1.5257696502e+05 1.4695213312e-13 1.8224196950e-14 3.1125783935e+07 2.1832153670e+07 4.5678049074e-18 1.4422602810e-18 -4.3876183550e+03 -7.8630665753e+02 -4.6638864634e+09 -1.0015825111e+07 1.9295718089e+06 4.6909355764e+02 0.0000000000e+00 -0.0000000000e+00
1.5304605857e+05 1.4913123255e-13 1.8926703051e-14 2.9042026192e+07 2.1445069348e+07 4.7251306499e-18 1.5554960844e-18 -4.4981535708e+03 -8.6586480084e+02 -4.6638861631e+09 -1.0015825111e+07 1.9295718089e+06 4.3991387810e+02 0.0000000000e+00 -0.0000000000e+00
1.5348597245e+05 1.5124473416e-13 1.9637175939e-14 2.7038740063e+07 2.1045763622e+07 4.8858596638e-18 1.6773597849e-18 -4.6110798851e+03 -9.5148480312e+02 -4.6638858363e+09 -1.0015825111e+07 1.9295718089e+06 4.1225742929e+02 0.0000000000e+00 -0.0000000000e+00
1.5389822988e+05 1.5329228717e-13 2.0355085404e-14 2.5114377134e+07 2.0634954798e+07 5.0498158044e-18 1.8084868467e-18 -4.7262735406e+03 -1.0436131341e+03 -4.6638854818e+09 -1.0015825111e+07 1.9295718088e+06 3.8611450069e+02 0.0000000000e+00 -0.0000000000e+00
1.5428434438e+05 1.5527388297e-13 2.1079974292e-14 2.3267160028e+07 2.0213307646e+07 5.2167886419e-18 1.9495655901e-18 -4.8435866918e+03 -1.1427333994e+03 -4.6638850982e+09 -1.0015825111e+07 1.9295718089e+06 3.6146249314e+02 0.0000000000e+00 -0.0000000000e+00
1.5464580687e+05 1.5718981602e-13 2.1811463391e-14 2.1495125050e+07 1.9781427050e+07 5.3865269777e-18 2.1013425563e-18 -4.9628428496e+03 -1.2493701103e+03 -4.6638846844e+09 -1.0015825111e+07 1.9295718089e+06 3.3826887607e+02 0.0000000000e+00 -0.0000000000e+00
1.5498407575e+05 1.5904064875e-13 2.2549257163e-14 1.9796158585e+07 1.9339851719e+07 5.5587312837e-18 2.2646286748e-18 -5.0838315691e+03 -1.3640930161e+03 -4.6638842392e+09 -1.0015825111e+07 1.9295718088e+06 3.1649367539e+02 0.0000000000e+00 -0.0000000000e+00
1.5530056943e+05 1.6082717998e-13 2.3293150554e-14 1.8168028015e+07 1.8889047712e+07 5.7330447988e-18 2.4403063982e-18 -5.2063021940e+03 -1.4875221178e+03 -4.6638837615e+09 -1.0015825111e+07 1.9295718088e+06 2.9609157354e+02 0.0000000000e+00 -0.0000000000e+00
1.5559666100e+05 1.6255041688e-13 2.4043037198e-14 1.6608407758e+07 1.8429401467e+07 5.9090429418e-18 2.6293380153e-18 -5.3299564187e+03 -1.6203335080e+03 -4.6638832504e+09 -1.0015825111e+07 1.9295718088e+06 2.7701369198e+02 0.0000000000e+00 -0.0000000000e+00
1.5587367469e+05 1.6421155010e-13 2.4798919429e-14 1.5114900901e+07 1.7961211952e+07 6.0862206034e-18 2.8327754173e-18 -5.4544393594e+03 -1.7632662333e+03 -4.6638827053e+09 -1.0015825111e+07 1.9295718088e+06 2.5920911723e+02 0.0000000000e+00 -0.0000000000e+00
1.5613288381e+05 1.6581193214e-13 2.5560920665e-14 1.3685056816e+07 1.7484681508e+07 6.2639767404e-18 3.0517716762e-18 -5.5793287299e+03 -1.9171304284e+03 -4.6638821256e+09 -1.0015825111e+07 1.9295718088e+06 2.4262622738e+02 0.0000000000e+00 -0.0000000000e+00
1.5637551004e+05 1.6735305884e-13 2.6329300921e-14 1.2316384990e+07 1.6999904783e+07 6.4415955044e-18 3.2875949117e-18 -5.7041215839e+03 -2.0828170593e+03 -4.6638815113e+09 -1.0015825111e+07 1.9295718089e+06 2.2721387280e+02 0.0000000000e+00 -0.0000000000e+00
1.5660272391e+05 1.6883655410e-13 2.7104476483e-14 1.1006365214e+07 1.6506855022e+07 6.6182228639e-18 3.5416450889e-18 -5.8282178887e+03 -2.2613097249e+03 -4.6638808630e+09 -1.0015825111e+07 1.9295718088e+06 2.1292246676e+02 0.0000000000e+00 -0.0000000000e+00
1.5681564638e+05 1.7026415792e-13 2.7887045179e-14 9.7524541348e+06 1.6005366662e+07 6.7928372813e-18 3.8154746166e-18 -5.9508999241e+03 -2.4536991296e+03 -4.6638801818e+09 -1.0015825111e+07 1.9295718088e+06 1.9970504822e+02 0.0000000000e+00 -0.0000000000e+00
1.5701535142e+05 1.7163771809e-13 2.8677819263e-14 8.5520879928e+06 1.5495112827e+07 6.9642124255e-18 4.1108139546e-18 -6.0713060843e+03 -2.6612010739e+03 -4.6638794698e+09 -1.0015825111e+07 1.9295718088e+06 1.8751839023e+02 0.0000000000e+00 -0.0000000000e+00
1.5720286981e+05 1.7295918604e-13 2.9477868801e-14 7.4026811723e+06 1.4975575692e+07 7.1308690222e-18 4.4296039178e-18 -6.1883970484e+03 -2.8851791516e+03 -4.6638787304e+09 -1.0015825111e+07 1.9295718088e+06 1.7632424875e+02 0.0000000000e+00 -0.0000000000e+00
1.5737919406e+05 1.7423061737e-13 3.0288579759e-14 6.3016199100e+06 1.4446006805e+07 7.2910115888e-18 4.7740370847e-18 -6.3009113317e+03 -3.1271738425e+03 -4.6638779686e+09 -1.0015825111e+07 1.9295718088e+06 1.6609088504e+02 0.0000000000e+00 -0.0000000000e+00
1.5754528495e+05 1.7545417832e-13 3.1111733054e-14 5.2462501175e+06 1.3905373018e+07 7.4424436675e-18 5.1466117772e-18 -6.4073057286e+03 -3.3889404382e+03 -4.6638771917e+09 -1.0015825111e+07 1.9295718088e+06 1.5679504989e+02 0.0000000000e+00 -0.0000000000e+00
1.5770208000e+05 1.7663215941e-13 3.1949614007e-14 4.2338577748e+06 1.3352281519e+07 7.5824516919e-18 5.5502036725e-18 -6.5056737194e+03 -3.6724993557e+03 -4.6638764103e+09 -1.0015825111e+07 1.9295718088e+06 1.4842470859e+02 0.0000000000e+00 -0.0000000000e+00
1.5785050471e+05 1.7776699823e-13 3.2805166752e-14 3.2616397366e+06 1.2784873889e+07 7.7076418240e-18 5.9881624484e-18 -6.5936308334e+03 -3.9802040392e+03 -4.6638756389e+09 -1.0015825111e+07 1.9295718088e+06 1.4098290875e+02 0.0000000000e+00 -0.0000000000e+00
1.5799148762e+05 1.7886131308e-13 3.3682216243e-14 2.3266622691e+06 1.2200673546e+07 7.8137041018e-18 6.4644441566e-18 -6.6681489420e+03 -4.3148339641e+03 -4.6638748979e+09 -1.0015825111e+07 1.9295718088e+06 1.2984975721e+02 0.0000000000e+00 -0.0000000000e+00
1.5809993749e+05 1.7971251039e-13 3.4405297772e-14 1.6008310556e+06 1.1717264008e+07 7.8812991361e-18 6.8777580874e-18 -6.7156404179e+03 -4.6052234693e+03 -4.6638746636e+09 -1.0015825111e+07 1.9295718088e+06 1.1117688491e+02 0.0000000000e+00 -0.0000000000e+00
1.5819153073e+05 1.8043647393e-13 3.5052637984e-14 9.8425551769e+05 1.1283242829e+07 7.9244203557e-18 7.2632535873e-18 -6.7459368794e+03 -4.8760680723e+03 -4.6638745541e+09 -1.0015825111e+07 1.9295718088e+06 9.4776937850e+01 3.8180657374e-293 -2.7013314621e-285
1.5826421083e+05 1.8101329545e-13 3.5592458462e-14 4.9334618930e+05 1.0920470309e+07 7.9464083156e-18 7.5955244511e-18 -6.7613853614e+03 -5.1095176721e+03 -4.6638745183e+09 -1.0015825111e+07 1.9295718089e+06 7.8573738401e+01 1.8473298538e-269 -1.3307505839e-261
1.5830935874e+05 1.8137223591e-13 3.5940288608e-14 1.8795960245e+05 1.0686337897e+07 7.9532829399e-18 7.8146250827e-18 -6.7662153915e+03 -5.2634551983e+03 -4.6638745149e+09 -1.0015825111e+07 1.9295718089e+06 6.2610822805e+01 7.8274866491e-255 -5.7035135300e-247
1.5837196956e+05 1.8187023932e-13 3.6439511055e-14 -2.3570809358e+05 1.0349803265e+07 7.9524510253e-18 8.1356240027e-18 -6.7656308981e+03 -5.4889852630e+03 -4.6638744987e+09 -1.0015825111e+07 1.9295718089e+06 6.3656209544e+01 1.0914935451e-234 -8.0829290924e-227
1.5843562577e+05 1.8237605352e-13 3.6968349815e-14 -6.6609537524e+05 9.9926978710e+06 7.9368995371e-18 8.4835731336e-18 -6.7547046055e+03 -5.7334502288e+03 -4.6638744828e+09 -1.0015825111e+07 1.9295718089e+06 7.5913122429e+01 2.0395757284e-214 -1.5359935806e-206
1.5851153889e+05 1.8297714419e-13 3.7629045225e-14 -1.1778654958e+06 9.5457339687e+06 7.8946400224e-18 8.9286476133e-18 -6.7250135676e+03 -6.0461543221e+03 -4.6638744526e+09 -1.0015825111e+07 1.9295718089e+06 8.2493386707e+01 1.3556670976e-190 -1.0420781415e-182
1.5859403228e+05 1.8362529815e-13 3.8386872746e-14 -1.7304554719e+06 9.0320199642e+06 7.8124193102e-18 9.4513043443e-18 -6.6672462626e+03 -6.4133667924e+03 -4.6638744179e+09 -1.0015825111e+07 1.9295718089e+06 8.6663060299e+01 2.8973740773e-165 -2.2783391943e-157
1.5868069534e+05 1.8429680684e-13 3.9231360652e-14 -2.3043674660e+06 8.4583659433e+06 7.6747926379e-18 1.0045407141e-17 -6.5705513817e+03 -6.8307764281e+03 -4.6638743631e+09 -1.0015825111e+07 1.9295718089e+06 9.0384507929e+01 1.8291783852e-139 -1.4736341588e-131
1.5877107985e+05 1.8498142008e-13 4.0169140204e-14 -2.8918716626e+06 7.8200111097e+06 7.4607099432e-18 1.0713514297e-17 -6.4201393990e+03 -7.3001806554e+03 -4.6638741762e+09 -1.0015825111e+07 1.9295718089e+06 9.5894397214e+01 1.0652085446e-113 -8.8022631923e-106
1.5886697424e+05 1.8568213658e-13 4.1232479781e-14 -3.4971823031e+06 7.0946900709e+06 7.1347967790e-18 1.1471465791e-17 -6.1911566441e+03 -7.8327084581e+03 -4.6638733917e+09 -1.0015825111e+07 1.9295718089e+06 1.0788964345e+02 5.2303126633e-88 -4.4386856320e-80
1.5897486389e+05 1.8642556725e-13 4.2518231791e-14 -4.1466378051e+06 6.2158276959e+06 6.6172020412e-18 1.2368912328e-17 -5.8275006707e+03 -8.4632438368e+03 -4.6638694727e+09 -1.0015825111e+07 1.9295718088e+06 9.7728188680e+01 1.0238360809e-61 -8.9423787490e-54
1.5906071238e+05 1.8697106732e-13 4.3611297350e-14 -4.6310577871e+06 5.4673410258e+06 6.0697123347e-18 1.3095804528e-17 -5.4428408440e+03 -8.9739497450e+03 -4.6638666411e+09 -1.0015825111e+07 1.9295718088e+06 8.5889344891e+01 2.7841022392e-43 -2.4837550127e-35
1.5914660172e+05 1.8746407962e-13 4.4766854774e-14 -5.0786486281e+06 4.6749575813e+06 5.3872778880e-18 1.3806993347e-17 -4.9633704304e+03 -9.4736226421e+03 -4.6638619715e+09 -1.0015825111e+07 1.9295718088e+06 7.8595178468e+01 1.5914016277e-27 -1.4467132178e-19
1.5922519690e+05 1.8785890068e-13 4.5876289085e-14 -5.4486564998e+06 3.9133238560e+06 4.6402742218e-18 1.4415329293e-17 -4.4385344428e+03 -9.9010323208e+03 -4.6638579000e+09 -1.0015825111e+07 1.9295718088e+06 7.3748422196e+01 7.5529065052e-16 -6.9659203518e-08
1.5928894188e+05 1.8813312054e-13 4.6809596228e-14 -5.7164329186e+06 3.2720638861e+06 3.9515775379e-18 1.4858086632e-17 -3.9546642549e+03 -1.0212108418e+04 -4.6638563282e+09 -1.0015825111e+07 1.9295718096e+06 6.4618201594e+01 1.5415693970e-08 -1.4349594731e+00
1.5932743733e+05 1.8827667830e-13 4.7386226125e-14 -5.8626553581e+06 2.8756692995e+06 3.5030220899e-18 1.5096160646e-17 -3.6395144013e+03 -1.0379376214e+04 -4.6638765936e+09 -1.0015824490e+07 1.9295735573e+06 5.4300321232e+01 3.9282912258e-05 -3.6726110247e+03
1.5934596387e+05 1.8833951210e-13 4.7666892160e-14 -5.9286320433e+06 2.6826823537e+06 3.2792865310e-18 1.5201621053e-17 -3.4823187519e+03 -1.0453466490e+04 -4.6643672332e+09 -1.0015810228e+07 1.9296157629e+06 2.9636816029e+01 8.9572642796e-04 -8.3889257422e+04
1.5936289175e+05 1.8839326396e-13 4.7924999454e-14 -5.9863439978e+06 2.5051824117e+06 3.0707792041e-18 1.5292401718e-17 -3.3358028367e+03 -1.0517182357e+04 -4.6708242976e+09 -1.0015630705e+07 1.9301730223e+06 1.9355166959e+01 1.0715352329e-02 -1.0049390459e+06
1.5937686265e+05 1.8843494715e-13 4.8139146743e-14 -6.0320915398e+06 2.3578995721e+06 2.8959689223e-18 1.5363133708e-17 -3.2128587867e+03 -1.0566474932e+04 -4.7103946998e+09 -1.0014573283e+07 1.9335975824e+06 1.4562574201e+01 6.3244423446e-02 -5.9370780262e+06
1.5938895238e+05 1.8846903470e-13 4.8325236677e-14 -6.0702827637e+06 2.2299125704e+06 2.7428486482e-18 1.5421177712e-17 -3.1048143823e+03 -1.0605694971e+04 -4.8633279635e+09 -1.0010630122e+07 1.9468660382e+06 1.2245822698e+01 2.4037122881e-01 -2.2578544487e+07
1.5940119820e+05 1.8850166515e-13 4.8514426043e-14 -6.1076229316e+06 2.0998221423e+06 2.5861282672e-18 1.5476896751e-17 -2.9931518503e+03 -1.0639412920e+04 -5.3938612154e+09 -9.9974327153e+06 1.9930175781e+06 1.1036683617e+01 7.6704161876e-01 -7.2060184923e+07
1.5941223488e+05 1.8852942192e-13 4.8685504205e-14 -6.1400881615e+06 1.9822749913e+06 2.4435867185e-18 1.5524404049e-17 -2.8893552217e+03 -1.0659544980e+04 -6.6841905796e+09 -9.9664195011e+06 2.1056086529e+06 1.0383848867e+01 1.8460791322e+00 -1.7330191334e+08
1.5942261873e+05 1.8855409494e-13 4.8846928952e-14 -6.1695653121e+06 1.8715558550e+06 2.3084442831e-18 1.5566712559e-17 -2.7872739777e+03 -1.0662428273e+04 -9.2887520434e+09 -9.9057995517e+06 2.3337670856e+06 9.6570784958e+00 3.6420525438e+00 -3.4117335617e+08
1.5943100666e+05 1.8857299774e-13 4.8977638661e-14 -6.1925836897e+06 1.7821695515e+06 2.1986050237e-18 1.5599175655e-17 -2.7004468711e+03 -1.0647700241e+04 -1.2913605880e+10 -9.8237292030e+06 2.6528249598e+06 8.4846009681e+00 5.6776009700e+00 -5.3012237023e+08
1.5943849009e+05 1.8858908270e-13 4.9094478285e-14 -6.2124901971e+06 1.7025879110e+06 2.1001418490e-18 1.5626834687e-17 -2.6190696635e+03 -1.0618331577e+04 -1.7600170565e+10 -9.7200450175e+06 3.0676383416e+06 7.5439390786e+00 7.7948738819e+00 -7.2461784470e+08
1.5944603403e+05 1.8860455033e-13 4.9212467421e-14 -6.2319267771e+06 1.6226483983e+06 2.0004698990e-18 1.5653466940e-17 -2.5332117225e+03 -1.0571899233e+04 -2.3813636542e+10 -9.5854934041e+06 3.6213610822e+06 6.8553006506e+00 9.9566786123e+00 -9.2004586412e+08
1.5945288933e+05 1.8861795274e-13 4.9319856449e-14 -6.2490165960e+06 1.5503601719e+06 1.9095652466e-18 1.5676576779e-17 -2.4522443883e+03 -1.0515782683e+04 -3.0660489372e+10 -9.4401536474e+06 4.2363637182e+06 6.3953804043e+00 1.1671679908e+01 -1.0712543731e+09
1.5945928471e+05 1.8862989324e-13 4.9420180547e-14 -6.2644528584e+06 1.4833022342e+06 1.8244981114e-18 1.5697199137e-17 -2.3748359014e+03 -1.0453617453e+04 -3.7853886175e+10 -9.2902024411e+06 4.8879248986e+06 6.1153729699e+00 1.2843892919e+01 -1.1703332996e+09
1.5946540009e+05 1.8864080145e-13 4.9516232908e-14 -6.2787469363e+06 1.4195724304e+06 1.7429387914e-18 1.5716073859e-17 -2.2998785763e+03 -1.0388156458e+04 -4.5177709909e+10 -9.1401374366e+06 5.5570631947e+06 5.9553928133e+00 1.3451161289e+01 -1.2164888337e+09
1.5947135548e+05 1.8865094436e-13 4.9609881064e-14 -6.2922257349e+06 1.3579039085e+06 1.6633264651e-18 1.5733663171e-17 -2.2267445127e+03 -1.0321821429e+04 -5.2435004048e+10 -8.9939427086e+06 6.2259543160e+06 5.8813872469e+00 1.3512964324e+01 -1.2128409491e+09
1.5947723687e+05 1.8866049541e-13 4.9702466036e-14 -6.3051108540e+06 1.2973894713e+06 1.5845383419e-18 1.5750269811e-17 -2.1550540520e+03 -1.0256777310e+04 -5.9448385750e+10 -8.8550964640e+06 6.8780041783e+06 5.8745835320e+00 1.3081189727e+01 -1.1653537482e+09
1.5948311145e+05 1.8866957239e-13 4.9795039185e-14 -6.3175631001e+06 1.2373189676e+06 1.5056924742e-18 1.5766102080e-17 -2.0845272700e+03 -1.0194919710e+04 -6.6064560007e+10 -8.7264863392e+06 7.4983440837e+06 5.9253201671e+00 1.2231870486e+01 -1.0819052190e+09
1.5948903677e+05 1.8867825815e-13 4.9888503819e-14 -6.3297074678e+06 1.1770829774e+06 1.4260295546e-18 1.5781309552e-17 -2.0148923991e+03 -1.0137842845e+04 -7.2158232308e+10 -8.6103368920e+06 8.0743164592e+06 6.0299756699e+00 1.1056887878e+01 -9.7142645726e+08
1.5949506675e+05 1.8868661233e-13 4.9983709429e-14 -6.3416480376e+06 1.1161097518e+06 1.3448340637e-18 1.5796003487e-17 -1.9458260527e+03 -1.0086810822e+04 -7.7634423838e+10 -8.5081724194e+06 8.5958408389e+06 6.1886289111e+00 9.6561433524e+00 -8.4316113931e+08
1.5950125537e+05 1.8869467685e-13 5.0081509594e-14 -6.3534757868e+06 1.0538270314e+06 1.2613859093e-18 1.5810266671e-17 -1.8769206852e+03 -1.0042745899e+04 -8.2428509496e+10 -8.4208291739e+06 9.0555724234e+06 6.4015450116e+00 8.1309214209e+00 -7.0610039556e+08
1.5950765692e+05 1.8870247509e-13 5.0182764643e-14 -6.3652683196e+06 9.8965966077e+05 1.1749590551e-18 1.5824152349e-17 -1.8076906136e+03 -1.0006236074e+04 -8.6503996704e+10 -8.3485147383e+06 9.4488312035e+06 6.6841058772e+00 6.5790716839e+00 -5.6862778170e+08
1.5951434103e+05 1.8871002677e-13 5.0288580802e-14 -6.3771151954e+06 9.2287814038e+05 1.0846183073e-18 1.5837711587e-17 -1.7374194682e+03 -9.9774670457e+03 -8.9858946739e+10 -8.2907249485e+06 9.7743437082e+06 7.0480988846e+00 5.0873841251e+00 -4.3794584012e+08
1.5952138912e+05 1.8871733530e-13 5.0400253916e-14 -6.3891052278e+06 8.5263565074e+05 9.8926846260e-19 1.5850972570e-17 -1.6652185773e+03 -9.9562977404e+03 -9.2517073670e+10 -8.2464466481e+06 1.0033477398e+07 7.4962438274e+00 3.7297818449e+00 -3.2003036782e+08
1.5952888537e+05 1.8872437074e-13 5.0519125918e-14 -6.4013057099e+06 7.7805817703e+05 8.8777862459e-19 1.5863911753e-17 -1.5901279722e+03 -9.9422838539e+03 -9.4523428179e+10 -8.2142738180e+06 1.0229868233e+07 8.0337300945e+00 2.5656998208e+00 -2.1958142073e+08
1.5953691910e+05 1.8873106580e-13 5.0646623582e-14 -6.4137620671e+06 6.9821958043e+05 7.7895158037e-19 1.5876448459e-17 -1.5110943311e+03 -9.9346309641e+03 -9.5947952675e+10 -8.1924029765e+06 1.0369787000e+07 8.6662424245e+00 1.6339714882e+00 -1.3956667266e+08
1.5954558534e+05 1.8873730756e-13 5.0784265814e-14 -6.4264924155e+06 6.1213762457e+05 6.6152092701e-19 1.5888432439e-17 -1.4269799225e+03 -9.9321985519e+03 -9.6884370111e+10 -8.1787263655e+06 1.0462030836e+07 9.3915529630e+00 9.4724367713e-01 -8.0790943949e+07
1.5955497689e+05 1.8874292268e-13 5.0933536864e-14 -6.4394693510e+06 5.1885470470e+05 5.3426371965e-19 1.5899619325e-17 -1.3366645420e+03 -9.9335690390e+03 -9.7442922001e+10 -8.1710256731e+06 1.0517189780e+07 1.0218950947e+01 4.8977737212e-01 -4.1727230366e+07
1.5956519584e+05 1.8874767501e-13 5.1096067531e-14 -6.4526291093e+06 4.1732653936e+05 3.9585186358e-19 1.5909670762e-17 -1.2389696851e+03 -9.9371895163e+03 -9.7738487059e+10 -8.1672149943e+06 1.0546442900e+07 1.1201948025e+01 2.2024939332e-01 -1.8747649776e+07
1.5957639779e+05 1.8875126011e-13 5.1274336842e-14 -6.4659100931e+06 3.0598577505e+05 2.4426441749e-19 1.5918158862e-17 -1.1322764484e+03 -9.9415743419e+03 -9.7873794879e+10 -8.1656027099e+06 1.0559862820e+07 1.2444990455e+01 8.3186218093e-02 -7.0749620091e+06
1.5958884278e+05 1.8875325336e-13 5.1472481004e-14 -6.4792654241e+06 1.8223738697e+05 7.6120350684e-20 1.5924501428e-17 -1.0140743865e+03 -9.9454253524e+03 -9.7925554295e+10 -8.1650415508e+06 1.0565007031e+07 1.2814874483e+01 2.5025437453e-02 -2.1265221550e+06
1.5960165766e+05 1.8875312151e-13 5.1676575365e-14 -6.4914825352e+06 5.4772610818e+04 -9.6619987611e-20 1.5927659143e-17 -8.9269196811e+02 -9.9474681037e+03 -9.7940559683e+10 -8.1648962950e+06 1.0566501522e+07 1.2047251835e+01 6.3737727848e-03 -5.4109039325e+05
1.5961370491e+05 1.8875098166e-13 5.1868462118e-14 -6.5015513721e+06 -6.5068304513e+04 -2.5853908843e-19 1.5927532005e-17 -7.7892597522e+02 -9.9473373120e+03 -9.7944091383e+10 -8.1648662254e+06 1.0566853984e+07 1.5357727148e+01 1.5622522121e-03 -1.3249647630e+05
1.5962906264e+05 1.8874543107e-13 5.2113044651e-14 -6.5124037982e+06 -2.1781690661e+05 -4.6413377465e-19 1.5923065602e-17 -6.3447678737e+02 -9.9441886233e+03 -9.7944996317e+10 -8.1648595949e+06 1.0566944477e+07 2.4798738342e+01 2.2002704571e-04 -1.8635735669e+04
1.5965386137e+05 1.8872982771e-13 5.2507728259e-14 -6.5252620216e+06 -4.6428789175e+05 -7.9372554419e-19 1.5905834251e-17 -4.0290939829e+02 -9.9320805362e+03 -9.7945127105e+10 -8.1648588353e+06 1.0566957587e+07 3.3667027031e+01 6.2741660347e-06 -5.3011759324e+02
1.5968290638e+05 1.8870122204e-13 5.2969237012e-14 -6.5330638280e+06 -7.5243058409e+05 -1.1750951720e-18 1.5870321944e-17 -1.3496358306e+02 -9.9071299679e+03 -9.7945130476e+10 -8.1648588235e+06 1.0566957925e+07 3.1221695841e+01 5.3113241714e-08 -4.4731132122e+00
1.5971412808e+05 1.8865822078e-13 5.3463909173e-14 -6.5328423275e+06 -1.0611675014e+06 -1.5781880883e-18 1.5814401572e-17 1.4824475761e+02 -9.8678409721e+03 -9.7945130524e+10 -8.1648588234e+06 1.0566957927e+07 3.2520460592e+01 1.5444844209e-10 -1.2956079440e-02
1.5974664854e+05 1.8860018902e-13 5.3977001380e-14 -6.5233081269e+06 -1.3812315392e+06 -1.9891203774e-18 1.5737566657e-17 4.3696094946e+02 -9.8138576643e+03 -9.7945130553e+10 -8.1648588234e+06 1.0566957927e+07 4.1224191031e+01 1.6470928004e-13 -1.3753296642e-05
1.5978787273e+05 1.8850770178e-13 5.4623331331e-14 -6.4979264687e+06 -1.7840866183e+06 -2.4949297988e-18 1.5614693487e-17 7.9233669825e+02 -9.7275284210e+03 -9.7945130649e+10 -8.1648588234e+06 1.0566957927e+07 4.7750865930e+01 9.6203429239e-18 -7.9808273051e-10
1.5983562360e+05 1.8837504022e-13 5.5364904612e-14 -6.4505881392e+06 -2.2457447646e+06 -3.0569821448e-18 1.5439911889e-17 1.1872280642e+03 -9.6047289261e+03 -9.7945130840e+10 -8.1648588234e+06 1.0566957927e+07 5.3764198966e+01 2.8822306857e-23 -2.3709669544e-15
1.5988938780e+05 1.8819441449e-13 5.6188904342e-14 -6.3753269920e+06 -2.7578391598e+06 -3.6559890520e-18 1.5206442978e-17 1.6080832700e+03 -9.4406964161e+03 -9.7945131157e+10 -8.1648588234e+06 1.0566957927e+07 5.9864629844e+01 3.1276891494e-30 -2.5459929860e-22
1.5994925243e+05 1.8795669625e-13 5.7090481446e-14 -6.2658132163e+06 -3.3168546233e+06 -4.2777284682e-18 1.4907973523e-17 2.0449100692e+03 -9.2309952886e+03 -9.7945131627e+10 -8.1648588234e+06 1.0566957927e+07 6.6344628973e+01 7.6819024349e-39 -6.1736115793e-31
1.6001559706e+05 1.8765161572e-13 5.8067511905e-14 -6.1151959946e+06 -3.9208269765e+06 -4.9088779297e-18 1.4539445727e-17 2.4883482556e+03 -8.9720719944e+03 -9.7945132273e+10 -8.1648588234e+06 1.0566957927e+07 7.3263817696e+01 2.4797175478e-49 -1.9624812884e-41
1.6008886087e+05 1.8726859451e-13 5.9116755584e-14 -5.9164649457e+06 -4.5669337490e+06 -5.5347136524e-18 1.4098530815e-17 2.9280530716e+03 -8.6622903647e+03 -9.7945133092e+10 -8.1648588234e+06 1.0566957927e+07 8.0395611130e+01 6.1255822253e-62 -4.7609345880e-54
1.6016925648e+05 1.8679880874e-13 6.0229833403e-14 -5.6636247338e+06 -5.2490235958e+06 -6.1379123123e-18 1.3587986078e-17 3.3518533536e+03 -8.3035876392e+03 -9.7945134046e+10 -8.1648588234e+06 1.0566957927e+07 8.7242548436e+01 7.8250770409e-77 -5.9559731269e-69
1.6025649903e+05 1.8623814951e-13 6.1390481152e-14 -5.3535148678e+06 -5.9560235978e+06 -6.6994873871e-18 1.3017781220e-17 3.7464093944e+03 -7.9029684139e+03 -9.7945135052e+10 -8.1648588234e+06 1.0566957927e+07 9.3331931101e+01 4.8741358746e-94 -3.6234808082e-86
1.6034983096e+05 1.8558864725e-13 6.2576800268e-14 -4.9868342264e+06 -6.6734898536e+06 -7.2027556563e-18 1.2404217271e-17 4.0999997595e+03 -7.4718856021e+03 -9.7945136016e+10 -8.1648588234e+06 1.0566957927e+07 9.8636196981e+01 2.0631387475e-113 -1.4946259087e-105
1.6044846716e+05 1.8485597410e-13 6.3768658683e-14 -4.5668138232e+06 -7.3882538427e+06 -7.6378781245e-18 1.1765037655e-17 4.4057116866e+03 -7.0228055234e+03 -9.7945136886e+10 -8.1648588234e+06 1.0566957927e+07 1.0359352637e+02 1.0006567712e-134 -7.0514353681e-127
1.6055206069e+05 1.8404509019e-13 6.4953524747e-14 -4.0966053288e+06 -8.0919422783e+06 -8.0027508635e-18 1.1114471180e-17 4.6620669804e+03 -6.5657251718e+03 -9.7945137665e+10 -8.1648588234e+06 1.0566957927e+07 1.0875475508e+02 8.5085439654e-158 -5.8238178629e-150
1.6066081544e+05 1.8315784888e-13 6.6126480934e-14 -3.5777067555e+06 -8.7808466816e+06 -8.3003208828e-18 1.0461804918e-17 4.8711361751e+03 -6.1071695345e+03 -9.7945138388e+10 -8.1648588234e+06 1.0566957927e+07 1.1454286265e+02 1.5446540497e-182 -1.0256655798e-174
1.6077535831e+05 1.8219294343e-13 6.7287233731e-14 -3.0098021656e+06 -9.4539815157e+06 -8.5355451473e-18 9.8124962222e-18 5.0364019760e+03 -5.6509728837e+03 -9.7945139089e+10 -8.1648588234e+06 1.0566957927e+07 1.1501154538e+02 5.9391175993e-209 -3.8213231304e-201
1.6089036985e+05 1.8120088891e-13 6.8380256786e-14 -2.4232731557e+06 -1.0078947578e+07 -8.7059960197e-18 9.2015684971e-18 5.1561587537e+03 -5.2217422515e+03 -9.7945139637e+10 -8.1648588234e+06 1.0566957927e+07 1.1369903140e+02 1.1697897735e-235 -7.2967580148e-228
1.6100406888e+05 1.8020398055e-13 6.9394039633e-14 -1.8320731329e+06 -1.0649872081e+07 -8.8221469099e-18 8.6377219435e-18 5.2377650026e+03 -4.8255902964e+03 -9.7945140040e+10 -8.1648588234e+06 1.0566957927e+07 1.1200730560e+02 4.3012891301e-262 -2.6038103093e-254
1.6111607619e+05 1.7921138960e-13 7.0332182550e-14 -1.2422814515e+06 -1.1169755965e+07 -8.8954326346e-18 8.1197825929e-18 5.2892546906e+03 -4.4616922020e+03 -9.7945140337e+10 -8.1648588234e+06 1.0566957927e+07 1.0852315996e+02 4.6698698045e-288 -2.7467173934e-280
1.6122459935e+05 1.7824363723e-13 7.1187668801e-14 -6.6659428835e+05 -1.1635897638e+07 -8.9348575106e-18 7.6515105955e-18 5.3169541447e+03 -4.1326898058e+03 -9.7945140541e+10 -8.1648588234e+06 1.0566957927e+07 1.0059627284e+02 4.6190481115e-313 -2.6439660498e-305
1.6130087390e+05 1.7756159291e-13 7.1759347440e-14 -2.6066514873e+05 -1.1942729968e+07 -8.9471369936e-18 7.3409881599e-18 5.3255815650e+03 -3.9145203957e+03 -9.7945140569e+10 -8.1648588234e+06 1.0566957927e+07 8.7006101857e+01 0.0000000000e+00 -0.0000000000e+00
1.6138788001e+05 1.7678300466e-13 7.2383283329e-14 2.0278620320e+05 -1.2272936476e+07 -8.9480291611e-18 7.0044027019e-18 5.3262083914e+03 -3.6780394128e+03 -9.7945140617e+10 -8.1648588234e+06 1.0566957927e+07 8.6025002399e+01 0.0000000000e+00 -0.0000000000e+00
1.6147390501e+05 1.7601364136e-13 7.2972151136e-14 6.6069862781e+05 -1.2579724236e+07 -8.9371446595e-18 6.6890086867e-18 5.3185610686e+03 -3.4564472882e+03 -9.7945140655e+10 -8.1648588234e+06 1.0566957927e+07 1.1363269459e+02 0.0000000000e+00 -0.0000000000e+00
1.6158753770e+05 1.7499961176e-13 7.3709716942e-14 1.2639915558e+06 -1.2956664364e+07 -8.9077501970e-18 6.2970840533e-18 5.2979088651e+03 -3.1810856517e+03 -9.7945140783e+10 -8.1648588234e+06 1.0566957927e+07 1.3599041244e+02 0.0000000000e+00 -0.0000000000e+00
1.6172352812e+05 1.7379167643e-13 7.4536073742e-14 1.9820441751e+06 -1.3368193522e+07 -8.8543014076e-18 5.8619491421e-18 5.2603563745e+03 -2.8753649823e+03 -9.7945141035e+10 -8.1648588234e+06 1.0566957927e+07 1.5089528992e+02 0.0000000000e+00 -0.0000000000e+00
1.6187442341e+05 1.7246124108e-13 7.5386638426e-14 2.7718466669e+06 -1.3778201536e+07 -8.7768017417e-18 5.4180853102e-18 5.2059060210e+03 -2.5635114759e+03 -9.7945141362e+10 -8.1648588234e+06 1.0566957927e+07 1.5530562918e+02 0.0000000000e+00 -0.0000000000e+00
1.6202972903e+05 1.7110535506e-13 7.6195112907e-14 3.5752940506e+06 -1.4153154659e+07 -8.6818600910e-18 4.9993841223e-18 5.1392011341e+03 -2.2693369472e+03 -9.7945141649e+10 -8.1648588234e+06 1.0566957927e+07 1.6015488260e+02 0.0000000000e+00 -0.0000000000e+00
1.6218988392e+05 1.6972357560e-13 7.6963630452e-14 4.3922758082e+06 -1.4494006056e+07 -8.5719396953e-18 4.6035083354e-18 5.0619723572e+03 -1.9911992767e+03 -9.7945141903e+10 -8.1648588234e+06 1.0566957927e+07 1.6489685810e+02 0.0000000000e+00 -0.0000000000e+00
1.6235478078e+05 1.6832008119e-13 7.7691464834e-14 5.2199592237e+06 -1.4800378852e+07 -8.4494156444e-18 4.2295986098e-18 4.9758884006e+03 -1.7284947024e+03 -9.7945142125e+10 -8.1648588234e+06 1.0566957927e+07 1.6943107739e+02 0.0000000000e+00 -0.0000000000e+00
1.6252421185e+05 1.6689966888e-13 7.8377785566e-14 6.0551735187e+06 -1.5071947834e+07 -8.3164287722e-18 3.8768692797e-18 4.8824533887e+03 -1.4806712248e+03 -9.7945142318e+10 -8.1648588234e+06 1.0566957927e+07 1.7360571075e+02 0.0000000000e+00 -0.0000000000e+00
1.6269781756e+05 1.6546810626e-13 7.9021594829e-14 6.8942118538e+06 -1.5308458972e+07 -8.1749686761e-18 3.5446780058e-18 4.7830651894e+03 -1.2472775439e+03 -9.7945142483e+10 -8.1648588234e+06 1.0566957927e+07 1.7722423987e+02 0.0000000000e+00 -0.0000000000e+00
1.6287504180e+05 1.6403237763e-13 7.9621760606e-14 7.7327013213e+06 -1.5509808258e+07 -8.0269455695e-18 3.2325482285e-18 4.6790658962e+03 -1.0279788345e+03 -9.7945142623e+10 -8.1648588234e+06 1.0566957927e+07 1.8002353103e+02 0.0000000000e+00 -0.0000000000e+00
1.6305506533e+05 1.6260105498e-13 8.0177029588e-14 8.5654062778e+06 -1.5676133586e+07 -7.8742716515e-18 2.9402086349e-18 4.5717989976e+03 -8.2258447533e+02 -9.7945142738e+10 -8.1648588234e+06 1.0566957927e+07 1.8163690730e+02 0.0000000000e+00 -0.0000000000e+00
1.6323670224e+05 1.6118488895e-13 8.0686006596e-14 9.3859126124e+06 -1.5807929014e+07 -7.7189659929e-18 2.6676619649e-18 4.4626830689e+03 -6.3109639145e+02 -9.7945142831e+10 -8.1648588234e+06 1.0566957927e+07 1.8152314327e+02 0.0000000000e+00 -0.0000000000e+00
1.6341822538e+05 1.5979784374e-13 8.1147059579e-14 1.0186068279e+07 -1.5906195013e+07 -7.5633122181e-18 2.4153142028e-18 4.3533225580e+03 -4.5379982259e+02 -9.7945142903e+10 -8.1648588234e+06 1.0566957927e+07 1.7881074866e+02 0.0000000000e+00 -0.0000000000e+00
1.6359703613e+05 1.5845914251e-13 8.1558039751e-14 1.0954863482e+07 -1.5972652417e+07 -7.4101399892e-18 2.1842431990e-18 4.2457055520e+03 -2.9145205380e+02 -9.7945142955e+10 -8.1648588234e+06 1.0566957927e+07 1.7188182898e+02 0.0000000000e+00 -0.0000000000e+00
1.6376891796e+05 1.5719809089e-13 8.1915452197e-14 1.1675758703e+07 -1.6010087602e+07 -7.2634474143e-18 1.9768572502e-18 4.1426410747e+03 -1.4574512604e+02 -9.7945142989e+10 -8.1648588234e+06 1.0566957927e+07 1.5680368130e+02 0.0000000000e+00 -0.0000000000e+00
1.6388067001e+05 1.5639169484e-13 8.2129181995e-14 1.2134977236e+07 -1.6021324680e+07 -7.1684949612e-18 1.8491052339e-18 4.0759285982e+03 -5.5988062336e+01 -9.7945142993e+10 -8.1648588234e+06 1.0566957927e+07 1.3484536559e+02 0.0000000000e+00 -0.0000000000e+00
1.6401551538e+05 1.5543275204e-13 8.2368513502e-14 1.2679190533e+07 -1.6021840263e+07 -7.0544613566e-18 1.7018241774e-18 3.9958099292e+03 4.7489875235e+01 -9.7945143000e+10 -8.1648588234e+06 1.0566957927e+07 1.3449301662e+02 0.0000000000e+00 -0.0000000000e+00
1.6415000839e+05 1.5449158782e-13 8.2587912948e-14 1.3211251264e+07 -1.6008789844e+07 -6.9413879494e-18 1.5619111444e-18 3.9163658836e+03 1.4579112620e+02 -9.7945143006e+10 -8.1648588234e+06 1.0566957927e+07 1.7341766973e+02 0.0000000000e+00 -0.0000000000e+00
1.6432342606e+05 1.5330039583e-13 8.2843809352e-14 1.3881588650e+07 -1.5972991739e+07 -6.7966586481e-18 1.3910224349e-18 3.8146807792e+03 2.6585552302e+02 -9.7945143024e+10 -8.1648588234e+06 1.0566957927e+07 2.0240550930e+02 0.0000000000e+00 -0.0000000000e+00
1.6452583157e+05 1.5194167562e-13 8.3106216503e-14 1.4641784496e+07 -1.5905731151e+07 -6.6293646065e-18 1.2039913136e-18 3.6971419537e+03 3.9726138850e+02 -9.7945143055e+10 -8.1648588234e+06 1.0566957927e+07 2.2874331373e+02 0.0000000000e+00 -0.0000000000e+00
1.6475457488e+05 1.5044666945e-13 8.3358833623e-14 1.5472433910e+07 -1.5798849795e+07 -6.4425044255e-18 1.0071939741e-18 3.5658561889e+03 5.3552888399e+02 -9.7945143101e+10 -8.1648588234e+06 1.0566957927e+07 2.5452143011e+02 0.0000000000e+00 -0.0000000000e+00
1.6500909632e+05 1.4883308058e-13 8.3589048509e-14 1.6361636398e+07 -1.5644182272e+07 -6.2373817621e-18 8.0451301920e-19 3.4217394188e+03 6.7793013841e+02 -9.7945143162e+10 -8.1648588234e+06 1.0566957927e+07 2.8080436803e+02 0.0000000000e+00 -0.0000000000e+00
1.6528990068e+05 1.4711297635e-13 8.3785642761e-14 1.7300428685e+07 -1.5433219087e+07 -6.0144689774e-18 5.9863091559e-19 3.2651235188e+03 8.2258048227e+02 -9.7945143237e+10 -8.1648588234e+06 1.0566957927e+07 3.0827451477e+02 0.0000000000e+00 -0.0000000000e+00
1.6559817520e+05 1.4529608144e-13 8.3937789520e-14 1.8280837924e+07 -1.5156877513e+07 -5.7737216858e-18 3.9156359320e-19 3.0959773040e+03 9.6806354689e+02 -9.7945143327e+10 -8.1648588234e+06 1.0566957927e+07 3.3746178667e+02 0.0000000000e+00 -0.0000000000e+00
1.6593563698e+05 1.4339150501e-13 8.4034508648e-14 1.9294814698e+07 -1.4805308352e+07 -5.5146956435e-18 1.8492518564e-19 2.9139886540e+03 1.1132452610e+03 -9.7945143431e+10 -8.1648588234e+06 1.0566957927e+07 3.6884394987e+02 0.0000000000e+00 -0.0000000000e+00
1.6630448093e+05 1.4140888763e-13 8.4064308097e-14 2.0333477316e+07 -1.4367708800e+07 -5.2365744654e-18 -1.9917217100e-20 2.7185839863e+03 1.2571651233e+03 -9.7945143550e+10 -8.1648588234e+06 1.0566957927e+07 4.0290330651e+02 0.0000000000e+00 -0.0000000000e+00
1.6670738424e+05 1.3935935131e-13 8.4014906951e-14 2.1386439934e+07 -1.3832122220e+07 -4.9381430014e-18 -2.2173803925e-19 2.5089095507e+03 1.3989620585e+03 -9.7945143683e+10 -8.1648588234e+06 1.0566957927e+07 4.4017026474e+02 0.0000000000e+00 -0.0000000000e+00
1.6714755451e+05 1.3725644796e-13 8.3872990534e-14 2.2441100020e+07 -1.3185206277e+07 -4.6177140249e-18 -4.1936814125e-19 2.2837799216e+03 1.5378146431e+03 -9.7945143830e+10 -8.1648588234e+06 1.0566957927e+07 4.8127055281e+02 0.0000000000e+00 -0.0000000000e+00
1.6762882506e+05 1.3511724179e-13 8.3623966185e-14 2.3481786272e+07 -1.2411942854e+07 -4.2729997655e-18 -6.1161273502e-19 2.0415877384e+03 1.6728834330e+03 -9.7945143991e+10 -8.1648588234e+06 1.0566957927e+07 5.2699448673e+02 0.0000000000e+00 -0.0000000000e+00
1.6815581955e+05 1.3296365542e-13 8.3251685686e-14 2.4488654769e+07 -1.1495238418e+07 -3.9009013396e-18 -7.9715763651e-19 1.7801557620e+03 1.8032450979e+03 -9.7945144164e+10 -8.1648588234e+06 1.0566957927e+07 5.7842594267e+02 0.0000000000e+00 -0.0000000000e+00
1.6873424549e+05 1.3082423152e-13 8.2738065101e-14 2.5436169282e+07 -1.0415291979e+07 -3.4971533161e-18 -9.7444688753e-19 1.4964871506e+03 1.9278064399e+03 -9.7945144350e+10 -8.1648588234e+06 1.0566957927e+07 6.3723692398e+02 0.0000000000e+00 -0.0000000000e+00
1.6937148241e+05 1.2873649992e-13 8.2062396749e-14 2.6290873232e+07 -9.1483805476e+06 -3.0556675689e-18 -1.1415072651e-18 1.1863044586e+03 2.0451810958e+03 -9.7945144544e+10 -8.1648588234e+06 1.0566957927e+07 6.8615186154e+02 0.0000000000e+00 -0.0000000000e+00
1.7005763427e+05 1.2680258503e-13 8.1225952310e-14 2.6990521073e+07 -7.7077000721e+06 -2.5812163760e-18 -1.2916659919e-18 8.5296063223e+02 2.1506808507e+03 -9.7945144711e+10 -8.1648588234e+06 1.0566957927e+07 7.0864559798e+02 0.0000000000e+00 -0.0000000000e+00
1.7076627987e+05 1.2514765460e-13 8.0264480532e-14 2.7472550869e+07 -6.1512132868e+06 -2.0887459818e-18 -1.4170046701e-18 5.0695672701e+02 2.2387423314e+03 -9.7945144802e+10 -8.1648588234e+06 1.0566957927e+07 7.0068683446e+02 0.0000000000e+00 -0.0000000000e+00
1.7134176698e+05 1.2406171506e-13 7.9424917812e-14 2.7682722631e+07 -4.8459172168e+06 -1.6843713627e-18 -1.4976222548e-18 2.2284787699e+02 2.2953832980e+03 -9.7945144802e+10 -8.1648588234e+06 1.0566957927e+07 6.1101863019e+02 0.0000000000e+00 -0.0000000000e+00
1.7169556398e+05 1.2351021712e-13 7.8887728454e-14 2.7730351228e+07 -4.0286639319e+06 -1.4327833517e-18 -1.5379093949e-18 4.6085100313e+01 2.3236885686e+03 -9.7945144799e+10 -8.1648588234e+06 1.0566957927e+07 4.2264341292e+02 0.0000000000e+00 -0.0000000000e+00
1.7211820740e+05 1.2296882677e-13 7.8229180683e-14 2.7704746448e+07 -3.0405577609e+06 -1.1283694553e-18 -1.5767144629e-18 -1.6779252193e+02 2.3509525529e+03 -9.7945144789e+10 -8.1648588234e+06 1.0566957927e+07 5.2054458231e+02 0.0000000000e+00 -0.0000000000e+00
1.7263875198e+05 1.2248052763e-13 7.7399013681e-14 2.7547799322e+07 -1.8101659925e+06 -7.4628361126e-19 -1.6102184692e-18 -4.3624154082e+02 2.3744920736e+03 -9.7945144744e+10 -8.1648588234e+06 1.0566957927e+07 5.9086775255e+02 0.0000000000e+00 -0.0000000000e+00
1.7280000000e+05 1.2236987210e-13 7.7138777414e-14 2.7470654325e+07 -1.4268681036e+06 -6.2604407675e-19 -1.6172913186e-18 -5.2072042319e+02 2.3794613743e+03 -9.7945144744e+10 -8.1648588234e+06 1.0566957927e+07 5.5576278767e+02 0.0000000000e+00 -0.0000000000e+00
1.7280000000e+05 1.2236987210e-13 7.7138777414e-14 2.7470654325e+07 -1.4268681036e+06 -6.2604407675e-19 -1.6172913186e-18 -5.2072042319e+02 2.3794613743e+03 -9.7945144744e+10 -8.1648588234e+06 1.0566957927e+07 5.5576278767e+02 0.0000000000e+00 -0.0000000000e+00
