0.0000000000e+00 0.0000000000e+00 0.0000000000e+00 3.1415900000e+08 0.0000000000e+00 0.0000000000e+00 0.0000000000e+00 -1.1388984408e+03 3.7803484173e+02 -4.6638893045e+09 -9.6806367467e+06 3.2132961547e+06 1.0000000000e+01 0.0000000000e+00 -0.0000000000e+00
1.0000000000e+01 2.8739990285e-22 1.1528181503e-27 3.1414761081e+08 3.7803484165e+03 5.7480675195e-23 3.4585171424e-28 -1.1389388260e+03 3.7803484149e+02 -4.6638893045e+09 -9.6806367467e+06 3.2132961547e+06 5.0000000000e+01 0.0000000000e+00 -0.0000000000e+00
6.0000000000e+01 1.0347647044e-20 2.4907644475e-25 3.1409065882e+08 2.2682090329e+04 3.4494658326e-22 1.2455177081e-26 -1.1391407962e+03 3.7803483298e+02 -4.6638893045e+09 -9.6806367467e+06 3.2132961547e+06 2.5000000000e+02 0.0000000000e+00 -0.0000000000e+00
3.1000000000e+02 2.7639177487e-19 3.4399721669e-23 3.1380574729e+08 1.1719077677e+05 1.7838416623e-21 3.3308788087e-25 -1.1401517470e+03 3.7803460771e+02 -4.6638893045e+09 -9.6806367467e+06 3.2132961547e+06 1.2500000000e+03 0.0000000000e+00 -0.0000000000e+00
1.5600000000e+03 7.0205070536e-18 4.4137651945e-21 3.1237738591e+08 5.8973125204e+05 9.0177372405e-21 8.5121986746e-24 -1.1452341969e+03 3.7802886116e+02 -4.6638893045e+09 -9.6806367467e+06 3.2132961547e+06 3.6000000000e+03 0.0000000000e+00 -0.0000000000e+00
5.1600000000e+03 7.7491734352e-17 1.6294050715e-19 3.0822783926e+08 1.9505453033e+06 3.0227294522e-20 9.5642104265e-23 -1.1601357823e+03 3.7796764472e+02 -4.6638893044e+09 -9.6806367467e+06 3.2132961547e+06 3.6000000000e+03 0.0000000000e+00 -0.0000000000e+00
8.7600000000e+03 2.2535397142e-16 8.1357276095e-19 3.0402391861e+08 3.3110136069e+06 5.2017712905e-20 2.8324457483e-22 -1.1754454739e+03 3.7783583743e+02 -4.6638893043e+09 -9.6806367467e+06 3.2132961547e+06 3.6000000000e+03 0.0000000000e+00 -0.0000000000e+00
1.2360000000e+04 4.5275334767e-16 2.3329667681e-18 2.9976411610e+08 4.6708715288e+06 7.4419947108e-20 5.7976405596e-22 -1.1911850201e+03 3.7762750633e+02 -4.6638893042e+09 -9.6806367467e+06 3.2132961547e+06 3.6000000000e+03 0.0000000000e+00 -0.0000000000e+00
1.5960000000e+04 7.6195170145e-16 5.1297081694e-18 2.9544684258e+08 6.0298320015e+06 9.7467364352e-20 9.9451164412e-22 -1.2073778643e+03 3.7733610955e+02 -4.6638893041e+09 -9.6806367467e+06 3.2132961547e+06 3.6000000000e+03 0.0000000000e+00 -0.0000000000e+00
1.9560000000e+04 1.1553357062e-15 9.6476243207e-18 2.9107042122e+08 7.3875831970e+06 1.2119599453e-19 1.5377745211e-21 -1.2240493207e+03 3.7695441945e+02 -4.6638893039e+09 -9.6806367467e+06 3.2132961547e+06 3.6000000000e+03 0.0000000000e+00 -0.0000000000e+00
2.3160000000e+04 1.6354269546e-15 1.6369519812e-17 2.8663308037e+08 8.7437859025e+06 1.4564481302e-19 2.2209420891e-21 -1.2412267730e+03 3.7647443395e+02 -4.6638893038e+09 -9.6806367467e+06 3.2132961547e+06 3.6000000000e+03 0.0000000000e+00 -0.0000000000e+00
2.6760000000e+04 2.2048931274e-15 2.5821400576e-17 2.8213294575e+08 1.0098070553e+07 1.7085606135e-19 3.0566518286e-21 -1.2589398994e+03 3.7588727412e+02 -4.6638893036e+09 -9.6806367467e+06 3.2132961547e+06 3.6000000000e+03 0.0000000000e+00 -0.0000000000e+00
3.0360000000e+04 2.8665603936e-15 3.8577263966e-17 2.7756803173e+08 1.1450033863e+07 1.9687561181e-19 4.0589585353e-21 -1.2772209295e+03 3.7518306522e+02 -4.6638893034e+09 -9.6806367467e+06 3.2132961547e+06 3.6000000000e+03 0.0000000000e+00 -0.0000000000e+00
3.3960000000e+04 3.6234272130e-15 5.5264546708e-17 2.7293623162e+08 1.2799235005e+07 2.2375338335e-19 5.2435313884e-21 -1.2961049355e+03 3.7435079827e+02 -4.6638893032e+09 -9.6806367467e+06 3.2132961547e+06 3.6000000000e+03 0.0000000000e+00 -0.0000000000e+00
3.7560000000e+04 4.4786797420e-15 7.6570340378e-17 2.6823530687e+08 1.4145191235e+07 2.5154381766e-19 6.6278842888e-21 -1.3156301677e+03 3.7337816821e+02 -4.6638893029e+09 -9.6806367467e+06 3.2132961547e+06 3.6000000000e+03 0.0000000000e+00 -0.0000000000e+00
4.1160000000e+04 5.4357090761e-15 1.0324850581e-16 2.6346287493e+08 1.5487372900e+07 2.8030642580e-19 8.2316461505e-21 -1.3358384378e+03 3.7225138399e+02 -4.6638893026e+09 -9.6806367467e+06 3.2132961547e+06 3.6000000000e+03 0.0000000000e+00 -0.0000000000e+00
4.4760000000e+04 6.4981306066e-15 1.3612784453e-16 2.5861639567e+08 1.6825197694e+07 3.1010641834e-19 1.0076879398e-20 -1.3567755620e+03 3.7095494482e+02 -4.6638893022e+09 -9.6806367467e+06 3.2132961547e+06 3.6000000000e+03 0.0000000000e+00 -0.0000000000e+00
4.8360000000e+04 7.6698058194e-15 1.7612151867e-16 2.5369315607e+08 1.8158024039e+07 3.4101543441e-19 1.2188456920e-20 -1.3784918731e+03 3.6947137529e+02 -4.6638893018e+09 -9.6806367467e+06 3.2132961547e+06 3.6000000000e+03 0.0000000000e+00 -0.0000000000e+00
5.1960000000e+04 8.9548669229e-15 2.2423795177e-16 2.4869025287e+08 1.9485143430e+07 3.7311238866e-19 1.4594510291e-20 -1.4010428155e+03 3.6778091050e+02 -4.6638893012e+09 -9.6806367467e+06 3.2132961547e+06 3.6000000000e+03 0.0000000000e+00 -0.0000000000e+00
5.5560000000e+04 1.0357744773e-14 2.8159349516e-16 2.4360457301e+08 2.0805771530e+07 4.0648445943e-19 1.7326965347e-20 -1.4244896398e+03 3.6586111973e+02 -4.6638893006e+09 -9.6806367467e+06 3.2132961547e+06 3.6000000000e+03 0.0000000000e+00 -0.0000000000e+00
5.9160000000e+04 1.1883200651e-14 3.4942720933e-16 2.3843277127e+08 2.2119037791e+07 4.4122824681e-19 2.0422185501e-20 -1.4489002161e+03 3.6368645446e+02 -4.6638892998e+09 -9.6806367467e+06 3.2132961547e+06 3.6000000000e+03 0.0000000000e+00 -0.0000000000e+00
6.2760000000e+04 1.3536362567e-14 4.2911819326e-16 2.3317124477e+08 2.3423973273e+07 4.7745113636e-19 2.3921748761e-20 -1.4743499921e+03 3.6122770249e+02 -4.6638892989e+09 -9.6806367467e+06 3.2132961547e+06 3.6000000000e+03 0.0000000000e+00 -0.0000000000e+00
6.6360000000e+04 1.5322766913e-14 5.2220600020e-16 2.2781610370e+08 2.4719496305e+07 5.1527291310e-19 2.7873391758e-20 -1.5009231275e+03 3.5845132461e+02 -4.6638892978e+09 -9.6806367467e+06 3.2132961547e+06 3.6000000000e+03 0.0000000000e+00 -0.0000000000e+00
6.9960000000e+04 1.7248406454e-14 6.3041481566e-16 2.2236313763e+08 2.6004395495e+07 5.5482768211e-19 3.2332163951e-20 -1.5287138429e+03 3.5531864372e+02 -4.6638892964e+09 -9.6806367467e+06 3.2132961547e+06 3.6000000000e+03 0.0000000000e+00 -0.0000000000e+00
7.3560000000e+04 1.9319785893e-14 7.5568225075e-16 2.1680777642e+08 2.7277309499e+07 5.9626616711e-19 3.7361848262e-20 -1.5578280349e+03 3.5178484670e+02 -4.6638892947e+09 -9.6806367467e+06 3.2132961547e+06 3.6000000000e+03 0.0000000000e+00 -0.0000000000e+00
7.7160000000e+04 2.1543986522e-14 9.0019383748e-16 2.1114504484e+08 2.8536702788e+07 6.3975847810e-19 4.3036722269e-20 -1.5883852209e+03 3.4779774698e+02 -4.6638892926e+09 -9.6806367467e+06 3.2132961547e+06 3.6000000000e+03 0.0000000000e+00 -0.0000000000e+00
8.0760000000e+04 2.3928741854e-14 1.0664246206e-15 2.0536950941e+08 2.9780836426e+07 6.8549746598e-19 4.9443758506e-20 -1.6205208957e+03 3.4329623870e+02 -4.6638892899e+09 -9.6806367467e+06 3.2132961547e+06 3.6000000000e+03 0.0000000000e+00 -0.0000000000e+00
8.4360000000e+04 2.6482526614e-14 1.2571896532e-15 1.9947521590e+08 3.1007732589e+07 7.3370281686e-19 5.6685396235e-20 -1.6543894081e+03 3.3820834923e+02 -4.6638892865e+09 -9.6806367467e+06 3.2132961547e+06 3.6000000000e+03 0.0000000000e+00 -0.0000000000e+00
8.7960000000e+04 2.9214662086e-14 1.4757057606e-15 1.9345561527e+08 3.2215131173e+07 7.8462608703e-19 6.4883064521e-20 -1.6901674986e+03 3.3244876393e+02 -4.6638892822e+09 -9.6806367467e+06 3.2132961547e+06 3.6000000000e+03 0.0000000000e+00 -0.0000000000e+00
9.1560000000e+04 3.2135441676e-14 1.7256676972e-15 1.8730347550e+08 3.3400436287e+07 8.3855694486e-19 7.4181703864e-20 -1.7280586849e+03 3.2591564932e+02 -4.6638892765e+09 -9.6806367467e+06 3.2132961547e+06 3.6000000000e+03 0.0000000000e+00 -0.0000000000e+00
9.5160000000e+04 3.5256281629e-14 2.0113428778e-15 1.8101077568e+08 3.4560649696e+07 8.9583097689e-19 8.4755630757e-20 -1.7682987460e+03 3.1848653269e+02 -4.6638892692e+09 -9.6806367467e+06 3.2132961547e+06 3.6000000000e+03 0.0000000000e+00 -0.0000000000e+00
9.8760000000e+04 3.8589903370e-14 2.3376903408e-15 1.7456857788e+08 3.5692287238e+07 9.5683954212e-19 9.6816231689e-20 -1.8111626461e+03 3.1001289636e+02 -4.6638892594e+09 -9.6806367467e+06 3.2132961547e+06 3.6000000000e+03 0.0000000000e+00 -0.0000000000e+00
1.0236000000e+05 4.2150555974e-14 2.7105117086e-15 1.6796687086e+08 3.6791272762e+07 1.0220423400e-18 1.1062218457e-19 -1.8569733649e+03 3.0031299629e+02 -4.6638892461e+09 -9.6806367467e+06 3.2132961547e+06 3.6000000000e+03 0.0000000000e+00 -0.0000000000e+00
1.0596000000e+05 4.5954290100e-14 3.1366449607e-15 1.6119437763e+08 3.7852801982e+07 1.0919836183e-18 1.2649322596e-19 -1.9061132842e+03 2.8916218933e+02 -4.6638892280e+09 -9.6806367467e+06 3.2132961547e+06 3.6000000000e+03 0.0000000000e+00 -0.0000000000e+00
1.0956000000e+05 5.0019298717e-14 3.6242163237e-15 1.5423831601e+08 3.8871165509e+07 1.1673133291e-18 1.4482897765e-19 -1.9590390527e+03 2.7627970591e+02 -4.6638892027e+09 -9.6806367467e+06 3.2132961547e+06 3.6000000000e+03 0.0000000000e+00 -0.0000000000e+00
1.1316000000e+05 5.4366345607e-14 4.1829723312e-15 1.4708409762e+08 3.9839515542e+07 1.2488151109e-18 1.6613512877e-19 -2.0163012458e+03 2.6131025479e+02 -4.6638891667e+09 -9.6806367467e+06 3.2132961547e+06 3.6000000000e+03 0.0000000000e+00 -0.0000000000e+00
1.1676000000e+05 5.9019310836e-14 4.8247244680e-15 1.3971494460e+08 4.0749553471e+07 1.3374438396e-18 1.9106053637e-19 -2.0785707479e+03 2.4379795665e+02 -4.6638891143e+09 -9.6806367467e+06 3.2132961547e+06 3.5273635907e+03 0.0000000000e+00 -0.0000000000e+00
1.2028736359e+05 6.3901780875e-14 5.5479657472e-15 1.3226726970e+08 4.1574878994e+07 1.4323299239e-18 2.1980701783e-19 -2.1452365944e+03 2.2360101697e+02 -4.6638890438e+09 -9.6806367467e+06 3.2132961547e+06 3.1879883353e+03 0.0000000000e+00 -0.0000000000e+00
1.2347535193e+05 6.8615297072e-14 6.2961040512e-15 1.2532481373e+08 4.2254416489e+07 1.5260871740e-18 2.5034409436e-19 -2.2111093353e+03 2.0214602626e+02 -4.6638889804e+09 -9.6806367467e+06 3.2132961547e+06 2.8715528734e+03 0.0000000000e+00 -0.0000000000e+00
1.2634690480e+05 7.3127817166e-14 7.0598869501e-15 1.1888396311e+08 4.2803338646e+07 1.6181168324e-18 2.8242199235e-19 -2.2757682905e+03 1.7960847252e+02 -4.6638889251e+09 -9.6806367467e+06 3.2132961547e+06 2.5855838395e+03 0.0000000000e+00 -0.0000000000e+00
1.2867261055e+05 7.6983681707e-14 7.7506823241e-15 1.1352613539e+08 4.3197191749e+07 1.6987198521e-18 3.1226442365e-19 -2.3323990239e+03 1.5864153138e+02 -4.6638888977e+09 -9.6806367467e+06 3.2132961547e+06 2.3421930250e+03 0.0000000000e+00 -0.0000000000e+00
1.3101480358e+05 8.1063518650e-14 8.5212927743e-15 1.0799216997e+08 4.3541200482e+07 1.7861752267e-18 3.4652968043e-19 -2.3938441412e+03 1.3456716509e+02 -4.6638888581e+09 -9.6806367467e+06 3.2132961547e+06 2.1121829519e+03 0.0000000000e+00 -0.0000000000e+00
1.3290394807e+05 8.4508621045e-14 9.2049353883e-15 1.0342013784e+08 4.3775043666e+07 1.8619103273e-18 3.7782309092e-19 -2.4470547319e+03 1.1258078303e+02 -4.6638888394e+09 -9.6806367467e+06 3.2132961547e+06 1.9055318551e+03 0.0000000000e+00 -0.0000000000e+00
1.3460509196e+05 8.7737168266e-14 9.8739556272e-15 9.9214368426e+07 4.3948089575e+07 1.9345711895e-18 4.0929120841e-19 -2.4981053989e+03 9.0471653894e+01 -4.6638888247e+09 -9.6806367467e+06 3.2132961547e+06 1.7179266099e+03 0.0000000000e+00 -0.0000000000e+00
1.3612283066e+05 9.0725048587e-14 1.0518381717e-14 9.5386568624e+07 4.4069081496e+07 2.0033639662e-18 4.4041642952e-19 -2.5464383945e+03 6.8603439723e+01 -4.6638888139e+09 -9.6806367467e+06 3.2132961547e+06 1.5369790355e+03 0.0000000000e+00 -0.0000000000e+00
1.3745487829e+05 9.3435729394e-14 1.1124740565e-14 9.1965009207e+07 4.4146621318e+07 2.0671366857e-18 4.7045272974e-19 -2.5912443569e+03 4.7500288553e+01 -4.6638888066e+09 -9.6806367467e+06 3.2132961547e+06 1.3569127458e+03 0.0000000000e+00 -0.0000000000e+00
1.3858288503e+05 9.5799217398e-14 1.1670824300e-14 8.9019765225e+07 4.4189375160e+07 2.1238522783e-18 4.9814082771e-19 -2.6310920650e+03 2.8046956667e+01 -4.6638888027e+09 -9.6806367467e+06 3.2132961547e+06 1.1684563273e+03 0.0000000000e+00 -0.0000000000e+00
1.3942693625e+05 9.7610398259e-14 1.2100563935e-14 8.6785962244e+07 4.4206525917e+07 2.1680443507e-18 5.2036369430e-19 -2.6621408952e+03 1.2433432047e+01 -4.6638888015e+09 -9.6806367467e+06 3.2132961547e+06 9.6317161292e+02 0.0000000000e+00 -0.0000000000e+00
1.4025545857e+05 9.9425177561e-14 1.2541205548e-14 8.4567316873e+07 4.4210146609e+07 2.2129821983e-18 5.4355427635e-19 -2.6937136982e+03 -3.8599980728e+00 -4.6638888004e+09 -9.6806367467e+06 3.2132961547e+06 7.5966752898e+02 0.0000000000e+00 -0.0000000000e+00
1.4101512610e+05 1.0112241540e-13 1.2962615518e-14 8.2509673373e+07 4.4201249716e+07 2.2556240560e-18 5.6612153894e-19 -2.7236733658e+03 -1.9715491270e+01 -4.6638887994e+09 -9.6806367467e+06 3.2132961547e+06 9.8210431629e+02 0.0000000000e+00 -0.0000000000e+00
1.4199723042e+05 1.0336560406e-13 1.3533731951e-14 7.9815118331e+07 4.4171259679e+07 2.3129241085e-18 5.9732324431e-19 -2.7639317085e+03 -4.1637442386e+01 -4.6638887956e+09 -9.6806367467e+06 3.2132961547e+06 1.0930462261e+03 0.0000000000e+00 -0.0000000000e+00
1.4309027664e+05 1.0592997232e-13 1.4206940239e-14 7.6768554724e+07 4.4111481013e+07 2.3797899690e-18 6.3503315661e-19 -2.8109108755e+03 -6.8131983119e+01 -4.6638887873e+09 -9.6806367467e+06 3.2132961547e+06 1.1498919642e+03 0.0000000000e+00 -0.0000000000e+00
1.4424016861e+05 1.0870872225e-13 1.4961772448e-14 7.3506627547e+07 4.4015844010e+07 2.4539544392e-18 6.7854088196e-19 -2.8630179597e+03 -9.8699999100e+01 -4.6638887737e+09 -9.6806367467e+06 3.2132961547e+06 1.1750616339e+03 0.0000000000e+00 -0.0000000000e+00
1.4541523024e+05 1.1163894121e-13 1.5787461951e-14 7.0109614317e+07 4.3879938518e+07 2.5341722929e-18 7.2765482510e-19 -2.9193780800e+03 -1.3320687774e+02 -4.6638887539e+09 -9.6806367467e+06 3.2132961547e+06 1.1794576672e+03 0.0000000000e+00 -0.0000000000e+00
1.4659468791e+05 1.1467778280e-13 1.6677417618e-14 6.6631277468e+07 4.3700542229e+07 2.6196427709e-18 7.8242124615e-19 -2.9794286323e+03 -1.7168512085e+02 -4.6638887273e+09 -9.6806367467e+06 3.2132961547e+06 1.1694483807e+03 0.0000000000e+00 -0.0000000000e+00
1.4776413629e+05 1.1779348135e-13 1.7627193954e-14 6.3110341381e+07 4.3475332783e+07 2.7097921596e-18 8.4302336136e-19 -3.0427665322e+03 -2.1426345403e+02 -4.6638886933e+09 -9.6806367467e+06 3.2132961547e+06 1.1491976774e+03 0.0000000000e+00 -0.0000000000e+00
1.4891333397e+05 1.2096122136e-13 1.8633592231e-14 5.9575905078e+07 4.3202685956e+07 2.8041731003e-18 9.0973833198e-19 -3.1090774708e+03 -2.6113660751e+02 -4.6638886512e+09 -9.6806367467e+06 3.2132961547e+06 1.1216287655e+03 0.0000000000e+00 -0.0000000000e+00
1.5003496273e+05 1.2416096143e-13 1.9694212151e-14 5.6050384093e+07 4.2881521631e+07 2.9024102636e-18 9.8291728915e-19 -3.1780977460e+03 -3.1255128189e+02 -4.6638886005e+09 -9.6806367467e+06 3.2132961547e+06 1.0888908652e+03 0.0000000000e+00 -0.0000000000e+00
1.5112385360e+05 1.2737617094e-13 2.0807212554e-14 5.2551279614e+07 4.2511179327e+07 3.0041672099e-18 1.0629761797e-18 -3.2495909794e+03 -3.6879971651e+02 -4.6638885406e+09 -9.6806367467e+06 3.2132961547e+06 1.0526130921e+03 0.0000000000e+00 -0.0000000000e+00
1.5217646669e+05 1.3059304020e-13 2.1971180842e-14 4.9092325707e+07 4.2091313326e+07 3.1091237988e-18 1.1503924553e-18 -3.3233322439e+03 -4.3021736334e+02 -4.6638884712e+09 -9.6806367467e+06 3.2132961547e+06 1.0140555737e+03 0.0000000000e+00 -0.0000000000e+00
1.5319052226e+05 1.3379995681e-13 2.3185064547e-14 4.5684277511e+07 4.1621801254e+07 3.2169590325e-18 1.2457053771e-18 -3.3990960105e+03 -4.9718310084e+02 -4.6638883918e+09 -9.6806367467e+06 3.2132961547e+06 9.7420613364e+02 0.0000000000e+00 -0.0000000000e+00
1.5416472840e+05 1.3698714107e-13 2.4448141802e-14 4.2335477498e+07 4.1102661895e+07 3.3273365695e-18 1.3495189056e-18 -3.4766459694e+03 -5.7012126467e+02 -4.6638883021e+09 -9.6806367467e+06 3.2132961547e+06 9.3384593491e+02 0.0000000000e+00 -0.0000000000e+00
1.5509857433e+05 1.4014638186e-13 2.5760018696e-14 3.9052276413e+07 4.0533978924e+07 3.4398912144e-18 1.4625067430e-18 -3.5557255387e+03 -6.4950518994e+02 -4.6638882019e+09 -9.6806367467e+06 3.2132961547e+06 8.9359632391e+02 0.0000000000e+00 -0.0000000000e+00
1.5599217066e+05 1.4327083904e-13 2.7120647539e-14 3.5839354096e+07 3.9915827651e+07 3.5542151821e-18 1.5854194344e-18 -3.6360482135e+03 -7.3586220090e+02 -4.6638880910e+09 -9.6806367467e+06 3.2132961547e+06 8.5395372299e+02 0.0000000000e+00 -0.0000000000e+00
1.5684612438e+05 1.4635489230e-13 2.8530363732e-14 3.2699967994e+07 3.9248201899e+07 3.6698431159e-18 1.7190936780e-18 -3.7172870394e+03 -8.2978015177e+02 -4.6638879695e+09 -9.6806367467e+06 3.2132961547e+06 8.1531665344e+02 0.0000000000e+00 -0.0000000000e+00
1.5766144103e+05 1.4939402406e-13 2.9989941524e-14 2.9636146908e+07 3.8530937816e+07 3.7862348314e-18 1.8644642015e-18 -3.7990624894e+03 -9.3191577134e+02 -4.6638878376e+09 -9.6806367467e+06 3.2132961547e+06 7.7800745769e+02 0.0000000000e+00 -0.0000000000e+00
1.5843944849e+05 1.5238472923e-13 3.1500671272e-14 2.6648841160e+07 3.7763630795e+07 3.9027545873e-18 2.0225787913e-18 -3.8809278991e+03 -1.0430052220e+03 -4.6638876958e+09 -9.6806367467e+06 3.2132961547e+06 7.4229048289e+02 0.0000000000e+00 -0.0000000000e+00
1.5918173897e+05 1.5532444766e-13 3.3064463276e-14 2.3738036102e+07 3.6945540596e+07 4.0186453333e-18 2.1946173406e-18 -3.9623513738e+03 -1.1638774828e+03 -4.6638875450e+09 -9.6806367467e+06 3.2132961547e+06 7.0838800780e+02 0.0000000000e+00 -0.0000000000e+00
1.5989012698e+05 1.5821151745e-13 3.4683986416e-14 2.0902832834e+07 3.6075478039e+07 4.1329958005e-18 2.3819161567e-18 -4.0426926667e+03 -1.2954714274e+03 -4.6638873864e+09 -9.6806367467e+06 3.2132961547e+06 6.7649500504e+02 0.0000000000e+00 -0.0000000000e+00
1.6056662199e+05 1.6104514899e-13 3.6362854118e-14 1.8141497548e+07 3.5151664025e+07 4.2446973439e-18 2.5859992846e-18 -4.1211728570e+03 -1.4388578321e+03 -4.6638872221e+09 -9.6806367467e+06 3.2132961547e+06 6.4679373753e+02 0.0000000000e+00 -0.0000000000e+00
1.6121341572e+05 1.6382542085e-13 3.8105876455e-14 1.5451478866e+07 3.4171547606e+07 4.3523859088e-18 2.8086193151e-18 -4.1968335758e+03 -1.5952680465e+03 -4.6638870545e+09 -9.6806367467e+06 3.2132961547e+06 6.1946923327e+02 0.0000000000e+00 -0.0000000000e+00
1.6183288496e+05 1.6655329933e-13 3.9919406405e-14 1.2829390997e+07 3.3131563752e+07 4.4543619641e-18 3.0518110771e-18 -4.2684807525e+03 -1.7661317174e+03 -4.6638868875e+09 -9.6806367467e+06 3.2132961547e+06 5.9472669089e+02 0.0000000000e+00 -0.0000000000e+00
1.6242761165e+05 1.6923068176e-13 4.1811821609e-14 1.0270960300e+07 3.2026802503e+07 4.5484770239e-18 3.3179626784e-18 -4.3346048863e+03 -1.9531267013e+03 -4.6638867258e+09 -9.6806367467e+06 3.2132961547e+06 5.7281150855e+02 0.0000000000e+00 -0.0000000000e+00
1.6300042316e+05 1.7186045673e-13 4.3794200535e-14 7.7709372098e+06 3.0850549100e+07 4.6319682150e-18 3.6099089310e-18 -4.3932648149e+03 -2.1582447037e+03 -4.6638865758e+09 -9.6806367467e+06 3.2132961547e+06 5.5403064130e+02 0.0000000000e+00 -0.0000000000e+00
1.6355445380e+05 1.7444654904e-13 4.5881268149e-14 5.3229945396e+06 2.9593642834e+07 4.7012101816e-18 3.9310498241e-18 -4.4419134060e+03 -2.3838745170e+03 -4.6638864452e+09 -9.6806367467e+06 3.2132961547e+06 5.0090417171e+02 0.0000000000e+00 -0.0000000000e+00
1.6397423572e+05 1.7642904142e-13 4.7587674741e-14 3.4520297420e+06 2.8553433831e+07 4.7421240280e-18 4.2033448408e-18 -4.4706589932e+03 -2.5751857923e+03 -4.6638864129e+09 -9.6806367467e+06 3.2132961547e+06 4.3127105683e+02 0.0000000000e+00 -0.0000000000e+00
1.6432277881e+05 1.7808627243e-13 4.9095214195e-14 1.8907235415e+06 2.7626015780e+07 4.7655062129e-18 4.4505032092e-18 -4.4870870412e+03 -2.7488363542e+03 -4.6638864008e+09 -9.6806367467e+06 3.2132961547e+06 3.6575432497e+02 0.0000000000e+00 -0.0000000000e+00
1.6455792414e+05 1.7920802230e-13 5.0162509024e-14 8.3478863958e+05 2.6965040116e+07 4.7743667074e-18 4.6288485707e-18 -4.4933123204e+03 -2.8741397070e+03 -4.6638863990e+09 -9.6806367467e+06 3.2132961547e+06 3.0171160414e+02 0.0000000000e+00 -0.0000000000e+00
1.6482638652e+05 1.8049021789e-13 5.1433835453e-14 -3.7181828544e+05 2.6173309257e+07 4.7761721398e-18 4.8445046383e-18 -4.4945807959e+03 -3.0256571230e+03 -4.6638863957e+09 -9.6806367467e+06 3.2132961547e+06 2.5128430511e+02 0.0000000000e+00 -0.0000000000e+00
1.6507767083e+05 1.8168962049e-13 5.2677814315e-14 -1.5006917469e+06 2.5394298566e+07 4.7683351036e-18 5.0584419991e-18 -4.4890745865e+03 -3.1759669958e+03 -4.6638863930e+09 -9.6806367467e+06 3.2132961547e+06 3.2691733662e+02 0.0000000000e+00 -0.0000000000e+00
1.6540458816e+05 1.8324464961e-13 5.4379385354e-14 -2.9655625546e+06 2.4322380916e+07 4.7415395743e-18 5.3547774789e-18 -4.4702483629e+03 -3.3841688176e+03 -4.6638863801e+09 -9.6806367467e+06 3.2132961547e+06 3.7104945952e+02 0.0000000000e+00 -0.0000000000e+00
1.6577563762e+05 1.8499421319e-13 5.6432480294e-14 -4.6173729935e+06 2.3020170189e+07 4.6833720503e-18 5.7160424812e-18 -4.4293805448e+03 -3.6379893580e+03 -4.6638863350e+09 -9.6806367467e+06 3.2132961547e+06 4.0943036974e+02 0.0000000000e+00 -0.0000000000e+00
1.6618506799e+05 1.8689156616e-13 5.8859481865e-14 -6.4167304776e+06 2.1469766383e+07 4.5766221195e-18 6.1444824679e-18 -4.3543792994e+03 -3.9390062522e+03 -4.6638861659e+09 -9.6806367467e+06 3.2132961547e+06 4.7020580904e+02 0.0000000000e+00 -0.0000000000e+00
1.6665527380e+05 1.8900171300e-13 6.1871043245e-14 -8.4348114837e+06 1.9531632967e+07 4.3852092722e-18 6.6704240251e-18 -4.2198948847e+03 -4.3085266027e+03 -4.6638853683e+09 -9.6806367467e+06 3.2132961547e+06 4.5211215141e+02 0.0000000000e+00 -0.0000000000e+00
1.6710738595e+05 1.9092695913e-13 6.5005928577e-14 -1.0302376595e+07 1.7500013559e+07 4.1163131403e-18 7.1999559271e-18 -4.0309716259e+03 -4.6805694873e+03 -4.6638839367e+09 -9.6806367467e+06 3.2132961547e+06 4.0740604682e+02 0.0000000000e+00 -0.0000000000e+00
1.6751479200e+05 1.9254052478e-13 6.8037681350e-14 -1.1900042944e+07 1.5523953409e+07 3.7909781101e-18 7.6826670733e-18 -3.8023950612e+03 -5.0197166597e+03 -4.6638824534e+09 -9.6806367467e+06 3.2132961547e+06 3.6732292494e+02 0.0000000000e+00 -0.0000000000e+00
1.6788211493e+05 1.9386785953e-13 7.0938194244e-14 -1.3250956234e+07 1.3624948037e+07 3.4242739584e-18 8.1069356320e-18 -3.5447530384e+03 -5.3178027576e+03 -4.6638812256e+09 -9.6806367467e+06 3.2132961547e+06 3.4215933953e+02 0.0000000000e+00 -0.0000000000e+00
1.6822427426e+05 1.9497194610e-13 7.3776412680e-14 -1.4416359208e+07 1.1760197306e+07 3.0193709182e-18 8.4779818674e-18 -3.2602729259e+03 -5.5784954773e+03 -4.6638802567e+09 -9.6806367467e+06 3.2132961547e+06 3.3128371555e+02 0.0000000000e+00 -0.0000000000e+00
1.6855555798e+05 1.9589963352e-13 7.6639734872e-14 -1.5445439978e+07 9.8736976076e+06 2.5727681379e-18 8.8012401450e-18 -2.9464950666e+03 -5.8056129402e+03 -4.6638795248e+09 -9.6806367467e+06 3.2132961547e+06 3.0541782808e+02 0.0000000000e+00 -0.0000000000e+00
1.6886097581e+05 1.9661717044e-13 7.9368001672e-14 -1.6297412867e+07 8.0723080313e+06 2.1201170449e-18 9.0570200979e-18 -2.6284677340e+03 -5.9853209259e+03 -4.6638792206e+09 -9.6806367467e+06 3.2132961547e+06 2.7610312547e+02 0.0000000000e+00 -0.0000000000e+00
1.6913707893e+05 1.9714291419e-13 8.1895785742e-14 -1.6981247656e+07 6.4006932834e+06 1.6847443101e-18 9.2463371418e-18 -2.3225799725e+03 -6.1183328537e+03 -4.6638791902e+09 -9.6806367467e+06 3.2132961547e+06 2.5830599414e+02 0.0000000000e+00 -0.0000000000e+00
1.6939538493e+05 1.9752377739e-13 8.4302741094e-14 -1.7543021958e+07 4.8072434359e+06 1.2623882039e-18 9.3834758197e-18 -2.0258375412e+03 -6.2146848753e+03 -4.6638792815e+09 -9.6806367467e+06 3.2132961547e+06 2.4055103134e+02 0.0000000000e+00 -0.0000000000e+00
1.6963593596e+05 1.9777941821e-13 8.6571638123e-14 -1.7996595387e+07 3.3040797476e+06 8.6255152346e-19 9.4747851737e-18 -1.7449169935e+03 -6.2788377533e+03 -4.6638794114e+09 -9.6806367467e+06 3.2132961547e+06 2.2336456944e+02 0.0000000000e+00 -0.0000000000e+00
1.6985930053e+05 1.9793054597e-13 8.8694473767e-14 -1.8357165531e+07 1.8970399880e+06 4.9100695148e-19 9.5280058249e-18 -1.4838741483e+03 -6.3162299566e+03 -4.6638795316e+09 -9.6806367467e+06 3.2132961547e+06 2.0280496689e+02 0.0000000000e+00 -0.0000000000e+00
1.7002520956e+05 1.9798928555e-13 9.0277165015e-14 -1.8587388803e+07 8.4777913171e+05 2.1763869108e-19 9.5483482090e-18 -1.2918088247e+03 -6.3305222764e+03 -4.6638795617e+09 -9.6806367467e+06 3.2132961547e+06 1.7667454833e+02 0.0000000000e+00 -0.0000000000e+00
1.7013419446e+05 1.9800331831e-13 9.1318112337e-14 -1.8721370791e+07 1.5762188059e+05 4.0214542125e-20 9.5531396492e-18 -1.1671527050e+03 -6.3338886859e+03 -4.6638795654e+09 -9.6806367467e+06 3.2132961547e+06 1.2910234460e+02 0.0000000000e+00 -0.0000000000e+00
1.7026329681e+05 1.9799509401e-13 9.2551363679e-14 -1.8862626960e+07 -6.6004081884e+05 -1.6704277248e-19 9.5503872593e-18 -1.0215361541e+03 -6.3319548892e+03 -4.6638795742e+09 -9.6806367467e+06 3.2132961547e+06 1.7564466299e+02 0.0000000000e+00 -0.0000000000e+00
1.7043894147e+05 1.9794142152e-13 9.4227515598e-14 -1.9024958729e+07 -1.7712856352e+06 -4.4280741294e-19 9.5327400260e-18 -8.2778716196e+02 -6.3195561507e+03 -4.6638796143e+09 -9.6806367467e+06 3.2132961547e+06 2.2080544666e+02 0.0000000000e+00 -0.0000000000e+00
1.7065974692e+05 1.9780644791e-13 9.6328045149e-14 -1.9181602836e+07 -3.1636208337e+06 -7.7731248233e-19 9.4896379970e-18 -5.9276783556e+02 -6.2892731722e+03 -4.6638797308e+09 -9.6806367467e+06 3.2132961547e+06 2.3044588945e+02 0.0000000000e+00 -0.0000000000e+00
1.7089019281e+05 1.9758867116e-13 9.8507572273e-14 -1.9291049918e+07 -4.6078143742e+06 -1.1097232539e-18 9.4226143175e-18 -3.5921993819e+02 -6.2421831235e+03 -4.6638798540e+09 -9.6806367467e+06 3.2132961547e+06 2.2230439570e+02 0.0000000000e+00 -0.0000000000e+00
1.7108925689e+05 1.9734044866e-13 1.0037617913e-13 -1.9343365483e+07 -5.8454224104e+06 -1.3817569248e-18 9.3490910808e-18 -1.6809228137e+02 -6.1905265624e+03 -4.6638799019e+09 -9.6806367467e+06 3.2132961547e+06 2.0386420411e+02 0.0000000000e+00 -0.0000000000e+00
1.7122739848e+05 1.9713704657e-13 1.0166371110e-13 -1.9357786816e+07 -6.6978048886e+06 -1.5618764610e-18 9.2907402892e-18 -4.1542414341e+01 -6.1495299827e+03 -4.6638799081e+09 -9.6806367467e+06 3.2132961547e+06 1.6269903892e+02 0.0000000000e+00 -0.0000000000e+00
1.7139009752e+05 1.9686629396e-13 1.0316926569e-13 -1.9352856897e+07 -7.6940839222e+06 -1.7646967318e-18 9.2153788832e-18 1.0095672181e+02 -6.0965819454e+03 -4.6638799200e+09 -9.6806367467e+06 3.2132961547e+06 2.0221978492e+02 0.0000000000e+00 -0.0000000000e+00
1.7159231731e+05 1.9648511634e-13 1.0502261380e-13 -1.9315353783e+07 -8.9197783770e+06 -2.0026217104e-18 9.1132355394e-18 2.6812001268e+02 -6.0248172337e+03 -4.6638799478e+09 -9.6806367467e+06 3.2132961547e+06 2.5717662708e+02 0.0000000000e+00 -0.0000000000e+00
1.7184949394e+05 1.9593353835e-13 1.0734846126e-13 -1.9220719638e+07 -1.0456669719e+07 -2.2827069815e-18 8.9725665329e-18 4.6490462902e+02 -5.9259848447e+03 -4.6638800149e+09 -9.6806367467e+06 3.2132961547e+06 3.0058017018e+02 0.0000000000e+00 -0.0000000000e+00
1.7215007411e+05 1.9520204196e-13 1.1001931944e-13 -1.9049109169e+07 -1.2219553473e+07 -2.5790830543e-18 8.7971967108e-18 6.7313497101e+02 -5.8027720708e+03 -4.6638801105e+09 -9.6806367467e+06 3.2132961547e+06 3.3529839976e+02 0.0000000000e+00 -0.0000000000e+00
1.7248537251e+05 1.9428703045e-13 1.1293496138e-13 -1.8788103669e+07 -1.4141294721e+07 -2.8725170570e-18 8.5930762457e-18 8.7929824914e+02 -5.6593594335e+03 -4.6638802089e+09 -9.6806367467e+06 3.2132961547e+06 3.6078147903e+02 0.0000000000e+00 -0.0000000000e+00
1.7280000000e+05 1.9334431475e-13 1.1560791213e-13 -1.8484091473e+07 -1.5900338315e+07 -3.1150191311e-18 8.3978538994e-18 1.0496773535e+03 -5.5221985097e+03 -4.6638802496e+09 -9.6806367467e+06 3.2132961547e+06 3.7737459232e+02 0.0000000000e+00 -0.0000000000e+00
1.7280000000e+05 1.9334431475e-13 1.1560791213e-13 -1.8484091473e+07 -1.5900338315e+07 -3.1150191311e-18 8.3978538994e-18 1.0496773535e+03 -5.5221985097e+03 -4.6638802496e+09 -9.6806367467e+06 3.2132961547e+06 3.7737459232e+02 0.0000000000e+00 -0.0000000000e+00
