0.0000000000e+00 0.0000000000e+00 0.0000000000e+00 3.1415900000e+08 0.0000000000e+00 0.0000000000e+00 0.0000000000e+00 -1.1785300190e+03 2.2598007280e+02 -4.6638893088e+09 -1.0017505161e+07 1.9208306188e+06 1.0000000000e+01 0.0000000000e+00 -0.0000000000e+00
1.0000000000e+01 2.8740014457e-22 6.8912807432e-28 3.1414721450e+08 2.2598007275e+03 5.7480747713e-23 2.0674230027e-28 -1.1785704043e+03 2.2598007265e+02 -4.6638893088e+09 -1.0017505162e+07 1.9208306188e+06 5.0000000000e+01 0.0000000000e+00 -0.0000000000e+00
6.0000000000e+01 1.0347699277e-20 1.4889355734e-25 3.1408828093e+08 1.3558804263e+04 3.4494919536e-22 7.4455159624e-27 -1.1787723762e+03 2.2598006757e+02 -4.6638893088e+09 -1.0017505162e+07 1.9208306188e+06 2.5000000000e+02 0.0000000000e+00 -0.0000000000e+00
3.1000000000e+02 2.7639899392e-19 2.0564528835e-23 3.1379346150e+08 7.0053808120e+04 1.7839115840e-21 1.9912747330e-25 -1.1797833743e+03 2.2597993290e+02 -4.6638893088e+09 -1.0017505162e+07 1.9208306188e+06 1.2500000000e+03 0.0000000000e+00 -0.0000000000e+00
1.5600000000e+03 7.0214366505e-18 2.6392276411e-21 3.1231555999e+08 3.5252705928e+05 9.0195327029e-21 5.0904097299e-24 -1.1848670366e+03 2.2597649634e+02 -4.6638893088e+09 -1.0017505162e+07 1.9208306188e+06 3.6000000000e+03 0.0000000000e+00 -0.0000000000e+00
5.1600000000e+03 7.7526413297e-17 9.7499829404e-20 3.0802331596e+08 1.1659886734e+06 3.0247752190e-20 5.7249579950e-23 -1.1997817338e+03 2.2593984992e+02 -4.6638893087e+09 -1.0017505162e+07 1.9208306188e+06 3.6000000000e+03 0.0000000000e+00 -0.0000000000e+00
8.7600000000e+03 2.2552898599e-16 4.8718209719e-19 3.0367662302e+08 1.9792431493e+06 5.2079168685e-20 1.6971382891e-22 -1.2151202302e+03 2.2586083386e+02 -4.6638893086e+09 -1.0017505162e+07 1.9208306188e+06 3.6000000000e+03 0.0000000000e+00 -0.0000000000e+00
1.2360000000e+04 4.5326071189e-16 1.3980971118e-18 2.9927391332e+08 2.7921314132e+06 7.4547583475e-20 3.4774518220e-22 -1.2309062741e+03 2.2573575113e+02 -4.6638893084e+09 -1.0017505162e+07 1.9208306188e+06 3.6000000000e+03 0.0000000000e+00 -0.0000000000e+00
1.5960000000e+04 7.6307976777e-16 3.0765926308e-18 2.9481353003e+08 3.6044803841e+06 9.7689587611e-20 5.9716907842e-22 -1.2471655740e+03 2.2556050883e+02 -4.6638893083e+09 -1.0017505162e+07 1.9208306188e+06 3.6000000000e+03 0.0000000000e+00 -0.0000000000e+00
1.9560000000e+04 1.1574815358e-15 5.7911122780e-18 2.9029371992e+08 4.4161014566e+06 1.2154486996e-19 9.2444892016e-22 -1.2639260147e+03 2.2533056586e+02 -4.6638893081e+09 -1.0017505162e+07 1.9208306188e+06 3.6000000000e+03 0.0000000000e+00 -0.0000000000e+00
2.3160000000e+04 1.6391103735e-15 9.8346440399e-18 2.8571262510e+08 5.2267887808e+06 1.4615656829e-19 1.3367725927e-21 -1.2812179044e+03 2.2504087210e+02 -4.6638893080e+09 -1.0017505162e+07 1.9208306188e+06 3.6000000000e+03 0.0000000000e+00 -0.0000000000e+00
2.6760000000e+04 2.2107727364e-15 1.5527505128e-17 2.8106827378e+08 6.0363173057e+06 1.7157167068e-19 1.8421532360e-21 -1.2990742563e+03 2.2468579761e+02 -4.6638893077e+09 -1.0017505162e+07 1.9208306188e+06 3.6000000000e+03 0.0000000000e+00 -0.0000000000e+00
3.0360000000e+04 2.8754518486e-15 2.3220519380e-17 2.7635856998e+08 6.8444405465e+06 1.9784147614e-19 2.4495470644e-21 -1.3175311126e+03 2.2425904985e+02 -4.6638893075e+09 -1.0017505162e+07 1.9208306188e+06 3.6000000000e+03 0.0000000000e+00 -0.0000000000e+00
3.3960000000e+04 3.6363241542e-15 3.3298654549e-17 2.7158128198e+08 7.6508880294e+06 2.2502212502e-19 3.1689916746e-21 -1.3366279167e+03 2.2375357653e+02 -4.6638893072e+09 -1.0017505162e+07 1.9208306188e+06 3.6000000000e+03 0.0000000000e+00 -0.0000000000e+00
3.7560000000e+04 4.4967778232e-15 4.6185200609e-17 2.6673402929e+08 8.4553623558e+06 2.5317521226e-19 4.0117690901e-21 -1.3564079446e+03 2.2316145103e+02 -4.6638893068e+09 -1.0017505162e+07 1.9208306188e+06 3.6000000000e+03 0.0000000000e+00 -0.0000000000e+00
4.1160000000e+04 5.4604336368e-15 6.2346587298e-17 2.6181426799e+08 9.2575358177e+06 2.8236849916e-19 4.9905988294e-21 -1.3769188045e+03 2.2247373678e+02 -4.6638893064e+09 -1.0017505162e+07 1.9208306188e+06 3.6000000000e+03 0.0000000000e+00 -0.0000000000e+00
4.4760000000e+04 6.5311686408e-15 8.2297960431e-17 2.5681927410e+08 1.0057046480e+07 3.1267674318e-19 6.1198676111e-21 -1.3982130202e+03 2.2168032581e+02 -4.6638893059e+09 -1.0017505162e+07 1.9208306188e+06 3.6000000000e+03 0.0000000000e+00 -0.0000000000e+00
4.8360000000e+04 7.7131430352e-15 1.0660966330e-16 2.5174612473e+08 1.0853493625e+07 3.4418266975e-19 7.4159040222e-21 -1.4203487136e+03 2.2076974588e+02 -4.6638893053e+09 -1.0017505162e+07 1.9208306188e+06 3.6000000000e+03 0.0000000000e+00 -0.0000000000e+00
5.1960000000e+04 9.0108308600e-15 1.3591480322e-16 2.4659167646e+08 1.1646432441e+07 3.7697811589e-19 8.8973087031e-21 -1.4433904082e+03 2.1972892838e+02 -4.6638893046e+09 -1.0017505162e+07 1.9208306188e+06 3.6000000000e+03 0.0000000000e+00 -0.0000000000e+00
5.5560000000e+04 1.0429055163e-14 1.7091812641e-16 2.4135254068e+08 1.2435367780e+07 4.1116538295e-19 1.0585353527e-20 -1.4674099798e+03 2.1854292795e+02 -4.6638893037e+09 -1.0017505162e+07 1.9208306188e+06 3.6000000000e+03 0.0000000000e+00 -0.0000000000e+00
5.9160000000e+04 1.1973028482e-14 2.1240647938e-16 2.3602505512e+08 1.3219746813e+07 4.4685884557e-19 1.2504467113e-20 -1.4924877867e+03 2.1719458132e+02 -4.6638893027e+09 -1.0017505162e+07 1.9208306188e+06 3.6000000000e+03 0.0000000000e+00 -0.0000000000e+00
6.2760000000e+04 1.3648399668e-14 2.6126120643e-16 2.3060525097e+08 1.3998950319e+07 4.8418687648e-19 1.4682829162e-20 -1.5187140221e+03 2.1566408977e+02 -4.6638893014e+09 -1.0017505162e+07 1.9208306188e+06 3.6000000000e+03 0.0000000000e+00 -0.0000000000e+00
6.6360000000e+04 1.5461308321e-14 3.1847292547e-16 2.2508881461e+08 1.4772282300e+07 5.2329416390e-19 1.7153103050e-20 -1.5461903422e+03 2.1392850440e+02 -4.6638892997e+09 -1.0017505162e+07 1.9208306188e+06 3.6000000000e+03 0.0000000000e+00 -0.0000000000e+00
6.9960000000e+04 1.7418448413e-14 3.8515924668e-16 2.1947104294e+08 1.5538957538e+07 5.6434451998e-19 1.9953345550e-20 -1.5750318394e+03 2.1196108696e+02 -4.6638892977e+09 -1.0017505162e+07 1.9208306188e+06 3.6000000000e+03 0.0000000000e+00 -0.0000000000e+00
7.3560000000e+04 1.9527143096e-14 4.6258616038e-16 2.1374679079e+08 1.6298086561e+07 6.0752430944e-19 2.3128145551e-20 -1.6053694515e+03 2.0973050983e+02 -4.6638892952e+09 -1.0017505162e+07 1.9208306188e+06 3.6000000000e+03 0.0000000000e+00 -0.0000000000e+00
7.7160000000e+04 2.1795433221e-14 5.5219403810e-16 2.0791040877e+08 1.7048657382e+07 6.5304666771e-19 2.6730061709e-20 -1.6373529248e+03 2.0719984591e+02 -4.6638892919e+09 -1.0017505162e+07 1.9208306188e+06 3.6000000000e+03 0.0000000000e+00 -0.0000000000e+00
8.0760000000e+04 2.4232182786e-14 6.5562948566e-16 2.0195566912e+08 1.7789513116e+07 7.0115673445e-19 3.0821454484e-20 -1.6711544917e+03 2.0432528148e+02 -4.6638892878e+09 -1.0017505162e+07 1.9208306188e+06 3.6000000000e+03 0.0000000000e+00 -0.0000000000e+00
8.4360000000e+04 2.6847205492e-14 7.7478469242e-16 1.9587567687e+08 1.8519324332e+07 7.5213820621e-19 3.5476844417e-20 -1.7069734740e+03 2.0105445929e+02 -4.6638892824e+09 -1.0017505162e+07 1.9208306188e+06 3.6000000000e+03 0.0000000000e+00 -0.0000000000e+00
8.7960000000e+04 2.9651417872e-14 9.1184648471e-16 1.8966276217e+08 1.9236554591e+07 8.0632162279e-19 4.0785981402e-20 -1.7450421050e+03 1.9732432210e+02 -4.6638892752e+09 -1.0017505162e+07 1.9208306188e+06 3.6000000000e+03 0.0000000000e+00 -0.0000000000e+00
9.1560000000e+04 3.2657026194e-14 1.0693580875e-15 1.8330834906e+08 1.9939417054e+07 8.6409496016e-19 4.6857887627e-20 -1.7856329722e+03 1.9305827222e+02 -4.6638892657e+09 -1.0017505162e+07 1.9208306188e+06 3.6000000000e+03 0.0000000000e+00 -0.0000000000e+00
9.5160000000e+04 3.5877756816e-14 1.2502977402e-15 1.7680279354e+08 2.0625819245e+07 9.2591733427e-19 5.3826253903e-20 -1.8290686449e+03 1.8816238006e+02 -4.6638892527e+09 -1.0017505162e+07 1.9208306188e+06 3.6000000000e+03 0.0000000000e+00 -0.0000000000e+00
9.8760000000e+04 3.9329143128e-14 1.4581799784e-15 1.7013518206e+08 2.1293291892e+07 9.9233696333e-19 6.1856748167e-20 -1.8757342949e+03 1.8252024926e+02 -4.6638892348e+09 -1.0017505162e+07 1.9208306188e+06 3.6000000000e+03 0.0000000000e+00 -0.0000000000e+00
1.0236000000e+05 4.3028887228e-14 1.6971878713e-15 1.6329307731e+08 2.1938896020e+07 1.0640150566e-18 7.1157075117e-20 -1.9260944799e+03 1.7598594896e+02 -4.6638892095e+09 -1.0017505162e+07 1.9208306188e+06 3.6000000000e+03 0.0000000000e+00 -0.0000000000e+00
1.0596000000e+05 4.6997321810e-14 1.9723482661e-15 1.5626219379e+08 2.2559099826e+07 1.1417581032e-18 8.1991074578e-20 -1.9807158299e+03 1.6837410840e+02 -4.6638891732e+09 -1.0017505162e+07 1.9208306188e+06 3.6000000000e+03 0.0000000000e+00 -0.0000000000e+00
1.0956000000e+05 5.1258008791e-14 2.2897679449e-15 1.4902597718e+08 2.3149612756e+07 1.2265623142e-18 9.4698884360e-20 -2.0402982708e+03 1.5944575075e+02 -4.6638891196e+09 -1.0017505162e+07 1.9208306188e+06 3.6000000000e+03 0.0000000000e+00 -0.0000000000e+00
1.1316000000e+05 5.5838528134e-14 2.6569579378e-15 1.4156505011e+08 2.3705157649e+07 1.3196760564e-18 1.0972644456e-19 -2.1057188906e+03 1.4888756375e+02 -4.6638890381e+09 -1.0017505162e+07 1.9208306188e+06 3.3294210833e+03 0.0000000000e+00 -0.0000000000e+00
1.1615368159e+05 5.9914445645e-14 3.0068729013e-15 1.3517321479e+08 2.4135823897e+07 1.4045654794e-18 1.2441210578e-19 -2.1653612005e+03 1.3856959095e+02 -4.6638889893e+09 -1.0017505162e+07 1.9208306188e+06 3.0130574155e+03 0.0000000000e+00 -0.0000000000e+00
1.1916673901e+05 6.4285159296e-14 3.4070586716e-15 1.2855142419e+08 2.4535549017e+07 1.4980791511e-18 1.4168422218e-19 -2.2310628061e+03 1.2643440517e+02 -4.6638889140e+09 -1.0017505162e+07 1.9208306188e+06 2.7210106520e+03 0.0000000000e+00 -0.0000000000e+00
1.2161205932e+05 6.8048372232e-14 3.7729572064e-15 1.2302555166e+08 2.4831066672e+07 1.5809379502e-18 1.5795301015e-19 -2.2892784235e+03 1.1500414614e+02 -4.6638888748e+09 -1.0017505162e+07 1.9208306188e+06 2.4619042918e+03 0.0000000000e+00 -0.0000000000e+00
1.2407396361e+05 7.2050620880e-14 4.1844912053e-15 1.1731219073e+08 2.5098269037e+07 1.6717355381e-18 1.7682829990e-19 -2.3530717406e+03 1.0174258962e+02 -4.6638888157e+09 -1.0017505162e+07 1.9208306188e+06 2.2221046678e+03 0.0000000000e+00 -0.0000000000e+00
1.2606769342e+05 7.5462161743e-14 4.5541231336e-15 1.1256561183e+08 2.5289113201e+07 1.7515437224e-18 1.9432996890e-19 -2.4091440319e+03 8.9446122884e+01 -4.6638887862e+09 -1.0017505162e+07 1.9208306188e+06 2.0086170133e+03 0.0000000000e+00 -0.0000000000e+00
1.2787411400e+05 7.8695686574e-14 4.9210208438e-15 1.0816485444e+08 2.5439550241e+07 1.8294375672e-18 2.1223937530e-19 -2.4638713309e+03 7.6863184648e+01 -4.6638887610e+09 -1.0017505162e+07 1.9208306188e+06 1.8204038757e+03 0.0000000000e+00 -0.0000000000e+00
1.2950512379e+05 8.1740391003e-14 5.2817094561e-15 1.0410348693e+08 2.5554710376e+07 1.9049583595e-18 2.3038907926e-19 -2.5169313511e+03 6.4111416173e+01 -4.6638887404e+09 -1.0017505162e+07 1.9208306188e+06 1.6451998428e+03 0.0000000000e+00 -0.0000000000e+00
1.3097008484e+05 8.4583663058e-14 5.6323012183e-15 1.0037933686e+08 2.5639440734e+07 1.9775411649e-18 2.4856700475e-19 -2.5679271763e+03 5.1339819584e+01 -4.6638887241e+09 -1.0017505162e+07 1.9208306188e+06 1.4800344269e+03 0.0000000000e+00 -0.0000000000e+00
1.3227421308e+05 8.7207073547e-14 5.9679562795e-15 9.6999205236e+07 2.5698320431e+07 2.0464053998e-18 2.6648368077e-19 -2.6163103776e+03 3.8751773797e+01 -4.6638887120e+09 -1.0017505162e+07 1.9208306188e+06 1.3213117876e+03 0.0000000000e+00 -0.0000000000e+00
1.3341621077e+05 8.9580245958e-14 6.2819724503e-15 9.3985963657e+07 2.5735765085e+07 2.1103732888e-18 2.8371499907e-19 -2.6612534638e+03 2.6645252275e+01 -4.6638887039e+09 -1.0017505162e+07 1.9208306188e+06 1.1640555980e+03 0.0000000000e+00 -0.0000000000e+00
1.3438096037e+05 9.1643487703e-14 6.5632228912e-15 9.1399367925e+07 2.5756176017e+07 2.1673568035e-18 2.9954546434e-19 -2.7012894108e+03 1.5522953620e+01 -4.6638886995e+09 -1.0017505162e+07 1.9208306188e+06 1.0003669310e+03 0.0000000000e+00 -0.0000000000e+00
1.3509999515e+05 9.3217746168e-14 6.7831068465e-15 8.9445908375e+07 2.5764175669e+07 2.2117366210e-18 3.1219005142e-19 -2.7324701485e+03 6.6390154999e+00 -4.6638886983e+09 -1.0017505162e+07 1.9208306188e+06 8.2346341225e+02 0.0000000000e+00 -0.0000000000e+00
1.3583462643e+05 9.4859762994e-14 7.0174455195e-15 8.7426461653e+07 2.5765544105e+07 2.2588956834e-18 3.2593095358e-19 -2.7656035509e+03 -3.0151807003e+00 -4.6638886967e+09 -1.0017505162e+07 1.9208306188e+06 6.9850535460e+02 0.0000000000e+00 -0.0000000000e+00
1.3653313178e+05 9.6453804448e-14 7.2499172628e-15 8.5483297352e+07 2.5760060484e+07 2.3055611348e-18 3.3983845155e-19 -2.7983901481e+03 -1.2786425157e+01 -4.6638886952e+09 -1.0017505162e+07 1.9208306188e+06 8.6191048595e+02 0.0000000000e+00 -0.0000000000e+00
1.3739504227e+05 9.8466729920e-14 7.5506571733e-15 8.3053252215e+07 2.5743538756e+07 2.3657910691e-18 3.5824773078e-19 -2.8407069913e+03 -2.5720568164e+01 -4.6638886899e+09 -1.0017505162e+07 1.9208306188e+06 9.4428863575e+02 0.0000000000e+00 -0.0000000000e+00
1.3833933090e+05 1.0073328789e-13 7.8991497457e-15 8.0347922750e+07 2.5712082389e+07 2.4354392804e-18 3.8018549277e-19 -2.8896410052e+03 -4.1133781652e+01 -4.6638886793e+09 -1.0017505162e+07 1.9208306188e+06 9.8452707573e+02 0.0000000000e+00 -0.0000000000e+00
1.3932385798e+05 1.0316861096e-13 8.2856139956e-15 7.7476598694e+07 2.5663040654e+07 2.5125624752e-18 4.0529783757e-19 -2.9438268545e+03 -5.8777419664e+01 -4.6638886623e+09 -1.0017505162e+07 1.9208306188e+06 9.9932465248e+02 0.0000000000e+00 -0.0000000000e+00
1.4032318263e+05 1.0572074934e-13 8.7044767843e-15 7.4505762190e+07 2.5594580044e+07 2.5960970165e-18 4.3347980237e-19 -3.0025172405e+03 -7.8577736581e+01 -4.6638886379e+09 -1.0017505162e+07 1.9208306188e+06 9.9718716002e+02 0.0000000000e+00 -0.0000000000e+00
1.4132036979e+05 1.0835353909e-13 9.1520438540e-15 7.1480780087e+07 2.5505469113e+07 2.6853839760e-18 4.6474421448e-19 -3.0652492078e+03 -1.0054374471e+02 -4.6638886051e+09 -1.0017505162e+07 1.9208306188e+06 9.8322242425e+02 0.0000000000e+00 -0.0000000000e+00
1.4230359222e+05 1.1103980622e-13 9.6255983450e-15 6.8434683259e+07 2.5394943974e+07 2.7799828333e-18 4.9917186113e-19 -3.1317132520e+03 -1.2473220422e+02 -4.6638885630e+09 -1.0017505162e+07 1.9208306188e+06 9.6082894437e+02 0.0000000000e+00 -0.0000000000e+00
1.4326442116e+05 1.1375813948e-13 1.0122986613e-14 6.5392448539e+07 2.5262613023e+07 2.8795839301e-18 5.3688918269e-19 -3.2016918108e+03 -1.5123195061e+02 -4.6638885108e+09 -1.0017505162e+07 1.9208306188e+06 9.3241886734e+02 0.0000000000e+00 -0.0000000000e+00
1.4419684003e+05 1.1649114778e-13 1.0642404294e-14 6.2373385435e+07 2.5108384355e+07 2.9839616242e-18 5.7805719736e-19 -3.2750263507e+03 -1.8015611339e+02 -4.6638884474e+09 -1.0017505162e+07 1.9208306188e+06 8.9977691593e+02 0.0000000000e+00 -0.0000000000e+00
1.4509661694e+05 1.1922442702e-13 1.1182276850e-14 5.9392601490e+07 2.4932407902e+07 3.0929467126e-18 6.2286571872e-19 -3.3515979916e+03 -2.1163805334e+02 -4.6638883721e+09 -1.0017505162e+07 1.9208306188e+06 8.6425941241e+02 0.0000000000e+00 -0.0000000000e+00
1.4596087636e+05 1.2194590118e-13 1.1741189348e-14 5.6461970100e+07 2.4735027961e+07 3.2064089340e-18 6.7153035643e-19 -3.4313152135e+03 -2.4582925527e+02 -4.6638882839e+09 -1.0017505162e+07 1.9208306188e+06 8.2691454412e+02 0.0000000000e+00 -0.0000000000e+00
1.4678779090e+05 1.2464537629e-13 1.2317843820e-14 5.3590807038e+07 2.4516743522e+07 3.3242451409e-18 7.2429111920e-19 -3.5141055462e+03 -2.8289834648e+02 -4.6638881818e+09 -1.0017505162e+07 1.9208306188e+06 7.8856019331e+02 0.0000000000e+00 -0.0000000000e+00
1.4757635109e+05 1.2731422271e-13 1.2911032948e-14 5.0786365076e+07 2.4278174709e+07 3.4463708350e-18 7.8141201806e-19 -3.5999096221e+03 -3.2303081800e+02 -4.6638880649e+09 -1.0017505162e+07 1.9208306188e+06 7.4983718817e+02 0.0000000000e+00 -0.0000000000e+00
1.4832618828e+05 1.2994513873e-13 1.3519623837e-14 4.8054208798e+07 2.4020034173e+07 3.5727137721e-18 8.4318134594e-19 -3.6886766834e+03 -3.6642922107e+02 -4.6638879320e+09 -1.0017505162e+07 1.9208306188e+06 7.1124740888e+02 0.0000000000e+00 -0.0000000000e+00
1.4903743569e+05 1.3253196753e-13 1.4142548193e-14 4.5398506893e+07 2.3743102590e+07 3.7032088654e-18 9.0991245248e-19 -3.7803610007e+03 -4.1331371146e+02 -4.6638877823e+09 -1.0017505162e+07 1.9208306188e+06 6.7318207027e+02 0.0000000000e+00 -0.0000000000e+00
1.4971061776e+05 1.3506955091e-13 1.4778796703e-14 4.2822265389e+07 2.3448207605e+07 3.8377939014e-18 9.8194491260e-19 -3.8749188636e+03 -4.6392287050e+02 -4.6638876144e+09 -1.0017505162e+07 1.9208306188e+06 6.3594332794e+02 0.0000000000e+00 -0.0000000000e+00
1.5034656109e+05 1.3755360881e-13 1.5427416197e-14 4.0327517229e+07 2.3136205700e+07 3.9764057468e-18 1.0596460335e-18 -3.9723059155e+03 -5.1851476391e+02 -4.6638874275e+09 -1.0017505162e+07 1.9208306188e+06 5.9976117502e+02 0.0000000000e+00 -0.0000000000e+00
1.5094632226e+05 1.3998063788e-13 1.6087508696e-14 3.7915478611e+07 2.2807966550e+07 4.1189768176e-18 1.1434126748e-18 -4.0724746725e+03 -5.7736822057e+02 -4.6638872202e+09 -1.0017505162e+07 1.9208306188e+06 5.6480689323e+02 0.0000000000e+00 -0.0000000000e+00
1.5151112916e+05 1.4234782425e-13 1.6758231770e-14 3.5586679441e+07 2.2464359511e+07 4.2654316405e-18 1.2336733758e-18 -4.1753721081e+03 -6.4078432722e+02 -4.6638869914e+09 -1.0017505162e+07 1.9208306188e+06 5.3120391826e+02 0.0000000000e+00 -0.0000000000e+00
1.5204233308e+05 1.4465296750e-13 1.7438799821e-14 3.3341073143e+07 2.2106241906e+07 4.4156833690e-18 1.3308908007e-18 -4.2809372048e+03 -7.0908814620e+02 -4.6638867398e+09 -1.0017505162e+07 1.9208306188e+06 4.9903670587e+02 0.0000000000e+00 -0.0000000000e+00
1.5254136978e+05 1.4689441358e-13 1.8128486053e-14 3.1178129762e+07 2.1734448824e+07 4.5696301315e-18 1.4355645223e-18 -4.3890983890e+03 -7.8263067157e+02 -4.6638864642e+09 -1.0017505162e+07 1.9208306188e+06 4.6835803436e+02 0.0000000000e+00 -0.0000000000e+00
1.5300972782e+05 1.4907099497e-13 1.8826625005e-14 2.9096915279e+07 2.1349784192e+07 4.7271510989e-18 1.5482341809e-18 -4.4997707676e+03 -8.6179104818e+02 -4.6638861634e+09 -1.0017505162e+07 1.9208306188e+06 4.3919505071e+02 0.0000000000e+00 -0.0000000000e+00
1.5344892287e+05 1.5118197723e-13 1.9532615571e-14 2.7096159425e+07 2.0953012856e+07 4.8881021532e-18 1.6694830635e-18 -4.6128530847e+03 -9.4697908665e+02 -4.6638858360e+09 -1.0017505162e+07 1.9208306188e+06 4.1155430311e+02 0.0000000000e+00 -0.0000000000e+00
1.5386047717e+05 1.5322701084e-13 2.0245924520e-14 2.5174313771e+07 2.0544853451e+07 5.0523110309e-18 1.7999421660e-18 -4.7282243103e+03 -1.0386381172e+03 -4.6638854807e+09 -1.0017505162e+07 1.9208306188e+06 3.8542594183e+02 0.0000000000e+00 -0.0000000000e+00
1.5424590311e+05 1.5520608781e-13 2.0966090564e-14 2.3329601533e+07 2.0125971844e+07 5.2195717965e-18 1.9402948151e-18 -4.8457397565e+03 -1.1372482373e+03 -4.6638850962e+09 -1.0017505162e+07 1.9208306188e+06 3.6078723686e+02 0.0000000000e+00 -0.0000000000e+00
1.5460669035e+05 1.5711950262e-13 2.1692729069e-14 2.1560060213e+07 1.9696974905e+07 5.3896384748e-18 2.0912819497e-18 -4.9652266039e+03 -1.2433300218e+03 -4.6638846814e+09 -1.0017505162e+07 1.9208306188e+06 3.3760552971e+02 0.0000000000e+00 -0.0000000000e+00
1.5494429588e+05 1.5896781701e-13 2.2425537586e-14 1.9863578011e+07 1.9258404384e+07 5.5622176338e-18 2.2537081866e-18 -5.0864786907e+03 -1.3574487849e+03 -4.6638842350e+09 -1.0017505162e+07 1.9208306188e+06 3.1584071411e+02 0.0000000000e+00 -0.0000000000e+00
1.5526013659e+05 1.6075182848e-13 2.3164302407e-14 1.8237924781e+07 1.8810730620e+07 5.7369596592e-18 2.4284488292e-18 -5.2092503819e+03 -1.4802195046e+03 -4.6638837560e+09 -1.0017505162e+07 1.9208306188e+06 2.9544733039e+02 0.0000000000e+00 -0.0000000000e+00
1.5555558392e+05 1.6247254206e-13 2.3908906445e-14 1.6680778114e+07 1.8354345793e+07 5.9134483917e-18 2.6164580259e-18 -5.3332492890e+03 -1.6123125543e+03 -4.6638832434e+09 -1.0017505162e+07 1.9208306188e+06 2.7637633975e+02 0.0000000000e+00 -0.0000000000e+00
1.5583196026e+05 1.6413114547e-13 2.4659338845e-14 1.5189745055e+07 1.7889556362e+07 6.0911887034e-18 2.8187783401e-18 -5.4581275410e+03 -1.7544604268e+03 -4.6638826964e+09 -1.0017505161e+07 1.9208306188e+06 2.5857664091e+02 0.0000000000e+00 -0.0000000000e+00
1.5609053690e+05 1.6572898733e-13 2.5415706859e-14 1.3762379829e+07 1.7416574262e+07 6.2695914570e-18 3.0365520808e-18 -5.5834712168e+03 -1.9074656951e+03 -4.6638821146e+09 -1.0017505161e+07 1.9208306188e+06 2.4199638594e+02 0.0000000000e+00 -0.0000000000e+00
1.5633253329e+05 1.6726755852e-13 2.6178250686e-14 1.2396197812e+07 1.6935506301e+07 6.4479551098e-18 3.2710348522e-18 -5.7087874209e+03 -2.0722105316e+03 -4.6638814978e+09 -1.0017505161e+07 1.9208306188e+06 2.2658414532e+02 0.0000000000e+00 -0.0000000000e+00
1.5655911743e+05 1.6874847666e-13 2.6947362281e-14 1.1088685932e+07 1.6446341045e+07 6.6254429610e-18 3.5236119364e-18 -5.8334882970e+03 -2.2496682195e+03 -4.6638808465e+09 -1.0017505162e+07 1.9208306188e+06 2.1228998029e+02 0.0000000000e+00 -0.0000000000e+00
1.5677140742e+05 1.7017347395e-13 2.7723609467e-14 9.8373094833e+06 1.5948932209e+07 6.8010546672e-18 3.7958183486e-18 -5.9568710157e+03 -2.4409172423e+03 -4.6638801618e+09 -1.0017505162e+07 1.9208306188e+06 1.9906647760e+02 0.0000000000e+00 -0.0000000000e+00
1.5697047389e+05 1.7154438849e-13 2.8507767266e-14 8.6395152348e+06 1.5442977222e+07 6.9735900949e-18 4.0893637153e-18 -6.0780923775e+03 -2.6471587634e+03 -4.6638794455e+09 -1.0017505162e+07 1.9208306188e+06 1.8686982151e+02 0.0000000000e+00 -0.0000000000e+00
1.5715734371e+05 1.7286315960e-13 2.9300859150e-14 7.4927304777e+06 1.4927989051e+07 7.1416027528e-18 4.4061635929e-18 -6.1961360943e+03 -2.8697386304e+03 -4.6638787009e+09 -1.0017505162e+07 1.9208306188e+06 1.7566098885e+02 0.0000000000e+00 -0.0000000000e+00
1.5733300470e+05 1.7413182775e-13 3.0104212165e-14 6.3943574124e+06 1.4403258557e+07 7.3033387662e-18 4.7483795168e-18 -6.3097699145e+03 -3.1101755124e+03 -4.6638779329e+09 -1.0017505162e+07 1.9208306188e+06 1.6540719426e+02 0.0000000000e+00 -0.0000000000e+00
1.5749841190e+05 1.7535254014e-13 3.0919531764e-14 5.3417619028e+06 1.3867803329e+07 7.4566553544e-18 5.1184710831e-18 -6.4174883457e+03 -3.3701974929e+03 -4.6638771483e+09 -1.0017505162e+07 1.9208306188e+06 1.5608376089e+02 0.0000000000e+00 -0.0000000000e+00
1.5765449566e+05 1.7652756317e-13 3.1749005177e-14 4.3322551454e+06 1.3320296886e+07 7.5989095229e-18 5.5192648721e-18 -6.5174344508e+03 -3.6517904938e+03 -4.6638763574e+09 -1.0017505162e+07 1.9208306188e+06 1.4767667688e+02 0.0000000000e+00 -0.0000000000e+00
1.5780217234e+05 1.7765930365e-13 3.2595446849e-14 3.3630662065e+06 1.2758968912e+07 7.7268022768e-18 5.9540472540e-18 -6.6072903951e+03 -3.9572634802e+03 -4.6638755741e+09 -1.0017505162e+07 1.9208306188e+06 1.4018621649e+02 0.0000000000e+00 -0.0000000000e+00
1.5794235855e+05 1.7875034061e-13 3.3462507009e-14 2.4313028101e+06 1.2181461936e+07 7.8361544006e-18 6.4266912914e-18 -6.6841199108e+03 -4.2893376204e+03 -4.6638748180e+09 -1.0017505162e+07 1.9208306188e+06 1.3121835805e+02 0.0000000000e+00 -0.0000000000e+00
1.5805216776e+05 1.7961491195e-13 3.4190760807e-14 1.6944517046e+06 1.1694614079e+07 7.9081330938e-18 6.8448901606e-18 -6.7346912938e+03 -4.5831592259e+03 -4.6638745541e+09 -1.0017505162e+07 1.9208306188e+06 1.1246740595e+02 0.0000000000e+00 -0.0000000000e+00
1.5814528895e+05 1.8035363351e-13 3.4846157122e-14 1.0656885118e+06 1.1255183871e+07 7.9551322298e-18 7.2374868314e-18 -6.7677123339e+03 -4.8589930280e+03 -4.6638744268e+09 -1.0017505162e+07 1.9208306188e+06 9.6110374272e+01 6.5567947258e-292 -4.6433026265e-284
1.5822042131e+05 1.8095234806e-13 3.5402723788e-14 5.5649296885e+05 1.0881125095e+07 7.9802821506e-18 7.5825772029e-18 -6.7853823723e+03 -5.1014494632e+03 -4.6638743813e+09 -1.0017505162e+07 1.9208306188e+06 8.0155791113e+01 2.7781574990e-267 -2.0046640483e-259
1.5825613704e+05 1.8123750496e-13 3.5676622756e-14 3.1405302330e+05 1.0696757946e+07 7.9872702310e-18 7.7562090478e-18 -6.7902921154e+03 -5.2234411547e+03 -4.6638743802e+09 -1.0017505162e+07 1.9208306188e+06 6.9154487760e+01 1.2316298780e-255 -8.9686009273e-248
1.5829339160e+05 1.8153514215e-13 3.5969057469e-14 6.1031021150e+04 1.0499715546e+07 7.9905769715e-18 7.9442661601e-18 -6.7926153924e+03 -5.3555678693e+03 -4.6638743788e+09 -1.0017505162e+07 1.9208306188e+06 4.8830713867e+01 1.5395099408e-243 -1.1319188677e-235
1.5834222232e+05 1.8192529720e-13 3.6363220472e-14 -2.7063579201e+05 1.0233816025e+07 7.9879192657e-18 8.2019549721e-18 -6.7907481196e+03 -5.5366169970e+03 -4.6638743736e+09 -1.0017505162e+07 1.9208306188e+06 6.4287141986e+01 8.8831594957e-228 -6.6157273050e-220
1.5840650946e+05 1.8243834449e-13 3.6901932011e-14 -7.0686110662e+05 9.8698512490e+06 7.9702975992e-18 8.5615309469e-18 -6.7783673440e+03 -5.7892508466e+03 -4.6638743559e+09 -1.0017505162e+07 1.9208306188e+06 7.5730626895e+01 3.1581936693e-207 -2.3929662913e-199
1.5848224009e+05 1.8304039821e-13 3.7567305291e-14 -1.2191077878e+06 9.4194814226e+06 7.9246165636e-18 9.0163487513e-18 -6.7462723858e+03 -6.1088004852e+03 -4.6638743244e+09 -1.0017505162e+07 1.9208306188e+06 8.1874609476e+01 2.2017815085e-183 -1.7032798870e-175
1.5856411470e+05 1.8368595543e-13 3.8326988872e-14 -1.7691603764e+06 8.9042387063e+06 7.8375097767e-18 9.5479272319e-18 -6.6850721821e+03 -6.4822812717e+03 -4.6638742889e+09 -1.0017505162e+07 1.9208306188e+06 8.5851988640e+01 3.5313047832e-158 -2.7950470545e-150
1.5864996668e+05 1.8435305902e-13 3.9172249400e-14 -2.3390386609e+06 8.3297694427e+06 7.6931584947e-18 1.0150987804e-17 -6.5836526697e+03 -6.9059845351e+03 -4.6638742291e+09 -1.0017505162e+07 1.9208306188e+06 8.9549206573e+01 1.4127079875e-132 -1.1457254110e-124
1.5873951589e+05 1.8503258933e-13 4.0111254590e-14 -2.9220050882e+06 7.6902717796e+06 7.4696824501e-18 1.0828902231e-17 -6.4266410298e+03 -7.3822792358e+03 -4.6638740171e+09 -1.0017505162e+07 1.9208306188e+06 9.5287875801e+01 4.8730393676e-107 -4.0541616381e-99
1.5883480377e+05 1.8572907890e-13 4.1179466529e-14 -3.5236500854e+06 6.9612917996e+06 7.1294060356e-18 1.1599458339e-17 -6.1875668242e+03 -7.9236628917e+03 -4.6638731192e+09 -1.0017505162e+07 1.9208306188e+06 1.0576741457e+02 1.4969821831e-81 -1.2792269066e-73
1.5894057118e+05 1.8645662448e-13 4.2453520120e-14 -4.1594651268e+06 6.0900580634e+06 6.5985352922e-18 1.2497464123e-17 -5.8145832854e+03 -8.5545911911e+03 -4.6638689860e+09 -1.0017505162e+07 1.9208306188e+06 9.5437184650e+01 6.9192997228e-56 -6.0834997334e-48
1.5902452604e+05 1.8698811830e-13 4.3533129003e-14 -4.6318297506e+06 5.3505096884e+06 6.0414426136e-18 1.3220669535e-17 -5.4231765235e+03 -9.0627068054e+03 -4.6638661048e+09 -1.0017505162e+07 1.9208306188e+06 8.3995577218e+01 5.5535386017e-38 -4.9855244565e-30
1.5910852162e+05 1.8746751098e-13 4.4673458905e-14 -5.0676367178e+06 4.5683086420e+06 5.3503138430e-18 1.3925830292e-17 -4.9375975802e+03 -9.5581444569e+03 -4.6638614412e+09 -1.0017505162e+07 1.9208306188e+06 7.7017267937e+01 1.0106670081e-22 -9.2419793230e-15
1.5918553889e+05 1.8785124109e-13 4.5769542690e-14 -5.4280081406e+06 3.8156174374e+06 4.5953052115e-18 1.4527887230e-17 -4.4071373982e+03 -9.9811425786e+03 -4.6638574060e+09 -1.0017505161e+07 1.9208306188e+06 7.2531038199e+01 1.9434124860e-11 -1.8023595861e-03
1.5922902704e+05 1.8804086064e-13 4.6408163947e-14 -5.6124847105e+06 3.3767571123e+06 4.1194961974e-18 1.4837699810e-17 -4.0728395784e+03 -1.0198813242e+04 -4.6638581980e+09 -1.0017505126e+07 1.9208307079e+06 6.4015472129e+01 2.4533980130e-06 -2.2901685989e+02
1.5924045076e+05 1.8808717700e-13 4.6578106630e-14 -5.6584892312e+06 3.2599389156e+06 3.9889378912e-18 1.4914574054e-17 -3.9811107947e+03 -1.0252824044e+04 -4.6638719780e+09 -1.0017504669e+07 1.9208318751e+06 3.9374455451e+01 3.7060075547e-05 -3.4646823795e+03
1.5925390911e+05 1.8813981082e-13 4.6779427033e-14 -5.7113301918e+06 3.1215349007e+06 3.8322945947e-18 1.5002488499e-17 -3.8710539166e+03 -1.0314588688e+04 -4.6641733298e+09 -1.0017494972e+07 1.9208574652e+06 2.3847628150e+01 7.4128200467e-04 -6.9417414267e+04
1.5926561401e+05 1.8818385817e-13 4.6955465130e-14 -5.7560718604e+06 3.0004978456e+06 3.6936473833e-18 1.5076504885e-17 -3.7736291276e+03 -1.0366556664e+04 -4.6676752338e+09 -1.0017385412e+07 1.9211555304e+06 1.4848237542e+01 8.3777286002e-03 -7.8559878642e+05
1.5927501093e+05 1.8821803780e-13 4.7097410209e-14 -5.7911602328e+06 2.9028934909e+06 3.5807684209e-18 1.5134211821e-17 -3.6942453944e+03 -1.0406887859e+04 -4.6889072718e+09 -1.0016736843e+07 1.9229661932e+06 1.0337908215e+01 5.1906109442e-02 -4.8722511460e+06
1.5928257773e+05 1.8824478569e-13 4.7212099883e-14 -5.8188691632e+06 2.8240280923e+06 3.4888879401e-18 1.5179533464e-17 -3.6294080862e+03 -1.0437922499e+04 -4.7692932905e+09 -1.0014329955e+07 1.9298326064e+06 7.9073825616e+00 2.0803134647e-01 -1.9540970727e+07
1.5928888571e+05 1.8826655018e-13 4.7307969043e-14 -5.8415903905e+06 2.7581095818e+06 3.4116389198e-18 1.5216514065e-17 -3.5743517131e+03 -1.0461631970e+04 -4.9951179827e+09 -1.0007681932e+07 1.9491502490e+06 6.4565961142e+00 6.2609420301e-01 -5.8834603125e+07
1.5929432497e+05 1.8828492476e-13 4.7390821101e-14 -5.8609000728e+06 2.7011581875e+06 3.3445623802e-18 1.5247805368e-17 -3.5254382569e+03 -1.0478342450e+04 -5.5184364971e+09 -9.9924986497e+06 1.9939828304e+06 5.5135616453e+00 1.5535269927e+00 -1.4598782645e+08
1.5929915434e+05 1.8830093234e-13 4.7464524428e-14 -5.8778165610e+06 2.6505306799e+06 3.2846534992e-18 1.5275117687e-17 -3.4797515602e+03 -1.0486761896e+04 -6.5851275226e+09 -9.9619375646e+06 2.0855267076e+06 4.8692311028e+00 3.3679041901e+00 -3.1630235034e+08
1.5930402357e+05 1.8831677835e-13 4.7538968632e-14 -5.8946401252e+06 2.5994713138e+06 3.2239206203e-18 1.5302201663e-17 -3.4294360763e+03 -1.0482567112e+04 -8.8793792565e+09 -9.8969527040e+06 2.2829278791e+06 4.4075182643e+00 7.1067698467e+00 -6.6625233722e+08
1.5930843109e+05 1.8833086617e-13 4.7606466656e-14 -5.9096430659e+06 2.5533143214e+06 3.1686676843e-18 1.5326320327e-17 -3.3769935817e+03 -1.0457573520e+04 -1.3005930303e+10 -9.7811620340e+06 2.6394100688e+06 4.1367593790e+00 1.3535083882e+01 -1.2643004530e+09
1.5931256785e+05 1.8834386652e-13 4.7669914177e-14 -5.9234937955e+06 2.5101564839e+06 3.1165736171e-18 1.5348611374e-17 -3.3172398097e+03 -1.0401048543e+04 -2.0064046567e+10 -9.5843607407e+06 3.2529945075e+06 4.1813244780e+00 2.4011264910e+01 -2.2281600757e+09
1.5931674917e+05 1.8835678744e-13 4.7734138212e-14 -5.9372096263e+06 2.4668762165e+06 3.0636928090e-18 1.5370800900e-17 -3.2397017619e+03 -1.0289129950e+04 -3.2401925733e+10 -9.2410915209e+06 4.3368183975e+06 5.1603027236e+00 4.1300889945e+01 -3.7868985256e+09
1.5931985830e+05 1.8836625154e-13 4.7781953352e-14 -5.9471710678e+06 2.4350852894e+06 3.0242291453e-18 1.5387078198e-17 -3.1653233725e+03 -1.0151635147e+04 -4.6610105753e+10 -8.8445522102e+06 5.6027322483e+06 3.2753195216e+00 6.0022421704e+01 -5.4251990452e+09
1.5932260493e+05 1.8837450998e-13 4.7824235487e-14 -5.9557565603e+06 2.4074292677e+06 2.9892683735e-18 1.5401301129e-17 -3.0835009044e+03 -9.9771371473e+03 -6.3913584730e+10 -8.3578469610e+06 7.1709045897e+06 2.7754170476e+00 8.1421821033e+01 -7.2272827885e+09
1.5932509295e+05 1.8838190787e-13 4.7862570188e-14 -5.9633196082e+06 2.3828577059e+06 2.9575221268e-18 1.5414059687e-17 -2.9932894886e+03 -9.7654372155e+03 -8.4182495078e+10 -7.7806385119e+06 9.0465481181e+06 2.4995294726e+00 1.0476653085e+02 -9.0956273559e+09
1.5932759248e+05 1.8838926035e-13 4.7901113980e-14 -5.9706698109e+06 2.3587763781e+06 2.9255577463e-18 1.5426759468e-17 -2.8848407324e+03 -9.4925780758e+03 -1.0939372763e+11 -7.0497153647e+06 1.1441693899e+07 2.3300756272e+00 1.3141362538e+02 -1.1082201213e+10
1.5932992256e+05 1.8839604235e-13 4.7937073188e-14 -5.9772569028e+06 2.3370125413e+06 2.8956984396e-18 1.5438494451e-17 -2.7662570982e+03 -9.1782865860e+03 -1.3733166817e+11 -6.2200742534e+06 1.4183252878e+07 2.2393045784e+00 1.5798175357e+02 -1.2872632223e+10
1.5933216186e+05 1.8840249452e-13 4.7971657220e-14 -5.9833085860e+06 2.3168506918e+06 2.8669484635e-18 1.5449680710e-17 -2.6361010926e+03 -8.8197648887e+03 -1.6788149134e+11 -5.2854430627e+06 1.7297491644e+07 2.2213158827e+00 1.8351594647e+02 -1.4359191834e+10
1.5933438318e+05 1.8840883119e-13 4.8005988086e-14 -5.9890069255e+06 2.2977035618e+06 2.8383797772e-18 1.5460691677e-17 -2.4921714954e+03 -8.4112732257e+03 -2.0106224578e+11 -4.2326536815e+06 2.0835428274e+07 2.2815305558e+00 2.0702106425e+02 -1.5437153493e+10
1.5933666471e+05 1.8841527352e-13 4.8041274947e-14 -5.9945114384e+06 2.2790386009e+06 2.8089879725e-18 1.5471916487e-17 -2.3311229812e+03 -7.9430336929e+03 -2.3703388533e+11 -3.0392691679e+06 2.4882498869e+07 2.4585975808e+00 2.2731583124e+02 -1.5994697895e+10
1.5933912330e+05 1.8842214071e-13 4.8079328940e-14 -6.0000176018e+06 2.2601757263e+06 2.7772633667e-18 1.5483921683e-17 -2.1464658050e+03 -7.3951618437e+03 -2.7638795361e+11 -1.6591425169e+06 2.9611104617e+07 2.8865921255e+00 2.4288318547e+02 -1.5897473184e+10
1.5934200990e+05 1.8843010370e-13 4.8124044917e-14 -6.0058906175e+06 2.2398016569e+06 2.7399528956e-18 1.5497905004e-17 -1.9220236980e+03 -6.7172062333e+03 -3.2106704724e+11 2.5797259619e+04 3.5457235704e+07 3.7618444114e+00 2.5119151460e+02 -1.4917659546e+10
1.5934463012e+05 1.8843723857e-13 4.8164669459e-14 -6.0106592670e+06 2.2230190642e+06 2.7060314041e-18 1.5510502223e-17 -1.7184722163e+03 -6.0934929017e+03 -3.5828798749e+11 1.5534057070e+06 4.0834029610e+07 2.6580922365e+00 2.4933202718e+02 -1.3417804214e+10
1.5934675679e+05 1.8844296408e-13 4.8197665934e-14 -6.0141420916e+06 2.2105910511e+06 2.6784652624e-18 1.5520665556e-17 -1.5578880178e+03 -5.5966894258e+03 -3.8529197862e+11 2.7537463956e+06 4.5117554580e+07 2.1496764766e+00 2.4208989130e+02 -1.1954519716e+10
1.5934867624e+05 1.8844808136e-13 4.8227465830e-14 -6.0169979849e+06 2.2002665906e+06 2.6535609255e-18 1.5529795664e-17 -1.4189502114e+03 -5.1640615796e+03 -4.0690721470e+11 3.7859890498e+06 4.8849416279e+07 1.9278064800e+00 2.3208435614e+02 -1.0564807110e+10
1.5935060404e+05 1.8845317279e-13 4.8257413079e-14 -6.0196046713e+06 2.1907139364e+06 2.6285268581e-18 1.5538927840e-17 -1.2866587630e+03 -4.7501146742e+03 -4.2593826926e+11 4.7609629114e+06 5.2422502327e+07 1.7959454754e+00 2.1963831394e+02 -9.1876797641e+09
1.5935239999e+05 1.8845787252e-13 4.8285327762e-14 -6.0218102982e+06 2.1825130286e+06 2.6051873324e-18 1.5547404102e-17 -1.1708064421e+03 -4.3862727905e+03 -4.4133608562e+11 5.6063239909e+06 5.5565778578e+07 1.7096948070e+00 2.0664024282e+02 -7.9739716448e+09
1.5935410968e+05 1.8846230760e-13 4.8311915957e-14 -6.0237227569e+06 2.1752948028e+06 2.5829539065e-18 1.5555447473e-17 -1.0675468404e+03 -4.0611424819e+03 -4.5404534542e+11 6.3512525862e+06 5.8377421213e+07 1.6529012976e+00 1.9359001838e+02 -6.9097010526e+09
1.5935576259e+05 1.8846655919e-13 4.8337633988e-14 -6.0254093900e+06 2.1688278363e+06 2.5614462643e-18 1.5563201549e-17 -9.7435604681e+02 -3.7672102422e+03 -4.6468345152e+11 7.0149306928e+06 6.0922152593e+07 1.6159040073e+00 1.8077237046e+02 -5.9790438606e+09
1.5935737849e+05 1.8847068125e-13 4.8362788739e-14 -6.0269144773e+06 2.1629594083e+06 2.5404086810e-18 1.5570762634e-17 -8.8950570669e+02 -3.4993154911e+03 -4.7367587823e+11 7.6105221359e+06 6.3244412774e+07 1.5920435600e+00 1.6836040043e+02 -5.1669969206e+09
1.5935897053e+05 1.8847470918e-13 4.8387583990e-14 -6.0282679855e+06 2.1575861363e+06 2.5196714509e-18 1.5578194677e-17 -8.1178985636e+02 -3.2538541223e+03 -4.8132729777e+11 8.1472641260e+06 6.5375218571e+07 1.5774940943e+00 1.5646739621e+02 -4.4601844101e+09
1.5936054803e+05 1.8847866773e-13 4.8412164298e-14 -6.0294914912e+06 2.1526334884e+06 2.4991142743e-18 1.5585543023e-17 -7.4030508019e+02 -3.0281183569e+03 -4.8786818136e+11 8.6321172646e+06 6.7337856897e+07 1.5698482837e+00 1.4516417032e+02 -3.8464209146e+09
1.5936211788e+05 1.8848257490e-13 4.8436636966e-14 -6.0306012251e+06 2.1480452800e+06 2.4786479335e-18 1.5592841301e-17 -6.7434044670e+02 -2.8199678597e+03 -4.9347921293e+11 9.0705916618e+06 6.9150721441e+07 1.5674816809e+00 1.3449083429e+02 -3.3145986027e+09
1.5936368536e+05 1.8848644411e-13 4.8461084162e-14 -6.0316098033e+06 2.1437777247e+06 2.4582041850e-18 1.5600115241e-17 -6.1331644797e+02 -2.6276481634e+03 -4.9830553745e+11 9.4672055848e+06 7.0828878831e+07 1.5692375599e+00 1.2446516091e+02 -2.8546512488e+09
1.5936525459e+05 1.8849028556e-13 4.8485570154e-14 -6.0325272872e+06 2.1397957983e+06 2.4377297224e-18 1.5607384953e-17 -5.5674823665e+02 -2.4496818101e+03 -5.0246578877e+11 9.8257618906e+06 7.2385007554e+07 1.5742553544e+00 1.1508866993e+02 -2.4575223446e+09
1.5936682885e+05 1.8849410699e-13 4.8510145896e-14 -6.0333618726e+06 2.1360708861e+06 2.4171823554e-18 1.5614666373e-17 -5.0422209138e+02 -2.2847989284e+03 -5.0605817200e+11 1.0149525250e+07 7.3829996691e+07 1.5818708296e+00 1.0635114375e+02 -2.1151206613e+09
1.5936841072e+05 1.8849791433e-13 4.8534852061e-14 -6.0341203560e+06 2.1325791924e+06 2.3965284775e-18 1.5621972226e-17 -4.5537959568e+02 -2.1318907198e+03 -5.0916476158e+11 1.0441341504e+07 7.5173347017e+07 1.5915549916e+00 9.8234023333e+01 -1.8202627817e+09
1.5937000228e+05 1.8850171199e-13 4.8559721132e-14 -6.0348084635e+06 2.1293006259e+06 2.3757413220e-18 1.5629312686e-17 -4.0990656438e+02 -1.9899769992e+03 -5.1185465515e+11 1.0703721378e+07 7.6423450866e+07 1.6028748983e+00 9.0712983756e+01 -1.5666064039e+09
1.5937160515e+05 1.8850550323e-13 4.8584778883e-14 -6.0354310881e+06 2.1262179958e+06 2.3547997245e-18 1.5636695848e-17 -3.6752503253e+02 -1.8581827746e+03 -5.1418635810e+11 1.0938901178e+07 7.7587794019e+07 1.6154681211e+00 8.3759897061e+01 -1.3485787356e+09
1.5937322062e+05 1.8850929028e-13 4.8610045471e-14 -6.0359924665e+06 2.1233164182e+06 2.3336872140e-18 1.5644128075e-17 -3.2798728124e+02 -1.7357208217e+03 -5.1620963132e+11 1.1148888152e+07 7.8673105880e+07 1.6290255521e+00 7.7344328047e+01 -1.1613035160e+09
1.5937484964e+05 1.8851307457e-13 4.8635536255e-14 -6.0364963128e+06 2.1205828679e+06 2.3123913260e-18 1.5651614259e-17 -2.9107126834e+02 -1.6218783851e+03 -5.1796695112e+11 1.1335495218e+07 7.9685474080e+07 1.6432796470e+00 7.1434670905e+01 -1.0005293767e+09
1.5937649292e+05 1.8851685682e-13 4.8661262433e-14 -6.0369459219e+06 2.1180058344e+06 2.2909030672e-18 1.5659158022e-17 -2.5657705428e+02 -1.5160067972e+03 -5.1949468144e+11 1.1500368156e+07 8.0630433934e+07 1.6579962349e+00 6.5999007227e+01 -8.6256140327e+08
1.5937815092e+05 1.8852063715e-13 4.8687231563e-14 -6.0373442500e+06 2.1155750547e+06 2.2692164855e-18 1.5666761885e-17 -2.2432395139e+02 -1.4175132146e+03 -5.2082402739e+11 1.1645007265e+07 8.1513039651e+07 1.6729689964e+00 6.1005746735e+01 -7.4419708104e+08
1.5937982389e+05 1.8852441517e-13 4.8713447983e-14 -6.0376939787e+06 2.1132813025e+06 2.2473283106e-18 1.5674427394e-17 -1.9414820625e+02 -1.3258539125e+03 -5.2198181928e+11 1.1770784918e+07 8.2337922142e+07 1.6880155387e+00 5.6424097219e+01 -6.4266726814e+08
1.5938151191e+05 1.8852819005e-13 4.8739913183e-14 -6.0379975663e+06 2.1111162202e+06 2.2252376458e-18 1.5682155246e-17 -1.6590108777e+02 -1.2405287633e+03 -5.2299116303e+11 1.1878959974e+07 8.3109336642e+07 1.7029748151e+00 5.2224400895e+01 -5.5558249201e+08
1.5938321488e+05 1.8853196060e-13 4.8766626132e-14 -6.0382572883e+06 2.1090721844e+06 2.2029456918e-18 1.5689945383e-17 -1.3944728609e+02 -1.1610766195e+03 -5.2387198379e+11 1.1970689740e+07 8.3831202564e+07 1.7177050396e+00 4.8378365638e+01 -4.8088457399e+08
1.5938493259e+05 1.8853572529e-13 4.8793583575e-14 -6.0384752712e+06 2.1071421975e+06 2.1804554980e-18 1.5697797089e-17 -1.1466356060e+02 -1.0870714204e+03 -5.2464148272e+11 1.2047039969e+07 8.4507137141e+07 1.7320828754e+00 4.4859214708e+01 -4.1680343113e+08
1.5938666467e+05 1.8853948238e-13 4.8820780313e-14 -6.0386535187e+06 2.1053197992e+06 2.1577717232e-18 1.5705709071e-17 -9.1437577163e+01 -1.0181188433e+03 -5.2531452329e+11 1.2108993325e+07 8.5140484406e+07 1.7460022399e+00 4.1641771451e+01 -3.6181874084e+08
1.5938841067e+05 1.8854322989e-13 4.8848209475e-14 -6.0387939336e+06 2.1035989951e+06 2.1349004118e-18 1.5713679548e-17 -6.9666909958e+01 -9.5385342887e+02 -5.2590395888e+11 1.2157456525e+07 8.5734340115e+07 1.7593740034e+00 3.8702495176e+01 -3.1462615218e+08
1.5939017004e+05 1.8854696570e-13 4.8875862776e-14 -6.0388983350e+06 2.1019741978e+06 2.1118487736e-18 1.5721706321e-17 -4.9258170474e+01 -8.9393606745e+02 -5.2642091184e+11 1.2193266427e+07 8.6291573577e+07 1.7721256360e+00 3.6019478270e+01 -2.7410763169e+08
1.5939194217e+05 1.8855068758e-13 4.8903730776e-14 -6.0389684721e+06 2.1004401791e+06 2.0886249679e-18 1.5729786856e-17 -3.0126245957e+01 -8.3805179566e+02 -5.2687501191e+11 1.2217195217e+07 8.6814846842e+07 1.6112639456e+00 3.3572414233e+01 -2.3930555952e+08
1.5939327475e+05 1.8855345921e-13 4.8924696089e-14 -6.0389995336e+06 2.0993498470e+06 2.0711580931e-18 1.5735860480e-17 -1.6612476900e+01 -7.9873666945e+02 -5.2717843253e+11 1.2227750078e+07 8.7185297097e+07 1.3891537823e+00 3.1886070095e+01 -2.1652969164e+08
1.5939429177e+05 1.8855555884e-13 4.8940702091e-14 -6.0390113912e+06 2.0985521395e+06 2.0578256582e-18 1.5740494371e-17 -6.7724120370e+00 -7.7018591812e+02 -5.2739056241e+11 1.2231769328e+07 8.7455652078e+07 1.1566884996e+00 3.0681176914e+01 -2.0086455353e+08
1.5939532723e+05 1.8855768260e-13 4.8957003122e-14 -6.0390133902e+06 2.0977691675e+06 2.0442498797e-18 1.5745211057e-17 2.8453867386e+00 -7.4233654186e+02 -5.2759088796e+11 1.2232446069e+07 8.7720539828e+07 9.8718013460e-01 2.9522965329e+01 -1.8628716434e+08
1.5939631441e+05 1.8855969425e-13 4.8972548701e-14 -6.0390062050e+06 2.0970490016e+06 2.0313055352e-18 1.5749706754e-17 1.1654386802e+01 -7.1687203341e+02 -5.2776841574e+11 1.2230018944e+07 8.7963836449e+07 1.2357173874e+00 2.8479598901e+01 -1.7356086922e+08
1.5939755013e+05 1.8856219436e-13 4.8992014364e-14 -6.0389852301e+06 2.0961821293e+06 2.0151002160e-18 1.5755332899e-17 2.2207387679e+01 -6.8640960879e+02 -5.2797378643e+11 1.2222941285e+07 8.8256366398e+07 1.3727708108e+00 2.7252393072e+01 -1.5908678188e+08
1.5939892290e+05 1.8856494827e-13 4.9013647114e-14 -6.0389470325e+06 2.0952620868e+06 1.9970949409e-18 1.5761581316e-17 3.3342393793e+01 -6.5430121200e+02 -5.2818211314e+11 1.2210061334e+07 8.8566603317e+07 1.4640480339e+00 2.5985372078e+01 -1.4470673569e+08
1.5940038694e+05 1.8856785806e-13 4.9036727703e-14 -6.0388899190e+06 2.0943280802e+06 1.9778894795e-18 1.5768243340e-17 4.4570450887e+01 -6.2193364193e+02 -5.2838381290e+11 1.2190804804e+07 8.8881513271e+07 1.5310751189e+00 2.4737940294e+01 -1.3111092384e+08
1.5940191802e+05 1.8857087098e-13 4.9060875400e-14 -6.0388131216e+06 2.0934005344e+06 1.9578015041e-18 1.5775208473e-17 5.5635536432e+01 -5.9000911195e+02 -5.2857475272e+11 1.2164892642e+07 8.9194467549e+07 1.5836450228e+00 2.3539550765e+01 -1.1857635598e+08
1.5940350166e+05 1.8857395498e-13 4.9085863434e-14 -6.0387164084e+06 2.0924910441e+06 1.9370203669e-18 1.5782410889e-17 6.6390577417e+01 -5.5890751699e+02 -5.2875332237e+11 1.2132205539e+07 8.9501843937e+07 1.6269614418e+00 2.2405480304e+01 -1.0719035491e+08
1.5940512863e+05 1.8857708907e-13 4.9111546826e-14 -6.0385998763e+06 2.0916064346e+06 1.9156672403e-18 1.5789808507e-17 7.6746616190e+01 -5.2883545012e+02 -5.2891919736e+11 1.2092710997e+07 8.9801635077e+07 1.6640999213e+00 2.1343402202e+01 -9.6945791687e+07
1.5940679273e+05 1.8858025876e-13 4.9137828940e-14 -6.0384638291e+06 2.0907507220e+06 1.8938230010e-18 1.5797373277e-17 8.6648172351e+01 -4.9989861365e+02 -5.2907273275e+11 1.2046420427e+07 9.0092774996e+07 1.6970418717e+00 2.0356603276e+01 -8.7787770250e+07
1.5940848977e+05 1.8858345375e-13 4.9164644288e-14 -6.0383087017e+06 2.0899261665e+06 1.8715425640e-18 1.5805086192e-17 9.6059970984e+01 -4.7214090200e+02 -5.2921463945e+11 1.1993361945e+07 9.0374777070e+07 1.7271711080e+00 1.9445721200e+01 -7.9638344986e+07
1.5941021694e+05 1.8858666664e-13 4.9191949154e-14 -6.0381350079e+06 2.0891338810e+06 1.8488627086e-18 1.5812934552e-17 1.0495925280e+02 -4.4556708082e+02 -5.2934580267e+11 1.1933561744e+07 9.0647524958e+07 1.7555384315e+00 1.8609744862e+01 -7.2410161735e+07
1.5941197248e+05 1.8858989215e-13 4.9219716370e-14 -6.0379433020e+06 2.0883742020e+06 1.8258064379e-18 1.5820910450e-17 1.1333107608e+02 -4.2015665510e+02 -5.2946717712e+11 1.1867030194e+07 9.0911145638e+07 1.7830165131e+00 1.7846615096e+01 -6.6014104109e+07
1.5941375549e+05 1.8859312671e-13 4.9247932535e-14 -6.0377341482e+06 2.0876469245e+06 1.8023853071e-18 1.5829009950e-17 1.2116532889e+02 -3.9587268236e+02 -5.2957972644e+11 1.1793750350e+07 9.1165929620e+07 1.8104007426e+00 1.7153594883e+01 -6.0363538704e+07
1.5941556589e+05 1.8859636822e-13 4.9276596830e-14 -6.0375080926e+06 2.0869514537e+06 1.7786004299e-18 1.5837232735e-17 1.2845476850e+02 -3.7266752057e+02 -5.2968438876e+11 1.1713667300e+07 9.1412279969e+07 1.8384849474e+00 1.6527500138e+01 -5.5376568607e+07
1.5941740438e+05 1.8859961595e-13 4.9305721019e-14 -6.0372656349e+06 2.0862869053e+06 1.7544424904e-18 1.5845582097e-17 1.3519370052e+02 -3.5048661192e+02 -5.2978205856e+11 1.1626677007e+07 9.1650680083e+07 1.8681282714e+00 1.5964843056e+01 -5.0977096545e+07
1.5941927251e+05 1.8860287054e-13 4.9335330523e-14 -6.0370071973e+06 2.0856521680e+06 1.7298908761e-18 1.5854065230e-17 1.4137705855e+02 -3.2927093940e+02 -5.2987357898e+11 1.1532613310e+07 9.1881674569e+07 1.8970742186e+00 1.5461919363e+01 -4.7095171446e+07
1.5942116958e+05 1.8860612862e-13 4.9365415032e-14 -6.0367335653e+06 2.0850469460e+06 1.7049546265e-18 1.5862679082e-17 1.4699066607e+02 -3.0899223437e+02 -5.2995959900e+11 1.1431409691e+07 9.2105485487e+07 1.9040163391e+00 1.5015572076e+01 -4.3672366120e+07
1.5942307360e+05 1.8860935105e-13 4.9395626062e-14 -6.0364488503e+06 2.0844770436e+06 1.6799229254e-18 1.5871323871e-17 1.5196917416e+02 -2.8983184144e+02 -5.3003984308e+11 1.1324237691e+07 9.2319975505e+07 1.9120171826e+00 1.4626395125e+01 -4.0686013221e+07
1.5942498561e+05 1.8861253906e-13 4.9425980605e-14 -6.0361540164e+06 2.0839403755e+06 1.6547818784e-18 1.5880004536e-17 1.5632598497e+02 -2.7171255887e+02 -5.3011508020e+11 1.1211128250e+07 9.2525830338e+07 1.9207955073e+00 1.4288656556e+01 -3.8072458313e+07
1.5942690641e+05 1.8861569330e-13 4.9456491222e-14 -6.0358500479e+06 2.0834350996e+06 1.6295212824e-18 1.5888724732e-17 1.6007311034e+02 -2.5457005582e+02 -5.3018595647e+11 1.1092122536e+07 9.2723618624e+07 1.9303261768e+00 1.3996907186e+01 -3.5777140507e+07
1.5942883674e+05 1.8861881430e-13 4.9487170101e-14 -6.0355379169e+06 2.0829595099e+06 1.6041312611e-18 1.5897487991e-17 1.6322282216e+02 -2.3834906884e+02 -5.3025302241e+11 1.0967265879e+07 9.2913831199e+07 1.9404518559e+00 1.3745881909e+01 -3.3752801586e+07
1.5943077719e+05 1.8862190227e-13 4.9518026958e-14 -6.0352186063e+06 2.0825120452e+06 1.5786040043e-18 1.5906297127e-17 1.6578830776e+02 -2.2300344524e+02 -5.3031674153e+11 1.0836623729e+07 9.3096877156e+07 1.9508436323e+00 1.3530499584e+01 -3.1958563538e+07
1.5943272803e+05 1.8862495684e-13 4.9549066295e-14 -6.0348931392e+06 2.0820912974e+06 1.5529360280e-18 1.5915153450e-17 1.6778445520e+02 -2.0849609388e+02 -5.3037749715e+11 1.0700301829e+07 9.3273079605e+07 1.9609574665e+00 1.3345873990e+01 -3.0359171067e+07
1.5943468899e+05 1.8862797679e-13 4.9580283962e-14 -6.0345626151e+06 2.0816960170e+06 1.5271310094e-18 1.5924055798e-17 1.6922877295e+02 -1.9479879058e+02 -5.3043559757e+11 1.0558470958e+07 9.3442671503e+07 1.9700037495e+00 1.3187337599e+01 -2.8924381253e+07
1.5943665899e+05 1.8863095970e-13 4.9611663221e-14 -6.0342282481e+06 2.0813251136e+06 1.5012030239e-18 1.5932999414e-17 1.7014243366e+02 -1.8189167672e+02 -5.3049128044e+11 1.0411395145e+07 9.3605793249e+07 1.9769545180e+00 1.3050478692e+01 -2.7628471839e+07
1.5943863595e+05 1.8863390179e-13 4.9643170909e-14 -6.0338913991e+06 2.0809776447e+06 1.4751796913e-18 1.5941974871e-17 1.7055137303e+02 -1.6976220934e+02 -5.3054471733e+11 1.0259459787e+07 9.3762495148e+07 1.9806166177e+00 1.2931191166e+01 -2.6449831543e+07
1.5944061656e+05 1.8863679773e-13 4.9674754754e-14 -6.0335535905e+06 2.0806527880e+06 1.4491043595e-18 1.5950967313e-17 1.7048727474e+02 -1.5840330824e+02 -5.3059602026e+11 1.0103193070e+07 9.3912748670e+07 1.9797933500e+00 1.2825734312e+01 -2.5370588709e+07
1.5944259636e+05 1.8863964085e-13 4.9706343271e-14 -6.0332164866e+06 2.0803497910e+06 1.4230361613e-18 1.5959956441e-17 1.6998815744e+02 -1.4781054795e+02 -5.3064525179e+11 9.9432712935e+06 9.4056470210e+07 1.9735250425e+00 1.2730796143e+01 -2.4376230436e+07
1.5944456988e+05 1.8864242361e-13 4.9737849488e-14 -6.0328818278e+06 2.0800679020e+06 1.3970469019e-18 1.5968917589e-17 1.6909821621e+02 -1.3797853964e+02 -5.3069243949e+11 9.7804989359e+06 9.4193558256e+07 1.9613440909e+00 1.2643549587e+01 -2.3455173285e+07
1.5944653123e+05 1.8864513836e-13 4.9769178764e-14 -6.0325513226e+06 2.0798062945e+06 1.3712145832e-18 1.5977823952e-17 1.6786665836e+02 -1.2889709667e+02 -5.3073759405e+11 9.6157600872e+06 9.4323939319e+07 1.9434405486e+00 1.2561688136e+01 -2.2598274908e+07
1.5944847467e+05 1.8864777836e-13 4.9800239291e-14 -6.0322265166e+06 2.0795640060e+06 1.3456147415e-18 1.5986649573e-17 1.6634555596e+02 -1.2054812152e+02 -5.3078072777e+11 9.4499484619e+06 9.4447612216e+07 1.9206496539e+00 1.2483429375e+01 -2.1798314775e+07
1.5945039532e+05 1.8865033852e-13 4.9830952420e-14 -6.0319086762e+06 2.0793399103e+06 1.3203119415e-18 1.5995372275e-17 1.6458711270e+02 -1.1290410301e+02 -5.3082186936e+11 9.2838933723e+06 9.4564678350e+07 1.8942607115e+00 1.2407482171e+01 -2.1049502347e+07
1.5945228958e+05 1.8865281590e-13 4.9861259974e-14 -6.0315987181e+06 2.0791327334e+06 1.2953537835e-18 1.6003975724e-17 1.6264097638e+02 -1.0592856170e+02 -5.3086107195e+11 9.1183010945e+06 9.4675350247e+07 1.8657351929e+00 1.2332983193e+01 -2.0347069330e+07
1.5945415531e+05 1.8865520975e-13 4.9891127060e-14 -6.0312971977e+06 2.0789411011e+06 1.2707686223e-18 1.6012450212e-17 1.6055216696e+02 -9.9578072740e+01 -5.3089841372e+11 8.9537236318e+06 9.4779939049e+07 1.8364503023e+00 1.2259415826e+01 -1.9686973450e+07
1.5945599176e+05 1.8865752123e-13 4.9920540789e-14 -6.0310043461e+06 2.0787636024e+06 1.2465666648e-18 1.6020792281e-17 1.5835989370e+02 -9.3805053050e+01 -5.3093399322e+11 8.7905552183e+06 9.4878828554e+07 1.8075394973e+00 1.2186525922e+01 -1.9065705388e+07
1.5945779930e+05 1.8865975292e-13 4.9949506425e-14 -6.0307201355e+06 2.0785988494e+06 1.2227431722e-18 1.6029003617e-17 1.5609721519e+02 -8.8560511219e+01 -5.3096792227e+11 8.6290485532e+06 9.4972445253e+07 1.7798369246e+00 1.2114245292e+01 -1.8480170085e+07
1.5945957914e+05 1.8866190832e-13 4.9978042633e-14 -6.0304443502e+06 2.0784455230e+06 1.1992823984e-18 1.6037089689e-17 1.5379131007e+02 -8.3796262595e+01 -5.3100031876e+11 8.4693406190e+06 9.5061231391e+07 1.7538948492e+00 1.2042628537e+01 -1.7927612410e+07
1.5946133303e+05 1.8866399146e-13 5.0006176990e-14 -6.0301766507e+06 2.0783024015e+06 1.1761613013e-18 1.6045058478e-17 1.5146409198e+02 -7.9466446398e+01 -5.3103130090e+11 8.3114800732e+06 9.5145624439e+07 1.7300361956e+00 1.1971804399e+01 -1.7405565745e+07
1.5946306307e+05 1.8866600653e-13 5.0033942322e-14 -6.0299166249e+06 2.0781683743e+06 1.1533525638e-18 1.6052919432e-17 1.4913295749e+02 -7.5528403592e+01 -5.3106098305e+11 8.1554516496e+06 9.5226043416e+07 1.7084138961e+00 1.1901940230e+01 -1.6911811787e+07
1.5946306307e+05 1.8866600653e-13 5.0033942322e-14 -6.0299166249e+06 2.0781683743e+06 1.1533525638e-18 1.6052919432e-17 1.4913295749e+02 -7.5528403592e+01 -5.3106098305e+11 8.1554516496e+06 9.5226043416e+07 1.7084138961e+00 1.1901940230e+01 -1.6911811787e+07
