0.0000000000e+00 0.0000000000e+00 0.0000000000e+00 3.1415900000e+08 0.0000000000e+00 0.0000000000e+00 0.0000000000e+00 -1.1965231953e+03 9.1281121626e+01 -4.6638893045e+09 -1.0170447160e+07 7.7588953382e+05 1.0000000000e+01 0.0000000000e+00 -0.0000000000e+00
1.0000000000e+01 2.8740025432e-22 2.7836276373e-28 3.1414703457e+08 9.1281121606e+02 5.7480780638e-23 8.3510419486e-29 -1.1965635806e+03 9.1281121567e+01 -4.6638893045e+09 -1.0170447160e+07 7.7588953382e+05 5.0000000000e+01 0.0000000000e+00 -0.0000000000e+00
6.0000000000e+01 1.0347722992e-20 6.0143537572e-26 3.1408720134e+08 5.4768672553e+03 3.4495038130e-22 3.0075205864e-27 -1.1967655534e+03 9.1281119513e+01 -4.6638893045e+09 -1.0170447160e+07 7.7588953382e+05 2.5000000000e+02 0.0000000000e+00 -0.0000000000e+00
3.1000000000e+02 2.7640227166e-19 8.3069419166e-24 3.1378788361e+08 2.8297141868e+04 1.7839433320e-21 8.0437295516e-26 -1.1977765729e+03 9.1281065112e+01 -4.6638893045e+09 -1.0170447160e+07 7.7588953382e+05 1.2500000000e+03 0.0000000000e+00 -0.0000000000e+00
1.5600000000e+03 7.0218588351e-18 1.0662189460e-21 3.1228749034e+08 1.4239780062e+05 9.0203482169e-21 2.0565628171e-24 -1.2028607858e+03 9.1279676709e+01 -4.6638893045e+09 -1.0170447160e+07 7.7588953382e+05 3.6000000000e+03 0.0000000000e+00 -0.0000000000e+00
5.1600000000e+03 7.7542175277e-17 3.9401521262e-20 3.0793046009e+08 4.7098290454e+05 3.0257053918e-20 2.3139229450e-23 -1.2177814454e+03 9.1264864275e+01 -4.6638893044e+09 -1.0170447160e+07 7.7588953382e+05 3.6000000000e+03 0.0000000000e+00 -0.0000000000e+00
8.7600000000e+03 2.2560859698e-16 1.9694551345e-19 3.0351894686e+08 7.9948425384e+05 5.2107142279e-20 6.8626305952e-23 -1.2331330604e+03 9.1232905591e+01 -4.6638893042e+09 -1.0170447160e+07 7.7588953382e+05 3.6000000000e+03 0.0000000000e+00 -0.0000000000e+00
1.2360000000e+04 4.5349170037e-16 5.6538485083e-19 2.9905135537e+08 1.1278374306e+06 7.4605748973e-20 1.4068295737e-22 -1.2489403168e+03 9.1182279435e+01 -4.6638893041e+09 -1.0170447160e+07 7.7588953382e+05 3.6000000000e+03 0.0000000000e+00 -0.0000000000e+00
1.5960000000e+04 7.6359380659e-16 1.2446170939e-18 2.9452599778e+08 1.4559722478e+06 9.7790982397e-20 2.4171056084e-22 -1.2652299890e+03 9.1111298629e+01 -4.6638893040e+09 -1.0170447160e+07 7.7588953382e+05 3.6000000000e+03 0.0000000000e+00 -0.0000000000e+00
1.9560000000e+04 1.1584602769e-15 2.3436570675e-18 2.8994108574e+08 1.7838121131e+06 1.2170426088e-19 3.7437861221e-22 -1.2820311772e+03 9.1018087617e+01 -4.6638893038e+09 -1.0170447160e+07 7.7588953382e+05 3.6000000000e+03 0.0000000000e+00 -0.0000000000e+00
2.3160000000e+04 1.6407921069e-15 3.9816672335e-18 2.8529472157e+08 2.1112733043e+06 1.4639069836e-19 5.4166186996e-22 -1.2993755777e+03 9.0900556368e+01 -4.6638893036e+09 -1.0170447160e+07 7.7588953382e+05 3.6000000000e+03 0.0000000000e+00 -0.0000000000e+00
2.6760000000e+04 2.2134600089e-15 6.2891327126e-18 2.8058488833e+08 2.4382641441e+06 1.7189954701e-19 7.4688376001e-22 -1.3172977947e+03 9.0756369883e+01 -4.6638893033e+09 -1.0170447160e+07 7.7588953382e+05 3.6000000000e+03 0.0000000000e+00 -0.0000000000e+00
3.0360000000e+04 2.8795202056e-15 9.4092056804e-18 2.7580943877e+08 2.7646840553e+06 1.9828470718e-19 9.9376730048e-22 -1.3358356978e+03 9.0582912412e+01 -4.6638893030e+09 -1.0170447160e+07 7.7588953382e+05 3.6000000000e+03 0.0000000000e+00 -0.0000000000e+00
3.3960000000e+04 3.6422321988e-15 1.3499248909e-17 2.7096608280e+08 3.0904224769e+06 2.2560531710e-19 1.2864951013e-21 -1.3550308369e+03 9.0377245303e+01 -4.6638893027e+09 -1.0170447160e+07 7.7588953382e+05 3.6000000000e+03 0.0000000000e+00 -0.0000000000e+00
3.7560000000e+04 4.5050788275e-15 1.8732614478e-17 2.6605237340e+08 3.4153576137e+06 2.5392643766e-19 1.6297803720e-21 -1.3749289230e+03 9.0136057110e+01 -4.6638893023e+09 -1.0170447160e+07 7.7588953382e+05 3.6000000000e+03 0.0000000000e+00 -0.0000000000e+00
4.1160000000e+04 5.4717889893e-15 2.5300701465e-17 2.6106569071e+08 3.7393549909e+06 2.8331985110e-19 2.0289513547e-21 -1.3955803895e+03 8.9855604274e+01 -4.6638893018e+09 -1.0170447160e+07 7.7588953382e+05 3.6000000000e+03 0.0000000000e+00 -0.0000000000e+00
4.4760000000e+04 6.5463634771e-15 3.3415346216e-17 2.5600322382e+08 4.0622657748e+06 3.1386499680e-19 2.4900522241e-21 -1.4170410495e+03 8.9531640228e+01 -4.6638893013e+09 -1.0170447160e+07 7.7588953382e+05 3.6000000000e+03 0.0000000000e+00 -0.0000000000e+00
4.8360000000e+04 7.7331044731e-15 4.3311611133e-17 2.5086195005e+08 4.3839248134e+06 3.4565007317e-19 3.0199643074e-21 -1.4393728702e+03 8.9159330232e+01 -4.6638893006e+09 -1.0170447160e+07 7.7588953382e+05 3.6000000000e+03 0.0000000000e+00 -0.0000000000e+00
5.1960000000e+04 9.0366493615e-15 5.5251053613e-17 2.4563861125e+08 4.7041483394e+06 3.7877334181e-19 3.6265525428e-21 -1.4626448891e+03 8.8733148475e+01 -4.6638892998e+09 -1.0170447160e+07 7.7588953382e+05 3.6000000000e+03 0.0000000000e+00 -0.0000000000e+00
5.5560000000e+04 1.0462009668e-14 6.9525576906e-17 2.4032968636e+08 5.0227312651e+06 4.1334467971e-19 4.3188434994e-21 -1.4869343044e+03 8.8246752993e+01 -4.6638892988e+09 -1.0170447160e+07 7.7588953382e+05 3.6000000000e+03 0.0000000000e+00 -0.0000000000e+00
5.9160000000e+04 1.2014616120e-14 8.6461990614e-17 2.3493135983e+08 5.3394439780e+06 4.4948743777e-19 5.1072431584e-21 -1.5123277810e+03 8.7692832668e+01 -4.6638892975e+09 -1.0170447160e+07 7.7588953382e+05 3.6000000000e+03 0.0000000000e+00 -0.0000000000e+00
6.2760000000e+04 1.3700371051e-14 1.0642744240e-16 2.2943948474e+08 5.6540285243e+06 4.8734067999e-19 6.0038051758e-21 -1.5389230236e+03 8.7062918742e+01 -4.6638892960e+09 -1.0170447160e+07 7.7588953382e+05 3.6000000000e+03 0.0000000000e+00 -0.0000000000e+00
6.6360000000e+04 1.5525709704e-14 1.2983592690e-16 2.2384953978e+08 5.9661940363e+06 5.2706190011e-19 7.0225637847e-21 -1.5668306856e+03 8.6347150929e+01 -4.6638892941e+09 -1.0170447160e+07 7.7588953382e+05 3.6000000000e+03 0.0000000000e+00 -0.0000000000e+00
6.9960000000e+04 1.7497672347e-14 1.5715613694e-16 2.1815657852e+08 6.2756112160e+06 5.6883034147e-19 8.1799502097e-21 -1.5961767011e+03 8.5533984843e+01 -4.6638892917e+09 -1.0170447160e+07 7.7588953382e+05 3.6000000000e+03 0.0000000000e+00 -0.0000000000e+00
7.3560000000e+04 1.9623989670e-14 1.8892100103e-16 2.1235516948e+08 6.5819056341e+06 6.1285108653e-19 9.4953180397e-21 -1.6271051587e+03 8.4609822881e+01 -4.6638892887e+09 -1.0170447160e+07 7.7588953382e+05 3.6000000000e+03 0.0000000000e+00 -0.0000000000e+00
7.7160000000e+04 2.1913184621e-14 2.2573935874e-16 2.0643932454e+08 6.8846495270e+06 6.5936013757e-19 1.0991612256e-20 -1.6597818708e+03 8.3558544168e+01 -4.6638892847e+09 -1.0170447160e+07 7.7588953382e+05 3.6000000000e+03 0.0000000000e+00 -0.0000000000e+00
8.0760000000e+04 2.4374694738e-14 2.6831037251e-16 2.0040241299e+08 7.1833516714e+06 7.0863078811e-19 1.2696229846e-20 -1.6943988502e+03 8.2360899903e+01 -4.6638892796e+09 -1.0170447160e+07 7.7588953382e+05 3.6000000000e+03 0.0000000000e+00 -0.0000000000e+00
8.4360000000e+04 2.7019020341e-14 3.1744147955e-16 1.9423705743e+08 7.4774447714e+06 7.6098169415e-19 1.4642139108e-20 -1.7311799809e+03 8.0993726949e+01 -4.6638892729e+09 -1.0170447160e+07 7.7588953382e+05 3.6000000000e+03 0.0000000000e+00 -0.0000000000e+00
8.7960000000e+04 2.9857905668e-14 3.7407097663e-16 1.8793500649e+08 7.7662695909e+06 8.1678721293e-19 1.6869353051e-20 -1.7703882818e+03 7.9428912635e+01 -4.6638892639e+09 -1.0170447160e+07 7.7588953382e+05 3.6000000000e+03 0.0000000000e+00 -0.0000000000e+00
9.1560000000e+04 3.2904562452e-14 4.3929674496e-16 1.8148697777e+08 8.0490547712e+06 8.7649080872e-19 1.9426894739e-20 -1.8123353258e+03 7.7632013934e+01 -4.6638892518e+09 -1.0170447160e+07 7.7588953382e+05 3.6000000000e+03 0.0000000000e+00 -0.0000000000e+00
9.5160000000e+04 3.6173948947e-14 5.1441322741e-16 1.7488246178e+08 8.3248908523e+06 9.4062267100e-19 2.2375457421e-20 -1.8573936178e+03 7.5560388483e+01 -4.6638892349e+09 -1.0170447160e+07 7.7588953382e+05 3.6000000000e+03 0.0000000000e+00 -0.0000000000e+00
9.8760000000e+04 3.9683122357e-14 6.0095966933e-16 1.6810947433e+08 8.5926963782e+06 1.0098232174e-18 2.5791063937e-20 -1.9060131075e+03 7.3160623528e+01 -4.6638892112e+09 -1.0170447160e+07 7.7588953382e+05 3.6000000000e+03 0.0000000000e+00 -0.0000000000e+00
1.0236000000e+05 4.3451690046e-14 7.0078400029e-16 1.6115423950e+08 8.8511730155e+06 1.0848749744e-18 2.9770192822e-20 -1.9587435891e+03 7.0364934387e+01 -4.6638891771e+09 -1.0170447160e+07 7.7588953382e+05 3.6000000000e+03 0.0000000000e+00 -0.0000000000e+00
1.0596000000e+05 4.7502396048e-14 8.1612885813e-16 1.5400077762e+08 9.0987451133e+06 1.1667466409e-18 3.4437106611e-20 -2.0162656587e+03 6.7086015663e+01 -4.6638891266e+09 -1.0170447160e+07 7.7588953382e+05 3.6000000000e+03 0.0000000000e+00 -0.0000000000e+00
1.0956000000e+05 5.1861896630e-14 9.4974964990e-16 1.4663036029e+08 9.3334767548e+06 1.2566552961e-18 3.9954572871e-20 -2.0794344221e+03 6.3209508781e+01 -4.6638890500e+09 -1.0170447160e+07 7.7588953382e+05 3.4542711087e+03 0.0000000000e+00 -0.0000000000e+00
1.1266654374e+05 5.5896133144e-14 1.0823564699e-15 1.4007890154e+08 9.5238775597e+06 1.3418818326e-18 4.5564263096e-20 -2.1393135840e+03 5.9268206425e+01 -4.6638889943e+09 -1.0170447160e+07 7.7588953382e+05 3.1265491943e+03 0.0000000000e+00 -0.0000000000e+00
1.1579309293e+05 6.0236546924e-14 1.2349007171e-15 1.3328838925e+08 9.7020966836e+06 1.4361521027e-18 5.2199892840e-20 -2.2055467668e+03 5.4606091033e+01 -4.6638889068e+09 -1.0170447160e+07 7.7588953382e+05 2.8200084029e+03 0.0000000000e+00 -0.0000000000e+00
1.1832459174e+05 6.3976587240e-14 1.3747930609e-15 1.2763168388e+08 9.8348880198e+06 1.5198475512e-18 5.8470622815e-20 -2.2643502042e+03 5.0200349926e+01 -4.6638888610e+09 -1.0170447160e+07 7.7588953382e+05 2.5485834829e+03 0.0000000000e+00 -0.0000000000e+00
1.2087317523e+05 6.7965625390e-14 1.5328961858e-15 1.2177959335e+08 9.9564441831e+06 1.6119729340e-18 6.5786015233e-20 -2.3290764143e+03 4.5060641276e+01 -4.6638887907e+09 -1.0170447160e+07 7.7588953382e+05 2.2994694292e+03 0.0000000000e+00 -0.0000000000e+00
1.2293664243e+05 7.1374677433e-14 1.6755268051e-15 1.1691544712e+08 1.0044589189e+07 1.6933161415e-18 7.2605441963e-20 -2.3862271949e+03 4.0269392284e+01 -4.6638887549e+09 -1.0170447160e+07 7.7588953382e+05 2.0782880867e+03 0.0000000000e+00 -0.0000000000e+00
1.2501493052e+05 7.4985091665e-14 1.8343958934e-15 1.1189209266e+08 1.0122678104e+07 1.7823815751e-18 8.0460148903e-20 -2.4488035208e+03 3.4750767597e+01 -4.6638887012e+09 -1.0170447160e+07 7.7588953382e+05 1.8716289636e+03 0.0000000000e+00 -0.0000000000e+00
1.2668840835e+05 7.8032103944e-14 1.9749401692e-15 1.0774894263e+08 1.0176690283e+07 1.8601147558e-18 8.7647190202e-20 -2.5034179390e+03 2.9701236933e+01 -4.6638886753e+09 -1.0170447160e+07 7.7588953382e+05 1.6873650900e+03 0.0000000000e+00 -0.0000000000e+00
1.2819820487e+05 8.0896759438e-14 2.1126553585e-15 1.0392976283e+08 1.0217749130e+07 1.9355356382e-18 9.4916309237e-20 -2.5564077637e+03 2.4594039418e+01 -4.6638886540e+09 -1.0170447160e+07 7.7588953382e+05 1.5232920670e+03 0.0000000000e+00 -0.0000000000e+00
1.2955246424e+05 8.3566517278e-14 2.2460287121e-15 1.0043361963e+08 1.0247660896e+07 2.0080349403e-18 1.0217883510e-19 -2.6073449204e+03 1.9491474191e+01 -4.6638886372e+09 -1.0170447160e+07 7.7588953382e+05 1.3686255990e+03 0.0000000000e+00 -0.0000000000e+00
1.3075598982e+05 8.6024186809e-14 2.3732296109e-15 9.7266843651e+07 1.0268150206e+07 2.0768038065e-18 1.0931705502e-19 -2.6556611167e+03 1.4476244854e+01 -4.6638886248e+09 -1.0170447160e+07 7.7588953382e+05 1.2199670624e+03 0.0000000000e+00 -0.0000000000e+00
1.3180725795e+05 8.8240680702e-14 2.4916938241e-15 9.4451694418e+07 1.0280879578e+07 2.1406100714e-18 1.1615754140e-19 -2.7004906478e+03 9.6701996001e+00 -4.6638886166e+09 -1.0170447160e+07 7.7588953382e+05 1.0725500526e+03 0.0000000000e+00 -0.0000000000e+00
1.3269097055e+05 9.0157172636e-14 2.5970679867e-15 9.2047807116e+07 1.0287511207e+07 2.1972322821e-18 1.2240326146e-19 -2.7402727469e+03 5.2820301623e+00 -4.6638886123e+09 -1.0170447160e+07 7.7588953382e+05 9.1879549482e+02 0.0000000000e+00 -0.0000000000e+00
1.3333427480e+05 9.1584433390e-14 2.6773598639e-15 9.0275302035e+07 1.0289820613e+07 2.2403222673e-18 1.2726693797e-19 -2.7705472635e+03 1.8648682630e+00 -4.6638886112e+09 -1.0170447160e+07 7.7588953382e+05 7.5450838152e+02 0.0000000000e+00 -0.0000000000e+00
1.3408878319e+05 9.3294509348e-14 2.7756509797e-15 8.8171036006e+07 1.0289634803e+07 2.2930381892e-18 1.3334727430e-19 -2.8075848501e+03 -2.4071045063e+00 -4.6638886083e+09 -1.0170447160e+07 7.7588953382e+05 7.5211376449e+02 0.0000000000e+00 -0.0000000000e+00
1.3484089695e+05 9.5039682676e-14 2.8783606271e-15 8.6044976193e+07 1.0286126001e+07 2.3481171794e-18 1.3985331414e-19 -2.8462827006e+03 -6.9781715558e+00 -4.6638886048e+09 -1.0170447160e+07 7.7588953382e+05 8.5480275764e+02 0.0000000000e+00 -0.0000000000e+00
1.3569569971e+05 9.7074782334e-14 3.0012771537e-15 8.3592347788e+07 1.0277793650e+07 2.4140706301e-18 1.4784998123e-19 -2.8926208192e+03 -1.2596535774e+01 -4.6638885965e+09 -1.0170447160e+07 7.7588953382e+05 9.0755434565e+02 0.0000000000e+00 -0.0000000000e+00
1.3660325405e+05 9.9299061065e-14 3.1396055218e-15 8.0943685894e+07 1.0263448345e+07 2.4884077786e-18 1.5713275293e-19 -2.9448492252e+03 -1.9118501960e+01 -4.6638885819e+09 -1.0170447160e+07 7.7588953382e+05 9.3042379215e+02 0.0000000000e+00 -0.0000000000e+00
1.3753367785e+05 1.0165175812e-13 3.2906030160e-15 7.8177434971e+07 1.0242289409e+07 2.5697725656e-18 1.6762106619e-19 -3.0020151673e+03 -2.6487467467e+01 -4.6638885599e+09 -1.0170447160e+07 7.7588953382e+05 9.3409236030e+02 0.0000000000e+00 -0.0000000000e+00
1.3846777021e+05 1.0409258788e-13 3.4525336407e-15 7.5344873527e+07 1.0213783856e+07 2.6573784112e-18 1.7929771895e-19 -3.0635660037e+03 -3.4691346321e+01 -4.6638885295e+09 -1.0170447160e+07 7.7588953382e+05 9.2459737676e+02 0.0000000000e+00 -0.0000000000e+00
1.3939236758e+05 1.0659220653e-13 3.6241570364e-15 7.2482368657e+07 1.0177601562e+07 2.7507304824e-18 1.9217907732e-19 -3.1291540707e+03 -4.3741637168e+01 -4.6638884896e+09 -1.0170447160e+07 7.7588953382e+05 9.0579529331e+02 0.0000000000e+00 -0.0000000000e+00
1.4029816288e+05 1.0912795394e-13 3.8045062747e-15 6.9616977281e+07 1.0133572320e+07 2.8495033188e-18 2.0630234861e-19 -3.1985507035e+03 -5.3664481422e+01 -4.6638884393e+09 -1.0170447160e+07 7.7588953382e+05 8.8035346663e+02 0.0000000000e+00 -0.0000000000e+00
1.4117851634e+05 1.1168167272e-13 3.9927783002e-15 6.6769401168e+07 1.0081654261e+07 2.9534791632e-18 2.2171946030e-19 -3.2716029085e+03 -6.4496362719e+01 -4.6638883775e+09 -1.0170447160e+07 7.7588953382e+05 8.5021297120e+02 0.0000000000e+00 -0.0000000000e+00
1.4202872931e+05 1.1423846491e-13 4.1882745970e-15 6.3955729518e+07 1.0021909257e+07 3.0625134585e-18 2.3849386415e-19 -3.3482091217e+03 -7.6281861518e+01 -4.6638883032e+09 -1.0170447160e+07 7.7588953382e+05 8.1683329657e+02 0.0000000000e+00 -0.0000000000e+00
1.4284556261e+05 1.1678592284e-13 4.3903669338e-15 6.1188555556e+07 9.9544830181e+06 3.1765139931e-18 2.5669879866e-19 -3.4283045561e+03 -8.9072434325e+01 -4.6638882154e+09 -1.0170447160e+07 7.7588953382e+05 7.8133481671e+02 0.0000000000e+00 -0.0000000000e+00
1.4362689743e+05 1.1931362126e-13 4.5984767202e-15 5.8477739156e+07 9.8795886489e+06 3.2954275281e-18 2.7641634923e-19 -3.5118518068e+03 -1.0292575339e+02 -4.6638881129e+09 -1.0170447160e+07 7.7588953382e+05 7.4458831290e+02 0.0000000000e+00 -0.0000000000e+00
1.4437148574e+05 1.2181276293e-13 4.8120622184e-15 5.5830954429e+07 9.7974928471e+06 3.4192308103e-18 2.9773697919e-19 -3.5988345363e+03 -1.1790537717e+02 -4.6638879945e+09 -1.0170447160e+07 7.7588953382e+05 7.0727479002e+02 0.0000000000e+00 -0.0000000000e+00
1.4507876053e+05 1.2427591959e-13 5.0306105009e-15 5.3254098847e+07 9.7085042310e+06 3.5479242949e-18 3.2075935783e-19 -3.6892530646e+03 -1.3408062954e+02 -4.6638878592e+09 -1.0170447160e+07 7.7588953382e+05 6.6992748481e+02 0.0000000000e+00 -0.0000000000e+00
1.4574868802e+05 1.2669683446e-13 5.2536323738e-15 5.0751608770e+07 9.6129634192e+06 3.6815276167e-18 3.4559038783e-19 -3.7831211867e+03 -1.5152661909e+02 -4.6638877055e+09 -1.0170447160e+07 7.7588953382e+05 6.3296257990e+02 0.0000000000e+00 -0.0000000000e+00
1.4638165060e+05 1.2907026636e-13 5.4806591936e-15 4.8326709029e+07 9.5112345807e+06 3.8200762290e-18 3.7234537507e-19 -3.8804638117e+03 -1.7032435836e+02 -4.6638875322e+09 -1.0170447160e+07 7.7588953382e+05 5.9670239121e+02 0.0000000000e+00 -0.0000000000e+00
1.4697835299e+05 1.3139186282e-13 5.7112409118e-15 4.5981614417e+07 9.4036982417e+06 3.9636188441e-18 4.0114830581e-19 -3.9813151643e+03 -1.9056095864e+02 -4.6638873378e+09 -1.0170447160e+07 7.7588953382e+05 5.6139333911e+02 0.0000000000e+00 -0.0000000000e+00
1.4753974633e+05 1.3365805403e-13 5.9449449167e-15 4.3717694982e+07 9.2907451710e+06 4.1122154395e-18 4.3213221037e-19 -4.0857173840e+03 -2.1232988547e+02 -4.6638871208e+09 -1.0170447160e+07 7.7588953382e+05 5.2722015008e+02 0.0000000000e+00 -0.0000000000e+00
1.4806696648e+05 1.3586596240e-13 6.1813553912e-15 4.1535613397e+07 9.1727711996e+06 4.2659356666e-18 4.6543959991e-19 -4.1937194071e+03 -2.3573126551e+02 -4.6638868797e+09 -1.0170447160e+07 7.7588953382e+05 4.9431726498e+02 0.0000000000e+00 -0.0000000000e+00
1.4856128374e+05 1.3801332407e-13 6.4200729956e-15 3.9435440282e+07 9.0501728536e+06 4.4248575535e-18 5.0122296843e-19 -4.3053760552e+03 -2.6087223925e+02 -4.6638866129e+09 -1.0170447160e+07 7.7588953382e+05 4.6277811078e+02 0.0000000000e+00 -0.0000000000e+00
1.4902406185e+05 1.4009841982e-13 6.6607147495e-15 3.7416751790e+07 8.9233436934e+06 4.5890664214e-18 5.3964535541e-19 -4.4207472739e+03 -2.8786735632e+02 -4.6638863184e+09 -1.0170447160e+07 7.7588953382e+05 4.3266270720e+02 0.0000000000e+00 -0.0000000000e+00
1.4945672456e+05 1.4212001379e-13 6.9029140232e-15 3.5478712684e+07 8.7926712703e+06 4.7586539576e-18 5.8088096702e-19 -4.5398974817e+03 -3.1683901191e+02 -4.6638859945e+09 -1.0170447160e+07 7.7588953382e+05 4.0400394686e+02 0.0000000000e+00 -0.0000000000e+00
1.4986072851e+05 1.4407729848e-13 7.1463205806e-15 3.3620147400e+07 8.6585346201e+06 4.9337174023e-18 6.2511585522e-19 -4.6628949984e+03 -3.4791792395e+02 -4.6638856391e+09 -1.0170447160e+07 7.7588953382e+05 3.7681280582e+02 0.0000000000e+00 -0.0000000000e+00
1.5023754131e+05 1.4596984527e-13 7.3906006334e-15 3.1839601028e+07 8.5213022244e+06 5.1143588155e-18 6.7254865572e-19 -4.7898115302e+03 -3.8124365155e+02 -4.6638852503e+09 -1.0170447160e+07 7.7588953382e+05 3.5108268044e+02 0.0000000000e+00 -0.0000000000e+00
1.5058862399e+05 1.4779755975e-13 7.6354368796e-15 3.0135391767e+07 8.3813303791e+06 5.3006843987e-18 7.2339138622e-19 -4.9207216928e+03 -4.1696515585e+02 -4.6638848256e+09 -1.0170447160e+07 7.7588953382e+05 3.2679300382e+02 0.0000000000e+00 -0.0000000000e+00
1.5091541700e+05 1.4956064115e-13 7.8805285107e-15 2.8505656102e+07 8.2389619145e+06 5.4928038494e-18 7.7787030802e-19 -5.0557025586e+03 -4.5524140537e+02 -4.6638843629e+09 -1.0170447160e+07 7.7588953382e+05 3.0391225979e+02 0.0000000000e+00 -0.0000000000e+00
1.5121932926e+05 1.5125954563e-13 8.1255911760e-15 2.6948387739e+07 8.0945252209e+06 5.6908297309e-18 8.3622685362e-19 -5.1948332132e+03 -4.9624202776e+02 -4.6638838595e+09 -1.0170447160e+07 7.7588953382e+05 2.8240049853e+02 0.0000000000e+00 -0.0000000000e+00
1.5150172975e+05 1.5289495281e-13 8.3703569014e-15 2.5461471142e+07 7.9483335360e+06 5.8948768423e-18 8.9871862483e-19 -5.3381943132e+03 -5.4014801102e+02 -4.6638833128e+09 -1.0170447160e+07 7.7588953382e+05 2.6221142884e+02 0.0000000000e+00 -0.0000000000e+00
1.5176394118e+05 1.5446773559e-13 8.6145739593e-15 2.4042710410e+07 7.8006844576e+06 6.1050615744e-18 9.6562046561e-19 -5.4858676332e+03 -5.8715245727e+02 -4.6638827200e+09 -1.0170447160e+07 7.7588953382e+05 2.4329415574e+02 0.0000000000e+00 -0.0000000000e+00
1.5200723534e+05 1.5597893258e-13 8.8580066908e-15 2.2689854083e+07 7.6518596478e+06 6.3215012376e-18 1.0372256149e-18 -5.6379355942e+03 -6.3746139273e+02 -4.6638820781e+09 -1.0170447160e+07 7.7588953382e+05 2.2559461972e+02 0.0000000000e+00 -0.0000000000e+00
1.5223282996e+05 1.5742972328e-13 9.1004352848e-15 2.1400616413e+07 7.5021246997e+06 6.5443133521e-18 1.1138469454e-18 -5.7944807645e+03 -6.9129463814e+02 -4.6638813840e+09 -1.0170447160e+07 7.7588953382e+05 2.0905678015e+02 0.0000000000e+00 -0.0000000000e+00
1.5244188674e+05 1.5882140553e-13 9.3416555152e-15 2.0172695546e+07 7.3517291410e+06 6.7736148837e-18 1.1958182950e-18 -5.9555853230e+03 -7.4888674401e+02 -4.6638806342e+09 -1.0170447160e+07 7.7588953382e+05 1.9362358625e+02 0.0000000000e+00 -0.0000000000e+00
1.5263551032e+05 1.6015537526e-13 9.5814784424e-15 1.9003788995e+07 7.2009065520e+06 7.0095214170e-18 1.2834958975e-18 -6.1213304779e+03 -8.1048799603e+02 -4.6638798254e+09 -1.0170447160e+07 7.7588953382e+05 1.7923776572e+02 0.0000000000e+00 -0.0000000000e+00
1.5281474809e+05 1.6143310815e-13 9.8197300833e-15 1.7891606755e+07 7.0498747764e+06 7.2521462481e-18 1.3772599217e-18 -6.2917958298e+03 -8.7636549627e+02 -4.6638789537e+09 -1.0170447160e+07 7.7588953382e+05 1.6584246070e+02 0.0000000000e+00 -0.0000000000e+00
1.5298059055e+05 1.6265614323e-13 1.0056251056e-14 1.6833882345e+07 6.8988362093e+06 7.5015993868e-18 1.4775161269e-18 -6.4670586703e+03 -9.4680432657e+02 -4.6638780151e+09 -1.0170447160e+07 7.7588953382e+05 1.5338173387e+02 0.0000000000e+00 -0.0000000000e+00
1.5313397228e+05 1.6382606818e-13 1.0290896204e-14 1.5828382036e+07 6.7479781457e+06 7.7579864492e-18 1.5846976463e-18 -6.6471932041e+03 -1.0221088012e+03 -4.6638770055e+09 -1.0170447160e+07 7.7588953382e+05 1.4180096599e+02 0.0000000000e+00 -0.0000000000e+00
1.5327577325e+05 1.6494450620e-13 1.0523534203e-14 1.4872912497e+07 6.5974731760e+06 8.0214074259e-18 1.6992669078e-18 -6.8322696832e+03 -1.1026038164e+03 -4.6638759204e+09 -1.0170447160e+07 7.7588953382e+05 1.3104716191e+02 0.0000000000e+00 -0.0000000000e+00
1.5340682041e+05 1.6601310432e-13 1.0754047159e-14 1.3965327060e+07 6.4474796163e+06 8.2919553048e-18 1.8217177061e-18 -7.0223534400e+03 -1.1886363067e+03 -4.6638747552e+09 -1.0170447160e+07 7.7588953382e+05 1.2106917971e+02 0.0000000000e+00 -0.0000000000e+00
1.5352788959e+05 1.6703352309e-13 1.0982330205e-14 1.3103530761e+07 6.2981419648e+06 8.5697145291e-18 1.9525774397e-18 -7.2175038033e+03 -1.2805768160e+03 -4.6638735049e+09 -1.0170447160e+07 7.7588953382e+05 1.1181789648e+02 0.0000000000e+00 -0.0000000000e+00
1.5363970749e+05 1.6800742740e-13 1.1208291085e-14 1.2285484341e+07 6.1495913715e+06 8.8547592647e-18 2.0924095287e-18 -7.4177728810e+03 -1.3788211966e+03 -4.6638721643e+09 -1.0170447160e+07 7.7588953382e+05 1.0324632023e+02 0.0000000000e+00 -0.0000000000e+00
1.5374295381e+05 1.6893647854e-13 1.1431849759e-14 1.1509207325e+07 6.0019461173e+06 9.1471514496e-18 2.2418160311e-18 -7.6232041902e+03 -1.4837924475e+03 -4.6638707279e+09 -1.0170447160e+07 7.7588953382e+05 9.5309658699e+01 0.0000000000e+00 -0.0000000000e+00
1.5383826347e+05 1.6982232714e-13 1.1652938002e-14 1.0772780298e+07 5.8553120916e+06 9.4469385941e-18 2.4014404786e-18 -7.8338311110e+03 -1.5959427064e+03 -4.6638691899e+09 -1.0170447160e+07 7.7588953382e+05 8.7965352005e+01 0.0000000000e+00 -0.0000000000e+00
1.5392622882e+05 1.7066660718e-13 1.1871499024e-14 1.0074346496e+07 5.7097832646e+06 9.7541512956e-18 2.5719709535e-18 -8.0496751408e+03 -1.7157554118e+03 -4.6638675443e+09 -1.0170447160e+07 7.7588953382e+05 8.1173075897e+01 2.2050392843e-308 -1.5426284474e-300
1.5400740190e+05 1.7147093067e-13 1.2087487109e-14 9.4121128024e+06 5.5654421464e+06 1.0068800425e-17 2.7541434343e-18 -8.2707439171e+03 -1.8437476536e+03 -4.6638657846e+09 -1.0170447160e+07 7.7588953382e+05 7.4894721634e+01 1.2486354563e-269 -8.9935417203e-262
1.5408229662e+05 1.7223688330e-13 1.2300867271e-14 8.7843502263e+06 5.4223602295e+06 1.0390873934e-17 2.9487454398e-18 -8.4970289755e+03 -1.9804727333e+03 -4.6638639042e+09 -1.0170447160e+07 7.7588953382e+05 6.9094357218e+01 6.3287845696e-233 -4.6934661262e-225
1.5415139097e+05 1.7296602059e-13 1.2511614938e-14 8.1893939454e+06 5.2805984081e+06 1.0720333233e-17 3.1566200059e-18 -8.7285032029e+03 -2.1265229578e+03 -4.6638618960e+09 -1.0170447160e+07 7.7588953382e+05 6.3738173953e+01 3.6109218933e-198 -2.7573865213e-190
1.5421512915e+05 1.7365986478e-13 1.2719715676e-14 7.6256429709e+06 5.1402073699e+06 1.1057109061e-17 3.3786700360e-18 -8.9651179380e+03 -2.2825326966e+03 -4.6638597527e+09 -1.0170447160e+07 7.7588953382e+05 5.8794421683e+01 2.8908092261e-165 -2.2731749405e-157
1.5427392357e+05 1.7431990229e-13 1.2925164939e-14 7.0915594953e+06 5.0012279559e+06 1.1401096780e-17 3.6158630715e-18 -9.2067996624e+03 -2.4491817329e+03 -4.6638574666e+09 -1.0170447160e+07 7.7588953382e+05 5.4233336085e+01 4.0123432407e-134 -3.2491741017e-126
1.5432815691e+05 1.7494758157e-13 1.3127967869e-14 6.5856679706e+06 4.8636914828e+06 1.1752150988e-17 3.8692365385e-18 -9.4534462192e+03 -2.6271989499e+03 -4.6638550297e+09 -1.0170447160e+07 7.7588953382e+05 5.0027059689e+01 1.1826814455e-104 -9.8635167962e-97
1.5437818397e+05 1.7554431157e-13 1.3328139149e-14 6.1065539609e+06 4.7276200225e+06 1.2110079351e-17 4.1399035345e-18 -9.7049224756e+03 -2.8173663970e+03 -4.6638524339e+09 -1.0170447160e+07 7.7588953382e+05 4.6149559378e+01 8.9919129408e-77 -7.7238344724e-69
1.5442433353e+05 1.7611146045e-13 1.3525702908e-14 5.6528628073e+06 4.5930266332e+06 1.2474635502e-17 4.4290592331e-18 -9.9610553389e+03 -3.0205237890e+03 -4.6638496706e+09 -1.0170447160e+07 7.7588953382e+05 4.2576541528e+01 2.1240520851e-50 -1.8792774590e-42
1.5446691007e+05 1.7665035483e-13 1.3720692698e-14 5.2232981377e+06 4.4599155350e+06 1.2845510868e-17 4.7379879995e-18 -1.0221628008e+04 -3.2375735058e+03 -4.6638467309e+09 -1.0170447160e+07 7.7588953382e+05 3.9285366532e+01 1.8625223655e-25 -1.6974638210e-17
1.5447995111e+05 1.7681865939e-13 1.3783155550e-14 5.0894454251e+06 4.4172202713e+06 1.2966640348e-17 4.8422634836e-18 -1.0306732155e+04 -3.3108362342e+03 -4.6638467201e+09 -1.0170447160e+07 7.7588953382e+05 3.7024110723e+01 1.0873280403e-17 -1.0005192888e-09
1.5448365352e+05 1.7686673208e-13 1.3801139974e-14 5.0512401021e+06 4.4049225864e+06 1.3001724513e-17 4.8727860287e-18 -1.0331381877e+04 -3.3322810153e+03 -4.6638467201e+09 -1.0170447160e+07 7.7588953382e+05 1.8512055362e+01 1.7886393291e-15 -1.6504064853e-07
1.5450216557e+05 1.7710907652e-13 1.3892800987e-14 4.8588216471e+06 4.3422124383e+06 1.3181979229e-17 5.0319155903e-18 -1.0458026340e+04 -3.4440834482e+03 -4.6638840196e+09 -1.0170443935e+07 7.7589059567e+05 2.2242930024e+01 2.5720046304e-04 -2.4071289322e+04
1.5450438987e+05 1.7713842179e-13 1.3904015527e-14 4.8355425893e+06 4.3345362716e+06 1.3204197969e-17 5.0518020859e-18 -1.0473633225e+04 -3.4580542320e+03 -4.6642531024e+09 -1.0170412143e+07 7.7590108525e+05 3.5747682849e+00 5.7505973658e-03 -5.3913447528e+05
1.5450592805e+05 1.7715874419e-13 1.3911796792e-14 4.8194238507e+06 4.3292096610e+06 1.3219635613e-17 5.0656548517e-18 -1.0484449868e+04 -3.4677772167e+03 -4.6671845158e+09 -1.0170160002e+07 7.7598443271e+05 2.1332648989e+00 4.9433998830e-02 -4.6401721086e+06
1.5450719224e+05 1.7717546428e-13 1.3918207939e-14 4.8061640044e+06 4.3248206991e+06 1.3232367961e-17 5.0771020724e-18 -1.0493232225e+04 -3.4757658556e+03 -4.6833354937e+09 -1.0168772443e+07 7.7644380426e+05 1.4450535722e+00 2.9012038907e-01 -2.7259193505e+07
1.5450817883e+05 1.7718852415e-13 1.3923221395e-14 4.7958082294e+06 4.3213885001e+06 1.3242332683e-17 5.0860749281e-18 -1.0499646912e+04 -3.4818757010e+03 -4.7414075115e+09 -1.0163787970e+07 7.7809601233e+05 1.0568063993e+00 1.1554424806e+00 -1.0864199093e+08
1.5450897235e+05 1.7719903539e-13 1.3927260165e-14 4.7874748381e+06 4.3186237192e+06 1.3250365319e-17 5.0933169241e-18 -1.0503693900e+04 -3.4864340758e+03 -4.8996291985e+09 -1.0150216466e+07 7.8259902681e+05 8.2490908380e-01 3.5124005895e+00 -3.3041559302e+08
1.5450963071e+05 1.7720776115e-13 1.3930615405e-14 4.7805590443e+06 4.3163273168e+06 1.3257042018e-17 5.0993425075e-18 -1.0504779709e+04 -3.4894704096e+03 -5.2570270244e+09 -1.0119572597e+07 7.9277497355e+05 6.7446787373e-01 8.8333032994e+00 -8.3110829102e+08
1.5451019224e+05 1.7721520697e-13 1.3933480284e-14 4.7746609204e+06 4.3143674401e+06 1.3262745457e-17 5.1044941052e-18 -1.0501633089e+04 -3.4907126409e+03 -5.9662402836e+09 -1.0058765389e+07 8.1298134822e+05 5.7063037817e-01 1.9380344478e+01 -1.8230314622e+09
1.5451068270e+05 1.7722171304e-13 1.3935984937e-14 4.7695122516e+06 4.3126555466e+06 1.3267733655e-17 5.1090029620e-18 -1.0492184253e+04 -3.4895734346e+03 -7.2498014646e+09 -9.9486607662e+06 8.4959149472e+05 4.9592017274e-01 3.8430849224e+01 -3.6119898854e+09
1.5451112045e+05 1.7722752188e-13 1.3938222253e-14 4.7649230059e+06 4.3111288274e+06 1.3272190923e-17 5.1130345091e-18 -1.0473338045e+04 -3.4850943262e+03 -9.4248745598e+09 -9.7618491902e+06 9.1174031548e+05 4.4108844983e-01 7.0603316163e+01 -6.6241944966e+09
1.5451156154e+05 1.7723337708e-13 1.3940478450e-14 4.7603107099e+06 4.3095936478e+06 1.3276687224e-17 5.1171038453e-18 -1.0435814507e+04 -3.4744120422e+03 -1.3440684014e+10 -9.4160472030e+06 1.0268418058e+06 3.9935743094e-01 1.2964190275e+02 -1.2120404051e+10
1.5451196089e+05 1.7723868004e-13 1.3942522740e-14 4.7561543778e+06 4.3082095470e+06 1.3280762432e-17 5.1207942236e-18 -1.0373416401e+04 -3.4552717167e+03 -1.9852502063e+10 -8.8613261598e+06 1.2115735118e+06 3.7220839180e-01 2.2293213954e+02 -2.0718597443e+10
1.5451233310e+05 1.7724362396e-13 1.3944429384e-14 4.7523102182e+06 4.3069288156e+06 1.3284564261e-17 5.1242388700e-18 -1.0274196241e+04 -3.4237448595e+03 -2.9786293902e+10 -7.9952502779e+06 1.5001232263e+06 3.6749921767e-01 3.6507821144e+02 -3.3606162590e+10
1.5451270060e+05 1.7724850671e-13 1.3946313163e-14 4.7485615382e+06 4.3056793393e+06 1.3288321425e-17 5.1276447683e-18 -1.0114181463e+04 -3.3719222929e+03 -4.5446420468e+10 -6.6126868887e+06 1.9609550667e+06 4.5349221144e-01 5.8315543291e+02 -5.2846903613e+10
1.5451301189e+05 1.7725264373e-13 1.3947909796e-14 4.7454432993e+06 4.3046395651e+06 1.3291506560e-17 5.1305334383e-18 -9.9071158164e+03 -3.3041588806e+03 -6.5236582136e+10 -4.8336072638e+06 2.5541952090e+06 3.3226712248e-01 8.4791171630e+02 -7.5269503700e+10
1.5451327757e+05 1.7725617542e-13 1.3949273223e-14 4.7428423650e+06 4.3037719734e+06 1.3294226924e-17 5.1330015380e-18 -9.6597902430e+03 -3.2227544415e+03 -8.8269298519e+10 -2.7150938731e+06 3.2608724322e+06 2.7095320722e-01 1.1401878192e+03 -9.8691527676e+10
1.5451354853e+05 1.7725977791e-13 1.3950664367e-14 4.7402684405e+06 4.3029130962e+06 1.3297002977e-17 5.1355210316e-18 -9.3239402424e+03 -3.1118050149e+03 -1.1855811328e+11 1.5620971882e+05 4.2189889739e+06 2.4707618870e-01 1.4971438158e+03 -1.2508756754e+11
1.5451379560e+05 1.7726306360e-13 1.3951933516e-14 4.7380112668e+06 4.3021596546e+06 1.3299535873e-17 5.1378205814e-18 -8.9330698679e+03 -2.9823536719e+03 -1.5241951970e+11 3.4937343555e+06 5.3330583015e+06 2.5380247731e-01 1.8567522591e+03 -1.4863477340e+11
1.5451404941e+05 1.7726643938e-13 1.3953237808e-14 4.7358043347e+06 4.3014227276e+06 1.3302139126e-17 5.1401847113e-18 -8.4430270232e+03 -2.8197702757e+03 -1.9279373249e+11 7.6746451614e+06 6.7291357527e+06 3.0625525364e-01 2.2260393752e+03 -1.6842731214e+11
1.5451424055e+05 1.7726898215e-13 1.3954220475e-14 4.7342304658e+06 4.3008970184e+06 1.3304100546e-17 5.1419664130e-18 -8.0176099011e+03 -2.6784619298e+03 -2.2598267543e+11 1.1302404299e+07 7.9408970147e+06 2.0012177381e-01 2.4760515388e+03 -1.7790929798e+11
1.5451441393e+05 1.7727128898e-13 1.3955112134e-14 4.7328764942e+06 4.3004446327e+06 1.3305880352e-17 5.1435834576e-18 -7.5957526500e+03 -2.5382299257e+03 -2.5719304542e+11 1.4898819936e+07 9.1425260403e+06 1.7479235674e-01 2.6620492592e+03 -1.8121450417e+11
1.5451458872e+05 1.7727361490e-13 1.3956011335e-14 4.7315879919e+06 4.3000139992e+06 1.3307675220e-17 5.1452144743e-18 -7.1437754308e+03 -2.3878975441e+03 -2.8875663000e+11 1.8751345249e+07 1.0430091716e+07 1.6142187094e-01 2.7960722507e+03 -1.7901732883e+11
1.5451475014e+05 1.7727576319e-13 1.3956842007e-14 4.7304696239e+06 4.2996401176e+06 1.3309333273e-17 5.1467214082e-18 -6.7109448664e+03 -2.2438669656e+03 -3.1716749074e+11 2.2440306941e+07 1.1663351043e+07 1.5467026271e-01 2.8643819800e+03 -1.7228446295e+11
1.5451490481e+05 1.7727782187e-13 1.3957638163e-14 4.7294641458e+06 4.2993038780e+06 1.3310922384e-17 5.1481658884e-18 -6.2903022169e+03 -2.1038421332e+03 -3.4307801888e+11 2.6025259632e+07 1.2862188553e+07 1.5253882772e-01 2.8776937839e+03 -1.6224095524e+11
1.5451505735e+05 1.7727985242e-13 1.3958423567e-14 4.7285362108e+06 4.2989934755e+06 1.3312489962e-17 5.1495909794e-18 -5.8770799647e+03 -1.9662482523e+03 -3.6690065970e+11 2.9547010352e+07 1.4040247184e+07 1.5424821272e-01 2.8430011518e+03 -1.4976027786e+11
1.5451521160e+05 1.7728190597e-13 1.3959217994e-14 4.7276614136e+06 4.2987007533e+06 1.3314075452e-17 5.1510325278e-18 -5.4675437190e+03 -1.8298502783e+03 -3.8891690924e+11 3.3037536986e+07 1.5208238890e+07 1.6045510313e-01 2.7651513257e+03 -1.3551392541e+11
1.5451537205e+05 1.7728404241e-13 1.3960044624e-14 4.7268173334e+06 4.2984182087e+06 1.3315725083e-17 5.1525325672e-18 -5.0565369272e+03 -1.6929370208e+03 -4.0941759424e+11 3.6540946317e+07 1.6380959815e+07 1.7448240757e-01 2.6469711205e+03 -1.1997526046e+11
1.5451554654e+05 1.7728636593e-13 1.3960943792e-14 4.7259724168e+06 4.2981352678e+06 1.3317519296e-17 5.1541642606e-18 -4.6327167545e+03 -1.5517346643e+03 -4.2888507239e+11 4.0154132820e+07 1.7590924318e+07 2.1636545956e-01 2.4870283379e+03 -1.0328217346e+11
1.5451576290e+05 1.7728924762e-13 1.3962059194e-14 4.7250234581e+06 4.2978173192e+06 1.3319744677e-17 5.1561883117e-18 -4.1468149472e+03 -1.3898313221e+03 -4.4911564223e+11 4.4297588162e+07 1.8979190359e+07 2.0667137399e-01 2.2617759328e+03 -8.4081401164e+10
1.5451593281e+05 1.7729151095e-13 1.3962935427e-14 4.7243488751e+06 4.2975911702e+06 1.3321492611e-17 5.1577782812e-18 -3.7985513030e+03 -1.2737838787e+03 -4.6224352245e+11 4.7268267797e+07 1.9975088926e+07 1.7154255610e-01 2.0767034744e+03 -7.0721499722e+10
1.5451610436e+05 1.7729379631e-13 1.3963820343e-14 4.7237252578e+06 4.2973819907e+06 1.3323257598e-17 5.1593839017e-18 -3.4771806236e+03 -1.1666989185e+03 -4.7334160351e+11 5.0010459073e+07 2.0894899853e+07 1.6115040705e-01 1.8913335049e+03 -5.8963059513e+10
1.5451626551e+05 1.7729594349e-13 1.3964651901e-14 4.7231874009e+06 4.2972014711e+06 1.3324915893e-17 5.1608925812e-18 -3.2023088985e+03 -1.0751133534e+03 -4.8206036161e+11 5.2356772074e+07 2.1682386991e+07 1.5661493650e-01 1.7236631074e+03 -4.9491033522e+10
1.5451642212e+05 1.7729803049e-13 1.3965460289e-14 4.7227052164e+06 4.2970395373e+06 1.3326527715e-17 5.1623590805e-18 -2.9590834623e+03 -9.9408019183e+02 -4.8918074548e+11 5.4433814084e+07 2.2379926798e+07 1.5494963317e-01 1.5697621184e+03 -4.1651405532e+10
1.5451657707e+05 1.7730009556e-13 1.3966260307e-14 4.7222639355e+06 4.2968912440e+06 1.3328122577e-17 5.1638102378e-18 -2.7401891000e+03 -9.2116339108e+02 -4.9511173062e+11 5.6303940678e+07 2.3008385916e+07 1.5492709661e-01 1.4279447056e+03 -3.5088124084e+10
1.5451673200e+05 1.7730216057e-13 1.3967060433e-14 4.7218550565e+06 4.2967537435e+06 1.3329717370e-17 5.1652614156e-18 -2.5413520282e+03 -8.5494000962e+02 -5.0010764737e+11 5.8003579896e+07 2.3579951092e+07 1.5602889967e-01 1.2973032726e+03 -2.9566950760e+10
1.5451688803e+05 1.7730424052e-13 1.3967866477e-14 4.7214729379e+06 4.2966251451e+06 1.3331323660e-17 5.1667231308e-18 -2.3596609374e+03 -7.9444088578e+02 -5.0434692505e+11 5.9557546927e+07 2.4102923008e+07 1.5799274082e-01 1.1771471962e+03 -2.4912383599e+10
1.5451704602e+05 1.7730634690e-13 1.3968682899e-14 4.7211135158e+06 4.2965040859e+06 1.3332950312e-17 5.1682034498e-18 -2.1929489758e+03 -7.3894478208e+02 -5.0796310207e+11 6.0984312971e+07 2.4583480355e+07 1.6066173003e-01 1.0668484586e+03 -2.0984760500e+10
1.5451720668e+05 1.7730848912e-13 1.3969513353e-14 4.7207737241e+06 4.2963895361e+06 1.3334604584e-17 5.1697089738e-18 -2.0395197992e+03 -6.8788714590e+02 -5.1105990496e+11 6.2298340284e+07 2.5026461251e+07 1.6393916221e-01 9.6580309107e+02 -1.7669761456e+10
1.5451737062e+05 1.7731067533e-13 1.3970360996e-14 4.7204511640e+06 4.2962806890e+06 1.3336292738e-17 5.1712454009e-18 -1.8979937184e+03 -6.4080887419e+02 -5.1372004095e+11 6.3511393626e+07 2.5435802103e+07 1.6776320992e-01 8.7341824918e+02 -1.4872248802e+10
1.5451753838e+05 1.7731291281e-13 1.3971228673e-14 4.7201439078e+06 4.2961768949e+06 1.3338020402e-17 5.1728178527e-18 -1.7672171283e+03 -5.9732615531e+02 -5.1601068280e+11 6.4633312249e+07 2.5814795896e+07 1.7209382040e-01 7.8911130937e+02 -1.2512317671e+10
1.5451771048e+05 1.7731520835e-13 1.3972119022e-14 4.7198503731e+06 4.2960776192e+06 1.3339792792e-17 5.1744310776e-18 -1.6462052704e+03 -5.5711141211e+02 -5.1798712694e+11 6.5672497759e+07 2.6166255393e+07 1.7690528519e-01 7.1231293186e+02 -1.0522512812e+10
1.5451788738e+05 1.7731756840e-13 1.3973034553e-14 4.7195692390e+06 4.2959824141e+06 1.3341614863e-17 5.1760895848e-18 -1.5341040688e+03 -5.1988059698e+02 -5.1969535839e+11 6.6636239378e+07 2.6492621926e+07 1.8218176128e-01 6.4247102669e+02 -8.8457323013e+09
1.5451806956e+05 1.7731999917e-13 1.3973977697e-14 4.7192993876e+06 4.2958908992e+06 1.3343491406e-17 5.1777977364e-18 -1.4301635518e+03 -4.8538434384e+02 -5.2117392015e+11 6.7530940485e+07 2.6796041159e+07 1.8791441819e-01 5.7905441571e+02 -7.4335742753e+09
1.5451825748e+05 1.7732250678e-13 1.3974950846e-14 4.7190398614e+06 4.2958027472e+06 1.3345427121e-17 5.1795598132e-18 -1.3337186603e+03 -4.5340158011e+02 -5.2245531809e+11 6.8362282156e+07 2.7078417774e+07 1.9409953817e-01 5.2155576635e+02 -6.2449926121e+09
1.5451845158e+05 1.7732509732e-13 1.3975956373e-14 4.7187898324e+06 4.2957176731e+06 1.3347426674e-17 5.1813800624e-18 -1.2441749614e+03 -4.2373477093e+02 -5.2356710271e+11 6.9135344926e+07 2.7341456180e+07 2.0073718459e-01 4.6949370343e+02 -5.2451818885e+09
1.5451865232e+05 1.7732777685e-13 1.3976996657e-14 4.7185485785e+06 4.2956354269e+06 1.3349494729e-17 5.1832627327e-18 -1.1609977315e+03 -3.9620628525e+02 -5.2453271874e+11 6.9854701807e+07 2.7586691615e+07 2.0783023836e-01 4.2241414910e+02 -4.4046408700e+09
1.5451886015e+05 1.7733055150e-13 1.3978074098e-14 4.7183154652e+06 4.2955557869e+06 1.3351635983e-17 5.1852121012e-18 -1.0837034203e+03 -3.7065555361e+02 -5.2537218315e+11 7.0524491020e+07 2.7815514463e+07 2.1538366408e-01 3.7989098949e+02 -3.6983797891e+09
1.5451907553e+05 1.7733342746e-13 1.3979191126e-14 4.7180899315e+06 4.2954785551e+06 1.3353855184e-17 5.1872324922e-18 -1.0118528401e+03 -3.4693680013e+02 -5.2610263343e+11 7.1148474015e+07 2.8029189642e+07 2.2340390495e-01 3.4152618394e+02 -3.1052462788e+09
1.5451929893e+05 1.7733641102e-13 1.3980350208e-14 4.7178714785e+06 4.2954035533e+06 1.3356157145e-17 5.1893282916e-18 -9.4504564113e+02 -3.2491720198e+02 -5.2673877569e+11 7.1730082520e+07 2.8228872341e+07 2.3189841076e-01 3.0694943138e+02 -2.6073508126e+09
1.5451953083e+05 1.7733950857e-13 1.3981553857e-14 4.7176596601e+06 4.2953306200e+06 1.3358546760e-17 5.1915039559e-18 -8.8291574863e+02 -3.0447536826e+02 -5.2729325433e+11 7.2272457385e+07 2.8415620994e+07 2.4087520662e-01 2.7581748675e+02 -2.1895763001e+09
1.5451977171e+05 1.7734272661e-13 1.3982804634e-14 4.7174540758e+06 4.2952596077e+06 1.3361029003e-17 5.1937640178e-18 -8.2512754754e+02 -2.8550006710e+02 -5.2777695924e+11 7.2778481054e+07 2.8590408144e+07 2.5034246876e-01 2.4781321898e+02 -1.8391594744e+09
1.5452002205e+05 1.7734607177e-13 1.3984105148e-14 4.7172543646e+06 4.2951903810e+06 1.3363608936e-17 5.1961130876e-18 -7.7137265892e+02 -2.6788914902e+02 -5.2819928268e+11 7.3250804967e+07 2.8754129593e+07 2.6030822611e-01 2.2264448578e+02 -1.5453336931e+09
1.5452028236e+05 1.7734955078e-13 1.3985458057e-14 4.7170601993e+06 4.2951228146e+06 1.3366291702e-17 5.1985558515e-18 -7.2136716464e+02 -2.5154861863e+02 -5.2856833534e+11 7.3691873146e+07 2.8907612287e+07 2.7077996551e-01 2.0004287357e+02 -1.2990242193e+09
1.5452055314e+05 1.7735317048e-13 1.3986866066e-14 4.7168712831e+06 4.2950567917e+06 1.3369082523e-17 5.2010970670e-18 -6.7484921865e+02 -2.3639183414e+02 -5.2889112873e+11 7.4103942467e+07 2.9051621094e+07 2.8176430987e-01 1.7976236543e+02 -1.0925886547e+09
1.5452083490e+05 1.7735693782e-13 1.3988331922e-14 4.7166873450e+06 4.2949922029e+06 1.3371986688e-17 5.2037415541e-18 -6.3157695985e+02 -2.2233880630e+02 -5.2917372992e+11 7.4489100341e+07 2.9186864707e+07 2.9326672328e-01 1.6157796788e+02 -9.1959597613e+08
1.5452112817e+05 1.7736085982e-13 1.3989858410e-14 4.7165081372e+06 4.2949289450e+06 1.3375009545e-17 5.2064941851e-18 -5.9132667371e+02 -2.0931557914e+02 -5.2942139313e+11 7.4849280275e+07 2.9314000851e+07 3.0529121342e-01 1.4528432761e+02 -7.7463864824e+08
1.5452143346e+05 1.7736494357e-13 1.3991448344e-14 4.7163334322e+06 4.2948669200e+06 1.3378156483e-17 5.2093598706e-18 -5.5389116564e+02 -1.9725368023e+02 -5.2963867201e+11 7.5186275606e+07 2.9433640865e+07 3.1784004843e-01 1.3069436422e+02 -6.5317305903e+08
1.5452175130e+05 1.7736919621e-13 1.3993104561e-14 4.7161630201e+06 4.2948060340e+06 1.3381432914e-17 5.2123435429e-18 -5.1907831439e+02 -1.8608962969e+02 -5.2982951561e+11 7.5501751691e+07 2.9546353786e+07 3.3091354104e-01 1.1763793706e+02 -5.5138416391e+08
1.5452208221e+05 1.7737362487e-13 1.3994829910e-14 4.7159967067e+06 4.2947461966e+06 1.3384844256e-17 5.2154501381e-18 -4.8670977491e+02 -1.7576449810e+02 -5.2999735073e+11 7.5797256810e+07 2.9652669991e+07 3.4450987085e-01 1.0596055784e+02 -4.6607078068e+08
1.5452242672e+05 1.7737823669e-13 1.3996627242e-14 4.7158343114e+06 4.2946873203e+06 1.3388395906e-17 5.2186845757e-18 -4.5661981250e+02 -1.6622350698e+02 -5.3014515256e+11 7.6074231946e+07 2.9753084477e+07 3.5862493819e-01 9.5522159498e+01 -3.9454849897e+08
1.5452278535e+05 1.7738303877e-13 1.3998499396e-14 4.7156756655e+06 4.2946293195e+06 1.3392093222e-17 5.2220517373e-18 -4.2865425354e+02 -1.5741566726e+02 -5.3027550543e+11 7.6334019566e+07 2.9848059803e+07 3.7325233790e-01 8.6195928506e+01 -3.3456759124e+08
1.5452315860e+05 1.7738803812e-13 1.4000449193e-14 4.7155206104e+06 4.2945721102e+06 1.3395941494e-17 5.2255564448e-18 -4.0266953506e+02 -1.4929344985e+02 -5.3039065519e+11 7.6577871552e+07 2.9938028765e+07 3.8838335696e-01 7.7867202807e+01 -2.8424366880e+08
1.5452315860e+05 1.7738803812e-13 1.4000449193e-14 4.7155206104e+06 4.2945721102e+06 1.3395941494e-17 5.2255564448e-18 -4.0266953506e+02 -1.4929344985e+02 -5.3039065519e+11 7.6577871552e+07 2.9938028765e+07 3.8838335696e-01 7.7867202807e+01 -2.8424366880e+08
