0.0000000000e+00 0.0000000000e+00 0.0000000000e+00 3.1415900000e+08 0.0000000000e+00 0.0000000000e+00 0.0000000000e+00 -1.1698882122e+03 2.6713586621e+02 -4.6638893045e+09 -9.9440498035e+06 2.2706548628e+06 1.0000000000e+01 0.0000000000e+00 -0.0000000000e+00
1.0000000000e+01 2.8740009186e-22 8.1463266570e-28 3.1414730092e+08 2.6713586615e+03 5.7480731901e-23 2.4439435033e-28 -1.1699285975e+03 2.6713586604e+02 -4.6638893045e+09 -9.9440498035e+06 2.2706548628e+06 5.0000000000e+01 0.0000000000e+00 -0.0000000000e+00
6.0000000000e+01 1.0347687887e-20 1.7600981546e-25 3.1408879944e+08 1.6028151849e+04 3.4494862578e-22 8.8014742333e-27 -1.1701305690e+03 2.6713586003e+02 -4.6638893045e+09 -9.9440498035e+06 2.2706548628e+06 2.5000000000e+02 0.0000000000e+00 -0.0000000000e+00
3.1000000000e+02 2.7639741973e-19 2.4309456875e-23 3.1379614046e+08 8.2812101446e+04 1.7838963366e-21 2.3538881264e-25 -1.1711415568e+03 2.6713570083e+02 -4.6638893045e+09 -9.9440498035e+06 2.2706548628e+06 1.2500000000e+03 0.0000000000e+00 -0.0000000000e+00
1.5600000000e+03 7.0212339131e-18 3.1196847379e-21 3.1232904135e+08 4.1672975943e+05 9.0191411045e-21 6.0169602193e-24 -1.1762249546e+03 2.6713163876e+02 -4.6638893045e+09 -9.9440498035e+06 2.2706548628e+06 3.6000000000e+03 0.0000000000e+00 -0.0000000000e+00
5.1600000000e+03 7.7518846950e-17 1.1523136330e-19 3.0806791300e+08 1.3783401094e+06 3.0243287781e-20 6.7656070531e-23 -1.1911367904e+03 2.6708833185e+02 -4.6638893044e+09 -9.9440498035e+06 2.2706548628e+06 3.6000000000e+03 0.0000000000e+00 -0.0000000000e+00
8.7600000000e+03 2.2549078411e-16 5.7568946694e-19 3.0375235209e+08 2.3397057154e+06 5.2065749464e-20 2.0051980806e-22 -1.2064689952e+03 2.6699498335e+02 -4.6638893043e+09 -9.9440498035e+06 2.2706548628e+06 3.6000000000e+03 0.0000000000e+00 -0.0000000000e+00
1.2360000000e+04 4.5314991439e-16 1.6518148925e-18 2.9938080390e+08 3.3006387606e+06 7.4519695925e-20 4.1077304065e-22 -1.2222448738e+03 2.6684726190e+02 -4.6638893042e+09 -9.9440498035e+06 2.2706548628e+06 3.6000000000e+03 0.0000000000e+00 -0.0000000000e+00
1.5960000000e+04 7.6283330321e-16 3.6342755592e-18 2.9495162643e+08 4.2609350255e+06 9.7641001460e-20 7.0523473358e-22 -1.2384896311e+03 2.6664037658e+02 -4.6638893040e+09 -9.9440498035e+06 2.2706548628e+06 3.6000000000e+03 0.0000000000e+00 -0.0000000000e+00
1.9560000000e+04 1.1570124679e-15 6.8395916518e-18 2.9046308322e+08 5.2203721264e+06 1.2146853959e-19 1.0914636357e-21 -1.2552305791e+03 2.6636901670e+02 -4.6638893039e+09 -9.9440498035e+06 2.2706548628e+06 3.6000000000e+03 0.0000000000e+00 -0.0000000000e+00
2.3160000000e+04 1.6383047653e-15 1.1612973129e-17 2.8591333535e+08 6.1787075231e+06 1.4604451836e-19 1.5778575727e-21 -1.2724973726e+03 2.6602728204e+02 -4.6638893037e+09 -9.9440498035e+06 2.2706548628e+06 3.6000000000e+03 0.0000000000e+00 -0.0000000000e+00
2.6760000000e+04 2.2094860695e-15 1.8331542957e-17 2.8130043252e+08 7.1356762534e+06 1.7141486298e-19 2.1737689155e-21 -1.2903222783e+03 2.6560860174e+02 -4.6638893035e+09 -9.9440498035e+06 2.2706548628e+06 3.6000000000e+03 0.0000000000e+00 -0.0000000000e+00
3.0360000000e+04 2.8735049244e-15 2.7408009743e-17 2.7662230312e+08 8.0909883529e+06 1.9762965409e-19 2.8896393597e-21 -1.3087404821e+03 2.6510563959e+02 -4.6638893032e+09 -9.9440498035e+06 2.2706548628e+06 3.6000000000e+03 0.0000000000e+00 -0.0000000000e+00
3.3960000000e+04 3.6334983885e-15 3.9294865994e-17 2.7187674309e+08 9.0443259059e+06 2.2474363140e-19 3.7371578613e-21 -1.3277904436e+03 2.6451018306e+02 -4.6638893029e+09 -9.9440498035e+06 2.2706548628e+06 3.6000000000e+03 0.0000000000e+00 -0.0000000000e+00
3.7560000000e+04 4.4928098284e-15 5.4489203567e-17 2.6706140342e+08 9.9953396615e+06 2.5281677466e-19 4.7294464738e-21 -1.3475143037e+03 2.6381301276e+02 -4.6638893026e+09 -9.9440498035e+06 2.2706548628e+06 3.6000000000e+03 0.0000000000e+00 -0.0000000000e+00
4.1160000000e+04 5.4550089633e-15 7.3538257003e-17 2.6217377607e+08 1.0943645139e+07 2.8191497650e-19 5.8812799691e-21 -1.3679583580e+03 2.6300374810e+02 -4.6638893022e+09 -9.9440498035e+06 2.2706548628e+06 3.6000000000e+03 0.0000000000e+00 -0.0000000000e+00
4.4760000000e+04 6.5239145247e-15 9.7045809038e-17 2.5721117803e+08 1.1888818128e+07 3.1211082490e-19 7.2093465824e-21 -1.3891736059e+03 2.6207066412e+02 -4.6638893018e+09 -9.9440498035e+06 2.2706548628e+06 3.6000000000e+03 0.0000000000e+00 -0.0000000000e+00
4.8360000000e+04 7.7036199611e-15 1.2567962234e-16 2.5217073331e+08 1.2830389466e+07 3.4348451715e-19 8.7325590949e-21 -1.4112163929e+03 2.6100047293e+02 -4.6638893012e+09 -9.9440498035e+06 2.2706548628e+06 3.6000000000e+03 0.0000000000e+00 -0.0000000000e+00
5.1960000000e+04 8.9985227103e-15 1.6018009874e-16 2.4704935230e+08 1.3767838955e+07 3.7612493245e-19 1.0472427897e-20 -1.4341491647e+03 2.5977806158e+02 -4.6638893005e+09 -9.9440498035e+06 2.2706548628e+06 3.6000000000e+03 0.0000000000e+00 -0.0000000000e+00
5.5560000000e+04 1.0413357667e-14 2.0137041477e-16 2.4184370834e+08 1.4700588242e+07 4.1013089681e-19 1.2453510844e-20 -1.4580413552e+03 2.5838617600e+02 -4.6638892997e+09 -9.9440498035e+06 2.2706548628e+06 3.6000000000e+03 0.0000000000e+00 -0.0000000000e+00
5.9160000000e+04 1.1953235614e-14 2.5016844263e-16 2.3655021065e+08 1.5627992440e+07 4.4561268279e-19 1.4703958904e-20 -1.4829704406e+03 2.5680503767e+02 -4.6638892987e+09 -9.9440498035e+06 2.2706548628e+06 3.6000000000e+03 0.0000000000e+00 -0.0000000000e+00
6.2760000000e+04 1.3623687551e-14 3.0760084369e-16 2.3116497321e+08 1.6549330229e+07 4.8269379754e-19 1.7256182128e-20 -1.5090231956e+03 2.5501187566e+02 -4.6638892975e+09 -9.9440498035e+06 2.2706548628e+06 3.6000000000e+03 0.0000000000e+00 -0.0000000000e+00
6.6360000000e+04 1.5430716082e-14 3.7481982275e-16 2.2568377866e+08 1.7463792084e+07 5.2151312743e-19 2.0147667920e-20 -1.5362972001e+03 2.5298035176e+02 -4.6638892960e+09 -9.9440498035e+06 2.2706548628e+06 3.6000000000e+03 0.0000000000e+00 -0.0000000000e+00
6.9960000000e+04 1.7380855292e-14 4.5312316338e-16 2.2010203623e+08 1.8370466196e+07 5.6222752700e-19 2.3421993664e-20 -1.5649026582e+03 2.5067984901e+02 -4.6638892942e+09 -9.9440498035e+06 2.2706548628e+06 3.6000000000e+03 0.0000000000e+00 -0.0000000000e+00
7.3560000000e+04 1.9481240908e-14 5.4397833989e-16 2.1441473244e+08 1.9268321537e+07 6.0501496585e-19 2.7130089515e-20 -1.5949646094e+03 2.4807458449e+02 -4.6638892918e+09 -9.9440498035e+06 2.2706548628e+06 3.6000000000e+03 0.0000000000e+00 -0.0000000000e+00
7.7160000000e+04 2.1739693010e-14 6.4905173433e-16 2.0861637300e+08 2.0156187324e+07 6.5007838220e-19 3.1331826245e-20 -1.6266256355e+03 2.4512249370e+02 -4.6638892889e+09 -9.9440498035e+06 2.2706548628e+06 3.6000000000e+03 0.0000000000e+00 -0.0000000000e+00
8.0760000000e+04 2.4164814179e-14 7.7024430233e-16 2.0270091383e+08 2.1032727970e+07 6.9765043957e-19 3.6098029744e-20 -1.6600492034e+03 2.4177381519e+02 -4.6638892851e+09 -9.9440498035e+06 2.2706548628e+06 3.6000000000e+03 0.0000000000e+00 -0.0000000000e+00
8.4360000000e+04 2.6766106766e-14 9.0973546134e-16 1.9666167870e+08 2.1896412241e+07 7.4799944946e-19 4.1513061656e-20 -1.6954238254e+03 2.3796927748e+02 -4.6638892802e+09 -9.9440498035e+06 2.2706548628e+06 3.6000000000e+03 0.0000000000e+00 -0.0000000000e+00
8.7960000000e+04 2.9554114106e-14 1.0700375689e-15 1.9049125998e+08 2.2745474985e+07 8.0143681521e-19 4.7678160262e-20 -1.7329682899e+03 2.3363775173e+02 -4.6638892738e+09 -9.9440498035e+06 2.2706548628e+06 3.6000000000e+03 0.0000000000e+00 -0.0000000000e+00
9.1560000000e+04 3.2540591972e-14 1.2540641925e-15 1.8418139820e+08 2.3577869162e+07 8.5832648408e-19 5.4715815489e-20 -1.7729383019e+03 2.2869317796e+02 -4.6638892653e+09 -9.9440498035e+06 2.2706548628e+06 3.6000000000e+03 0.0000000000e+00 -0.0000000000e+00
9.5160000000e+04 3.5738718644e-14 1.4652165564e-15 1.7772283447e+08 2.4391205114e+07 9.1909708421e-19 6.2775570706e-20 -1.8156350106e+03 2.2303048877e+02 -4.6638892538e+09 -9.9440498035e+06 2.2706548628e+06 3.6000000000e+03 0.0000000000e+00 -0.0000000000e+00
9.8760000000e+04 3.9163354893e-14 1.7074942678e-15 1.7110512776e+08 2.5182672763e+07 9.8425770177e-19 7.2041823818e-20 -1.8614160939e+03 2.1652012835e+02 -4.6638892382e+09 -9.9440498035e+06 2.2706548628e+06 3.6000000000e+03 0.0000000000e+00 -0.0000000000e+00
1.0236000000e+05 4.2831369289e-14 1.9856389459e-15 1.6431642644e+08 2.5948940702e+07 1.0544186697e-18 8.2744478432e-20 -1.9107103646e+03 2.0900056913e+02 -4.6638892163e+09 -9.9440498035e+06 2.2706548628e+06 3.6000000000e+03 0.0000000000e+00 -0.0000000000e+00
1.0596000000e+05 4.6762050246e-14 2.3053231748e-15 1.5734317868e+08 2.6686023442e+07 1.1303193746e-18 9.5173735841e-20 -1.9640373069e+03 2.0026791910e+02 -4.6638891852e+09 -9.9440498035e+06 2.2706548628e+06 3.6000000000e+03 0.0000000000e+00 -0.0000000000e+00
1.0956000000e+05 5.0977635122e-14 2.6734030219e-15 1.5016976077e+08 2.7389103991e+07 1.2128660795e-18 1.0970103233e-19 -2.0220336506e+03 1.9006121150e+02 -4.6638891398e+09 -9.9440498035e+06 2.2706548628e+06 3.6000000000e+03 0.0000000000e+00 -0.0000000000e+00
1.1316000000e+05 5.5504000046e-14 3.0982615390e-15 1.4277799247e+08 2.8052292513e+07 1.3031843447e-18 1.2680931663e-19 -2.0854902012e+03 1.7804113222e+02 -4.6638890720e+09 -9.9440498035e+06 2.2706548628e+06 3.4449512137e+03 0.0000000000e+00 -0.0000000000e+00
1.1660495121e+05 6.0154438123e-14 3.5675459149e-15 1.3548044157e+08 2.8642848858e+07 1.3981953132e-18 1.4618537523e-19 -2.1522437899e+03 1.6442774140e+02 -4.6638889888e+09 -9.9440498035e+06 2.2706548628e+06 3.1038217741e+03 0.0000000000e+00 -0.0000000000e+00
1.1939489667e+05 6.4171128050e-14 4.0003882365e-15 1.2939443817e+08 2.9084033433e+07 1.4823813279e-18 1.6454502593e-19 -2.2113918934e+03 1.5152846681e+02 -4.6638889456e+09 -9.9440498035e+06 2.2706548628e+06 2.8082894291e+03 0.0000000000e+00 -0.0000000000e+00
1.2220318610e+05 6.8461911457e-14 4.4918341703e-15 1.2309439953e+08 2.9488944130e+07 1.5748043398e-18 1.8600148681e-19 -2.2763272142e+03 1.3645340983e+02 -4.6638888799e+09 -9.9440498035e+06 2.2706548628e+06 2.5372402862e+03 0.0000000000e+00 -0.0000000000e+00
1.2448357722e+05 7.2144950314e-14 4.9383991705e-15 1.1783893707e+08 2.9784367072e+07 1.6564397223e-18 2.0609596926e-19 -2.3336832735e+03 1.2233526286e+02 -4.6638888461e+09 -9.9440498035e+06 2.2706548628e+06 2.2962992086e+03 0.0000000000e+00 -0.0000000000e+00
1.2677987643e+05 7.6049538183e-14 5.4376463390e-15 1.1240920619e+08 3.0047025763e+07 1.7455696465e-18 2.2927106599e-19 -2.3963049097e+03 1.0605271255e+02 -4.6638887960e+09 -9.9440498035e+06 2.2706548628e+06 2.0710310358e+03 0.0000000000e+00 -0.0000000000e+00
1.2863478875e+05 7.9358730933e-14 5.8822887785e-15 1.0791416624e+08 3.0230138826e+07 1.8233933116e-18 2.5057182255e-19 -2.4509829012e+03 9.1087051592e+01 -4.6638887717e+09 -9.9440498035e+06 2.2706548628e+06 1.8698484608e+03 0.0000000000e+00 -0.0000000000e+00
1.3031059015e+05 8.2476848522e-14 6.3199572605e-15 1.0376291321e+08 3.0370304757e+07 1.8988125132e-18 2.7217187683e-19 -2.5039715449e+03 7.5911107570e+01 -4.6638887517e+09 -9.9440498035e+06 2.2706548628e+06 1.6903472044e+03 0.0000000000e+00 -0.0000000000e+00
1.3181596338e+05 8.5389188939e-14 6.7456761699e-15 9.9955618701e+07 3.0473338840e+07 1.9712291736e-18 2.9380772124e-19 -2.5548506386e+03 6.0710017827e+01 -4.6638887359e+09 -9.9440498035e+06 2.2706548628e+06 1.5208822488e+03 0.0000000000e+00 -0.0000000000e+00
1.3315590679e+05 8.8076036979e-14 7.1534127381e-15 9.6500286877e+07 3.0544814868e+07 2.0398525374e-18 3.1512814553e-19 -2.6030646067e+03 4.5730538554e+01 -4.6638887243e+09 -9.9440498035e+06 2.2706548628e+06 1.3577201918e+03 0.0000000000e+00 -0.0000000000e+00
1.3432849896e+05 9.0504915129e-14 7.5347628170e-15 9.3421983897e+07 3.0590124217e+07 2.1034838258e-18 3.3561578456e-19 -2.6477712013e+03 3.1336164400e+01 -4.6638887166e+09 -9.9440498035e+06 2.2706548628e+06 1.1956178563e+03 0.0000000000e+00 -0.0000000000e+00
1.3531686390e+05 9.2611616093e-14 7.8756306425e-15 9.0785564095e+07 3.0614662216e+07 2.1599747778e-18 3.5438901332e-19 -2.6874610796e+03 1.8146314733e+01 -4.6638887124e+09 -9.9440498035e+06 2.2706548628e+06 1.0262078574e+03 0.0000000000e+00 -0.0000000000e+00
1.3604343453e+05 9.4196637715e-14 8.1384351461e-15 8.8821940140e+07 3.0624111937e+07 2.2033125281e-18 3.6916700641e-19 -2.7179096731e+03 7.7634706455e+00 -4.6638887114e+09 -9.9440498035e+06 2.2706548628e+06 8.4374540291e+02 0.0000000000e+00 -0.0000000000e+00
1.3679945218e+05 9.5879972615e-14 8.4236452433e-15 8.6754792705e+07 3.0625686108e+07 2.2501581562e-18 3.8551108862e-19 -2.7508228603e+03 -3.7196892302e+00 -4.6638887098e+09 -9.9440498035e+06 2.2706548628e+06 7.1973075032e+02 0.0000000000e+00 -0.0000000000e+00
1.3751918293e+05 9.7516060895e-14 8.7070076578e-15 8.4763291807e+07 3.0618864907e+07 2.2965303200e-18 4.0207131982e-19 -2.7834033970e+03 -1.5354712844e+01 -4.6638887084e+09 -9.9440498035e+06 2.2706548628e+06 8.9011497692e+02 0.0000000000e+00 -0.0000000000e+00
1.3840929791e+05 9.9586689515e-14 9.0745465896e-15 8.2267157480e+07 3.0598418013e+07 2.3564600425e-18 4.2404002799e-19 -2.8255093149e+03 -3.0789668752e+01 -4.6638887033e+09 -9.9440498035e+06 2.2706548628e+06 9.7618183090e+02 0.0000000000e+00 -0.0000000000e+00
1.3938547974e+05 1.0192052630e-13 9.5010867741e-15 7.9485407598e+07 3.0559509076e+07 2.4257524713e-18 4.5024575269e-19 -2.8741933603e+03 -4.9201502619e+01 -4.6638886931e+09 -9.9440498035e+06 2.2706548628e+06 1.0185859364e+03 0.0000000000e+00 -0.0000000000e+00
1.4040406567e+05 1.0443002065e-13 9.9747425795e-15 7.6530634711e+07 3.0498824916e+07 2.5024412192e-18 4.8026752900e-19 -2.9280739723e+03 -7.0294449457e+01 -4.6638886766e+09 -9.9440498035e+06 2.2706548628e+06 1.0346751251e+03 0.0000000000e+00 -0.0000000000e+00
1.4143874080e+05 1.0706170615e-13 1.0488805749e-14 7.3471189203e+07 3.0414049017e+07 2.5854434645e-18 5.1398450003e-19 -2.9863903734e+03 -9.3983596633e+01 -4.6638886530e+09 -9.9440498035e+06 2.2706548628e+06 1.0332601535e+03 0.0000000000e+00 -0.0000000000e+00
1.4247200095e+05 1.0977841046e-13 1.1038875298e-14 7.0353665842e+07 3.0303597470e+07 2.6740809393e-18 5.5141791216e-19 -3.0486660203e+03 -1.2028387161e+02 -4.6638886213e+09 -9.9440498035e+06 2.2706548628e+06 1.0196220335e+03 0.0000000000e+00 -0.0000000000e+00
1.4349162298e+05 1.1255221951e-13 1.1621750243e-14 6.7211976437e+07 3.0166454006e+07 2.7678922782e-18 5.9267133554e-19 -3.1145767634e+03 -1.4926804153e+02 -4.6638885806e+09 -9.9440498035e+06 2.2706548628e+06 9.9726992157e+02 0.0000000000e+00 -0.0000000000e+00
1.4448889291e+05 1.1536114331e-13 1.2234922149e-14 6.4071765300e+07 3.0002053203e+07 2.8665447491e-18 6.3790403993e-19 -3.1838888288e+03 -1.8104800749e+02 -4.6638885303e+09 -9.9440498035e+06 2.2706548628e+06 9.6869230084e+02 0.0000000000e+00 -0.0000000000e+00
1.4545758521e+05 1.1818731890e-13 1.2876313729e-14 6.0952865876e+07 2.9810191481e+07 2.9697868522e-18 6.8731789178e-19 -3.2564255159e+03 -2.1576559846e+02 -4.6638884693e+09 -9.9440498035e+06 2.2706548628e+06 9.3572935761e+02 0.0000000000e+00 -0.0000000000e+00
1.4639331456e+05 1.2101594673e-13 1.3544133427e-14 5.7870806496e+07 2.9590956091e+07 3.0774202203e-18 7.4115063221e-19 -3.3320474540e+03 -2.5358784856e+02 -4.6638883969e+09 -9.9440498035e+06 2.2706548628e+06 8.9977920209e+02 0.0000000000e+00 -0.0000000000e+00
1.4729309377e+05 1.2383461352e-13 1.4236790421e-14 5.4837803289e+07 2.9344666732e+07 3.1892815691e-18 7.9967252689e-19 -3.4106399217e+03 -2.9470464327e+02 -4.6638883122e+09 -9.9440498035e+06 2.2706548628e+06 8.6192233414e+02 0.0000000000e+00 -0.0000000000e+00
1.4815501610e+05 1.2663283474e-13 1.4952843527e-14 5.1863453197e+07 2.9071826613e+07 3.3052302593e-18 8.6318497674e-19 -3.4921041073e+03 -3.3932774333e+02 -4.6638882144e+09 -9.9440498035e+06 2.2706548628e+06 8.2300211444e+02 0.0000000000e+00 -0.0000000000e+00
1.4897801822e+05 1.2940172942e-13 1.5690970239e-14 4.8955239897e+07 2.8773080852e+07 3.4251391374e-18 9.3202037680e-19 -3.5763506744e+03 -3.8769068558e+02 -4.6638881026e+09 -9.9440498035e+06 2.2706548628e+06 7.8367976582e+02 0.0000000000e+00 -0.0000000000e+00
1.4976169798e+05 1.3213377851e-13 1.6449948285e-14 4.6118916629e+07 2.8449180779e+07 3.5488873408e-18 1.0065428452e-18 -3.6632947062e+03 -4.4004929515e+02 -4.6638879759e+09 -9.9440498035e+06 2.2706548628e+06 7.4447370520e+02 0.0000000000e+00 -0.0000000000e+00
1.5050617169e+05 1.3482263840e-13 1.7228645257e-14 4.3358804294e+07 2.8100953076e+07 3.6763542704e-18 1.0871496187e-18 -3.7528514713e+03 -4.9668266589e+02 -4.6638878333e+09 -9.9440498035e+06 2.2706548628e+06 7.0578871305e+02 0.0000000000e+00 -0.0000000000e+00
1.5121196040e+05 1.3746299207e-13 1.8026013655e-14 4.0678028972e+07 2.7729272899e+07 3.8074142159e-18 1.1742730093e-18 -3.8449326472e+03 -5.5789453515e+02 -4.6638876741e+09 -9.9440498035e+06 2.2706548628e+06 6.6793821310e+02 0.0000000000e+00 -0.0000000000e+00
1.5187989861e+05 1.4005042693e-13 1.8841089672e-14 3.8078714641e+07 2.7335040332e+07 3.9419312765e-18 1.2683828767e-18 -3.9394427514e+03 -6.2401502077e+02 -4.6638874972e+09 -9.9440498035e+06 2.2706548628e+06 6.3116169105e+02 0.0000000000e+00 -0.0000000000e+00
1.5251106030e+05 1.4258133211e-13 1.9672994712e-14 3.5562141813e+07 2.6919159563e+07 4.0797543045e-18 1.3699896113e-18 -4.0362755894e+03 -6.9540271718e+02 -4.6638873018e+09 -9.9440498035e+06 2.2706548628e+06 5.9563856994e+02 0.0000000000e+00 -0.0000000000e+00
1.5310669887e+05 1.4505281060e-13 2.0520939031e-14 3.3128879556e+07 2.6482520286e+07 4.2207116480e-18 1.4796476555e-18 -4.1353105606e+03 -7.7244716895e+02 -4.6638870870e+09 -9.9440498035e+06 2.2706548628e+06 5.6149942483e+02 0.0000000000e+00 -0.0000000000e+00
1.5366819830e+05 1.4746260288e-13 2.1384227143e-14 3.0778896295e+07 2.6025980850e+07 4.3646054813e-18 1.5979596148e-18 -4.2364086750e+03 -8.5557175963e+02 -4.6638868517e+09 -9.9440498035e+06 2.2706548628e+06 5.2883515855e+02 0.0000000000e+00 -0.0000000000e+00
1.5419703346e+05 1.4980901986e-13 2.2262264897e-14 2.8511653309e+07 2.5550352692e+07 4.5112055156e-18 1.7255810423e-18 -4.3394081344e+03 -9.4523707313e+02 -4.6638865953e+09 -9.9440498035e+06 2.2706548628e+06 4.9770457603e+02 0.0000000000e+00 -0.0000000000e+00
1.5469473803e+05 1.5209088369e-13 2.3154568238e-14 2.6326183915e+07 2.5056385605e+07 4.6602418548e-18 1.8632260073e-18 -4.4441193130e+03 -1.0419448062e+03 -4.6638863169e+09 -9.9440498035e+06 2.2706548628e+06 4.6814069458e+02 0.0000000000e+00 -0.0000000000e+00
1.5516287873e+05 1.5430747516e-13 2.4060773880e-14 2.4221160544e+07 2.4544753352e+07 4.8113967281e-18 2.0116735991e-18 -4.5503189487e+03 -1.1462423378e+03 -4.6638860158e+09 -9.9440498035e+06 2.2706548628e+06 4.4015603669e+02 0.0000000000e+00 -0.0000000000e+00
1.5560303476e+05 1.5645848715e-13 2.4980652242e-14 2.2194951471e+07 2.4016039101e+07 4.9642947673e-18 2.1717755607e-18 -4.6577433122e+03 -1.2587280925e+03 -4.6638856914e+09 -9.9440498035e+06 2.2706548628e+06 4.1374710867e+02 0.0000000000e+00 -0.0000000000e+00
1.5601678187e+05 1.5854398340e-13 2.5914123209e-14 2.0245668470e+07 2.3470720074e+07 5.1184914104e-18 2.3444653147e-18 -4.7660800595e+03 -1.3800578820e+03 -4.6638853433e+09 -9.9440498035e+06 2.2706548628e+06 3.8889822809e+02 0.0000000000e+00 -0.0000000000e+00
1.5640568010e+05 1.6056436253e-13 2.6861275515e-14 1.8371206413e+07 2.2909150672e+07 5.2734588871e-18 2.5307687217e-18 -4.8749583856e+03 -1.5109524639e+03 -4.6638849714e+09 -9.9440498035e+06 2.2706548628e+06 3.6558483916e+02 0.0000000000e+00 -0.0000000000e+00
1.5677126494e+05 1.6252032687e-13 2.7822390863e-14 1.6569275486e+07 2.2331543158e+07 5.4285690645e-18 2.7318170313e-18 -4.9839369714e+03 -1.6522066409e+03 -4.6638845756e+09 -9.9440498035e+06 2.2706548628e+06 3.4377644230e+02 0.0000000000e+00 -0.0000000000e+00
1.5711504138e+05 1.6441285642e-13 2.8797974322e-14 1.4837426479e+07 2.1737944715e+07 5.5830721690e-18 2.9488626429e-18 -5.0924890349e+03 -1.8047003342e+03 -4.6638841566e+09 -9.9440498035e+06 2.2706548628e+06 3.2343926009e+02 0.0000000000e+00 -0.0000000000e+00
1.5743848064e+05 1.6624318796e-13 2.9788793181e-14 1.3173069298e+07 2.1128209269e+07 5.7360700311e-18 3.1832985204e-18 -5.1999835328e+03 -1.9694122236e+03 -4.6638837153e+09 -9.9440498035e+06 2.2706548628e+06 3.0453876635e+02 0.0000000000e+00 -0.0000000000e+00
1.5774301941e+05 1.6801279975e-13 3.0795927347e-14 1.1573484559e+07 2.0501961879e+07 5.8864819334e-18 3.4366824308e-18 -5.3056611658e+03 -2.1474367781e+03 -4.6638832537e+09 -9.9440498035e+06 2.2706548628e+06 2.8704222294e+02 0.0000000000e+00 -0.0000000000e+00
1.5803006163e+05 1.6972340266e-13 3.1820835711e-14 1.0035827766e+07 1.9858552594e+07 6.0330002987e-18 3.7107676458e-18 -5.4086032456e+03 -2.3400058256e+03 -4.6638827745e+09 -9.9440498035e+06 2.2706548628e+06 2.7092140712e+02 0.0000000000e+00 -0.0000000000e+00
1.5830098304e+05 1.7137693862e-13 3.2865444970e-14 8.5571250945e+06 1.9196995243e+07 6.1740321357e-18 4.0075424378e-18 -5.5076905550e+03 -2.5485163030e+03 -4.6638822817e+09 -9.9440498035e+06 2.2706548628e+06 2.5615576777e+02 0.0000000000e+00 -0.0000000000e+00
1.5855713881e+05 1.7297558803e-13 3.3932270545e-14 7.1342592116e+06 1.8515884537e+07 6.3076200629e-18 4.3292817154e-18 -5.6015478611e+03 -2.7745665343e+03 -4.6638817812e+09 -9.9440498035e+06 2.2706548628e+06 2.4273634833e+02 0.0000000000e+00 -0.0000000000e+00
1.5879987515e+05 1.7452178809e-13 3.5024584152e-14 5.7639428458e+06 1.7813281433e+07 6.4313333090e-18 4.6786156300e-18 -5.6884673323e+03 -3.0200044329e+03 -4.6638812811e+09 -9.9440498035e+06 2.2706548628e+06 2.3067093941e+02 0.0000000000e+00 -0.0000000000e+00
1.5903054609e+05 1.7601826423e-13 3.6146650271e-14 4.4426771003e+06 1.7086551459e+07 6.5421133213e-18 5.0586220663e-18 -5.7663000657e+03 -3.2869924844e+03 -4.6638807927e+09 -9.9440498035e+06 2.2706548628e+06 2.1999107678e+02 0.0000000000e+00 -0.0000000000e+00
1.5925053717e+05 1.7746807600e-13 3.7304065612e-14 3.1666914417e+06 1.6332132564e+07 6.6360486804e-18 5.4729525391e-18 -5.8322979439e+03 -3.5780962001e+03 -4.6638803314e+09 -9.9440498035e+06 2.2706548628e+06 2.0346824027e+02 0.0000000000e+00 -0.0000000000e+00
1.5942090731e+05 1.7860396602e-13 3.8266749052e-14 2.1693144522e+06 1.5701274480e+07 6.6960306983e-18 5.8345032257e-18 -5.8744406040e+03 -3.8321174589e+03 -4.6638801862e+09 -9.9440498035e+06 2.2706548628e+06 1.7460424850e+02 0.0000000000e+00 -0.0000000000e+00
1.5956485114e+05 1.7957071530e-13 3.9130477227e-14 1.3216895959e+06 1.5132881786e+07 6.7340026899e-18 6.1714975367e-18 -5.9011192785e+03 -4.0688856972e+03 -4.6638801208e+09 -9.9440498035e+06 2.2706548628e+06 1.4900769270e+02 0.0000000000e+00 -0.0000000000e+00
1.5967844418e+05 1.8033683398e-13 3.9847703480e-14 6.5053246382e+05 1.4659311833e+07 6.7529916290e-18 6.4599623309e-18 -5.9144606837e+03 -4.2715576680e+03 -4.6638801007e+09 -9.9440498035e+06 2.2706548628e+06 1.2346999846e+02 0.0000000000e+00 -0.0000000000e+00
1.5975654250e+05 1.8086450881e-13 4.0360376864e-14 1.8842803500e+05 1.4319976408e+07 6.7590525566e-18 6.6706997395e-18 -5.9187190202e+03 -4.4196192919e+03 -4.6638800976e+09 -9.9440498035e+06 2.2706548628e+06 9.3303946657e+01 0.0000000000e+00 -0.0000000000e+00
1.5984984645e+05 1.8149515648e-13 4.0995058491e-14 -3.6381278741e+05 1.3898981394e+07 6.7573231570e-18 6.9365143986e-18 -5.9175039643e+03 -4.6063775442e+03 -4.6638800908e+09 -9.9440498035e+06 2.2706548628e+06 1.0364711282e+02 0.0000000000e+00 -0.0000000000e+00
1.5995349356e+05 1.8219486332e-13 4.1730112053e-14 -9.7667411163e+05 1.3410229270e+07 6.7417811508e-18 7.2506455876e-18 -5.9065843337e+03 -4.8270824219e+03 -4.6638800808e+09 -9.9440498035e+06 2.2706548628e+06 1.2285769218e+02 0.0000000000e+00 -0.0000000000e+00
1.6007635125e+05 1.8302089910e-13 4.2645133872e-14 -1.7007669001e+06 1.2800165401e+07 6.7007468750e-18 7.6499710047e-18 -5.8777541342e+03 -5.1076437621e+03 -4.6638800620e+09 -9.9440498035e+06 2.2706548628e+06 1.3371661822e+02 0.0000000000e+00 -0.0000000000e+00
1.6021006787e+05 1.8391205046e-13 4.3699021800e-14 -2.4833128582e+06 1.2095436647e+07 6.6215223816e-18 8.1191021878e-18 -5.8220919372e+03 -5.4372498121e+03 -4.6638800322e+09 -9.9440498035e+06 2.2706548628e+06 1.4149024788e+02 0.0000000000e+00 -0.0000000000e+00
1.6035155812e+05 1.8484018365e-13 4.4885237071e-14 -3.3009360930e+06 1.1299812873e+07 6.4884555414e-18 8.6550657128e-18 -5.7286007408e+03 -5.8138114793e+03 -4.6638799495e+09 -9.9440498035e+06 2.2706548628e+06 1.4990411944e+02 0.0000000000e+00 -0.0000000000e+00
1.6050146224e+05 1.8579805624e-13 4.6227885064e-14 -4.1492971686e+06 1.0396528955e+07 6.2781036380e-18 9.2652549563e-18 -5.5808099682e+03 -6.2425232631e+03 -4.6638796309e+09 -9.9440498035e+06 2.2706548628e+06 1.6568282295e+02 3.2778918295e-285 -2.3330152492e-277
1.6066714506e+05 1.8681204224e-13 4.7821863513e-14 -5.0555421802e+06 9.3208782742e+06 5.9418965643e-18 9.9824577829e-18 -5.3445948336e+03 -6.7464215314e+03 -4.6638781807e+09 -9.9440498035e+06 2.2706548628e+06 1.6477708793e+02 9.0763999499e-250 -6.6401792823e-242
1.6081384819e+05 1.8765520069e-13 4.9334480427e-14 -5.8195616424e+06 8.2973210919e+06 5.5341248332e-18 1.0641153852e-17 -5.0580992127e+03 -7.2092136404e+03 -4.6638763157e+09 -9.9440498035e+06 2.2706548628e+06 1.4671737746e+02 1.2960795647e-221 -9.7020040314e-214
1.6096056556e+05 1.8843001099e-13 5.0944272762e-14 -6.5355771760e+06 7.2054934097e+06 5.0068669443e-18 1.1301002095e-17 -4.6876540230e+03 -7.6728152528e+03 -4.6638729354e+09 -9.9440498035e+06 2.2706548628e+06 1.3290061900e+02 3.4528991166e-197 -2.6389587732e-189
1.6109346618e+05 1.8905748327e-13 5.2484763236e-14 -7.1319106831e+06 6.1586654476e+06 4.4179408044e-18 1.1875740522e-17 -4.2738814456e+03 -8.0766197098e+03 -4.6638698638e+09 -9.9440498035e+06 2.2706548628e+06 1.2246681351e+02 7.0430571248e-179 -5.4703835725e-171
1.6121593300e+05 1.8956044715e-13 5.3969502531e-14 -7.6285596706e+06 5.1482203647e+06 3.7812999809e-18 1.2362715537e-17 -3.8265850929e+03 -8.4187626266e+03 -4.6638674374e+09 -9.9440498035e+06 2.2706548628e+06 1.1563858465e+02 1.1136901633e-165 -8.7541278255e-158
1.6131556297e+05 1.8990873427e-13 5.5219045115e-14 -7.9898180353e+06 4.2969211852e+06 3.2016874917e-18 1.2712948478e-17 -3.4193561769e+03 -8.6648321703e+03 -4.6638665978e+09 -9.9440498035e+06 2.2706548628e+06 1.0080598800e+02 8.4589644224e-158 -6.6976771478e-150
1.6141636896e+05 1.9019986468e-13 5.6516206935e-14 -8.3122945763e+06 3.4124794462e+06 2.5671487101e-18 1.3012833740e-17 -2.9735366941e+03 -8.8755280271e+03 -4.6638659448e+09 -9.9440498035e+06 2.2706548628e+06 9.1155647369e+01 1.3178949247e-152 -1.0485609937e-144
1.6150752461e+05 1.9040644442e-13 5.7712657414e-14 -8.5640769894e+06 2.5962183579e+06 1.9610664227e-18 1.3228558218e-17 -2.5477104094e+03 -9.0270935077e+03 -4.6638657733e+09 -9.9440498035e+06 2.2706548628e+06 8.4610291702e+01 2.0636992172e-150 -1.6453391885e-142
1.6159213490e+05 1.9054789196e-13 5.8838566814e-14 -8.7624409491e+06 1.8277701034e+06 1.3802932148e-18 1.3376850530e-17 -2.1396659862e+03 -9.1312819415e+03 -4.6638658291e+09 -9.9440498035e+06 2.2706548628e+06 7.8561604123e+01 1.5464857887e-150 -1.2328314875e-142
1.6167069650e+05 1.9063487127e-13 5.9893340371e-14 -8.9154598799e+06 1.1076852337e+06 8.3343056876e-19 1.3467700696e-17 -1.7554467247e+03 -9.1951121993e+03 -4.6638659777e+09 -9.9440498035e+06 2.2706548628e+06 7.0858144832e+01 1.6205355918e-152 -1.2894605872e-144
1.6173057291e+05 1.9067228053e-13 6.0701028585e-14 -9.0117918993e+06 5.5620813419e+05 4.1641221944e-19 1.3506438202e-17 -1.4624545386e+03 -9.2223287153e+03 -4.6638660350e+09 -9.9440498035e+06 2.2706548628e+06 6.2291374654e+01 3.2470647875e-155 -2.5771726748e-147
1.6176265455e+05 1.9068207119e-13 6.1134518196e-14 -9.0562026279e+06 2.6021358925e+05 1.9414533162e-19 1.3516487852e-17 -1.3062924381e+03 -9.2293894814e+03 -4.6638660379e+09 -9.9440498035e+06 2.2706548628e+06 5.4189621241e+01 4.4665196045e-157 -3.5388988194e-149
1.6181684417e+05 1.9068249020e-13 6.1867076196e-14 -9.1198928193e+06 -2.3999705195e+05 -1.7782404636e-19 1.3516937113e-17 -1.0449511292e+03 -9.2297051268e+03 -4.6638660833e+09 -9.9440498035e+06 2.2706548628e+06 5.4031290933e+01 7.2493895831e-161 -5.7236605833e-153
1.6187087546e+05 1.9066299614e-13 6.2596975031e-14 -9.1694070963e+06 -7.3838169046e+05 -5.4257519374e-19 1.3497465928e-17 -7.8868126429e+02 -9.2160249008e+03 -4.6638661313e+09 -9.9440498035e+06 2.2706548628e+06 6.9259961428e+01 1.9692759948e-165 -1.5482946904e-157
1.6194013543e+05 1.9060955331e-13 6.3530168872e-14 -9.2128852061e+06 -1.3755308842e+06 -9.9818455485e-19 1.3445170212e-17 -4.6857548729e+02 -9.1792825462e+03 -4.6638663026e+09 -9.9440498035e+06 2.2706548628e+06 6.5587173753e+01 2.1563371129e-172 -1.6846489997e-164
1.6199681832e+05 1.9054269429e-13 6.4290554523e-14 -9.2322234859e+06 -1.8946268641e+06 -1.3588865054e-18 1.3381279872e-17 -2.1515054038e+02 -9.1343939453e+03 -4.6638663625e+09 -9.9440498035e+06 2.2706548628e+06 5.8774862407e+01 5.6413480058e-179 -4.3812899142e-171
1.6204064985e+05 1.9047717865e-13 6.4875769499e-14 -9.2374709616e+06 -2.2940830476e+06 -1.6292349871e-18 1.3319996768e-17 -2.5206877678e+01 -9.0913371569e+03 -4.6638663778e+09 -9.9440498035e+06 2.2706548628e+06 4.0158363326e+01 1.3811156829e-184 -1.0672801100e-176
1.6208080821e+05 1.9040689709e-13 6.5409409661e-14 -9.2350727574e+06 -2.6582846085e+06 -1.8698183030e-18 1.3255520809e-17 1.4382412962e+02 -9.0460371068e+03 -4.6638663869e+09 -9.9440498035e+06 2.2706548628e+06 5.8671769114e+01 4.1429407506e-190 -3.1859642412e-182
1.6213947998e+05 1.9028718345e-13 6.6184062479e-14 -9.2196027768e+06 -3.1868732309e+06 -2.2083474379e-18 1.3148371499e-17 3.8167071714e+02 -8.9707552623e+03 -4.6638664421e+09 -9.9440498035e+06 2.2706548628e+06 7.4686667079e+01 8.3599751085e-199 -6.3803666593e-191
1.6221416665e+05 1.9010686359e-13 6.7160377466e-14 -9.1802872145e+06 -3.8528691669e+06 -2.6159060455e-18 1.2992594749e-17 6.6801660003e+02 -8.8613083507e+03 -4.6638665977e+09 -9.9440498035e+06 2.2706548628e+06 8.9264462285e+01 6.9751618632e-211 -5.2686775832e-203
1.6230343111e+05 1.8985290980e-13 6.8310973979e-14 -9.1062917084e+06 -4.6374190010e+06 -3.0675155381e-18 1.2783180379e-17 9.8531211646e+02 -8.7141762777e+03 -4.6638668902e+09 -9.9440498035e+06 2.2706548628e+06 1.0464283656e+02 1.1127876593e-226 -8.2949956248e-219
1.6240807394e+05 1.8950634414e-13 6.9634727811e-14 -8.9852191731e+06 -5.5395190149e+06 -3.5474241734e-18 1.2513636271e-17 1.3224902777e+03 -8.5247977589e+03 -4.6638673403e+09 -9.9440498035e+06 2.2706548628e+06 1.2049467376e+02 6.9716771631e-247 -5.1121595967e-239
1.6252856862e+05 1.8904880448e-13 7.1122761363e-14 -8.8047224924e+06 -6.5528054337e+06 -4.0357569468e-18 1.2182310789e-17 1.6655871392e+03 -8.2920123729e+03 -4.6638679019e+09 -9.9440498035e+06 2.2706548628e+06 1.3364535228e+02 4.2568337046e-272 -3.0602346687e-264
1.6266221397e+05 1.8847743212e-13 7.2725523284e-14 -8.5596331173e+06 -7.6431856359e+06 -4.5022409164e-18 1.1801715049e-17 1.9933332881e+03 -8.0246102837e+03 -4.6638684163e+09 -9.9440498035e+06 2.2706548628e+06 1.4113703242e+02 4.1243327545e-302 -2.8986665554e-294
1.6280335100e+05 1.8781180338e-13 7.4362613196e-14 -8.2570847436e+06 -8.7556829853e+06 -4.9177573336e-18 1.1397350476e-17 2.2852702344e+03 -7.7405084918e+03 -4.6638687569e+09 -9.9440498035e+06 2.2706548628e+06 1.4503923577e+02 0.0000000000e+00 -0.0000000000e+00
1.6294839024e+05 1.8707196621e-13 7.5985938894e-14 -7.9069635487e+06 -9.8574673407e+06 -5.2729094940e-18 1.0989193491e-17 2.5347959641e+03 -7.4537421960e+03 -4.6638689609e+09 -9.9440498035e+06 2.2706548628e+06 1.4879187123e+02 0.0000000000e+00 -0.0000000000e+00
1.6309718211e+05 1.8626434210e-13 7.7590774199e-14 -7.5136062016e+06 -1.0945258100e+07 -5.5729003168e-18 1.0585274707e-17 2.7455659869e+03 -7.1699536105e+03 -4.6638691075e+09 -9.9440498035e+06 2.2706548628e+06 1.5384218006e+02 0.0000000000e+00 -0.0000000000e+00
1.6325102429e+05 1.8538686222e-13 7.9188383261e-14 -7.0770773194e+06 -1.2026622668e+07 -5.8258145805e-18 1.0187844322e-17 2.9232605731e+03 -6.8907236977e+03 -4.6638692467e+09 -9.9440498035e+06 2.2706548628e+06 1.6048162762e+02 0.0000000000e+00 -0.0000000000e+00
1.6341150592e+05 1.8443422649e-13 8.0791685961e-14 -6.5955122273e+06 -1.3110213884e+07 -6.0385418565e-18 9.7975198771e-18 3.0727202545e+03 -6.6164863345e+03 -4.6638694044e+09 -9.9440498035e+06 2.2706548628e+06 1.6873869967e+02 0.0000000000e+00 -0.0000000000e+00
1.6358024462e+05 1.8339968899e-13 8.2412200875e-14 -6.0660637615e+06 -1.4203692438e+07 -6.2164478028e-18 9.4145373743e-18 3.1977148794e+03 -6.3474073337e+03 -4.6638695949e+09 -9.9440498035e+06 2.2706548628e+06 1.7864220517e+02 0.0000000000e+00 -0.0000000000e+00
1.6375888682e+05 1.8227545303e-13 8.4060046388e-14 -5.4851802171e+06 -1.5313727570e+07 -6.3637271967e-18 9.0390436339e-18 3.3011916489e+03 -6.0835898492e+03 -4.6638698261e+09 -9.9440498035e+06 2.2706548628e+06 1.8892544333e+02 0.0000000000e+00 -0.0000000000e+00
1.6394781227e+05 1.8106139274e-13 8.5732740431e-14 -4.8532173876e+06 -1.6438473964e+07 -6.4829991248e-18 8.6736484791e-18 3.3849907024e+03 -5.8268675123e+03 -4.6638700938e+09 -9.9440498035e+06 2.2706548628e+06 1.9419079055e+02 0.0000000000e+00 -0.0000000000e+00
1.6414200306e+05 1.7979309172e-13 8.7383170439e-14 -4.1893055266e+06 -1.7546171345e+07 -6.5748337420e-18 8.3294389067e-18 3.4495126240e+03 -5.5850299162e+03 -4.6638703521e+09 -9.9440498035e+06 2.2706548628e+06 1.9956147256e+02 0.0000000000e+00 -0.0000000000e+00
1.6434156453e+05 1.7847375075e-13 8.9012630566e-14 -3.4958166971e+06 -1.8637700833e+07 -6.6437800607e-18 8.0057920648e-18 3.4979534964e+03 -5.3576394527e+03 -4.6638705942e+09 -9.9440498035e+06 2.2706548628e+06 2.0423453256e+02 0.0000000000e+00 -0.0000000000e+00
1.6454579906e+05 1.7711146822e-13 9.0616300348e-14 -2.7776245902e+06 -1.9709861986e+07 -6.6934986937e-18 7.7029240064e-18 3.5328852230e+03 -5.1448479181e+03 -4.6638708118e+09 -9.9440498035e+06 2.2706548628e+06 2.0732364915e+02 0.0000000000e+00 -0.0000000000e+00
1.6475312271e+05 1.7572000206e-13 9.2183711598e-14 -2.0425423299e+06 -2.0755723108e+07 -6.7271432593e-18 7.4216475235e-18 3.5565234989e+03 -4.9472263703e+03 -4.6638709972e+09 -9.9440498035e+06 2.2706548628e+06 2.0737427634e+02 0.0000000000e+00 -0.0000000000e+00
1.6496049699e+05 1.7432264807e-13 9.3695648564e-14 -1.3033825817e+06 -2.1762595127e+07 -6.7475478314e-18 7.1637556536e-18 3.5708595113e+03 -4.7660345765e+03 -4.6638711429e+09 -9.9440498035e+06 2.2706548628e+06 2.0155403369e+02 0.0000000000e+00 -0.0000000000e+00
1.6516205102e+05 1.7296151254e-13 9.5115975116e-14 -5.8286046007e+05 -2.2706657540e+07 -6.7574126002e-18 6.9330955958e-18 3.5777903817e+03 -4.6039755335e+03 -4.6638712423e+09 -9.9440498035e+06 2.2706548628e+06 1.8212349024e+02 0.0000000000e+00 -0.0000000000e+00
1.6528762784e+05 1.7211277620e-13 9.5978084510e-14 -1.3345912993e+05 -2.3278819386e+07 -6.7595273944e-18 6.7983914657e-18 3.5792762113e+03 -4.5093339965e+03 -4.6638712500e+09 -9.9440498035e+06 2.2706548628e+06 1.4238134900e+02 0.0000000000e+00 -0.0000000000e+00
1.6543000919e+05 1.7115036071e-13 9.6935628106e-14 3.7615240869e+05 -2.3913543086e+07 -6.7588023909e-18 6.6533248221e-18 3.5787668324e+03 -4.4074118794e+03 -4.6638712623e+09 -9.9440498035e+06 2.2706548628e+06 1.8180377773e+02 0.0000000000e+00 -0.0000000000e+00
1.6561181297e+05 1.6992197559e-13 9.8129203378e-14 1.0265112464e+06 -2.4703568721e+07 -6.7538102135e-18 6.4789965168e-18 3.5752593873e+03 -4.2849308630e+03 -4.6638712972e+09 -9.9440498035e+06 2.2706548628e+06 2.3218928463e+02 0.0000000000e+00 -0.0000000000e+00
1.6584400225e+05 1.6835507361e-13 9.9609246965e-14 1.8557626374e+06 -2.5681403847e+07 -6.7420590849e-18 6.2724510725e-18 3.5670031825e+03 -4.1398144638e+03 -4.6638713915e+09 -9.9440498035e+06 2.2706548628e+06 2.7615487349e+02 0.0000000000e+00 -0.0000000000e+00
1.6612015712e+05 1.6649585535e-13 1.0130988404e-13 2.8389571822e+06 -2.6802480579e+07 -6.7220352349e-18 6.0476310736e-18 3.5529346611e+03 -3.9818585775e+03 -4.6638715619e+09 -9.9440498035e+06 2.2706548628e+06 3.2132751697e+02 0.0000000000e+00 -0.0000000000e+00
1.6644148464e+05 1.6434044619e-13 1.0321444073e-13 3.9774050218e+06 -2.8054761596e+07 -6.6927128423e-18 5.8107933698e-18 3.5323330930e+03 -3.8154591931e+03 -4.6638718270e+09 -9.9440498035e+06 2.2706548628e+06 3.7102433154e+02 0.0000000000e+00 -0.0000000000e+00
1.6681250897e+05 1.6186444275e-13 1.0532403982e-13 5.2829589195e+06 -2.9437827194e+07 -6.6533471744e-18 5.5656185393e-18 3.5046752379e+03 -3.6432022416e+03 -4.6638722099e+09 -9.9440498035e+06 2.2706548628e+06 4.1574321324e+02 0.0000000000e+00 -0.0000000000e+00
1.6722825219e+05 1.5910832330e-13 1.0758608850e-13 6.7330029389e+06 -3.0916056062e+07 -6.6048209941e-18 5.3212185493e-18 3.4705813145e+03 -3.4714896839e+03 -4.6638726717e+09 -9.9440498035e+06 2.2706548628e+06 4.4422384514e+02 0.0000000000e+00 -0.0000000000e+00
1.6767247603e+05 1.5618638468e-13 1.0989742806e-13 8.2662303924e+06 -3.2421307919e+07 -6.5500924629e-18 5.0896082425e-18 3.4321296924e+03 -3.3087630073e+03 -4.6638731041e+09 -9.9440498035e+06 2.2706548628e+06 4.7608445088e+02 0.0000000000e+00 -0.0000000000e+00
1.6814856048e+05 1.5308226252e-13 1.1226706529e-13 9.8901845167e+06 -3.3959007925e+07 -6.4899987283e-18 4.8694985998e-18 3.3899085414e+03 -3.1541165618e+03 -4.6638735133e+09 -9.9440498035e+06 2.2706548628e+06 5.1063943261e+02 0.0000000000e+00 -0.0000000000e+00
1.6865919991e+05 1.4978473557e-13 1.1469911265e-13 1.1609597107e+07 -3.5531325685e+07 -6.4253473056e-18 4.6602042120e-18 3.3444852124e+03 -3.0070687872e+03 -4.6638739004e+09 -9.9440498035e+06 2.2706548628e+06 5.4812880459e+02 0.0000000000e+00 -0.0000000000e+00
1.6920732872e+05 1.4628165561e-13 1.1719783382e-13 1.3429570447e+07 -3.7140472915e+07 -6.3568342756e-18 4.4610801902e-18 3.2963487635e+03 -2.8671665921e+03 -4.6638742666e+09 -9.9440498035e+06 2.2706548628e+06 5.8877117167e+02 0.0000000000e+00 -0.0000000000e+00
1.6979609989e+05 1.4256016926e-13 1.1976746576e-13 1.5355446522e+07 -3.8788584187e+07 -6.2850661653e-18 4.2715356921e-18 3.2459253336e+03 -2.7339948577e+03 -4.6638746132e+09 -9.9440498035e+06 2.2706548628e+06 6.3280697572e+02 0.0000000000e+00 -0.0000000000e+00
1.7042890687e+05 1.3860665894e-13 1.2241225757e-13 1.7392822936e+07 -4.0477738359e+07 -6.2105733134e-18 4.0910262444e-18 3.1935875323e+03 -2.6071710434e+03 -4.6638749412e+09 -9.9440498035e+06 2.2706548628e+06 6.8049758648e+02 0.0000000000e+00 -0.0000000000e+00
1.7110940445e+05 1.3440669503e-13 1.2513649461e-13 1.9547562065e+07 -4.2209969945e+07 -6.1338209174e-18 3.9190482150e-18 3.1396622018e+03 -2.4863413032e+03 -4.6638752516e+09 -9.9440498035e+06 2.2706548628e+06 7.3212655721e+02 0.0000000000e+00 -0.0000000000e+00
1.7184153101e+05 1.2994498580e-13 1.2794451918e-13 2.1825800250e+07 -4.3987277712e+07 -6.0552180907e-18 3.7551342074e-18 3.0844367805e+03 -2.3711772499e+03 -4.6638755454e+09 -9.9440498035e+06 2.2706548628e+06 7.8800093435e+02 0.0000000000e+00 -0.0000000000e+00
1.7262953194e+05 1.2520532577e-13 1.3084074809e-13 2.4233956624e+07 -4.5811630754e+07 -5.9751253698e-18 3.5988492097e-18 3.0281645770e+03 -2.2613732492e+03 -4.6638758234e+09 -9.9440498035e+06 2.2706548628e+06 8.4845271686e+02 0.0000000000e+00 -0.0000000000e+00
1.7280000000e+05 1.2418818678e-13 1.3145154698e-13 2.4749157941e+07 -4.6195232736e+07 -5.9583941546e-18 3.5674212146e-18 3.0164094221e+03 -2.2392923095e+03 -4.6638758235e+09 -9.9440498035e+06 2.2706548628e+06 8.5234027505e+02 0.0000000000e+00 -0.0000000000e+00
1.7280000000e+05 1.2418818678e-13 1.3145154698e-13 2.4749157941e+07 -4.6195232736e+07 -5.9583941546e-18 3.5674212146e-18 3.0164094221e+03 -2.2392923095e+03 -4.6638758235e+09 -9.9440498035e+06 2.2706548628e+06 8.5234027505e+02 0.0000000000e+00 -0.0000000000e+00
