0.0000000000e+00 0.0000000000e+00 0.0000000000e+00 3.1415900000e+08 0.0000000000e+00 0.0000000000e+00 0.0000000000e+00 -1.1784747670e+03 2.2626803530e+02 -4.6638893034e+09 -1.0017035519e+07 1.9232783000e+06 1.0000000000e+01 0.0000000000e+00 -0.0000000000e+00
1.0000000000e+01 2.8740014424e-22 6.9000621649e-28 3.1414721505e+08 2.2626803525e+03 5.7480747612e-23 2.0700574768e-28 -1.1785151523e+03 2.2626803515e+02 -4.6638893034e+09 -1.0017035520e+07 1.9232783001e+06 5.0000000000e+01 0.0000000000e+00 -0.0000000000e+00
6.0000000000e+01 1.0347699204e-20 1.4908328747e-25 3.1408828424e+08 1.3576082013e+04 3.4494919172e-22 7.4550034972e-27 -1.1787171242e+03 2.2626803006e+02 -4.6638893034e+09 -1.0017035520e+07 1.9232783000e+06 2.5000000000e+02 0.0000000000e+00 -0.0000000000e+00
3.1000000000e+02 2.7639898385e-19 2.0590732172e-23 3.1379347863e+08 7.0143076476e+04 1.7839114865e-21 1.9938119621e-25 -1.1797281222e+03 2.2626789522e+02 -4.6638893034e+09 -1.0017035520e+07 1.9232783001e+06 1.2500000000e+03 0.0000000000e+00 -0.0000000000e+00
1.5600000000e+03 7.0214353542e-18 2.6425896662e-21 3.1231564619e+08 3.5297627842e+05 9.0195301991e-21 5.0968935253e-24 -1.1848117828e+03 2.2626445428e+02 -4.6638893034e+09 -1.0017035520e+07 1.9232783001e+06 3.6000000000e+03 0.0000000000e+00 -0.0000000000e+00
5.1600000000e+03 7.7526364913e-17 9.7623934897e-20 3.0802360109e+08 1.1674744727e+06 3.0247723640e-20 5.7322424414e-23 -1.1997264618e+03 2.2622776124e+02 -4.6638893033e+09 -1.0017035520e+07 1.9232783001e+06 3.6000000000e+03 0.0000000000e+00 -0.0000000000e+00
8.7600000000e+03 2.2552874168e-16 4.8780171910e-19 3.0367710720e+08 1.9817652655e+06 5.2079082855e-20 1.6992953679e-22 -1.2150649179e+03 2.2614864481e+02 -4.6638893032e+09 -1.0017035520e+07 1.9232783001e+06 3.6000000000e+03 0.0000000000e+00 -0.0000000000e+00
1.2360000000e+04 4.5326000320e-16 1.3998737762e-18 2.9927459673e+08 2.7956893815e+06 7.4547405075e-20 3.4818666066e-22 -1.2308508968e+03 2.2602340345e+02 -4.6638893031e+09 -1.0017035519e+07 1.9232783001e+06 3.6000000000e+03 0.0000000000e+00 -0.0000000000e+00
1.5960000000e+04 7.6307819112e-16 3.0804988253e-18 2.9481441296e+08 3.6090735212e+06 9.7689276742e-20 5.9792629201e-22 -1.2471101036e+03 2.2584793932e+02 -4.6638893029e+09 -1.0017035519e+07 1.9232783000e+06 3.6000000000e+03 0.0000000000e+00 -0.0000000000e+00
1.9560000000e+04 1.1574785347e-15 5.7984581547e-18 2.9029480276e+08 4.4217288420e+06 1.2154438148e-19 9.2561962550e-22 -1.2638704195e+03 2.2561770584e+02 -4.6638893028e+09 -1.0017035519e+07 1.9232783001e+06 3.6000000000e+03 0.0000000000e+00 -0.0000000000e+00
2.3160000000e+04 1.6391052185e-15 9.8471069277e-18 2.8571390835e+08 5.2334492361e+06 1.4615585107e-19 1.3384631671e-21 -1.2811621485e+03 2.2532764683e+02 -4.6638893026e+09 -1.0017035519e+07 1.9232783001e+06 3.6000000000e+03 0.0000000000e+00 -0.0000000000e+00
2.6760000000e+04 2.2107645018e-15 1.5547162218e-17 2.8106975811e+08 6.0440093714e+06 1.7157066675e-19 1.8444796141e-21 -1.2990182990e+03 2.2497212562e+02 -4.6638893023e+09 -1.0017035519e+07 1.9232783000e+06 3.6000000000e+03 0.0000000000e+00 -0.0000000000e+00
3.0360000000e+04 2.8754393863e-15 2.3249884007e-17 2.7636025619e+08 6.8531624567e+06 1.9784011967e-19 2.4526358012e-21 -1.3174749075e+03 2.2454484224e+02 -4.6638893021e+09 -1.0017035519e+07 1.9232783000e+06 3.6000000000e+03 0.0000000000e+00 -0.0000000000e+00
3.3960000000e+04 3.6363060633e-15 3.3340716548e-17 2.7158317105e+08 7.6606376836e+06 2.2502034116e-19 3.1729811530e-21 -1.3365714114e+03 2.2403873607e+02 -4.6638893018e+09 -1.0017035519e+07 1.9232783000e+06 3.6000000000e+03 0.0000000000e+00 -0.0000000000e+00
3.7560000000e+04 4.4967524149e-15 4.6243471323e-17 2.6673612241e+08 8.4661372870e+06 2.5317291572e-19 4.0168108988e-21 -1.3563510791e+03 2.2344587122e+02 -4.6638893014e+09 -1.0017035519e+07 1.9232783000e+06 3.6000000000e+03 0.0000000000e+00 -0.0000000000e+00
4.1160000000e+04 5.4603988940e-15 6.2425149892e-17 2.6181656657e+08 9.2693331570e+06 2.8236559257e-19 4.9968593398e-21 -1.3768615104e+03 2.2275730071e+02 -4.6638893010e+09 -1.0017035519e+07 1.9232783001e+06 3.6000000000e+03 0.0000000000e+00 -0.0000000000e+00
4.4760000000e+04 6.5311221714e-15 8.2401526292e-17 2.5682177983e+08 1.0069862917e+07 3.1267311514e-19 6.1275297870e-21 -1.3981552192e+03 2.2196290496e+02 -4.6638893005e+09 -1.0017035519e+07 1.9232783001e+06 3.6000000000e+03 0.0000000000e+00 -0.0000000000e+00
4.8360000000e+04 7.7130820174e-15 1.0674363543e-16 2.5174883958e+08 1.0867325365e+07 3.4417819251e-19 7.4251695041e-21 -1.4202903159e+03 2.2105119856e+02 -4.6638892999e+09 -1.0017035519e+07 1.9232783001e+06 3.6000000000e+03 0.0000000000e+00 -0.0000000000e+00
5.1960000000e+04 9.0107519783e-15 1.3608534771e-16 2.4659460278e+08 1.1661275150e+07 3.7697264252e-19 8.9084002186e-21 -1.4433313107e+03 2.2000909811e+02 -4.6638892992e+09 -1.0017035519e+07 1.9232783001e+06 3.6000000000e+03 0.0000000000e+00 -0.0000000000e+00
5.5560000000e+04 1.0428954533e-14 1.7113225325e-16 2.4135568118e+08 1.2451216533e+07 4.1115874397e-19 1.0598517688e-20 -1.4673500634e+03 2.1882164146e+02 -4.6638892983e+09 -1.0017035519e+07 1.9232783001e+06 3.6000000000e+03 0.0000000000e+00 -0.0000000000e+00
5.9160000000e+04 1.1972901564e-14 2.1267213418e-16 2.3602841300e+08 1.3236596029e+07 4.4685084484e-19 1.2519977672e-20 -1.4924269135e+03 2.1747164628e+02 -4.6638892973e+09 -1.0017035519e+07 1.9232783001e+06 3.6000000000e+03 0.0000000000e+00 -0.0000000000e+00
6.2760000000e+04 1.3648241161e-14 2.6158737478e-16 2.3060882995e+08 1.4016793683e+07 4.8417728624e-19 1.4700990829e-20 -1.5186520321e+03 2.1593929210e+02 -4.6638892960e+09 -1.0017035519e+07 1.9232783001e+06 3.6000000000e+03 0.0000000000e+00 -0.0000000000e+00
6.6360000000e+04 1.5461112036e-14 3.1886975223e-16 2.2509261904e+08 1.4791112686e+07 5.2328271857e-19 1.7174255969e-20 -1.5461270488e+03 2.1420160511e+02 -4.6638892944e+09 -1.0017035519e+07 1.9232783001e+06 3.6000000000e+03 0.0000000000e+00 -0.0000000000e+00
6.9960000000e+04 1.7418207126e-14 3.8563817283e-16 2.1947507789e+08 1.5558766906e+07 5.6433090859e-19 1.9977870591e-20 -1.5749670242e+03 2.1223181846e+02 -4.6638892923e+09 -1.0017035519e+07 1.9232783001e+06 3.6000000000e+03 0.0000000000e+00 -0.0000000000e+00
7.3560000000e+04 1.9526848370e-14 4.6316008057e-16 2.1375106220e+08 1.6318865853e+07 6.0750816618e-19 2.3156470584e-20 -1.6053028574e+03 2.0999857150e+02 -4.6638892898e+09 -1.0017035519e+07 1.9232783001e+06 3.6000000000e+03 0.0000000000e+00 -0.0000000000e+00
7.7160000000e+04 2.1795075185e-14 5.5287748295e-16 2.0791492357e+08 1.7070396389e+07 6.5302755999e-19 2.6762669087e-20 -1.6372842480e+03 2.0746489885e+02 -4.6638892866e+09 -1.0017035520e+07 1.9232783001e+06 3.6000000000e+03 0.0000000000e+00 -0.0000000000e+00
8.0760000000e+04 2.4231749868e-14 6.5643883350e-16 2.0196043544e+08 1.7812200329e+07 7.0113414785e-19 3.0858890010e-20 -1.6710833706e+03 2.0458694223e+02 -4.6638892824e+09 -1.0017035519e+07 1.9232783001e+06 3.6000000000e+03 0.0000000000e+00 -0.0000000000e+00
8.4360000000e+04 2.6846684094e-14 7.7573841659e-16 1.9588070425e+08 1.8542946773e+07 7.5211152518e-19 3.5519728149e-20 -1.7068994762e+03 2.0131229218e+02 -4.6638892770e+09 -1.0017035520e+07 1.9232783001e+06 3.6000000000e+03 0.0000000000e+00 -0.0000000000e+00
8.7960000000e+04 2.9650791962e-14 9.1296544367e-16 1.8966806190e+08 1.9261097605e+07 8.0629010567e-19 4.0835020748e-20 -1.7449647095e+03 1.9757783013e+02 -4.6638892698e+09 -1.0017035520e+07 1.9232783001e+06 3.6000000000e+03 0.0000000000e+00 -0.0000000000e+00
9.1560000000e+04 3.2656276794e-14 1.0706658670e-15 1.8331393445e+08 1.9964864070e+07 8.6405770655e-19 4.6913893302e-20 -1.7855515462e+03 1.9330688579e+02 -4.6638892603e+09 -1.0017035520e+07 1.9232783001e+06 3.6000000000e+03 0.0000000000e+00 -0.0000000000e+00
9.5160000000e+04 3.5876861359e-14 1.2518210593e-15 1.7680868046e+08 2.0652151490e+07 9.2587324173e-19 5.3890159469e-20 -1.8289824140e+03 1.8840544326e+02 -4.6638892473e+09 -1.0017035520e+07 1.9232783001e+06 3.6000000000e+03 0.0000000000e+00 -0.0000000000e+00
9.8760000000e+04 3.9328074630e-14 1.4599491734e-15 1.7014138946e+08 2.1320488053e+07 9.9228466928e-19 6.1929634109e-20 -1.8756423017e+03 1.8275700296e+02 -4.6638892294e+09 -1.0017035520e+07 1.9232783001e+06 3.6000000000e+03 0.0000000000e+00 -0.0000000000e+00
1.0236000000e+05 4.3027613216e-14 1.6992374763e-15 1.6329962801e+08 2.1966931833e+07 1.0639528590e-18 7.1240198609e-20 -1.9259955286e+03 1.7621550988e+02 -4.6638892042e+09 -1.0017035520e+07 1.9232783001e+06 3.6000000000e+03 0.0000000000e+00 -0.0000000000e+00
1.0596000000e+05 4.6995802914e-14 1.9747177133e-15 1.5626911545e+08 2.2587947587e+07 1.1416838504e-18 8.2085906399e-20 -1.9806084087e+03 1.6859544318e+02 -4.6638891679e+09 -1.0017035520e+07 1.9232783001e+06 3.6000000000e+03 0.0000000000e+00 -0.0000000000e+00
1.0956000000e+05 5.1256196859e-14 2.2925024129e-15 1.4903330363e+08 2.3179240723e+07 1.2264732489e-18 9.4807154690e-20 -2.0401804426e+03 1.5965764379e+02 -4.6638891144e+09 -1.0017035520e+07 1.9232783001e+06 3.6000000000e+03 0.0000000000e+00 -0.0000000000e+00
1.1316000000e+05 5.5836363674e-14 2.6601093839e-15 1.4157282315e+08 2.3735529317e+07 1.3195685901e-18 1.0985019948e-19 -2.1055881341e+03 1.4908857750e+02 -4.6638890330e+09 -1.0017035519e+07 1.9232783001e+06 3.3301540590e+03 0.0000000000e+00 -0.0000000000e+00
1.1615438017e+05 5.9912913270e-14 3.0105034064e-15 1.3517988589e+08 2.4166879117e+07 1.4044598407e-18 1.2455426789e-19 -2.1652317280e+03 1.3875767203e+02 -4.6638889842e+09 -1.0017035519e+07 1.9232783001e+06 3.0137573563e+03 0.0000000000e+00 -0.0000000000e+00
1.1916813752e+05 6.4284326305e-14 3.4112424651e-15 1.2855694552e+08 2.4567241524e+07 1.4979750811e-18 1.4184814488e-19 -2.2309344357e+03 1.2660719751e+02 -4.6638889089e+09 -1.0017035519e+07 1.9232783001e+06 2.7216497786e+03 0.0000000000e+00 -0.0000000000e+00
1.2161403994e+05 6.8048182438e-14 3.7776537534e-15 1.2303007021e+08 2.4863234797e+07 1.5808354181e-18 1.5813763230e-19 -2.2891511337e+03 1.1516239529e+02 -4.6638888697e+09 -1.0017035519e+07 1.9232783001e+06 2.4624891647e+03 0.0000000000e+00 -0.0000000000e+00
1.2407652910e+05 7.2051131033e-14 4.1897691046e-15 1.1731566427e+08 2.5130869985e+07 1.6716342701e-18 1.7703704450e-19 -2.3529453389e+03 1.0188389062e+02 -4.6638888106e+09 -1.0017035519e+07 1.9232783001e+06 2.2226399268e+03 0.0000000000e+00 -0.0000000000e+00
1.2607074728e+05 7.5463306990e-14 4.5599299025e-15 1.1256817379e+08 2.5322027191e+07 1.7514438106e-18 1.9456130914e-19 -2.4090185831e+03 8.9571548454e+01 -4.6638887811e+09 -1.0017035519e+07 1.9232783001e+06 2.0091076792e+03 0.0000000000e+00 -0.0000000000e+00
1.2787761718e+05 7.8697456801e-14 4.9273574819e-15 1.0816654759e+08 2.5472713800e+07 1.8293389635e-18 2.1249400097e-19 -2.4637468011e+03 7.6972250148e+01 -4.6638887559e+09 -1.0017035519e+07 1.9232783001e+06 1.8208552462e+03 0.0000000000e+00 -0.0000000000e+00
1.2950904016e+05 8.1742772802e-14 5.2885718897e-15 1.0410435358e+08 2.5588067680e+07 1.9048610703e-18 2.3066747966e-19 -2.5168077448e+03 6.4203777826e+01 -4.6638887353e+09 -1.0017035519e+07 1.9232783001e+06 1.6456149348e+03 0.0000000000e+00 -0.0000000000e+00
1.3097438093e+05 8.4586640326e-14 5.6396797480e-15 1.0037941859e+08 2.5672943207e+07 1.9774452831e-18 2.4886941569e-19 -2.5678045588e+03 5.1415311708e+01 -4.6638887190e+09 -1.0017035519e+07 1.9232783001e+06 1.4804158627e+03 0.0000000000e+00 -0.0000000000e+00
1.3227885789e+05 8.7210628320e-14 5.9758343767e-15 9.6998542320e+07 2.5731926357e+07 2.0463111687e-18 2.6680999663e-19 -2.6161889199e+03 3.8810470610e+01 -4.6638887069e+09 -1.0017035519e+07 1.9232783001e+06 1.3216618829e+03 0.0000000000e+00 -0.0000000000e+00
1.3342117617e+05 8.9584360556e-14 6.2903245657e-15 9.3984592705e+07 2.5769439364e+07 2.1102812471e-18 2.8406463059e-19 -2.6611335444e+03 2.6687567783e+01 -4.6638886988e+09 -1.0017035519e+07 1.9232783001e+06 1.1643765472e+03 0.0000000000e+00 -0.0000000000e+00
1.3438622432e+05 9.1648153653e-14 6.5720099134e-15 9.1397311060e+07 2.5789890102e+07 2.1672682381e-18 2.9991707468e-19 -2.7011719338e+03 1.5549827067e+01 -4.6638886944e+09 -1.0017035519e+07 1.9232783001e+06 1.0006609606e+03 0.0000000000e+00 -0.0000000000e+00
1.3510558003e+05 9.3223054207e-14 6.7922662359e-15 8.9443061904e+07 2.5797907804e+07 2.2116569031e-18 3.1258108342e-19 -2.7323588877e+03 6.6522435115e+00 -4.6638886932e+09 -1.0017035519e+07 1.9232783001e+06 8.2371966221e+02 0.0000000000e+00 -0.0000000000e+00
1.3584024198e+05 9.4865077451e-14 7.0269076319e-15 8.7423615122e+07 2.5799282036e+07 2.2588061099e-18 3.2633754424e-19 -2.7654853656e+03 -3.0128840203e+00 -4.6638886916e+09 -1.0017035519e+07 1.9232783001e+06 6.9840194253e+02 0.0000000000e+00 -0.0000000000e+00
1.3653864393e+05 9.6458813694e-14 7.2596333872e-15 8.5480825721e+07 2.5793797693e+07 2.3054522106e-18 3.4025790746e-19 -2.7982583672e+03 -1.2793167449e+01 -4.6638886901e+09 -1.0017035519e+07 1.9232783001e+06 8.6197632522e+02 0.0000000000e+00 -0.0000000000e+00
1.3740062025e+05 9.8471793758e-14 7.5607667096e-15 8.3050712262e+07 2.5777262653e+07 2.3656696369e-18 3.5868801942e-19 -2.8405664225e+03 -2.5741947285e+01 -4.6638886848e+09 -1.0017035520e+07 1.9232783001e+06 9.4443195284e+02 0.0000000000e+00 -0.0000000000e+00
1.3834505220e+05 1.0073857634e-13 7.9097402193e-15 8.0345108260e+07 2.5745772733e+07 2.4353076451e-18 3.8065202503e-19 -2.8894932678e+03 -4.1173599228e+01 -4.6638886743e+09 -1.0017035520e+07 1.9232783001e+06 9.8471442141e+02 0.0000000000e+00 -0.0000000000e+00
1.3932976662e+05 1.0317422874e-13 8.2967523508e-15 7.7473386444e+07 2.5696671960e+07 2.5124214808e-18 4.0579518647e-19 -2.9436725415e+03 -5.8838888650e+01 -4.6638886573e+09 -1.0017035520e+07 1.9232783001e+06 9.9953960863e+02 0.0000000000e+00 -0.0000000000e+00
1.4032930623e+05 1.0572677072e-13 8.7162196170e-15 7.4502068273e+07 2.5628123057e+07 2.5959468419e-18 4.3401226698e-19 -3.0023564775e+03 -7.8663877456e+01 -4.6638886328e+09 -1.0017035520e+07 1.9232783001e+06 9.9741998255e+02 0.0000000000e+00 -0.0000000000e+00
1.4132672622e+05 1.0836002085e-13 9.1644415707e-15 7.1476543429e+07 2.5538891846e+07 2.6852244031e-18 4.6531605829e-19 -3.0650818417e+03 -1.0065755295e+02 -4.6638886000e+09 -1.0017035520e+07 1.9232783001e+06 9.8346667841e+02 0.0000000000e+00 -0.0000000000e+00
1.4231019289e+05 1.1104679368e-13 9.6386972059e-15 6.8429857781e+07 2.5428212489e+07 2.7798133563e-18 4.9978743987e-19 -3.1315389275e+03 -1.2487674010e+02 -4.6638885580e+09 -1.0017035520e+07 1.9232783001e+06 9.6108010157e+02 0.0000000000e+00 -0.0000000000e+00
1.4327127300e+05 1.1376566969e-13 1.0136829865e-14 6.5386998834e+07 2.5295692049e+07 2.8794038023e-18 5.3755302614e-19 -3.2015100032e+03 -1.5141039672e+02 -4.6638885058e+09 -1.0017035520e+07 1.9232783001e+06 9.3267361989e+02 0.0000000000e+00 -0.0000000000e+00
1.4420394662e+05 1.1649925148e-13 1.0657032858e-14 6.2367284101e+07 2.5141237774e+07 2.9837698753e-18 5.7877406981e-19 -3.2748363782e+03 -1.8037181704e+02 -4.6638884425e+09 -1.0017035520e+07 1.9232783001e+06 9.0003279381e+02 0.0000000000e+00 -0.0000000000e+00
1.4510397941e+05 1.1923312989e-13 1.1197729767e-14 5.9385827358e+07 2.4964999139e+07 3.0927421499e-18 6.2364066883e-19 -3.3513990163e+03 -2.1189456167e+02 -4.6638883672e+09 -1.0017035520e+07 1.9232783001e+06 8.6451455402e+02 0.0000000000e+00 -0.0000000000e+00
1.4596849396e+05 1.2195522471e-13 1.1757504093e-14 5.6454506976e+07 2.4767320293e+07 3.2061901339e-18 6.7236876232e-19 -3.4311062352e+03 -2.4613034689e+02 -4.6638882790e+09 -1.0017035520e+07 1.9232783001e+06 8.2716754360e+02 0.0000000000e+00 -0.0000000000e+00
1.4679566151e+05 1.2465533843e-13 1.2335056531e-14 5.3582642763e+07 2.4548700320e+07 3.3240104321e-18 7.2519873172e-19 -3.5138853906e+03 -2.8324806186e+02 -4.6638881770e+09 -1.0017035520e+07 1.9232783001e+06 7.8880999615e+02 0.0000000000e+00 -0.0000000000e+00
1.4758447150e+05 1.2732483840e-13 1.2929178612e-14 5.0777490809e+07 2.4309759623e+07 3.4461182757e-18 7.8239500429e-19 -3.5996769250e+03 -3.2343349006e+02 -4.6638880601e+09 -1.0017035520e+07 1.9232783001e+06 7.5008301629e+02 0.0000000000e+00 -0.0000000000e+00
1.4833455452e+05 1.2995642027e-13 1.3538736446e-14 4.8044618438e+07 2.4051211271e+07 3.5724411215e-18 8.4424633432e-19 -3.6884298702e+03 -3.6688950688e+02 -4.6638879273e+09 -1.0017035520e+07 1.9232783001e+06 7.1148870465e+02 0.0000000000e+00 -0.0000000000e+00
1.4904604322e+05 1.3254392495e-13 1.4162660893e-14 4.5388196608e+07 2.3773836446e+07 3.7029135484e-18 9.1106658077e-19 -3.7800982624e+03 -4.1383662592e+02 -4.6638877775e+09 -1.0017035520e+07 1.9232783001e+06 6.7341845371e+02 0.0000000000e+00 -0.0000000000e+00
1.4971946168e+05 1.3508219223e-13 1.4799941932e-14 4.2811233222e+07 2.3478463356e+07 3.8374729680e-18 9.8319587955e-19 -3.8746381276e+03 -4.6451382266e+02 -4.6638876098e+09 -1.0017035520e+07 1.9232783000e+06 6.3617456359e+02 0.0000000000e+00 -0.0000000000e+00
1.5035563624e+05 1.3756694035e-13 1.5449625824e-14 4.0315762759e+07 2.3165949065e+07 3.9760558232e-18 1.0610021552e-18 -3.9720048112e+03 -5.1917959658e+02 -4.6638874229e+09 -1.0017035519e+07 1.9232783001e+06 5.9998714545e+02 0.0000000000e+00 -0.0000000000e+00
1.5095562339e+05 1.3999466444e-13 1.6110814175e-14 3.7903002664e+07 2.2837163821e+07 4.1185940500e-18 1.1448829468e-18 -4.0721504925e+03 -5.7811325395e+02 -4.6638872157e+09 -1.0017035519e+07 1.9232783000e+06 5.6502757894e+02 0.0000000000e+00 -0.0000000000e+00
1.5152065097e+05 1.4236254936e-13 1.6782664295e-14 3.5573483830e+07 2.2492977511e+07 4.2650116297e-18 1.2352675423e-18 -4.1750217614e+03 -6.4161640734e+02 -4.6638869870e+09 -1.0017035519e+07 1.9232783001e+06 5.3141937936e+02 0.0000000000e+00 -0.0000000000e+00
1.5205207035e+05 1.4466839363e-13 1.7464390499e-14 3.3327160445e+07 2.2134247919e+07 4.4152210934e-18 1.3326194309e-18 -4.2805571635e+03 -7.1001469896e+02 -4.6638867356e+09 -1.0017035519e+07 1.9232783001e+06 4.9924707096e+02 0.0000000000e+00 -0.0000000000e+00
1.5255131742e+05 1.4691054228e-13 1.8155266100e-14 3.1163503103e+07 2.1761810504e+07 4.5691198582e-18 1.4374390975e-18 -4.3886846250e+03 -7.8365976354e+02 -4.6638864601e+09 -1.0017035519e+07 1.9232783001e+06 4.6856348841e+02 0.0000000000e+00 -0.0000000000e+00
1.5301988090e+05 1.4908782712e-13 1.8854625954e-14 2.9081578146e+07 2.1376469438e+07 4.7265862789e-18 1.5502671919e-18 -4.4993186797e+03 -8.6293145530e+02 -4.6638861594e+09 -1.0017035519e+07 1.9232783000e+06 4.3939582800e+02 0.0000000000e+00 -0.0000000000e+00
1.5345927673e+05 1.5119951316e-13 1.9561869515e-14 2.7080115481e+07 2.0978989663e+07 4.8874752994e-18 1.6716881221e-18 -4.6123574126e+03 -9.4824037237e+02 -4.6638858322e+09 -1.0017035519e+07 1.9232783001e+06 4.1175068052e+02 0.0000000000e+00 -0.0000000000e+00
1.5387102741e+05 1.5324525052e-13 2.0276464383e-14 2.5157566690e+07 2.0570089734e+07 5.0516135733e-18 1.8023341318e-18 -4.7276790329e+03 -1.0400307218e+03 -4.6638854771e+09 -1.0017035519e+07 1.9232783001e+06 3.8561823493e+02 0.0000000000e+00 -0.0000000000e+00
1.5425664565e+05 1.5522503104e-13 2.0997950408e-14 2.3312154828e+07 2.0150435221e+07 5.2187939119e-18 1.9428899422e-18 -4.8451379719e+03 -1.1387835805e+03 -4.6638850929e+09 -1.0017035519e+07 1.9232783001e+06 3.6097579803e+02 0.0000000000e+00 -0.0000000000e+00
1.5461762145e+05 1.5713914919e-13 2.1725944455e-14 2.1541917064e+07 1.9720632452e+07 5.3887688834e-18 2.0940980560e-18 -4.9645603872e+03 -1.2450206224e+03 -4.6638846784e+09 -1.0017035519e+07 1.9232783000e+06 3.3779074635e+02 0.0000000000e+00 -0.0000000000e+00
1.5495541219e+05 1.5898816691e-13 2.2460145986e-14 1.9844741099e+07 1.9281222344e+07 5.5612433566e-18 2.2567648519e-18 -5.0857389229e+03 -1.3593083995e+03 -4.6638842323e+09 -1.0017035519e+07 1.9232783000e+06 3.1602301058e+02 0.0000000000e+00 -0.0000000000e+00
1.5527143520e+05 1.6077288204e-13 2.3200343683e-14 1.8218396102e+07 1.8832674055e+07 5.7358657253e-18 2.4317676281e-18 -5.2084265449e+03 -1.4822632912e+03 -4.6638837537e+09 -1.0017035519e+07 1.9232783000e+06 2.9562717006e+02 0.0000000000e+00 -0.0000000000e+00
1.5556706237e+05 1.6249430021e-13 2.3946423427e-14 1.6660558787e+07 1.8375378183e+07 5.9122174841e-18 2.6200628034e-18 -5.3323292159e+03 -1.6145572661e+03 -4.6638832415e+09 -1.0017035519e+07 1.9232783000e+06 2.7655423040e+02 0.0000000000e+00 -0.0000000000e+00
1.5584361660e+05 1.6415360995e-13 2.4698378014e-14 1.5168835104e+07 1.7909639119e+07 6.0898007251e-18 2.8226955420e-18 -5.4570971118e+03 -1.7569246443e+03 -4.6638826950e+09 -1.0017035519e+07 1.9232783000e+06 2.5875314232e+02 0.0000000000e+00 -0.0000000000e+00
1.5610236975e+05 1.6575216094e-13 2.5456319168e-14 1.3740777932e+07 1.7435666147e+07 6.2680229964e-18 3.0408111527e-18 -5.5823139829e+03 -1.9101701063e+03 -4.6638821138e+09 -1.0017035519e+07 1.9232783000e+06 2.4217212006e+02 0.0000000000e+00 -0.0000000000e+00
1.5634454187e+05 1.6729144545e-13 2.6220492570e-14 1.2373901017e+07 1.6953562715e+07 6.4461787743e-18 3.2756687263e-18 -5.7074841365e+03 -2.0751782745e+03 -4.6638814977e+09 -1.0017035519e+07 1.9232783000e+06 2.2675981133e+02 0.0000000000e+00 -0.0000000000e+00
1.5657130168e+05 1.6877308282e-13 2.6991296906e-14 1.1065689313e+07 1.6463313153e+07 6.6234265375e-18 3.5286576333e-18 -5.8320163296e+03 -2.2529253043e+03 -4.6638808473e+09 -1.0017035519e+07 1.9232783000e+06 2.1246637421e+02 0.0000000000e+00 -0.0000000000e+00
1.5678376805e+05 1.7019880742e-13 2.7769308298e-14 9.8136057207e+06 1.5964765851e+07 6.7987600505e-18 3.8013177295e-18 -5.9552035931e+03 -2.4444930801e+03 -4.6638801635e+09 -1.0017035519e+07 1.9232783000e+06 1.9924452028e+02 0.0000000000e+00 -0.0000000000e+00
1.5698301257e+05 1.7157046003e-13 2.8555312060e-14 8.6150940972e+06 1.5457611522e+07 6.9709719017e-18 4.0953644360e-18 -6.0761976137e+03 -2.6510868366e+03 -4.6638794484e+09 -1.0017035519e+07 1.9232783000e+06 1.8705059532e+02 0.0000000000e+00 -0.0000000000e+00
1.5717006317e+05 1.7288998329e-13 2.9350344535e-14 7.4675781673e+06 1.4941354629e+07 7.1386064980e-18 4.4127203292e-18 -6.1939757089e+03 -2.8740573536e+03 -4.6638787053e+09 -1.0017035519e+07 1.9232783000e+06 1.7584579076e+02 0.0000000000e+00 -0.0000000000e+00
1.5734590896e+05 1.7415942188e-13 3.0155749038e-14 6.3684557206e+06 1.4415275182e+07 7.2998984226e-18 4.7555555665e-18 -6.3072975176e+03 -3.1149293580e+03 -4.6638779390e+09 -1.0017035519e+07 1.9232783000e+06 1.6559760840e+02 0.0000000000e+00 -0.0000000000e+00
1.5751150657e+05 1.7538092825e-13 3.0973251842e-14 5.3150871139e+06 1.3878376775e+07 7.4526900183e-18 5.1263404906e-18 -6.4146470952e+03 -3.3754384835e+03 -4.6638771566e+09 -1.0017035519e+07 1.9232783000e+06 1.5628176359e+02 0.0000000000e+00 -0.0000000000e+00
1.5766778833e+05 1.7655677546e-13 3.1805067218e-14 4.3047765860e+06 1.3329314646e+07 7.5943187530e-18 5.5279152952e-18 -6.5141537780e+03 -3.6575802168e+03 -4.6638763683e+09 -1.0017035519e+07 1.9232783000e+06 1.4788478672e+02 0.0000000000e+00 -0.0000000000e+00
1.5781567312e+05 1.7768937879e-13 3.2654045328e-14 3.3347443205e+06 1.2766294213e+07 7.7214594079e-18 5.9635838889e-18 -6.6034813063e+03 -3.9636758452e+03 -4.6638755883e+09 -1.0017035519e+07 1.9232783000e+06 1.4040771252e+02 0.0000000000e+00 -0.0000000000e+00
1.5795608083e+05 1.7878132813e-13 3.3523884474e-14 2.4020866114e+06 1.2186925240e+07 7.8298966677e-18 6.4372423075e-18 -6.6796680493e+03 -4.2964626777e+03 -4.6638748364e+09 -1.0017035519e+07 1.9232783000e+06 1.3083756280e+02 0.0000000000e+00 -0.0000000000e+00
1.5806551547e+05 1.7964219847e-13 3.4250739154e-14 1.6682832814e+06 1.1701007253e+07 7.9006446326e-18 6.8541003657e-18 -6.7293747371e+03 -4.5893422452e+03 -4.6638745810e+09 -1.0017035519e+07 1.9232783000e+06 1.1211059501e+02 0.0000000000e+00 -0.0000000000e+00
1.5815822093e+05 1.8037687690e-13 3.4903977247e-14 1.0428558138e+06 1.1263026137e+07 7.9465518612e-18 7.2447631383e-18 -6.7616286158e+03 -4.8638173131e+03 -4.6638744589e+09 -1.0017035519e+07 1.9232783000e+06 9.5744869805e+01 2.9902154213e-292 -2.1170304085e-284
1.5823270428e+05 1.8096974601e-13 3.5456154545e-14 5.3853619725e+05 1.0891926067e+07 7.9708054389e-18 7.5864375690e-18 -6.7786688942e+03 -5.1038737485e+03 -4.6638744162e+09 -1.0017035519e+07 1.9232783000e+06 7.9722196570e+01 7.0832249285e-268 -5.1087640221e-260
1.5825817625e+05 1.8117284720e-13 3.5650955221e-14 3.6582161566e+05 1.0760824896e+07 7.9759349007e-18 7.7093956317e-18 -6.7822727937e+03 -5.1902626367e+03 -4.6638744160e+09 -1.0017035519e+07 1.9232783000e+06 7.1599082102e+01 1.4038340084e-259 -1.0190881707e-251
1.5829404257e+05 1.8145899911e-13 3.5930647420e-14 1.2250710585e+05 1.0572431847e+07 7.9800067780e-18 7.8880753919e-18 -6.7851336468e+03 -5.3158009341e+03 -4.6638744148e+09 -1.0017035519e+07 1.9232783000e+06 5.6564001287e+01 6.1570595059e-248 -4.5110157620e-240
1.5835060657e+05 1.8191037445e-13 3.6385105490e-14 -2.6128314810e+05 1.0265933580e+07 7.9779589359e-18 8.1835938264e-18 -6.7836948570e+03 -5.5234287096e+03 -4.6638744045e+09 -1.0017035519e+07 1.9232783001e+06 6.4222924557e+01 1.0847727073e-229 -8.0661147745e-222
1.5841482949e+05 1.8242228531e-13 3.6922016751e-14 -6.9663078871e+05 9.9032376394e+06 7.9608706345e-18 8.5405404363e-18 -6.7716888175e+03 -5.7742151983e+03 -4.6638743871e+09 -1.0017035519e+07 1.9232783001e+06 7.5809280795e+01 3.4936867529e-209 -2.6427626522e-201
1.5849063877e+05 1.8302428120e-13 3.7586396396e-14 -1.2089253421e+06 9.4536055336e+06 7.9160781681e-18 8.9928496408e-18 -6.7402181576e+03 -6.0920023241e+03 -4.6638743560e+09 -1.0017035519e+07 1.9232783001e+06 8.2062173121e+01 2.4462675123e-185 -1.8891353952e-177
1.5857270095e+05 1.8367066584e-13 3.8345798039e-14 -1.7597757870e+06 8.9386269203e+06 7.8302387465e-18 9.5221069234e-18 -6.6799083898e+03 -6.4638522643e+03 -4.6638743207e+09 -1.0017035519e+07 1.9232783001e+06 8.6088450902e+01 4.2809927798e-160 -3.3824137548e-152
1.5865878940e+05 1.8433905230e-13 3.9191064038e-14 -2.3308293176e+06 8.3642320385e+06 7.6876315504e-18 1.0122826627e-17 -6.5797142516e+03 -6.8859108604e+03 -4.6638742622e+09 -1.0017035519e+07 1.9232783001e+06 8.9792340049e+01 1.9491772484e-134 -1.5779528845e-126
1.5874858174e+05 1.8502003558e-13 4.0129975136e-14 -2.9150981651e+06 7.7248812831e+06 7.4665936921e-18 1.0798172591e-17 -6.4244156528e+03 -7.3604009895e+03 -4.6638740569e+09 -1.0017035519e+07 1.9232783001e+06 9.5473224920e+01 7.7793521451e-109 -6.4602181227e-101
1.5884405496e+05 1.8571775454e-13 4.1197172574e-14 -3.5178200881e+06 6.9966834577e+06 7.1300566008e-18 1.1565421084e-17 -6.1879686517e+03 -7.8994607544e+03 -4.6638731893e+09 -1.0017035519e+07 1.9232783001e+06 1.0634123191e+02 2.7241123118e-83 -2.3234983002e-75
1.5895039619e+05 1.8644949661e-13 4.2474500960e-14 -4.1572539122e+06 6.1233091825e+06 6.6026275171e-18 1.2463217331e-17 -5.8174031826e+03 -8.5302418353e+03 -4.6638691112e+09 -1.0017035519e+07 1.9232783001e+06 9.6046814898e+01 1.8370781260e-57 -1.6122776422e-49
1.5903485567e+05 1.8698463784e-13 4.3557738421e-14 -4.6327712077e+06 5.3813497664e+06 6.0480555317e-18 1.3187277568e-17 -5.4277674300e+03 -9.0389580395e+03 -4.6638662433e+09 -1.0017035519e+07 1.9232783001e+06 8.4500348872e+01 2.0206558908e-39 -1.8108907074e-31
1.5911935602e+05 1.8746757003e-13 4.4702156627e-14 -5.0716552155e+06 4.5964147263e+06 5.3592345745e-18 1.3893889546e-17 -4.9438099293e+03 -9.5354153020e+03 -4.6638615793e+09 -1.0017035519e+07 1.9232783001e+06 7.7439630565e+01 4.9377849515e-24 -4.5080517058e-16
1.5919679565e+05 1.8785418096e-13 4.5801833634e-14 -5.4345441571e+06 3.8413167119e+06 4.6063797961e-18 1.4497469409e-17 -4.4148630190e+03 -9.9594834131e+03 -4.6638575363e+09 -1.0017035519e+07 1.9232783001e+06 7.2862614761e+01 1.1975952092e-12 -1.1089756213e-04
1.5925549663e+05 1.8810594535e-13 4.6665149371e-14 -5.6806084693e+06 3.2480433859e+06 3.9612791115e-18 1.4908553800e-17 -3.9616228556e+03 -1.0248306439e+04 -4.6638594706e+09 -1.0017035419e+07 1.9232785589e+06 6.3252323332e+01 5.9190443644e-06 -5.5279507399e+02
1.5926776887e+05 1.8815368795e-13 4.6848601133e-14 -5.7286143962e+06 3.1219291551e+06 3.8188881433e-18 1.4988050359e-17 -3.8615805020e+03 -1.0304159431e+04 -4.6638950362e+09 -1.0017034275e+07 1.9232815833e+06 3.5542904987e+01 8.8574080148e-05 -8.2846705503e+03
1.5928220464e+05 1.8820758909e-13 4.7065621249e-14 -5.7834968725e+06 2.9727197634e+06 3.6482833423e-18 1.5078366253e-17 -3.7417128376e+03 -1.0367606809e+04 -4.6646432415e+09 -1.0017010999e+07 1.9233453829e+06 2.1700840712e+01 1.6872556171e-03 -1.5807600013e+05
1.5929408870e+05 1.8825009867e-13 4.7245241676e-14 -5.8273685373e+06 2.8492099206e+06 3.5054066053e-18 1.5150005397e-17 -3.6413040705e+03 -1.0417868143e+04 -4.6717522944e+09 -1.0016796352e+07 1.9239530159e+06 1.4015500697e+01 1.5732717675e-02 -1.4758098394e+06
1.5930362586e+05 1.8828297731e-13 4.7389996364e-14 -5.8617072668e+06 2.7496669810e+06 3.3892219883e-18 1.5205654859e-17 -3.5595474862e+03 -1.0456598403e+04 -4.7083159635e+09 -1.0015719919e+07 1.9270843936e+06 1.0190198525e+01 8.3075142818e-02 -7.7999031524e+06
1.5931145238e+05 1.8830912676e-13 4.7509178294e-14 -5.8893003977e+06 2.6677094556e+06 3.2928994012e-18 1.5250060329e-17 -3.4914497712e+03 -1.0486539063e+04 -4.8329720035e+09 -1.0012127831e+07 1.9377782484e+06 8.0738340942e+00 2.9870636311e-01 -2.8062338849e+07
1.5931812045e+05 1.8833080851e-13 4.7610990247e-14 -5.9123850004e+06 2.5977069254e+06 3.2101611533e-18 1.5286974307e-17 -3.4322255075e+03 -1.0509153515e+04 -5.1614903061e+09 -1.0002834406e+07 1.9660056824e+06 6.7790649963e+00 8.3542436505e-01 -7.8505775496e+07
1.5932399530e+05 1.8834945238e-13 4.7700892776e-14 -5.9323914426e+06 2.5359200072e+06 3.1367669792e-18 1.5318783706e-17 -3.3782594044e+03 -1.0524080656e+04 -5.8944345217e+09 -9.9824325377e+06 2.0290907155e+06 5.9300792348e+00 1.9704008082e+00 -1.8512021785e+08
1.5932933016e+05 1.8836600792e-13 4.7782692042e-14 -5.9502773360e+06 2.4797571516e+06 3.0697257508e-18 1.5347081590e-17 -3.3264248365e+03 -1.0529088566e+04 -7.3601753193e+09 -9.9422089267e+06 2.1555184490e+06 5.3626436918e+00 4.1250712585e+00 -3.8716847102e+08
1.5933469281e+05 1.8838228825e-13 4.7865067970e-14 -5.9679653801e+06 2.4233134930e+06 3.0019685418e-18 1.5374956051e-17 -3.2692041406e+03 -1.0517960773e+04 -1.0376984343e+10 -9.8604790632e+06 2.4165709598e+06 5.0051678511e+00 8.3220297565e+00 -7.7912257747e+08
1.5933969797e+05 1.8839715467e-13 4.7942086220e-14 -5.9841782992e+06 2.3707483620e+06 2.9384057569e-18 1.5400451003e-17 -3.2075411754e+03 -1.0480697826e+04 -1.5769266782e+10 -9.7159408108e+06 2.8855618661e+06 4.9525058969e+00 1.5390096084e+01 -1.4338114560e+09
1.5934465048e+05 1.8841155078e-13 4.8018418482e-14 -5.9998866034e+06 2.3190203366e+06 2.8752150871e-18 1.5425179066e-17 -3.1332778557e+03 -1.0399647353e+04 -2.5308615024e+10 -9.4620772737e+06 3.7221668830e+06 6.3175457655e+00 2.7084206202e+01 -2.5004662797e+09
1.5934866263e+05 1.8842298353e-13 4.8080346227e-14 -6.0123127393e+06 2.2775098083e+06 2.8238134821e-18 1.5444847693e-17 -3.0583053977e+03 -1.0283596175e+04 -3.7747370608e+10 -9.1317817649e+06 4.8260629374e+06 4.2209892295e+00 4.1287892793e+01 -3.7652154926e+09
1.5935209441e+05 1.8843259857e-13 4.8133377949e-14 -6.0226774697e+06 2.2424605554e+06 2.7797039073e-18 1.5461413481e-17 -2.9795880771e+03 -1.0133790890e+04 -5.2981352230e+10 -8.7261069212e+06 6.1983387494e+06 3.4750829449e+00 5.7475207147e+01 -5.1603175062e+09
1.5935516879e+05 1.8844108357e-13 4.8180934847e-14 -6.0317111862e+06 2.2115759489e+06 2.7400794666e-18 1.5476054131e-17 -2.8946947230e+03 -9.9489720015e+03 -7.1058422355e+10 -8.2411505708e+06 7.8567332594e+06 3.0902504553e+00 7.5268002246e+01 -6.6290790605e+09
1.5935825904e+05 1.8844948943e-13 4.8228782227e-14 -6.0405042492e+06 2.1811911591e+06 2.7001510088e-18 1.5490582569e-17 -2.7932976461e+03 -9.7056753225e+03 -9.4007343015e+10 -7.6177281671e+06 1.0011518863e+07 2.8474045018e+00 9.5935590773e+01 -8.2357735573e+09
1.5936110645e+05 1.8845712537e-13 4.8272909044e-14 -6.0483061958e+06 2.1539423326e+06 2.6632754921e-18 1.5503805915e-17 -2.6841563464e+03 -9.4242120218e+03 -1.1958393328e+11 -6.9102477051e+06 1.2482926739e+07 2.6895098858e+00 1.1667463009e+02 -9.7180083189e+09
1.5936379596e+05 1.8846424136e-13 4.8314623321e-14 -6.0553704738e+06 2.1290133443e+06 2.6283733672e-18 1.5516155756e-17 -2.5667418361e+03 -9.1050274612e+03 -1.4747590767e+11 -6.1206598576e+06 1.5269748757e+07 2.6002141856e+00 1.3669945614e+02 -1.0991885889e+10
1.5936639617e+05 1.8847103175e-13 4.8354984035e-14 -6.0618829374e+06 2.1057929294e+06 2.5945671680e-18 1.5527970044e-17 -2.4404150610e+03 -8.7475401992e+03 -1.7741241438e+11 -5.2487728912e+06 1.8378945411e+07 2.5610760978e+00 1.5527336056e+02 -1.1986082556e+10
1.5936895725e+05 1.8847763394e-13 4.8394767124e-14 -6.0679616772e+06 2.0838879221e+06 2.5612124638e-18 1.5539490322e-17 -2.3049189879e+03 -8.3517622896e+03 -2.0902271907e+11 -4.2962505639e+06 2.1811856739e+07 2.5572070582e+00 1.7161621855e+02 -1.2638478608e+10
1.5937151445e+05 1.8848414085e-13 4.8434519408e-14 -6.0736730280e+06 2.0630764298e+06 2.5278545051e-18 1.5550883132e-17 -2.1606532287e+03 -7.9194264444e+03 -2.4176663356e+11 -3.2692053397e+06 2.5554749285e+07 2.5703167106e+00 1.8492725753e+02 -1.2903390718e+10
1.5937408477e+05 1.8849059509e-13 4.8474504707e-14 -6.0790330508e+06 2.0433114555e+06 2.4942747741e-18 1.5562229076e-17 -2.0092263518e+03 -7.4559581279e+03 -2.7483860713e+11 -2.1826150392e+06 2.9561987954e+07 2.5711922375e+00 1.9446221493e+02 -1.2763811315e+10
1.5937665596e+05 1.8849696511e-13 4.8514532673e-14 -6.0840003973e+06 2.0247581647e+06 2.4606360011e-18 1.5573479321e-17 -1.8543059584e+03 -6.9734504660e+03 -3.0706890513e+11 -1.0666824472e+06 3.3730489541e+07 2.5268298266e+00 1.9970776848e+02 -1.2248899997e+10
1.5937918279e+05 1.8850314091e-13 4.8553898077e-14 -6.0884928704e+06 2.0077460551e+06 2.4275344334e-18 1.5584444595e-17 -1.7016914696e+03 -6.4912574844e+03 -3.3705830738e+11 3.2858144958e+04 3.7894614504e+07 2.4307851670e+00 2.0066404218e+02 -1.1445900238e+10
1.5938161358e+05 1.8850900298e-13 4.8591793253e-14 -6.0924529100e+06 1.9925301126e+06 2.3956535300e-18 1.5594913880e-17 -1.5571037845e+03 -6.0290835785e+03 -3.6373499152e+11 1.0714607133e+06 4.1885615274e+07 2.3121326452e+00 1.9797158831e+02 -1.0478387471e+10
1.5938392571e+05 1.8851450696e-13 4.8627862210e-14 -6.0958978376e+06 1.9790904566e+06 2.3652970992e-18 1.5604805181e-17 -1.4235494265e+03 -5.5981790347e+03 -3.8679361582e+11 2.0253841513e+06 4.5607374745e+07 2.2012268043e+00 1.9260639218e+02 -9.4567597339e+09
1.5938612694e+05 1.8851968168e-13 4.8662222237e-14 -6.0988959197e+06 1.9672074816e+06 2.3363700501e-18 1.5614165741e-17 -1.3013566091e+03 -5.2009752388e+03 -4.0650543568e+11 2.8912707622e+06 4.9039508273e+07 2.1100537507e+00 1.8547131699e+02 -8.4521424746e+09
1.5938823699e+05 1.8852458228e-13 4.8695178390e-14 -6.1015229998e+06 1.9566214764e+06 2.3086183224e-18 1.5623090770e-17 -1.1896429892e+03 -4.8356417560e+03 -4.2333271722e+11 3.6751032136e+06 5.2198143152e+07 2.0387614635e+00 1.7724532679e+02 -7.5025347525e+09
1.5939027575e+05 1.8852926165e-13 4.8727038901e-14 -6.1038430854e+06 1.9471085927e+06 2.2817844125e-18 1.5631672975e-17 -1.0872769463e+03 -4.4992384443e+03 -4.3772630310e+11 4.3849624681e+06 5.5108824233e+07 1.9839786285e+00 1.6840794499e+02 -6.6259039761e+09
1.5939225973e+05 1.8853376274e-13 4.8758060061e-14 -6.1059059870e+06 1.9384929226e+06 2.2556540152e-18 1.5639988409e-17 -9.9321026756e+02 -4.1888802534e+03 -4.5007127099e+11 5.0284785048e+06 5.7796528626e+07 1.9421773805e+00 1.5929533499e+02 -5.8290396148e+09
1.5939420191e+05 1.8853811877e-13 4.8788443571e-14 -6.1077499466e+06 1.9306386894e+06 2.2300584381e-18 1.5648096550e-17 -9.0654413205e+02 -3.9020195942e+03 -4.6068579111e+11 5.6122838699e+06 6.0283266046e+07 1.9104713475e+00 1.5014396416e+02 -5.1124793562e+09
1.5939611238e+05 1.8854235517e-13 4.8818346407e-14 -6.1094046100e+06 1.9234402915e+06 2.2048664161e-18 1.5656043548e-17 -8.2651885415e+02 -3.6364586484e+03 -4.6983192450e+11 6.1420519768e+06 6.2587993556e+07 1.8866404480e+00 1.4112003194e+02 -4.4732561877e+09
1.5939799902e+05 1.8854649148e-13 4.8847891114e-14 -6.1108933497e+06 1.9168143033e+06 2.1799755160e-18 1.5663865393e-17 -7.5248917726e+02 -3.3902988398e+03 -4.7772673019e+11 6.6226557745e+06 6.4727063987e+07 1.8689959797e+00 1.3233920732e+02 -3.9064988597e+09
1.5939986802e+05 1.8855054279e-13 4.8877174038e-14 -6.1122349311e+06 1.9106936604e+06 2.1553052568e-18 1.5671590394e-17 -6.8390123144e+02 -3.1618856543e+03 -4.8455133660e+11 7.0583225265e+06 6.6714709774e+07 1.8562452356e+00 1.2388021800e+02 -3.4063990263e+09
1.5940172426e+05 1.8855452082e-13 4.8906271457e-14 -6.1134446889e+06 1.9050235293e+06 2.1307919758e-18 1.5679241011e-17 -6.2027416781e+02 -2.9497623635e+03 -4.9045796132e+11 7.4527592530e+06 6.8563447226e+07 1.8473861469e+00 1.1579448660e+02 -2.9668070536e+09
1.5940357165e+05 1.8855843467e-13 4.8935244087e-14 -6.1145353621e+06 1.8997583633e+06 2.1063850556e-18 1.5686835183e-17 -5.6118614435e+02 -2.7526338805e+03 -4.9557530515e+11 7.8092493251e+06 7.0284391726e+07 1.8416306371e+00 1.0811313961e+02 -2.5815992693e+09
1.5940541328e+05 1.8856229144e-13 4.8964140400e-14 -6.1155176938e+06 1.8948597815e+06 2.0820441454e-18 1.5694387313e-17 -5.0626371897e+02 -2.5693390655e+03 -5.0001273233e+11 8.1307260249e+06 7.1887498977e+07 1.8383502166e+00 1.0085220856e+02 -2.2448997031e+09
1.5940725163e+05 1.8856609663e-13 4.8992999097e-14 -6.1164008692e+06 1.8902950166e+06 2.0577370866e-18 1.5701908994e-17 -4.5517376321e+02 -2.3988294577e+03 -5.0386355536e+11 8.4198288937e+06 7.3381750122e+07 1.8370373082e+00 9.4016545967e+01 -1.9512072134e+09
1.5940908867e+05 1.8856985445e-13 4.9021850981e-14 -6.1171928411e+06 1.8860357617e+06 2.0334383412e-18 1.5709409554e-17 -4.0761721844e+02 -2.2401527723e+03 -5.0720765352e+11 8.6789474170e+06 7.4775295293e+07 1.8372771582e+00 8.7602803632e+01 -1.6954605931e+09
1.5941092594e+05 1.8857356811e-13 4.9050720401e-14 -6.1179005740e+06 1.8820573020e+06 2.0091277843e-18 1.5716896480e-17 -3.6332420972e+02 -2.0924399420e+03 -5.1011358808e+11 8.9102553454e+06 7.6075566271e+07 1.8387279052e+00 8.1601713716e+01 -1.4730631731e+09
1.5941276467e+05 1.8857723997e-13 4.9079626375e-14 -6.1185302308e+06 1.8783378512e+06 1.9847897553e-18 1.5724375743e-17 -3.2205014936e+02 -1.9548947405e+03 -5.1264033235e+11 9.1157381492e+06 7.7289366642e+07 1.8411054538e+00 7.5999839923e+01 -1.2798812473e+09
1.5941460578e+05 1.8858087174e-13 4.9108583493e-14 -6.1190873166e+06 1.8748580394e+06 1.9604123057e-18 1.5731852059e-17 -2.8357259176e+02 -1.8267853766e+03 -5.1483870040e+11 9.2972152595e+06 7.8422944793e+07 1.8441725969e+00 7.0780923942e+01 -1.1122261826e+09
1.5941644995e+05 1.8858446456e-13 4.9137602640e-14 -6.1195767914e+06 1.8716005116e+06 1.9359865880e-18 1.5739329097e-17 -2.4768864720e+02 -1.7074375433e+03 -5.1675253789e+11 9.4563584025e+06 7.9482054247e+07 1.8477306267e+00 6.5926917133e+01 -9.6682682063e+08
1.5941829768e+05 1.8858801913e-13 4.9166691593e-14 -6.1200031583e+06 1.8685496115e+06 1.9115063541e-18 1.5746809650e-17 -2.1421282979e+02 -1.5962285960e+03 -5.1841972135e+11 9.5947068937e+06 8.0472004164e+07 1.8516127220e+00 6.1418767548e+01 -8.4079673722e+08
1.5942014929e+05 1.8859153578e-13 4.9195855518e-14 -6.1203705342e+06 1.8656911298e+06 1.8869675387e-18 1.5754295776e-17 -1.8297524696e+02 -1.4925826174e+03 -5.1987300173e+11 9.7136805420e+06 8.1397702129e+07 1.8556791407e+00 5.7237015800e+01 -7.3159941418e+08
1.5942200497e+05 1.8859501456e-13 4.9225097390e-14 -6.1206827056e+06 1.8630121010e+06 1.8623679057e-18 1.5761788916e-17 -1.5382005306e+02 -1.3959661570e+03 -5.2114072027e+11 9.8145906821e+06 8.2263691074e+07 1.8598132168e+00 5.3362240073e+01 -6.3701330975e+08
1.5942386478e+05 1.8859845529e-13 4.9254418350e-14 -6.1209431744e+06 1.8605006396e+06 1.8377067468e-18 1.5769289994e-17 -1.2660412010e+02 -1.3058845262e+03 -5.2224741815e+11 9.8986496712e+06 8.3074181372e+07 1.8639181342e+00 4.9775383251e+01 -5.5509813736e+08
1.5942572870e+05 1.8860185758e-13 4.9283818015e-14 -6.1211551950e+06 1.8581458062e+06 1.8129846214e-18 1.5776799502e-17 -1.0119588588e+02 -1.2218785417e+03 -5.2321435759e+11 9.9669791289e+06 8.3833079022e+07 1.8679143605e+00 4.6457987567e+01 -4.8416313157e+08
1.5942759662e+05 1.8860522094e-13 4.9313294748e-14 -6.1213218039e+06 1.8559374971e+06 1.7882031303e-18 1.5784317577e-17 -7.7474348375e+01 -1.1435216373e+03 -5.2405996833e+11 1.0020617133e+07 8.4544010653e+07 1.8717376497e+00 4.3392356715e+01 -4.2273772770e+08
1.5942946835e+05 1.8860854474e-13 4.9342845895e-14 -6.1214458453e+06 1.8538663532e+06 1.7633647156e-18 1.5791844064e-17 -5.5328181958e+01 -1.0704172768e+03 -5.2480023115e+11 1.0060524535e+07 8.5210345896e+07 1.8753373105e+00 4.0561661239e+01 -3.6954484344e+08
1.5943134369e+05 1.8861182830e-13 4.9372467995e-14 -6.1215299911e+06 1.8519236837e+06 1.7384724824e-18 1.5799378572e-17 -3.4654958884e+01 -1.0021966302e+03 -5.2544900792e+11 1.0087590514e+07 8.5835217478e+07 1.7696160666e+00 3.7950000079e+01 -3.2347679720e+08
1.5943279262e+05 1.8861433329e-13 4.9395364418e-14 -6.1215692372e+06 1.8505077606e+06 1.7192360973e-18 1.5805195820e-17 -1.9654238696e+01 -9.5269039022e+02 -5.2589461913e+11 1.0100216944e+07 8.6290761123e+07 1.5129706602e+00 3.6075546797e+01 -2.9219718818e+08
1.5943392507e+05 1.8861627172e-13 4.9413265517e-14 -6.1215851268e+06 1.8494499121e+06 1.7041990486e-18 1.5809740101e-17 -8.4876914237e+00 -9.1582404067e+02 -5.2621280803e+11 1.0105331341e+07 8.6631263538e+07 1.2596692056e+00 3.4692419894e+01 -2.7007489138e+08
1.5943486667e+05 1.8861787050e-13 4.9428153707e-14 -6.1215888906e+06 1.8486015400e+06 1.6916945739e-18 1.5813517073e-17 4.4039992328e-01 -8.8633235945e+02 -5.2645901940e+11 1.0106543395e+07 8.6904498906e+07 8.4778826849e-01 3.3594542602e+01 -2.5309543802e+08
1.5943571445e+05 1.8861929993e-13 4.9441561662e-14 -6.1215852054e+06 1.8478610633e+06 1.6804346793e-18 1.5816916660e-17 8.2117291634e+00 -8.6064532392e+02 -5.2666747584e+11 1.0105355602e+07 8.7143141041e+07 1.2105804065e+00 3.2644987017e+01 -2.3882479140e+08
1.5943692504e+05 1.8862132450e-13 4.9460712249e-14 -6.1215687545e+06 1.8468407169e+06 1.6643543962e-18 1.5821769309e-17 1.8885164006e+01 -8.2533135106e+02 -5.2694501649e+11 1.0100048348e+07 8.7472289829e+07 1.3837503727e+00 3.1350524251e+01 -2.1999141874e+08
1.5943830879e+05 1.8862361483e-13 4.9482609465e-14 -6.1215345159e+06 1.8457255193e+06 1.6459710821e-18 1.5827313771e-17 3.0499654518e+01 -7.8684132335e+02 -5.2723570410e+11 1.0088986366e+07 8.7832566594e+07 1.4887304695e+00 2.9955412055e+01 -2.0049678058e+08
1.5943979752e+05 1.8862605051e-13 4.9506176508e-14 -6.1214802207e+06 1.8445836407e+06 1.6261898188e-18 1.5833276254e-17 4.2329793081e+01 -7.4754287668e+02 -5.2751993310e+11 1.0071408839e+07 8.8202211339e+07 1.5603161178e+00 2.8549809015e+01 -1.8169935740e+08
1.5944135783e+05 1.8862857171e-13 4.9530886297e-14 -6.1214049577e+06 1.8434479316e+06 1.6054537918e-18 1.5839522731e-17 5.4024577130e+01 -7.0856487191e+02 -5.2778948360e+11 1.0046978951e+07 8.8570828336e+07 1.6129108935e+00 2.7176658317e+01 -1.6415468685e+08
1.5944297074e+05 1.8863114387e-13 4.9556439242e-14 -6.1213085563e+06 1.8423360696e+06 1.5840150136e-18 1.5845977057e-17 6.5393710289e+01 -6.7050317614e+02 -5.2804101813e+11 1.0015584199e+07 8.8932897985e+07 1.6537200167e+00 2.5858469159e+01 -1.4807383055e+08
1.5944462446e+05 1.8863374521e-13 4.9582649521e-14 -6.1211912736e+06 1.8412579885e+06 1.5620298739e-18 1.5852592053e-17 7.6328521419e+01 -6.3368183284e+02 -5.2827358997e+11 9.9772348392e+06 8.9285384159e+07 1.6867954904e+00 2.4607305596e+01 -1.3350027243e+08
1.5944631126e+05 1.8863636112e-13 4.9609395291e-14 -6.1210536210e+06 1.8402192560e+06 1.5396009904e-18 1.5859336827e-17 8.6765892695e+01 -5.9827215980e+02 -5.2848748861e+11 9.9320072028e+06 8.9626646173e+07 1.7146183766e+00 2.3429365865e+01 -1.2039214036e+08
1.5944802588e+05 1.8863898140e-13 4.9636593877e-14 -6.1208962608e+06 1.8392228145e+06 1.5167980557e-18 1.5866190460e-17 9.6669617920e+01 -5.6435425769e+02 -5.2868364569e+11 9.8800097407e+06 8.9955878239e+07 1.7388185131e+00 2.2327352532e+01 -1.0866448301e+08
1.5944976470e+05 1.8864159873e-13 4.9664188344e-14 -6.1207199418e+06 1.8382699571e+06 1.4936691313e-18 1.5873138580e-17 1.0601992240e+02 -5.3195155102e+02 -5.2886330967e+11 9.8213613923e+06 9.0272795417e+07 1.7605386657e+00 2.1301800733e+01 -9.8212311812e+07
1.5945152523e+05 1.8864420777e-13 4.9692139809e-14 -6.1205254562e+06 1.8373609081e+06 1.4702471092e-18 1.5880171400e-17 1.1480720112e+02 -5.0105139578e+02 -5.2902786114e+11 9.7561769459e+06 9.0577446738e+07 1.7806345022e+00 2.0351864306e+01 -8.8923554010e+07
1.5945330587e+05 1.8864680465e-13 4.9720422922e-14 -6.1203136099e+06 1.8364951859e+06 1.4465535188e-18 1.5887282564e-17 1.2302810039e+02 -4.7161795524e+02 -5.2917870649e+11 9.6845564678e+06 9.0870098855e+07 1.7997932847e+00 1.9475798962e+01 -8.0686397766e+07
1.5945510566e+05 1.8864938660e-13 4.9749023213e-14 -6.1200851994e+06 1.8356718360e+06 1.4226007579e-18 1.5894468468e-17 1.3068298018e+02 -4.4360052969e+02 -5.2931721705e+11 9.6065770580e+06 9.1151161186e+07 1.8186095562e+00 1.8671266290e+01 -7.3393389157e+07
1.5945692427e+05 1.8865195174e-13 4.9777935647e-14 -6.1198409936e+06 1.8348895857e+06 1.3983933195e-18 1.5901727880e-17 1.3777422639e+02 -4.1693909453e+02 -5.2944469552e+11 9.5222858281e+06 9.1421136599e+07 1.8376381010e+00 1.7935527328e+01 -6.6943598559e+07
1.5945876191e+05 1.8865449900e-13 4.9807164006e-14 -6.1195817177e+06 1.8341469472e+06 1.3739283139e-18 1.5909061788e-17 1.4430510698e+02 -3.9156805157e+02 -5.2956235915e+11 9.4316933002e+06 9.1680588559e+07 1.8574357913e+00 1.7265565668e+01 -6.1243620532e+07
1.5946061935e+05 1.8865702802e-13 4.9836720951e-14 -6.1193080361e+06 1.8334422873e+06 1.3491954357e-18 1.5916473395e-17 1.5027898640e+02 -3.6741878795e+02 -5.2967133333e+11 9.3347665264e+06 9.1930119416e+07 1.8785987955e+00 1.6658164434e+01 -5.6207864607e+07
1.5946249794e+05 1.8865953911e-13 4.9866628658e-14 -6.1190205349e+06 1.8327738733e+06 1.3241764335e-18 1.5923968281e-17 1.5569877596e+02 -3.4442141433e+02 -5.2977265176e+11 9.2314212565e+06 9.2170356550e+07 1.9018011754e+00 1.6109952786e+01 -5.1758419891e+07
1.5946439975e+05 1.8866203335e-13 4.9896920094e-14 -6.1187197007e+06 1.8321399024e+06 1.2988440665e-18 1.5931554710e-17 1.6056653578e+02 -3.2250590433e+02 -5.2986726087e+11 9.1215123195e+06 9.2401944542e+07 1.9074830831e+00 1.5617432134e+01 -4.7824668080e+07
1.5946630723e+05 1.8866448663e-13 4.9927316522e-14 -6.1184092508e+06 1.8315446589e+06 1.2734316860e-18 1.5939162930e-17 1.6484076802e+02 -3.0181688522e+02 -5.2995512402e+11 9.0060805570e+06 9.2623237494e+07 1.9108833501e+00 1.5181348702e+01 -4.4377115747e+07
1.5946821811e+05 1.8866689569e-13 4.9957781684e-14 -6.1180906421e+06 1.8309867497e+06 1.2479697333e-18 1.5946783985e-17 1.6852904322e+02 -2.8230784082e+02 -5.3003697166e+11 8.8853721147e+06 9.2834577309e+07 1.9149846767e+00 1.4797488520e+01 -4.1354168507e+07
1.5947013310e+05 1.8866926109e-13 4.9988326843e-14 -6.1177648357e+06 1.8304639323e+06 1.2224489179e-18 1.5954420807e-17 1.7164633366e+02 -2.6390607596e+02 -5.3011356463e+11 8.7594587738e+06 9.3036599411e+07 1.9197014961e+00 1.4460947876e+01 -3.8696525516e+07
1.5947205280e+05 1.8867158327e-13 5.0018961917e-14 -6.1174327789e+06 1.8299741420e+06 1.1968610851e-18 1.5962075977e-17 1.7420745700e+02 -2.4654810569e+02 -5.3018555323e+11 8.6284177847e+06 9.3229858839e+07 1.9248994793e+00 1.4166948393e+01 -3.6352639180e+07
1.5947397770e+05 1.8867386241e-13 5.0049694696e-14 -6.1170954162e+06 1.8295154781e+06 1.1711998675e-18 1.5969751534e-17 1.7622779172e+02 -2.3017903845e+02 -5.3025349057e+11 8.4923418386e+06 9.3414834337e+07 1.9303269482e+00 1.3910831385e+01 -3.4277684687e+07
1.5947590802e+05 1.8867609837e-13 5.0080528967e-14 -6.1167537113e+06 1.8290862019e+06 1.1454622518e-18 1.5977448503e-17 1.7772396550e+02 -2.1475235644e+02 -5.3031784207e+11 8.3513542745e+06 9.3591927431e+07 1.9355895516e+00 1.3688071590e+01 -3.2432763146e+07
1.5947784361e+05 1.8867829053e-13 5.0111462218e-14 -6.1164086716e+06 1.8286847337e+06 1.1196504839e-18 1.5985166328e-17 1.7871461469e+02 -2.0022955918e+02 -5.3037899325e+11 8.2056269146e+06 9.3761462060e+07 1.9401342325e+00 1.3494300544e+01 -3.0784236922e+07
1.5947978375e+05 1.8868043771e-13 5.0142483091e-14 -6.1160613733e+06 1.8283096464e+06 1.0937741902e-18 1.5992902243e-17 1.7922119338e+02 -1.8657956892e+02 -5.3043725662e+11 8.0553996079e+06 9.3923685860e+07 1.9432545001e+00 1.3325339643e+01 -2.9303174498e+07
1.5948172700e+05 1.8868253800e-13 5.0173568899e-14 -6.1157129826e+06 1.8279596513e+06 1.0678524299e-18 1.6000650655e-17 1.7926877479e+02 -1.7377776802e+02 -5.3049287825e+11 7.9009992974e+06 9.4078774685e+07 1.9441312703e+00 1.3177242273e+01 -2.7964878954e+07
1.5948367113e+05 1.8868458884e-13 5.0204683800e-14 -6.1153647649e+06 1.8276335756e+06 1.0419152033e-18 1.6008402699e-17 1.7888673531e+02 -1.6180454006e+02 -5.3054604503e+11 7.7428548442e+06 9.4226842328e+07 1.9419214250e+00 1.3046343087e+01 -2.6748470783e+07
1.5948561306e+05 1.8868658699e-13 5.0235778378e-14 -6.1150180747e+06 1.8273303275e+06 1.0160037795e-18 1.6016146138e-17 1.7810915441e+02 -1.5064324269e+02 -5.3059689350e+11 7.5815023835e+06 9.4367957175e+07 1.9358911350e+00 1.2929310510e+01 -2.5636493667e+07
1.5948754895e+05 1.8868852886e-13 5.0266791366e-14 -6.1146743178e+06 1.8270488519e+06 9.9016924442e-19 1.6023865801e-17 1.7697473331e+02 -1.4027769663e+02 -5.3064552093e+11 7.4175759608e+06 9.4502166144e+07 1.9255690750e+00 1.2823196282e+01 -2.4614516694e+07
1.5948947452e+05 1.8869041076e-13 5.0297653819e-14 -6.1143348871e+06 1.8267880819e+06 9.6446900176e-19 1.6031544626e-17 1.7552607550e+02 -1.3068949239e+02 -5.3069199848e+11 7.2517805202e+06 9.4629523822e+07 1.9108717539e+00 1.2725473940e+01 -2.3670718493e+07
1.5949138539e+05 1.8869222936e-13 5.0328295326e-14 -6.1140010789e+06 1.8265468969e+06 9.3896159723e-19 1.6039165207e-17 1.7380830680e+02 -1.2185561506e+02 -5.3073638492e+11 7.0848492665e+06 9.4750121889e+07 1.8921494036e+00 1.2634058099e+01 -2.2795457958e+07
1.5949327754e+05 1.8869398212e-13 5.0358650962e-14 -6.1136740091e+06 1.8263240971e+06 9.1370092614e-19 1.6046711524e-17 1.7186721225e+02 -1.1374692919e+02 -5.3077873903e+11 6.9174932350e+06 9.4864112325e+07 1.8701289296e+00 1.2547299223e+01 -2.1980854846e+07
1.5949514767e+05 1.8869566751e-13 5.0388667356e-14 -6.1133545489e+06 1.8261184030e+06 8.8873119832e-19 1.6054170445e-17 1.6974723392e+02 -1.0632786314e+02 -5.3081912849e+11 6.7503542047e+06 9.4971719063e+07 1.8457746457e+00 1.2463953583e+01 -2.1220411057e+07
1.5949699344e+05 1.8869728516e-13 5.0418306531e-14 -6.1130432943e+06 1.8259284764e+06 8.6408375973e-19 1.6061532676e-17 1.6748971344e+02 -9.9557267524e+01 -5.3085763412e+11 6.5839707774e+06 9.5073236364e+07 1.8201205127e+00 1.2383133553e+01 -2.0508696566e+07
1.5949881356e+05 1.8869883578e-13 5.0447547064e-14 -6.1127405710e+06 1.8257529573e+06 8.3977615331e-19 1.6068793036e-17 1.6513165298e+02 -9.3390086558e+01 -5.3089434995e+11 6.4187622379e+06 9.5169016274e+07 1.7941275541e+00 1.2304246700e+01 -1.9841107558e+07
1.5950060769e+05 1.8870032095e-13 5.0476382948e-14 -6.1124464672e+06 1.8255905043e+06 8.1581308459e-19 1.6075950174e-17 1.6270508395e+02 -8.7779339696e+01 -5.3092938021e+11 6.2550289548e+06 9.5259450054e+07 1.7685959509e+00 1.2226932509e+01 -1.9213689132e+07
1.5950237628e+05 1.8870174290e-13 5.0504821048e-14 -6.1121608807e+06 1.8254398303e+06 7.9218856330e-19 1.6083005928e-17 1.6023697070e+02 -8.2677977983e+01 -5.3096283517e+11 6.0929643510e+06 9.5344948588e+07 1.7441323754e+00 1.2151003540e+01 -1.8623007120e+07
1.5950412042e+05 1.8870310426e-13 5.0532878008e-14 -6.1118835691e+06 1.8252997282e+06 7.6888848338e-19 1.6089964549e-17 1.5774949372e+02 -7.8040359564e+01 -5.3099482686e+11 5.9326727193e+06 9.5425925231e+07 1.7211575831e+00 1.2076394933e+01 -1.8066053667e+07
1.5950584157e+05 1.8870440785e-13 5.0560577282e-14 -6.1116141956e+06 1.8251690872e+06 7.4589310374e-19 1.6096831969e-17 1.5526054805e+02 -7.3823264561e+01 -5.3102546552e+11 5.7741882740e+06 9.5502782771e+07 1.6999349612e+00 1.2003123619e+01 -1.7540174871e+07
1.5950754151e+05 1.8870565652e-13 5.0587946615e-14 -6.1113523659e+06 1.8250468983e+06 7.2317914927e-19 1.6103615169e-17 1.5278432709e+02 -6.9986488595e+01 -5.3105485703e+11 5.6174926597e+06 9.5575904634e+07 1.6806055788e+00 1.1931256900e+01 -1.7043013265e+07
1.5950754151e+05 1.8870565652e-13 5.0587946615e-14 -6.1113523659e+06 1.8250468983e+06 7.2317914927e-19 1.6103615169e-17 1.5278432709e+02 -6.9986488595e+01 -5.3105485703e+11 5.6174926597e+06 9.5575904634e+07 1.6806055788e+00 1.1931256900e+01 -1.7043013265e+07
