0.0000000000e+00 0.0000000000e+00 0.0000000000e+00 3.1415900000e+08 0.0000000000e+00 0.0000000000e+00 0.0000000000e+00 -1.1875438690e+03 1.7245161290e+02 -4.6638893062e+09 -1.0094122887e+07 1.4658387096e+06 1.0000000000e+01 0.0000000000e+00 -0.0000000000e+00
1.0000000000e+01 2.8740019955e-22 5.2589282581e-28 3.1414712436e+08 1.7245161286e+03 5.7480764207e-23 1.5777082977e-28 -1.1875842543e+03 1.7245161279e+02 -4.6638893062e+09 -1.0094122887e+07 1.4658387096e+06 5.0000000000e+01 0.0000000000e+00 -0.0000000000e+00
6.0000000000e+01 1.0347711157e-20 1.1362506492e-25 3.1408774010e+08 1.0347096694e+04 3.4494978946e-22 5.6818977145e-27 -1.1877862267e+03 1.7245160891e+02 -4.6638893062e+09 -1.0094122887e+07 1.4658387096e+06 2.5000000000e+02 0.0000000000e+00 -0.0000000000e+00
3.1000000000e+02 2.7640063592e-19 1.5693567667e-23 3.1379066720e+08 5.3459988973e+04 1.7839274882e-21 1.5196236397e-25 -1.1887972355e+03 1.7245150613e+02 -4.6638893062e+09 -1.0094122887e+07 1.4658387096e+06 1.2500000000e+03 0.0000000000e+00 -0.0000000000e+00
1.5600000000e+03 7.0216481371e-18 2.0142036706e-21 3.1230149824e+08 2.6902310097e+05 9.0199412146e-21 3.8849831374e-24 -1.1938811736e+03 1.7244888336e+02 -4.6638893062e+09 -1.0094122887e+07 1.4658387096e+06 3.6000000000e+03 0.0000000000e+00 -0.0000000000e+00
5.1600000000e+03 7.7534308052e-17 7.4421823380e-20 3.0797679894e+08 8.8979803467e+05 3.0252410905e-20 4.3702123521e-23 -1.2087988570e+03 1.7242090830e+02 -4.6638893061e+09 -1.0094122887e+07 1.4658387096e+06 3.6000000000e+03 0.0000000000e+00 -0.0000000000e+00
8.7600000000e+03 2.2556885594e-16 3.7192956849e-19 3.0359763368e+08 1.5104148157e+06 5.2093176686e-20 1.2958240049e-22 -1.2241439221e+03 1.7236056983e+02 -4.6638893060e+09 -1.0094122887e+07 1.4658387096e+06 3.6000000000e+03 0.0000000000e+00 -0.0000000000e+00
1.2360000000e+04 4.5337637767e-16 1.0675368162e-18 2.9916242087e+08 2.1307518966e+06 7.4576705013e-20 2.6557888200e-22 -1.2399405846e+03 1.7226502030e+02 -4.6638893059e+09 -1.0094122887e+07 1.4658387096e+06 3.6000000000e+03 0.0000000000e+00 -0.0000000000e+00
1.5960000000e+04 7.6333713270e-16 2.3496062306e-18 2.9466948816e+08 2.7506769362e+06 9.7740342833e-20 4.5618271308e-22 -1.2562150840e+03 1.7213110429e+02 -4.6638893057e+09 -1.0094122887e+07 1.4658387096e+06 3.6000000000e+03 0.0000000000e+00 -0.0000000000e+00
1.9560000000e+04 1.1579714916e-15 4.4235436574e-18 2.9011706478e+08 3.3700456186e+06 1.2162464000e-19 7.0638168682e-22 -1.2729959102e+03 1.7195531744e+02 -4.6638893055e+09 -1.0094122887e+07 1.4658387096e+06 3.6000000000e+03 0.0000000000e+00 -0.0000000000e+00
2.3160000000e+04 1.6399521141e-15 7.5137054917e-18 2.8550327293e+08 3.9887003137e+06 1.4627371740e-19 1.0217283236e-21 -1.2903140620e+03 1.7173375860e+02 -4.6638893053e+09 -1.0094122887e+07 1.4658387096e+06 3.6000000000e+03 0.0000000000e+00 -0.0000000000e+00
2.6760000000e+04 2.2121175467e-15 1.1865570945e-17 2.8082611830e+08 4.6064685507e+06 1.7173568863e-19 1.4084192960e-21 -1.3082033434e+03 1.7146207407e+02 -4.6638893051e+09 -1.0094122887e+07 1.4658387096e+06 3.6000000000e+03 0.0000000000e+00 -0.0000000000e+00
3.0360000000e+04 2.8774874488e-15 1.7748223970e-17 2.7608347931e+08 5.2231612743e+06 1.9806314487e-19 1.8733884522e-21 -1.3267007044e+03 1.7113539221e+02 -4.6638893048e+09 -1.0094122887e+07 1.4658387096e+06 3.6000000000e+03 0.0000000000e+00 -0.0000000000e+00
3.3960000000e+04 3.6392796939e-15 2.5457198626e-17 2.7127309511e+08 5.8385708458e+06 2.2531371438e-19 2.4244162161e-21 -1.3458466340e+03 1.7074824659e+02 -4.6638893045e+09 -1.0094122887e+07 1.4658387096e+06 3.6000000000e+03 0.0000000000e+00 -0.0000000000e+00
3.7560000000e+04 4.5009296419e-15 3.5317752810e-17 2.6639255207e+08 6.4524687429e+06 2.5355071078e-19 3.0702588065e-21 -1.3656856154e+03 1.7029448518e+02 -4.6638893042e+09 -1.0094122887e+07 1.4658387096e+06 3.6000000000e+03 0.0000000000e+00 -0.0000000000e+00
4.1160000000e+04 5.4661119293e-15 4.7688649134e-17 2.6143926842e+08 7.0646029031e+06 2.8284388743e-19 3.8208015688e-21 -1.3862666567e+03 1.6976716267e+02 -4.6638893037e+09 -1.0094122887e+07 1.4658387096e+06 3.6000000000e+03 0.0000000000e+00 -0.0000000000e+00
4.4760000000e+04 6.5387651967e-15 6.2966539107e-17 2.5641047692e+08 7.6746946438e+06 3.1327031900e-19 4.6872418073e-21 -1.4076439096e+03 1.6915841195e+02 -4.6638893032e+09 -1.0094122887e+07 1.4658387096e+06 3.6000000000e+03 0.0000000000e+00 -0.0000000000e+00
4.8360000000e+04 7.7231202591e-15 8.1591068548e-17 2.5130320506e+08 8.2824350750e+06 3.4491543674e-19 5.6823079208e-21 -1.4298773970e+03 1.6845929021e+02 -4.6638893025e+09 -1.0094122887e+07 1.4658387096e+06 3.6000000000e+03 0.0000000000e+00 -0.0000000000e+00
5.1960000000e+04 9.0237323269e-15 1.0405084990e-16 2.4611425240e+08 8.8874809033e+06 3.7787425037e-19 6.8205234952e-21 -1.4530338717e+03 1.6765959333e+02 -4.6638893018e+09 -1.0094122887e+07 1.4658387096e+06 3.6000000000e+03 0.0000000000e+00 -0.0000000000e+00
5.5560000000e+04 1.0445518023e-14 1.3089048238e-16 2.4084016456e+08 9.4894494997e+06 4.1225279779e-19 8.1185274429e-21 -1.4771878347e+03 1.6674763103e+02 -4.6638893008e+09 -1.0094122887e+07 1.4658387096e+06 3.6000000000e+03 0.0000000000e+00 -0.0000000000e+00
5.9160000000e+04 1.1993798103e-14 1.6271884647e-16 2.3547720327e+08 1.0087913072e+07 4.4816987521e-19 9.5954645085e-21 -1.5024227507e+03 1.6570995242e+02 -4.6638892997e+09 -1.0094122887e+07 1.4658387096e+06 3.6000000000e+03 0.0000000000e+00 -0.0000000000e+00
6.2760000000e+04 1.3674347012e-14 2.0021895800e-16 2.3002131145e+08 1.0682391741e+07 4.8575911425e-19 1.1273464795e-20 -1.5288325079e+03 1.6453100916e+02 -4.6638892983e+09 -1.0094122887e+07 1.4658387096e+06 3.6000000000e+03 0.0000000000e+00 -0.0000000000e+00
6.6360000000e+04 1.5493450662e-14 2.4415974455e-16 2.2446807269e+08 1.1272345268e+07 5.2517149231e-19 1.3178236829e-20 -1.5565231810e+03 1.6319273874e+02 -4.6638892965e+09 -1.0094122887e+07 1.4658387096e+06 3.6000000000e+03 0.0000000000e+00 -0.0000000000e+00
6.9960000000e+04 1.7457974195e-14 2.9541020853e-16 2.1881266364e+08 1.1857163101e+07 5.6657838766e-19 1.5339806694e-20 -1.5856151785e+03 1.6167404519e+02 -4.6638892943e+09 -1.0094122887e+07 1.4658387096e+06 3.6000000000e+03 0.0000000000e+00 -0.0000000000e+00
7.3560000000e+04 1.9575441934e-14 3.5495657758e-16 2.1304979779e+08 1.2436152329e+07 6.1017532590e-19 1.7793446874e-20 -1.6162458744e+03 1.5995014646e+02 -4.6638892915e+09 -1.0094122887e+07 1.4658387096e+06 3.6000000000e+03 0.0000000000e+00 -0.0000000000e+00
7.7160000000e+04 2.1854132353e-14 4.2392322600e-16 2.0717365878e+08 1.3008522980e+07 6.5618661182e-19 2.0580853972e-20 -1.6485728626e+03 1.5799174703e+02 -4.6638892880e+09 -1.0094122887e+07 1.4658387096e+06 3.6000000000e+03 0.0000000000e+00 -0.0000000000e+00
8.0760000000e+04 2.4303191690e-14 5.0359840183e-16 2.0117782058e+08 1.3573369945e+07 7.0487110692e-19 2.3751656541e-20 -1.6827780161e+03 1.5576397845e+02 -4.6638892834e+09 -1.0094122887e+07 1.4658387096e+06 3.6000000000e+03 0.0000000000e+00 -0.0000000000e+00
8.4360000000e+04 2.6932770933e-14 5.9546613968e-16 1.9505515121e+08 1.4129650560e+07 7.5652950569e-19 2.7365366001e-20 -1.7190725994e+03 1.5322502869e+02 -4.6638892773e+09 -1.0094122887e+07 1.4658387096e+06 3.6000000000e+03 0.0000000000e+00 -0.0000000000e+00
8.7960000000e+04 2.9754192403e-14 7.0124622482e-16 1.8879769575e+08 1.4676156523e+07 8.1151359612e-19 3.1493930095e-20 -1.7577037744e+03 1.5032434813e+02 -4.6638892693e+09 -1.0094122887e+07 1.4658387096e+06 3.6000000000e+03 0.0000000000e+00 -0.0000000000e+00
9.1560000000e+04 3.2780154233e-14 8.2294476373e-16 1.8239653264e+08 1.5211478368e+07 8.7023818228e-19 3.6225117396e-20 -1.7989629778e+03 1.4700027160e+02 -4.6638892585e+09 -1.0094122887e+07 1.4658387096e+06 3.6000000000e+03 0.0000000000e+00 -0.0000000000e+00
9.5160000000e+04 3.6024983933e-14 9.6291891427e-16 1.7584159554e+08 1.5733959983e+07 9.3319662971e-19 4.1667066139e-20 -1.8431968422e+03 1.4317682243e+02 -4.6638892438e+09 -1.0094122887e+07 1.4658387096e+06 3.6000000000e+03 0.0000000000e+00 -0.0000000000e+00
9.8760000000e+04 3.9504956450e-14 1.1239607985e-15 1.6912144986e+08 1.6241639656e+07 1.0009814209e-18 4.7954492670e-20 -1.8908216390e+03 1.3875935052e+02 -4.6638892232e+09 -1.0094122887e+07 1.4658387096e+06 3.6000000000e+03 0.0000000000e+00 -0.0000000000e+00
1.0236000000e+05 4.3238698174e-14 1.3094078295e-15 1.6222300892e+08 1.6732172560e+07 1.0743117620e-18 5.5257311311e-20 -1.9423426740e+03 1.3362847606e+02 -4.6638891938e+09 -1.0094122887e+07 1.4658387096e+06 3.6000000000e+03 0.0000000000e+00 -0.0000000000e+00
1.0596000000e+05 4.7247707425e-14 1.5232900784e-15 1.5513116826e+08 1.7202727215e+07 1.1540713133e-18 6.3792833873e-20 -1.9983807964e+03 1.2763151832e+02 -4.6638891511e+09 -1.0094122887e+07 1.4658387096e+06 3.6000000000e+03 0.0000000000e+00 -0.0000000000e+00
1.0956000000e+05 5.1557035756e-14 1.7705306543e-15 1.4782832694e+08 1.7649844701e+07 1.2413607773e-18 7.3843412618e-20 -2.0597093469e+03 1.2057009994e+02 -4.6638890870e+09 -1.0094122887e+07 1.4658387096e+06 3.5657641867e+03 0.0000000000e+00 -0.0000000000e+00
1.1312576419e+05 5.6150419591e-14 2.0542890276e-15 1.4036656810e+08 1.8065401192e+07 1.3366106322e-18 8.5658705695e-20 -2.1266307744e+03 1.1226881403e+02 -4.6638889929e+09 -1.0094122886e+07 1.4658387096e+06 3.2129991541e+03 0.0000000000e+00 -0.0000000000e+00
1.1600987164e+05 6.0125598793e-14 2.3171442076e-15 1.3414864984e+08 1.8378091216e+07 1.4212311659e-18 9.6900335092e-20 -2.1860841658e+03 1.0437057747e+02 -4.6638889435e+09 -1.0094122886e+07 1.4658387096e+06 2.9031839214e+03 0.0000000000e+00 -0.0000000000e+00
1.1891305556e+05 6.4384978590e-14 2.6171275413e-15 1.2770840144e+08 1.8667985205e+07 1.5145210241e-18 1.1010872224e-19 -2.2516285226e+03 9.5090520053e+01 -4.6638888670e+09 -1.0094122886e+07 1.4658387096e+06 2.6206788340e+03 0.0000000000e+00 -0.0000000000e+00
1.2126700543e+05 6.8046015436e-14 2.8905996437e-15 1.2234078128e+08 1.8881789376e+07 1.5971600513e-18 1.2252562501e-19 -2.3096897309e+03 8.6366550246e+01 -4.6638888273e+09 -1.0094122886e+07 1.4658387096e+06 2.3700937555e+03 0.0000000000e+00 -0.0000000000e+00
1.2363709919e+05 7.1937245609e-14 3.1976417040e-15 1.1679225844e+08 1.9074791727e+07 1.6877875969e-18 1.3691971774e-19 -2.3733635783e+03 7.6253430035e+01 -4.6638887674e+09 -1.0094122887e+07 1.4658387096e+06 2.1381091546e+03 0.0000000000e+00 -0.0000000000e+00
1.2555423517e+05 7.5248314914e-14 3.4726395203e-15 1.1218925701e+08 1.9212194689e+07 1.7674112873e-18 1.5023938255e-19 -2.4293062464e+03 6.6895190239e+01 -4.6638887374e+09 -1.0094122886e+07 1.4658387096e+06 1.9316514361e+03 0.0000000000e+00 -0.0000000000e+00
1.2729023833e+05 7.8383181337e-14 3.7450379247e-15 1.0792515683e+08 1.9320187320e+07 1.8451319604e-18 1.6385051230e-19 -2.4839118770e+03 5.7332170614e+01 -4.6638887121e+09 -1.0094122886e+07 1.4658387096e+06 1.7496510485e+03 0.0000000000e+00 -0.0000000000e+00
1.2885656698e+05 8.1331586017e-14 4.0122680587e-15 1.0399355840e+08 1.9402550474e+07 1.9204828368e-18 1.7762405613e-19 -2.5368525162e+03 4.7655040757e+01 -4.6638886912e+09 -1.0094122887e+07 1.4658387096e+06 1.5802017820e+03 0.0000000000e+00 -0.0000000000e+00
1.3026219175e+05 8.4081386559e-14 4.2714512278e-15 1.0039233983e+08 1.9462853686e+07 1.9928862725e-18 1.9139655003e-19 -2.5877223183e+03 3.7978648574e+01 -4.6638886749e+09 -1.0094122887e+07 1.4658387096e+06 1.4204009507e+03 0.0000000000e+00 -0.0000000000e+00
1.3151198059e+05 8.6614530273e-14 4.5189851428e-15 9.7128403775e+07 1.9504467372e+07 2.0615395386e-18 2.0494439678e-19 -2.6359572954e+03 2.8460090834e+01 -4.6638886628e+09 -1.0094122887e+07 1.4658387096e+06 1.2667116072e+03 0.0000000000e+00 -0.0000000000e+00
1.3260426224e+05 8.8900761575e-14 4.7498338082e-15 9.4224992177e+07 1.9530641548e+07 2.1252214403e-18 2.1793817065e-19 -2.6806994504e+03 1.9330818183e+01 -4.6638886548e+09 -1.0094122887e+07 1.4658387096e+06 1.1141989686e+03 0.0000000000e+00 -0.0000000000e+00
1.3352314660e+05 9.0879342358e-14 4.9554799262e-15 9.1743649109e+07 1.9544620095e+07 2.1817333651e-18 2.2981439045e-19 -2.7204040639e+03 1.0986725868e+01 -4.6638886505e+09 -1.0094122887e+07 1.4658387096e+06 9.5500505067e+02 0.0000000000e+00 -0.0000000000e+00
1.3419375685e+05 9.2356792697e-14 5.1126754795e-15 8.9909230792e+07 1.9549824168e+07 2.2248233994e-18 2.3908893216e-19 -2.7506786150e+03 4.4705419760e+00 -4.6638886494e+09 -1.0094122887e+07 1.4658387096e+06 7.8450363752e+02 0.0000000000e+00 -0.0000000000e+00
1.3497826049e+05 9.4122630667e-14 5.3047261084e-15 8.7736941324e+07 1.9550180573e+07 2.2773720488e-18 2.5065656519e-19 -2.7875986779e+03 -3.6567409025e+00 -4.6638886466e+09 -1.0094122887e+07 1.4658387096e+06 7.3156330569e+02 0.0000000000e+00 -0.0000000000e+00
1.3570982380e+05 9.5807279525e-14 5.4922759577e-15 8.5684563337e+07 1.9544569527e+07 2.3286166292e-18 2.6221025372e-19 -2.8236025172e+03 -1.1774226537e+01 -4.6638886442e+09 -1.0094122886e+07 1.4658387096e+06 8.5961147977e+02 0.0000000000e+00 -0.0000000000e+00
1.3656943528e+05 9.7835915951e-14 5.7238760876e-15 8.3238440908e+07 1.9530091387e+07 2.3918398500e-18 2.7683766231e-19 -2.8680224083e+03 -2.2051271724e+01 -4.6638886374e+09 -1.0094122886e+07 1.4658387096e+06 9.2560472502e+02 0.0000000000e+00 -0.0000000000e+00
1.3749504000e+05 1.0008283184e-13 5.9879469789e-15 8.0560588023e+07 1.9504180313e+07 2.4639074063e-18 2.9401596255e-19 -2.9186562255e+03 -3.4120543380e+01 -4.6638886249e+09 -1.0094122886e+07 1.4658387096e+06 9.5639544470e+02 0.0000000000e+00 -0.0000000000e+00
1.3845143545e+05 1.0247680793e-13 6.2783256936e-15 7.7742847039e+07 1.9465095581e+07 2.5432048840e-18 3.1354200524e-19 -2.9743697004e+03 -4.7839311255e+01 -4.6638886055e+09 -1.0094122886e+07 1.4658387096e+06 9.6518276708e+02 0.0000000000e+00 -0.0000000000e+00
1.3941661821e+05 1.0497230290e-13 6.5912972368e-15 7.4843344757e+07 1.9411652782e+07 2.6288186677e-18 3.3536205152e-19 -3.0345209377e+03 -6.3169819061e+01 -4.6638885781e+09 -1.0094122886e+07 1.4658387096e+06 9.5908201111e+02 0.0000000000e+00 -0.0000000000e+00
1.4037570022e+05 1.0753683243e-13 6.9242995583e-15 7.1902584513e+07 1.9343084508e+07 2.7201768242e-18 3.5949751569e-19 -3.0987081036e+03 -8.0127112243e+01 -4.6638885418e+09 -1.0094122886e+07 1.4658387096e+06 9.4250922618e+02 0.0000000000e+00 -0.0000000000e+00
1.4131820945e+05 1.1014562782e-13 7.2753892611e-15 6.8950404517e+07 1.9258950250e+07 2.8168989672e-18 3.8601487802e-19 -3.1666639434e+03 -9.8757899045e+01 -4.6638884957e+09 -1.0094122886e+07 1.4658387096e+06 9.1846378167e+02 0.0000000000e+00 -0.0000000000e+00
1.4223667323e+05 1.1277899628e-13 7.6429867205e-15 6.6009514783e+07 1.9159071160e+07 2.9187230393e-18 4.1501169443e-19 -3.2382043385e+03 -1.1913072112e+02 -4.6638884387e+09 -1.0094122886e+07 1.4658387096e+06 8.8910290770e+02 0.0000000000e+00 -0.0000000000e+00
1.4312577614e+05 1.1542085484e-13 8.0257410742e-15 6.3097527327e+07 1.9043479685e+07 3.0254651991e-18 4.4660946418e-19 -3.3132001242e+03 -1.4133094241e+02 -4.6638883699e+09 -1.0094122887e+07 1.4658387097e+06 8.5603641916e+02 0.0000000000e+00 -0.0000000000e+00
1.4398181256e+05 1.1805784176e-13 8.4224534741e-15 6.0228230545e+07 1.8912379081e+07 3.1369958770e-18 4.8094982586e-19 -3.3915602664e+03 -1.6545807652e+02 -4.6638882884e+09 -1.0094122887e+07 1.4658387097e+06 8.2049430666e+02 0.0000000000e+00 -0.0000000000e+00
1.4480230687e+05 1.2067873952e-13 8.8320313413e-15 5.7412445624e+07 1.8766110057e+07 3.2532244963e-18 5.1819253947e-19 -3.4732211269e+03 -1.9162436895e+02 -4.6638881930e+09 -1.0094122887e+07 1.4658387097e+06 7.8343006231e+02 0.0000000000e+00 -0.0000000000e+00
1.4558573693e+05 1.2327407830e-13 9.2534602578e-15 5.4658633567e+07 1.8605122836e+07 3.3740891738e-18 5.5851450942e-19 -3.5581392273e+03 -2.1995411066e+02 -4.6638880828e+09 -1.0094122887e+07 1.4658387097e+06 7.4558866270e+02 0.0000000000e+00 -0.0000000000e+00
1.4633132559e+05 1.2583584953e-13 9.6857864080e-15 5.1973343996e+07 1.8429953536e+07 3.4995494411e-18 6.0210946070e-19 -3.6462861352e+03 -2.5058341055e+02 -4.6638879566e+09 -1.0094122887e+07 1.4658387097e+06 7.0755370377e+02 0.0000000000e+00 -0.0000000000e+00
1.4703887929e+05 1.2835729020e-13 1.0128105565e-14 4.9361558377e+07 1.8241204077e+07 3.6295808727e-18 6.4918805400e-19 -3.7376446892e+03 -2.8366027633e+02 -4.6638878132e+09 -1.0094122887e+07 1.4658387097e+06 6.6978150838e+02 0.0000000000e+00 -0.0000000000e+00
1.4770866080e+05 1.3083271422e-13 1.0579556250e-14 4.6826959665e+07 1.8039525039e+07 3.7641709539e-18 6.9997831728e-19 -3.8322060969e+03 -3.1934491778e+02 -4.6638876516e+09 -1.0094122887e+07 1.4658387097e+06 6.3262666175e+02 0.0000000000e+00 -0.0000000000e+00
1.4834128746e+05 1.3325737616e-13 1.1039315588e-14 4.4372148797e+07 1.7825601025e+07 3.9033157719e-18 7.5472632145e-19 -3.9299676090e+03 -3.5781022141e+02 -4.6638874703e+09 -1.0094122887e+07 1.4658387097e+06 5.9636166519e+02 0.0000000000e+00 -0.0000000000e+00
1.4893764913e+05 1.3562735838e-13 1.1506596941e-14 4.1998821529e+07 1.7600138175e+07 4.0470172540e-18 8.1369705795e-19 -4.0309305797e+03 -3.9924236711e+02 -4.6638872681e+09 -1.0094122887e+07 1.4658387097e+06 5.6119238655e+02 0.0000000000e+00 -0.0000000000e+00
1.4949884152e+05 1.3793947519e-13 1.1980648693e-14 3.9707914882e+07 1.7363853523e+07 4.1952807670e-18 8.7717549393e-19 -4.1350987796e+03 -4.4384156943e+02 -4.6638870436e+09 -1.0094122887e+07 1.4658387097e+06 5.2727041836e+02 0.0000000000e+00 -0.0000000000e+00
1.5002611194e+05 1.4019119006e-13 1.2460753794e-14 3.7499729755e+07 1.7117465962e+07 4.3481129450e-18 9.4546779290e-19 -4.2424768699e+03 -4.9182293524e+02 -4.6638867954e+09 -1.0094122887e+07 1.4658387097e+06 4.9470308863e+02 0.0000000000e+00 -0.0000000000e+00
1.5052081502e+05 1.4238054307e-13 1.2946229778e-14 3.5374034463e+07 1.6861688592e+07 4.5055196450e-18 1.0189026967e-18 -4.3530689655e+03 -5.4341743472e+02 -4.6638865219e+09 -1.0094122886e+07 1.4658387097e+06 4.6356165230e+02 0.0000000000e+00 -0.0000000000e+00
1.5098437668e+05 1.4450608666e-13 1.3436429083e-14 3.3330152746e+07 1.6597222282e+07 4.6675039546e-18 1.0978330710e-18 -4.4668772357e+03 -5.9887298710e+02 -4.6638862215e+09 -1.0094122886e+07 1.4658387097e+06 4.3388804313e+02 0.0000000000e+00 -0.0000000000e+00
1.5141826472e+05 1.4656682811e-13 1.3930739548e-14 3.1367038961e+07 1.6324750258e+07 4.8340641861e-18 1.1826376207e-18 -4.5839004948e+03 -6.5845566605e+02 -4.6638858925e+09 -1.0094122886e+07 1.4658387097e+06 4.0570046849e+02 0.0000000000e+00 -0.0000000000e+00
1.5182396519e+05 1.4856217793e-13 1.4428585004e-14 2.9483342549e+07 1.6044933598e+07 5.0051918019e-18 1.2737227873e-18 -4.7041327444e+03 -7.2245103246e+02 -4.6638855333e+09 -1.0094122886e+07 1.4658387097e+06 3.7899806165e+02 0.0000000000e+00 -0.0000000000e+00
1.5220296325e+05 1.5049190319e-13 1.4929425912e-14 2.7677463465e+07 1.5758407495e+07 5.1808692185e-18 1.3715248413e-18 -4.8275616305e+03 -7.9116560502e+02 -4.6638851419e+09 -1.0094122886e+07 1.4658387096e+06 3.5376475984e+02 0.0000000000e+00 -0.0000000000e+00
1.5255672801e+05 1.5235608528e-13 1.5432760026e-14 2.5947599886e+07 1.5465778171e+07 5.3610674383e-18 1.4765121917e-18 -4.9541667798e+03 -8.6492848228e+02 -4.6638847165e+09 -1.0094122886e+07 1.4658387096e+06 3.2997253969e+02 0.0000000000e+00 -0.0000000000e+00
1.5288670055e+05 1.5415508167e-13 1.5938123066e-14 2.4291789321e+07 1.5167620342e+07 5.5457434561e-18 1.5891879331e-18 -5.0839179772e+03 -9.4409313254e+02 -4.6638842551e+09 -1.0094122887e+07 1.4658387096e+06 3.0758411489e+02 0.0000000000e+00 -0.0000000000e+00
1.5319428466e+05 1.5588949112e-13 1.6445089405e-14 2.2707944014e+07 1.4864475133e+07 5.7348373817e-18 1.7100926601e-18 -5.2167731447e+03 -1.0290393714e+03 -4.6638837556e+09 -1.0094122887e+07 1.4658387096e+06 2.8655518669e+02 0.0000000000e+00 -0.0000000000e+00
1.5348083985e+05 1.5756012222e-13 1.6953272789e-14 2.1193881402e+07 1.4556848370e+07 5.9282692182e-18 1.8398075846e-18 -5.3526760774e+03 -1.1201755512e+03 -4.6638832159e+09 -1.0094122886e+07 1.4658387096e+06 2.6683631429e+02 0.0000000000e+00 -0.0000000000e+00
1.5374767616e+05 1.5916796484e-13 1.7462327110e-14 1.9747350268e+07 1.4245209146e+07 6.1259352197e-18 1.9789579939e-18 -5.4915538845e+03 -1.2179409918e+03 -4.6638826339e+09 -1.0094122887e+07 1.4658387096e+06 2.4837446773e+02 0.0000000000e+00 -0.0000000000e+00
1.5399605063e+05 1.6071416430e-13 1.7971947265e-14 1.8366053137e+07 1.3929988598e+07 6.3277037454e-18 2.1282171028e-18 -5.6333140769e+03 -1.3228086857e+03 -4.6638820072e+09 -1.0094122887e+07 1.4658387096e+06 2.3111431176e+02 0.0000000000e+00 -0.0000000000e+00
1.5422716494e+05 1.6219999814e-13 1.8481870141e-14 1.7047665380e+07 1.3611578820e+07 6.5334105089e-18 2.2883103570e-18 -5.7778412289e+03 -1.4352883226e+03 -4.6638813337e+09 -1.0094122887e+07 1.4658387096e+06 2.1499926308e+02 0.0000000000e+00 -0.0000000000e+00
1.5444216421e+05 1.6362685510e-13 1.8991875791e-14 1.5789851409e+07 1.3290331821e+07 6.7428531007e-18 2.4600202623e-18 -5.9249931299e+03 -1.5559296820e+03 -4.6638806109e+09 -1.0094122886e+07 1.4658387096e+06 1.9997235704e+02 0.0000000000e+00 -0.0000000000e+00
1.5464213656e+05 1.6499621639e-13 1.9501788842e-14 1.4590278330e+07 1.2966558465e+07 6.9557846355e-18 2.6441918292e-18 -6.0745963211e+03 -1.6853264581e+03 -4.6638798365e+09 -1.0094122887e+07 1.4658387096e+06 1.8597695354e+02 0.0000000000e+00 -0.0000000000e+00
1.5482811352e+05 1.6630963890e-13 2.0011480241e-14 1.3446627334e+07 1.2640527310e+07 7.1719063414e-18 2.8417387422e-18 -6.2264408891e+03 -1.8241205952e+03 -4.6638790083e+09 -1.0094122886e+07 1.4658387096e+06 1.7295731023e+02 0.0000000000e+00 -0.0000000000e+00
1.5500107083e+05 1.6756874036e-13 2.0520869418e-14 1.2356603070e+07 1.2312463235e+07 7.3908588640e-18 3.0536503945e-18 -6.3802743556e+03 -1.9730072290e+03 -4.6638781241e+09 -1.0094122886e+07 1.4658387096e+06 1.6085904311e+02 0.0000000000e+00 -0.0000000000e+00
1.5516192987e+05 1.6877518621e-13 2.1029926996e-14 1.1317941236e+07 1.1982545771e+07 7.6122119958e-18 3.2809999579e-18 -6.5357944618e+03 -2.1327403575e+03 -4.6638771816e+09 -1.0094122886e+07 1.4658387097e+06 1.4962949819e+02 0.0000000000e+00 -0.0000000000e+00
1.5531155937e+05 1.6993067824e-13 2.1538678218e-14 1.0328414538e+07 1.1650906996e+07 7.8354524663e-18 3.5249537118e-18 -6.6926405900e+03 -2.3041393950e+03 -4.6638761790e+09 -1.0094122886e+07 1.4658387097e+06 1.3921804843e+02 0.0000000000e+00 -0.0000000000e+00
1.5545077742e+05 1.7103694473e-13 2.2047207270e-14 9.3858371785e+06 1.1317628844e+07 8.0599693200e-18 3.7867819129e-18 -6.8503834901e+03 -2.4880968087e+03 -4.6638751146e+09 -1.0094122886e+07 1.4658387097e+06 1.2957633536e+02 0.0000000000e+00 -0.0000000000e+00
1.5558035375e+05 1.7209573221e-13 2.2555662793e-14 8.4880679718e+06 1.0982739622e+07 8.2850362641e-18 4.0678715733e-18 -7.0085128772e+03 -2.6855870972e+03 -4.6638739871e+09 -1.0094122886e+07 1.4658387097e+06 1.2065846914e+02 0.0000000000e+00 -0.0000000000e+00
1.5570101222e+05 1.7310879868e-13 2.3064264923e-14 7.6330121594e+06 1.0646209497e+07 8.5097901705e-18 4.3697416322e-18 -7.1664223276e+03 -2.8976774492e+03 -4.6638727956e+09 -1.0094122886e+07 1.4658387097e+06 1.1242120337e+02 0.0000000000e+00 -0.0000000000e+00
1.5581343343e+05 1.7407790841e-13 2.3573314332e-14 6.8186219514e+06 1.0307944589e+07 8.7332046355e-18 4.6940611656e-18 -7.3233907023e+03 -3.1255405378e+03 -4.6638715402e+09 -1.0094122886e+07 1.4658387097e+06 1.0482410080e+02 0.0000000000e+00 -0.0000000000e+00
1.5591825753e+05 1.7500482824e-13 2.4083203949e-14 6.0428957714e+06 9.9677792285e+06 8.9540571017e-18 5.0426715062e-18 -7.4785590468e+03 -3.3704700618e+03 -4.6638702216e+09 -1.0094122886e+07 1.4658387097e+06 9.7829708850e+01 5.5780816902e-313 -3.8893368191e-305
1.5601608724e+05 1.7589132555e-13 2.4594434240e-14 5.3038761179e+06 9.6254657313e+06 9.1708874678e-18 5.4176134683e-18 -7.6309015110e+03 -3.6338998733e+03 -4.6638688422e+09 -1.0094122886e+07 1.4658387096e+06 9.1403768226e+01 5.7419731942e-273 -4.1251363179e-265
1.5610749100e+05 1.7673916819e-13 2.5107633371e-14 4.5996458698e+06 9.2806607871e+06 9.3819452518e-18 5.8211613451e-18 -7.7791882271e+03 -3.9174278639e+03 -4.6638674058e+09 -1.0094122886e+07 1.4658387096e+06 8.5515485316e+01 5.1191296292e-235 -3.7898954290e-227
1.5619300649e+05 1.7755012644e-13 2.5623584092e-14 3.9283227506e+06 8.9329071634e+06 9.5851210733e-18 6.2558660321e-18 -7.9219371690e+03 -4.2228462629e+03 -4.6638659187e+09 -1.0094122886e+07 1.4658387096e+06 8.0137911879e+01 5.0438538050e-199 -3.8487588265e-191
1.5627314440e+05 1.7832597770e-13 2.6143260119e-14 3.2880514985e+06 8.5816088129e+06 9.7778561973e-18 6.7246106720e-18 -8.0573505996e+03 -4.5521807322e+03 -4.6638643907e+09 -1.0094122886e+07 1.4658387096e+06 7.5248495610e+01 6.9615884028e-165 -5.4761310553e-157
1.5634839290e+05 1.7906851439e-13 2.6667876113e-14 2.6769930664e+06 8.2259965122e+06 9.9570206582e-18 7.2306837761e-18 -8.1832294420e+03 -4.9077417413e+03 -4.6638628357e+09 -1.0094122886e+07 1.4658387096e+06 7.0829898969e+01 1.6957346264e-132 -1.3753701260e-124
1.5641922280e+05 1.7977955619e-13 2.7198957616e-14 2.0933098494e+06 7.8650796265e+06 1.0118745193e-17 7.7778771783e-18 -8.2968551973e+03 -5.2921933881e+03 -4.6638612739e+09 -1.0094122886e+07 1.4658387096e+06 6.6871235528e+01 9.1371511205e-102 -7.6430833844e-94
1.5648609403e+05 1.8046096782e-13 2.7738440845e-14 1.5351455303e+06 7.4975771092e+06 1.0258183245e-17 8.3706198113e-18 -8.3948227322e+03 -5.7086473886e+03 -4.6638597338e+09 -1.0094122886e+07 1.4658387097e+06 6.3369954714e+01 1.3597409754e-72 -1.1733397115e-64
1.5653909985e+05 1.8100729993e-13 2.8195973127e-14 1.0883522797e+06 7.1852612491e+06 1.0352913944e-17 8.9028486113e-18 -8.4613794073e+03 -6.0825850820e+03 -4.6638591327e+09 -1.0094122886e+07 1.4658387096e+06 5.4258288691e+01 2.0446803529e-49 -1.8111100095e-41
1.5658415554e+05 1.8147526306e-13 2.8608237499e-14 7.0606128096e+05 6.9033790788e+06 1.0416663748e-17 9.4056138608e-18 -8.5061692695e+03 -6.4358220314e+03 -4.6638588226e+09 -1.0094122886e+07 1.4658387097e+06 4.6391055345e+01 1.0015201261e-29 -9.0803271582e-22
1.5662110972e+05 1.8186092469e-13 2.8964039480e-14 3.9121525256e+05 6.6597695998e+06 1.0452985100e-17 9.8569652474e-18 -8.5316882243e+03 -6.7529362056e+03 -4.6638586955e+09 -1.0094122886e+07 1.4658387096e+06 3.8919089717e+01 1.2780471175e-13 -1.1820250947e-05
1.5662500163e+05 1.8190161228e-13 2.9002498542e-14 3.5800681763e+05 6.6334198815e+06 1.0455788243e-17 9.9067048911e-18 -8.5336576790e+03 -6.7878826941e+03 -4.6638586955e+09 -1.0094122886e+07 1.4658387097e+06 1.9459544858e+01 6.2951673851e-12 -5.8346484887e-04
1.5664077648e+05 1.8206662741e-13 2.9160391517e-14 2.2333579525e+05 6.5252065335e+06 1.0464877065e-17 1.0112828170e-17 -8.5400433296e+03 -6.9327024450e+03 -4.6638646069e+09 -1.0094122469e+07 1.4658390484e+06 2.7969747297e+01 4.4607929858e-05 -4.1707501520e+03
1.5664357346e+05 1.8209589913e-13 2.9188728975e-14 1.9944830021e+05 6.5057793120e+06 1.0466087712e-17 1.0150145736e-17 -8.5408933845e+03 -6.9589208953e+03 -4.6639287791e+09 -1.0094117949e+07 1.4658427271e+06 6.8799845994e+00 7.2823455409e-04 -6.8194922144e+04
1.5664599608e+05 1.8212125569e-13 2.9213358311e-14 1.7875611186e+05 6.4888928206e+06 1.0467033947e-17 1.0182659600e-17 -8.5415524158e+03 -6.9817600322e+03 -4.6646284276e+09 -1.0094068805e+07 1.4658828568e+06 4.1050006284e+00 8.1720975144e-03 -7.6630784197e+05
1.5664809095e+05 1.8214318355e-13 2.9234719225e-14 1.6086215631e+05 6.4742461940e+06 1.0467774249e-17 1.0210918445e-17 -8.5420276257e+03 -7.0015775811e+03 -4.6700767250e+09 -1.0093687003e+07 1.4661955122e+06 2.6248885052e+00 6.6064634469e-02 -6.2022189766e+06
1.5664972312e+05 1.8216026914e-13 2.9251403189e-14 1.4691995549e+05 6.4628058797e+06 1.0468300243e-17 1.0233028533e-17 -8.5421875988e+03 -7.0169398453e+03 -4.6955461905e+09 -1.0091905537e+07 1.4676577132e+06 1.8172702665e+00 3.3641022735e-01 -3.1610772995e+07
1.5665101088e+05 1.8217375014e-13 2.9264592220e-14 1.3591977070e+05 6.4537620600e+06 1.0468683489e-17 1.0250530873e-17 -8.5417764524e+03 -7.0286772825e+03 -4.7783536646e+09 -1.0086122050e+07 1.4724134694e+06 1.3619127419e+00 1.2144536634e+00 -1.1418975735e+08
1.5665205770e+05 1.8218470909e-13 2.9275330116e-14 1.2697873382e+05 6.4463996932e+06 1.0468974198e-17 1.0264795983e-17 -8.5402515411e+03 -7.0372757590e+03 -4.9890274320e+09 -1.0071424187e+07 1.4845176599e+06 1.0816727697e+00 3.4458864549e+00 -3.2412721882e+08
1.5665293489e+05 1.8219389243e-13 2.9284339502e-14 1.1948867413e+05 6.4402241578e+06 1.0469203313e-17 1.0276775523e-17 -8.5366880920e+03 -7.0426214058e+03 -5.4431204787e+09 -1.0039766596e+07 1.5106214723e+06 8.9571787402e-01 8.2492068958e+00 -7.7598315287e+08
1.5665368948e+05 1.8220179243e-13 2.9292098122e-14 1.1304930970e+05 6.4349090984e+06 1.0469389777e-17 1.0287099779e-17 -8.5296705700e+03 -7.0439743314e+03 -6.3149086128e+09 -9.9790040979e+06 1.5607780655e+06 7.6530902128e-01 1.7453610644e+01 -1.6411442457e+09
1.5665435360e+05 1.8220874550e-13 2.9298933102e-14 1.0738821500e+05 6.4302319605e+06 1.0469545718e-17 1.0296200946e-17 -8.5171396946e+03 -7.0399247957e+03 -7.8558630755e+09 -9.8715603750e+06 1.6495512886e+06 6.7063374107e-01 3.3676857251e+01 -3.1630950573e+09
1.5665495079e+05 1.8221499777e-13 2.9305084262e-14 1.0230758412e+05 6.4260308214e+06 1.0469679389e-17 1.0304396339e-17 -8.4961348993e+03 -7.0282357129e+03 -1.0424632376e+10 -9.6922213320e+06 1.7978513747e+06 6.0114454601e-01 6.0600942214e+01 -5.6797614533e+09
1.5665555193e+05 1.8222129160e-13 2.9311281176e-14 9.7210512445e+04 6.4218126650e+06 1.0469807671e-17 1.0312657225e-17 -8.4580536000e+03 -7.0024491289e+03 -1.5058922814e+10 -9.3677641858e+06 2.0663713545e+06 5.4943872572e-01 1.0881148072e+02 -1.0155904666e+10
1.5665610137e+05 1.8222704415e-13 2.9316949426e-14 9.2578513985e+04 6.4179763814e+06 1.0469919415e-17 1.0320217309e-17 -8.3974981122e+03 -6.9575411934e+03 -2.2382130763e+10 -8.8523752049e+06 2.4932376241e+06 5.1944932646e-01 1.8406024845e+02 -1.7061458576e+10
1.5665662082e+05 1.8223248277e-13 2.9322312114e-14 8.8239063212e+04 6.4143797505e+06 1.0470020243e-17 1.0327373248e-17 -8.3027924459e+03 -6.8840137352e+03 -3.3730279562e+10 -8.0467748995e+06 3.1609562862e+06 5.2947336163e-01 2.9840662030e+02 -2.7356831218e+10
1.5665715029e+05 1.8223802639e-13 2.9327782116e-14 8.3880923403e+04 6.4107649940e+06 1.0470118237e-17 1.0334675690e-17 -8.1472359775e+03 -6.7600606942e+03 -5.2095891179e+10 -6.7239596977e+06 4.2581673193e+06 5.5171415196e-01 4.7755112242e+02 -4.2972919941e+10
1.5665756018e+05 1.8224231799e-13 2.9332019337e-14 8.0576224398e+04 6.4080221639e+06 1.0470190831e-17 1.0340334566e-17 -7.9674657420e+03 -6.6147860936e+03 -7.2895398852e+10 -5.1954791636e+06 5.5267962298e+06 4.2553251060e-01 6.7134969273e+02 -5.9093243985e+10
1.5665792232e+05 1.8224610969e-13 2.9335764910e-14 7.7728170902e+04 6.4056570156e+06 1.0470252644e-17 1.0345338336e-17 -7.7515278801e+03 -6.4389389462e+03 -9.7275055939e+10 -3.3596381896e+06 7.0513794984e+06 3.6640944540e-01 8.8569007216e+02 -7.5863411345e+10
1.5665828873e+05 1.8224994610e-13 2.9339556468e-14 7.4937872970e+04 6.4033385694e+06 1.0470313023e-17 1.0350404860e-17 -7.4671147645e+03 -6.2061426259e+03 -1.2837572152e+11 -9.4176612262e+05 9.0604055012e+06 3.4513905668e-01 1.1378981056e+03 -9.3911394288e+10
1.5665863387e+05 1.8225355982e-13 2.9343129621e-14 7.2416655696e+04 6.4012425455e+06 1.0470367975e-17 1.0355180629e-17 -7.1314743359e+03 -5.9304267903e+03 -1.6359734018e+11 1.9115056938e+06 1.1432510996e+07 3.7755637513e-01 1.3926603762e+03 -1.0979530660e+11
1.5665901143e+05 1.8225751299e-13 2.9347040272e-14 6.9805454034e+04 6.3990704371e+06 1.0470426050e-17 1.0360408524e-17 -6.6876549939e+03 -5.5648734661e+03 -2.0770455916e+11 5.6843169231e+06 1.4570935246e+07 3.4710900082e-01 1.6608061126e+03 -1.2281867762e+11
1.5665926958e+05 1.8226021601e-13 2.9349715345e-14 6.8122926713e+04 6.3976700712e+06 1.0470464596e-17 1.0363985165e-17 -6.3420831534e+03 -5.2797431516e+03 -2.4009999261e+11 8.6219077659e+06 1.7015902617e+07 2.6391167168e-01 1.8176233639e+03 -1.2749379976e+11
1.5665950606e+05 1.8226269203e-13 2.9352166572e-14 6.6663091124e+04 6.3964545026e+06 1.0470499123e-17 1.0367262799e-17 -6.0010838461e+03 -4.9980829651e+03 -2.7039331224e+11 1.1520608069e+07 1.9429588234e+07 2.3774493247e-01 1.9297924161e+03 -1.2810689689e+11
1.5665974381e+05 1.8226518134e-13 2.9354631728e-14 6.5278879893e+04 6.3953013764e+06 1.0470533121e-17 1.0370559257e-17 -5.6411589466e+03 -4.7005401478e+03 -3.0056335586e+11 1.4580172752e+07 2.1978388629e+07 2.2348162980e-01 2.0044595401e+03 -1.2510714354e+11
1.5665996729e+05 1.8226752132e-13 2.9356949704e-14 6.4056898021e+04 6.3942829141e+06 1.0470564464e-17 1.0373659019e-17 -5.2938046501e+03 -4.4131958850e+03 -3.2792135913e+11 1.7532871455e+07 2.4439326636e+07 2.1687455018e-01 2.0361585145e+03 -1.1928349570e+11
1.5666018416e+05 1.8226979212e-13 2.9359199813e-14 6.2945603679e+04 6.3933562579e+06 1.0470594346e-17 1.0376668069e-17 -4.9546170409e+03 -4.1324591346e+03 -3.5296872805e+11 2.0416144588e+07 2.6843559061e+07 2.1612638002e-01 2.0310936809e+03 -1.1138541923e+11
1.5666040029e+05 1.8227205510e-13 2.9361442808e-14 6.1911025492e+04 6.3924931345e+06 1.0470623634e-17 1.0379667592e-17 -4.6202620838e+03 -3.8556045986e+03 -3.7604609826e+11 2.3258336633e+07 2.9214735773e+07 2.2098743532e-01 1.9935219109e+03 -1.0196925456e+11
1.5666062128e+05 1.8227436898e-13 2.9363736923e-14 6.0926995307e+04 6.3916717318e+06 1.0470653109e-17 1.0382735403e-17 -4.2874102127e+03 -3.5798996421e+03 -3.9742847867e+11 2.6087753559e+07 3.1576548868e+07 2.3352451997e-01 1.9263384747e+03 -9.1455934776e+10
1.5666085480e+05 1.8227681413e-13 2.9366161925e-14 5.9965462506e+04 6.3908686148e+06 1.0470683774e-17 1.0385978095e-17 -3.9504303657e+03 -3.3006981746e+03 -4.1745833419e+11 2.8952265389e+07 3.3969126700e+07 2.6289103907e-01 1.8306141661e+03 -8.0101905672e+10
1.5666111769e+05 1.8227956679e-13 2.9368892786e-14 5.8974367580e+04 6.3900402022e+06 1.0470717750e-17 1.0389629516e-17 -3.5938834380e+03 -3.0052213708e+03 -4.3687872242e+11 3.1983117178e+07 3.6502485819e+07 4.8896337894e-01 1.7020841581e+03 -6.7778356879e+10
1.5666136693e+05 1.8228217649e-13 2.9371482708e-14 5.8118141103e+04 6.3893239299e+06 1.0470749473e-17 1.0393092153e-17 -3.2811294960e+03 -2.7460024958e+03 -4.5241310717e+11 3.4641715137e+07 3.8726525125e+07 2.6550533037e-01 1.5690828772e+03 -5.7064442222e+10
1.5666160291e+05 1.8228464743e-13 2.9373935707e-14 5.7376425336e+04 6.3887029201e+06 1.0470779109e-17 1.0396371362e-17 -3.0089099866e+03 -2.5203701743e+03 -4.6479247379e+11 3.6955757956e+07 4.0663983291e+07 2.3713003003e-01 1.4400920485e+03 -4.8045351838e+10
1.5666184004e+05 1.8228713037e-13 2.9376401390e-14 5.6693030949e+04 6.3881302198e+06 1.0470808531e-17 1.0399667109e-17 -2.7588523557e+03 -2.3131144543e+03 -4.7522768662e+11 3.9081423523e+07 4.2445339112e+07 2.2533888938e-01 1.3124926865e+03 -4.0165010619e+10
1.5666206538e+05 1.8228948986e-13 2.9378745192e-14 5.6096120441e+04 6.3876295105e+06 1.0470836183e-17 1.0402799511e-17 -2.5423984874e+03 -2.1337300589e+03 -4.8353666663e+11 4.0921446541e+07 4.3988813178e+07 2.2016563049e-01 1.1962937623e+03 -3.3750517541e+10
1.5666228555e+05 1.8229179518e-13 2.9381035868e-14 5.5557903012e+04 6.3871775779e+06 1.0470862934e-17 1.0405860463e-17 -2.3498242671e+03 -1.9741635721e+03 -4.9036437251e+11 4.2558487174e+07 4.5363408323e+07 2.1841712881e-01 1.0894126492e+03 -2.8419317444e+10
1.5666250397e+05 1.8229408220e-13 2.9383309018e-14 5.5063940828e+04 6.3867623587e+06 1.0470889234e-17 1.0408897525e-17 -2.1760432753e+03 -1.8302037086e+03 -4.9606949771e+11 4.4035782664e+07 4.6605204494e+07 2.1876411441e-01 9.9089270906e+02 -2.3948618532e+10
1.5666272273e+05 1.8229637285e-13 2.9385586444e-14 5.4605475708e+04 6.3863765313e+06 1.0470915353e-17 1.0411939798e-17 -2.0179121296e+03 -1.6992486425e+03 -5.0088479496e+11 4.5380053388e+07 4.7736491013e+07 2.2059390475e-01 9.0014955279e+02 -2.0184591892e+10
1.5666294332e+05 1.8229868268e-13 2.9387883593e-14 5.4176554494e+04 6.3860151139e+06 1.0470941483e-17 1.0415007882e-17 -1.8732326150e+03 -1.5794793042e+03 -5.0497667284e+11 4.6609985307e+07 4.8772852985e+07 2.2357279737e-01 8.1671110123e+02 -1.7009787032e+10
1.5666316690e+05 1.8230102370e-13 2.9390212453e-14 5.3772850269e+04 6.3856744804e+06 1.0470967767e-17 1.0418117744e-17 -1.7403505154e+03 -1.4695270879e+03 -5.0847081103e+11 4.7739640122e+07 4.9726018920e+07 2.2750369104e-01 7.4014220824e+02 -1.4330055869e+10
1.5666339440e+05 1.8230340588e-13 2.9392582973e-14 5.3391069083e+04 6.3853518647e+06 1.0470994323e-17 1.0421282617e-17 -1.6179570838e+03 -1.3683094372e+03 -5.1146554377e+11 4.8780142882e+07 5.0605269576e+07 2.3226329186e-01 6.7002024159e+02 -1.2067928264e+10
1.5666362666e+05 1.8230583791e-13 2.9395003830e-14 5.3028618735e+04 6.3850450841e+06 1.0471021250e-17 1.0424514026e-17 -1.5049798406e+03 -1.2749394252e+03 -5.1403967325e+11 4.9740610259e+07 5.1418212651e+07 2.3777200092e-01 6.0592915198e+02 -1.0158740043e+10
1.5666386444e+05 1.8230832763e-13 2.9397482880e-14 5.2683407537e+04 6.3847523715e+06 1.0471048636e-17 1.0427822391e-17 -1.4005169816e+03 -1.1886714538e+03 -5.1625743420e+11 5.0628708113e+07 5.2171247963e+07 2.4397780771e-01 5.4745999346e+02 -8.5480843592e+09
1.5666410841e+05 1.8231088234e-13 2.9400027452e-14 5.2353714395e+04 6.3844722664e+06 1.0471076562e-17 1.0431217413e-17 -1.3037953565e+03 -1.1088664715e+03 -5.1817184883e+11 5.1451008699e+07 5.2869865382e+07 2.5084703472e-01 4.9421349989e+02 -7.1899827548e+09
1.5666435926e+05 1.8231350898e-13 2.9402644530e-14 5.2038100856e+04 6.3842035415e+06 1.0471105101e-17 1.0434708326e-17 -1.2141421280e+03 -1.0349685174e+03 -5.1982710335e+11 5.2213231578e+07 5.3518845725e+07 2.5835864628e-01 4.4580297993e+02 -6.0454893681e+09
1.5666461762e+05 1.8231621429e-13 2.9405340891e-14 5.1735349313e+04 6.3839451511e+06 1.0471134325e-17 1.0438304076e-17 -1.1309648548e+03 -9.6648823921e+02 -5.2126029397e+11 5.2920412923e+07 5.4122401906e+07 2.6650062741e-01 4.0185687180e+02 -5.0815803076e+09
1.5666488412e+05 1.8231900485e-13 2.9408123200e-14 5.1444418212e+04 6.3836961933e+06 1.0471164301e-17 1.0442013441e-17 -1.0537369855e+03 -9.0299088849e+02 -5.2250274758e+11 5.3577028827e+07 5.4684281719e+07 2.7526746247e-01 3.6202072841e+02 -4.2702449533e+09
1.5666515939e+05 1.8232188723e-13 2.9410998074e-14 5.1164408817e+04 6.3834558822e+06 1.0471195095e-17 1.0445845128e-17 -9.8198699987e+02 -8.4408733480e+02 -5.2358104379e+11 5.4187087607e+07 5.5207844761e+07 2.8465840271e-01 3.2595862013e+02 -3.5877294423e+09
1.5666544405e+05 1.8232486795e-13 2.9413972136e-14 5.0894539970e+04 6.3832235264e+06 1.0471226772e-17 1.0449807834e-17 -9.1529005689e+02 -7.8942715142e+02 -5.2451782102e+11 5.4754200801e+07 5.5696121596e+07 2.9467615655e-01 2.9335399202e+02 -3.0138995279e+09
1.5666573872e+05 1.8232795357e-13 2.9417052049e-14 5.0634128603e+04 6.3829985125e+06 1.0471259398e-17 1.0453910293e-17 -8.5326143270e+02 -7.3869318204e+02 -5.2533242205e+11 5.5281638946e+07 5.6151860223e+07 3.0532588204e-01 2.6391005935e+02 -2.5317004145e+09
1.5666604405e+05 1.8233115073e-13 2.9420244548e-14 5.0382574443e+04 6.3827802923e+06 1.0471293036e-17 1.0458161316e-17 -7.9555126301e+02 -6.9159718424e+02 -5.2604141744e+11 5.5772376273e+07 5.6577563316e+07 3.1661433609e-01 2.3734982263e+02 -2.1266969596e+09
1.5666636066e+05 1.8233446609e-13 2.9423556449e-14 5.0139347856e+04 6.3825683722e+06 1.0471327750e-17 1.0462569809e-17 -7.4184026227e+02 -6.4787627931e+02 -5.2665903433e+11 5.6229127092e+07 5.6975518524e+07 3.2854921717e-01 2.1341578285e+02 -1.7866815044e+09
1.5666668921e+05 1.8233790644e-13 2.9426994670e-14 4.9903980024e+04 6.3823623044e+06 1.0471363604e-17 1.0467144784e-17 -6.9183617301e+02 -6.0729000383e+02 -5.2719751096e+11 5.6654375975e+07 5.7347823620e+07 3.4113850465e-01 1.9186942010e+02 -1.5013390069e+09
1.5666703035e+05 1.8234147864e-13 2.9430566226e-14 4.9676054971e+04 6.3821616805e+06 1.0471400664e-17 1.0471895370e-17 -6.4527079403e+02 -5.6961783746e+02 -5.2766739167e+11 5.7050403018e+07 5.7696407529e+07 3.5438989683e-01 1.7249050240e+02 -1.2619611803e+09
1.5666738474e+05 1.8234518960e-13 2.9434278235e-14 4.9455202978e+04 6.3819661254e+06 1.0471438994e-17 1.0476830800e-17 -6.0189745544e+02 -5.3465709766e+02 -5.2807777403e+11 5.7419305300e+07 5.8023048207e+07 3.6831028354e-01 1.5507626983e+02 -1.0612025096e+09
1.5666775305e+05 1.8234904635e-13 2.9438137904e-14 4.9241095105e+04 6.3817752923e+06 1.0471478658e-17 1.0481960408e-17 -5.6148885108e+02 -5.0222112674e+02 -5.2843651679e+11 5.7763015310e+07 5.8329387977e+07 3.8290519967e-01 1.3944053559e+02 -8.9287217687e+08
1.5666813596e+05 1.8235305594e-13 2.9442152522e-14 4.9033438589e+04 6.3815888587e+06 1.0471519721e-17 1.0487293604e-17 -5.2383516478e+02 -4.7213771870e+02 -5.2875041579e+11 5.8083316873e+07 5.8616946794e+07 3.9817838022e-01 1.2541273875e+02 -7.5175679730e+08
1.5666853413e+05 1.8235722548e-13 2.9446329440e-14 4.8831972915e+04 6.3814065228e+06 1.0471562248e-17 1.0492839853e-17 -4.8874242922e+02 -4.4424773476e+02 -5.2902535318e+11 5.8381859097e+07 5.8887133859e+07 4.1413129328e-01 1.1283697194e+02 -6.3346952975e+08
1.5666894826e+05 1.8236156209e-13 2.9450676048e-14 4.8636466429e+04 6.3812280006e+06 1.0471606303e-17 1.0498608642e-17 -4.5603108380e+02 -4.1840387974e+02 -5.2926642447e+11 5.8660168631e+07 5.9141257833e+07 4.3076272036e-01 1.0157100699e+02 -5.3432180780e+08
1.5666937903e+05 1.8236607288e-13 2.9455199749e-14 4.8446713388e+04 6.3810530228e+06 1.0471651951e-17 1.0504609441e-17 -4.2553469835e+02 -3.9446961163e+02 -5.2947804704e+11 5.8919660513e+07 5.9380535881e+07 4.4806836831e-01 9.1485334361e+01 -4.5121441872e+08
1.5666982710e+05 1.8237076491e-13 2.9459907931e-14 4.8262531351e+04 6.3808813330e+06 1.0471699253e-17 1.0510851661e-17 -3.9709883889e+02 -3.7231816453e+02 -5.2966405290e+11 5.9161647807e+07 5.9606101721e+07 4.6604065252e-01 8.2462228272e+01 -3.8154511951e+08
1.5667029314e+05 1.8237564515e-13 2.9464807928e-14 4.8083758813e+04 6.3807126851e+06 1.0471748272e-17 1.0517344611e-17 -3.7058004914e+02 -3.5183166355e+02 -5.2982776833e+11 5.9387350261e+07 5.9819012876e+07 4.8466842090e-01 7.4394844638e+01 -3.2313035231e+08
1.5667077781e+05 1.8238072049e-13 2.9469906989e-14 4.7910253067e+04 6.3805468417e+06 1.0471799067e-17 1.0524097444e-17 -3.4584494241e+02 -3.3290032696e+02 -5.2997208219e+11 5.9597902020e+07 6.0020257156e+07 5.0393691415e-01 6.7186361313e+01 -2.7413900410e+08
1.5667128174e+05 1.8238599763e-13 2.9475212240e-14 4.7741888214e+04 6.3803835725e+06 1.0471851699e-17 1.0531119109e-17 -3.2276938261e+02 -3.1542173865e+02 -5.3009950481e+11 5.9794358592e+07 6.0210758540e+07 5.2382784085e-01 6.0749161948e+01 -2.3303639795e+08
1.5667180557e+05 1.8239148309e-13 2.9480730645e-14 4.7578553287e+04 6.3802226526e+06 1.0471906222e-17 1.0538418302e-17 -3.0123774653e+02 -2.9930018473e+02 -5.3021221863e+11 5.9977703111e+07 6.0391382527e+07 5.4431955912e-01 5.5004066778e+01 -1.9853698963e+08
1.5667234989e+05 1.8239718317e-13 2.9486468977e-14 4.7420150491e+04 6.3800638617e+06 1.0471962691e-17 1.0546003417e-17 -2.8114226123e+02 -2.8444604964e+02 -5.3031212194e+11 6.0148851970e+07 6.0562940985e+07 5.6538745412e-01 4.9879611950e+01 -1.6956445893e+08
1.5667291528e+05 1.8240310391e-13 2.9492433782e-14 4.7266593519e+04 6.3799069823e+06 1.0472021158e-17 1.0553882509e-17 -2.6238240777e+02 -2.7077526538e+02 -5.3040086664e+11 6.0308659887e+07 6.0726196585e+07 5.8700459116e-01 4.5311376783e+01 -1.4521806764e+08
1.5667350228e+05 1.8240925105e-13 2.9498631360e-14 4.7117805923e+04 6.3797517993e+06 1.0472081670e-17 1.0562063255e-17 -2.4486438269e+02 -2.5820880772e+02 -5.3047989089e+11 6.0457924482e+07 6.0881866894e+07 6.0914239779e-01 4.1241357478e+01 -1.2474432247e+08
1.5667411142e+05 1.8241563006e-13 2.9505067747e-14 4.6973719579e+04 6.3795980991e+06 1.0472144275e-17 1.0570552939e-17 -2.2850061776e+02 -2.4667224058e+02 -5.3055044733e+11 6.0597390358e+07 6.1030628106e+07 6.3177167019e-01 3.7617387246e+01 -1.0751313334e+08
1.5667474320e+05 1.8242224608e-13 2.9511748704e-14 4.6834273204e+04 6.3794456685e+06 1.0472209014e-17 1.0579358436e-17 -2.1320934846e+02 -2.3609530217e+02 -5.3061362760e+11 6.0727752770e+07 6.1173118510e+07 6.5486373065e-01 3.4392599627e+01 -9.2997764273e+07
1.5667539806e+05 1.8242910397e-13 2.9518679731e-14 4.6699410960e+04 6.3792942949e+06 1.0472275928e-17 1.0588486224e-17 -1.9891422845e+02 -2.2641153164e+02 -5.3067038352e+11 6.0849660902e+07 6.1309941710e+07 6.7839172110e-01 3.1524933216e+01 -8.0757988198e+07
1.5667607645e+05 1.8243620830e-13 2.9525866080e-14 4.6569081137e+04 6.3791437650e+06 1.0472345055e-17 1.0597942408e-17 -1.8554398634e+02 -2.1755793484e+02 -5.3072154546e+11 6.0963720785e+07 6.1441669612e+07 7.0233209602e-01 2.8976675520e+01 -7.0425944733e+07
1.5667677878e+05 1.8244356339e-13 2.9533312793e-14 4.6443234935e+04 6.3789938653e+06 1.0472416430e-17 1.0607732764e-17 -1.7303211982e+02 -2.0947468634e+02 -5.3076783838e+11 6.1070497901e+07 6.1568845234e+07 7.2666632806e-01 2.6714043206e+01 -6.1694274349e+07
1.5667750545e+05 1.8245117337e-13 2.9541024756e-14 4.6321825329e+04 6.3788443814e+06 1.0472490087e-17 1.0617862814e-17 -1.6131662165e+02 -2.0210486525e+02 -5.3080989566e+11 6.1170519513e+07 6.1691985372e+07 7.5138250569e-01 2.4706796167e+01 -5.4306168814e+07
1.5667825683e+05 1.8245904224e-13 2.9549006767e-14 4.6204806069e+04 6.3786950980e+06 1.0472566058e-17 1.0628337914e-17 -1.5033973777e+02 -1.9539422589e+02 -5.3084827117e+11 6.1264276729e+07 6.1811583100e+07 7.7647733666e-01 2.2927883751e+01 -4.8047036279e+07
1.5667903331e+05 1.8246717398e-13 2.9557263634e-14 4.6092130768e+04 6.3785457989e+06 1.0472644378e-17 1.0639163373e-17 -1.4004774786e+02 -1.8929099785e+02 -5.3088344978e+11 6.1352226368e+07 6.1928110183e+07 8.0195808518e-01 2.1353119956e+01 -4.2737520220e+07
1.5667983527e+05 1.8247557264e-13 2.9565800280e-14 4.5983752109e+04 6.3783962665e+06 1.0472725080e-17 1.0650344607e-17 -1.3039076768e+02 -1.8374571613e+02 -5.3091585649e+11 6.1434792650e+07 6.2042019408e+07 8.2784462250e-01 1.9960886155e+01 -3.8227657812e+07
1.5668066311e+05 1.8248424246e-13 2.9574621889e-14 4.5879621170e+04 6.3782462822e+06 1.0472808200e-17 1.0661887308e-17 -1.2132256873e+02 -1.7871107908e+02 -5.3094586440e+11 6.1512368736e+07 6.2153746833e+07 8.5417158488e-01 1.8731859370e+01 -3.4391994355e+07
1.5668151728e+05 1.8249318807e-13 2.9583734056e-14 4.5779686862e+04 6.3780956254e+06 1.0472893779e-17 1.0673797654e-17 -1.1280041131e+02 -1.7414183227e+02 -5.3097380158e+11 6.1585318154e+07 6.2263714012e+07 8.8099063635e-01 1.7648764362e+01 -3.1125499561e+07
1.5668239827e+05 1.8250241463e-13 2.9593142984e-14 4.5683895475e+04 6.3779440737e+06 1.0472981864e-17 1.0686082543e-17 -1.0478488762e+02 -1.6999467633e+02 -5.3099995719e+11 6.1653976145e+07 6.2372330195e+07 9.0837282904e-01 1.6696148029e+01 -2.8340156094e+07
1.5668330665e+05 1.8251192805e-13 2.9602855684e-14 4.5592190346e+04 6.3777914018e+06 1.0473072506e-17 1.0698749868e-17 -9.7239771873e+01 -1.6622819660e+02 -5.3102458673e+11 6.1718650944e+07 6.2479994541e+07 9.3641112689e-01 1.5860174764e+01 -2.5962111443e+07
1.5668330665e+05 1.8251192805e-13 2.9602855684e-14 4.5592190346e+04 6.3777914018e+06 1.0473072506e-17 1.0698749868e-17 -9.7239771873e+01 -1.6622819660e+02 -5.3102458673e+11 6.1718650944e+07 6.2479994541e+07 9.3641112689e-01 1.5860174764e+01 -2.5962111443e+07
