0.0000000000e+00 0.0000000000e+00 0.0000000000e+00 3.1415900000e+08 0.0000000000e+00 0.0000000000e+00 0.0000000000e+00 -1.1784905610e+03 2.2618576170e+02 -4.6638892995e+09 -1.0017169769e+07 1.9225789745e+06 1.0000000000e+01 0.0000000000e+00 -0.0000000000e+00
1.0000000000e+01 2.8740014433e-22 6.8975532300e-28 3.1414721489e+08 2.2618576165e+03 5.7480747641e-23 2.0693047828e-28 -1.1785309463e+03 2.2618576155e+02 -4.6638892995e+09 -1.0017169769e+07 1.9225789744e+06 5.0000000000e+01 0.0000000000e+00 -0.0000000000e+00
6.0000000000e+01 1.0347699225e-20 1.4902907979e-25 3.1408828330e+08 1.3571145597e+04 3.4494919276e-22 7.4522928192e-27 -1.1787329182e+03 2.2618575646e+02 -4.6638892995e+09 -1.0017169769e+07 1.9225789744e+06 2.5000000000e+02 0.0000000000e+00 -0.0000000000e+00
3.1000000000e+02 2.7639898673e-19 2.0583245632e-23 3.1379347373e+08 7.0117571665e+04 1.7839115144e-21 1.9930870519e-25 -1.1797439162e+03 2.2618562167e+02 -4.6638892995e+09 -1.0017169769e+07 1.9225789744e+06 1.2500000000e+03 0.0000000000e+00 -0.0000000000e+00
1.5600000000e+03 7.0214357248e-18 2.6416291044e-21 3.1231562155e+08 3.5284793227e+05 9.0195309148e-21 5.0950410450e-24 -1.1848275773e+03 2.2618218198e+02 -4.6638892995e+09 -1.0017169768e+07 1.9225789744e+06 3.6000000000e+03 0.0000000000e+00 -0.0000000000e+00
5.1600000000e+03 7.7526378744e-17 9.7588476843e-20 3.0802351958e+08 1.1670499659e+06 3.0247731801e-20 5.7301612108e-23 -1.1997422615e+03 2.2614550226e+02 -4.6638892994e+09 -1.0017169768e+07 1.9225789744e+06 3.6000000000e+03 0.0000000000e+00 -0.0000000000e+00
8.7600000000e+03 2.2552881151e-16 4.8762468776e-19 3.0367696880e+08 1.9810446731e+06 5.2079107390e-20 1.6986790724e-22 -1.2150807292e+03 2.2606641451e+02 -4.6638892993e+09 -1.0017169769e+07 1.9225789744e+06 3.6000000000e+03 0.0000000000e+00 -0.0000000000e+00
1.2360000000e+04 4.5326020578e-16 1.3993661684e-18 2.9927440138e+08 2.7946728364e+06 7.4547456071e-20 3.4806052677e-22 -1.2308667266e+03 2.2594121847e+02 -4.6638892992e+09 -1.0017169769e+07 1.9225789744e+06 3.6000000000e+03 0.0000000000e+00 -0.0000000000e+00
1.5960000000e+04 7.6307864181e-16 3.0793827944e-18 2.9481416057e+08 3.6077612186e+06 9.7689365605e-20 5.9770995046e-22 -1.2471259600e+03 2.2576581772e+02 -4.6638892991e+09 -1.0017169769e+07 1.9225789744e+06 3.6000000000e+03 0.0000000000e+00 -0.0000000000e+00
1.9560000000e+04 1.1574793926e-15 5.7963593820e-18 2.9029449322e+08 4.4201210449e+06 1.2154452111e-19 9.2528514689e-22 -1.2638863116e+03 2.2553566724e+02 -4.6638892989e+09 -1.0017169769e+07 1.9225789744e+06 3.6000000000e+03 0.0000000000e+00 -0.0000000000e+00
2.3160000000e+04 1.6391066921e-15 9.8435461910e-18 2.8571354153e+08 5.2315462812e+06 1.4615605609e-19 1.3379801592e-21 -1.2811780865e+03 2.2524571258e+02 -4.6638892987e+09 -1.0017169769e+07 1.9225789744e+06 3.6000000000e+03 0.0000000000e+00 -0.0000000000e+00
2.6760000000e+04 2.2107668557e-15 1.5541546054e-17 2.8106933380e+08 6.0418116757e+06 1.7157095372e-19 1.8438149544e-21 -1.2990342946e+03 2.2489031900e+02 -4.6638892985e+09 -1.0017169769e+07 1.9225789744e+06 3.6000000000e+03 0.0000000000e+00 -0.0000000000e+00
3.0360000000e+04 2.8754429487e-15 2.3241494347e-17 2.7635977418e+08 6.8506705247e+06 1.9784050742e-19 2.4517533331e-21 -1.3174909740e+03 2.2446318865e+02 -4.6638892982e+09 -1.0017169769e+07 1.9225789744e+06 3.6000000000e+03 0.0000000000e+00 -0.0000000000e+00
3.3960000000e+04 3.6363112346e-15 3.3328699187e-17 2.7158263106e+08 7.6578521154e+06 2.2502085108e-19 3.1718413409e-21 -1.3365875637e+03 2.2395726329e+02 -4.6638892979e+09 -1.0017169768e+07 1.9225789744e+06 3.6000000000e+03 0.0000000000e+00 -0.0000000000e+00
3.7560000000e+04 4.4967596779e-15 4.6226823065e-17 2.6673552408e+08 8.4630587874e+06 2.5317357219e-19 4.0153704346e-21 -1.3563673343e+03 2.2336460967e+02 -4.6638892976e+09 -1.0017169768e+07 1.9225789744e+06 3.6000000000e+03 0.0000000000e+00 -0.0000000000e+00
4.1160000000e+04 5.4604088252e-15 6.2402704172e-17 2.6181590951e+08 9.2659625458e+06 2.8236642342e-19 4.9950706924e-21 -1.3768778881e+03 2.2267628380e+02 -4.6638892972e+09 -1.0017169768e+07 1.9225789744e+06 3.6000000000e+03 0.0000000000e+00 -0.0000000000e+00
4.4760000000e+04 6.5311354547e-15 8.2371937072e-17 2.5682106356e+08 1.0066201140e+07 3.1267415221e-19 6.1253406854e-21 -1.3981717418e+03 2.2188216940e+02 -4.6638892967e+09 -1.0017169769e+07 1.9225789744e+06 3.6000000000e+03 0.0000000000e+00 -0.0000000000e+00
4.8360000000e+04 7.7130994593e-15 1.0670535908e-16 2.5174806353e+08 1.0863373506e+07 3.4417947232e-19 7.4225223420e-21 -1.4203070091e+03 2.2097078483e+02 -4.6638892961e+09 -1.0017169769e+07 1.9225789744e+06 3.6000000000e+03 0.0000000000e+00 -0.0000000000e+00
5.1960000000e+04 9.0107745266e-15 1.3603662260e-16 2.4659376628e+08 1.1657034447e+07 3.7697420707e-19 8.9052313659e-21 -1.4433482039e+03 2.1992905091e+02 -4.6638892954e+09 -1.0017169768e+07 1.9225789744e+06 3.6000000000e+03 0.0000000000e+00 -0.0000000000e+00
5.5560000000e+04 1.0428983298e-14 1.7107107666e-16 2.4135478346e+08 1.2446688394e+07 4.1116064170e-19 1.0594756692e-20 -1.4673671907e+03 2.1874201029e+02 -4.6638892945e+09 -1.0017169769e+07 1.9225789744e+06 3.6000000000e+03 0.0000000000e+00 -0.0000000000e+00
5.9160000000e+04 1.1972937843e-14 2.1259623609e-16 2.3602745314e+08 1.3231782048e+07 4.4685313182e-19 1.2515546327e-20 -1.4924443143e+03 2.1739248609e+02 -4.6638892934e+09 -1.0017169769e+07 1.9225789744e+06 3.6000000000e+03 0.0000000000e+00 -0.0000000000e+00
6.2760000000e+04 1.3648286470e-14 2.6149418809e-16 2.3060780689e+08 1.4011695664e+07 4.8418002757e-19 1.4695802086e-20 -1.5186697521e+03 2.1586066405e+02 -4.6638892921e+09 -1.0017169769e+07 1.9225789745e+06 3.6000000000e+03 0.0000000000e+00 -0.0000000000e+00
6.6360000000e+04 1.5461168143e-14 3.1875637865e-16 2.2509153153e+08 1.4785732665e+07 5.2328599015e-19 1.7168212658e-20 -1.5461451414e+03 2.1412357747e+02 -4.6638892905e+09 -1.0017169769e+07 1.9225789745e+06 3.6000000000e+03 0.0000000000e+00 -0.0000000000e+00
6.9960000000e+04 1.7418276097e-14 3.8550134381e-16 2.1947392449e+08 1.5553107180e+07 5.6433479933e-19 1.9970863910e-20 -1.5749855518e+03 2.1215446767e+02 -4.6638892885e+09 -1.0017169768e+07 1.9225789745e+06 3.6000000000e+03 0.0000000000e+00 -0.0000000000e+00
7.3560000000e+04 1.9526932616e-14 4.6299611231e-16 2.1374984121e+08 1.6312929009e+07 6.0751278062e-19 2.3148378305e-20 -1.6053218935e+03 2.0992198344e+02 -4.6638892859e+09 -1.0017169768e+07 1.9225789745e+06 3.6000000000e+03 0.0000000000e+00 -0.0000000000e+00
7.7160000000e+04 2.1795177528e-14 5.5268222428e-16 2.0791363300e+08 1.7064185344e+07 6.5303302178e-19 2.6753353421e-20 -1.6373038794e+03 2.0738917033e+02 -4.6638892827e+09 -1.0017169768e+07 1.9225789745e+06 3.6000000000e+03 0.0000000000e+00 -0.0000000000e+00
8.0760000000e+04 2.4231873615e-14 6.5620760547e-16 2.0195907297e+08 1.7805718371e+07 7.0114060403e-19 3.0848195044e-20 -1.6711037007e+03 2.0451218278e+02 -4.6638892785e+09 -1.0017169768e+07 1.9225789745e+06 3.6000000000e+03 0.0000000000e+00 -0.0000000000e+00
8.4360000000e+04 2.6846833133e-14 7.7546594178e-16 1.9587926716e+08 1.8536197609e+07 7.5211915168e-19 3.5507476765e-20 -1.7069206285e+03 2.0123862626e+02 -4.6638892731e+09 -1.0017169768e+07 1.9225789745e+06 3.6000000000e+03 0.0000000000e+00 -0.0000000000e+00
8.7960000000e+04 2.9650970874e-14 9.1264576337e-16 1.8966654695e+08 1.9254085423e+07 8.0629911448e-19 4.0821010880e-20 -1.7449868330e+03 1.9750539970e+02 -4.6638892660e+09 -1.0017169768e+07 1.9225789745e+06 3.6000000000e+03 0.0000000000e+00 -0.0000000000e+00
9.1560000000e+04 3.2656491004e-14 1.0702922435e-15 1.8331233785e+08 1.9957593603e+07 8.6406835502e-19 4.6897893381e-20 -1.7855748217e+03 1.9323585355e+02 -4.6638892564e+09 -1.0017169768e+07 1.9225789745e+06 3.6000000000e+03 0.0000000000e+00 -0.0000000000e+00
9.5160000000e+04 3.5877117317e-14 1.2513858599e-15 1.7680699767e+08 2.0644628100e+07 9.2588584495e-19 5.3871902843e-20 -1.8290070629e+03 1.8833599655e+02 -4.6638892435e+09 -1.0017169769e+07 1.9225789745e+06 3.6000000000e+03 0.0000000000e+00 -0.0000000000e+00
9.8760000000e+04 3.9328380050e-14 1.4594437322e-15 1.7013961506e+08 2.1312717829e+07 9.9229961669e-19 6.1908812174e-20 -1.8756685976e+03 1.8268935861e+02 -4.6638892256e+09 -1.0017169768e+07 1.9225789745e+06 3.6000000000e+03 0.0000000000e+00 -0.0000000000e+00
1.0236000000e+05 4.3027977379e-14 1.6986519285e-15 1.6329775548e+08 2.1958921707e+07 1.0639706370e-18 7.1216452309e-20 -1.9260238133e+03 1.7614992015e+02 -4.6638892004e+09 -1.0017169768e+07 1.9225789745e+06 3.6000000000e+03 0.0000000000e+00 -0.0000000000e+00
1.0596000000e+05 4.6996237072e-14 1.9740407952e-15 1.5626713689e+08 2.2579705471e+07 1.1417050740e-18 8.2058815690e-20 -1.9806391142e+03 1.6853220319e+02 -4.6638891641e+09 -1.0017169768e+07 1.9225789745e+06 3.6000000000e+03 0.0000000000e+00 -0.0000000000e+00
1.0956000000e+05 5.1256714775e-14 2.2917212198e-15 1.4903120936e+08 2.3170775684e+07 1.2264987062e-18 9.4776225473e-20 -2.0402141226e+03 1.5959710070e+02 -4.6638891105e+09 -1.0017169768e+07 1.9225789745e+06 3.6000000000e+03 0.0000000000e+00 -0.0000000000e+00
1.1316000000e+05 5.5836982352e-14 2.6592090751e-15 1.4157060122e+08 2.3726851783e+07 1.3195993066e-18 1.0981484749e-19 -2.1056255091e+03 1.4903114180e+02 -4.6638890291e+09 -1.0017169768e+07 1.9225789745e+06 3.3299445310e+03 0.0000000000e+00 -0.0000000000e+00
1.1615418047e+05 5.9913351264e-14 3.0094662128e-15 1.3517797896e+08 2.4158006230e+07 1.4044900346e-18 1.2451365689e-19 -2.1652687359e+03 1.3870393123e+02 -4.6638889803e+09 -1.0017169769e+07 1.9225789745e+06 3.0135572710e+03 0.0000000000e+00 -0.0000000000e+00
1.1916773775e+05 6.4284564376e-14 3.4100471743e-15 1.2855536725e+08 2.4558186506e+07 1.4980048265e-18 1.4180131675e-19 -2.2309711285e+03 1.2655782480e+02 -4.6638889049e+09 -1.0017169768e+07 1.9225789745e+06 2.7214670778e+03 0.0000000000e+00 -0.0000000000e+00
1.2161347376e+05 6.8048236646e-14 3.7763119452e-15 1.2302877859e+08 2.4854043849e+07 1.5808647238e-18 1.5808489013e-19 -2.2891875175e+03 1.1511717771e+02 -4.6638888657e+09 -1.0017169768e+07 1.9225789745e+06 2.4623219726e+03 0.0000000000e+00 -0.0000000000e+00
1.2407579573e+05 7.2050985156e-14 4.1882611754e-15 1.1731467137e+08 2.5121555337e+07 1.6716632143e-18 1.7697741027e-19 -2.3529814688e+03 1.0184351533e+02 -4.6638888067e+09 -1.0017169768e+07 1.9225789745e+06 2.2224869168e+03 0.0000000000e+00 -0.0000000000e+00
1.2606987430e+05 7.5462979565e-14 4.5582708465e-15 1.1256744147e+08 2.5312623076e+07 1.7514723671e-18 1.9449521898e-19 -2.4090544406e+03 8.9535709021e+01 -4.6638887771e+09 -1.0017169768e+07 1.9225789745e+06 2.0089674170e+03 0.0000000000e+00 -0.0000000000e+00
1.2787661576e+05 7.8696950718e-14 4.9255470115e-15 1.0816606363e+08 2.5463238356e+07 1.8293671460e-18 2.1242125773e-19 -2.4637823958e+03 7.6941085091e+01 -4.6638887520e+09 -1.0017169768e+07 1.9225789745e+06 1.8207262166e+03 0.0000000000e+00 -0.0000000000e+00
1.2950792062e+05 8.1742091894e-14 5.2866111672e-15 1.0410410588e+08 2.5578536862e+07 1.9048888769e-18 2.3058794347e-19 -2.5168430755e+03 6.4177385415e+01 -4.6638887313e+09 -1.0017169768e+07 1.9225789745e+06 1.6454962762e+03 0.0000000000e+00 -0.0000000000e+00
1.3097315285e+05 8.4585789196e-14 5.6375715433e-15 1.0037939526e+08 2.5663370897e+07 1.9774726874e-18 2.4878301911e-19 -2.5678396068e+03 5.1393739331e+01 -4.6638887150e+09 -1.0017169768e+07 1.9225789745e+06 1.4803068240e+03 0.0000000000e+00 -0.0000000000e+00
1.3227753012e+05 8.7209612103e-14 5.9735834109e-15 9.6998731855e+07 2.5722324479e+07 2.0463381012e-18 2.6671676974e-19 -2.6162236363e+03 3.8793697128e+01 -4.6638887030e+09 -1.0017169768e+07 1.9225789745e+06 1.3215618035e+03 0.0000000000e+00 -0.0000000000e+00
1.3341975676e+05 8.9583184306e-14 6.2879381376e-15 9.3984984639e+07 2.5759817948e+07 2.1103075538e-18 2.8396474164e-19 -2.6611678211e+03 2.6675474988e+01 -4.6638886949e+09 -1.0017169768e+07 1.9225789745e+06 1.1642847993e+03 0.0000000000e+00 -0.0000000000e+00
1.3438471956e+05 9.1646819793e-14 6.5694991967e-15 9.1397899067e+07 2.5780257307e+07 2.1672935512e-18 2.9981090546e-19 -2.7012055125e+03 1.5542146714e+01 -4.6638886905e+09 -1.0017169768e+07 1.9225789745e+06 1.0005769085e+03 0.0000000000e+00 -0.0000000000e+00
1.3510398354e+05 9.3221536819e-14 6.7896490950e-15 8.9443875602e+07 2.5788269849e+07 2.2116796880e-18 3.1246936413e-19 -2.7323906900e+03 6.6484625736e+00 -4.6638886893e+09 -1.0017169768e+07 1.9225789745e+06 8.2364640754e+02 0.0000000000e+00 -0.0000000000e+00
1.3583863671e+05 9.4863558201e-14 7.0242039944e-15 8.7424428870e+07 2.5789642423e+07 2.2588317109e-18 3.2622138018e-19 -2.7655191466e+03 -3.0135421166e+00 -4.6638886876e+09 -1.0017169768e+07 1.9225789745e+06 6.9843151414e+02 0.0000000000e+00 -0.0000000000e+00
1.3653706822e+05 9.6457381710e-14 7.2568571959e-15 8.5481532277e+07 2.5784158285e+07 2.3054833429e-18 3.4013806965e-19 -2.7982960344e+03 -1.2791244410e+01 -4.6638886861e+09 -1.0017169768e+07 1.9225789745e+06 8.6195750544e+02 0.0000000000e+00 -0.0000000000e+00
1.3739902573e+05 9.8470346167e-14 7.5578781124e-15 8.3051438346e+07 2.5767627046e+07 2.3657043442e-18 3.5856223045e-19 -2.8406066014e+03 -2.5735843038e+01 -4.6638886809e+09 -1.0017169768e+07 1.9225789745e+06 9.4439098263e+02 0.0000000000e+00 -0.0000000000e+00
1.3834341671e+05 1.0073706454e-13 7.9067141976e-15 8.0345912828e+07 2.5736146710e+07 2.4353452685e-18 3.8051873857e-19 -2.8895354955e+03 -4.1162227329e+01 -4.6638886703e+09 -1.0017169768e+07 1.9225789745e+06 9.8466086424e+02 0.0000000000e+00 -0.0000000000e+00
1.3932807757e+05 1.0317262279e-13 8.2935697699e-15 7.7474304722e+07 2.5687062804e+07 2.5124617790e-18 4.0565309573e-19 -2.9437166486e+03 -5.8821330969e+01 -4.6638886533e+09 -1.0017169768e+07 1.9225789745e+06 9.9947815860e+02 0.0000000000e+00 -0.0000000000e+00
1.4032755573e+05 1.0572504938e-13 8.7128643006e-15 7.4503124246e+07 2.5618539128e+07 2.5959897638e-18 4.3386014352e-19 -3.0024024280e+03 -7.8639270900e+01 -4.6638886289e+09 -1.0017169768e+07 1.9225789745e+06 9.9735342498e+02 0.0000000000e+00 -0.0000000000e+00
1.4132490916e+05 1.0835816790e-13 9.1608991111e-15 7.1477754557e+07 2.5529342285e+07 2.6852700111e-18 4.6515268384e-19 -3.0651296794e+03 -1.0062504158e+02 -4.6638885961e+09 -1.0017169768e+07 1.9225789745e+06 9.8339685331e+02 0.0000000000e+00 -0.0000000000e+00
1.4230830601e+05 1.1104479617e-13 9.6349543808e-15 6.8431237234e+07 2.5418706996e+07 2.7798617949e-18 4.9961156984e-19 -3.1315887539e+03 -1.2483544948e+02 -4.6638885540e+09 -1.0017169768e+07 1.9225789745e+06 9.6100830282e+02 0.0000000000e+00 -0.0000000000e+00
1.4326931431e+05 1.1376351702e-13 1.0132874313e-14 6.5388556735e+07 2.5286240704e+07 2.8794552851e-18 5.3736336616e-19 -3.2015619684e+03 -1.5135941745e+02 -4.6638885018e+09 -1.0017169768e+07 1.9225789745e+06 9.3260079313e+02 0.0000000000e+00 -0.0000000000e+00
1.4420191511e+05 1.1649693487e-13 1.0652852881e-14 6.2369028283e+07 2.5131850901e+07 2.9838246796e-18 5.7856925853e-19 -3.2748906771e+03 -1.8031019264e+02 -4.6638884385e+09 -1.0017169768e+07 1.9225789744e+06 8.9995964459e+02 0.0000000000e+00 -0.0000000000e+00
1.4510187475e+05 1.1923064198e-13 1.1193314206e-14 5.9387763876e+07 2.4955687190e+07 3.0928006166e-18 6.2341926358e-19 -3.3514558884e+03 -2.1182127854e+02 -4.6638883632e+09 -1.0017169768e+07 1.9225789744e+06 8.6444161558e+02 0.0000000000e+00 -0.0000000000e+00
1.4596631637e+05 1.2195255937e-13 1.1752842234e-14 5.6456640457e+07 2.4758093765e+07 3.2062526700e-18 6.7212922634e-19 -3.4311659663e+03 -2.4604432532e+02 -4.6638882750e+09 -1.0017169768e+07 1.9225789744e+06 8.2709521700e+02 0.0000000000e+00 -0.0000000000e+00
1.4679341158e+05 1.2465249053e-13 1.2330138043e-14 5.3584976684e+07 2.4539569683e+07 3.3240775154e-18 7.2493942168e-19 -3.5139483166e+03 -2.8314814728e+02 -4.6638881730e+09 -1.0017169768e+07 1.9225789744e+06 7.8873858315e+02 0.0000000000e+00 -0.0000000000e+00
1.4758215017e+05 1.2732180367e-13 1.2923993493e-14 5.0780027699e+07 2.4300735268e+07 3.4461904614e-18 7.8211415793e-19 -3.5997434358e+03 -3.2331844432e+02 -4.6638880560e+09 -1.0017169768e+07 1.9225789744e+06 7.5001273894e+02 0.0000000000e+00 -0.0000000000e+00
1.4833216291e+05 1.2995319519e-13 1.3533274978e-14 4.8047360042e+07 2.4042303467e+07 3.5725190502e-18 8.4394205749e-19 -3.6885004160e+03 -3.6675799916e+02 -4.6638879232e+09 -1.0017169768e+07 1.9225789745e+06 7.1141972263e+02 0.0000000000e+00 -0.0000000000e+00
1.4904358263e+05 1.3254050665e-13 1.4156913598e-14 4.5391144023e+07 2.3765055322e+07 3.7029979562e-18 9.1073683378e-19 -3.7801733603e+03 -4.1368722316e+02 -4.6638877735e+09 -1.0017169768e+07 1.9225789745e+06 6.7335087511e+02 0.0000000000e+00 -0.0000000000e+00
1.4971693350e+05 1.3507857841e-13 1.4793899534e-14 4.2814387010e+07 2.3469818877e+07 3.8375646982e-18 9.8283846230e-19 -3.8747183701e+03 -4.6434497911e+02 -4.6638876057e+09 -1.0017169768e+07 1.9225789745e+06 6.3610845612e+02 0.0000000000e+00 -0.0000000000e+00
1.5035304196e+05 1.3756312921e-13 1.5443279211e-14 4.0319123041e+07 2.3157451032e+07 3.9761558404e-18 1.0606146912e-18 -3.9720908762e+03 -5.1898964253e+02 -4.6638874188e+09 -1.0017169768e+07 1.9225789745e+06 5.9992254285e+02 0.0000000000e+00 -0.0000000000e+00
1.5095296450e+05 1.3999065460e-13 1.6104154351e-14 3.7906569206e+07 2.2828821871e+07 4.1187034561e-18 1.1444628654e-18 -4.0722431539e+03 -5.7790038324e+02 -4.6638872116e+09 -1.0017169768e+07 1.9225789745e+06 5.6496448621e+02 0.0000000000e+00 -0.0000000000e+00
1.5151792899e+05 1.4235833981e-13 1.6775682338e-14 3.5577256115e+07 2.2484801130e+07 4.2651316824e-18 1.2348120586e-18 -4.1751219030e+03 -6.4137866348e+02 -4.6638869829e+09 -1.0017169768e+07 1.9225789745e+06 5.3135777965e+02 0.0000000000e+00 -0.0000000000e+00
1.5204928677e+05 1.4466398367e-13 1.7457077513e-14 3.3331137739e+07 2.2126246461e+07 4.4153532284e-18 1.3321255245e-18 -4.2806657939e+03 -7.0974995972e+02 -4.6638867314e+09 -1.0017169768e+07 1.9225789745e+06 4.9918692709e+02 0.0000000000e+00 -0.0000000000e+00
1.5254847370e+05 1.4690593146e-13 1.8147613155e-14 3.1167684516e+07 2.1753993218e+07 4.5692657146e-18 1.4369034870e-18 -4.3888028960e+03 -7.8336572349e+02 -4.6638864559e+09 -1.0017169768e+07 1.9225789745e+06 4.6850474781e+02 0.0000000000e+00 -0.0000000000e+00
1.5301697844e+05 1.4908301518e-13 1.8846624029e-14 2.9085962682e+07 2.1368845505e+07 4.7267477294e-18 1.5496863074e-18 -4.4994479069e+03 -8.6260560628e+02 -4.6638861552e+09 -1.0017169768e+07 1.9225789745e+06 4.3933842357e+02 0.0000000000e+00 -0.0000000000e+00
1.5345631687e+05 1.5119450001e-13 1.9553509429e-14 2.7084702096e+07 2.0971568235e+07 4.8876544847e-18 1.6710580732e-18 -4.6124991001e+03 -9.4787998104e+02 -4.6638858279e+09 -1.0017169768e+07 1.9225789745e+06 4.1169453291e+02 0.0000000000e+00 -0.0000000000e+00
1.5386801140e+05 1.5324003617e-13 2.0267736715e-14 2.5162354337e+07 2.0562879988e+07 5.0518129441e-18 1.8016506714e-18 -4.7278349024e+03 -1.0396328041e+03 -4.6638854727e+09 -1.0017169768e+07 1.9225789745e+06 3.8556325389e+02 0.0000000000e+00 -0.0000000000e+00
1.5425357465e+05 1.5521961554e-13 2.0988845412e-14 2.3317142506e+07 2.0143446419e+07 5.2190162772e-18 1.9421484243e-18 -4.8453099972e+03 -1.1383448724e+03 -4.6638850885e+09 -1.0017169768e+07 1.9225789744e+06 3.6092188269e+02 0.0000000000e+00 -0.0000000000e+00
1.5461449654e+05 1.5713353259e-13 2.1716451954e-14 2.1547103867e+07 1.9713874014e+07 5.3890174688e-18 2.0932933876e-18 -4.9647508344e+03 -1.2445375455e+03 -4.6638846739e+09 -1.0017169768e+07 1.9225789744e+06 3.3773778587e+02 0.0000000000e+00 -0.0000000000e+00
1.5495223432e+05 1.5898234921e-13 2.2450255254e-14 1.9850126266e+07 1.9274703927e+07 5.5615218739e-18 2.2558914361e-18 -5.0859503999e+03 -1.3587770214e+03 -4.6638842277e+09 -1.0017169768e+07 1.9225789744e+06 3.1597088342e+02 0.0000000000e+00 -0.0000000000e+00
1.5526820521e+05 1.6076686315e-13 2.3190043311e-14 1.8223979068e+07 1.8826405656e+07 5.7361784561e-18 2.4308192975e-18 -5.2086620598e+03 -1.4816792788e+03 -4.6638837489e+09 -1.0017169768e+07 1.9225789744e+06 2.9557574364e+02 0.0000000000e+00 -0.0000000000e+00
1.5556378095e+05 1.6248807985e-13 2.3935701154e-14 1.6666339236e+07 1.8369370253e+07 5.9125693813e-18 2.6190327411e-18 -5.3325922486e+03 -1.6139158300e+03 -4.6638832366e+09 -1.0017169768e+07 1.9225789745e+06 2.7650335930e+02 0.0000000000e+00 -0.0000000000e+00
1.5584028431e+05 1.6414718762e-13 2.4687220533e-14 1.5174813037e+07 1.7903902702e+07 6.0901975369e-18 2.8215761873e-18 -5.4573917010e+03 -1.7562204725e+03 -4.6638826900e+09 -1.0017169768e+07 1.9225789744e+06 2.5870266633e+02 0.0000000000e+00 -0.0000000000e+00
1.5609898698e+05 1.6574553584e-13 2.5444711889e-14 1.3746953733e+07 1.7430213046e+07 6.2684714197e-18 3.0395940867e-18 -5.5826448338e+03 -1.9093972837e+03 -4.6638821086e+09 -1.0017169768e+07 1.9225789744e+06 2.4212186095e+02 0.0000000000e+00 -0.0000000000e+00
1.5634110884e+05 1.6728461636e-13 2.6208419333e-14 1.2380275539e+07 1.6948405699e+07 6.4466866454e-18 3.2743445324e-18 -5.7078567547e+03 -2.0743301851e+03 -4.6638814924e+09 -1.0017169769e+07 1.9225789744e+06 2.2670956886e+02 0.0000000000e+00 -0.0000000000e+00
1.5656781841e+05 1.6876604805e-13 2.6978739620e-14 1.1072263974e+07 1.6458466204e+07 6.6240030723e-18 3.5272157252e-18 -5.8324371901e+03 -2.2519945102e+03 -4.6638808417e+09 -1.0017169769e+07 1.9225789745e+06 2.1241592025e+02 0.0000000000e+00 -0.0000000000e+00
1.5678023433e+05 1.7019156465e-13 2.7756246493e-14 9.8203826252e+06 1.5960244478e+07 6.7994161518e-18 3.7997461354e-18 -5.9556803561e+03 -2.4434711701e+03 -4.6638801576e+09 -1.0017169768e+07 1.9225789744e+06 1.9919359094e+02 0.0000000000e+00 -0.0000000000e+00
1.5697942792e+05 1.7156300617e-13 2.8541722316e-14 8.6220761846e+06 1.5453433160e+07 6.9717205564e-18 4.0936495253e-18 -6.0767394037e+03 -2.6499642342e+03 -4.6638794422e+09 -1.0017169769e+07 1.9225789744e+06 1.8699888036e+02 0.0000000000e+00 -0.0000000000e+00
1.5716642680e+05 1.7288231429e-13 2.9336199741e-14 7.4747693990e+06 1.4937539153e+07 7.1394632994e-18 4.4108464619e-18 -6.1945934815e+03 -2.8728230701e+03 -4.6638786986e+09 -1.0017169769e+07 1.9225789744e+06 1.7579291810e+02 0.0000000000e+00 -0.0000000000e+00
1.5734221972e+05 1.7415153250e-13 3.0141017414e-14 6.3758613241e+06 1.4411845579e+07 7.3008822703e-18 4.7535046331e-18 -6.3080045513e+03 -3.1135706699e+03 -4.6638779318e+09 -1.0017169769e+07 1.9225789745e+06 1.6554312384e+02 0.0000000000e+00 -0.0000000000e+00
1.5750776284e+05 1.7537281173e-13 3.0957895639e-14 5.3227138950e+06 1.3875360046e+07 7.4538240744e-18 5.1240913041e-18 -6.4154596636e+03 -3.3739405051e+03 -4.6638771488e+09 -1.0017169769e+07 1.9225789745e+06 1.5622509995e+02 0.0000000000e+00 -0.0000000000e+00
1.5766398794e+05 1.7654842314e-13 3.1789040925e-14 4.3126333471e+06 1.3326743039e+07 7.5956317792e-18 5.5254427682e-18 -6.5150920887e+03 -3.6559253220e+03 -4.6638763598e+09 -1.0017169769e+07 1.9225789745e+06 1.4782522118e+02 0.0000000000e+00 -0.0000000000e+00
1.5781181316e+05 1.7768077957e-13 3.2637293184e-14 3.3428424125e+06 1.2764206942e+07 7.7229876845e-18 5.9608579085e-18 -6.6045708494e+03 -3.9618428771e+03 -4.6638755788e+09 -1.0017169768e+07 1.9225789745e+06 1.4034430361e+02 0.0000000000e+00 -0.0000000000e+00
1.5795215746e+05 1.7877246780e-13 3.3506336915e-14 2.4104406653e+06 1.2185370924e+07 7.8316868290e-18 6.4342261761e-18 -6.6809415896e+03 -4.2944258528e+03 -4.6638748258e+09 -1.0017169769e+07 1.9225789744e+06 1.3094654210e+02 0.0000000000e+00 -0.0000000000e+00
1.5806169958e+05 1.7963439890e-13 3.4233595098e-14 1.6757636643e+06 1.1699184748e+07 7.9027861705e-18 6.8514693886e-18 -6.7308951505e+03 -4.5875760252e+03 -4.6638745679e+09 -1.0017169768e+07 1.9225789745e+06 1.1221288700e+02 0.0000000000e+00 -0.0000000000e+00
1.5815452474e+05 1.8037023926e-13 3.4887457221e-14 1.0493773138e+06 1.1260784642e+07 7.9490048999e-18 7.2426888380e-18 -6.7633678860e+03 -4.8624422078e+03 -4.6638744443e+09 -1.0017169768e+07 1.9225789745e+06 9.5849902675e+01 3.7453181513e-292 -2.6518264528e-284
1.5822919628e+05 1.8096479928e-13 3.5440910564e-14 5.4364673851e+05 1.0888824473e+07 7.9735137215e-18 7.5853519618e-18 -6.7805874957e+03 -5.1031932872e+03 -4.6638744009e+09 -1.0017169769e+07 1.9225789745e+06 7.9846849001e+01 1.0495352589e-267 -7.5707577022e-260
1.5825376759e+05 1.8116078422e-13 3.5628743750e-14 3.7699296302e+05 1.0762412766e+07 7.9785519901e-18 7.7039678408e-18 -6.7841273239e+03 -5.1865314083e+03 -4.6638744007e+09 -1.0017169768e+07 1.9225789745e+06 7.2016228812e+01 1.0688080735e-259 -7.7580996999e-252
1.5828148917e+05 1.8138201787e-13 3.5844206337e-14 1.8888718171e+05 1.0617301516e+07 7.9821822718e-18 7.8414388018e-18 -6.7866779171e+03 -5.2831168882e+03 -4.6638744004e+09 -1.0017169768e+07 1.9225789745e+06 6.1810997519e+01 1.0890597041e-250 -7.9615819033e-243
1.5834330017e+05 1.8187544826e-13 3.6338709274e-14 -2.3063488140e+05 1.0283850337e+07 7.9814384160e-18 8.1624447975e-18 -6.7861552928e+03 -5.5086519243e+03 -4.6638743842e+09 -1.0017169769e+07 1.9225789745e+06 6.2826255643e+01 1.0090364033e-230 -7.4965999944e-223
1.5840612642e+05 1.8237649333e-13 3.6862334087e-14 -6.5670340293e+05 9.9301681084e+06 7.9660447652e-18 8.5102575770e-18 -6.7753398948e+03 -5.7530210912e+03 -4.6638743683e+09 -1.0017169769e+07 1.9225789744e+06 7.5036555184e+01 1.2394162677e-210 -9.3638939529e-203
1.5848116298e+05 1.8297283825e-13 3.7517419731e-14 -1.1641182031e+06 9.4868848422e+06 7.9240111647e-18 8.9557867331e-18 -6.7458075816e+03 -6.0660446347e+03 -4.6638743378e+09 -1.0017169769e+07 1.9225789744e+06 8.1575136502e+01 5.4977405199e-187 -4.2394597395e-179
1.5856273812e+05 1.8361618464e-13 3.8269055654e-14 -1.7122613341e+06 8.9772454196e+06 7.8420751302e-18 9.4791922410e-18 -6.6882402878e+03 -6.4337831869e+03 -4.6638743029e+09 -1.0017169769e+07 1.9225789744e+06 8.5700916940e+01 7.9024389123e-162 -6.2337233568e-154
1.5864843903e+05 1.8428279484e-13 3.9106595651e-14 -2.2816115414e+06 8.4081839981e+06 7.7048148406e-18 1.0074193980e-17 -6.5918028232e+03 -6.8518244090e+03 -4.6638742487e+09 -1.0017169769e+07 1.9225789744e+06 8.9355991718e+01 3.3781288866e-136 -2.7300954060e-128
1.5873779502e+05 1.8496232340e-13 4.0036315069e-14 -2.8643455013e+06 7.7751851260e+06 7.4912723265e-18 1.0743199155e-17 -6.4417703650e+03 -7.3218595740e+03 -4.6638740659e+09 -1.0017169769e+07 1.9225789744e+06 9.4722275171e+01 1.3342430338e-110 -1.1060070706e-102
1.5883251730e+05 1.8565741711e-13 4.1089491949e-14 -3.4643394719e+06 7.0566602708e+06 7.1664156523e-18 1.1501667873e-17 -6.2135298875e+03 -7.8547507719e+03 -4.6638732991e+09 -1.0017169769e+07 1.9225789744e+06 1.0691771542e+02 4.3505479703e-85 -3.7036020486e-77
1.5893943501e+05 1.8639751965e-13 4.2367094971e-14 -4.1103283324e+06 6.1832146827e+06 6.6484854487e-18 1.2403065967e-17 -5.8496382198e+03 -8.4880624680e+03 -4.6638693881e+09 -1.0017169769e+07 1.9225789744e+06 9.6925866282e+01 7.0673129549e-59 -6.1925473526e-51
1.5902453874e+05 1.8694090785e-13 4.3453747646e-14 -4.5924004184e+06 5.4389945484e+06 6.0998830354e-18 1.3133866123e-17 -5.4641966184e+03 -9.0015140602e+03 -4.6638665391e+09 -1.0017169769e+07 1.9225789744e+06 8.5143979668e+01 1.7537514532e-40 -1.5697221359e-32
1.5910968272e+05 1.8743213206e-13 4.4602697267e-14 -5.0378701463e+06 4.6510144170e+06 5.4154349002e-18 1.3849319095e-17 -4.9833114109e+03 -9.5041829015e+03 -4.6638618183e+09 -1.0017169769e+07 1.9225789745e+06 7.7877366915e+01 9.4928858930e-25 -8.6591139495e-17
1.5918756008e+05 1.8782545046e-13 4.5705441217e-14 -5.4059887726e+06 3.8938542431e+06 4.6659816962e-18 1.4461410113e-17 -4.4567544068e+03 -9.9342308495e+03 -4.6638576935e+09 -1.0017169769e+07 1.9225789745e+06 7.3009900207e+01 4.3809440169e-13 -4.0545283688e-05
1.5924807382e+05 1.8808813919e-13 4.6593763734e-14 -5.6618656489e+06 3.2834166395e+06 4.0050138332e-18 1.4889622192e-17 -3.9923661525e+03 -1.0235087593e+04 -4.6638589282e+09 -1.0017169684e+07 1.9225791897e+06 6.3884578182e+01 4.8706191713e-06 -4.5483046680e+02
1.5925989212e+05 1.8813466698e-13 4.6770193332e-14 -5.7084832821e+06 3.1621324113e+06 3.8684558980e-18 1.4967030648e-17 -3.8964220494e+03 -1.0289473590e+04 -4.6638862540e+09 -1.0017168797e+07 1.9225815108e+06 3.6383238475e+01 6.9856900588e-05 -6.5331145215e+03
1.5927409097e+05 1.8818841223e-13 4.6983350791e-14 -5.7629772669e+06 3.0155820952e+06 3.7013685234e-18 1.5057007821e-17 -3.7790262396e+03 -1.0352684567e+04 -4.6644777499e+09 -1.0017150215e+07 1.9226318879e+06 2.2184569290e+01 1.3677406758e-03 -1.2812614171e+05
1.5928589087e+05 1.8823125658e-13 4.7161450001e-14 -5.8069851636e+06 2.8931209549e+06 3.5600908370e-18 1.5129155148e-17 -3.6797449641e+03 -1.0403315011e+04 -4.6703939249e+09 -1.0016969716e+07 1.9231369516e+06 1.4167048399e+01 1.3407229626e-02 -1.2575556423e+06
1.5929535007e+05 1.8826439039e-13 4.7304826098e-14 -5.8414115630e+06 2.7945278529e+06 3.4453106825e-18 1.5185198616e-17 -3.5989907855e+03 -1.0442371503e+04 -4.7020926343e+09 -1.0016026281e+07 1.9258483592e+06 1.0179246520e+01 7.3714309860e-02 -6.9205923954e+06
1.5930306718e+05 1.8829061370e-13 4.7422184296e-14 -5.8689280834e+06 2.7138252287e+06 3.3506971073e-18 1.5229702736e-17 -3.5321362912e+03 -1.0472522202e+04 -4.8129438123e+09 -1.0012795351e+07 1.9353460181e+06 7.9871708023e+00 2.7237511038e-01 -2.5587777264e+07
1.5930959951e+05 1.8831223814e-13 4.7521790364e-14 -5.8918133765e+06 2.6453386102e+06 3.2699468929e-18 1.5266498851e-17 -3.4744032178e+03 -1.0495380558e+04 -5.1095273682e+09 -1.0004304507e+07 1.9607963967e+06 6.6530831153e+00 7.7597025776e-01 -7.2919405528e+07
1.5931531715e+05 1.8833073127e-13 4.7609169109e-14 -5.9115305269e+06 2.5852828104e+06 3.1987829423e-18 1.5298034726e-17 -3.4221915554e+03 -1.0510789654e+04 -5.7768141776e+09 -9.9854964898e+06 2.0181513192e+06 5.7781546390e+00 1.8536046691e+00 -1.7416083009e+08
1.5932047220e+05 1.8834705497e-13 4.7688103409e-14 -5.9290454186e+06 2.5310791033e+06 3.1342432017e-18 1.5325922402e-17 -3.3724678443e+03 -1.0516819156e+04 -7.1154883293e+09 -9.9482762759e+06 2.1334457590e+06 5.1864392279e+00 3.9137875596e+00 -3.6741356937e+08
1.5932565864e+05 1.8836314139e-13 4.7767661994e-14 -5.9463970248e+06 2.4765487177e+06 3.0689581359e-18 1.5353451472e-17 -3.3175948406e+03 -1.0507836589e+04 -9.9024918066e+09 -9.8717381570e+06 2.3742011842e+06 4.7914837810e+00 7.9905047719e+00 -7.4841099708e+08
1.5933045012e+05 1.8837770114e-13 4.7841287781e-14 -5.9621569705e+06 2.4262676815e+06 3.0083388189e-18 1.5378408439e-17 -3.2590819315e+03 -1.0474532901e+04 -1.4881150017e+10 -9.7363969909e+06 2.8063255383e+06 4.6493272813e+00 1.4887362068e+01 -1.3881522036e+09
1.5933509945e+05 1.8839155062e-13 4.7912842476e-14 -5.9771549004e+06 2.3777171209e+06 2.9492452907e-18 1.5402185253e-17 -3.1900252364e+03 -1.0402031368e+04 -2.3551023805e+10 -9.5023216331e+06 3.5645837025e+06 5.2275283606e+00 2.6196568288e+01 -2.4227007703e+09
1.5933925285e+05 1.8840369001e-13 4.7976857449e-14 -5.9902492566e+06 2.3347376731e+06 2.8962348814e-18 1.5423058868e-17 -3.1122510235e+03 -1.0283596620e+04 -3.6338155716e+10 -9.1578189876e+06 4.6959362967e+06 4.2841856554e+00 4.1795832892e+01 -3.8170441484e+09
1.5934257076e+05 1.8841322898e-13 4.8028056998e-14 -6.0004510217e+06 2.3008468718e+06 2.8537436751e-18 1.5439485522e-17 -3.0346106180e+03 -1.0136336970e+04 -5.1368154699e+10 -8.7516330254e+06 6.0457432962e+06 3.3772124195e+00 5.8902998801e+01 -5.2975675728e+09
1.5934552114e+05 1.8842159276e-13 4.8073630747e-14 -6.0092842439e+06 2.2711965965e+06 2.8158550314e-18 1.5453909180e-17 -2.9506470647e+03 -9.9539402202e+03 -6.9265907681e+10 -8.2642138025e+06 7.6822537522e+06 2.9689624295e+00 7.7856996722e+01 -6.8706884605e+09
1.5934849011e+05 1.8842989621e-13 4.8119534157e-14 -6.0178985554e+06 2.2419882664e+06 2.7776323371e-18 1.5468251738e-17 -2.8492387703e+03 -9.7111704256e+03 -9.2235850493e+10 -7.6305092304e+06 9.8314507619e+06 2.7171901709e+00 1.0021386932e+02 -8.6208428264e+09
1.5935120730e+05 1.8843739595e-13 4.8161582002e-14 -6.0254955242e+06 2.2159700544e+06 2.7425702615e-18 1.5481229808e-17 -2.7397944840e+03 -9.4297747433e+03 -1.1788351812e+11 -6.9096235124e+06 1.2300819096e+07 2.5596364705e+00 1.2279071356e+02 -1.0249060558e+10
1.5935376693e+05 1.8844437358e-13 4.8201223833e-14 -6.0323600837e+06 2.1922317745e+06 2.7094736650e-18 1.5493329076e-17 -2.6214287665e+03 -9.1093154477e+03 -1.4596991917e+11 -6.1011677879e+06 1.5096979937e+07 2.4742375443e+00 1.4477951712e+02 -1.1665107778e+10
1.5935624117e+05 1.8845103783e-13 4.8239572361e-14 -6.0386901977e+06 2.1701295838e+06 2.6774218572e-18 1.5504911837e-17 -2.4932018569e+03 -8.7483129992e+03 -1.7628368299e+11 -5.2026524520e+06 1.8234672997e+07 2.4464273510e+00 1.6537483060e+02 -1.2787033682e+10
1.5935868760e+05 1.8845754912e-13 4.8277517903e-14 -6.0446219680e+06 2.1492119912e+06 2.6456757494e-18 1.5516259416e-17 -2.3542654129e+03 -8.3449454349e+03 -2.0856896447e+11 -4.2112804343e+06 2.1731065033e+07 2.4661340594e+00 1.8370971378e+02 -1.3539548144e+10
1.5936115373e+05 1.8846403420e-13 4.8315797079e-14 -6.0502445453e+06 2.1291759162e+06 2.6136220526e-18 1.5527597406e-17 -2.2040925156e+03 -7.8979662491e+03 -2.4244800843e+11 -3.1262354850e+06 2.5598098592e+07 2.5206347473e+00 1.9883369110e+02 -1.3858285194e+10
1.5936367437e+05 1.8847058084e-13 4.8354950982e-14 -6.0555985932e+06 2.1098788162e+06 2.5808094770e-18 1.5539086627e-17 -2.0431043775e+03 -7.4088359373e+03 -2.7728285832e+11 -1.9537930121e+06 2.9824319872e+07 2.5718337477e+00 2.0973848021e+02 -1.3701326253e+10
1.5936624620e+05 1.8847717515e-13 4.8394929899e-14 -6.0606370852e+06 2.0914904900e+06 2.5472813698e-18 1.5550711985e-17 -1.8747420447e+03 -6.8884662244e+03 -3.1180988669e+11 -7.2294303956e+05 3.4316889067e+07 2.5447699634e+00 2.1550648416e+02 -1.3077295677e+10
1.5936879097e+05 1.8848361514e-13 4.8434517423e-14 -6.0651952608e+06 2.0746259516e+06 2.5140609179e-18 1.5562124978e-17 -1.7079185426e+03 -6.3655680308e+03 -3.4390102412e+11 4.9666418977e+05 3.8829682105e+07 2.4135634913e+00 2.1586662291e+02 -1.2093069382e+10
1.5937120453e+05 1.8848964492e-13 4.8472090585e-14 -6.0691292642e+06 2.0598576721e+06 2.4825149645e-18 1.5572872941e-17 -1.5527242969e+03 -5.8736838019e+03 -3.7172361760e+11 1.6274228450e+06 4.3074884886e+07 2.2480331199e+00 2.1175553314e+02 -1.0935339484e+10
1.5937345257e+05 1.8849519264e-13 4.8507110112e-14 -6.0724618573e+06 2.0471578481e+06 2.4531015523e-18 1.5582821873e-17 -1.4131236770e+03 -5.4274103018e+03 -3.9499288902e+11 2.6383712158e+06 4.6927624662e+07 2.1091929576e+00 2.0469034929e+02 -9.7578058016e+09
1.5937556176e+05 1.8850033758e-13 4.8539987090e-14 -6.0753093184e+06 2.0361382617e+06 2.4254795703e-18 1.5592106242e-17 -1.2879555796e+03 -5.0246225934e+03 -4.1438905085e+11 3.5373415675e+06 5.0406766436e+07 2.0024342613e+00 1.9587890130e+02 -8.6363140055e+09
1.5937756419e+05 1.8850516817e-13 4.8571218048e-14 -6.0777744387e+06 2.0264450070e+06 2.3992347490e-18 1.5600879179e-17 -1.1752089914e+03 -4.6599420801e+03 -4.3064003840e+11 4.3389534940e+06 5.3558942775e+07 1.9252608412e+00 1.8612117637e+02 -7.6029959319e+09
1.5937948946e+05 1.8850976302e-13 4.8601261901e-14 -6.0799375422e+06 2.0177962749e+06 2.3739834540e-18 1.5609278732e-17 -1.0728866626e+03 -4.3276542502e+03 -4.4436607659e+11 5.0578925554e+06 5.6433551460e+07 1.8694889414e+00 1.7591726518e+02 -6.6670245382e+09
1.5938135894e+05 1.8851417822e-13 4.8630450875e-14 -6.0818550439e+06 2.0099931158e+06 2.3494479059e-18 1.5617404298e-17 -9.7946158693e+02 -4.0233196513e+03 -4.5603456912e+11 5.7054794049e+06 5.9068921431e+07 1.8291060120e+00 1.6559666618e+02 -5.8285103660e+09
1.5938318805e+05 1.8851845364e-13 4.8659024012e-14 -6.0835673525e+06 2.0028926542e+06 2.3254282719e-18 1.5625327227e-17 -8.9376816547e+02 -3.7435149826e+03 -4.6600227434e+11 6.2904282332e+06 6.1494576849e+07 1.8000440219e+00 1.5538229799e+02 -5.0832089238e+09
1.5938498809e+05 1.8852261823e-13 4.8687157288e-14 -6.0851043806e+06 1.9963889287e+06 2.3017774989e-18 1.5633099980e-17 -8.1489098754e+02 -3.4855266194e+03 -4.7454846592e+11 6.8196418291e+06 6.3733896817e+07 1.7795076308e+00 1.4542578319e+02 -4.4247097410e+09
1.5938676760e+05 1.8852669345e-13 4.8714983330e-14 -6.0864889606e+06 1.9904009372e+06 2.2783848181e-18 1.5640762073e-17 -7.4208997265e+02 -3.2471399107e+03 -4.8189664016e+11 7.2987493661e+06 6.5805941859e+07 1.7655182976e+00 1.3582896774e+02 -3.8456295519e+09
1.5938853312e+05 1.8853069549e-13 4.8742604077e-14 -6.0877389900e+06 1.9848651056e+06 2.2551651534e-18 1.5648343883e-17 -6.7475166086e+02 -3.0265011529e+03 -4.8822880307e+11 7.7324571789e+06 6.7726649868e+07 1.7566324095e+00 1.2665799612e+02 -3.3383061370e+09
1.5939028975e+05 1.8853463668e-13 4.8770099077e-14 -6.0888688239e+06 1.9797303957e+06 2.2320521824e-18 1.5655869136e-17 -6.1235700184e+02 -2.8220261363e+03 -4.9369518253e+11 8.1247811177e+06 6.9509628321e+07 1.7517661636e+00 1.1795299792e+02 -2.8952096421e+09
1.5939204152e+05 1.8853852652e-13 4.8797531060e-14 -6.0898902072e+06 1.9749550271e+06 2.2089936683e-18 1.5663356579e-17 -5.5445948884e+02 -2.6323380818e+03 -4.9842106833e+11 8.4792045321e+06 7.1166691792e+07 1.7500848863e+00 1.0973500715e+02 -2.5091826688e+09
1.5939379160e+05 1.8854237228e-13 4.8824949797e-14 -6.0908129185e+06 1.9705042124e+06 2.1859482279e-18 1.5670821135e-17 -5.0066987576e+02 -2.4562243193e+03 -5.0251179278e+11 8.7987888728e+06 7.2708237102e+07 1.7509311816e+00 1.0201103555e+02 -2.1735722844e+09
1.5939554253e+05 1.8854617954e-13 4.8852394854e-14 -6.0916452278e+06 1.9663485518e+06 2.1628830306e-18 1.5678274727e-17 -4.5064519371e+02 -2.2926052084e+03 -5.0605646448e+11 9.0862533124e+06 7.4143512395e+07 1.7537768553e+00 9.4777861082e+01 -1.8822926177e+09
1.5939729631e+05 1.8854995249e-13 4.8879897586e-14 -6.0923942277e+06 1.9624628684e+06 2.1397721227e-18 1.5685726875e-17 -4.0408065576e+02 -2.1405112794e+03 -5.0913083757e+11 9.3440335430e+06 7.5480815021e+07 1.7581905913e+00 8.8024892910e+01 -1.6298428432e+09
1.5939905450e+05 1.8855369424e-13 4.8907482642e-14 -6.0930660791e+06 1.9588253454e+06 2.1165951690e-18 1.5693185145e-17 -3.6070353295e+02 -1.9990659679e+03 -5.1179956410e+11 9.5743263192e+06 7.6727640958e+07 1.7638151574e+00 8.1736352555e+01 -1.4112968001e+09
1.5940081832e+05 1.8855740701e-13 4.8935169109e-14 -6.0936661972e+06 1.9554168762e+06 2.0933364915e-18 1.5700655491e-17 -3.2026842676e+02 -1.8674723096e+03 -5.1411799252e+11 9.7791239000e+06 7.7890799960e+07 1.7703513628e+00 7.5892941752e+01 -1.2222752866e+09
1.5940258867e+05 1.8856109228e-13 4.8962971415e-14 -6.0941993929e+06 1.9522205673e+06 2.0699843157e-18 1.5708142520e-17 -2.8255354143e+02 -1.7450024576e+03 -5.1613362494e+11 9.9602412310e+06 7.8976506241e+07 1.7775466019e+00 7.0473117623e+01 -1.0589083992e+09
1.5940436622e+05 1.8856475093e-13 4.8990900044e-14 -6.0946699828e+06 1.9492213529e+06 2.0465301648e-18 1.5715649708e-17 -2.4735768806e+02 -1.6309892606e+03 -5.1788731210e+11 1.0119337796e+07 7.9990451342e+07 1.7851863939e+00 6.5454064364e+01 -9.1779290668e+08
1.5940615140e+05 1.8856838334e-13 4.9018962131e-14 -6.0950818758e+06 1.9464056922e+06 2.0229683647e-18 1.5723179571e-17 -2.1449783810e+02 -1.5248193802e+03 -5.1941424278e+11 1.0257935450e+07 8.0937863669e+07 1.7930881243e+00 6.0812429160e+01 -7.9594800470e+08
1.5940794449e+05 1.8857198948e-13 4.9047161951e-14 -6.0954386410e+06 1.9437613309e+06 1.9992956286e-18 1.5730733812e-17 -1.8380709514e+02 -1.4259275750e+03 -5.2074476963e+11 1.0377433185e+07 8.1823557939e+07 1.8010962952e+00 5.6524873691e+01 -6.9077162508e+08
1.5940974559e+05 1.8857556898e-13 4.9075501344e-14 -6.0957435618e+06 1.9412771091e+06 1.9755107046e-18 1.5738313440e-17 -1.5513299160e+02 -1.3337918843e+03 -5.2190510319e+11 1.0479119499e+07 8.2651976845e+07 1.8090789232e+00 5.2568481130e+01 -5.9999867529e+08
1.5941155467e+05 1.8857912122e-13 4.9103980076e-14 -6.0959996799e+06 1.9389428082e+06 1.9516140683e-18 1.5745918875e-17 -1.2833604123e+02 -1.2479295153e+03 -5.2291789815e+11 1.0564182866e+07 8.3427226644e+07 1.8169246792e+00 4.8921049652e+01 -5.2166201740e+08
1.5941337159e+05 1.8858264535e-13 4.9132596158e-14 -6.0962098302e+06 1.9367490259e+06 1.9276076543e-18 1.5753550045e-17 -1.0328849787e+02 -1.1678932921e+03 -5.2380275090e+11 1.0633720679e+07 8.4153107888e+07 1.8245407782e+00 4.5561297072e+01 -4.5405661579e+08
1.5941519613e+05 1.8858614035e-13 4.9161346139e-14 -6.0963766689e+06 1.9346870742e+06 1.9034946126e-18 1.5761206460e-17 -7.9873280285e+01 -1.0932685511e+03 -5.2457662354e+11 1.0688746944e+07 8.4833142294e+07 1.8318509235e+00 4.2468995694e+01 -3.9570700973e+08
1.5941702798e+05 1.8858960509e-13 4.9190225355e-14 -6.0965026969e+06 1.9327488967e+06 1.8792790942e-18 1.5768887287e-17 -5.7983039324e+01 -1.0236704184e+03 -5.2525420589e+11 1.0730198916e+07 8.5470596322e+07 1.8387941720e+00 3.9625053440e+01 -3.4533811096e+08
1.5941886678e+05 1.8859303835e-13 4.9219228177e-14 -6.0965902785e+06 1.9309269990e+06 1.8549660489e-18 1.5776591419e-17 -3.7519337337e+01 -9.5874138183e+02 -5.2584822598e+11 1.0758942877e+07 8.6068502207e+07 1.7845032457e+00 3.7011552413e+01 -3.0184917942e+08
1.5942034224e+05 1.8859576089e-13 4.9242510548e-14 -6.0966341670e+06 1.9295487556e+06 1.8354529844e-18 1.5782769395e-17 -2.2117546466e+01 -9.0994518224e+02 -5.2627066267e+11 1.0773326078e+07 8.6520164779e+07 1.5332710701e+00 3.5075752583e+01 -2.7137473179e+08
1.5942153677e+05 1.8859794396e-13 4.9261366517e-14 -6.0966534587e+06 1.9284843665e+06 1.8196527138e-18 1.5787768690e-17 -1.0273218414e+01 -8.7245153218e+02 -5.2658139377e+11 1.0779643650e+07 8.6868716592e+07 1.2900245351e+00 3.3606616711e+01 -2.4923850313e+08
1.5942249618e+05 1.8859968366e-13 4.9276515356e-14 -6.0966589097e+06 1.9276612690e+06 1.8069607892e-18 1.5791782517e-17 -1.1460808090e+00 -8.4357135950e+02 -5.2681259691e+11 1.0781428146e+07 8.7138168634e+07 9.0869703131e-01 3.2486733400e+01 -2.3294167679e+08
1.5942340488e+05 1.8860132018e-13 4.9290867029e-14 -6.0966561398e+06 1.9269067765e+06 1.7949383807e-18 1.5795583053e-17 7.1940483260e+00 -8.1718521877e+02 -5.2701768567e+11 1.0780521420e+07 8.7385147634e+07 1.1695928330e+00 3.1473127883e+01 -2.1862315784e+08
1.5942457447e+05 1.8860341047e-13 4.9309344290e-14 -6.0966416483e+06 1.9259702312e+06 1.7794623322e-18 1.5800473215e-17 1.7509138744e+01 -7.8454703396e+02 -5.2726331281e+11 1.0775776727e+07 8.7691776253e+07 1.3513129307e+00 3.0232877448e+01 -2.0166267426e+08
1.5942592578e+05 1.8860580300e-13 4.9330699490e-14 -6.0966102498e+06 1.9249345573e+06 1.7615791545e-18 1.5806121114e-17 2.8863506376e+01 -7.4860024642e+02 -5.2752363221e+11 1.0765490515e+07 8.8031053199e+07 1.4609094431e+00 2.8885581849e+01 -1.8393847688e+08
1.5942738669e+05 1.8860836238e-13 4.9353795260e-14 -6.0965595094e+06 1.9238680895e+06 1.7422424878e-18 1.5812224763e-17 4.0491422794e+01 -7.1174130695e+02 -5.2777958821e+11 1.0748849231e+07 8.8380805174e+07 1.5360461927e+00 2.7526328429e+01 -1.6679808360e+08
1.5942892274e+05 1.8861102293e-13 4.9378088495e-14 -6.0964883640e+06 1.9228032372e+06 1.7219078960e-18 1.5818639917e-17 5.2028311371e+01 -6.7509136507e+02 -5.2802325174e+11 1.0725474602e+07 8.8730640980e+07 1.5917289236e+00 2.6199390475e+01 -1.5078516325e+08
1.5943051447e+05 1.8861374697e-13 4.9403272771e-14 -6.0963965042e+06 1.9217574848e+06 1.7008325349e-18 1.5825285209e-17 6.3276097130e+01 -6.3924036048e+02 -5.2825133712e+11 1.0695218724e+07 8.9075060205e+07 1.6353789216e+00 2.4927708240e+01 -1.3610772824e+08
1.5943214984e+05 1.8861651077e-13 4.9429158690e-14 -6.0962840607e+06 1.9207407639e+06 1.6791754457e-18 1.5832110378e-17 7.4120475538e+01 -6.0450969746e+02 -5.2846282221e+11 1.0658059804e+07 8.9411030748e+07 1.6711447457e+00 2.3723416430e+01 -1.2281168508e+08
1.5943382099e+05 1.8861929842e-13 4.9455622264e-14 -6.0961514298e+06 1.9197587601e+06 1.6570408258e-18 1.5839082551e-17 8.4493674934e+01 -5.7107057007e+02 -5.2865785719e+11 1.0614044048e+07 8.9736901148e+07 1.7015611226e+00 2.2592620742e+01 -1.1086070575e+08
1.5943552255e+05 1.8862209880e-13 4.9482579469e-14 -6.0959991707e+06 1.9188146031e+06 1.6344993641e-18 1.5846179480e-17 9.4355364331e+01 -5.3900464713e+02 -5.2883720565e+11 1.0563250799e+07 9.0051844354e+07 1.7282957893e+00 2.1537855185e+01 -1.0017705678e+08
1.5943725085e+05 1.8862490391e-13 4.9509972582e-14 -6.0958279393e+06 1.9179098104e+06 1.6115997002e-18 1.5853385904e-17 1.0368197453e+02 -5.0833800807e+02 -5.2900193912e+11 1.0505770193e+07 9.0355547551e+07 1.7525253416e+00 2.0559453206e+01 -9.0663757557e+07
1.5943900337e+05 1.8862770793e-13 4.9537762445e-14 -6.0956384441e+06 1.9170448472e+06 1.5883749146e-18 1.5860691488e-17 1.1246034121e+02 -4.7906133174e+02 -5.2915326355e+11 1.0441687890e+07 9.0648028248e+07 1.7751413635e+00 1.9656355824e+01 -8.2216986821e+07
1.5944077851e+05 1.8863050663e-13 4.9565923981e-14 -6.0954314148e+06 1.9162194746e+06 1.5648462929e-18 1.5868089626e-17 1.2068373892e+02 -4.5114248214e+02 -5.2929241915e+11 1.0371073842e+07 9.0929520147e+07 1.7968729719e+00 1.8826605947e+01 -7.4733086797e+07
1.5944257539e+05 1.8863329706e-13 4.9594443649e-14 -6.0952075770e+06 1.9154329744e+06 1.5410254700e-18 1.5875576757e-17 1.2834931743e+02 -4.2453463687e+02 -5.2942062285e+11 1.0293973305e+07 9.1200399977e+07 1.8183663461e+00 1.8067657643e+01 -6.8112449155e+07
1.5944439375e+05 1.8863607729e-13 4.9623318151e-14 -6.0949676319e+06 1.9146842965e+06 1.5169155212e-18 1.5883152015e-17 1.3545640006e+02 -3.9918167291e+02 -5.2953903629e+11 1.0210398893e+07 9.1461139614e+07 1.8402418187e+00 1.7376571461e+01 -6.2261551865e+07
1.5944623399e+05 1.8863884633e-13 4.9652554045e-14 -6.0947122359e+06 1.9139721586e+06 1.4925112984e-18 1.5890817121e-17 1.4200532976e+02 -3.7502179485e+02 -5.2964874963e+11 1.0120322777e+07 9.1712274591e+07 1.8631409889e+00 1.6750137359e+01 -5.7093883535e+07
1.5944809714e+05 1.8864160407e-13 4.9682168106e-14 -6.0944419802e+06 1.9132951113e+06 1.4677991408e-18 1.5898576465e-17 1.4799667151e+02 -3.5198998353e+02 -5.2975077523e+11 1.0023668177e+07 9.1954383789e+07 1.8877717150e+00 1.6184950491e+01 -5.2530194432e+07
1.5944998491e+05 1.8864435130e-13 4.9712188409e-14 -6.0941573679e+06 1.9126515809e+06 1.4427559894e-18 1.5906437383e-17 1.5343064408e+02 -3.3001961609e+02 -5.2984604765e+11 9.9202992432e+06 9.2188077313e+07 1.9052301420e+00 1.5677455949e+01 -4.8498343554e+07
1.5945189014e+05 1.8864707600e-13 4.9742501390e-14 -6.0938603250e+06 1.9120429019e+06 1.4174769207e-18 1.5914370136e-17 1.5828350727e+02 -3.0914683429e+02 -5.2993499085e+11 9.8105819820e+06 9.2412870359e+07 1.9094463603e+00 1.5226130005e+01 -4.4949814463e+07
1.5945379958e+05 1.8864975841e-13 4.9772896616e-14 -6.0935539413e+06 1.9114715928e+06 1.3921376363e-18 1.5922319726e-17 1.6252836040e+02 -2.8945395429e+02 -5.3001778885e+11 9.6953370273e+06 9.2627734793e+07 1.9145313303e+00 1.4829610841e+01 -4.1844426915e+07
1.5945571411e+05 1.8865239937e-13 4.9803388025e-14 -6.0932391849e+06 1.9109353983e+06 1.3667266515e-18 1.5930289909e-17 1.6618007953e+02 -2.7086430848e+02 -5.3009523543e+11 9.5746222391e+06 9.2833344712e+07 1.9202913176e+00 1.4482700882e+01 -3.9119495913e+07
1.5945763441e+05 1.8865499941e-13 4.9833986498e-14 -6.0929170274e+06 1.9104322826e+06 1.3412350476e-18 1.5938283622e-17 1.6925275313e+02 -2.5331234630e+02 -5.3016800376e+11 9.4485041058e+06 9.3030274847e+07 1.9266462610e+00 1.4180393683e+01 -3.6720882906e+07
1.5945956105e+05 1.8865755886e-13 4.9864701658e-14 -6.0925884303e+06 1.9099603651e+06 1.3156549646e-18 1.5946303463e-17 1.7176080712e+02 -2.3674129643e+02 -5.3023666776e+11 9.3170583093e+06 9.3219023262e+07 1.9333988876e+00 1.3917821216e+01 -3.4601558347e+07
1.5946149445e+05 1.8866007772e-13 4.9895540003e-14 -6.0922543663e+06 1.9095179230e+06 1.2899811599e-18 1.5954351200e-17 1.7371966858e+02 -2.2110305369e+02 -5.3030171167e+11 9.1803846700e+06 9.3400009408e+07 1.9402056567e+00 1.3690261310e+01 -3.2720733501e+07
1.5946343466e+05 1.8866255556e-13 4.9926502560e-14 -6.0919158449e+06 1.9091033917e+06 1.2642129528e-18 1.5962427162e-17 1.7514652258e+02 -2.0635794679e+02 -5.3036353798e+11 9.0386251959e+06 9.3573572463e+07 1.9465502549e+00 1.3493154972e+01 -3.1043137915e+07
1.5946538121e+05 1.8866499124e-13 4.9957582113e-14 -6.0915739414e+06 1.9087153626e+06 1.2383565235e-18 1.5970529524e-17 1.7606115097e+02 -1.9247431680e+02 -5.3042247394e+11 8.8919849414e+06 9.3739970622e+07 1.9517336092e+00 1.3322134445e+01 -2.9538423284e+07
1.5946733294e+05 1.8866738288e-13 4.9988760260e-14 -6.0912298240e+06 1.9083525750e+06 1.2124273465e-18 1.5978653542e-17 1.7648681772e+02 -1.7942776956e+02 -5.3047877759e+11 8.7407540637e+06 9.3899382910e+07 1.9548973271e+00 1.3173061835e+01 -2.8180667279e+07
1.5946928784e+05 1.8866972767e-13 5.0020004841e-14 -6.0908847726e+06 1.9080138982e+06 1.1864523141e-18 1.5986790892e-17 1.7645111227e+02 -1.6719993616e+02 -5.3053264401e+11 8.5853276743e+06 9.4051915753e+07 1.9550981410e+00 1.3042077051e+01 -2.6947946251e+07
1.5947124294e+05 1.8867202190e-13 5.0051268542e-14 -6.0905401804e+06 1.9076983014e+06 1.1604708721e-18 1.5994929317e-17 1.7598659274e+02 -1.5577660074e+02 -5.3058421324e+11 8.4262180866e+06 9.4197616776e+07 1.9514404694e+00 1.2925651861e+01 -2.5821941872e+07
1.5947319438e+05 1.8867426118e-13 5.0082489620e-14 -6.0901975272e+06 1.9074048085e+06 1.1345343933e-18 1.6003052820e-17 1.7513100767e+02 -1.4514518053e+02 -5.3063358063e+11 8.2640529617e+06 9.4336497405e+07 1.9432511328e+00 1.2820644308e+01 -2.4787547942e+07
1.5947513763e+05 1.8867644077e-13 5.0113595431e-14 -6.0898583198e+06 1.9071324448e+06 1.1087032273e-18 1.6011142591e-17 1.7392687211e+02 -1.3529177388e+02 -5.3068080993e+11 8.0995540866e+06 9.4468563475e+07 1.9302484787e+00 1.2724344976e+01 -2.3832453271e+07
1.5947706788e+05 1.8867855608e-13 5.0144508670e-14 -6.0895240050e+06 1.9068801832e+06 1.0830414993e-18 1.6019178637e-17 1.7242027752e+02 -1.2619826875e+02 -5.3072594830e+11 7.9334961927e+06 9.4593849539e+07 1.9126398152e+00 1.2634505415e+01 -2.2946696973e+07
1.5947898052e+05 1.8868060323e-13 5.0175155204e-14 -6.0891958718e+06 1.9066469056e+06 1.0576106071e-18 1.6027141817e-17 1.7065902966e+02 -1.1784016702e+02 -5.3076904075e+11 7.7666522976e+06 9.4712449512e+07 1.8910993505e+00 1.2549340977e+01 -2.2122217247e+07
1.5948087162e+05 1.8868257949e-13 5.0205471567e-14 -6.0888749671e+06 1.9064313890e+06 1.0324630080e-18 1.6035015782e-17 1.6869044449e+02 -1.1018566761e+02 -5.3081014152e+11 7.5997378617e+06 9.4824536078e+07 1.8666329725e+00 1.2467505522e+01 -2.1352430846e+07
1.5948273825e+05 1.8868448355e-13 5.0235410310e-14 -6.0885620465e+06 1.9062323215e+06 1.0076377990e-18 1.6042788364e-17 1.6655925227e+02 -1.0319615920e+02 -5.3084932042e+11 7.4333665798e+06 9.4930364758e+07 1.8403841930e+00 1.2388042010e+01 -2.0631877464e+07
1.5948457863e+05 1.8868631547e-13 5.0264942257e-14 -6.0882575660e+06 1.9060483386e+06 9.8315887646e-19 1.6050452145e-17 1.6430599511e+02 -9.6827830512e+01 -5.3088666400e+11 7.2680257686e+06 9.5030263652e+07 1.8134534386e+00 1.2310318048e+01 -1.9955946017e+07
1.5948639209e+05 1.8868807651e-13 5.0294055852e-14 -6.0879617105e+06 1.9058780696e+06 9.5903549942e-19 1.6058004284e-17 1.6196609933e+02 -9.1033832042e+01 -5.3092227272e+11 7.1040718469e+06 9.5124614014e+07 1.7867764022e+00 1.2233956742e+01 -1.9320678167e+07
1.5948817886e+05 1.8868976886e-13 5.0322754563e-14 -6.0876744426e+06 1.9057201816e+06 9.3526447278e-19 1.6065445832e-17 1.5956959267e+02 -8.5766433873e+01 -5.3095625616e+11 6.9417409692e+06 9.5213827818e+07 1.7610719815e+00 1.2158771406e+01 -1.8722631875e+07
1.5948993993e+05 1.8869139529e-13 5.0351053428e-14 -6.0873955591e+06 1.9055734135e+06 9.1183302574e-19 1.6072780828e-17 1.5714130434e+02 -8.0978810847e+01 -5.3098872794e+11 6.7811679166e+06 9.5298327213e+07 1.7368430570e+00 1.2084709205e+01 -1.8158785272e+07
1.5949167678e+05 1.8869295893e-13 5.0378975609e-14 -6.0871247430e+06 1.9054365972e+06 8.8872168218e-19 1.6080015408e-17 1.5470135529e+02 -7.6626313012e+01 -5.3101980128e+11 6.6224074059e+06 9.5378528355e+07 1.7144070737e+00 1.2011805688e+01 -1.7626465623e+07
1.5949339118e+05 1.8869446301e-13 5.0406549422e-14 -6.0868616070e+06 1.9053086686e+06 8.6590672617e-19 1.6087157026e-17 1.5226577627e+02 -7.2667239540e+01 -5.3104958579e+11 6.4654540670e+06 9.5454830224e+07 1.6939369420e+00 1.1940149940e+01 -1.7123293805e+07
1.5949339118e+05 1.8869446301e-13 5.0406549422e-14 -6.0868616070e+06 1.9053086686e+06 8.6590672617e-19 1.6087157026e-17 1.5226577627e+02 -7.2667239540e+01 -5.3104958579e+11 6.4654540670e+06 9.5454830224e+07 1.6939369420e+00 1.1940149940e+01 -1.7123293805e+07
