0.0000000000e+00 0.0000000000e+00 0.0000000000e+00 3.1415900000e+08 0.0000000000e+00 0.0000000000e+00 0.0000000000e+00 -1.1784510660e+03 2.2639144360e+02 -4.6638893015e+09 -1.0016834061e+07 1.9243272706e+06 1.0000000000e+01 0.0000000000e+00 -0.0000000000e+00
1.0000000000e+01 2.8740014409e-22 6.9038255033e-28 3.1414721529e+08 2.2639144355e+03 5.7480747569e-23 2.0711864987e-28 -1.1784914513e+03 2.2639144345e+02 -4.6638893015e+09 -1.0016834061e+07 1.9243272706e+06 5.0000000000e+01 0.0000000000e+00 -0.0000000000e+00
6.0000000000e+01 1.0347699173e-20 1.4916459761e-25 3.1408828567e+08 1.3583486511e+04 3.4494919015e-22 7.4590694451e-27 -1.1786934232e+03 2.2639143836e+02 -4.6638893015e+09 -1.0016834061e+07 1.9243272706e+06 2.5000000000e+02 0.0000000000e+00 -0.0000000000e+00
3.1000000000e+02 2.7639897954e-19 2.0601961789e-23 3.1379348597e+08 7.0181333041e+04 1.7839114447e-21 1.9948993088e-25 -1.1797044212e+03 2.2639130344e+02 -4.6638893015e+09 -1.0016834061e+07 1.9243272706e+06 1.2500000000e+03 0.0000000000e+00 -0.0000000000e+00
1.5600000000e+03 7.0214347982e-18 2.6440304837e-21 3.1231568316e+08 3.5316879435e+05 9.0195291250e-21 5.0996721969e-24 -1.1847880811e+03 2.2638786063e+02 -4.6638893015e+09 -1.0016834061e+07 1.9243272706e+06 3.6000000000e+03 0.0000000000e+00 -0.0000000000e+00
5.1600000000e+03 7.7526344159e-17 9.7677120993e-20 3.0802372340e+08 1.1681112222e+06 3.0247711393e-20 5.7353642280e-23 -1.1997027522e+03 2.2635114761e+02 -4.6638893014e+09 -1.0016834061e+07 1.9243272706e+06 3.6000000000e+03 0.0000000000e+00 -0.0000000000e+00
8.7600000000e+03 2.2552863687e-16 4.8806726090e-19 3.0367731489e+08 1.9828461356e+06 5.2079046038e-20 1.7002197923e-22 -1.2150411911e+03 2.2627198816e+02 -4.6638893013e+09 -1.0016834061e+07 1.9243272706e+06 3.6000000000e+03 0.0000000000e+00 -0.0000000000e+00
1.2360000000e+04 4.5325969921e-16 1.4006351721e-18 2.9927488989e+08 2.7972141731e+06 7.4547328548e-20 3.4837585732e-22 -1.2308271420e+03 2.2614667882e+02 -4.6638893012e+09 -1.0016834061e+07 1.9243272706e+06 3.6000000000e+03 0.0000000000e+00 -0.0000000000e+00
1.5960000000e+04 7.6307751480e-16 3.0821728348e-18 2.9481479170e+08 3.6110419415e+06 9.7689143392e-20 5.9825079665e-22 -1.2470863089e+03 2.2597111963e+02 -4.6638893011e+09 -1.0016834061e+07 1.9243272706e+06 3.6000000000e+03 0.0000000000e+00 -0.0000000000e+00
1.9560000000e+04 1.1574772473e-15 5.8016062407e-18 2.9029526725e+08 4.4241404965e+06 1.2154417194e-19 9.2612133067e-22 -1.2638465713e+03 2.2574076165e+02 -4.6638893009e+09 -1.0016834061e+07 1.9243272706e+06 3.6000000000e+03 0.0000000000e+00 -0.0000000000e+00
2.3160000000e+04 1.6391030072e-15 9.8524479018e-18 2.8571445882e+08 5.2363036198e+06 1.4615554342e-19 1.3391876592e-21 -1.2811382313e+03 2.2545054611e+02 -4.6638893007e+09 -1.0016834061e+07 1.9243272706e+06 3.6000000000e+03 0.0000000000e+00 -0.0000000000e+00
2.6760000000e+04 2.2107609695e-15 1.5555586247e-17 2.8107039483e+08 6.0473058588e+06 1.7157023611e-19 1.8454765747e-21 -1.2989942954e+03 2.2509483347e+02 -4.6638893005e+09 -1.0016834061e+07 1.9243272706e+06 3.6000000000e+03 0.0000000000e+00 -0.0000000000e+00
3.0360000000e+04 2.8754340405e-15 2.3262468154e-17 2.7636097951e+08 6.8569002912e+06 1.9783953781e-19 2.4539594621e-21 -1.3174507977e+03 2.2466732055e+02 -4.6638893002e+09 -1.0016834061e+07 1.9243272706e+06 3.6000000000e+03 0.0000000000e+00 -0.0000000000e+00
3.3960000000e+04 3.6362983031e-15 3.3358742071e-17 2.7158398139e+08 7.6648159649e+06 2.2501957596e-19 3.1746908139e-21 -1.3365471728e+03 2.2416094318e+02 -4.6638892999e+09 -1.0016834061e+07 1.9243272706e+06 3.6000000000e+03 0.0000000000e+00 -0.0000000000e+00
3.7560000000e+04 4.4967415158e-15 4.6268442952e-17 2.6673702027e+08 8.4707549579e+06 2.5317193061e-19 4.0189715178e-21 -1.3563266860e+03 2.2356776149e+02 -4.6638892996e+09 -1.0016834061e+07 1.9243272706e+06 3.6000000000e+03 0.0000000000e+00 -0.0000000000e+00
4.1160000000e+04 5.4603839909e-15 6.2458817390e-17 2.6181755257e+08 9.2743889883e+06 2.8236434578e-19 4.9995422083e-21 -1.3768369334e+03 2.2287882406e+02 -4.6638892992e+09 -1.0016834061e+07 1.9243272706e+06 3.6000000000e+03 0.0000000000e+00 -0.0000000000e+00
4.4760000000e+04 6.5311022382e-15 8.2445908619e-17 2.5682285469e+08 1.0075355490e+07 3.1267155890e-19 6.1308133052e-21 -1.3981304248e+03 2.2208400630e+02 -4.6638892987e+09 -1.0016834061e+07 1.9243272706e+06 3.6000000000e+03 0.0000000000e+00 -0.0000000000e+00
4.8360000000e+04 7.7130558436e-15 1.0680104790e-16 2.5175000415e+08 1.0873253053e+07 3.4417627200e-19 7.4291400740e-21 -1.4202652656e+03 2.2117181719e+02 -4.6638892981e+09 -1.0016834061e+07 1.9243272706e+06 3.6000000000e+03 0.0000000000e+00 -0.0000000000e+00
5.1960000000e+04 9.0107181418e-15 1.3615843261e-16 2.4659585805e+08 1.1667636097e+07 3.7697029473e-19 8.9131532760e-21 -1.4433059601e+03 2.2012916697e+02 -4.6638892974e+09 -1.0016834061e+07 1.9243272706e+06 3.6000000000e+03 0.0000000000e+00 -0.0000000000e+00
5.5560000000e+04 1.0428911368e-14 1.7122401448e-16 2.4135702834e+08 1.2458008628e+07 4.1115589620e-19 1.0604158900e-20 -1.4673243615e+03 2.1894108631e+02 -4.6638892965e+09 -1.0016834061e+07 1.9243272706e+06 3.6000000000e+03 0.0000000000e+00 -0.0000000000e+00
5.9160000000e+04 1.1972847123e-14 2.1278597650e-16 2.3602985340e+08 1.3243816880e+07 4.4684741297e-19 1.2526624336e-20 -1.4924008013e+03 2.1759038471e+02 -4.6638892954e+09 -1.0016834061e+07 1.9243272706e+06 3.6000000000e+03 0.0000000000e+00 -0.0000000000e+00
6.2760000000e+04 1.3648173169e-14 2.6172714857e-16 2.3061036520e+08 1.4024440585e+07 4.8417317257e-19 1.4708773498e-20 -1.5186254409e+03 2.1605723238e+02 -4.6638892941e+09 -1.0016834061e+07 1.9243272706e+06 3.6000000000e+03 0.0000000000e+00 -0.0000000000e+00
6.6360000000e+04 1.5461027839e-14 3.1903980457e-16 2.2509425099e+08 1.4799182584e+07 5.2327780919e-19 1.7183320380e-20 -1.5460998985e+03 2.1431864486e+02 -4.6638892925e+09 -1.0016834061e+07 1.9243272706e+06 3.6000000000e+03 0.0000000000e+00 -0.0000000000e+00
6.9960000000e+04 1.7418103627e-14 3.8584340608e-16 2.1947680873e+08 1.5567256356e+07 5.6432507013e-19 1.9988379922e-20 -1.5749392212e+03 2.1234784302e+02 -4.6638892905e+09 -1.0016834061e+07 1.9243272706e+06 3.6000000000e+03 0.0000000000e+00 -0.0000000000e+00
7.3560000000e+04 1.9526721949e-14 4.6340601994e-16 2.1375289447e+08 1.6327770973e+07 6.0750124173e-19 2.3168608147e-20 -1.6052742914e+03 2.1011345209e+02 -4.6638892879e+09 -1.0016834061e+07 1.9243272706e+06 3.6000000000e+03 0.0000000000e+00 -0.0000000000e+00
7.7160000000e+04 2.1794921607e-14 5.5317035448e-16 2.0791686024e+08 1.7079712805e+07 6.5301936403e-19 2.6776641527e-20 -1.6372547886e+03 2.0757849028e+02 -4.6638892847e+09 -1.0016834061e+07 1.9243272706e+06 3.6000000000e+03 0.0000000000e+00 -0.0000000000e+00
8.0760000000e+04 2.4231564171e-14 6.5678565483e-16 2.0196248000e+08 1.7821923111e+07 7.0112445974e-19 3.0874931147e-20 -1.6710528629e+03 2.0469908021e+02 -4.6638892805e+09 -1.0016834061e+07 1.9243272706e+06 3.6000000000e+03 0.0000000000e+00 -0.0000000000e+00
8.4360000000e+04 2.6846460446e-14 7.7614710283e-16 1.9588286080e+08 1.8553070359e+07 7.5210008092e-19 3.5538103605e-20 -1.7068677346e+03 2.0142279010e+02 -4.6638892751e+09 -1.0016834061e+07 1.9243272706e+06 3.6000000000e+03 0.0000000000e+00 -0.0000000000e+00
8.7960000000e+04 2.9650523485e-14 9.1344493164e-16 1.8967033526e+08 1.9271615716e+07 8.0627658718e-19 4.0856033549e-20 -1.7449315105e+03 1.9768647509e+02 -4.6638892680e+09 -1.0016834061e+07 1.9243272706e+06 3.6000000000e+03 0.0000000000e+00 -0.0000000000e+00
9.1560000000e+04 3.2655955350e-14 1.0712262618e-15 1.8331633036e+08 1.9975769607e+07 8.6404172766e-19 4.6937890707e-20 -1.7855166187e+03 1.9341343380e+02 -4.6638892585e+09 -1.0016834061e+07 1.9243272706e+06 3.6000000000e+03 0.0000000000e+00 -0.0000000000e+00
9.5160000000e+04 3.5876477268e-14 1.2524738080e-15 1.7681120571e+08 2.0663436410e+07 9.2585432967e-19 5.3917541337e-20 -1.8289454256e+03 1.8850961338e+02 -4.6638892455e+09 -1.0016834061e+07 1.9243272706e+06 3.6000000000e+03 0.0000000000e+00 -0.0000000000e+00
9.8760000000e+04 3.9327616319e-14 1.4607072725e-15 1.7014405217e+08 2.1332143225e+07 9.9226223970e-19 6.1960863195e-20 -1.8756028419e+03 1.8285847007e+02 -4.6638892276e+09 -1.0016834061e+07 1.9243272706e+06 3.6000000000e+03 0.0000000000e+00 -0.0000000000e+00
1.0236000000e+05 4.3027066759e-14 1.7001157198e-15 1.6330243798e+08 2.1978946864e+07 1.0639261820e-18 7.1275813298e-20 -1.9259530847e+03 1.7631389572e+02 -4.6638892024e+09 -1.0016834061e+07 1.9243272706e+06 3.6000000000e+03 0.0000000000e+00 -0.0000000000e+00
1.0596000000e+05 4.6995151424e-14 1.9757329930e-15 1.5627208454e+08 2.2600310607e+07 1.1416520032e-18 8.2126536495e-20 -1.9805623323e+03 1.6869030525e+02 -4.6638891661e+09 -1.0016834061e+07 1.9243272706e+06 3.6000000000e+03 0.0000000000e+00 -0.0000000000e+00
1.0956000000e+05 5.1255419687e-14 2.2936740811e-15 1.4903644634e+08 2.3191938136e+07 1.2264350494e-18 9.4853540993e-20 -2.0401299030e+03 1.5974846162e+02 -4.6638891126e+09 -1.0016834061e+07 1.9243272706e+06 3.6000000000e+03 0.0000000000e+00 -0.0000000000e+00
1.1316000000e+05 5.5835435307e-14 2.6614596950e-15 1.4157615741e+08 2.3748545487e+07 1.3195224994e-18 1.0990321793e-19 -2.1055320503e+03 1.4917473566e+02 -4.6638890312e+09 -1.0016834061e+07 1.9243272706e+06 3.3304685013e+03 0.0000000000e+00 -0.0000000000e+00
1.1615467985e+05 5.9912256055e-14 3.0120590610e-15 1.3518274745e+08 2.4180188393e+07 1.4044145342e-18 1.2461517456e-19 -2.1651761952e+03 1.3883828801e+02 -4.6638889825e+09 -1.0016834061e+07 1.9243272706e+06 3.0140576263e+03 0.0000000000e+00 -0.0000000000e+00
1.1916873748e+05 6.4283969111e-14 3.4130352872e-15 1.2855931387e+08 2.4580824071e+07 1.4979304479e-18 1.4191837700e-19 -2.2308793760e+03 1.2668126155e+02 -4.6638889071e+09 -1.0016834061e+07 1.9243272706e+06 2.7219239619e+03 0.0000000000e+00 -0.0000000000e+00
1.2161488961e+05 6.8048101169e-14 3.7796663758e-15 1.2303200838e+08 2.4877021294e+07 1.5807914448e-18 1.5821673534e-19 -2.2890965376e+03 1.1523022672e+02 -4.6638888679e+09 -1.0016834061e+07 1.9243272706e+06 2.4627400733e+03 0.0000000000e+00 -0.0000000000e+00
1.2407762969e+05 7.2051350034e-14 4.1920309386e-15 1.1731715416e+08 2.5144842084e+07 1.6715908393e-18 1.7712648554e-19 -2.3528911239e+03 1.0194445870e+02 -4.6638888089e+09 -1.0016834061e+07 1.9243272706e+06 2.2228695529e+03 0.0000000000e+00 -0.0000000000e+00
1.2607205737e+05 7.5463798444e-14 4.5624184580e-15 1.1256927262e+08 2.5336133532e+07 1.7514009620e-18 1.9466043413e-19 -2.4089647772e+03 8.9625312701e+01 -4.6638887793e+09 -1.0016834061e+07 1.9243272706e+06 2.0093181750e+03 0.0000000000e+00 -0.0000000000e+00
1.2787912003e+05 7.8698216371e-14 4.9300731929e-15 1.0816727372e+08 2.5486927166e+07 1.8292966761e-18 2.1260310572e-19 -2.4636933895e+03 7.7019002733e+01 -4.6638887542e+09 -1.0016834061e+07 1.9243272706e+06 1.8210488860e+03 0.0000000000e+00 -0.0000000000e+00
1.2951072028e+05 8.1743794737e-14 5.2915130156e-15 1.0410472514e+08 2.5602364134e+07 1.9048193469e-18 2.3078677409e-19 -2.5167547295e+03 6.4243371265e+01 -4.6638887335e+09 -1.0016834061e+07 1.9243272706e+06 1.6457930123e+03 0.0000000000e+00 -0.0000000000e+00
1.3097622395e+05 8.4587917720e-14 5.6428421363e-15 1.0037945343e+08 2.5687301919e+07 1.9774041635e-18 2.4899900109e-19 -2.5677519677e+03 5.1447674832e+01 -4.6638887173e+09 -1.0016834061e+07 1.9243272706e+06 1.4805795004e+03 0.0000000000e+00 -0.0000000000e+00
1.3228085051e+05 8.7212153467e-14 5.9792109469e-15 9.6998257704e+07 2.5746329440e+07 2.0462707574e-18 2.6694982798e-19 -2.6161368264e+03 3.8835635045e+01 -4.6638887052e+09 -1.0016834061e+07 1.9243272706e+06 1.3218120764e+03 0.0000000000e+00 -0.0000000000e+00
1.3342330633e+05 8.9586125870e-14 6.2939043711e-15 9.3984004347e+07 2.5783871764e+07 2.1102417748e-18 2.8421445568e-19 -2.6610821106e+03 2.6705710739e+01 -4.6638886971e+09 -1.0016834061e+07 1.9243272706e+06 1.1645142374e+03 0.0000000000e+00 -0.0000000000e+00
1.3438848256e+05 9.1650155491e-14 6.5757761950e-15 9.1396428458e+07 2.5804339577e+07 2.1672302564e-18 3.0007632104e-19 -2.7011215473e+03 1.5561350748e+01 -4.6638886927e+09 -1.0016834061e+07 1.9243272706e+06 1.0007871014e+03 0.0000000000e+00 -0.0000000000e+00
1.3510797592e+05 9.3225331433e-14 6.7961922022e-15 8.9441840651e+07 2.5812365025e+07 2.2116227139e-18 3.1274865633e-19 -2.7323111657e+03 6.6579170567e+00 -4.6638886915e+09 -1.0016834061e+07 1.9243272706e+06 8.2382960390e+02 0.0000000000e+00 -0.0000000000e+00
1.3584265107e+05 9.4867357525e-14 7.0309633512e-15 8.7422393731e+07 2.5813741744e+07 2.2587676964e-18 3.2651178357e-19 -2.7654346758e+03 -3.0118942224e+00 -4.6638886898e+09 -1.0016834061e+07 1.9243272706e+06 6.9835755175e+02 0.0000000000e+00 -0.0000000000e+00
1.3654100862e+05 9.6460962787e-14 7.2637979072e-15 8.5479765221e+07 2.5808257099e+07 2.3054054968e-18 3.4043765450e-19 -2.7982018457e+03 -1.2796047301e+01 -4.6638886883e+09 -1.0016834061e+07 1.9243272706e+06 8.6200457559e+02 0.0000000000e+00 -0.0000000000e+00
1.3740301319e+05 9.8473966292e-14 7.5650998454e-15 8.3049622430e+07 2.5791716362e+07 2.3656175595e-18 3.5887669182e-19 -2.8405061325e+03 -2.5751097997e+01 -4.6638886831e+09 -1.0016834061e+07 1.9243272706e+06 9.4449344311e+02 0.0000000000e+00 -0.0000000000e+00
1.3834750664e+05 1.0074084526e-13 7.9142795139e-15 8.0343900630e+07 2.5760212069e+07 2.4352511925e-18 3.8085194277e-19 -2.8894299038e+03 -4.1190650780e+01 -4.6638886725e+09 -1.0016834061e+07 1.9243272706e+06 9.8479480185e+02 0.0000000000e+00 -0.0000000000e+00
1.3933230144e+05 1.0317663896e-13 8.3015265173e-15 7.7472008149e+07 2.5711085997e+07 2.5123610150e-18 4.0600831002e-19 -2.9436063580e+03 -5.8865218450e+01 -4.6638886555e+09 -1.0016834061e+07 1.9243272706e+06 9.9963183327e+02 0.0000000000e+00 -0.0000000000e+00
1.4033193327e+05 1.0572935410e-13 8.7212529289e-15 7.4500483321e+07 2.5642499252e+07 2.5958824395e-18 4.3424043920e-19 -3.0022875282e+03 -7.8700780273e+01 -4.6638886311e+09 -1.0016834061e+07 1.9243272706e+06 9.9751987311e+02 0.0000000000e+00 -0.0000000000e+00
1.4132945315e+05 1.0836280177e-13 9.1697556480e-15 7.1474725617e+07 2.5553216482e+07 2.6851559706e-18 4.6556110679e-19 -3.0650100609e+03 -1.0070631284e+02 -4.6638885983e+09 -1.0016834061e+07 1.9243272706e+06 9.8357147314e+02 0.0000000000e+00 -0.0000000000e+00
1.4231302462e+05 1.1104979157e-13 9.6443118905e-15 6.8427787342e+07 2.5442471015e+07 2.7797406767e-18 5.0005123175e-19 -3.1314641626e+03 -1.2493866887e+02 -4.6638885563e+09 -1.0016834061e+07 1.9243272706e+06 9.6118785794e+02 0.0000000000e+00 -0.0000000000e+00
1.4327421248e+05 1.1376890045e-13 1.0142763707e-14 6.5384660577e+07 2.5309869339e+07 2.8793265552e-18 5.3783750312e-19 -3.2014320292e+03 -1.5148685859e+02 -4.6638885041e+09 -1.0016834061e+07 1.9243272706e+06 9.3278291853e+02 0.0000000000e+00 -0.0000000000e+00
1.4420699540e+05 1.1650272829e-13 1.0663303411e-14 6.2364666272e+07 2.5155318339e+07 2.9836876442e-18 5.7908127412e-19 -3.2747549026e+03 -1.8046424688e+02 -4.6638884408e+09 -1.0016834061e+07 1.9243272706e+06 9.0014257651e+02 0.0000000000e+00 -0.0000000000e+00
1.4510713797e+05 1.1923686377e-13 1.1204353781e-14 5.9382920872e+07 2.4978967292e+07 3.0926544233e-18 6.2397276471e-19 -3.3513136797e+03 -2.1200448003e+02 -4.6638883655e+09 -1.0016834061e+07 1.9243272706e+06 8.6462402183e+02 0.0000000000e+00 -0.0000000000e+00
1.4597176199e+05 1.2195922489e-13 1.1764497644e-14 5.6451304881e+07 2.4781160284e+07 3.2060963009e-18 6.7272805526e-19 -3.4310166083e+03 -2.4625937358e+02 -4.6638882774e+09 -1.0016834061e+07 1.9243272706e+06 8.2727609304e+02 0.0000000000e+00 -0.0000000000e+00
1.4679903809e+05 1.2465961261e-13 1.2342435125e-14 5.3579139843e+07 2.4562396438e+07 3.3239097757e-18 7.2558768701e-19 -3.5137909696e+03 -2.8339792897e+02 -4.6638881753e+09 -1.0016834061e+07 1.9243272706e+06 7.8891717531e+02 0.0000000000e+00 -0.0000000000e+00
1.4758795526e+05 1.2732939299e-13 1.2936957263e-14 5.0773683268e+07 2.4323296277e+07 3.4460099628e-18 7.8281626573e-19 -3.5995771246e+03 -3.2360605510e+02 -4.6638880584e+09 -1.0016834061e+07 1.9243272706e+06 7.5018849136e+02 0.0000000000e+00 -0.0000000000e+00
1.4833814375e+05 1.2996126055e-13 1.3546929742e-14 4.8040503655e+07 2.4064573044e+07 3.5723241905e-18 8.4470274358e-19 -3.6883240149e+03 -3.6708676636e+02 -4.6638879257e+09 -1.0016834061e+07 1.9243272706e+06 7.1159223684e+02 0.0000000000e+00 -0.0000000000e+00
1.4904973599e+05 1.3254905522e-13 1.4171283060e-14 4.5383772935e+07 2.3787008142e+07 3.7027868945e-18 9.1156119797e-19 -3.7799855759e+03 -4.1406072984e+02 -4.6638877760e+09 -1.0016834061e+07 1.9243272706e+06 6.7351987965e+02 0.0000000000e+00 -0.0000000000e+00
1.4972325587e+05 1.3508761595e-13 1.4809006893e-14 4.2806499814e+07 2.3491430018e+07 3.8373353252e-18 9.8373200536e-19 -3.8745177204e+03 -4.6476709005e+02 -4.6638876083e+09 -1.0016834061e+07 1.9243272706e+06 6.3627378271e+02 0.0000000000e+00 -0.0000000000e+00
1.5035952965e+05 1.3757266022e-13 1.5459147262e-14 4.0310719431e+07 2.3178695983e+07 3.9759057438e-18 1.0615833552e-18 -3.9718756663e+03 -5.1946453254e+02 -4.6638874214e+09 -1.0016834061e+07 1.9243272706e+06 6.0008410752e+02 0.0000000000e+00 -0.0000000000e+00
1.5095961376e+05 1.4000068253e-13 1.6120805594e-14 3.7897649765e+07 2.2849676531e+07 4.1184298804e-18 1.1455130779e-18 -4.0720114478e+03 -5.7843256834e+02 -4.6638872142e+09 -1.0016834061e+07 1.9243272706e+06 5.6512227550e+02 0.0000000000e+00 -0.0000000000e+00
1.5152473604e+05 1.4236886719e-13 1.6793139091e-14 3.5567822133e+07 2.2505241773e+07 4.2648314818e-18 1.2359507825e-18 -4.1748714907e+03 -6.4197303561e+02 -4.6638869856e+09 -1.0016834061e+07 1.9243272706e+06 5.3151183671e+02 0.0000000000e+00 -0.0000000000e+00
1.5205624787e+05 1.4467501226e-13 1.7475362034e-14 3.3321191048e+07 2.2146249692e+07 4.4150228122e-18 1.3333603124e-18 -4.2803941524e+03 -7.1041182533e+02 -4.6638867342e+09 -1.0016834061e+07 1.9243272706e+06 4.9933734402e+02 0.0000000000e+00 -0.0000000000e+00
1.5255558522e+05 1.4691746239e-13 1.8166747781e-14 3.1157227340e+07 2.1773535902e+07 4.5689009831e-18 1.4382425437e-18 -4.3885071449e+03 -7.8410084710e+02 -4.6638864588e+09 -1.0016834061e+07 1.9243272706e+06 4.6865165702e+02 0.0000000000e+00 -0.0000000000e+00
1.5302423687e+05 1.4909504908e-13 1.8866631330e-14 2.9074997505e+07 2.1387904679e+07 4.7263439991e-18 1.5511385594e-18 -4.4991247557e+03 -8.6342025953e+02 -4.6638861582e+09 -1.0016834061e+07 1.9243272706e+06 4.3948199268e+02 0.0000000000e+00 -0.0000000000e+00
1.5346371887e+05 1.5120703713e-13 1.9574412377e-14 2.7073231526e+07 2.0990121005e+07 4.8872064009e-18 1.6726332484e-18 -4.6121447868e+03 -9.4878099866e+02 -4.6638858310e+09 -1.0016834061e+07 1.9243272706e+06 4.1183496039e+02 0.0000000000e+00 -0.0000000000e+00
1.5387555383e+05 1.5325307650e-13 2.0289558882e-14 2.5150380987e+07 2.0580903396e+07 5.0513143775e-18 1.8033593901e-18 -4.7274451204e+03 -1.0406276479e+03 -4.6638854761e+09 -1.0016834061e+07 1.9243272706e+06 3.8570076575e+02 0.0000000000e+00 -0.0000000000e+00
1.5426125459e+05 1.5523315896e-13 2.1011611187e-14 2.3304668872e+07 2.0160917294e+07 5.2184602016e-18 1.9440023041e-18 -4.8448798100e+03 -1.1394417046e+03 -4.6638850920e+09 -1.0016834061e+07 1.9243272706e+06 3.6105673107e+02 0.0000000000e+00 -0.0000000000e+00
1.5462231132e+05 1.5714757896e-13 2.1740186804e-14 2.1534132210e+07 1.9730768791e+07 5.3883958157e-18 2.0953051646e-18 -4.9642745733e+03 -1.2457453144e+03 -4.6638846776e+09 -1.0016834061e+07 1.9243272706e+06 3.3787024847e+02 0.0000000000e+00 -0.0000000000e+00
1.5496018157e+05 1.5899689853e-13 2.2474986019e-14 1.9836658483e+07 1.9290998441e+07 5.5608253587e-18 2.2580751067e-18 -5.0854215416e+03 -1.3601055608e+03 -4.6638842316e+09 -1.0016834061e+07 1.9243272706e+06 3.1610126395e+02 0.0000000000e+00 -0.0000000000e+00
1.5527628284e+05 1.6078191567e-13 2.3215798548e-14 1.8210016567e+07 1.8842074895e+07 5.7353963686e-18 2.4331902851e-18 -5.2080730793e+03 -1.4831394249e+03 -4.6638837531e+09 -1.0016834061e+07 1.9243272706e+06 2.9570437433e+02 0.0000000000e+00 -0.0000000000e+00
1.5557198721e+05 1.6250363627e-13 2.3962511551e-14 1.6651882796e+07 1.8384388065e+07 5.9116893314e-18 2.6216080937e-18 -5.3319344409e+03 -1.6155195606e+03 -4.6638832411e+09 -1.0016834061e+07 1.9243272706e+06 2.7663060395e+02 0.0000000000e+00 -0.0000000000e+00
1.5584861781e+05 1.6416324920e-13 2.4715119397e-14 1.5159862647e+07 1.7918241448e+07 6.0892051444e-18 2.8243748141e-18 -5.4566549627e+03 -1.7579810728e+03 -4.6638826949e+09 -1.0016834061e+07 1.9243272706e+06 2.5882892624e+02 0.0000000000e+00 -0.0000000000e+00
1.5610744674e+05 1.6576210461e-13 2.5473735742e-14 1.3731508420e+07 1.7443843183e+07 6.2673499307e-18 3.0426370439e-18 -5.5818173938e+03 -1.9113295477e+03 -4.6638821139e+09 -1.0016834061e+07 1.9243272706e+06 2.4224758212e+02 0.0000000000e+00 -0.0000000000e+00
1.5634969432e+05 1.6730169535e-13 2.6238608631e-14 1.2364333158e+07 1.6961295270e+07 6.4454164546e-18 3.2776553723e-18 -5.7069248386e+03 -2.0764506603e+03 -4.6638814981e+09 -1.0016834061e+07 1.9243272706e+06 2.2683525278e+02 0.0000000000e+00 -0.0000000000e+00
1.5657652958e+05 1.6878364153e-13 2.7010139655e-14 1.1055820963e+07 1.6470580209e+07 6.6225611212e-18 3.5308209277e-18 -5.8313845973e+03 -2.2543218011e+03 -4.6638808480e+09 -1.0016834061e+07 1.9243272706e+06 2.1254213813e+02 0.0000000000e+00 -0.0000000000e+00
1.5678907171e+05 1.7020967843e-13 2.7788908515e-14 9.8034337037e+06 1.5971544092e+07 6.7977751598e-18 3.8036756470e-18 -5.9544879195e+03 -2.4460263169e+03 -4.6638801647e+09 -1.0016834061e+07 1.9243272706e+06 1.9932100377e+02 0.0000000000e+00 -0.0000000000e+00
1.5698839272e+05 1.7158164799e-13 2.8575704968e-14 8.6046139806e+06 1.5463874730e+07 6.9698480262e-18 4.0979374441e-18 -6.0753842910e+03 -2.6527711936e+03 -4.6638794501e+09 -1.0016834061e+07 1.9243272706e+06 1.8712826554e+02 0.0000000000e+00 -0.0000000000e+00
1.5717552098e+05 1.7290149431e-13 2.9371570916e-14 7.4567839782e+06 1.4947072916e+07 7.1373202081e-18 4.4155319165e-18 -6.1930482758e+03 -2.8759093335e+03 -4.6638787076e+09 -1.0016834061e+07 1.9243272706e+06 1.7592520739e+02 0.0000000000e+00 -0.0000000000e+00
1.5735144619e+05 1.7417126386e-13 3.0177856698e-14 6.3573395829e+06 1.4420413973e+07 7.2984213165e-18 4.7586329330e-18 -6.3062360192e+03 -3.1169680712e+03 -4.6638779420e+09 -1.0016834061e+07 1.9243272706e+06 1.6567945599e+02 0.0000000000e+00 -0.0000000000e+00
1.5751712565e+05 1.7539311137e-13 3.0996297586e-14 5.3036387713e+06 1.3882895445e+07 7.4509872825e-18 5.1297154652e-18 -6.4134270720e+03 -3.3776862927e+03 -4.6638771606e+09 -1.0016834061e+07 1.9243272706e+06 1.5636689616e+02 0.0000000000e+00 -0.0000000000e+00
1.5767349254e+05 1.7656931276e-13 3.1829119538e-14 4.2929827771e+06 1.3333164667e+07 7.5923471481e-18 5.5316255724e-18 -6.5127448505e+03 -3.6600636056e+03 -4.6638763734e+09 -1.0016834061e+07 1.9243272706e+06 1.4797429365e+02 0.0000000000e+00 -0.0000000000e+00
1.5782146684e+05 1.7770228699e-13 3.2679188165e-14 3.3225879440e+06 1.2769416565e+07 7.7191643772e-18 5.9676747243e-18 -6.6018451438e+03 -3.9664266098e+03 -4.6638755949e+09 -1.0016834061e+07 1.9243272706e+06 1.4050301274e+02 0.0000000000e+00 -0.0000000000e+00
1.5796196985e+05 1.7879462864e-13 3.3550222570e-14 2.3895456256e+06 1.2189246719e+07 7.8272080635e-18 6.4417688647e-18 -6.6777553666e+03 -4.2995195752e+03 -4.6638748448e+09 -1.0016834061e+07 1.9243272706e+06 1.3067381417e+02 0.0000000000e+00 -0.0000000000e+00
1.5807124256e+05 1.7965390274e-13 3.4276466258e-14 1.6570572120e+06 1.1703734854e+07 7.8974293541e-18 6.8580460376e-18 -6.7270920193e+03 -4.5919910195e+03 -4.6638745930e+09 -1.0016834061e+07 1.9243272706e+06 1.1195662703e+02 0.0000000000e+00 -0.0000000000e+00
1.5816376707e+05 1.8038682791e-13 3.4928756962e-14 1.0330770019e+06 1.1266389838e+07 7.9428700476e-18 7.2478674577e-18 -6.7590181159e+03 -4.8658749631e+03 -4.6638744730e+09 -1.0016834061e+07 1.9243272706e+06 9.5586400107e+01 2.1304451060e-292 -1.5081590716e-284
1.5823796387e+05 1.8097712821e-13 3.5478985995e-14 5.3090166078e+05 1.0896602912e+07 7.9667420539e-18 7.5880390410e-18 -6.7757903067e+03 -5.1048755156e+03 -4.6638744315e+09 -1.0016834061e+07 1.9243272706e+06 7.9534078129e+01 3.9105598592e-268 -2.8199207207e-260
1.5827114630e+05 1.8124159548e-13 3.5733426568e-14 3.0598619328e+05 1.0725348179e+07 7.9729482095e-18 7.7487304555e-18 -6.7801506786e+03 -5.2177754129e+03 -4.6638744307e+09 -1.0016834061e+07 1.9243272706e+06 6.8994300788e+01 2.4468765549e-257 -1.7793998215e-249
1.5833025245e+05 1.8171298656e-13 3.6200204490e-14 -9.4861338505e+04 1.0410776628e+07 7.9758611192e-18 8.0488675067e-18 -6.7821972547e+03 -5.4286481740e+03 -4.6638744177e+09 -1.0016834061e+07 1.9243272706e+06 5.3242890152e+01 3.2523527944e-238 -2.4015918731e-230
1.5838349534e+05 1.8213748557e-13 3.6636303961e-14 -4.5585348973e+05 1.0116432004e+07 7.9681068270e-18 8.3352411897e-18 -6.7767491802e+03 -5.6298509546e+03 -4.6638744103e+09 -1.0016834061e+07 1.9243272706e+06 7.0766797898e+01 3.9372136329e-221 -2.9484479786e-213
1.5845426214e+05 1.8270048425e-13 3.7240337456e-14 -9.3480494201e+05 9.7080661750e+06 7.9394694899e-18 8.7406967260e-18 -6.7566289241e+03 -5.9147192444e+03 -4.6638743851e+09 -1.0016834061e+07 1.9243272706e+06 7.9336074795e+01 1.0853251386e-198 -8.2840575947e-191
1.5853359821e+05 1.8332812558e-13 3.7952974220e-14 -1.4692720394e+06 9.2253369769e+06 7.8769176113e-18 9.2307089572e-18 -6.7126807101e+03 -6.2589960731e+03 -4.6638743516e+09 -1.0016834061e+07 1.9243272706e+06 8.4263780617e+01 5.4508002013e-174 -4.2523183778e-166
1.5861786199e+05 1.8398756152e-13 3.8754203419e-14 -2.0318847133e+06 8.6814793669e+06 7.7663142917e-18 9.7938847216e-18 -6.6349721190e+03 -6.6546767396e+03 -4.6638743114e+09 -1.0016834061e+07 1.9243272706e+06 8.7923821246e+01 1.9415250229e-148 -1.5508182516e-140
1.5870578581e+05 1.8466315416e-13 3.9642884319e-14 -2.6101620801e+06 8.0770078225e+06 7.5897260671e-18 1.0428885111e-17 -6.5109033099e+03 -7.1008205428e+03 -4.6638742104e+09 -1.0016834061e+07 1.9243272706e+06 9.2186995423e+01 9.5074277057e-123 -7.7855189479e-115
1.5879797281e+05 1.8535114185e-13 4.0636888135e-14 -3.2021719985e+06 7.3995027822e+06 7.3201435296e-18 1.1144021694e-17 -6.3214977906e+03 -7.6032670928e+03 -4.6638738065e+09 -1.0016834061e+07 1.9243272706e+06 1.0062209676e+02 3.4526299170e-97 -2.9018435510e-89
1.5889859491e+05 1.8606790221e-13 4.1799558724e-14 -3.8243376118e+06 6.6054040870e+06 6.9027354941e-18 1.1972676786e-17 -6.0282318155e+03 -8.1854704113e+03 -4.6638719645e+09 -1.0016834061e+07 1.9243272706e+06 1.0200768117e+02 2.3166325838e-71 -2.0017667746e-63
1.5898908192e+05 1.8667054692e-13 4.2917719721e-14 -4.3543832120e+06 5.8402828098e+06 6.3945023869e-18 1.2743789857e-17 -5.6711532136e+03 -8.7272453830e+03 -4.6638692992e+09 -1.0016834061e+07 1.9243272706e+06 9.0490588011e+01 1.7768035587e-50 -1.5719049430e-42
1.5907957250e+05 1.8722077304e-13 4.4105866793e-14 -4.8476043351e+06 5.0259909504e+06 5.7409810102e-18 1.3513410637e-17 -5.2119967828e+03 -9.2679718884e+03 -4.6638642974e+09 -1.0016834061e+07 1.9243272706e+06 8.1555758502e+01 2.4655397983e-32 -2.2283625104e-24
1.5916112826e+05 1.8766037001e-13 4.5235303787e-14 -5.2525694689e+06 4.2509253318e+06 5.0177823462e-18 1.4176314302e-17 -4.7038859097e+03 -9.7337202047e+03 -4.6638597492e+09 -1.0016834061e+07 1.9243272706e+06 7.5016145596e+01 8.7796583390e-19 -8.0677327568e-11
1.5923614441e+05 1.8800827796e-13 4.6320006928e-14 -5.5854083589e+06 3.5058086794e+06 4.2403496128e-18 1.4731863264e-17 -4.1576708175e+03 -1.0124042369e+04 -4.6638561267e+09 -1.0016834061e+07 1.9243272709e+06 6.8395816652e+01 5.2051262686e-09 -4.8422455644e-01
1.5926523416e+05 1.8812688280e-13 4.6751427408e-14 -5.7030195668e+06 3.2092833962e+06 3.9116534764e-18 1.4927352113e-17 -3.9267327699e+03 -1.0261390512e+04 -4.6638584605e+09 -1.0016833983e+07 1.9243274720e+06 5.9253848577e+01 5.6242786321e-06 -5.2525117234e+02
1.5927958072e+05 1.8818180546e-13 4.6966244180e-14 -5.7585143048e+06 3.0616036007e+06 3.7443541024e-18 1.5018881299e-17 -3.8091900056e+03 -1.0325697325e+04 -4.6639099549e+09 -1.0016832348e+07 1.9243318583e+06 3.5351618165e+01 1.2117556546e-04 -1.1335997891e+04
1.5929420586e+05 1.8823529957e-13 4.7186558217e-14 -5.8133336339e+06 2.9101246075e+06 3.5704547309e-18 1.5108618908e-17 -3.6870068102e+03 -1.0388736042e+04 -4.6648921807e+09 -1.0016802234e+07 1.9244157595e+06 2.1279484296e+01 2.1372066440e-03 -2.0025762629e+05
1.5930633366e+05 1.8827771417e-13 4.7370229002e-14 -5.8574254712e+06 2.7838257884e+06 3.4237926769e-18 1.5180170393e-17 -3.5839327604e+03 -1.0438917931e+04 -4.6737610687e+09 -1.0016538597e+07 1.9251751717e+06 1.3992045202e+01 1.8879700397e-02 -1.7711911985e+06
1.5931608608e+05 1.8831052291e-13 4.7518544921e-14 -5.8919683835e+06 2.6818311980e+06 3.3043086028e-18 1.5235751654e-17 -3.4998361027e+03 -1.0477528482e+04 -4.7173698689e+09 -1.0015275897e+07 1.9289167814e+06 1.0330752094e+01 9.5215490371e-02 -8.9403662929e+06
1.5932416137e+05 1.8833680323e-13 4.7641759152e-14 -5.9199459148e+06 2.5970995751e+06 3.2043686396e-18 1.5280415807e-17 -3.4291373257e+03 -1.0507445371e+04 -4.8621144683e+09 -1.0011177753e+07 1.9413575503e+06 8.2952076599e+00 3.3186880026e-01 -3.1178803557e+07
1.5933110964e+05 1.8835876722e-13 4.7748062125e-14 -5.9435575526e+06 2.5240103457e+06 3.1176742576e-18 1.5317838729e-17 -3.3669991903e+03 -1.0529931605e+04 -5.2379452431e+09 -1.0000742452e+07 1.9737142424e+06 7.0464413992e+00 9.0878399549e-01 -8.5397249494e+07
1.5933729555e+05 1.8837781279e-13 4.7842917988e-14 -5.9642096919e+06 2.4588246194e+06 3.0399627096e-18 1.5350357028e-17 -3.3097255693e+03 -1.0544326317e+04 -6.0708997377e+09 -9.9780100370e+06 2.0455584773e+06 6.2334941383e+00 2.1128387295e+00 -1.9847649336e+08
1.5934352905e+05 1.8839651704e-13 4.7938704477e-14 -5.9846521702e+06 2.3930785871e+06 2.9611653407e-18 1.5382352780e-17 -3.2483607008e+03 -1.0547476191e+04 -7.9710195797e+09 -9.9269865426e+06 2.2098631823e+06 5.6855909977e+00 4.6918256679e+00 -4.4013550118e+08
1.5934921464e+05 1.8841314770e-13 4.8026243570e-14 -6.0029484636e+06 2.3331453406e+06 2.8888804859e-18 1.5410851373e-17 -3.1863900034e+03 -1.0530826260e+04 -1.1562225536e+10 -9.8319207671e+06 2.5215811871e+06 5.4164554050e+00 9.2541269402e+00 -8.6544456711e+08
1.5935463109e+05 1.8842860789e-13 4.8109787896e-14 -6.0200273646e+06 2.2762160118e+06 2.8196629143e-18 1.5437387458e-17 -3.1179555778e+03 -1.0483403686e+04 -1.7993396192e+10 -9.6635954869e+06 3.0831465721e+06 5.6715103928e+00 1.6869622346e+01 -1.5683116071e+09
1.5936030260e+05 1.8844439327e-13 4.8197418476e-14 -6.0374714489e+06 2.2170246580e+06 2.7468291463e-18 1.5464528126e-17 -3.0300967366e+03 -1.0377875435e+04 -2.9999085409e+10 -9.3517585998e+06 4.1422207711e+06 5.6917913621e+00 2.9952118068e+01 -2.7524528110e+09
1.5936432864e+05 1.8845534766e-13 4.8259717352e-14 -6.0495202255e+06 2.1754815742e+06 2.6949136471e-18 1.5483394129e-17 -2.9528950690e+03 -1.0250649258e+04 -4.3350965432e+10 -9.0055837862e+06 5.3363110465e+06 4.1280838677e+00 4.3321596110e+01 -3.9281288697e+09
1.5936789448e+05 1.8846487508e-13 4.8314957948e-14 -6.0599077543e+06 2.1392025549e+06 2.6487906404e-18 1.5499827657e-17 -2.8708768169e+03 -1.0088864514e+04 -5.9562273042e+10 -8.5838752390e+06 6.8096223998e+06 3.5894177168e+00 5.8288233192e+01 -5.1969637971e+09
1.5937148389e+05 1.8847429918e-13 4.8370622605e-14 -6.0700414286e+06 2.1033656365e+06 2.6022332787e-18 1.5516110939e-17 -2.7727473841e+03 -9.8688856696e+03 -8.0760603331e+10 -8.0278156242e+06 8.7766863381e+06 3.2621581885e+00 7.6133510710e+01 -6.6337802470e+09
1.5937474605e+05 1.8848271891e-13 4.8421262447e-14 -6.0789203540e+06 2.0715753912e+06 2.5598128529e-18 1.5530687971e-17 -2.6683270140e+03 -9.6119059687e+03 -1.0461035500e+11 -7.3935772615e+06 1.1048067829e+07 3.0408622182e+00 9.4184983187e+01 -7.9860335135e+09
1.5937778692e+05 1.8849044272e-13 4.8468509551e-14 -6.0868688089e+06 2.0427782542e+06 2.5201817787e-18 1.5544090263e-17 -2.5572083977e+03 -9.3195614492e+03 -1.3073916050e+11 -6.6857457975e+06 1.3613034734e+07 2.9039876374e+00 1.1173862938e+02 -9.1786896370e+09
1.5938069090e+05 1.8849770625e-13 4.8513667782e-14 -6.0941258454e+06 2.0161785090e+06 2.4822587596e-18 1.5556726426e-17 -2.4388300961e+03 -8.9921433615e+03 -1.5885922576e+11 -5.9060065047e+06 1.6471551644e+07 2.8203614532e+00 1.2820010029e+02 -1.0152745502e+10
1.5938351126e+05 1.8850465510e-13 4.8557560506e-14 -6.1008294648e+06 1.9913170197e+06 2.4453604607e-18 1.5568851332e-17 -2.3132705382e+03 -8.6310932223e+03 -1.8855185163e+11 -5.0591069039e+06 1.9612887763e+07 2.7691812038e+00 1.4294793241e+02 -1.0857406063e+10
1.5938628045e+05 1.8851137651e-13 4.8600689802e-14 -6.1070543955e+06 1.9679501293e+06 2.4090706118e-18 1.5580620270e-17 -2.1813119518e+03 -8.2396765407e+03 -2.1924332139e+11 -4.1541818965e+06 2.3010213659e+07 2.7333521470e+00 1.5538266044e+02 -1.1257461174e+10
1.5938901380e+05 1.8851791233e-13 4.8643292855e-14 -6.1128310141e+06 1.9459908655e+06 2.3731942600e-18 1.5592110585e-17 -2.0445561509e+03 -7.8236532621e+03 -2.5019951501e+11 -3.2060111621e+06 2.6615031686e+07 2.6966105963e+00 1.6500135174e+02 -1.1341259828e+10
1.5939171041e+05 1.8852426413e-13 4.8685353858e-14 -6.1181575533e+06 1.9254719887e+06 2.3377488603e-18 1.5603329457e-17 -1.9054922035e+03 -7.3917190075e+03 -2.8055695925e+11 -2.2356475354e+06 3.0353471953e+07 2.6461914897e+00 1.7149053235e+02 -1.1126937779e+10
1.5939435660e+05 1.8853040419e-13 4.8726657703e-14 -6.1230170804e+06 1.9064881229e+06 2.3029197516e-18 1.5614231705e-17 -1.7672416063e+03 -6.9548508932e+03 -3.0943719373e+11 -1.2685168972e+06 3.4131959150e+07 2.5781923575e+00 1.7481461801e+02 -1.0662797570e+10
1.5939693479e+05 1.8853629777e-13 4.8766927785e-14 -6.1273998831e+06 1.8891120837e+06 2.2689442366e-18 1.5624757920e-17 -1.6328756092e+03 -6.5241405821e+03 -3.3613116580e+11 -3.2930769749e+05 3.7855859352e+07 2.4985810629e+00 1.7523687099e+02 -1.0017538886e+10
1.5939943337e+05 1.8854192574e-13 4.8805980164e-14 -6.1313190303e+06 1.8733314263e+06 2.2359813679e-18 1.5634874364e-17 -1.5046824156e+03 -6.1082927998e+03 -3.6023936134e+11 5.6348019624e+05 4.1450980905e+07 2.4172991080e+00 1.7323314664e+02 -9.2632222276e+09
1.5940185067e+05 1.8854729220e-13 4.8843786086e-14 -6.1348095517e+06 1.8590459299e+06 2.2040588522e-18 1.5644587395e-17 -1.3838956025e+03 -5.7125447140e+03 -3.8167154247e+11 1.3995268448e+06 4.4872845851e+07 2.3419842177e+00 1.6935101690e+02 -8.4609726304e+09
1.5940419266e+05 1.8855241782e-13 4.8880436418e-14 -6.1379174410e+06 1.8461066897e+06 2.1731028469e-18 1.5653932650e-17 -1.2708982660e+03 -5.3391922889e+03 -4.0054582632e+11 2.1751349411e+06 4.8102151333e+07 2.2761764449e+00 1.6410110163e+02 -7.6554981165e+09
1.5940646883e+05 1.8855732992e-13 4.8916077813e-14 -6.1406894626e+06 1.8343551965e+06 2.1429918304e-18 1.5662957947e-17 -1.1655683416e+03 -4.9886746292e+03 -4.1708122600e+11 2.8906163073e+06 5.1135450509e+07 2.2204830568e+00 1.5791004223e+02 -6.8763104039e+09
1.5940868932e+05 1.8856205577e-13 4.8950866873e-14 -6.1431678593e+06 1.8236449874e+06 2.1135953891e-18 1.5671711572e-17 -1.0675427321e+03 -4.6604535381e+03 -4.3152772299e+11 3.5482784408e+06 5.3977606431e+07 2.1740922715e+00 1.5111500545e+02 -6.1412904787e+09
1.5941086341e+05 1.8856661961e-13 4.8984947895e-14 -6.1453888058e+06 1.8138490410e+06 2.0847931241e-18 1.5680236948e-17 -9.7636741361e+02 -4.3535399003e+03 -4.4413112544e+11 4.1512615214e+06 5.6637285899e+07 2.1357182596e+00 1.4397498036e+02 -5.4601494660e+09
1.5941299913e+05 1.8857104191e-13 4.9018445370e-14 -6.1473826525e+06 1.8048599845e+06 2.0564810815e-18 1.5688571105e-17 -8.9157065943e+02 -4.0667679972e+03 -4.5511845514e+11 4.7029544134e+06 5.9124618662e+07 2.1040435082e+00 1.3668560406e+02 -4.8370974488e+09
1.5941510317e+05 1.8857533948e-13 4.9051463412e-14 -6.1491747665e+06 1.7965876734e+06 2.0285723088e-18 1.5696744866e-17 -8.1269532640e+02 -3.7989293611e+03 -4.6469335522e+11 5.2067235535e+06 6.1450060770e+07 2.0778862319e+00 1.2939269819e+02 -4.2727448176e+09
1.5941718106e+05 1.8857952598e-13 4.9084087819e-14 -6.1507864430e+06 1.7889562415e+06 2.0009951661e-18 1.5704783627e-17 -7.3931146609e+02 -3.5488354985e+03 -4.7303591023e+11 5.6657956699e+06 6.3623866086e+07 2.0562428200e+00 1.2220338241e+02 -3.7654189191e+09
1.5941923730e+05 1.8858361244e-13 4.9116388820e-14 -6.1522357067e+06 1.7819013979e+06 1.9736910481e-18 1.5712708244e-17 -6.7102000987e+02 -3.3153459667e+03 -4.8030422881e+11 6.0832128555e+06 6.5655852919e+07 2.0382817221e+00 1.1519486641e+02 -3.3120659464e+09
1.5942127558e+05 1.8858760778e-13 4.9148423728e-14 -6.1535379642e+06 1.7753681788e+06 1.9466121663e-18 1.5720535847e-17 -6.0745257552e+02 -3.0973797039e+03 -4.8663661186e+11 6.4618209654e+06 6.7555312593e+07 2.0233211598e+00 1.0842131804e+02 -2.9088641221e+09
1.5942329890e+05 1.8859151920e-13 4.9180239260e-14 -6.1547065180e+06 1.7693091508e+06 1.9197196100e-18 1.5728280528e-17 -5.4826972874e+02 -2.8939183533e+03 -4.9215379901e+11 6.8042728168e+06 6.9330985308e+07 2.0108042574e+00 1.0191921337e+02 -2.5516365825e+09
1.5942530971e+05 1.8859535250e-13 4.9211873472e-14 -6.1557529675e+06 1.7636829985e+06 1.8929817256e-18 1.5735953912e-17 -4.9315874188e+02 -2.7040057978e+03 -4.9696108886e+11 7.1130375591e+06 7.0991067480e+07 2.0002761764e+00 9.5711505512e+01 -2.2361250130e+09
1.5942730998e+05 1.8859911237e-13 4.9243357342e-14 -6.1566875201e+06 1.7584534195e+06 1.8663727897e-18 1.5743565611e-17 -4.4183130775e+02 -2.5267459764e+03 -5.0115026051e+11 7.3904121845e+06 7.2543233029e+07 1.9913652974e+00 8.9810877050e+01 -1.9581663979e+09
1.5942930135e+05 1.8860280262e-13 4.9274716061e-14 -6.1575192340e+06 1.7535882578e+06 1.8398719264e-18 1.5751123593e-17 -3.9402137655e+02 -2.3612999328e+03 -5.0480128296e+11 7.6385334435e+06 7.3994660670e+07 1.9837673970e+00 8.4222277413e+01 -1.7138023740e+09
1.5943128512e+05 1.8860642630e-13 4.9305970079e-14 -6.1582562085e+06 1.7490588229e+06 1.8134622278e-18 1.5758634479e-17 -3.4948319181e+02 -2.2068826317e+03 -5.0798382005e+11 7.8593892943e+06 7.5352062742e+07 1.9772329845e+00 7.8944903035e+01 -1.4993420783e+09
1.5943326235e+05 1.8860998591e-13 4.9337135958e-14 -6.1589057340e+06 1.7448393495e+06 1.7871300412e-18 1.5766103783e-17 -3.0798952893e+02 -2.0627597619e+03 -5.1075854927e+11 8.0548296103e+06 7.6621713816e+07 1.9715573504e+00 7.3973740170e+01 -1.3113931601e+09
1.5943523391e+05 1.8861348345e-13 4.9368227065e-14 -6.1594744112e+06 1.7409065678e+06 1.7608643834e-18 1.5773536104e-17 -2.6933011909e+02 -1.9282446160e+03 -5.1317831492e+11 8.2265760857e+06 7.7809478375e+07 1.9665723748e+00 6.9300763306e+01 -1.1468713519e+09
1.5943720048e+05 1.8861692055e-13 4.9399254143e-14 -6.1599682472e+06 1.7372393563e+06 1.7346564634e-18 1.5780935286e-17 -2.3331024460e+02 -1.8026951142e+03 -5.1528913476e+11 8.3762313203e+06 7.8920837056e+07 1.9621400116e+00 6.4915862913e+01 -1.0029959983e+09
1.5943916262e+05 1.8862029853e-13 4.9430225779e-14 -6.1603927328e+06 1.7338184620e+06 1.7084992886e-18 1.5788304549e-17 -1.9974948313e+02 -1.6855109812e+03 -5.1713107820e+11 8.5052871452e+06 7.9960911424e+07 1.9581470802e+00 6.0807559637e+01 -8.7727672314e+08
1.5944112077e+05 1.8862361845e-13 4.9461148792e-14 -6.1607529060e+06 1.7306262697e+06 1.6823873403e-18 1.5795646592e-17 -1.6848058171e+02 -1.5761310766e+03 -5.1873903231e+11 8.6151322519e+06 8.0934487299e+07 1.9545008471e+00 5.6963550152e+01 -7.6749486824e+08
1.5944307527e+05 1.8862688120e-13 4.9492028549e-14 -6.1610534046e+06 1.7276466128e+06 1.6563163055e-18 1.5802963686e-17 -1.3934844778e+02 -1.4740308885e+03 -5.2014336949e+11 8.7070591706e+06 8.1846036582e+07 1.9511256097e+00 5.3371120881e+01 -6.7168222472e+08
1.5944502639e+05 1.8863008749e-13 4.9522869234e-14 -6.1612985093e+06 1.7248646150e+06 1.6302828545e-18 1.5810257741e-17 -1.1220924007e+02 -1.3787201710e+03 -5.2137052970e+11 8.7822706664e+06 8.2699737775e+07 1.9479598561e+00 5.0017457539e+01 -5.8809875114e+08
1.5944697435e+05 1.8863323789e-13 4.9553674066e-14 -6.1614921814e+06 1.7222665571e+06 1.6042844546e-18 1.5817530370e-17 -8.6929549060e+01 -1.2897407240e+03 -5.2244352785e+11 8.8418855961e+06 8.3499495213e+07 1.9449538641e+00 4.6889873158e+01 -5.1521041507e+08
1.5944891931e+05 1.8863633290e-13 4.9584445487e-14 -6.1616380935e+06 1.7198397641e+06 1.5783192165e-18 1.5824782939e-17 -6.3385658342e+01 -1.2066643132e+03 -5.2338239602e+11 8.8869442648e+06 8.4248957047e+07 1.9420679024e+00 4.3975972568e+01 -4.5166788376e+08
1.5945086137e+05 1.8863937293e-13 4.9615185315e-14 -6.1617396566e+06 1.7175725080e+06 1.5523857625e-18 1.5832016610e-17 -4.1462876227e+01 -1.1290907158e+03 -5.2420456885e+11 8.9184133258e+06 8.4951532112e+07 1.9392706272e+00 4.1263767180e+01 -3.9628649210e+08
1.5945244736e+05 1.8864181820e-13 4.9640299436e-14 -6.1617919693e+06 1.7158294783e+06 1.5312023142e-18 1.5837918403e-17 -2.4666482983e+01 -1.0694847944e+03 -5.2480080678e+11 8.9346751152e+06 8.5493427951e+07 1.6535695829e+00 3.9187785881e+01 -3.5633603704e+08
1.5945373076e+05 1.8864377234e-13 4.9660628814e-14 -6.1618152832e+06 1.7144865791e+06 1.5140573759e-18 1.5842690738e-17 -1.1765652482e+01 -1.0235821735e+03 -5.2523909453e+11 8.9419426027e+06 8.5912100610e+07 1.3851022079e+00 3.7595204202e+01 -3.2711674515e+08
1.5945469823e+05 1.8864523089e-13 4.9675957937e-14 -6.1618221247e+06 1.7135124812e+06 1.5011310303e-18 1.5846286383e-17 -2.4322936765e+00 -9.9029714729e+02 -5.2554561819e+11 8.9440800168e+06 8.6216496525e+07 1.0412130749e+00 3.6444402326e+01 -3.0677262040e+08
1.5945573945e+05 1.8864678665e-13 4.9692459311e-14 -6.1618195847e+06 1.7124994934e+06 1.4872177265e-18 1.5850154318e-17 7.2493800868e+00 -9.5569339256e+02 -5.2585428481e+11 8.9432839934e+06 8.6533727753e+07 1.2145045408e+00 3.5252156169e+01 -2.8637538672e+08
1.5945695395e+05 1.8864858302e-13 4.9711712134e-14 -6.1618041524e+06 1.7113625411e+06 1.4709865654e-18 1.5854663797e-17 1.8083072074e+01 -9.1686705109e+02 -5.2618855598e+11 8.9384378815e+06 8.6890682262e+07 1.4053347627e+00 3.3920204085e+01 -2.6440410816e+08
1.5945835929e+05 1.8865063705e-13 4.9733996910e-14 -6.1617702750e+06 1.7101044577e+06 1.4522021084e-18 1.5859879021e-17 3.0025431740e+01 -8.7391815099e+02 -5.2654357755e+11 8.9277671614e+06 8.7286893228e+07 1.5155957941e+00 3.2455095708e+01 -2.4122857620e+08
1.5945987488e+05 1.8865282265e-13 4.9758038336e-14 -6.1617154388e+06 1.7088136241e+06 1.4319403431e-18 1.5865500245e-17 4.2221626697e+01 -8.2986464599e+02 -5.2689179721e+11 8.9104315558e+06 8.7694917969e+07 1.5879117734e+00 3.0962915689e+01 -2.1869024331e+08
1.5946146279e+05 1.8865507959e-13 4.9783236024e-14 -6.1616387294e+06 1.7075309348e+06 1.4107079664e-18 1.5871386373e-17 5.4274284628e+01 -7.8609939938e+02 -5.2722194812e+11 8.8860793946e+06 8.8102074526e+07 1.6391077055e+00 2.9493100925e+01 -1.9753746695e+08
1.5946310190e+05 1.8865737393e-13 4.9809255913e-14 -6.1615400791e+06 1.7062777974e+06 1.3887869962e-18 1.5877458972e-17 6.5973916692e+01 -7.4334770072e+02 -5.2752946640e+11 8.8546142330e+06 8.8501729526e+07 1.6774155243e+00 2.8071718043e+01 -1.7806710061e+08
1.5946477932e+05 1.8865968468e-13 4.9835894219e-14 -6.1614198918e+06 1.7050659017e+06 1.3663495333e-18 1.5883670274e-17 7.7204560396e+01 -7.0200159150e+02 -5.2781301112e+11 8.8160781762e+06 8.8890265346e+07 1.7073816230e+00 2.6713118281e+01 -1.6035860597e+08
1.5946648670e+05 1.8866199806e-13 4.9863019101e-14 -6.1612788393e+06 1.7039015642e+06 1.3435069761e-18 1.5889989446e-17 8.7901699868e+01 -6.6226865189e+02 -5.2807288750e+11 8.7705881103e+06 8.9265733430e+07 1.7317407889e+00 2.5425135390e+01 -1.4438049451e+08
1.5946821844e+05 1.8866430460e-13 4.9890541991e-14 -6.1611177436e+06 1.7027879289e+06 1.3203342085e-18 1.5896395842e-17 9.8030871101e+01 -6.2424749031e+02 -5.2831024831e+11 8.7182982974e+06 8.9627172299e+07 1.7522531249e+00 2.4211725902e+01 -1.3004438344e+08
1.5946997069e+05 1.8866659762e-13 4.9918402178e-14 -6.1609375051e+06 1.7017261855e+06 1.2968826116e-18 1.5902875363e-17 1.0757578352e+02 -5.8796955942e+02 -5.2852666174e+11 8.6593771163e+06 8.9974230416e+07 1.7701206820e+00 2.3074430909e+01 -1.1723431072e+08
1.5947174081e+05 1.8866887228e-13 4.9946557978e-14 -6.1607390573e+06 1.7007162853e+06 1.2731875128e-18 1.5909418381e-17 1.1653129168e+02 -5.5342383663e+02 -5.2872386827e+11 8.5939918056e+06 9.0306943962e+07 1.7862125593e+00 2.2013235930e+01 -1.0582324455e+08
1.5947352703e+05 1.8867112511e-13 4.9974981476e-14 -6.1605233364e+06 1.6997573834e+06 1.2492726287e-18 1.5916018491e-17 1.2489903143e+02 -5.2057211088e+02 -5.2890364165e+11 8.5222979055e+06 9.0625599486e+07 1.8011951336e+00 2.1027099313e+01 -9.5682533253e+07
1.5947532822e+05 1.8867335357e-13 5.0003655323e-14 -6.1602912609e+06 1.6988481213e+06 1.2251527691e-18 1.5922671756e-17 1.3268460869e+02 -4.8935881494e+02 -5.2906770966e+11 8.4444315111e+06 9.0930645800e+07 1.8156127619e+00 2.0114287041e+01 -8.6687283996e+07
1.5947714383e+05 1.8867555590e-13 5.0032570816e-14 -6.1600437159e+06 1.6979868115e+06 1.2008354638e-18 1.5929376252e-17 1.3989573905e+02 -4.5971753386e+02 -5.2921771046e+11 8.3605031714e+06 9.1222635941e+07 1.8299410847e+00 1.9272588882e+01 -7.8719317670e+07
1.5947897377e+05 1.8867773093e-13 5.0061726817e-14 -6.1597815411e+06 1.6971715614e+06 1.1763218759e-18 1.5936131810e-17 1.4654099264e+02 -4.3157541337e+02 -5.2935517062e+11 8.2705926803e+06 9.1502188155e+07 1.8446255377e+00 1.8499459165e+01 -7.1668652769e+07
1.5948081840e+05 1.8867987801e-13 5.0091129292e-14 -6.1595055202e+06 1.6964003561e+06 1.1516072020e-18 1.5942939899e-17 1.5262893880e+02 -4.0485619062e+02 -5.2948149632e+11 8.1747441902e+06 9.1769959458e+07 1.8601117849e+00 1.7792108088e+01 -6.5434086620e+07
1.5948267851e+05 1.8868199695e-13 5.0120791326e-14 -6.1592163701e+06 1.6956711139e+06 1.1266806636e-18 1.5949803630e-17 1.5816756053e+02 -3.7948229648e+02 -5.2959797281e+11 8.0729611877e+06 9.2026627758e+07 1.8768730054e+00 1.7147560040e+01 -5.9923224699e+07
1.5948455538e+05 1.8868408798e-13 5.0150733580e-14 -6.1589147293e+06 1.6949817234e+06 1.1015251338e-18 1.5956727851e-17 1.6316385416e+02 -3.5537630817e+02 -5.2970576888e+11 7.9652008595e+06 9.2272880109e+07 1.8954370080e+00 1.6562689537e+01 -5.5052176794e+07
1.5948645082e+05 1.8868615177e-13 5.0180985179e-14 -6.1586011443e+06 1.6943300662e+06 1.0761163998e-18 1.5963719353e-17 1.6762355241e+02 -3.3246193519e+02 -5.2980594436e+11 7.8513673349e+06 9.2509405525e+07 1.9051632750e+00 1.6034242162e+01 -5.0745060293e+07
1.5948835599e+05 1.8868817761e-13 5.0211405364e-14 -6.1582779828e+06 1.6937175269e+06 1.0505729096e-18 1.5970745676e-17 1.7152953689e+02 -3.1078878916e+02 -5.2989893127e+11 7.7320224795e+06 9.2735588469e+07 1.9063812153e+00 1.5561473273e+01 -4.6954333614e+07
1.5949026237e+05 1.8869015604e-13 5.0241858395e-14 -6.1579477046e+06 1.6931446929e+06 1.0250087765e-18 1.5977775591e-17 1.7487561454e+02 -2.9038319715e+02 -5.2998520578e+11 7.6077951367e+06 9.2951018655e+07 1.9083619565e+00 1.5142377741e+01 -4.3629511643e+07
1.5949217073e+05 1.8869208771e-13 5.0272356488e-14 -6.1576112191e+06 1.6926090608e+06 9.9941383663e-19 1.5984812056e-17 1.7767777708e+02 -2.7116527084e+02 -5.3006561811e+11 7.4787605375e+06 9.3156392799e+07 1.9109443546e+00 1.4772306287e+01 -4.0706951556e+07
1.5949408167e+05 1.8869397304e-13 5.0302909306e-14 -6.1572694309e+06 1.6921083504e+06 9.7378008199e-19 1.5991857424e-17 1.7995139564e+02 -2.5306519614e+02 -5.3014089405e+11 7.3450015126e+06 9.3352318369e+07 1.9140181437e+00 1.4446713360e+01 -3.8131305600e+07
1.5949599569e+05 1.8869581230e-13 5.0333524764e-14 -6.1569232346e+06 1.6916404586e+06 9.4810097991e-19 1.5998913631e-17 1.8171207216e+02 -2.3602161265e+02 -5.3021165420e+11 7.2066116654e+06 9.3539328495e+07 1.9173798976e+00 1.4161132453e+01 -3.5854286664e+07
1.5949791307e+05 1.8869760550e-13 5.0364207536e-14 -6.1565735333e+06 1.6912034542e+06 9.2237272482e-19 1.6005981853e-17 1.8297627831e+02 -2.1998136706e+02 -5.3027842500e+11 7.0637082783e+06 9.3717882008e+07 1.9207136329e+00 1.3911191222e+01 -3.3833837957e+07
1.5949983378e+05 1.8869935236e-13 5.0394957243e-14 -6.1562212584e+06 1.6907955714e+06 8.9659575129e-19 1.6013062096e-17 1.8376204737e+02 -2.0489914137e+02 -5.3034164805e+11 6.9164472293e+06 9.3888364134e+07 1.9235765855e+00 1.3692634432e+01 -3.2033427950e+07
1.5950175736e+05 1.8870105220e-13 5.0425766414e-14 -6.1558673912e+06 1.6904152010e+06 8.7077643925e-19 1.6020152722e-17 1.8408969808e+02 -1.9073689223e+02 -5.3040168818e+11 6.7650393289e+06 9.4051088471e+07 1.9253990284e+00 1.3501355080e+01 -3.0421453528e+07
1.5950368276e+05 1.8870270391e-13 5.0456618433e-14 -6.1555129805e+06 1.6900608767e+06 8.4492882284e-19 1.6027249988e-17 1.8398254641e+02 -1.7746300940e+02 -5.3045884097e+11 6.6097665745e+06 9.4206301347e+07 1.9255092460e+00 1.3333433306e+01 -2.8970730549e+07
1.5950560827e+05 1.8870430594e-13 5.0487485885e-14 -6.1551591531e+06 1.6897312550e+06 8.1907596515e-19 1.6034347665e-17 1.8346752433e+02 -1.6505109342e+02 -5.3051334022e+11 6.4509956207e+06 9.4354189964e+07 1.9231924311e+00 1.3185181728e+01 -2.7658047726e+07
1.5950753146e+05 1.8870585635e-13 5.0518329838e-14 -6.1548071094e+06 1.6894250875e+06 7.9325054262e-19 1.6041436884e-17 1.8257558334e+02 -1.5347829382e+02 -5.3056536635e+11 6.2891846989e+06 9.4494895576e+07 1.9177850807e+00 1.3053194512e+01 -2.6463758691e+07
1.5950944925e+05 1.8870735293e-13 5.0549100645e-14 -6.1544580994e+06 1.6891411847e+06 7.6749416163e-19 1.6048506320e-17 1.8134173353e+02 -1.4272324648e+02 -5.3061505621e+11 6.1248798683e+06 9.4628532146e+07 1.9087924507e+00 1.2934395759e+01 -2.5371388969e+07
1.5951135804e+05 1.8870879345e-13 5.0579740628e-14 -6.1541133763e+06 1.6888783765e+06 7.4185509612e-19 1.6055542813e-17 1.7980458550e+02 -1.3276379771e+02 -5.3066251441e+11 5.9586976108e+06 9.4755209402e+07 1.8959994980e+00 1.2826081075e+01 -2.4367241374e+07
1.5951325404e+05 1.8871017586e-13 5.0610188555e-14 -6.1537741323e+06 1.6886354759e+06 7.1638453235e-19 1.6062532405e-17 1.7800534380e+02 -1.2357485955e+02 -5.3070782544e+11 5.7912938495e+06 9.4875057219e+07 1.8795367776e+00 1.2725945550e+01 -2.3439995910e+07
1.5951513358e+05 1.8871149860e-13 5.0640385187e-14 -6.1534414280e+06 1.6884112523e+06 6.9113192507e-19 1.6069461607e-17 1.7598633982e+02 -1.1512681763e+02 -5.3075106523e+11 5.6233237450e+06 9.4988246765e+07 1.8598729359e+00 1.2632092487e+01 -2.2580314635e+07
1.5951699345e+05 1.8871276078e-13 5.0670278721e-14 -6.1531161305e+06 1.6882044235e+06 6.6614045087e-19 1.6076318646e-17 1.7378933510e+02 -1.0738483073e+02 -5.3079231061e+11 5.4554001210e+06 9.5095003892e+07 1.8377347315e+00 1.2543020459e+01 -2.1780471861e+07
1.5951883118e+05 1.8871396228e-13 5.0699828956e-14 -6.1527988750e+06 1.6880136655e+06 6.4144353344e-19 1.6083094422e-17 1.7145389784e+02 -1.0030912123e+02 -5.3083164515e+11 5.2880589134e+06 9.5195612360e+07 1.8139825039e+00 1.2457590430e+01 -2.1034029728e+07
1.5952064517e+05 1.8871510373e-13 5.0729009474e-14 -6.1524900538e+06 1.6878376370e+06 6.1706304087e-19 1.6089783000e-17 1.6901611933e+02 -9.3856084839e+01 -5.3086916154e+11 5.1217374944e+06 9.5290407353e+07 1.7894833568e+00 1.2374978410e+01 -2.0335571275e+07
1.5952243465e+05 1.8871618643e-13 5.0757807777e-14 -6.1521898330e+06 1.6876750113e+06 5.9300918707e-19 1.6096381631e-17 1.6650781384e+02 -8.7979860947e+01 -5.3090496077e+11 4.9567672828e+06 9.5379762284e+07 1.7650143017e+00 1.2294620844e+01 -1.9680491199e+07
1.5952419966e+05 1.8871721216e-13 5.0786223865e-14 -6.1518981864e+06 1.6875245072e+06 5.6928173628e-19 1.6102890431e-17 1.6395620616e+02 -8.2633981047e+01 -5.3093914951e+11 4.7933782814e+06 9.5464072817e+07 1.7412087793e+00 1.2216159498e+01 -1.9064836099e+07
1.5952594087e+05 1.8871818302e-13 5.0814267949e-14 -6.1516149373e+06 1.6873849140e+06 5.4587192797e-19 1.6109311846e-17 1.6138401176e+02 -7.7772809124e+01 -5.3097183685e+11 4.6317112538e+06 9.5543741464e+07 1.7185414552e+00 1.2139390805e+01 -1.8485182587e+07
1.5952765941e+05 1.8871910127e-13 5.0841957916e-14 -6.1513398003e+06 1.6872551083e+06 5.2276460795e-19 1.6115650068e-17 1.5880977759e+02 -7.3352632169e+01 -5.3100313116e+11 4.4718333482e+06 9.5619164832e+07 1.6973396503e+00 1.2064222427e+01 -1.7938542931e+07
1.5952935675e+05 1.8871996921e-13 5.0869316961e-14 -6.1510724183e+06 1.6871340629e+06 4.9994020752e-19 1.6121910498e-17 1.5624835888e+02 -6.9332375686e+01 -5.3103313758e+11 4.3137539698e+06 9.5690724299e+07 1.6778070521e+00 1.1990637928e+01 -1.7422290230e+07
1.5953103456e+05 1.8872078908e-13 5.0896371607e-14 -6.1508123921e+06 1.6870208479e+06 4.7737640496e-19 1.6128099285e-17 1.5371144048e+02 -6.5673994604e+01 -5.3106195626e+11 4.1574391345e+06 9.5758779975e+07 1.6600517026e+00 1.1918669248e+01 -1.6934098227e+07
1.5953103456e+05 1.8872078908e-13 5.0896371607e-14 -6.1508123921e+06 1.6870208479e+06 4.7737640496e-19 1.6128099285e-17 1.5371144048e+02 -6.5673994604e+01 -5.3106195626e+11 4.1574391345e+06 9.5758779975e+07 1.6600517026e+00 1.1918669248e+01 -1.6934098227e+07
