0.0000000000e+00 0.0000000000e+00 0.0000000000e+00 3.1415900000e+08 0.0000000000e+00 0.0000000000e+00 0.0000000000e+00 -1.1783363280e+03 2.2698788230e+02 -4.6638893019e+09 -1.0015858788e+07 1.9293969996e+06 1.0000000000e+01 0.0000000000e+00 -0.0000000000e+00
1.0000000000e+01 2.8740014339e-22 6.9220139120e-28 3.1414721643e+08 2.2698788225e+03 5.7480747359e-23 2.0766431199e-28 -1.1783767133e+03 2.2698788215e+02 -4.6638893019e+09 -1.0015858788e+07 1.9293969995e+06 5.0000000000e+01 0.0000000000e+00 -0.0000000000e+00
6.0000000000e+01 1.0347699022e-20 1.4955757370e-25 3.1408829255e+08 1.3619272833e+04 3.4494918259e-22 7.4787203796e-27 -1.1785786852e+03 2.2698787705e+02 -4.6638893019e+09 -1.0015858788e+07 1.9293969996e+06 2.5000000000e+02 0.0000000000e+00 -0.0000000000e+00
3.1000000000e+02 2.7639895864e-19 2.0656235094e-23 3.1379352154e+08 7.0366229000e+04 1.7839112423e-21 2.0001545092e-25 -1.1795896831e+03 2.2698774177e+02 -4.6638893019e+09 -1.0015858788e+07 1.9293969995e+06 1.2500000000e+03 0.0000000000e+00 -0.0000000000e+00
1.5600000000e+03 7.0214321063e-18 2.6509940185e-21 3.1231586215e+08 3.5409923383e+05 9.0195239254e-21 5.1131016318e-24 -1.1846733394e+03 2.2698428989e+02 -4.6638893019e+09 -1.0015858788e+07 1.9293969995e+06 3.6000000000e+03 0.0000000000e+00 -0.0000000000e+00
5.1600000000e+03 7.7526243683e-17 9.7934170775e-20 3.0802431552e+08 1.1711886653e+06 3.0247652106e-20 5.7504518761e-23 -1.1995879725e+03 2.2694748030e+02 -4.6638893018e+09 -1.0015858788e+07 1.9293969995e+06 3.6000000000e+03 0.0000000000e+00 -0.0000000000e+00
8.7600000000e+03 2.2552812952e-16 4.8935062630e-19 3.0367832036e+08 1.9880700370e+06 5.2078867803e-20 1.7046875272e-22 -1.2149263278e+03 2.2686811296e+02 -4.6638893017e+09 -1.0015858788e+07 1.9293969995e+06 3.6000000000e+03 0.0000000000e+00 -0.0000000000e+00
1.2360000000e+04 4.5325822755e-16 1.4043149886e-18 2.9927630909e+08 2.8045835700e+06 7.4546958081e-20 3.4929023810e-22 -1.2307121437e+03 2.2674247509e+02 -4.6638893016e+09 -1.0015858788e+07 1.9293969995e+06 3.6000000000e+03 0.0000000000e+00 -0.0000000000e+00
1.5960000000e+04 7.6307424072e-16 3.0902632668e-18 2.9481662522e+08 3.6205554189e+06 9.7688497843e-20 5.9981910684e-22 -1.2469711173e+03 2.2656645645e+02 -4.6638893015e+09 -1.0015858788e+07 1.9293969995e+06 3.6000000000e+03 0.0000000000e+00 -0.0000000000e+00
1.9560000000e+04 1.1574710153e-15 5.8168207664e-18 2.9029751591e+08 4.4357961480e+06 1.2154315757e-19 9.2854602467e-22 -1.2637311206e+03 2.2633549679e+02 -4.6638893013e+09 -1.0015858788e+07 1.9293969995e+06 3.6000000000e+03 0.0000000000e+00 -0.0000000000e+00
2.3160000000e+04 1.6390923023e-15 9.8782604137e-18 2.8571712368e+08 5.2500990045e+06 1.4615405406e-19 1.3426890383e-21 -1.2810224469e+03 2.2604452478e+02 -4.6638893011e+09 -1.0015858788e+07 1.9293969995e+06 3.6000000000e+03 0.0000000000e+00 -0.0000000000e+00
2.6760000000e+04 2.2107438698e-15 1.5596298718e-17 2.8107347723e+08 6.0632379544e+06 1.7156815139e-19 1.8502947263e-21 -1.2988780927e+03 2.2568788699e+02 -4.6638893009e+09 -1.0015858788e+07 1.9293969995e+06 3.6000000000e+03 0.0000000000e+00 -0.0000000000e+00
3.0360000000e+04 2.8754081618e-15 2.3323285742e-17 2.7636448114e+08 6.8749654405e+06 1.9783672105e-19 2.4603564575e-21 -1.3173340807e+03 2.2525926480e+02 -4.6638893006e+09 -1.0015858788e+07 1.9293969995e+06 3.6000000000e+03 0.0000000000e+00 -0.0000000000e+00
3.3960000000e+04 3.6362607362e-15 3.3445856660e-17 2.7158790429e+08 7.6850098175e+06 2.2501587172e-19 3.1829532085e-21 -1.3364298322e+03 2.2475157682e+02 -4.6638893003e+09 -1.0015858788e+07 1.9293969995e+06 3.6000000000e+03 0.0000000000e+00 -0.0000000000e+00
3.7560000000e+04 4.4966887542e-15 4.6389126317e-17 2.6674136690e+08 8.4930724048e+06 2.5316716179e-19 4.0294132016e-21 -1.3562085974e+03 2.2415686399e+02 -4.6638893000e+09 -1.0015858788e+07 1.9293969995e+06 3.6000000000e+03 0.0000000000e+00 -0.0000000000e+00
4.1160000000e+04 5.4603118461e-15 6.2621525334e-17 2.6182232588e+08 9.2988240885e+06 2.8235831024e-19 5.0125076675e-21 -1.3767179549e+03 2.2346615338e+02 -4.6638892996e+09 -1.0015858788e+07 1.9293969995e+06 3.6000000000e+03 0.0000000000e+00 -0.0000000000e+00
4.4760000000e+04 6.5310057433e-15 8.2660397706e-17 2.5682805816e+08 1.0101901389e+07 3.1266402534e-19 6.1466813661e-21 -1.3980103938e+03 2.2266929629e+02 -4.6638892991e+09 -1.0015858788e+07 1.9293969995e+06 3.6000000000e+03 0.0000000000e+00 -0.0000000000e+00
4.8360000000e+04 7.7129291392e-15 1.0707850665e-16 2.5175564191e+08 1.0901901889e+07 3.4416697517e-19 7.4483282146e-21 -1.4201439957e+03 2.2175477452e+02 -4.6638892985e+09 -1.0015858788e+07 1.9293969995e+06 3.6000000000e+03 0.0000000000e+00 -0.0000000000e+00
5.1960000000e+04 9.0105543440e-15 1.3651162942e-16 2.4660193492e+08 1.1698378899e+07 3.7695892956e-19 8.9361226109e-21 -1.4431832371e+03 2.2070946768e+02 -4.6638892978e+09 -1.0015858788e+07 1.9293969995e+06 3.6000000000e+03 0.0000000000e+00 -0.0000000000e+00
5.5560000000e+04 1.0428702413e-14 1.7166746481e-16 2.4136354999e+08 1.2490835199e+07 4.1114211083e-19 1.0631419964e-20 -1.4671999381e+03 2.1951837171e+02 -4.6638892969e+09 -1.0015858788e+07 1.9293969995e+06 3.6000000000e+03 0.0000000000e+00 -0.0000000000e+00
5.9160000000e+04 1.1972583582e-14 2.1333613268e-16 2.3603682646e+08 1.3278715660e+07 4.4683080022e-19 1.2558743822e-20 -1.4922743914e+03 2.1816425664e+02 -4.6638892958e+09 -1.0015858788e+07 1.9293969995e+06 3.6000000000e+03 0.0000000000e+00 -0.0000000000e+00
6.2760000000e+04 1.3647844035e-14 2.6240261571e-16 2.3061779740e+08 1.4061398502e+07 4.8415325955e-19 1.4746382140e-20 -1.5184967122e+03 2.1662724769e+02 -4.6638892945e+09 -1.0015858788e+07 1.9293969995e+06 3.6000000000e+03 0.0000000000e+00 -0.0000000000e+00
6.6360000000e+04 1.5460620264e-14 3.1986158737e-16 2.2510215137e+08 1.4838184881e+07 5.2325404459e-19 1.7227122215e-20 -1.5459684638e+03 2.1488430890e+02 -4.6638892929e+09 -1.0015858788e+07 1.9293969995e+06 3.6000000000e+03 0.0000000000e+00 -0.0000000000e+00
6.9960000000e+04 1.7417602614e-14 3.8683519184e-16 2.1948518781e+08 1.5608286391e+07 5.6429680841e-19 2.0039163224e-20 -1.5748046268e+03 2.1290860197e+02 -4.6638892909e+09 -1.0015858788e+07 1.9293969995e+06 3.6000000000e+03 0.0000000000e+00 -0.0000000000e+00
7.3560000000e+04 1.9526109979e-14 4.6459450446e-16 2.1376176456e+08 1.6370809989e+07 6.0746772350e-19 2.3227258392e-20 -1.6051360038e+03 2.1066868382e+02 -4.6638892884e+09 -1.0015858788e+07 1.9293969995e+06 3.6000000000e+03 0.0000000000e+00 -0.0000000000e+00
7.7160000000e+04 2.1794178186e-14 5.5458561902e-16 2.0792623574e+08 1.7124739667e+07 6.5297969134e-19 2.6844156858e-20 -1.6371121770e+03 2.0812749351e+02 -4.6638892851e+09 -1.0015858788e+07 1.9293969995e+06 3.6000000000e+03 0.0000000000e+00 -0.0000000000e+00
8.0760000000e+04 2.4230665278e-14 6.5846160402e-16 2.0197237779e+08 1.7868913998e+07 7.0107756481e-19 3.0952440890e-20 -1.6709051771e+03 2.0524106148e+02 -4.6638892810e+09 -1.0015858788e+07 1.9293969995e+06 3.6000000000e+03 0.0000000000e+00 -0.0000000000e+00
8.4360000000e+04 2.6845377851e-14 7.7812197582e-16 1.9589330072e+08 1.8601998405e+07 7.5204468610e-19 3.5626890589e-20 -1.7067140769e+03 2.0195684811e+02 -4.6638892756e+09 -1.0015858788e+07 1.9293969995e+06 3.6000000000e+03 0.0000000000e+00 -0.0000000000e+00
8.7960000000e+04 2.9649223905e-14 9.1576190182e-16 1.8968134069e+08 1.9322450589e+07 8.0621115316e-19 4.0957561140e-20 -1.7447707994e+03 1.9821158170e+02 -4.6638892684e+09 -1.0015858788e+07 1.9293969995e+06 3.6000000000e+03 0.0000000000e+00 -0.0000000000e+00
9.1560000000e+04 3.2654399391e-14 1.0739341440e-15 1.8332792897e+08 2.0028477008e+07 8.6396438573e-19 4.7053835731e-20 -1.7853475411e+03 1.9392841089e+02 -4.6638892589e+09 -1.0015858788e+07 1.9293969995e+06 3.6000000000e+03 0.0000000000e+00 -0.0000000000e+00
9.5160000000e+04 3.5874618085e-14 1.2556278971e-15 1.7682343042e+08 2.0717977491e+07 9.2576279197e-19 5.4049834409e-20 -1.8287663743e+03 1.8901310452e+02 -4.6638892460e+09 -1.0015858788e+07 1.9293969995e+06 3.6000000000e+03 0.0000000000e+00 -0.0000000000e+00
9.8760000000e+04 3.9325397902e-14 1.4643703431e-15 1.7015694233e+08 2.1388473881e+07 9.9215367870e-19 6.2111738344e-20 -1.8754118303e+03 1.8334890567e+02 -4.6638892281e+09 -1.0015858788e+07 1.9293969995e+06 3.6000000000e+03 0.0000000000e+00 -0.0000000000e+00
1.0236000000e+05 4.3024421708e-14 1.7043592255e-15 1.6331604094e+08 2.2037016892e+07 1.0637970659e-18 7.1447869313e-20 -1.9257476313e+03 1.7678944988e+02 -4.6638892030e+09 -1.0015858788e+07 1.9293969995e+06 3.6000000000e+03 0.0000000000e+00 -0.0000000000e+00
1.0596000000e+05 4.6991998027e-14 1.9806385107e-15 1.5628645772e+08 2.2660062693e+07 1.1414978679e-18 8.2322812944e-20 -1.9803393006e+03 1.6914884243e+02 -4.6638891668e+09 -1.0015858788e+07 1.9293969995e+06 3.6000000000e+03 0.0000000000e+00 -0.0000000000e+00
1.0956000000e+05 5.1251658016e-14 2.2993350620e-15 1.4905165994e+08 2.3253306621e+07 1.2262501746e-18 9.5077612423e-20 -2.0398852742e+03 1.6018747037e+02 -4.6638891133e+09 -1.0015858788e+07 1.9293969995e+06 3.6000000000e+03 0.0000000000e+00 -0.0000000000e+00
1.1316000000e+05 5.5830941907e-14 2.6679835919e-15 1.4159229817e+08 2.3811454877e+07 1.3192994413e-18 1.1015930994e-19 -2.1052605943e+03 1.4959124713e+02 -4.6638890322e+09 -1.0015858788e+07 1.9293969995e+06 3.3319909330e+03 0.0000000000e+00 -0.0000000000e+00
1.1615613084e+05 5.9909075403e-14 3.0195757283e-15 1.3519659974e+08 2.4244515773e+07 1.4041952754e-18 1.2490938829e-19 -2.1649074086e+03 1.3922801561e+02 -4.6638889834e+09 -1.0015858788e+07 1.9293969995e+06 3.0155114522e+03 0.0000000000e+00 -0.0000000000e+00
1.1917164229e+05 6.4282241018e-14 3.4216986391e-15 1.2857077834e+08 2.4646473506e+07 1.4977144513e-18 1.4225765927e-19 -2.2306128813e+03 1.2703932451e+02 -4.6638889081e+09 -1.0015858788e+07 1.9293969995e+06 2.7232514822e+03 0.0000000000e+00 -0.0000000000e+00
1.2161900352e+05 6.8047708989e-14 3.7893925113e-15 1.2304139021e+08 2.4943657458e+07 1.5805786457e-18 1.5859889163e-19 -2.2888322894e+03 1.1555816691e+02 -4.6638888689e+09 -1.0015858788e+07 1.9293969995e+06 2.4639549168e+03 0.0000000000e+00 -0.0000000000e+00
1.2408295843e+05 7.2052411658e-14 4.2029621146e-15 1.1732436564e+08 2.5212376229e+07 1.6713806694e-18 1.7755860743e-19 -2.3526287230e+03 1.0223729364e+02 -4.6638888099e+09 -1.0015858788e+07 1.9293969995e+06 2.2239813545e+03 0.0000000000e+00 -0.0000000000e+00
1.2607840052e+05 7.5466179214e-14 4.5744459907e-15 1.1257459081e+08 2.5404317202e+07 1.7511936119e-18 1.9513936269e-19 -2.4087043574e+03 8.9885261831e+01 -4.6638887803e+09 -1.0015858788e+07 1.9293969995e+06 2.0103373611e+03 0.0000000000e+00 -0.0000000000e+00
1.2788639651e+05 7.8701895302e-14 4.9431992294e-15 1.0817078741e+08 2.5555628695e+07 1.8290920452e-18 2.1313027236e-19 -2.4634348802e+03 7.7245060352e+01 -4.6638887552e+09 -1.0015858788e+07 1.9293969995e+06 1.8219864585e+03 0.0000000000e+00 -0.0000000000e+00
1.2951885503e+05 8.1748743996e-14 5.3057291852e-15 1.0410652217e+08 2.5671467717e+07 1.9046174480e-18 2.3136319516e-19 -2.5164981397e+03 6.4434823302e+01 -4.6638887346e+09 -1.0015858788e+07 1.9293969995e+06 1.6466552375e+03 0.0000000000e+00 -0.0000000000e+00
1.3098514746e+05 8.4594103877e-14 5.6581284044e-15 1.0037962016e+08 2.5756706785e+07 1.9772051886e-18 2.4962516812e-19 -2.5674974323e+03 5.1604175946e+01 -4.6638887183e+09 -1.0015858788e+07 1.9293969995e+06 1.4813718218e+03 0.0000000000e+00 -0.0000000000e+00
1.3229049839e+05 8.7219539209e-14 5.9955331217e-15 9.6996877763e+07 2.5815949042e+07 2.0460752106e-18 2.6762552559e-19 -2.6158846995e+03 3.8957336554e+01 -4.6638887062e+09 -1.0015858788e+07 1.9293969995e+06 1.3225393036e+03 0.0000000000e+00 -0.0000000000e+00
1.3343362014e+05 8.9594674457e-14 6.3112095662e-15 9.3981153799e+07 2.5853633271e+07 2.1100507726e-18 2.8493846746e-19 -2.6608331767e+03 2.6793467281e+01 -4.6638886981e+09 -1.0015858788e+07 1.9293969995e+06 1.1651809228e+03 0.0000000000e+00 -0.0000000000e+00
1.3439941651e+05 9.1659849240e-14 6.5939834343e-15 9.1392153345e+07 2.5874183750e+07 2.1670464663e-18 3.0084588407e-19 -2.7008776806e+03 1.5617103519e+01 -4.6638886937e+09 -1.0015858788e+07 1.9293969995e+06 1.0013978619e+03 0.0000000000e+00 -0.0000000000e+00
1.3511957611e+05 9.3236357958e-14 6.8151720859e-15 8.9435926638e+07 2.5882246710e+07 2.2114572585e-18 3.1355848947e-19 -2.7320801807e+03 6.6853765228e+00 -4.6638886925e+09 -1.0015858788e+07 1.9293969995e+06 8.2436200848e+02 0.0000000000e+00 -0.0000000000e+00
1.3585431546e+05 9.4878398593e-14 7.0505704938e-15 8.7416478146e+07 2.5883635486e+07 2.2585818193e-18 3.2735382409e-19 -2.7651893427e+03 -3.0070632836e+00 -4.6638886908e+09 -1.0015858788e+07 1.9293969995e+06 6.9814237483e+02 0.0000000000e+00 -0.0000000000e+00
1.3655245783e+05 9.6471369246e-14 7.2839303918e-15 8.5474629184e+07 2.5878149426e+07 2.3051794401e-18 3.4130626466e-19 -2.7979282829e+03 -1.2809883883e+01 -4.6638886893e+09 -1.0015858788e+07 1.9293969995e+06 8.6214135534e+02 0.0000000000e+00 -0.0000000000e+00
1.3741459919e+05 9.8484486313e-14 7.5860473811e-15 8.3044344337e+07 2.5861581224e+07 2.3653655482e-18 3.5978841531e-19 -2.8402143343e+03 -2.5795225493e+01 -4.6638886841e+09 -1.0015858788e+07 1.9293969995e+06 9.4479122435e+02 0.0000000000e+00 -0.0000000000e+00
1.3835939041e+05 1.0075183214e-13 7.9362238446e-15 8.0338052012e+07 2.5830007520e+07 2.4349780133e-18 3.8181800219e-19 -2.8891232333e+03 -4.1272954062e+01 -4.6638886736e+09 -1.0015858788e+07 1.9293969995e+06 9.8518405641e+02 0.0000000000e+00 -0.0000000000e+00
1.3934457447e+05 1.0318831020e-13 8.3246066134e-15 7.7465333028e+07 2.5780759199e+07 2.5120684201e-18 4.0703818597e-19 -2.9432860462e+03 -5.8992358478e+01 -4.6638886566e+09 -1.0015858788e+07 1.9293969995e+06 1.0000784425e+03 0.0000000000e+00 -0.0000000000e+00
1.4034465291e+05 1.0574186399e-13 8.7455862699e-15 7.4492807417e+07 2.5711989532e+07 2.5955707989e-18 4.3534304252e-19 -3.0019538352e+03 -7.8879017689e+01 -4.6638886322e+09 -1.0015858788e+07 1.9293969995e+06 9.9800359889e+02 0.0000000000e+00 -0.0000000000e+00
1.4134265651e+05 1.0837626827e-13 9.1954468721e-15 7.1465922068e+07 2.5622457489e+07 2.6848248310e-18 4.6674527394e-19 -3.0646626681e+03 -1.0094185605e+02 -4.6638885994e+09 -1.0015858788e+07 1.9293969995e+06 9.8407894740e+02 0.0000000000e+00 -0.0000000000e+00
1.4232673546e+05 1.1106430881e-13 9.6714570374e-15 6.8417760436e+07 2.5511392343e+07 2.7793889868e-18 5.0132599015e-19 -3.1311023315e+03 -1.2523786043e+02 -4.6638885574e+09 -1.0015858788e+07 1.9293969995e+06 9.6170967703e+02 0.0000000000e+00 -0.0000000000e+00
1.4328844513e+05 1.1378454541e-13 1.0171452574e-14 6.5373336755e+07 2.5378397805e+07 2.8789527634e-18 5.3921224106e-19 -3.2010546696e+03 -1.5185629460e+02 -4.6638885053e+09 -1.0015858788e+07 1.9293969995e+06 9.3331221258e+02 0.0000000000e+00 -0.0000000000e+00
1.4422175735e+05 1.1651956483e-13 1.0693620978e-14 6.2351988599e+07 2.5223378990e+07 2.9832897345e-18 5.8056586619e-19 -3.2743605980e+03 -1.8091086509e+02 -4.6638884420e+09 -1.0015858788e+07 1.9293969995e+06 9.0067421807e+02 0.0000000000e+00 -0.0000000000e+00
1.4512243156e+05 1.1925494524e-13 1.1236381143e-14 5.9368845350e+07 2.5046484216e+07 3.0922299179e-18 6.2557767540e-19 -3.3509006892e+03 -2.1253563270e+02 -4.6638883668e+09 -1.0015858788e+07 1.9293969995e+06 8.6515414538e+02 0.0000000000e+00 -0.0000000000e+00
1.4598758571e+05 1.2197859597e-13 1.1798312658e-14 5.6435797838e+07 2.4848057253e+07 3.2056422418e-18 6.7446443254e-19 -3.4305828537e+03 -2.4688289312e+02 -4.6638882787e+09 -1.0015858788e+07 1.9293969995e+06 8.2780177931e+02 0.0000000000e+00 -0.0000000000e+00
1.4681538749e+05 1.2468031063e-13 1.2378112885e-14 5.3562175989e+07 2.4628597407e+07 3.3234226903e-18 7.2746745211e-19 -3.5133340111e+03 -2.8412219111e+02 -4.6638881768e+09 -1.0015858788e+07 1.9293969995e+06 7.8943623557e+02 0.0000000000e+00 -0.0000000000e+00
1.4760482372e+05 1.2735144901e-13 1.2974570492e-14 5.0755244196e+07 2.4388725769e+07 3.4454858163e-18 7.8485220355e-19 -3.5990941274e+03 -3.2444004236e+02 -4.6638880600e+09 -1.0015858788e+07 1.9293969995e+06 7.5069931141e+02 0.0000000000e+00 -0.0000000000e+00
1.4835552304e+05 1.2998470016e-13 1.3586549120e-14 4.8020576645e+07 2.4129156431e+07 3.5717583262e-18 8.4690859653e-19 -3.6878117073e+03 -3.6804013399e+02 -4.6638879274e+09 -1.0015858788e+07 1.9293969995e+06 7.1209365932e+02 0.0000000000e+00 -0.0000000000e+00
1.4906761670e+05 1.3257389929e-13 1.4212977522e-14 4.5362349972e+07 2.3850671838e+07 3.7021739610e-18 9.1395176551e-19 -3.7794401980e+03 -4.1514387577e+02 -4.6638877778e+09 -1.0015858788e+07 1.9293969995e+06 6.7401111726e+02 0.0000000000e+00 -0.0000000000e+00
1.4974162781e+05 1.3511388121e-13 1.4852843923e-14 4.2783576773e+07 2.3554101588e+07 3.8366691908e-18 9.8632325148e-19 -3.8739349642e+03 -4.6599123038e+02 -4.6638876102e+09 -1.0015858788e+07 1.9293969995e+06 6.3675434761e+02 0.0000000000e+00 -0.0000000000e+00
1.5037838216e+05 1.3760035982e-13 1.5505193191e-14 4.0286295372e+07 2.3240304188e+07 3.9751793958e-18 1.0643925256e-18 -3.9712506047e+03 -5.2084178393e+02 -4.6638874235e+09 -1.0015858788e+07 1.9293969996e+06 6.0055375783e+02 0.0000000000e+00 -0.0000000000e+00
1.5097893592e+05 1.4002982653e-13 1.6169125906e-14 3.7871726332e+07 2.2910151299e+07 4.1176353073e-18 1.1485588294e-18 -4.0713384522e+03 -5.7997603877e+02 -4.6638872166e+09 -1.0015858788e+07 1.9293969995e+06 5.6558097171e+02 0.0000000000e+00 -0.0000000000e+00
1.5154451689e+05 1.4239946301e-13 1.6843798759e-14 3.5540403017e+07 2.2564514117e+07 4.2639595371e-18 1.2392533260e-18 -4.1741441345e+03 -6.4369692513e+02 -4.6638869881e+09 -1.0015858788e+07 1.9293969996e+06 5.3195970709e+02 0.0000000000e+00 -0.0000000000e+00
1.5207647660e+05 1.4470706507e-13 1.7528425881e-14 3.3292281510e+07 2.2204251563e+07 4.4140630541e-18 1.3369415737e-18 -4.2796050997e+03 -7.1233153863e+02 -4.6638867370e+09 -1.0015858788e+07 1.9293969996e+06 4.9977465671e+02 0.0000000000e+00 -0.0000000000e+00
1.5257625125e+05 1.4695097553e-13 1.8222280882e-14 3.1126833782e+07 2.1830199994e+07 4.5678414889e-18 1.4421263429e-18 -4.3876480188e+03 -7.8623312003e+02 -4.6638864619e+09 -1.0015858788e+07 1.9293969995e+06 4.6907879920e+02 0.0000000000e+00 -0.0000000000e+00
1.5304533005e+05 1.4913002445e-13 1.8924699455e-14 2.9043127063e+07 2.1443164171e+07 4.7251711472e-18 1.5553508152e-18 -4.4981859858e+03 -8.6578330223e+02 -4.6638861616e+09 -1.0015858788e+07 1.9293969995e+06 4.3989945340e+02 0.0000000000e+00 -0.0000000000e+00
1.5348522951e+05 1.5124347551e-13 1.9635082496e-14 2.7039891702e+07 2.1043909249e+07 4.8859046153e-18 1.6772022095e-18 -4.6111154295e+03 -9.5139465831e+02 -4.6638858348e+09 -1.0015858788e+07 1.9293969995e+06 4.1224331830e+02 0.0000000000e+00 -0.0000000000e+00
1.5389747282e+05 1.5329097797e-13 2.0352899734e-14 2.5115579284e+07 2.0633153540e+07 5.0498658266e-18 1.8083159004e-18 -4.7263126476e+03 -1.0435135950e+03 -4.6638854803e+09 -1.0015858788e+07 1.9293969995e+06 3.8610068034e+02 0.0000000000e+00 -0.0000000000e+00
1.5428357351e+05 1.5527252322e-13 2.1077693930e-14 2.3268412445e+07 2.0211561841e+07 5.2168444414e-18 1.9493801077e-18 -4.8436298579e+03 -1.1426236475e+03 -4.6638850967e+09 -1.0015858788e+07 1.9293969995e+06 3.6144893821e+02 0.0000000000e+00 -0.0000000000e+00
1.5464502244e+05 1.5718840574e-13 2.1809085762e-14 2.1496427514e+07 1.9779739074e+07 5.3865893664e-18 2.1011412604e-18 -4.9628906452e+03 -1.2492492480e+03 -4.6638846829e+09 -1.0015858788e+07 1.9293969995e+06 3.3825555844e+02 0.0000000000e+00 -0.0000000000e+00
1.5498327800e+05 1.5903918792e-13 2.2546779550e-14 1.9797510912e+07 1.9338224010e+07 5.5588011960e-18 2.2644101611e-18 -5.0838846507e+03 -1.3639600567e+03 -4.6638842376e+09 -1.0015858788e+07 1.9293969995e+06 3.1648056423e+02 0.0000000000e+00 -0.0000000000e+00
1.5529975857e+05 1.6082566858e-13 2.3290570066e-14 1.8169430073e+07 1.8887482797e+07 5.7331233131e-18 2.4400691186e-18 -5.2063613193e+03 -1.4873759737e+03 -4.6638837599e+09 -1.0015858788e+07 1.9293969995e+06 2.9607863514e+02 0.0000000000e+00 -0.0000000000e+00
1.5559583720e+05 1.6254885483e-13 2.4040350724e-14 1.6609859479e+07 1.8427901990e+07 5.9091313060e-18 2.6290802581e-18 -5.3300224644e+03 -1.6201729767e+03 -4.6638832488e+09 -1.0015858788e+07 1.9293969996e+06 2.7700088946e+02 0.0000000000e+00 -0.0000000000e+00
1.5587283809e+05 1.6420993725e-13 2.4796123590e-14 1.5116402297e+07 1.7959780711e+07 6.0863202665e-18 2.8324952833e-18 -5.4545133435e+03 -1.7630899803e+03 -4.6638827036e+09 -1.0015858788e+07 1.9293969995e+06 2.5919640997e+02 0.0000000000e+00 -0.0000000000e+00
1.5613203450e+05 1.6581026828e-13 2.5558011756e-14 1.3686607998e+07 1.7483321493e+07 6.2640893914e-18 3.0514670494e-18 -5.5794118392e+03 -1.9169369670e+03 -4.6638821239e+09 -1.0015858788e+07 1.9293969996e+06 2.4261356993e+02 0.0000000000e+00 -0.0000000000e+00
1.5637464807e+05 1.6735134366e-13 2.6326274832e-14 1.2317986187e+07 1.6998619235e+07 6.4417231208e-18 3.2872634242e-18 -5.7042152077e+03 -2.0826047258e+03 -4.6638815096e+09 -1.0015858788e+07 1.9293969996e+06 2.2720121412e+02 0.0000000000e+00 -0.0000000000e+00
1.5660184928e+05 1.6883478714e-13 2.7101328610e-14 1.1008016801e+07 1.6505647491e+07 6.6183677731e-18 3.5412840768e-18 -5.8283236622e+03 -2.2610766479e+03 -4.6638808612e+09 -1.0015858788e+07 1.9293969995e+06 2.1290974843e+02 0.0000000000e+00 -0.0000000000e+00
1.5681475903e+05 1.7026233858e-13 2.7883770308e-14 9.7541566642e+06 1.6004241092e+07 6.7930022384e-18 3.8150810654e-18 -5.9510197830e+03 -2.4534431909e+03 -4.6638801799e+09 -1.0015858788e+07 1.9293969996e+06 1.9969220286e+02 0.0000000000e+00 -0.0000000000e+00
1.5701445124e+05 1.7163584558e-13 2.8674411423e-14 8.5538422292e+06 1.5494073657e+07 6.9644007154e-18 4.1103844290e-18 -6.0714423365e+03 -2.6609198600e+03 -4.6638794678e+09 -1.0015858788e+07 1.9293969996e+06 1.8750533823e+02 0.0000000000e+00 -0.0000000000e+00
1.5720195657e+05 1.7295725930e-13 2.9474321070e-14 7.4044881433e+06 1.4974627989e+07 7.1310845929e-18 4.4291344725e-18 -6.1885524679e+03 -2.8848698906e+03 -4.6638787283e+09 -1.0015858788e+07 1.9293969996e+06 1.7631089457e+02 0.0000000000e+00 -0.0000000000e+00
1.5737826747e+05 1.7422863505e-13 3.0284884016e-14 6.3034809686e+06 1.4445156436e+07 7.2912592313e-18 4.7735231467e-18 -6.3010892844e+03 -3.1268333215e+03 -4.6638779664e+09 -1.0015858788e+07 1.9293969996e+06 1.6607711161e+02 0.0000000000e+00 -0.0000000000e+00
1.5754434458e+05 1.7545213867e-13 3.1107879637e-14 5.2481670234e+06 1.3904626886e+07 7.4427292611e-18 5.1460479894e-18 -6.4075103453e+03 -3.3885648933e+03 -4.6638771894e+09 -1.0015858788e+07 1.9293969996e+06 1.5678071082e+02 0.0000000000e+00 -0.0000000000e+00
1.5770112529e+05 1.7663006021e-13 3.1945591251e-14 4.2358328024e+06 1.3351647884e+07 7.5827825492e-18 5.5495836827e-18 -6.5059101378e+03 -3.6720843239e+03 -4.6638764078e+09 -1.0015858788e+07 1.9293969996e+06 1.4840961696e+02 0.0000000000e+00 -0.0000000000e+00
1.5784953491e+05 1.7776483660e-13 3.2800960340e-14 3.2636758175e+06 1.2784362810e+07 7.7080271872e-18 5.9874786200e-18 -6.5939055470e+03 -3.9797441552e+03 -4.6638756361e+09 -1.0015858788e+07 1.9293969996e+06 1.4096682043e+02 0.0000000000e+00 -0.0000000000e+00
1.5799050173e+05 1.7885908536e-13 3.3677808279e-14 2.3287631819e+06 1.2200297524e+07 7.8141558781e-18 6.4636871673e-18 -6.6684703167e+03 -4.3143226780e+03 -4.6638748948e+09 -1.0015858788e+07 1.9293969995e+06 1.2987737534e+02 0.0000000000e+00 -0.0000000000e+00
1.5809897940e+05 1.7971055456e-13 3.4400998187e-14 1.6027077636e+06 1.1716815919e+07 7.8818382614e-18 6.8771015019e-18 -6.7160231629e+03 -4.6047827259e+03 -4.6638746600e+09 -1.0015858788e+07 1.9293969995e+06 1.1120315111e+02 0.0000000000e+00 -0.0000000000e+00
1.5819060442e+05 1.8043482228e-13 3.5048509382e-14 9.8588069362e+05 1.1282679940e+07 7.9250364348e-18 7.2627445244e-18 -6.7463736914e+03 -4.8757309765e+03 -4.6638745501e+09 -1.0015858788e+07 1.9293969995e+06 9.4804392737e+01 4.0459845109e-293 -2.8626408181e-285
1.5826333750e+05 1.8101211145e-13 3.5588696063e-14 4.9458007998e+05 1.0919660661e+07 7.9470865454e-18 7.5952898965e-18 -6.7618658396e+03 -5.1093734427e+03 -4.6638745141e+09 -1.0015858788e+07 1.9293969995e+06 7.8606256310e+01 2.0500235881e-269 -1.4768155715e-261
1.5830824695e+05 1.8136918646e-13 3.5934653039e-14 1.9078494248e+05 1.0686789262e+07 7.9539663845e-18 7.8132368291e-18 -6.7666995336e+03 -5.2625003934e+03 -4.6638745108e+09 -1.0015858788e+07 1.9293969995e+06 6.2794345398e+01 7.3033197158e-255 -5.3214515921e-247
1.5837104130e+05 1.8186869489e-13 3.6435280545e-14 -2.3415666585e+05 1.0349307822e+07 7.9531983946e-18 8.1351781622e-18 -6.7661599530e+03 -5.4886925865e+03 -4.6638744943e+09 -1.0015858788e+07 1.9293969995e+06 6.3568923318e+01 1.1745603985e-234 -8.6982971607e-227
1.5843461022e+05 1.8237386540e-13 3.6963351712e-14 -6.6398909468e+05 9.9927206074e+06 7.9377295838e-18 8.4826748360e-18 -6.7552917485e+03 -5.7328396613e+03 -4.6638744785e+09 -1.0015858788e+07 1.9293969995e+06 7.5857210813e+01 2.0728888550e-214 -1.5610907789e-206
1.5851046743e+05 1.8297458111e-13 3.7623480545e-14 -1.1754301898e+06 9.5461405235e+06 7.8956048977e-18 8.9274316429e-18 -6.7256954397e+03 -6.0453205614e+03 -4.6638744483e+09 -1.0015858788e+07 1.9293969995e+06 8.2450877415e+01 1.3360220733e-190 -1.0269716348e-182
1.5859291831e+05 1.8362248807e-13 3.8380806501e-14 -1.7277968653e+06 9.0327675664e+06 7.8135747008e-18 9.4498227466e-18 -6.6680619884e+03 -6.4123464051e+03 -4.6638744137e+09 -1.0015858788e+07 1.9293969995e+06 8.6624690810e+01 2.8049796816e-165 -2.2056567404e-157
1.5867954300e+05 1.8429381029e-13 3.9224781190e-14 -2.3015329793e+06 8.4594636341e+06 7.6762086659e-18 1.0043670216e-17 -6.5715502283e+03 -6.8295766508e+03 -4.6638743591e+09 -1.0015858788e+07 1.9293969995e+06 9.0342636501e+01 1.7513269227e-139 -1.4108893550e-131
1.5876988564e+05 1.8497825004e-13 4.0161956534e-14 -2.8888663044e+06 7.8215219469e+06 7.4624915328e-18 1.0711493368e-17 -6.4213950849e+03 -7.2987813406e+03 -4.6638741733e+09 -1.0015858788e+07 1.9293969995e+06 9.5834879936e+01 1.0113365935e-113 -8.3569064807e-106
1.5886572052e+05 1.8567872838e-13 4.1224422885e-14 -3.4939398630e+06 7.0967989450e+06 7.1371501311e-18 1.1469040218e-17 -6.1928140436e+03 -7.8310248448e+03 -4.6638733937e+09 -1.0015858788e+07 1.9293969995e+06 1.0789742539e+02 4.9087196456e-88 -4.1656447326e-80
1.5897361794e+05 1.8642249076e-13 4.2510017759e-14 -4.1436380165e+06 6.2180465191e+06 6.6200026675e-18 1.2366731766e-17 -5.8294723198e+03 -8.4617323659e+03 -4.6638694828e+09 -1.0015858788e+07 1.9293969995e+06 9.7754373003e+01 9.9839203213e-62 -8.7200383070e-54
1.5905948269e+05 1.8696834634e-13 4.3603119377e-14 -4.6283272733e+06 5.4695364383e+06 6.0727750127e-18 1.3094023079e-17 -5.4449966075e+03 -8.9727186856e+03 -4.6638666518e+09 -1.0015858788e+07 1.9293969995e+06 8.5905541984e+01 2.8184878554e-43 -2.5144468592e-35
1.5914538823e+05 1.8746172279e-13 4.4758762715e-14 -5.0761933825e+06 4.6770945424e+06 5.3905086608e-18 1.3805718455e-17 -4.9656442953e+03 -9.4727474840e+03 -4.6638619785e+09 -1.0015858788e+07 1.9293969995e+06 7.8602106537e+01 1.6722694255e-27 -1.5202684538e-19
1.5922399034e+05 1.8785683770e-13 4.5868213081e-14 -5.4464161913e+06 3.9154494932e+06 4.6436161293e-18 1.4414536101e-17 -4.4408863897e+03 -9.9004955996e+03 -4.6638579021e+09 -1.0015858788e+07 1.9293969995e+06 7.3740765600e+01 8.1825528735e-16 -7.5469614519e-08
1.5928775442e+05 1.8813134854e-13 4.6801766034e-14 -5.7144198151e+06 3.2740198468e+06 3.9547632107e-18 1.4857813517e-17 -3.9569064332e+03 -1.0211937097e+04 -4.6638563263e+09 -1.0015858788e+07 1.9293970003e+06 6.4636705677e+01 1.7159707199e-08 -1.5973945968e+00
1.5932537735e+05 1.8827196493e-13 4.7365220453e-14 -5.8575476991e+06 2.8866833501e+06 3.5166089433e-18 1.5091004340e-17 -3.6490643299e+03 -1.0375774030e+04 -4.6638756614e+09 -1.0015858195e+07 1.9293986667e+06 5.4236084962e+01 3.7811826074e-05 -3.5350018780e+03
1.5934370440e+05 1.8833439525e-13 4.7642763334e-14 -5.9230059315e+06 2.6958450331e+06 3.2955148415e-18 1.5195768448e-17 -3.4937246199e+03 -1.0449375356e+04 -4.6643406284e+09 -1.0015844636e+07 1.9294386507e+06 2.9642001294e+01 8.5738024527e-04 -8.0295978463e+04
1.5936049106e+05 1.8838798758e-13 4.7898616618e-14 -5.9804394689e+06 2.5198963043e+06 3.0889746540e-18 1.5286263475e-17 -3.3485916808e+03 -1.0512893542e+04 -4.6705038784e+09 -1.0015672653e+07 1.9299703624e+06 1.9292574626e+01 1.0347263683e-02 -9.7039909515e+05
1.5937431313e+05 1.8842949237e-13 4.8110395406e-14 -6.0258863918e+06 2.3742433125e+06 2.9162191656e-18 1.5356681446e-17 -3.2270957921e+03 -1.0561981805e+04 -4.7084866316e+09 -1.0014653376e+07 1.9332562523e+06 1.4441691200e+01 6.1565980658e-02 -5.7794370714e+06
1.5938622305e+05 1.8846332867e-13 4.8293638143e-14 -6.0636894713e+06 2.2482149390e+06 2.7655481162e-18 1.5414289281e-17 -3.1207876312e+03 -1.0600955304e+04 -4.8556126767e+09 -1.0010841516e+07 1.9460155020e+06 1.2077705733e+01 2.3539531657e-01 -2.2111050407e+07
1.5939704634e+05 1.8849251378e-13 4.8460743236e-14 -6.0969359354e+06 2.1333065220e+06 2.6272649583e-18 1.5464112295e-17 -3.0223589073e+03 -1.0631548611e+04 -5.2869786209e+09 -1.0000024381e+07 1.9835154330e+06 1.0870101843e+01 6.7967289942e-01 -6.3854477180e+07
1.5940791644e+05 1.8852031206e-13 4.8629100485e-14 -6.1292398179e+06 2.0176116816e+06 2.4871712597e-18 1.5511674606e-17 -2.9206539361e+03 -1.0653197839e+04 -6.4343017144e+09 -9.9721716937e+06 2.0835391157e+06 1.0234837572e+01 1.6908335243e+00 -1.5875842706e+08
1.5941815128e+05 1.8854508839e-13 4.8788079236e-14 -6.1586246906e+06 1.9085353234e+06 2.3542356467e-18 1.5554148411e-17 -2.8206155583e+03 -1.0658342625e+04 -8.8332996965e+09 -9.9157369640e+06 2.2934619950e+06 9.6898194832e+00 3.4583364052e+00 -3.2409670211e+08
1.5942678146e+05 1.8856491954e-13 4.8922462541e-14 -6.1825863794e+06 1.8165970111e+06 2.2414255570e-18 1.5588198779e-17 -2.7315489333e+03 -1.0644587633e+04 -1.2476124401e+10 -9.8323725068e+06 2.6137282297e+06 8.7142655874e+00 5.6716009273e+00 -5.2978738909e+08
1.5943441384e+05 1.8858164458e-13 4.9041548071e-14 -6.2031196868e+06 1.7354578772e+06 2.1411536024e-18 1.5616954732e-17 -2.6482819756e+03 -1.0614101134e+04 -1.7349081537e+10 -9.7234274793e+06 3.0445940184e+06 7.7057457164e+00 8.0827779826e+00 -7.5158279614e+08
1.5944133605e+05 1.8859615022e-13 4.9149738963e-14 -6.2211787660e+06 1.6621297697e+06 2.0498319329e-18 1.5641927193e-17 -2.5688140393e+03 -1.0569460255e+04 -2.3287173692e+10 -9.5933230308e+06 3.5731770242e+06 6.9621583047e+00 1.0422356604e+01 -9.6360666435e+08
1.5944829821e+05 1.8861010076e-13 4.9258724881e-14 -6.2387744701e+06 1.5887477735e+06 1.9576461938e-18 1.5665978231e-17 -2.4852974589e+03 -1.0508135412e+04 -3.0697145365e+10 -9.4339653312e+06 4.2380709929e+06 6.4343739983e+00 1.2636254489e+01 -1.1597973708e+09
1.5945473258e+05 1.8862242213e-13 4.9359594587e-14 -6.2545101807e+06 1.5213527095e+06 1.8721712709e-18 1.5687255814e-17 -2.4054869553e+03 -1.0438443460e+04 -3.8642899196e+10 -9.2660322905e+06 4.9575223168e+06 6.0835112607e+00 1.4299614372e+01 -1.3020114683e+09
1.5946081609e+05 1.8863356511e-13 4.9455087240e-14 -6.2689102863e+06 1.4580739759e+06 1.7911314151e-18 1.5706535243e-17 -2.3284744271e+03 -1.0363758636e+04 -4.6847239786e+10 -9.0953958194e+06 5.7074800675e+06 5.8689270406e+00 1.5353334904e+01 -1.3862213054e+09
1.5946668502e+05 1.8864384724e-13 4.9547320439e-14 -6.2823561711e+06 1.3974742182e+06 1.7127586800e-18 1.5724365298e-17 -2.2535483075e+03 -1.0286760410e+04 -5.5091258438e+10 -8.9265657762e+06 6.4684460806e+06 5.7476536302e+00 1.5800067504e+01 -1.4142808200e+09
1.5947243267e+05 1.8865347060e-13 4.9637747076e-14 -6.2950981078e+06 1.3385705704e+06 1.6358381384e-18 1.5741097712e-17 -2.1803227066e+03 -1.0209840717e+04 -6.3177366141e+10 -8.7635176438e+06 7.2221894405e+06 5.6948247940e+00 1.5680238150e+01 -1.3914710650e+09
1.5947812750e+05 1.8866256904e-13 4.9727435392e-14 -6.3073098372e+06 1.2806414258e+06 1.5594752079e-18 1.5756968034e-17 -2.1085684204e+03 -1.0135123153e+04 -7.0932045107e+10 -8.6096456317e+06 7.9520662961e+06 5.6964909389e+00 1.5062586476e+01 -1.3254049071e+09
1.5948382399e+05 1.8867123469e-13 4.9817238367e-14 -6.3191198558e+06 1.2231105805e+06 1.4829544135e-18 1.5772141213e-17 -2.0381038334e+03 -1.0064433755e+04 -7.8210173369e+10 -8.4676788265e+06 8.6435404006e+06 5.7454952225e+00 1.4035086189e+01 -1.2250406329e+09
1.5948956949e+05 1.8867953298e-13 4.9907899400e-14 -6.3306295914e+06 1.1654759641e+06 1.4056510298e-18 1.5786737569e-17 -1.9687267546e+03 -9.9992697205e+03 -8.4897812688e+10 -8.3396294645e+06 9.2846041358e+06 5.8392644103e+00 1.2696256678e+01 -1.0998195996e+09
1.5949540875e+05 1.8868751129e-13 5.0000123886e-14 -6.3419243661e+06 1.1072623875e+06 1.3269711102e-18 1.5800847886e-17 -1.9001716823e+03 -9.9407819807e+03 -9.0912843749e+10 -8.2267878292e+06 9.8660167392e+06 5.9785455093e+00 1.1147575035e+01 -9.5898649197e+08
1.5950138730e+05 1.8869520357e-13 5.0094631288e-14 -6.3530800428e+06 1.0479880092e+06 1.2463078128e-18 1.5814541854e-17 -1.8320835541e+03 -9.8897752219e+03 -9.6203673331e+10 -8.1297599520e+06 1.0381354566e+07 6.1666622693e+00 9.4874939131e+00 -8.1111760479e+08
1.5950755396e+05 1.8870263233e-13 5.0192195742e-14 -6.3641668835e+06 9.8713877893e+05 1.1630073799e-18 1.5827872008e-17 -1.7640016362e+03 -9.8467211106e+03 -1.0074673732e+11 -8.0485338349e+06 1.0826922193e+07 6.4090642699e+00 7.8071426775e+00 -6.6383808374e+08
1.5951396302e+05 1.8870980844e-13 5.0293679720e-14 -6.3752514092e+06 9.2414760238e+05 1.0763410687e-18 1.5840874223e-17 -1.6953490209e+03 -9.8117772444e+03 -1.0454364259e+11 -7.9825578155e+06 1.1201594283e+07 6.7129653083e+00 6.1873847164e+00 -5.2367501149e+08
1.5952067599e+05 1.8871672896e-13 5.0400062086e-14 -6.3863964957e+06 8.5837714128e+05 9.8548202551e-19 1.5853565036e-17 -1.6254256088e+03 -9.7848048777e+03 -1.0761860451e+11 -7.9308190185e+06 1.1506648932e+07 7.0868171542e+00 4.6966636604e+00 -3.9597843942e+08
1.5952776280e+05 1.8872337279e-13 5.0512457858e-14 -6.3976594286e+06 7.8910779017e+05 8.8948954478e-19 1.5865935455e-17 -1.5534057337e+03 -9.7653813325e+03 -1.1001649014e+11 -7.8919171750e+06 1.1745625211e+07 7.5393391925e+00 3.3890257569e+00 -2.8484549506e+08
1.5953530214e+05 1.8872969379e-13 5.0632122530e-14 -6.4090872635e+06 7.1553521422e+05 7.8730699642e-19 1.5877940624e-17 -1.4783452340e+03 -9.7528073564e+03 -1.1180135458e+11 -7.8641371061e+06 1.1924198876e+07 8.0780932328e+00 2.3018482791e+00 -1.9300039198e+08
1.5954338024e+05 1.8873561137e-13 5.0760433561e-14 -6.4207090811e+06 6.3678205818e+05 6.7777992113e-19 1.5889485264e-17 -1.3992038584e+03 -9.7461160643e+03 -1.1305483938e+11 -7.8455311078e+06 1.2050019451e+07 8.7087484099e+00 1.4531890251e+00 -1.2161936569e+08
1.5955208899e+05 1.8874099975e-13 5.0898859794e-14 -6.4325266188e+06 5.5191738732e+05 5.5968530567e-19 1.5900407062e-17 -1.3148787927e+03 -9.7440992770e+03 -1.1387315690e+11 -7.8340290923e+06 1.2132387117e+07 9.4386099795e+00 8.3944539131e-01 -7.0157088566e+07
1.5956152760e+05 1.8874567844e-13 5.1048986448e-14 -6.4445089045e+06 4.5994255283e+05 4.3171458971e-19 1.5910463074e-17 -1.2242108669e+03 -9.7453747160e+03 -1.1436091961e+11 -7.8275928392e+06 1.2181600394e+07 1.0289552843e+01 4.3516072965e-01 -3.6330138921e+07
1.5957181715e+05 1.8874940315e-13 5.1212745451e-14 -6.4565992216e+06 3.5965164073e+05 2.9228364774e-19 1.5919321404e-17 -1.1258735005e+03 -9.7485061110e+03 -1.1462087760e+11 -7.8244068101e+06 1.2207885483e+07 1.1321353690e+01 1.9744492651e-01 -1.6469492561e+07
1.5958313850e+05 1.8875184450e-13 5.1393017083e-14 -6.4687349365e+06 2.4926431772e+05 1.3903164292e-19 1.5926541820e-17 -1.0180408835e+03 -9.7521391140e+03 -1.1474168301e+11 -7.8230505380e+06 1.2220125278e+07 1.2298811348e+01 7.5696508420e-02 -6.3088215455e+06
1.5959543731e+05 1.8875253201e-13 5.1588927678e-14 -6.4805368853e+06 1.2930542761e+05 -2.7174229579e-20 1.5931401794e-17 -9.0121125912e+02 -9.7549975751e+03 -1.1478824294e+11 -7.8225802016e+06 1.2224852124e+07 1.2338494459e+01 2.4035161583e-02 -2.0014217047e+06
1.5960402010e+05 1.8875180184e-13 5.1725671203e-14 -6.4879225782e+06 4.5575623661e+04 -1.4294027543e-19 1.5932963270e-17 -8.1986313351e+02 -9.7559565486e+03 -1.1479978492e+11 -7.8224759598e+06 1.2226025988e+07 1.1673016894e+01 1.0114452341e-02 -8.4170384957e+05
1.5961569311e+05 1.8874921600e-13 5.1911658032e-14 -6.4968483405e+06 -6.8306106906e+04 -3.0002964992e-19 1.5932689244e-17 -7.0948862771e+02 -9.7556966362e+03 -1.1480540827e+11 -7.8224304048e+06 1.2226598758e+07 1.4697233098e+01 2.8619730144e-03 -2.3795137262e+05
1.5963039035e+05 1.8874335705e-13 5.2145798603e-14 -6.5062575493e+06 -2.1166948468e+05 -4.9711580156e-19 1.5928447779e-17 -5.7101684994e+02 -9.7526964133e+03 -1.1480709246e+11 -7.8224187914e+06 1.2226770622e+07 2.2860059030e+01 5.0821419381e-04 -4.2202049468e+04
1.5965325040e+05 1.8872850601e-13 5.2509770756e-14 -6.5168611416e+06 -4.3450906941e+05 -8.0176153075e-19 1.5913340552e-17 -3.5697614632e+02 -9.7420784656e+03 -1.1480740727e+11 -7.8224171054e+06 1.2226802820e+07 3.0515200823e+01 2.5488865658e-05 -2.1120900113e+03
1.5968376561e+05 1.8869788940e-13 5.2994866425e-14 -6.5234329345e+06 -7.3143706391e+05 -1.2039395641e-18 1.5877404417e-17 -7.4410586174e+01 -9.7168299827e+03 -1.1480742193e+11 -7.8224170593e+06 1.2226804323e+07 2.7895204473e+01 2.6588927952e-07 -2.1961251763e+01
1.5971166081e+05 1.8865924052e-13 5.3437132082e-14 -6.5219502043e+06 -1.0020419226e+06 -1.5661121434e-18 1.5829298204e-17 1.8004760717e+02 -9.6830311223e+03 -1.1480742208e+11 -7.8224170593e+06 1.2226804337e+07 3.4173375131e+01 2.3534904525e-09 -1.9373931425e-01
1.5974583419e+05 1.8859825644e-13 5.3976799525e-14 -6.5105527351e+06 -1.3320493106e+06 -2.0013169917e-18 1.5751393323e-17 4.8581741357e+02 -9.6282960689e+03 -1.1480742211e+11 -7.8224170593e+06 1.2226804337e+07 4.2424135391e+01 3.5567244784e-12 -2.9145447379e-04
1.5978825832e+05 1.8850214861e-13 5.4642510664e-14 -6.4820707671e+06 -1.7387452309e+06 -2.5265216846e-18 1.5627344003e-17 8.5482005188e+02 -9.5411404766e+03 -1.1480742221e+11 -7.8224170593e+06 1.2226804337e+07 4.8719835703e+01 3.9599571783e-16 -3.2243766704e-08
1.5983697816e+05 1.8836482918e-13 5.5399708989e-14 -6.4304278558e+06 -2.2006629363e+06 -3.1061492610e-18 1.5450643863e-17 1.2620595679e+03 -9.4169930367e+03 -1.1480742239e+11 -7.8224170593e+06 1.2226804337e+07 5.4488977577e+01 2.9495088264e-21 -2.3820259389e-13
1.5989146713e+05 1.8817865480e-13 5.6235338233e-14 -6.3497692795e+06 -2.7093866751e+06 -3.7212197154e-18 1.5214541711e-17 1.6942008331e+03 -9.2511104428e+03 -1.1480742269e+11 -7.8224170593e+06 1.2226804337e+07 6.0281037592e+01 1.0865240110e-27 -8.6859119676e-20
1.5995174817e+05 1.8793491835e-13 5.7143590863e-14 -6.2339986144e+06 -3.2608031756e+06 -4.3574912614e-18 1.4912961273e-17 2.1412377357e+03 -9.0392235749e+03 -1.1480742313e+11 -7.8224170593e+06 1.2226804337e+07 6.6375495052e+01 1.3351697686e-35 -1.0542457180e-27
1.6001812367e+05 1.8762397378e-13 5.8121307944e-14 -6.0766169453e+06 -3.8522580246e+06 -5.0018022852e-18 1.4541079243e-17 2.5939230809e+03 -8.7779436357e+03 -1.1480742374e+11 -7.8224170593e+06 1.2226804337e+07 7.2871934868e+01 3.4924553789e-45 -2.7172016244e-37
1.6009099560e+05 1.8723578518e-13 5.9164936692e-14 -5.8709431031e+06 -4.4806768471e+06 -5.6401870610e-18 1.4096371017e-17 3.0424447140e+03 -8.4654968677e+03 -1.1480742451e+11 -7.8224170593e+06 1.2226804337e+07 7.9672731828e+01 1.2325986589e-56 -9.4247865754e-49
1.6017066833e+05 1.8676129426e-13 6.0267635651e-14 -5.6108929372e+06 -5.1408151151e+06 -6.2569305443e-18 1.3580261075e-17 3.4757614295e+03 -8.1028840943e+03 -1.1480742543e+11 -7.8224170593e+06 1.2226804337e+07 8.6478567766e+01 4.0405297143e-70 -3.0281189388e-62
1.6025714690e+05 1.8619454656e-13 6.1417039794e-14 -5.2922875433e+06 -5.8239780581e+06 -6.8349970894e-18 1.2999819495e-17 3.8819041833e+03 -7.6950726689e+03 -1.1480742645e+11 -7.8224170593e+06 1.2226804337e+07 9.2922185461e+01 1.0383811283e-85 -7.6071394102e-78
1.6035006909e+05 1.8553435885e-13 6.2595665099e-14 -4.9139622594e+06 -6.5184026396e+06 -7.3584307887e-18 1.2367914725e-17 4.2496625424e+03 -7.2511038118e+03 -1.1480742749e+11 -7.8224170593e+06 1.2226804337e+07 9.8837673816e+01 2.3405259577e-103 -1.6720605863e-95
1.6044890676e+05 1.8478367515e-13 6.3785009718e-14 -4.4774994882e+06 -7.2118493652e+06 -7.8157890444e-18 1.1700527008e-17 4.5709970722e+03 -6.7822050538e+03 -1.1480742849e+11 -7.8224170593e+06 1.2226804337e+07 1.0441046507e+02 6.4322369585e-123 -4.4716632344e-115
1.6055331723e+05 1.8394666123e-13 6.4970561183e-14 -3.9855106721e+06 -7.8946148973e+06 -8.2019801421e-18 1.1012632949e-17 4.8423303941e+03 -6.2988987803e+03 -1.1480742942e+11 -7.8224170593e+06 1.2226804337e+07 1.0906518074e+02 3.1028909215e-144 -2.0954807997e-136
1.6066238241e+05 1.8303428009e-13 6.6133690766e-14 -3.4448534017e+06 -8.5549315139e+06 -8.5148243684e-18 1.0321687113e-17 5.0621310669e+03 -5.8134483647e+03 -1.1480743026e+11 -7.8224170593e+06 1.2226804337e+07 1.1277431836e+02 5.4123531899e-167 -3.5463069446e-159
1.6077515672e+05 1.8205966537e-13 6.7259064844e-14 -2.8638850079e+06 -9.1833861573e+06 -8.7569976664e-18 9.6425935528e-18 5.2322791770e+03 -5.3363252189e+03 -1.1480743100e+11 -7.8224170593e+06 1.2226804337e+07 1.1624984897e+02 7.5712844069e-191 -4.8096356152e-183
1.6089140657e+05 1.8103066458e-13 6.8341274713e-14 -2.2479040750e+06 -9.7765147671e+06 -8.9353841378e-18 8.9830489793e-18 5.3576114132e+03 -4.8729369609e+03 -1.1480743164e+11 -7.8224170593e+06 1.2226804337e+07 1.1591020320e+02 1.3486196326e-215 -8.3019313985e-208
1.6100731678e+05 1.7998754976e-13 6.9346395583e-14 -1.6216942221e+06 -1.0315970115e+07 -9.0544967461e-18 8.3669044295e-18 5.4412985304e+03 -4.4400410490e+03 -1.1480743213e+11 -7.8224170593e+06 1.2226804337e+07 1.1265617562e+02 2.7569849237e-240 -1.6457820075e-232
1.6111997295e+05 1.7896317890e-13 7.0257079639e-14 -1.0056590199e+06 -1.0793756017e+07 -9.1245390454e-18 7.8068356577e-18 5.4905094258e+03 -4.0465433189e+03 -1.1480743247e+11 -7.8224170593e+06 1.2226804337e+07 1.0699057222e+02 3.5013602057e-264 -2.0299088386e-256
1.6121402106e+05 1.7810343576e-13 7.0970435475e-14 -4.8816460482e+05 -1.1159668164e+07 -9.1546080772e-18 7.3673292890e-18 5.5116355739e+03 -3.7377513150e+03 -1.1480743257e+11 -7.8224170593e+06 1.2226804337e+07 9.6747341079e+01 5.4097389187e-284 -3.0622222986e-276
1.6127691884e+05 1.7752733618e-13 7.1424952152e-14 -1.4128766035e+05 -1.1388531076e+07 -9.1624764910e-18 7.0869954016e-18 5.5171638288e+03 -3.5407920237e+03 -1.1480743258e+11 -7.8224170593e+06 1.2226804337e+07 7.8200289394e+01 3.7618929090e-297 -2.0962346229e-289
1.6135511913e+05 1.7681082884e-13 7.1965994329e-14 2.9015546370e+05 -1.1656173928e+07 -9.1603918045e-18 6.7529745371e-18 5.5156991526e+03 -3.3061128939e+03 -1.1480743262e+11 -7.8224170593e+06 1.2226804337e+07 9.3441502249e+01 2.1674868970e-313 -1.1847605794e-305
1.6144856063e+05 1.7595556685e-13 7.2579127453e-14 8.0505972282e+05 -1.1952543346e+07 -9.1429165130e-18 6.3739258449e-18 5.5034212184e+03 -3.0397977423e+03 -1.1480743268e+11 -7.8224170593e+06 1.2226804337e+07 1.1964852504e+02 0.0000000000e+00 -0.0000000000e+00
1.6156820916e+05 1.7486396215e-13 7.3314186879e-14 1.4618976742e+06 -1.2296879321e+07 -9.1005306705e-18 5.9184476720e-18 5.4736414241e+03 -2.7197841365e+03 -1.1480743287e+11 -7.8224170593e+06 1.2226804337e+07 1.3801813253e+02 0.0000000000e+00 -0.0000000000e+00
1.6170622729e+05 1.7361261145e-13 7.4096978070e-14 2.2140660255e+06 -1.2648327355e+07 -9.0290069546e-18 5.4314030716e-18 5.4233897028e+03 -2.3775923302e+03 -1.1480743317e+11 -7.8224170593e+06 1.2226804337e+07 1.4066421883e+02 0.0000000000e+00 -0.0000000000e+00
1.6184689151e+05 1.7234885777e-13 7.4828338514e-14 2.9725134124e+06 -1.2959834496e+07 -8.9364610310e-18 4.9733969459e-18 5.3583680256e+03 -2.0558026146e+03 -1.1480743342e+11 -7.8224170593e+06 1.2226804337e+07 1.4377425562e+02 0.0000000000e+00 -0.0000000000e+00
1.6199066576e+05 1.7107179900e-13 7.5511910343e-14 3.7374466780e+06 -1.3233292292e+07 -8.8259680386e-18 4.5413222130e-18 5.2807369491e+03 -1.7522319905e+03 -1.1480743364e+11 -7.8224170593e+06 1.2226804337e+07 1.4653262855e+02 0.0000000000e+00 -0.0000000000e+00
1.6213719839e+05 1.6978755405e-13 7.6147174103e-14 4.5048903858e+06 -1.3468841633e+07 -8.7006115085e-18 4.1346597707e-18 5.1926629258e+03 -1.4665157428e+03 -1.1480743383e+11 -7.8224170593e+06 1.2226804337e+07 1.4879316656e+02 0.0000000000e+00 -0.0000000000e+00
1.6228599156e+05 1.6850307176e-13 7.6733616939e-14 5.2704205126e+06 -1.3666838301e+07 -8.5632616992e-18 3.7529661495e-18 5.0961625657e+03 -1.1983422950e+03 -1.1480743399e+11 -7.8224170593e+06 1.2226804337e+07 1.5031851073e+02 0.0000000000e+00 -0.0000000000e+00
1.6243631007e+05 1.6722678478e-13 7.7270589329e-14 6.0287889526e+06 -1.3827883489e+07 -8.4167141699e-18 3.3960459510e-18 4.9931999957e+03 -9.4757436265e+02 -1.1480743412e+11 -7.8224170593e+06 1.2226804337e+07 1.5077416640e+02 0.0000000000e+00 -0.0000000000e+00
1.6258708423e+05 1.6596922313e-13 7.7757287760e-14 6.7735818674e+06 -1.3952951348e+07 -8.2638387984e-18 3.0640624210e-18 4.8857915582e+03 -7.1432664015e+02 -1.1480743422e+11 -7.8224170593e+06 1.2226804337e+07 1.4965455575e+02 0.0000000000e+00 -0.0000000000e+00
1.6273673879e+05 1.6474413259e-13 7.8192644102e-14 7.4965913161e+06 -1.4043557360e+07 -8.1078006041e-18 2.7577435928e-18 4.7761609586e+03 -4.9911063523e+02 -1.1480743430e+11 -7.8224170593e+06 1.2226804337e+07 1.4611409167e+02 0.0000000000e+00 -0.0000000000e+00
1.6288285288e+05 1.6357078728e-13 7.8574981418e-14 8.1865034132e+06 -1.4102005600e+07 -7.9524583539e-18 2.4788193073e-18 4.6670193212e+03 -3.0314171365e+02 -1.1480743435e+11 -7.8224170593e+06 1.2226804337e+07 1.3847409570e+02 0.0000000000e+00 -0.0000000000e+00
1.6300485272e+05 1.6260858764e-13 7.8863915663e-14 8.7502590244e+06 -1.4129517035e+07 -7.8211210709e-18 2.2598286412e-18 4.5747432913e+03 -1.4928144807e+02 -1.1480743437e+11 -7.8224170593e+06 1.2226804337e+07 1.2537880985e+02 0.0000000000e+00 -0.0000000000e+00
1.6305537721e+05 1.6221481112e-13 7.8975880333e-14 8.9804248755e+06 -1.4135505261e+07 -7.7664007031e-18 2.1725929865e-18 4.5362974047e+03 -8.7990703345e+01 -1.1480743437e+11 -7.8224170593e+06 1.2226804337e+07 1.1629203035e+02 0.0000000000e+00 -0.0000000000e+00
1.6317166924e+05 1.6131898961e-13 7.9217185589e-14 9.5027967912e+06 -1.4137763507e+07 -7.6398975107e-18 1.9790381247e-18 4.4474177500e+03 4.7998665419e+01 -1.1480743438e+11 -7.8224170593e+06 1.2226804337e+07 1.0531609286e+02 0.0000000000e+00 -0.0000000000e+00
1.6327698533e+05 1.6052044086e-13 7.9416746852e-14 9.9669269965e+06 -1.4126481224e+07 -7.5248397329e-18 1.8119785095e-18 4.3665795089e+03 1.6537278565e+02 -1.1480743439e+11 -7.8224170593e+06 1.2226804337e+07 1.3887163373e+02 0.0000000000e+00 -0.0000000000e+00
1.6341585697e+05 1.5948601498e-13 7.9653713600e-14 1.0565901052e+07 -1.4093211710e+07 -7.3726828170e-18 1.6027994808e-18 4.2596758499e+03 3.1233951032e+02 -1.1480743441e+11 -7.8224170593e+06 1.2226804337e+07 1.6276093613e+02 0.0000000000e+00 -0.0000000000e+00
1.6357861790e+05 1.5830056359e-13 7.9895634901e-14 1.1248998912e+07 -1.4029059697e+07 -7.1940791691e-18 1.3724759374e-18 4.1341910281e+03 4.7416212219e+02 -1.1480743444e+11 -7.8224170593e+06 1.2226804337e+07 1.8406842231e+02 0.0000000000e+00 -0.0000000000e+00
1.6376268633e+05 1.5699494706e-13 8.0125636930e-14 1.1996914435e+07 -1.3925883642e+07 -6.9921782944e-18 1.1295795478e-18 3.9923378488e+03 6.4481826796e+02 -1.1480743450e+11 -7.8224170593e+06 1.2226804337e+07 2.0469007076e+02 0.0000000000e+00 -0.0000000000e+00
1.6396737640e+05 1.5558665237e-13 8.0330894056e-14 1.2797992641e+07 -1.3775658949e+07 -6.7682165650e-18 8.7925617739e-19 3.8349849725e+03 8.2069252300e+02 -1.1480743457e+11 -7.8224170593e+06 1.2226804337e+07 2.2555872242e+02 0.0000000000e+00 -0.0000000000e+00
1.6419293512e+05 1.5408775606e-13 8.0500144985e-14 1.3643521397e+07 -1.3570118264e+07 -6.5225247230e-18 6.2504593981e-19 3.6623647749e+03 9.9929764522e+02 -1.1480743465e+11 -7.8224170593e+06 1.2226804337e+07 2.4725436871e+02 0.0000000000e+00 -0.0000000000e+00
1.6444018949e+05 1.5250816049e-13 8.0622639916e-14 1.4525782327e+07 -1.3300519317e+07 -6.2548783488e-18 3.6961598273e-19 3.4743195811e+03 1.1787597280e+03 -1.1480743476e+11 -7.8224170593e+06 1.2226804337e+07 2.7021565797e+02 0.0000000000e+00 -0.0000000000e+00
1.6471040515e+05 1.5085726493e-13 8.0687585584e-14 1.5437006884e+07 -1.2957458322e+07 -5.9646192282e-18 1.1511909718e-19 3.2703869378e+03 1.3575662457e+03 -1.1480743488e+11 -7.8224170593e+06 1.2226804337e+07 2.9482973472e+02 0.0000000000e+00 -0.0000000000e+00
1.6500523488e+05 1.4914506806e-13 8.0683793689e-14 1.6368649066e+07 -1.2530697066e+07 -5.6506757773e-18 -1.3659705955e-19 3.0498139627e+03 1.5344190561e+03 -1.1480743502e+11 -7.8224170593e+06 1.2226804337e+07 3.2148149041e+02 0.0000000000e+00 -0.0000000000e+00
1.6532671637e+05 1.4738308172e-13 8.0599422856e-14 1.7310745552e+07 -1.2008984843e+07 -5.3115221984e-18 -3.8384574431e-19 2.8115286482e+03 1.7081330732e+03 -1.1480743518e+11 -7.8224170593e+06 1.2226804337e+07 3.5059025919e+02 0.0000000000e+00 -0.0000000000e+00
1.6567730663e+05 1.4558524606e-13 8.0421764630e-14 1.8251241005e+07 -1.1379858558e+07 -4.9450841092e-18 -6.2498212773e-19 2.5540735578e+03 1.8775526593e+03 -1.1480743535e+11 -7.8224170593e+06 1.2226804337e+07 3.8264899443e+02 0.0000000000e+00 -0.0000000000e+00
1.6605995562e+05 1.4376897786e-13 8.0137044794e-14 1.9175183791e+07 -1.0629397235e+07 -4.5485791825e-18 -8.5828498719e-19 2.2754938610e+03 2.0414685036e+03 -1.1480743554e+11 -7.8224170593e+06 1.2226804337e+07 4.1828265380e+02 0.0000000000e+00 -0.0000000000e+00
1.6647823828e+05 1.4195647698e-13 7.9730209431e-14 2.0063686596e+07 -9.7418818287e+06 -4.1182580270e-18 -1.0818177664e-18 1.9731552797e+03 2.1985200044e+03 -1.1480743575e+11 -7.8224170593e+06 1.2226804337e+07 4.5836150962e+02 0.0000000000e+00 -0.0000000000e+00
1.6693659979e+05 1.4017643806e-13 7.9184625286e-14 2.0892498075e+07 -8.6992318274e+06 -3.6489623779e-18 -1.2932431858e-18 1.6434336778e+03 2.3470650167e+03 -1.1480743597e+11 -7.8224170593e+06 1.2226804337e+07 5.0427441354e+02 0.0000000000e+00 -0.0000000000e+00
1.6744087420e+05 1.3846635931e-13 7.8481458524e-14 2.1629903428e+07 -7.4798228290e+06 -3.1332850952e-18 -1.4895517746e-18 1.2811248858e+03 2.4849891217e+03 -1.1480743621e+11 -7.8224170593e+06 1.2226804337e+07 5.3355666970e+02 0.0000000000e+00 -0.0000000000e+00
1.6797443087e+05 1.3694051943e-13 7.7639694881e-14 2.2210916719e+07 -6.1209163018e+06 -2.5856154254e-18 -1.6595190859e-18 8.9633861897e+02 2.6044061550e+03 -1.1480743639e+11 -7.8224170593e+06 1.2226804337e+07 5.4183264441e+02 0.0000000000e+00 -0.0000000000e+00
1.6851626351e+05 1.3569136586e-13 7.6702167744e-14 2.2589917214e+07 -4.6828229152e+06 -2.0240287927e-18 -1.7949589423e-18 5.0177445773e+02 2.6995646048e+03 -1.1480743647e+11 -7.8224170593e+06 1.2226804337e+07 5.1750572390e+02 0.0000000000e+00 -0.0000000000e+00
1.6890764064e+05 1.3497947263e-13 7.5984320492e-14 2.2729906775e+07 -3.6154964081e+06 -1.6129504343e-18 -1.8702180151e-18 2.1295563931e+02 2.7524407439e+03 -1.1480743646e+11 -7.8224170593e+06 1.2226804337e+07 4.3588439022e+02 0.0000000000e+00 -0.0000000000e+00
1.6907808200e+05 1.3471995567e-13 7.5663216232e-14 2.2755385813e+07 -3.1447213660e+06 -1.4320771476e-18 -1.8970983670e-18 8.5876195985e+01 2.7713265629e+03 -1.1480743646e+11 -7.8224170593e+06 1.2226804337e+07 3.4380149401e+02 0.0000000000e+00 -0.0000000000e+00
1.6942188350e+05 1.3429086129e-13 7.5003137938e-14 2.2740467339e+07 -2.1864176990e+06 -1.0631211195e-18 -1.9403107192e-18 -1.7334796865e+02 2.8016870531e+03 -1.1480743645e+11 -7.8224170593e+06 1.2226804337e+07 3.8862767836e+02 0.0000000000e+00 -0.0000000000e+00
1.6981051118e+05 1.3395996746e-13 7.4242482361e-14 2.2615301476e+07 -1.0929694999e+06 -6.3825103376e-19 -1.9709848947e-18 -4.7185669243e+02 2.8232383680e+03 -1.1480743640e+11 -7.8224170593e+06 1.2226804337e+07 4.4742201659e+02 0.0000000000e+00 -0.0000000000e+00
1.7025793319e+05 1.3378607026e-13 7.3357306852e-14 2.2325724120e+07 1.7253751086e+05 -1.3663849582e-19 -1.9811597755e-18 -8.2428376027e+02 2.8303871196e+03 -1.1480743626e+11 -7.8224170593e+06 1.2226804337e+07 4.6564712710e+02 0.0000000000e+00 -0.0000000000e+00
1.7072358032e+05 1.3384725121e-13 7.2438249540e-14 2.1854211336e+07 1.4880653436e+06 4.0263871511e-19 -1.9607346818e-18 -1.2031735842e+03 2.8160366890e+03 -1.1480743599e+11 -7.8224170593e+06 1.2226804337e+07 4.6014539295e+02 0.0000000000e+00 -0.0000000000e+00
1.7118372571e+05 1.3415906942e-13 7.1547270014e-14 2.1211666923e+07 2.7759520984e+06 9.5646332010e-19 -1.9056939853e-18 -1.5922842361e+03 2.7773657432e+03 -1.1480743558e+11 -7.8224170593e+06 1.2226804337e+07 4.4419171776e+02 0.0000000000e+00 -0.0000000000e+00
1.7162791743e+05 1.3470697482e-13 7.0719510424e-14 2.0417932343e+07 3.9964727448e+06 1.5147347247e-18 -1.8146208313e-18 -1.9845191571e+03 2.7133788166e+03 -1.1480743503e+11 -7.8224170593e+06 1.2226804337e+07 4.2463692295e+02 0.0000000000e+00 -0.0000000000e+00
1.7205255435e+05 1.3546799681e-13 6.9974624876e-14 1.9492460529e+07 5.1306385167e+06 2.0741478206e-18 -1.6863895837e-18 -2.3775562170e+03 2.6232850507e+03 -1.1480743433e+11 -7.8224170593e+06 1.2226804337e+07 3.9526574177e+02 0.0000000000e+00 -0.0000000000e+00
1.7240719247e+05 1.3628973470e-13 6.9400996412e-14 1.8588749244e+07 6.0437914638e+06 2.5637328343e-18 -1.5424945303e-18 -2.7215328877e+03 2.5221860790e+03 -1.1480743388e+11 -7.8224170593e+06 1.2226804337e+07 3.5630105992e+02 0.0000000000e+00 -0.0000000000e+00
1.7276349353e+05 1.3729426386e-13 6.8883067108e-14 1.7555080583e+07 6.9202028934e+06 3.0790877609e-18 -1.3573346350e-18 -3.0836151961e+03 2.3920949150e+03 -1.1480743320e+11 -7.8224170593e+06 1.2226804337e+07 3.2242239623e+02 0.0000000000e+00 -0.0000000000e+00
1.7280000000e+05 1.3740765986e-13 6.8833908108e-14 1.7441813555e+07 7.0072540712e+06 3.1333371772e-18 -1.3357449959e-18 -3.1217301979e+03 2.3769262885e+03 -1.1480743320e+11 -7.8224170593e+06 1.2226804337e+07 1.8253234837e+02 0.0000000000e+00 -0.0000000000e+00
1.7280000000e+05 1.3740765986e-13 6.8833908108e-14 1.7441813555e+07 7.0072540712e+06 3.1333371772e-18 -1.3357449959e-18 -3.1217301979e+03 2.3769262885e+03 -1.1480743320e+11 -7.8224170593e+06 1.2226804337e+07 1.8253234837e+02 0.0000000000e+00 -0.0000000000e+00
