0.0000000000e+00 0.0000000000e+00 0.0000000000e+00 3.1415900000e+08 0.0000000000e+00 0.0000000000e+00 0.0000000000e+00 -1.1785221310e+03 2.2602121110e+02 -4.6638892997e+09 -1.0017438113e+07 1.9211802943e+06 1.0000000000e+01 0.0000000000e+00 -0.0000000000e+00
1.0000000000e+01 2.8740014452e-22 6.8925352564e-28 3.1414721458e+08 2.2602121105e+03 5.7480747699e-23 2.0677993635e-28 -1.1785625163e+03 2.2602121095e+02 -4.6638892997e+09 -1.0017438113e+07 1.9211802943e+06 5.0000000000e+01 0.0000000000e+00 -0.0000000000e+00
6.0000000000e+01 1.0347699266e-20 1.4892066217e-25 3.1408828140e+08 1.3561272561e+04 3.4494919484e-22 7.4468713509e-27 -1.1787644882e+03 2.2602120587e+02 -4.6638892997e+09 -1.0017438114e+07 1.9211802943e+06 2.5000000000e+02 0.0000000000e+00 -0.0000000000e+00
3.1000000000e+02 2.7639899248e-19 2.0568272242e-23 3.1379346394e+08 7.0066560990e+04 1.7839115701e-21 1.9916372014e-25 -1.1797754863e+03 2.2602107117e+02 -4.6638892997e+09 -1.0017438114e+07 1.9211802943e+06 1.2500000000e+03 0.0000000000e+00 -0.0000000000e+00
1.5600000000e+03 7.0214364654e-18 2.6397079401e-21 3.1231557230e+08 3.5259123469e+05 9.0195323455e-21 5.0913360051e-24 -1.1848591483e+03 2.2601763399e+02 -4.6638892997e+09 -1.0017438114e+07 1.9211802943e+06 3.6000000000e+03 0.0000000000e+00 -0.0000000000e+00
5.1600000000e+03 7.7526406390e-17 9.7517559139e-20 3.0802335666e+08 1.1662009346e+06 3.0247748114e-20 5.7259986532e-23 -1.1997738430e+03 2.2598098091e+02 -4.6638892996e+09 -1.0017438114e+07 1.9211802943e+06 3.6000000000e+03 0.0000000000e+00 -0.0000000000e+00
8.7600000000e+03 2.2552895111e-16 4.8727061662e-19 3.0367669214e+08 1.9796034586e+06 5.2079156432e-20 1.6974464506e-22 -1.2151123336e+03 2.2590195051e+02 -4.6638892995e+09 -1.0017438114e+07 1.9211802943e+06 3.6000000000e+03 0.0000000000e+00 -0.0000000000e+00
1.2360000000e+04 4.5326061071e-16 1.3983509272e-18 2.9927401089e+08 2.7926397043e+06 7.4547558006e-20 3.4780825219e-22 -1.2308983682e+03 2.2577684511e+02 -4.6638892994e+09 -1.0017438114e+07 1.9211802943e+06 3.6000000000e+03 0.0000000000e+00 -0.0000000000e+00
1.5960000000e+04 7.6307954268e-16 3.0771506730e-18 2.9481365608e+08 3.6051365593e+06 9.7689543230e-20 5.9727725483e-22 -1.2471576548e+03 2.2560157113e+02 -4.6638892992e+09 -1.0017438114e+07 1.9211802944e+06 3.6000000000e+03 0.0000000000e+00 -0.0000000000e+00
1.9560000000e+04 1.1574811073e-15 5.7921617178e-18 2.9029387451e+08 4.4169053844e+06 1.2154480022e-19 9.2461616885e-22 -1.2639180777e+03 2.2537158666e+02 -4.6638892991e+09 -1.0017438114e+07 1.9211802944e+06 3.6000000000e+03 0.0000000000e+00 -0.0000000000e+00
2.3160000000e+04 1.6391096376e-15 9.8364245044e-18 2.8571280830e+08 5.2277402929e+06 1.4615646590e-19 1.3370141113e-21 -1.2812099445e+03 2.2508184072e+02 -4.6638892989e+09 -1.0017438114e+07 1.9211802943e+06 3.6000000000e+03 0.0000000000e+00 -0.0000000000e+00
2.6760000000e+04 2.2107715608e-15 1.5530313370e-17 2.8106848568e+08 6.0374161936e+06 1.7157152735e-19 1.8424855874e-21 -1.2990662676e+03 2.2472670240e+02 -4.6638892987e+09 -1.0017438114e+07 1.9211802944e+06 3.6000000000e+03 0.0000000000e+00 -0.0000000000e+00
3.0360000000e+04 2.8754500694e-15 2.3224714464e-17 2.7635881071e+08 6.8456865578e+06 1.9784128248e-19 2.4499883292e-21 -1.3175230885e+03 2.2429987812e+02 -4.6638892984e+09 -1.0017438114e+07 1.9211802944e+06 3.6000000000e+03 0.0000000000e+00 -0.0000000000e+00
3.3960000000e+04 3.6363215714e-15 3.3304663615e-17 2.7158155168e+08 7.6522808641e+06 2.2502187034e-19 3.1695616233e-21 -1.3366198498e+03 2.2379431439e+02 -4.6638892981e+09 -1.0017438114e+07 1.9211802943e+06 3.6000000000e+03 0.0000000000e+00 -0.0000000000e+00
3.7560000000e+04 4.4967741958e-15 4.6193525304e-17 2.6673432811e+08 8.4569016615e+06 2.5317488439e-19 4.0124893799e-21 -1.3563998262e+03 2.2320208327e+02 -4.6638892977e+09 -1.0017438114e+07 1.9211802944e+06 3.6000000000e+03 0.0000000000e+00 -0.0000000000e+00
4.1160000000e+04 5.4604286766e-15 6.2357810963e-17 2.6181459614e+08 9.2592211845e+06 2.8236808419e-19 4.9914932299e-21 -1.3769106250e+03 2.2251424668e+02 -4.6638892973e+09 -1.0017438114e+07 1.9211802944e+06 3.6000000000e+03 0.0000000000e+00 -0.0000000000e+00
4.4760000000e+04 6.5311620065e-15 8.2312756166e-17 2.5681963183e+08 1.0058877435e+07 3.1267622521e-19 6.1209622626e-21 -1.3982047683e+03 2.2172069503e+02 -4.6638892968e+09 -1.0017438114e+07 1.9211802943e+06 3.6000000000e+03 0.0000000000e+00 -0.0000000000e+00
4.8360000000e+04 7.7131343238e-15 1.0662880301e-16 2.5174651231e+08 1.0855469626e+07 3.4418203053e-19 7.4172277337e-21 -1.4203403765e+03 2.2080995416e+02 -4.6638892962e+09 -1.0017438114e+07 1.9211802944e+06 3.6000000000e+03 0.0000000000e+00 -0.0000000000e+00
5.1960000000e+04 9.0108195982e-15 1.3593916785e-16 2.4659209423e+08 1.1648552869e+07 3.7697733446e-19 8.8988932967e-21 -1.4433819712e+03 2.1976895336e+02 -4.6638892955e+09 -1.0017438114e+07 1.9211802944e+06 3.6000000000e+03 0.0000000000e+00 -0.0000000000e+00
5.5560000000e+04 1.0429040796e-14 1.7094871746e-16 2.4135298903e+08 1.2437631931e+07 4.1116443510e-19 1.0587234238e-20 -1.4674014259e+03 2.1858274488e+02 -4.6638892946e+09 -1.0017438114e+07 1.9211802943e+06 3.6000000000e+03 0.0000000000e+00 -0.0000000000e+00
5.9160000000e+04 1.1973010362e-14 2.1244443204e-16 2.3602553451e+08 1.3222153890e+07 4.4685770330e-19 1.2506683054e-20 -1.4924790962e+03 2.1723416272e+02 -4.6638892936e+09 -1.0017438114e+07 1.9211802943e+06 3.6000000000e+03 0.0000000000e+00 -0.0000000000e+00
6.2760000000e+04 1.3648377038e-14 2.6130780448e-16 2.3060576192e+08 1.4001499419e+07 4.8418550727e-19 1.4685423870e-20 -1.5187051721e+03 2.1570340506e+02 -4.6638892923e+09 -1.0017438114e+07 1.9211802943e+06 3.6000000000e+03 0.0000000000e+00 -0.0000000000e+00
6.6360000000e+04 1.5461280298e-14 3.1852961832e-16 2.2508935775e+08 1.4774972406e+07 5.2329252983e-19 1.7156125126e-20 -1.5461813061e+03 2.1396751942e+02 -4.6638892907e+09 -1.0017438114e+07 1.9211802943e+06 3.6000000000e+03 0.0000000000e+00 -0.0000000000e+00
6.9960000000e+04 1.7418413964e-14 3.8522766894e-16 2.1947161899e+08 1.5541787500e+07 5.6434257665e-19 1.9956849414e-20 -1.5750225860e+03 2.1199976349e+02 -4.6638892886e+09 -1.0017438114e+07 1.9211802943e+06 3.6000000000e+03 0.0000000000e+00 -0.0000000000e+00
7.3560000000e+04 1.9527101018e-14 4.6266815437e-16 2.1374740060e+08 1.6301055086e+07 6.0752200462e-19 2.3132192341e-20 -1.6053599441e+03 2.0976880490e+02 -4.6638892861e+09 -1.0017438114e+07 1.9211802943e+06 3.6000000000e+03 0.0000000000e+00 -0.0000000000e+00
7.7160000000e+04 2.1795382104e-14 5.5229167990e-16 2.0791105332e+08 1.7051763012e+07 6.5304393963e-19 2.6734720348e-20 -1.6373431201e+03 2.0723771111e+02 -4.6638892829e+09 -1.0017438114e+07 1.9211802943e+06 3.6000000000e+03 0.0000000000e+00 -0.0000000000e+00
8.0760000000e+04 2.4232120978e-14 6.5574511538e-16 2.0195634959e+08 1.7792754205e+07 7.0115350966e-19 3.0826802963e-20 -1.6711443380e+03 2.0436266201e+02 -4.6638892787e+09 -1.0017438114e+07 1.9211802943e+06 3.6000000000e+03 0.0000000000e+00 -0.0000000000e+00
8.4360000000e+04 2.6847131051e-14 7.7492094952e-16 1.9587639460e+08 1.8522699026e+07 7.5213439682e-19 3.5482971341e-20 -1.7069629096e+03 2.0109129288e+02 -4.6638892733e+09 -1.0017438114e+07 1.9211802943e+06 3.6000000000e+03 0.0000000000e+00 -0.0000000000e+00
8.7960000000e+04 2.9651328509e-14 9.1200634949e-16 1.8966351879e+08 1.9240060797e+07 8.0631712289e-19 4.0792987859e-20 -1.7450310555e+03 1.9736053775e+02 -4.6638892661e+09 -1.0017438114e+07 1.9211802943e+06 3.6000000000e+03 0.0000000000e+00 -0.0000000000e+00
9.1560000000e+04 3.2656919199e-14 1.0695449300e-15 1.8330914646e+08 1.9943052403e+07 8.6408964119e-19 4.6865889474e-20 -1.7856213471e+03 1.9309378852e+02 -4.6638892566e+09 -1.0017438114e+07 1.9211802943e+06 3.6000000000e+03 0.0000000000e+00 -0.0000000000e+00
9.5160000000e+04 3.5877628967e-14 1.2505153782e-15 1.7680363399e+08 2.0629581055e+07 9.2591103881e-19 5.3835384555e-20 -1.8290563338e+03 1.8819710327e+02 -4.6638892436e+09 -1.0017438114e+07 1.9211802943e+06 3.6000000000e+03 0.0000000000e+00 -0.0000000000e+00
9.8760000000e+04 3.9328990573e-14 1.4584327468e-15 1.7013606826e+08 2.1297177118e+07 9.9232949681e-19 6.1867162043e-20 -1.8757211610e+03 1.8255407090e+02 -4.6638892257e+09 -1.0017438114e+07 1.9211802943e+06 3.6000000000e+03 0.0000000000e+00 -0.0000000000e+00
1.0236000000e+05 4.3028705330e-14 1.6974807046e-15 1.6329401253e+08 2.1942901195e+07 1.0640061759e-18 7.1168951897e-20 -1.9260803525e+03 1.7601874278e+02 -4.6638892005e+09 -1.0017438114e+07 1.9211802943e+06 3.6000000000e+03 0.0000000000e+00 -0.0000000000e+00
1.0596000000e+05 4.6997104947e-14 1.9726867992e-15 1.5626318197e+08 2.2563220991e+07 1.1417475012e-18 8.2004624483e-20 -1.9807004930e+03 1.6840572670e+02 -4.6638891641e+09 -1.0017438114e+07 1.9211802943e+06 3.6000000000e+03 0.0000000000e+00 -0.0000000000e+00
1.0956000000e+05 5.1257750087e-14 2.2901586340e-15 1.4902702315e+08 2.3153845375e+07 1.2265495971e-18 9.4714354705e-20 -2.0402814480e+03 1.5947601977e+02 -4.6638891105e+09 -1.0017438114e+07 1.9211802943e+06 3.6000000000e+03 0.0000000000e+00 -0.0000000000e+00
1.1316000000e+05 5.5838219095e-14 2.6574082080e-15 1.4156615984e+08 2.3709496505e+07 1.3196607117e-18 1.0974412784e-19 -2.1057002216e+03 1.4891627799e+02 -4.6638890291e+09 -1.0017438114e+07 1.9211802943e+06 3.3295257276e+03 0.0000000000e+00 -0.0000000000e+00
1.1615378133e+05 5.9914226847e-14 3.0073916018e-15 1.3517416720e+08 2.4140260371e+07 1.4045503956e-18 1.2443241878e-19 -2.1653427148e+03 1.3859645758e+02 -4.6638889803e+09 -1.0017438114e+07 1.9211802943e+06 3.0131573432e+03 0.0000000000e+00 -0.0000000000e+00
1.1916693867e+05 6.4285040349e-14 3.4076564043e-15 1.2855221244e+08 2.4540076501e+07 1.4980642912e-18 1.4170764394e-19 -2.2310444777e+03 1.2645908762e+02 -4.6638889049e+09 -1.0017438114e+07 1.9211802943e+06 2.7211018968e+03 0.0000000000e+00 -0.0000000000e+00
1.2161234208e+05 6.8048345112e-14 3.7736281796e-15 1.2302619675e+08 2.4835662079e+07 1.5809233098e-18 1.5797938903e-19 -2.2892602494e+03 1.1502675095e+02 -4.6638888658e+09 -1.0017438114e+07 1.9211802943e+06 2.4619877907e+03 0.0000000000e+00 -0.0000000000e+00
1.2407432987e+05 7.2050693689e-14 4.1852452163e-15 1.1731268663e+08 2.5102926253e+07 1.6717210780e-18 1.7685812488e-19 -2.3530536931e+03 1.0176277324e+02 -4.6638888067e+09 -1.0017438114e+07 1.9211802943e+06 2.2221810837e+03 0.0000000000e+00 -0.0000000000e+00
1.2606812940e+05 7.5462325222e-14 4.5549526845e-15 1.1256597758e+08 2.5293815120e+07 1.7515294559e-18 1.9436302182e-19 -2.4091261205e+03 8.9464038596e+01 -4.6638887771e+09 -1.0017438114e+07 1.9211802943e+06 2.0086870629e+03 0.0000000000e+00 -0.0000000000e+00
1.2787461413e+05 7.8695939279e-14 4.9219260763e-15 1.0816509615e+08 2.5444287799e+07 1.8294234874e-18 2.1227575465e-19 -2.4638535506e+03 7.6878763247e+01 -4.6638887520e+09 -1.0017438113e+07 1.9211802943e+06 1.8204683161e+03 0.0000000000e+00 -0.0000000000e+00
1.2950568291e+05 8.1740731019e-14 5.2826897871e-15 1.0410361064e+08 2.5559475601e+07 1.9049444673e-18 2.3042885489e-19 -2.5169137026e+03 6.4124608581e+01 -4.6638887313e+09 -1.0017438114e+07 1.9211802943e+06 1.6452591040e+03 0.0000000000e+00 -0.0000000000e+00
1.3097069817e+05 8.4584088085e-14 5.6333552613e-15 1.0037934851e+08 2.5644226688e+07 1.9775274737e-18 2.4861021031e-19 -2.5679096690e+03 5.1350602165e+01 -4.6638887150e+09 -1.0017438113e+07 1.9211802943e+06 1.4800888824e+03 0.0000000000e+00 -0.0000000000e+00
1.3227487619e+05 8.7207581021e-14 5.9690816724e-15 9.6999110575e+07 2.5703121157e+07 2.0463919442e-18 2.6653030110e-19 -2.6162930358e+03 3.8760157194e+01 -4.6638887030e+09 -1.0017438113e+07 1.9211802943e+06 1.3213617684e+03 0.0000000000e+00 -0.0000000000e+00
1.3341691966e+05 8.9580833354e-14 6.2831655427e-15 9.3985767913e+07 2.5740575571e+07 2.1103601458e-18 2.8376494995e-19 -2.6612363417e+03 2.6651295680e+01 -4.6638886949e+09 -1.0017438114e+07 1.9211802943e+06 1.1641014173e+03 0.0000000000e+00 -0.0000000000e+00
1.3438171187e+05 9.1644153813e-14 6.5644780950e-15 9.1399074255e+07 2.5760992187e+07 2.1673441569e-18 2.9959855467e-19 -2.7012726374e+03 1.5526791280e+01 -4.6638886905e+09 -1.0017438114e+07 1.9211802944e+06 1.0004089069e+03 0.0000000000e+00 -0.0000000000e+00
1.3510079247e+05 9.3218503955e-14 6.7844152248e-15 8.9445501964e+07 2.5768994415e+07 2.2117252379e-18 3.1224591561e-19 -2.7324542629e+03 6.6409042708e+00 -4.6638886893e+09 -1.0017438114e+07 1.9211802943e+06 8.2349999294e+02 0.0000000000e+00 -0.0000000000e+00
1.3583542813e+05 9.4860521679e-14 7.0187971409e-15 8.7426055255e+07 2.5770363678e+07 2.2588828925e-18 3.2598904077e-19 -2.7655866762e+03 -3.0148537780e+00 -4.6638886876e+09 -1.0017438113e+07 1.9211802943e+06 6.9849059772e+02 0.0000000000e+00 -0.0000000000e+00
1.3653391872e+05 9.6454519571e-14 7.2513051847e-15 8.5482944461e+07 2.5764879953e+07 2.3055455812e-18 3.3989837788e-19 -2.7983713323e+03 -1.2787390393e+01 -4.6638886861e+09 -1.0017438113e+07 1.9211802944e+06 8.6191988601e+02 0.0000000000e+00 -0.0000000000e+00
1.3739583861e+05 9.8467452837e-14 7.5521012952e-15 8.3052889569e+07 2.5748356321e+07 2.3657737294e-18 3.5831063385e-19 -2.8406869206e+03 -2.5723624823e+01 -4.6638886809e+09 -1.0017438113e+07 1.9211802944e+06 9.4430909593e+02 0.0000000000e+00 -0.0000000000e+00
1.3834014771e+05 1.0073404287e-13 7.9006625646e-15 8.0347520911e+07 2.5716895159e+07 2.4354204837e-18 3.8025214535e-19 -2.8896199108e+03 -4.1139472668e+01 -4.6638886703e+09 -1.0017438113e+07 1.9211802944e+06 9.8455382106e+02 0.0000000000e+00 -0.0000000000e+00
1.3932470153e+05 1.0316941296e-13 8.2872050703e-15 7.7476140071e+07 2.5667844989e+07 2.5125423419e-18 4.0536889281e-19 -2.9438048211e+03 -5.8786203942e+01 -4.6638886533e+09 -1.0017438113e+07 1.9211802944e+06 9.9935534001e+02 0.0000000000e+00 -0.0000000000e+00
1.4032405687e+05 1.0572160895e-13 8.7061541963e-15 7.4505234803e+07 2.5599371766e+07 2.5960755723e-18 4.3355587436e-19 -3.0024942860e+03 -7.8590045567e+01 -4.6638886289e+09 -1.0017438113e+07 1.9211802944e+06 9.9722039777e+02 0.0000000000e+00 -0.0000000000e+00
1.4132127726e+05 1.0835446442e-13 9.1538148006e-15 7.1480175218e+07 2.5510243654e+07 2.6853611897e-18 4.6482591220e-19 -3.0652253104e+03 -1.0056000627e+02 -4.6638885961e+09 -1.0017438113e+07 1.9211802944e+06 9.8325729414e+02 0.0000000000e+00 -0.0000000000e+00
1.4230453456e+05 1.1104080375e-13 9.6274694316e-15 6.8433994329e+07 2.5399696488e+07 2.7799586327e-18 4.9925980676e-19 -3.1316883609e+03 -1.2475285549e+02 -4.6638885540e+09 -1.0017438113e+07 1.9211802944e+06 9.6086479947e+02 0.0000000000e+00 -0.0000000000e+00
1.4326539936e+05 1.1375921449e-13 1.0124964015e-14 6.5391670493e+07 2.5267338472e+07 2.8795582086e-18 5.3698402326e-19 -3.2016658512e+03 -1.5125744618e+02 -4.6638885017e+09 -1.0017438113e+07 1.9211802944e+06 9.3245523603e+02 0.0000000000e+00 -0.0000000000e+00
1.4419785459e+05 1.1649230466e-13 1.0644493853e-14 6.2372514360e+07 2.5113077582e+07 2.9839342432e-18 5.7815961341e-19 -3.2749992252e+03 -1.8018693141e+02 -4.6638884384e+09 -1.0017438113e+07 1.9211802944e+06 8.9981344465e+02 0.0000000000e+00 -0.0000000000e+00
1.4509766804e+05 1.1922566944e-13 1.1184484140e-14 5.9391634367e+07 2.4937063683e+07 3.0929175019e-18 6.2297643138e-19 -3.3515695806e+03 -2.1167470045e+02 -4.6638883631e+09 -1.0017438113e+07 1.9211802944e+06 8.6429583625e+02 0.0000000000e+00 -0.0000000000e+00
1.4596196387e+05 1.2194723220e-13 1.1743519720e-14 5.6460904616e+07 2.4739641053e+07 3.2063776904e-18 6.7165013390e-19 -3.4312853742e+03 -2.4587227121e+02 -4.6638882749e+09 -1.0017438113e+07 1.9211802944e+06 8.2695066157e+02 0.0000000000e+00 -0.0000000000e+00
1.4678891454e+05 1.2464679848e-13 1.2320302432e-14 5.3589641458e+07 2.4521308696e+07 3.3242116257e-18 7.2442078288e-19 -3.5140741108e+03 -2.8294830835e+02 -4.6638881728e+09 -1.0017438113e+07 1.9211802944e+06 7.8859585444e+02 0.0000000000e+00 -0.0000000000e+00
1.4757751039e+05 1.2731573820e-13 1.2913624795e-14 5.0785098138e+07 2.4282686773e+07 3.4463347711e-18 7.8155244882e-19 -3.5998763961e+03 -3.2308834471e+02 -4.6638880559e+09 -1.0017438113e+07 1.9211802944e+06 7.4987228160e+02 0.0000000000e+00 -0.0000000000e+00
1.4832738267e+05 1.2994674928e-13 1.3522353771e-14 4.8052839632e+07 2.4024487998e+07 3.5726748396e-18 8.4333349053e-19 -3.6886414418e+03 -3.6649497778e+02 -4.6638879230e+09 -1.0017438113e+07 1.9211802944e+06 7.1128185521e+02 0.0000000000e+00 -0.0000000000e+00
1.4903866453e+05 1.3253367456e-13 1.4145420945e-14 4.5397034952e+07 2.3747493118e+07 3.7031666966e-18 9.1007733039e-19 -3.7803234854e+03 -4.1338841444e+02 -4.6638877733e+09 -1.0017438113e+07 1.9211802944e+06 6.7321581465e+02 0.0000000000e+00 -0.0000000000e+00
1.4971188034e+05 1.3507135557e-13 1.4781816902e-14 4.2820690395e+07 2.3452529859e+07 3.8377480753e-18 9.8212362337e-19 -3.8748787787e+03 -4.6400729228e+02 -4.6638876055e+09 -1.0017438113e+07 1.9211802944e+06 6.3597633730e+02 0.0000000000e+00 -0.0000000000e+00
1.5034785668e+05 1.3755551200e-13 1.5430588391e-14 4.0325839123e+07 2.3140454786e+07 3.9763557817e-18 1.0598397649e-18 -3.9722629226e+03 -5.1860973900e+02 -4.6638874185e+09 -1.0017438113e+07 1.9211802944e+06 5.9979343216e+02 0.0000000000e+00 -0.0000000000e+00
1.5094765011e+05 1.3998264028e-13 1.6090837374e-14 3.7913697512e+07 2.2812137656e+07 4.1189221634e-18 1.1436227115e-18 -4.0724283851e+03 -5.7747465159e+02 -4.6638872112e+09 -1.0017438113e+07 1.9211802944e+06 5.6483839591e+02 0.0000000000e+00 -0.0000000000e+00
1.5151248851e+05 1.4234992637e-13 1.6761721383e-14 3.5584795608e+07 2.2468447902e+07 4.2653716693e-18 1.2339011095e-18 -4.1753220850e+03 -6.4090319193e+02 -4.6638869824e+09 -1.0017438113e+07 1.9211802944e+06 5.3123467455e+02 0.0000000000e+00 -0.0000000000e+00
1.5204372318e+05 1.4465516970e-13 1.7442454807e-14 3.3339086945e+07 2.2110242912e+07 4.4156173640e-18 1.3311377407e-18 -4.2808829425e+03 -7.0922050510e+02 -4.6638867309e+09 -1.0017438113e+07 1.9211802944e+06 4.9906673405e+02 0.0000000000e+00 -0.0000000000e+00
1.5254278992e+05 1.4689671607e-13 1.8132310865e-14 3.1176041648e+07 2.1738357829e+07 4.5695572744e-18 1.4358323084e-18 -4.3890393125e+03 -7.8277767661e+02 -4.6638864553e+09 -1.0017438113e+07 1.9211802944e+06 4.6838736108e+02 0.0000000000e+00 -0.0000000000e+00
1.5301117728e+05 1.4907339787e-13 1.8830624141e-14 2.9094725748e+07 2.1353596615e+07 4.7270704551e-18 1.5485245967e-18 -4.4997062201e+03 -8.6195395262e+02 -4.6638861545e+09 -1.0017438113e+07 1.9211802943e+06 4.3922370926e+02 0.0000000000e+00 -0.0000000000e+00
1.5345040099e+05 1.5118448060e-13 1.9536793609e-14 2.7093869001e+07 2.0956724130e+07 4.8880126540e-18 1.6697980528e-18 -4.6127823156e+03 -9.4715925614e+02 -4.6638858271e+09 -1.0017438113e+07 1.9211802943e+06 4.1158233296e+02 0.0000000000e+00 -0.0000000000e+00
1.5386198332e+05 1.5322961466e-13 2.0250286155e-14 2.5171922981e+07 2.0548458998e+07 5.0522114532e-18 1.8002838507e-18 -4.7281464602e+03 -1.0388370426e+03 -4.6638854718e+09 -1.0017438113e+07 1.9211802943e+06 3.8545338788e+02 0.0000000000e+00 -0.0000000000e+00
1.5424743671e+05 1.5520879205e-13 2.0970640652e-14 2.3327110881e+07 2.0129467045e+07 5.2194607385e-18 1.9406655160e-18 -4.8456538404e+03 -1.1374675491e+03 -4.6638850875e+09 -1.0017438113e+07 1.9211802943e+06 3.6081414961e+02 0.0000000000e+00 -0.0000000000e+00
1.5460825086e+05 1.5712230725e-13 2.1697472681e-14 2.1557470154e+07 1.9700355063e+07 5.3895143268e-18 2.0916842110e-18 -4.9651314910e+03 -1.2435715075e+03 -4.6638846727e+09 -1.0017438113e+07 1.9211802943e+06 3.3763196405e+02 0.0000000000e+00 -0.0000000000e+00
1.5494588282e+05 1.5897072203e-13 2.2430480065e-14 1.9860888932e+07 1.9261664685e+07 5.5620785436e-18 2.2541448036e-18 -5.0863730795e+03 -1.3577144086e+03 -4.6638842263e+09 -1.0017438113e+07 1.9211802944e+06 3.1586673082e+02 0.0000000000e+00 -0.0000000000e+00
1.5526174955e+05 1.6075483393e-13 2.3169449434e-14 1.8235136969e+07 1.8813866081e+07 5.7368034907e-18 2.4289228822e-18 -5.2091327718e+03 -1.4805114304e+03 -4.6638837474e+09 -1.0017438113e+07 1.9211802943e+06 2.9547299549e+02 0.0000000000e+00 -0.0000000000e+00
1.5555722255e+05 1.6247564808e-13 2.3914264124e-14 1.6677891731e+07 1.8357351206e+07 5.9132726742e-18 2.6169729190e-18 -5.3331179440e+03 -1.6126331739e+03 -4.6638832348e+09 -1.0017438113e+07 1.9211802944e+06 2.7640172546e+02 0.0000000000e+00 -0.0000000000e+00
1.5583362427e+05 1.6413435230e-13 2.4664913801e-14 1.5186760110e+07 1.7892426227e+07 6.0909905697e-18 2.8193378483e-18 -5.4579804465e+03 -1.7548123925e+03 -4.6638826879e+09 -1.0017438113e+07 1.9211802943e+06 2.5860182711e+02 0.0000000000e+00 -0.0000000000e+00
1.5609222610e+05 1.6573229536e-13 2.5421506352e-14 1.3759296136e+07 1.7419302700e+07 6.2693675673e-18 3.0371604073e-18 -5.5833060265e+03 -1.9078519598e+03 -4.6638821061e+09 -1.0017438113e+07 1.9211802943e+06 2.4202146107e+02 0.0000000000e+00 -0.0000000000e+00
1.5633424756e+05 1.6727096834e-13 2.6184282756e-14 1.2393014955e+07 1.6938086956e+07 6.4477015566e-18 3.2716966970e-18 -5.7086013894e+03 -2.0726343977e+03 -4.6638814895e+09 -1.0017438113e+07 1.9211802943e+06 2.2660920904e+02 0.0000000000e+00 -0.0000000000e+00
1.5656085677e+05 1.6875198911e-13 2.6953635925e-14 1.1085403214e+07 1.6448766959e+07 6.6251551498e-18 3.5243325828e-18 -5.8332781963e+03 -2.2501333988e+03 -4.6638808383e+09 -1.0017438113e+07 1.9211802943e+06 2.1231514583e+02 0.0000000000e+00 -0.0000000000e+00
1.5677317192e+05 1.7017709019e-13 2.7730134864e-14 9.8339258675e+06 1.5951195666e+07 6.8007271637e-18 3.7966037698e-18 -5.9566330277e+03 -2.4414279316e+03 -4.6638801537e+09 -1.0017438113e+07 1.9211802943e+06 1.9909187621e+02 0.0000000000e+00 -0.0000000000e+00
1.5697226379e+05 1.7154811004e-13 2.8514556060e-14 8.6360292682e+06 1.5445069549e+07 6.9732164280e-18 4.0902207106e-18 -6.0778219555e+03 -2.6477197399e+03 -4.6638794376e+09 -1.0017438113e+07 1.9211802943e+06 1.8689560711e+02 0.0000000000e+00 -0.0000000000e+00
1.5715915940e+05 1.7286698845e-13 2.9307924814e-14 7.4891402006e+06 1.4929900368e+07 7.1411751546e-18 4.4070999622e-18 -6.1958277808e+03 -2.8703553741e+03 -4.6638786932e+09 -1.0017438113e+07 1.9211802944e+06 1.7568734582e+02 0.0000000000e+00 -0.0000000000e+00
1.5733484674e+05 1.7413576651e-13 3.0111570485e-14 6.3906602386e+06 1.4404977441e+07 7.3028478249e-18 4.7494042880e-18 -6.3094170969e+03 -3.1108543663e+03 -4.6638779254e+09 -1.0017438113e+07 1.9211802944e+06 1.6543434790e+02 0.0000000000e+00 -0.0000000000e+00
1.5750028109e+05 1.7535659216e-13 3.0927201486e-14 5.3379544625e+06 1.3869316366e+07 7.4560895404e-18 5.1195948150e-18 -6.4170829234e+03 -3.3709458754e+03 -4.6638771412e+09 -1.0017438113e+07 1.9211802943e+06 1.5611199211e+02 0.0000000000e+00 -0.0000000000e+00
1.5765639308e+05 1.7653173274e-13 3.1757008892e-14 4.3283330797e+06 1.3321588067e+07 7.5982545258e-18 5.5205000620e-18 -6.5169663696e+03 -3.6526171854e+03 -4.6638763506e+09 -1.0017438113e+07 1.9211802943e+06 1.4770634350e+02 0.0000000000e+00 -0.0000000000e+00
1.5780409943e+05 1.7766359625e-13 3.2603812220e-14 3.3590238939e+06 1.2760018778e+07 7.7260400557e-18 5.9554088959e-18 -6.6067469796e+03 -3.9581790155e+03 -4.6638755678e+09 -1.0017438113e+07 1.9211802944e+06 1.4021778423e+02 0.0000000000e+00 -0.0000000000e+00
1.5794431721e+05 1.7875476330e-13 3.3471268527e-14 2.4271330048e+06 1.2182246375e+07 7.8352617812e-18 6.4281976486e-18 -6.6834848789e+03 -4.2903548310e+03 -4.6638748123e+09 -1.0017438113e+07 1.9211802943e+06 1.3116406576e+02 0.0000000000e+00 -0.0000000000e+00
1.5805407319e+05 1.7961880790e-13 3.4199324687e-14 1.6907155833e+06 1.1695529861e+07 7.9070645003e-18 6.8462062041e-18 -6.7339326247e+03 -4.5840427243e+03 -4.6638745496e+09 -1.0017438113e+07 1.9211802944e+06 1.1241663888e+02 0.0000000000e+00 -0.0000000000e+00
1.5814713553e+05 1.8035695589e-13 3.4854417084e-14 1.0624254628e+06 1.1256303714e+07 7.9539073672e-18 7.2385290637e-18 -6.7668438718e+03 -4.8596841499e+03 -4.6638744231e+09 -1.0017438113e+07 1.9211802944e+06 9.6058518746e+01 5.8639947429e-292 -4.1525341702e-284
1.5822217680e+05 1.8095484765e-13 3.5410369664e-14 5.5391594426e+05 1.0882658890e+07 7.9789287287e-18 7.5831389559e-18 -6.7844235861e+03 -5.1018030059e+03 -4.6638743780e+09 -1.0017438113e+07 1.9211802944e+06 8.0094311825e+01 2.2891289928e-267 -1.6516828875e-259
1.5825659322e+05 1.8122957944e-13 3.5674213718e-14 3.2033210521e+05 1.0705064003e+07 7.9856831282e-18 7.7502991414e-18 -6.7891691477e+03 -5.2192477856e+03 -4.6638743771e+09 -1.0017438113e+07 1.9211802944e+06 6.9467718873e+01 3.8090858914e-256 -2.7726209390e-248
1.5829676723e+05 1.8155048321e-13 3.5989619270e-14 4.7522944243e+04 1.0492543950e+07 7.9891756186e-18 7.9530734159e-18 -6.7916229303e+03 -5.3617146053e+03 -4.6638743750e+09 -1.0017438114e+07 1.9211802944e+06 4.6457407919e+01 4.1895750720e-243 -3.0814475803e-235
1.5834322463e+05 1.8192160761e-13 3.6364748686e-14 -2.6797577950e+05 1.0239482795e+07 7.9865229954e-18 8.1982720266e-18 -6.7897592285e+03 -5.5339882645e+03 -4.6638743710e+09 -1.0017438114e+07 1.9211802944e+06 6.4160189268e+01 4.0985816949e-228 -3.0515704053e-220
1.5840738482e+05 1.8243355726e-13 3.6902124590e-14 -7.0327978053e+05 9.8764303712e+06 7.9690792432e-18 8.5567194105e-18 -6.7775034534e+03 -5.7858291794e+03 -4.6638743534e+09 -1.0017438114e+07 1.9211802944e+06 7.5705626926e+01 1.3204369180e-207 -1.0001731698e-199
1.5848309045e+05 1.8303532991e-13 3.7566886891e-14 -1.2152989227e+06 9.4264872760e+06 7.9236777998e-18 9.0108090444e-18 -6.7456049334e+03 -6.1048672140e+03 -4.6638743221e+09 -1.0017438114e+07 1.9211802944e+06 8.1880717927e+01 9.0128552364e-184 -6.9698686321e-176
1.5856497117e+05 1.8368087377e-13 3.8326147256e-14 -1.7653486829e+06 8.9115466553e+06 7.8369667916e-18 9.5417359713e-18 -6.6846827992e+03 -6.4778902266e+03 -4.6638742866e+09 -1.0017438114e+07 1.9211802944e+06 8.5870162014e+01 1.4522201903e-158 -1.1490284519e-150
1.5865084133e+05 1.8434809415e-13 3.9171027389e-14 -2.3353297623e+06 8.3373522921e+06 7.6931587983e-18 1.0144146389e-17 -6.5836449949e+03 -6.9011366988e+03 -4.6638742272e+09 -1.0017438114e+07 1.9211802943e+06 8.9565474929e+01 5.9122596811e-133 -4.7931573828e-125
1.5874040681e+05 1.8502778044e-13 4.0109558226e-14 -2.9184242454e+06 7.6981952646e+06 7.4704445866e-18 1.0821340965e-17 -6.4271686100e+03 -7.3769256412e+03 -4.6638740176e+09 -1.0017438114e+07 1.9211802943e+06 9.5278159685e+01 2.0856117881e-107 -1.7344860897e-99
1.5883568497e+05 1.8572432519e-13 4.1176894458e-14 -3.5200958075e+06 6.9698322697e+06 7.1313531318e-18 1.1590929696e-17 -6.1889269431e+03 -7.9176296292e+03 -4.6638731299e+09 -1.0017438114e+07 1.9211802943e+06 1.0588682936e+02 6.5133192736e-82 -5.5637048369e-74
1.5894157179e+05 1.8645295128e-13 4.2451489684e-14 -4.1568099038e+06 6.0982493283e+06 6.6014907776e-18 1.2489097712e-17 -5.8166518868e+03 -8.5486719107e+03 -4.6638690135e+09 -1.0017438114e+07 1.9211802944e+06 9.5576142139e+01 3.3385816794e-56 -2.9342469241e-48
1.5902563693e+05 1.8698542136e-13 4.3531831743e-14 -4.6299897442e+06 5.3582142124e+06 6.0450912697e-18 1.3212773182e-17 -5.4257321384e+03 -9.0571177822e+03 -4.6638661353e+09 -1.0017438113e+07 1.9211802944e+06 8.4105892603e+01 2.9299476867e-38 -2.6294062962e-30
1.5910974283e+05 1.8746577599e-13 4.4673021895e-14 -5.0666019137e+06 4.5754371532e+06 5.3545425477e-18 1.3918601602e-17 -4.9405607304e+03 -9.5530245259e+03 -4.6638614688e+09 -1.0017438114e+07 1.9211802944e+06 7.7104192198e+01 5.8066699861e-23 -5.3082986046e-15
1.5918684702e+05 1.8785028600e-13 4.5769809866e-14 -5.4276231135e+06 3.8222740111e+06 4.6000468206e-18 1.4521318382e-17 -4.4104609090e+03 -9.9764862448e+03 -4.6638574283e+09 -1.0017438113e+07 1.9211802944e+06 7.2589756106e+01 1.1950931434e-11 -1.1080570512e-03
1.5923347404e+05 1.8805302044e-13 4.6454733994e-14 -5.6250129318e+06 3.3515930731e+06 4.0894127458e-18 1.4852562439e-17 -4.0516954096e+03 -1.0209214408e+04 -4.6638585374e+09 -1.0017438064e+07 1.9211804193e+06 6.3803607678e+01 3.3158318730e-06 -3.0957424444e+02
1.5924476835e+05 1.8809847841e-13 4.6622911616e-14 -5.6702617493e+06 3.2359862072e+06 3.9599401948e-18 1.4928070454e-17 -3.9607294502e+03 -1.0262265275e+04 -4.6638761183e+09 -1.0017437484e+07 1.9211819094e+06 3.7911118466e+01 4.6896871312e-05 -4.3848840369e+03
1.5925840445e+05 1.8815139483e-13 4.6827078875e-14 -5.7235106523e+06 3.0956227598e+06 3.8007695109e-18 1.5016518915e-17 -3.8488965489e+03 -1.0324404268e+04 -4.6642617310e+09 -1.0017425147e+07 1.9212146770e+06 2.3038619671e+01 9.3470513430e-04 -8.7541907354e+04
1.5927002945e+05 1.8819477826e-13 4.7002072125e-14 -5.7676915828e+06 2.9753022607e+06 3.6626888427e-18 1.5089466131e-17 -3.7518672345e+03 -1.0375613783e+04 -4.6684872591e+09 -1.0017293724e+07 1.9215745754e+06 1.4458235201e+01 1.0005091682e-02 -9.3829321515e+05
1.5927934758e+05 1.8822838592e-13 4.7142943434e-14 -5.8022850954e+06 2.8784350840e+06 3.5504777626e-18 1.5146237327e-17 -3.6729417756e+03 -1.0415255311e+04 -4.6929153514e+09 -1.0016551894e+07 1.9236591732e+06 1.0172210563e+01 5.9269740664e-02 -5.5638444922e+06
1.5928687748e+05 1.8825477615e-13 4.7257162110e-14 -5.8296990049e+06 2.7998931467e+06 3.4588364186e-18 1.5190972869e-17 -3.6082416311e+03 -1.0445784266e+04 -4.7825861515e+09 -1.0013882772e+07 1.9313237168e+06 7.8439028121e+00 2.3046725881e-01 -2.1649413048e+07
1.5929318167e+05 1.8827633776e-13 4.7353044867e-14 -5.8522727173e+06 2.7339659087e+06 3.3814673179e-18 1.5227623008e-17 -3.5530323857e+03 -1.0469046066e+04 -5.0296576595e+09 -1.0006652456e+07 1.9524730414e+06 6.4428953951e+00 6.7971110303e-01 -6.3873872941e+07
1.5929863956e+05 1.8829460957e-13 4.7436240733e-14 -5.8715311138e+06 2.6767804355e+06 3.3140215184e-18 1.5258750233e-17 -3.5037270760e+03 -1.0485211878e+04 -5.5951816756e+09 -9.9903436386e+06 2.0009554255e+06 5.5276375144e+00 1.6631095879e+00 -1.5628000625e+08
1.5930350428e+05 1.8831058440e-13 4.7510536754e-14 -5.8884643474e+06 2.6257506755e+06 3.2535517596e-18 1.5286015601e-17 -3.4574098208e+03 -1.0492810174e+04 -6.7390591803e+09 -9.9577723680e+06 2.0991986947e+06 4.9020476634e+00 3.5700263976e+00 -3.3524640862e+08
1.5930840633e+05 1.8832638344e-13 4.7585535929e-14 -5.9052899381e+06 2.5743208335e+06 3.1922879731e-18 1.5313027625e-17 -3.4063095827e+03 -1.0487139520e+04 -9.1719833961e+09 -9.8892876773e+06 2.3087150577e+06 4.4589282112e+00 7.4507910527e+00 -6.9832535308e+08
1.5931286525e+05 1.8834049285e-13 4.7653869635e-14 -5.9203621935e+06 2.5276098851e+06 3.1362809967e-18 1.5337190398e-17 -3.3526653061e+03 -1.0459784474e+04 -1.3529289801e+10 -9.7677849900e+06 2.6855330312e+06 4.2155417272e+00 1.4083922278e+01 -1.3149269594e+09
1.5931708080e+05 1.8835360195e-13 4.7718571716e-14 -5.9343702345e+06 2.4836287410e+06 3.0830908907e-18 1.5359674602e-17 -3.2909624569e+03 -1.0399139367e+04 -2.0993098371e+10 -9.5609620845e+06 3.3352920991e+06 4.3370409478e+00 2.4886861998e+01 -2.3073443837e+09
1.5932141784e+05 1.8836685434e-13 4.7785236757e-14 -5.9484742121e+06 2.4387635929e+06 3.0281308035e-18 1.5382440874e-17 -3.2091520851e+03 -1.0277641355e+04 -3.4269068593e+10 -9.1937955643e+06 4.5039853789e+06 4.6495895581e+00 4.2964732975e+01 -3.9321156269e+09
1.5932453261e+05 1.8837622461e-13 4.7833174679e-14 -5.9583563680e+06 2.4069593220e+06 2.9885157773e-18 1.5398562675e-17 -3.1333735135e+03 -1.0134614945e+04 -4.8952087763e+10 -8.7862586425e+06 5.8159892595e+06 3.2280989292e+00 6.1703413019e+01 -5.5636433257e+09
1.5932728448e+05 1.8838440034e-13 4.7875568936e-14 -5.9668688269e+06 2.3793039761e+06 2.9534193656e-18 1.5412648535e-17 -3.0505169385e+03 -9.9553924563e+03 -6.6629206727e+10 -8.2915735261e+06 7.4235011713e+06 2.7760085856e+00 8.2832298183e+01 -7.3310184139e+09
1.5933006049e+05 1.8839254982e-13 4.7918374132e-14 -5.9752000466e+06 2.3519893854e+06 2.9179259838e-18 1.5426710148e-17 -2.9484330562e+03 -9.7122826406e+03 -8.9743022844e+10 -7.6358270023e+06 9.5739105581e+06 2.5093412364e+00 1.0838268230e+02 -9.3506792278e+09
1.5933256983e+05 1.8839983156e-13 4.7957100827e-14 -5.9824637436e+06 2.3279590051e+06 2.8857679166e-18 1.5439295682e-17 -2.8378533061e+03 -9.4299908872e+03 -1.1559199295e+11 -6.8879471044e+06 1.2048551271e+07 2.3485916697e+00 1.3438253177e+02 -1.1248605055e+10
1.5933491842e+05 1.8840657364e-13 4.7993375157e-14 -5.9889905811e+06 2.3061795599e+06 2.8556086533e-18 1.5450969931e-17 -2.7174782798e+03 -9.1071712304e+03 -1.4401275987e+11 -6.0448705006e+06 1.4862236971e+07 2.2725207658e+00 1.5996064815e+02 -1.2922206638e+10
1.5933719094e+05 1.8841302986e-13 4.8028500553e-14 -5.9950189410e+06 2.2858905823e+06 2.8263723743e-18 1.5462172387e-17 -2.5854754765e+03 -8.7398582173e+03 -1.7498257404e+11 -5.0974457309e+06 1.8051298646e+07 2.2652431554e+00 1.8427805596e+02 -1.4276249965e+10
1.5933945618e+05 1.8841939923e-13 4.8063538697e-14 -6.0007131851e+06 2.2665560411e+06 2.7971795965e-18 1.5473250767e-17 -2.4398290680e+03 -8.3226964092e+03 -2.0847054318e+11 -4.0337905276e+06 2.1663334101e+07 2.3335890673e+00 2.0632341313e+02 -1.5210175437e+10
1.5934178977e+05 1.8842589156e-13 4.8099660137e-14 -6.0062194514e+06 2.2476815048e+06 2.7670566210e-18 1.5484575549e-17 -2.2774933978e+03 -7.8466824307e+03 -2.4455933245e+11 -2.8338317409e+06 2.5777084519e+07 2.5042792100e+00 2.2491111467e+02 -1.5619946966e+10
1.5934429405e+05 1.8843278051e-13 4.8138452957e-14 -6.0116940865e+06 2.2287135548e+06 2.7346781348e-18 1.5496635084e-17 -2.0934360358e+03 -7.2961989395e+03 -2.8352887213e+11 -1.4627084833e+06 3.0528213737e+07 2.8213780027e+00 2.3850070523e+02 -1.5388060646e+10
1.5934711543e+05 1.8844044454e-13 4.8182193862e-14 -6.0173004133e+06 2.2090387007e+06 2.6981400731e-18 1.5510113706e-17 -1.8803405045e+03 -6.6478277740e+03 -3.2567936753e+11 1.3039822848e+05 3.6119862975e+07 2.9939649146e+00 2.4475196400e+02 -1.4372675447e+10
1.5934957462e+05 1.8844704057e-13 4.8220350562e-14 -6.0216965407e+06 2.1933921690e+06 2.6662452577e-18 1.5521776333e-17 -1.6955162225e+03 -6.0779050027e+03 -3.5941479109e+11 1.5109287881e+06 4.1033855738e+07 2.4760222779e+00 2.4248736236e+02 -1.3005745083e+10
1.5935169488e+05 1.8845266452e-13 4.8253271346e-14 -6.0251262756e+06 2.1810188904e+06 2.6387140307e-18 1.5531772964e-17 -1.5406185264e+03 -5.5958660012e+03 -3.8554328989e+11 2.6631427171e+06 4.5190887128e+07 2.1339701199e+00 2.3553883097e+02 -1.1620211657e+10
1.5935382885e+05 1.8845826587e-13 4.8286426376e-14 -6.0282533652e+06 2.1695799850e+06 2.6109770834e-18 1.5541784028e-17 -1.3914450232e+03 -5.1284841391e+03 -4.0878249563e+11 3.7654724451e+06 4.9223419034e+07 1.9382298529e+00 2.2488298276e+02 -1.0157536716e+10
1.5935576708e+05 1.8846330211e-13 4.8316558705e-14 -6.0308248958e+06 2.1600344793e+06 2.5857621465e-18 1.5550836733e-17 -1.2632937589e+03 -4.7248942460e+03 -4.2719593130e+11 4.7041745882e+06 5.2707995879e+07 1.8149506997e+00 2.1292163214e+02 -8.8516487629e+09
1.5935758203e+05 1.8846797370e-13 4.8344790375e-14 -6.0330142026e+06 2.1517860505e+06 2.5621332741e-18 1.5559281856e-17 -1.1504224812e+03 -4.3681125799e+03 -4.4220072288e+11 5.5224688227e+06 5.5791074316e+07 1.7351088931e+00 2.0046334172e+02 -7.6968011297e+09
1.5935931714e+05 1.8847239967e-13 4.8371794408e-14 -6.0349216261e+06 2.1444878656e+06 2.5395289810e-18 1.5567328957e-17 -1.0493228408e+03 -4.0476992849e+03 -4.5465992497e+11 6.2468229277e+06 5.8562644609e+07 1.6823835073e+00 1.8794605347e+02 -6.6801206761e+09
1.5936099952e+05 1.8847665369e-13 4.8397991173e-14 -6.0366090693e+06 2.1379254201e+06 2.5175986118e-18 1.5575108659e-17 -9.5775018938e+02 -3.7569586621e+03 -4.6513472132e+11 6.8942223001e+06 6.1080400282e+07 1.6473775079e+00 1.7563494702e+02 -5.7881341398e+09
1.5936264690e+05 1.8848078343e-13 4.8423655517e-14 -6.0381171915e+06 2.1319576535e+06 2.4961129847e-18 1.5582706294e-17 -8.7418133923e+02 -3.4913404221e+03 -4.7401471110e+11 7.4762453613e+06 6.3383528401e+07 1.6244709540e+00 1.6370094525e+02 -5.0080217706e+09
1.5936427137e+05 1.8848482107e-13 4.8448975244e-14 -6.0394742484e+06 2.1264864827e+06 2.4749155939e-18 1.5590180164e-17 -7.9751947728e+02 -3.2475611273e+03 -4.8158586905e+11 8.0012803699e+06 6.5500286357e+07 1.6102957461e+00 1.5225583646e+02 -4.3277885111e+09
1.5936588167e+05 1.8848878949e-13 4.8474085999e-14 -6.0407009483e+06 2.1214399225e+06 2.4538934807e-18 1.5597572356e-17 -7.2692557680e+02 -3.0230991796e+03 -4.8806793455e+11 8.4757844641e+06 6.7452359085e+07 1.6026657996e+00 1.4136971704e+02 -3.7362292440e+09
1.5936748433e+05 1.8849270549e-13 4.8499089580e-14 -6.0418130684e+06 2.1167630221e+06 2.4329619492e-18 1.5604914436e-17 -6.6172980519e+02 -2.8159307731e+03 -4.9363498558e+11 8.9049454167e+06 6.9257137443e+07 1.6000732465e+00 1.3108268162e+02 -3.2229849278e+09
1.5936908441e+05 1.8849658169e-13 4.8524064441e-14 -6.0428229917e+06 2.1124125505e+06 2.4120557993e-18 1.5612230717e-17 -6.0138046076e+02 -2.6243784115e+03 -4.9842789227e+11 9.2930633169e+06 7.0929025346e+07 1.6014269126e+00 1.2141303174e+02 -2.7785863227e+09
1.5937068583e+05 1.8850042766e-13 4.8549072142e-14 -6.0437406733e+06 2.1083536682e+06 2.3911239419e-18 1.5619540270e-17 -5.4541237548e+02 -2.4470175622e+03 -5.0256241644e+11 9.6437869894e+06 7.2480245213e+07 1.6059051145e+00 1.1236321919e+02 -2.3944650895e+09
1.5937229174e+05 1.8850425072e-13 4.8574161519e-14 -6.0445742777e+06 2.1045577355e+06 2.3701259178e-18 1.5626858228e-17 -4.9342626728e+02 -2.2826158901e+03 -5.0613477640e+11 9.9602687091e+06 7.3921362273e+07 1.6128681133e+00 1.0392424515e+02 -2.0629352585e+09
1.5937390461e+05 1.8850805640e-13 4.8599371500e-14 -6.0453306173e+06 2.1010008091e+06 2.3490295478e-18 1.5634196669e-17 -4.4507462694e+02 -2.1300918613e+03 -5.0922563980e+11 1.0245270130e+07 7.5261641689e+07 1.6218031338e+00 9.6078963212e+01 -1.7771528324e+09
1.5937552641e+05 1.8851184886e-13 4.8624733066e-14 -6.0460154641e+06 2.0976625790e+06 2.3278092937e-18 1.5641565229e-17 -4.0005171652e+02 -1.9884854974e+03 -5.1190308838e+11 1.0501237511e+07 7.6509300817e+07 1.6322890814e+00 8.8804584080e+01 -1.5310612818e+09
1.5937715870e+05 1.8851563108e-13 4.8650270668e-14 -6.0466337765e+06 2.0945255942e+06 2.3064450747e-18 1.5648971544e-17 -3.5808624421e+02 -1.8569370139e+03 -5.1422488189e+11 1.0730356910e+07 7.7671693443e+07 1.6439728647e+00 8.2074582169e+01 -1.3193290600e+09
1.5937880267e+05 1.8851940513e-13 4.8676003277e-14 -6.0471898695e+06 2.0915746874e+06 2.2849213900e-18 1.5656421586e-17 -3.1893585475e+02 -1.7346707932e+03 -5.1624022591e+11 1.0934595776e+07 7.8755447972e+07 1.6565536305e+00 7.5860149177e+01 -1.1372838226e+09
1.5938045922e+05 1.8852317225e-13 4.8701945191e-14 -6.0476875439e+06 2.0887965383e+06 2.2632266448e-18 1.5663919912e-17 -2.8238287567e+02 -1.6209830380e+03 -5.1799117795e+11 1.1115735079e+07 7.9766573893e+07 1.6697715127e+00 7.0131297891e+01 -9.8084659071e+08
1.5938212900e+05 1.8852693306e-13 4.8728106663e-14 -6.0481301863e+06 2.0861793380e+06 2.2413526209e-18 1.5671469861e-17 -2.4823097056e+02 -1.5152320783e+03 -5.1951378226e+11 1.1275394602e+07 8.0710545344e+07 1.6834000600e+00 6.4857696298e+01 -8.4646813114e+08
1.5938381240e+05 1.8853068759e-13 4.8754494417e-14 -6.0485208472e+06 2.0837125258e+06 2.2192940459e-18 1.5679073717e-17 -2.1630244844e+02 -1.4168305941e+03 -5.2083899725e+11 1.1415053231e+07 8.1592368188e+07 1.6972409047e+00 6.0009290007e+01 -7.3106891843e+08
1.5938550964e+05 1.8853443539e-13 4.8781112083e-14 -6.0488623038e+06 2.0813865824e+06 2.1970482298e-18 1.5686732843e-17 -1.8643606447e+02 -1.3252392686e+03 -5.2199346091e+11 1.1536065480e+07 8.2416634758e+07 1.7111198276e+00 5.5556759131e+01 -6.3198351045e+08
1.5938722076e+05 1.8853817561e-13 4.8807960564e-14 -6.0491571090e+06 2.0791928646e+06 2.1746147531e-18 1.5694447797e-17 -1.5848519846e+02 -1.2399615389e+03 -5.2300012778e+11 1.1639675119e+07 8.3187569160e+07 1.7248842637e+00 5.1471845804e+01 -5.4690974260e+08
1.5938894564e+05 1.8854190706e-13 4.8835038373e-14 -6.0494076316e+06 2.0771234725e+06 2.1519951864e-18 1.5702218429e-17 -1.3231632108e+02 -1.1605391805e+03 -5.2387880265e+11 1.1727026524e+07 8.3909065422e+07 1.7384011971e+00 4.7727579447e+01 -4.7386281811e+08
1.5939068404e+05 1.8854562827e-13 4.8862341931e-14 -6.0496160881e+06 2.0751711427e+06 2.1291928368e-18 1.5710043980e-17 -1.0780769362e+02 -1.0865485631e+03 -5.2464659028e+11 1.1799174226e+07 8.4584719861e+07 1.7515559823e+00 4.4298422886e+01 -4.1113421563e+08
1.5939243560e+05 1.8854933755e-13 4.8889865854e-14 -6.0497845686e+06 2.0733291607e+06 2.1062125098e-18 1.5717923162e-17 -8.4848249582e+01 -1.0175974272e+03 -5.2531827614e+11 1.1857090987e+07 8.5217858990e+07 1.7642513872e+00 4.1160355935e+01 -3.5725516390e+08
1.5939419985e+05 1.8855303301e-13 4.8917603219e-14 -6.0499150582e+06 2.0715912906e+06 2.0830602825e-18 1.5725854239e-17 -6.3336627238e+01 -9.5332208896e+02 -5.2590665014e+11 1.1901674676e+07 8.5811563758e+07 1.7764067990e+00 3.8290910852e+01 -3.1096438648e+08
1.5939597626e+05 1.8855671267e-13 4.8945545822e-14 -6.0500094528e+06 2.0699517168e+06 2.0597432876e-18 1.5733835105e-17 -4.3180328216e+01 -8.9338500044e+02 -5.2642278261e+11 1.1933754123e+07 8.6368690741e+07 1.7879579437e+00 3.5669170878e+01 -2.7117976896e+08
1.5939750439e+05 1.8855984489e-13 4.8969594404e-14 -6.0500629155e+06 2.0686236155e+06 2.0396810587e-18 1.5740696945e-17 -2.6956392755e+01 -8.4533825551e+02 -5.2681408692e+11 1.1951845944e+07 8.6818066987e+07 1.5726513836e+00 3.3609186898e+01 -2.4161736937e+08
1.5939878587e+05 1.8856244793e-13 4.8989769513e-14 -6.0500891474e+06 2.0675648808e+06 2.0228541088e-18 1.5746448880e-17 -1.4092750392e+01 -8.0736007175e+02 -5.2710941139e+11 1.1960696359e+07 8.7175232102e+07 1.3463831024e+00 3.2009605841e+01 -2.1970132284e+08
1.5939968274e+05 1.8856425689e-13 4.9003893913e-14 -6.0500978976e+06 2.0668522413e+06 2.0110758547e-18 1.5750473294e-17 -5.4708351289e+00 -7.8195803877e+02 -5.2730011944e+11 1.1963642906e+07 8.7415183185e+07 1.1182562896e+00 3.0954937703e+01 -2.0575146564e+08
1.5940080100e+05 1.8856649758e-13 4.9021509784e-14 -6.0500981966e+06 2.0659949321e+06 1.9963885687e-18 1.5755489760e-17 4.8601592358e+00 -7.5157021892e+02 -5.2752114280e+11 1.1963743886e+07 8.7703437985e+07 1.0745688949e+00 2.9710372870e+01 -1.8980413573e+08
1.5940187557e+05 1.8856863525e-13 4.9038442733e-14 -6.0500878297e+06 2.0652024311e+06 1.9822732921e-18 1.5760308935e-17 1.4367821941e+01 -7.2364424741e+02 -5.2771749101e+11 1.1960262587e+07 8.7969588856e+07 1.2841194006e+00 2.8584102280e+01 -1.7585478198e+08
1.5940315969e+05 1.8857116990e-13 4.9058684548e-14 -6.0500623566e+06 2.0642937948e+06 1.9654031504e-18 1.5766066306e-17 2.5214984968e+01 -6.9181802463e+02 -5.2793345154e+11 1.1951714987e+07 8.8274494771e+07 1.4061267035e+00 2.7322384523e+01 -1.6077468521e+08
1.5940456581e+05 1.8857392051e-13 4.9080858066e-14 -6.0500189072e+06 2.0633444530e+06 1.9469273568e-18 1.5772368845e-17 3.6481163791e+01 -6.5878095493e+02 -5.2814895290e+11 1.1937140067e+07 8.8592948626e+07 1.4894764644e+00 2.6039204217e+01 -1.4603351904e+08
1.5940605529e+05 1.8857680584e-13 4.9104355609e-14 -6.0499560920e+06 2.0623880776e+06 1.9273532737e-18 1.5779043012e-17 4.7753844483e+01 -6.2571479652e+02 -5.2835595131e+11 1.1916061429e+07 8.8913869096e+07 1.5515817197e+00 2.4784328813e+01 -1.3220066294e+08
1.5940760687e+05 1.8857978046e-13 4.9128843476e-14 -6.0498733319e+06 2.0614426791e+06 1.9069596785e-18 1.5785993485e-17 5.8811033398e+01 -5.9323236028e+02 -5.2855100734e+11 1.1888256984e+07 8.9231478032e+07 1.6007482570e+00 2.3582961736e+01 -1.1949942712e+08
1.5940920762e+05 1.8858281618e-13 4.9154118616e-14 -6.0497705244e+06 2.0605185811e+06 1.8859163285e-18 1.5793162265e-17 6.9523634417e+01 -5.6166727614e+02 -5.2873288227e+11 1.1853643206e+07 8.9542593197e+07 1.6415213827e+00 2.2448215170e+01 -1.0798954121e+08
1.5941084914e+05 1.8858589424e-13 4.9180049462e-14 -6.0496478606e+06 2.0596218524e+06 1.8643333247e-18 1.5800511775e-17 7.9813268926e+01 -5.3119952919e+02 -5.2890147328e+11 1.1812211401e+07 8.9845460324e+07 1.6766454135e+00 2.1386572613e+01 -9.7648474123e+07
1.5941252579e+05 1.8858900158e-13 4.9206547609e-14 -6.0495057161e+06 2.0587560158e+06 1.8422847500e-18 1.5808016776e-17 8.9631184055e+01 -5.0191836192e+02 -5.2905727802e+11 1.1763989591e+07 9.0139170112e+07 1.7079193822e+00 2.0400640817e+01 -8.8412258274e+07
1.5941423371e+05 1.8859212888e-13 4.9233552955e-14 -6.0493445820e+06 2.0579229869e+06 1.8198210732e-18 1.5815660110e-17 9.8946652677e+01 -4.7385692079e+02 -5.2920110449e+11 1.1709017997e+07 9.0423338348e+07 1.7366190015e+00 1.9490663625e+01 -8.0197394626e+07
1.5941597033e+05 1.8859526938e-13 4.9261025478e-14 -6.0491650170e+06 2.0571236239e+06 1.7969760147e-18 1.5823430346e-17 1.0774015007e+02 -4.4701265711e+02 -5.2933390687e+11 1.1647332036e+07 9.0697918443e+07 1.7637264365e+00 1.8655404687e+01 -7.2913024490e+07
1.5941773405e+05 1.8859841829e-13 4.9288940638e-14 -6.0489676120e+06 2.0563580674e+06 1.7737703947e-18 1.5831320465e-17 1.1599913814e+02 -4.2135993763e+02 -5.2945669065e+11 1.1578949471e+07 9.0963086345e+07 1.7900672741e+00 1.7892682048e+01 -6.6467761162e+07
1.5941952412e+05 1.8860157237e-13 4.9317286933e-14 -6.0487529611e+06 2.0556259564e+06 1.7502141833e-18 1.5839327144e-17 1.2371536090e+02 -3.9685812576e+02 -5.2957045771e+11 1.1503859670e+07 9.1219167637e+07 1.8164014420e+00 1.7199699378e+01 -6.0773464042e+07
1.5942134052e+05 1.8860472975e-13 4.9346064888e-14 -6.0485216354e+06 2.0549265700e+06 1.7263073559e-18 1.5847450468e-17 1.3088305797e+02 -3.7345688433e+02 -5.2967617561e+11 1.1422013522e+07 9.1466590681e+07 1.8434921525e+00 1.6573252956e+01 -5.5747211032e+07
1.5942318401e+05 1.8860788982e-13 4.9375287137e-14 -6.0482741559e+06 2.0542589203e+06 1.7020398419e-18 1.5855693935e-17 1.3749775290e+02 -3.5109968853e+02 -5.2977476170e+11 1.1333312835e+07 9.1705856828e+07 1.8721684694e+00 1.6009860314e+01 -5.1312191837e+07
1.5942505618e+05 1.8861105325e-13 4.9404979503e-14 -6.0480109642e+06 2.0536218117e+06 1.6773906492e-18 1.5864064750e-17 1.4355540606e+02 -3.2972611077e+02 -5.2986707694e+11 1.1237597909e+07 9.1937522745e+07 1.8990652965e+00 1.5505838113e+01 -4.7397949050e+07
1.5942695525e+05 1.8861421498e-13 4.9435114460e-14 -6.0477330316e+06 2.0530152138e+06 1.6523830909e-18 1.5872555074e-17 1.4904003414e+02 -3.0931830972e+02 -5.2995373590e+11 1.1134872109e+07 9.2161693270e+07 1.9054708324e+00 1.5058297988e+01 -4.3947550655e+07
1.5942886072e+05 1.8861733964e-13 4.9465367266e-14 -6.0474443141e+06 2.0524443671e+06 1.6272869648e-18 1.5881073425e-17 1.5389354861e+02 -2.9004107600e+02 -5.3003454086e+11 1.1026252917e+07 9.2376421348e+07 1.9128977877e+00 1.4667502054e+01 -4.0935364773e+07
1.5943077362e+05 1.8862042837e-13 4.9495754315e-14 -6.0471457797e+06 2.0519071527e+06 1.6020888462e-18 1.5889624503e-17 1.5812966570e+02 -2.7181727548e+02 -5.3011026650e+11 1.0911776748e+07 9.2582390688e+07 1.9210807258e+00 1.4327817486e+01 -3.8297843993e+07
1.5943269470e+05 1.8862348180e-13 4.9526287815e-14 -6.0468384135e+06 2.0514016905e+06 1.5767788010e-18 1.5898211812e-17 1.6176083078e+02 -2.5458233537e+02 -5.3018156488e+11 1.0791490061e+07 9.2780171090e+07 1.9299838924e+00 1.4033877642e+01 -3.5980446703e+07
1.5943462468e+05 1.8862650042e-13 4.9556979433e-14 -6.0465231887e+06 2.0509262403e+06 1.5513473619e-18 1.5906838690e-17 1.6479976438e+02 -2.3828070250e+02 -5.3024899160e+11 1.0665444443e+07 9.2970254687e+07 1.9394422447e+00 1.3780491734e+01 -3.3935907780e+07
1.5943656412e+05 1.8862948438e-13 4.9587838234e-14 -6.0462010889e+06 2.0504792092e+06 1.5257872336e-18 1.5915507731e-17 1.6726012024e+02 -2.2286585586e+02 -5.3031301469e+11 1.0533712381e+07 9.3153052393e+07 1.9491241909e+00 1.3562646028e+01 -3.2123324491e+07
1.5943851325e+05 1.8863243329e-13 4.9618868026e-14 -6.0458731376e+06 2.0500591581e+06 1.5000954902e-18 1.5924220037e-17 1.6915726633e+02 -2.0830022068e+02 -5.3037402158e+11 1.0396407031e+07 9.3328890184e+07 1.9584911904e+00 1.3375515901e+01 -3.0507404060e+07
1.5944047174e+05 1.8863534594e-13 4.9650064043e-14 -6.0455404324e+06 2.0496648062e+06 1.4742763074e-18 1.5932974299e-17 1.7050919010e+02 -1.9455493020e+02 -5.3043232459e+11 1.0253706224e+07 9.3498005606e+07 1.9667719617e+00 1.3214490393e+01 -2.9057854892e+07
1.5944243851e+05 1.8863822000e-13 4.9681409216e-14 -6.0452041808e+06 2.0492950294e+06 1.4483440369e-18 1.5941765753e-17 1.7133751309e+02 -1.8160927227e+02 -5.3048816559e+11 1.0105879449e+07 9.3660546260e+07 1.9729733586e+00 1.3075209518e+01 -2.7748892600e+07
1.5944441148e+05 1.8864105188e-13 4.9712870595e-14 -6.0448657304e+06 2.0489488478e+06 1.4223261397e-18 1.5950585187e-17 1.7166854059e+02 -1.6944959647e+02 -5.3054172099e+11 9.9533143011e+06 9.3816573169e+07 1.9759535915e+00 1.2953613614e+01 -2.6558825521e+07
1.5944638744e+05 1.8864383658e-13 4.9744396938e-14 -6.0445265804e+06 2.0486253971e+06 1.3962651556e-18 1.5959418280e-17 1.7153417859e+02 -1.5806745409e+02 -5.3059310853e+11 9.7965360270e+06 9.3966072607e+07 1.9745783823e+00 1.2846001911e+01 -2.5469678045e+07
1.5944836202e+05 1.8864656790e-13 4.9775918775e-14 -6.0441883603e+06 2.0483238793e+06 1.3702186137e-18 1.5968245626e-17 1.7097244628e+02 -1.4745684241e+02 -5.3064239745e+11 9.6362113541e+06 9.4108979718e+07 1.9679469464e+00 1.2749093970e+01 -2.4466806178e+07
1.5945032996e+05 1.8864923887e-13 4.9807352093e-14 -6.0438527658e+06 2.0480434972e+06 1.3442559601e-18 1.5977043783e-17 1.7002726206e+02 -1.3761072147e+02 -5.3068962271e+11 9.4731283212e+06 9.4245214341e+07 1.9556289028e+00 1.2660083785e+01 -2.3538470259e+07
1.5945228559e+05 1.8865184251e-13 4.9838605811e-14 -6.0435214552e+06 2.0477833832e+06 1.3184523564e-18 1.5985787371e-17 1.6874727264e+02 -1.2851737145e+02 -5.3073480236e+11 9.3081492899e+06 9.4374724524e+07 1.9378146734e+00 1.2576673936e+01 -2.2675355193e+07
1.5945422341e+05 1.8865437265e-13 4.9869591699e-14 -6.0431959249e+06 2.0475425426e+06 1.2928804872e-18 1.5994451847e-17 1.6718376430e+02 -1.2015747359e+02 -5.3077795529e+11 9.1421442660e+06 9.4497527907e+07 1.9153022164e+00 1.2497079061e+01 -2.1870065393e+07
1.5945613871e+05 1.8865682470e-13 4.9900234110e-14 -6.0428774004e+06 2.0473198295e+06 1.2676025364e-18 1.6003016223e-17 1.6538803850e+02 -1.1250272248e+02 -5.3081911524e+11 8.9759206745e+06 9.4613739743e+07 1.8893184559e+00 1.2419994730e+01 -2.1116647501e+07
1.5945802803e+05 1.8865919605e-13 4.9930476885e-14 -6.0425667696e+06 2.0471139620e+06 1.2426645152e-18 1.6011464984e-17 1.6340884496e+02 -1.0551627400e+02 -5.3085833851e+11 8.8101676667e+06 9.4723580555e+07 1.8612576535e+00 1.2344537039e+01 -2.0410193130e+07
1.5945988928e+05 1.8866148610e-13 4.9960286093e-14 -6.0422645716e+06 2.0469235674e+06 1.2180940409e-18 1.6019788840e-17 1.6129040149e+02 -9.9154672967e+01 -5.3089570477e+11 8.6454260247e+06 9.4827364234e+07 1.8324408555e+00 1.2270165015e+01 -1.9746546399e+07
1.5946172173e+05 1.8866369602e-13 4.9989648917e-14 -6.0419710317e+06 2.0467472425e+06 1.1939012915e-18 1.6027984403e-17 1.5907125700e+02 -9.3370506763e+01 -5.3093131279e+11 8.4820841973e+06 9.4925473549e+07 1.8039634068e+00 1.2196599431e+01 -1.9122109289e+07
1.5946352569e+05 1.8866582829e-13 5.0018570092e-14 -6.0416861226e+06 2.0465836094e+06 1.1700819761e-18 1.6036053178e-17 1.5678395697e+02 -8.8115035415e+01 -5.3096527383e+11 8.3203931953e+06 9.5018331778e+07 1.7766390909e+00 1.2123748464e+01 -1.8533718689e+07
1.5946530233e+05 1.8866788626e-13 5.0047067431e-14 -6.0414096332e+06 2.0464313594e+06 1.1466210455e-18 1.6044000306e-17 1.5445529521e+02 -8.3340324553e+01 -5.3099770491e+11 8.1604908932e+06 9.5106377070e+07 1.7510134074e+00 1.2051645737e+01 -1.7978567240e+07
1.5946705334e+05 1.8866987377e-13 5.0075167548e-14 -6.0411412296e+06 2.0462892801e+06 1.1234962313e-18 1.6051833369e-17 1.5210690104e+02 -7.9000719187e+01 -5.3102872325e+11 8.0024281519e+06 9.5190042767e+07 1.7274104390e+00 1.1980402139e+01 -1.7454147758e+07
1.5946878075e+05 1.8867179480e-13 5.0102902328e-14 -6.0408805053e+06 2.0461562687e+06 1.1006809674e-18 1.6059561397e-17 1.4975596118e+02 -7.5053708482e+01 -5.3105844236e+11 7.8461924071e+06 9.5269744143e+07 1.7059892164e+00 1.1910170312e+01 -1.6958210106e+07
1.5946878075e+05 1.8867179480e-13 5.0102902328e-14 -6.0408805053e+06 2.0461562687e+06 1.1006809674e-18 1.6059561397e-17 1.4975596118e+02 -7.5053708482e+01 -5.3105844236e+11 7.8461924071e+06 9.5269744143e+07 1.7059892164e+00 1.1910170312e+01 -1.6958210106e+07
