0.0000000000e+00 0.0000000000e+00 0.0000000000e+00 3.1415900000e+08 0.0000000000e+00 0.0000000000e+00 0.0000000000e+00 -1.1321273633e+03 3.9785378368e+02 -4.6638893045e+09 -9.6230825884e+06 3.3817571612e+06 1.0000000000e+01 0.0000000000e+00 -0.0000000000e+00
1.0000000000e+01 2.8739986155e-22 1.2132556686e-27 3.1414767852e+08 3.9785378359e+03 5.7480662806e-23 3.6398325920e-28 -1.1321677486e+03 3.9785378342e+02 -4.6638893045e+09 -9.6230825884e+06 3.3817571612e+06 5.0000000000e+01 0.0000000000e+00 -0.0000000000e+00
6.0000000000e+01 1.0347638120e-20 2.6213407534e-25 3.1409106509e+08 2.3871226836e+04 3.4494613699e-22 1.3108121156e-26 -1.1323697184e+03 3.9785377447e+02 -4.6638893045e+09 -9.6230825884e+06 3.3817571612e+06 2.5000000000e+02 0.0000000000e+00 -0.0000000000e+00
3.1000000000e+02 2.7639054156e-19 3.6202805985e-23 3.1380784633e+08 1.2333464750e+05 1.7838297169e-21 3.5054572953e-25 -1.1333806611e+03 3.9785353739e+02 -4.6638893045e+09 -9.6230825884e+06 3.3817571612e+06 1.2500000000e+03 0.0000000000e+00 -0.0000000000e+00
1.5600000000e+03 7.0203482730e-18 4.6449260149e-21 3.1238794890e+08 6.2064863906e+05 9.0174305920e-21 8.9578527714e-24 -1.1384629040e+03 3.9784748999e+02 -4.6638893045e+09 -9.6230825884e+06 3.3817571612e+06 3.6000000000e+03 0.0000000000e+00 -0.0000000000e+00
5.1600000000e+03 7.7485814685e-17 1.7145343857e-19 3.0826278218e+08 2.0528050626e+06 3.0223803468e-20 1.0063311850e-22 -1.1533622521e+03 3.9778308003e+02 -4.6638893044e+09 -9.6230825884e+06 3.3817571612e+06 3.6000000000e+03 0.0000000000e+00 -0.0000000000e+00
8.7600000000e+03 2.2532411615e-16 8.5597076186e-19 3.0408325422e+08 3.4845977500e+06 5.2007234895e-20 2.9797488799e-22 -1.1686670347e+03 3.9764443002e+02 -4.6638893043e+09 -9.6230825884e+06 3.3817571612e+06 3.6000000000e+03 0.0000000000e+00 -0.0000000000e+00
1.2360000000e+04 4.5266685728e-16 2.4542239332e-18 2.9984786738e+08 4.9157484574e+06 7.4398205867e-20 6.0980640395e-22 -1.1843986675e+03 3.9742534087e+02 -4.6638893042e+09 -9.6230825884e+06 3.3817571612e+06 3.6000000000e+03 0.0000000000e+00 -0.0000000000e+00
1.5960000000e+04 7.6175953887e-16 5.3955901260e-18 2.9555504399e+08 6.3459555093e+06 9.7429548857e-20 1.0458497617e-21 -1.2005802181e+03 3.9711898194e+02 -4.6638893041e+09 -9.6230825884e+06 3.3817571612e+06 3.6000000000e+03 0.0000000000e+00 -0.0000000000e+00
1.9560000000e+04 1.1549704485e-15 1.0146230451e-17 2.9120312012e+08 7.7748913865e+06 1.2113668892e-19 1.6168384837e-21 -1.2172365758e+03 3.9671781198e+02 -4.6638893040e+09 -9.6230825884e+06 3.3817571612e+06 3.6000000000e+03 0.0000000000e+00 -0.0000000000e+00
2.3160000000e+04 1.6348004737e-15 1.7212958843e-17 2.8679033869e+08 9.2022000075e+06 1.4555791588e-19 2.3346471223e-21 -1.2343946426e+03 3.9621348807e+02 -4.6638893038e+09 -9.6230825884e+06 3.3817571612e+06 3.6000000000e+03 0.0000000000e+00 -0.0000000000e+00
2.6760000000e+04 2.2038939585e-15 2.7147612657e-17 2.8231484179e+08 1.0627493658e+07 1.7073469247e-19 3.2124409413e-21 -1.2520835496e+03 3.9559676046e+02 -4.6638893037e+09 -9.6230825884e+06 3.3817571612e+06 3.6000000000e+03 0.0000000000e+00 -0.0000000000e+00
3.0360000000e+04 2.8650507415e-15 4.0552003688e-17 2.7777466230e+08 1.2050349512e+07 1.9671200415e-19 4.2648493655e-21 -1.2703349032e+03 3.9485735069e+02 -4.6638893035e+09 -9.6230825884e+06 3.3817571612e+06 3.6000000000e+03 0.0000000000e+00 -0.0000000000e+00
3.3960000000e+04 3.6212395397e-15 5.8083542961e-17 2.7316771444e+08 1.3470305680e+07 2.2353875754e-19 5.5081676749e-21 -1.2891830645e+03 3.9398380987e+02 -4.6638893032e+09 -9.6230825884e+06 3.3817571612e+06 3.6000000000e+03 0.0000000000e+00 -0.0000000000e+00
3.7560000000e+04 4.4756128652e-15 8.0461650498e-17 2.6849178329e+08 1.4886856706e+07 2.5126823555e-19 6.9605924081e-21 -1.3086654695e+03 3.9296335334e+02 -4.6638893030e+09 -9.6230825884e+06 3.3817571612e+06 3.6000000000e+03 0.0000000000e+00 -0.0000000000e+00
4.1160000000e+04 5.4315236978e-15 1.0847508304e-16 2.6374451308e+08 1.6299448419e+07 2.7995861915e-19 8.6424971714e-21 -1.3288229955e+03 3.9178166684e+02 -4.6638893027e+09 -9.6230825884e+06 3.3817571612e+06 3.6000000000e+03 0.0000000000e+00 -0.0000000000e+00
4.4760000000e+04 6.4925441721e-15 1.4299033953e-16 2.5892339406e+08 1.7707472027e+07 3.0967358756e-19 1.0576757108e-20 -1.3497003827e+03 3.9042267856e+02 -4.6638893023e+09 -9.6230825884e+06 3.3817571612e+06 3.6000000000e+03 0.0000000000e+00 -0.0000000000e+00
4.8360000000e+04 7.6624865889e-15 1.8496133725e-16 2.5402574778e+08 1.9110257319e+07 3.4048301124e-19 1.2789132256e-20 -1.3713467213e+03 3.8886828981e+02 -4.6638893019e+09 -9.6230825884e+06 3.3817571612e+06 3.6000000000e+03 0.0000000000e+00 -0.0000000000e+00
5.1960000000e+04 8.9454271135e-15 2.3544059274e-16 2.4904871035e+08 2.0507064809e+07 3.7246375510e-19 1.5308722532e-20 -1.3938160157e+03 3.8709805533e+02 -4.6638893014e+09 -9.6230825884e+06 3.3817571612e+06 3.6000000000e+03 0.0000000000e+00 -0.0000000000e+00
5.5560000000e+04 1.0345732595e-14 2.9559219301e-16 2.4398921369e+08 2.1897076624e+07 4.0570061343e-19 1.8168510337e-20 -1.4171678414e+03 3.8508880206e+02 -4.6638893008e+09 -9.6230825884e+06 3.3817571612e+06 3.6000000000e+03 0.0000000000e+00 -0.0000000000e+00
5.9160000000e+04 1.1868091027e-14 3.6670690731e-16 2.3884396405e+08 2.3279385883e+07 4.4028740278e-19 2.1406010929e-20 -1.4414681127e+03 3.8281417223e+02 -4.6638893001e+09 -9.6230825884e+06 3.3817571612e+06 3.6000000000e+03 0.0000000000e+00 -0.0000000000e+00
6.2760000000e+04 1.3517546276e-14 4.5021987170e-16 2.3360941769e+08 2.4652984278e+07 4.7632824530e-19 2.5064056203e-20 -1.4667899846e+03 3.8024407266e+02 -4.6638892992e+09 -9.6230825884e+06 3.3817571612e+06 3.6000000000e+03 0.0000000000e+00 -0.0000000000e+00
6.6360000000e+04 1.5299537832e-14 5.4773138331e-16 2.2828175288e+08 2.6016747459e+07 5.1393908327e-19 2.9191744644e-20 -1.4932149169e+03 3.7734400732e+02 -4.6638892981e+09 -9.6230825884e+06 3.3817571612e+06 3.6000000000e+03 0.0000000000e+00 -0.0000000000e+00
6.9960000000e+04 1.7219946498e-14 6.6103147521e-16 2.2285683784e+08 2.7369417768e+07 5.5324947557e-19 3.3845599758e-20 -1.5208339361e+03 3.7407426347e+02 -4.6638892968e+09 -9.6230825884e+06 3.3817571612e+06 3.6000000000e+03 0.0000000000e+00 -0.0000000000e+00
7.3560000000e+04 1.9285147155e-14 7.9212911710e-16 2.1733019365e+08 2.8709583729e+07 5.9440474029e-19 3.9090991934e-20 -1.5497491409e+03 3.7038891264e+02 -4.6638892952e+09 -9.6230825884e+06 3.3817571612e+06 3.6000000000e+03 0.0000000000e+00 -0.0000000000e+00
7.7160000000e+04 2.1502069978e-14 9.4328711389e-16 2.1169695124e+08 3.0035655520e+07 6.3756852524e-19 4.5003895840e-20 -1.5800755084e+03 3.6623457592e+02 -4.6638892933e+09 -9.6230825884e+06 3.3817571612e+06 3.6000000000e+03 0.0000000000e+00 -0.0000000000e+00
8.0760000000e+04 2.3878271830e-14 1.1170640738e-15 2.0595180127e+08 3.1345835493e+07 6.8292591093e-19 5.1673078811e-20 -1.6119430739e+03 3.6154888642e+02 -4.6638892908e+09 -9.6230825884e+06 3.3817571612e+06 3.6000000000e+03 0.0000000000e+00 -0.0000000000e+00
8.4360000000e+04 2.6422019983e-14 1.3163652160e-15 2.0008893524e+08 3.2638082477e+07 7.3068718137e-19 5.9202847836e-20 -1.6454995806e+03 3.5625855929e+02 -4.6638892877e+09 -9.6230825884e+06 3.3817571612e+06 3.6000000000e+03 0.0000000000e+00 -0.0000000000e+00
8.7960000000e+04 2.9142390874e-14 1.5445043233e-15 1.9410197614e+08 3.3910068245e+07 7.8109243912e-19 6.7716527652e-20 -1.6809137217e+03 3.5027694801e+02 -4.6638892837e+09 -9.6230825884e+06 3.3817571612e+06 3.6000000000e+03 0.0000000000e+00 -0.0000000000e+00
9.1560000000e+04 3.2049387330e-14 1.8052798740e-15 1.8798389613e+08 3.5159124032e+07 8.3441729678e-19 7.7360905773e-20 -1.7183791394e+03 3.4350092141e+02 -4.6638892785e+09 -9.6230825884e+06 3.3817571612e+06 3.6000000000e+03 0.0000000000e+00 -0.0000000000e+00
9.5160000000e+04 3.5154078675e-14 2.1030693886e-15 1.8172691801e+08 3.6382174244e+07 8.9097995378e-19 8.8311970999e-20 -1.7581193967e+03 3.3580683182e+02 -4.6638892718e+09 -9.6230825884e+06 3.3817571612e+06 3.6000000000e+03 0.0000000000e+00 -0.0000000000e+00
9.8760000000e+04 3.8468769401e-14 2.4429474271e-15 1.7532239679e+08 3.7575653554e+07 9.5115007355e-19 1.0078240360e-19 -1.8003942150e+03 3.2704525258e+02 -4.6638892629e+09 -9.6230825884e+06 3.3817571612e+06 3.6000000000e+03 0.0000000000e+00 -0.0000000000e+00
1.0236000000e+05 4.2007203867e-14 2.8308346436e-15 1.6876067585e+08 3.8735402180e+07 1.0153600255e-18 1.1503146978e-19 -1.8455073718e+03 3.1703402632e+02 -4.6638892511e+09 -9.6230825884e+06 3.3817571612e+06 3.6000000000e+03 0.0000000000e+00 -0.0000000000e+00
1.0596000000e+05 4.5784816842e-14 3.2736881509e-15 1.6203091091e+08 3.9856532137e+07 1.0841192688e-18 1.3137826486e-19 -1.8938168073e+03 3.0554896041e+02 -4.6638892349e+09 -9.6230825884e+06 3.3817571612e+06 3.6000000000e+03 0.0000000000e+00 -0.0000000000e+00
1.0956000000e+05 4.9819043062e-14 3.7797475859e-15 1.5512085252e+08 4.0933254353e+07 1.1580329620e-18 1.5021969615e-19 -1.9457476985e+03 2.9231119245e+02 -4.6638892126e+09 -9.6230825884e+06 3.3817571612e+06 3.6000000000e+03 0.0000000000e+00 -0.0000000000e+00
1.1316000000e+05 5.4129703590e-14 4.3588574407e-15 1.4801657464e+08 4.1958652204e+07 1.2378263311e-18 1.7205529458e-19 -2.0018095809e+03 2.7696975788e+02 -4.6638891811e+09 -9.6230825884e+06 3.3817571612e+06 3.6000000000e+03 0.0000000000e+00 -0.0000000000e+00
1.1676000000e+05 5.8739493454e-14 5.0228955894e-15 1.4070213201e+08 4.2924380434e+07 1.3243769994e-18 1.9752205957e-19 -2.0626190622e+03 2.5907710841e+02 -4.6638891358e+09 -9.6230825884e+06 3.3817571612e+06 3.6000000000e+03 0.0000000000e+00 -0.0000000000e+00
1.2036000000e+05 6.3674604616e-14 5.7863524950e-15 1.3315912246e+08 4.3820258215e+07 1.4187584890e-18 2.2744437189e-19 -2.1289303864e+03 2.3805404380e+02 -4.6638890689e+09 -9.6230825884e+06 3.3817571612e+06 3.2822459593e+03 0.0000000000e+00 -0.0000000000e+00
1.2364224596e+05 6.8483334803e-14 6.5841285963e-15 1.2606464474e+08 4.4565604086e+07 1.5127520693e-18 2.5951989833e-19 -2.1949691701e+03 2.1551815628e+02 -4.6638890062e+09 -9.6230825884e+06 3.3817571612e+06 2.9588324919e+03 0.0000000000e+00 -0.0000000000e+00
1.2660107845e+05 7.3093937778e-14 7.4006829151e-15 1.1947551410e+08 4.5169085330e+07 1.6050354152e-18 2.9327152557e-19 -2.2598063633e+03 1.9180466007e+02 -4.6638889515e+09 -9.6230825884e+06 3.3817571612e+06 2.6654997972e+03 0.0000000000e+00 -0.0000000000e+00
1.2900002219e+05 7.7040165962e-14 8.1411527396e-15 1.1398703075e+08 4.5603268787e+07 1.6859029132e-18 3.2473115715e-19 -2.3166229160e+03 1.6970149303e+02 -4.6638889243e+09 -9.6230825884e+06 3.3817571612e+06 2.4157302105e+03 0.0000000000e+00 -0.0000000000e+00
1.3141575240e+05 8.1217418566e-14 8.9682910342e-15 1.0831722795e+08 4.5983238557e+07 1.7735873680e-18 3.6087875247e-19 -2.3782289824e+03 1.4430461782e+02 -4.6638888850e+09 -9.6230825884e+06 3.3817571612e+06 2.1798611999e+03 0.0000000000e+00 -0.0000000000e+00
1.3336703567e+05 8.4751537830e-14 9.7041307627e-15 1.0362509615e+08 4.6242571651e+07 1.8495862550e-18 3.9396434333e-19 -2.4316249063e+03 1.2105907093e+02 -4.6638888664e+09 -9.6230825884e+06 3.3817571612e+06 1.9679062256e+03 0.0000000000e+00 -0.0000000000e+00
1.3512564286e+05 8.8067716223e-14 1.0425735271e-14 9.9304220900e+07 4.6435249338e+07 1.9225239302e-18 4.2728842113e-19 -2.4828700588e+03 9.7645965909e+01 -4.6638888517e+09 -9.6230825884e+06 3.3817571612e+06 1.7755800448e+03 0.0000000000e+00 -0.0000000000e+00
1.3669655258e+05 9.1141591811e-14 1.1122474715e-14 9.5366082203e+07 4.6570720775e+07 1.9916269489e-18 4.6031478270e-19 -2.5314210267e+03 7.4442032820e+01 -4.6638888408e+09 -9.6230825884e+06 3.3817571612e+06 1.5902688735e+03 0.0000000000e+00 -0.0000000000e+00
1.3807797104e+05 9.3936793053e-14 1.1780100868e-14 9.1838265051e+07 4.6658282940e+07 2.0557834307e-18 4.9227456418e-19 -2.5764966161e+03 5.1987466346e+01 -4.6638888335e+09 -9.6230825884e+06 3.3817571612e+06 1.4062026097e+03 0.0000000000e+00 -0.0000000000e+00
1.3925264976e+05 9.6385062968e-14 1.2375524944e-14 8.8788253492e+07 4.6707295362e+07 2.1130587566e-18 5.2188690767e-19 -2.6167375862e+03 3.1182182194e+01 -4.6638888294e+09 -9.6230825884e+06 3.3817571612e+06 1.2141678355e+03 0.0000000000e+00 -0.0000000000e+00
1.4014797289e+05 9.8297164448e-14 1.2853522583e-14 8.6431213675e+07 4.6727667538e+07 2.1585217164e-18 5.4613327416e-19 -2.6486793269e+03 1.4146970347e+01 -4.6638888281e+09 -9.6230825884e+06 3.3817571612e+06 1.0038899070e+03 0.0000000000e+00 -0.0000000000e+00
1.4077295122e+05 9.9656374847e-14 1.3200384279e-14 8.4768693368e+07 4.6732616586e+07 2.1912408281e-18 5.6399637087e-19 -2.6716673898e+03 1.5965687552e+00 -4.6638888279e+09 -9.6230825884e+06 3.3817571612e+06 6.8480826757e+02 0.0000000000e+00 -0.0000000000e+00
1.4145775949e+05 1.0116950494e-13 1.3593583174e-14 8.2930295790e+07 4.6728813229e+07 2.2280679815e-18 5.8452263198e-19 -2.6975417146e+03 -1.2824940816e+01 -4.6638888274e+09 -9.6230825884e+06 3.3817571612e+06 9.3207198914e+02 0.0000000000e+00 -0.0000000000e+00
1.4238983148e+05 1.0327023005e-13 1.4152065223e-14 8.0399126836e+07 4.6707258679e+07 2.2799181405e-18 6.1418993278e-19 -2.7339710263e+03 -3.3668837332e+01 -4.6638888251e+09 -9.6230825884e+06 3.3817571612e+06 1.0838102194e+03 0.0000000000e+00 -0.0000000000e+00
1.4347364170e+05 1.0577507683e-13 1.4837637230e-14 7.7412239753e+07 4.6656781849e+07 2.3428738497e-18 6.5144536085e-19 -2.7782029669e+03 -5.9844062797e+01 -4.6638888190e+09 -9.6230825884e+06 3.3817571612e+06 1.1624893212e+03 0.0000000000e+00 -0.0000000000e+00
1.4463613102e+05 1.0853952966e-13 1.5619918839e-14 7.4153881743e+07 4.6569660768e+07 2.4138341311e-18 6.9510638345e-19 -2.8280588258e+03 -9.0519783614e+01 -4.6638888081e+09 -9.6230825884e+06 3.3817571612e+06 1.2011531937e+03 0.0000000000e+00 -0.0000000000e+00
1.4583728421e+05 1.1148495571e-13 1.6484195726e-14 7.0724601654e+07 4.6440313339e+07 2.4912140415e-18 7.4480221818e-19 -2.8824250405e+03 -1.2543549244e+02 -4.6638887915e+09 -9.6230825884e+06 3.3817571612e+06 1.2145889910e+03 0.0000000000e+00 -0.0000000000e+00
1.4705187320e+05 1.1456057086e-13 1.7422055904e-14 6.7188641207e+07 4.6264612637e+07 2.5740436812e-18 8.0050422320e-19 -2.9406201709e+03 -1.6457106585e+02 -4.6638887687e+09 -9.6230825884e+06 3.3817571612e+06 1.2108713819e+03 0.0000000000e+00 -0.0000000000e+00
1.4826274458e+05 1.1772991513e-13 1.8428128757e-14 6.3591036581e+07 4.6039507447e+07 2.6616481572e-18 8.6236507691e-19 -3.0021700450e+03 -2.0803377389e+02 -4.6638887389e+09 -9.6230825884e+06 3.3817571612e+06 1.1950625926e+03 0.0000000000e+00 -0.0000000000e+00
1.4945780718e+05 1.2096508207e-13 1.9498739855e-14 5.9965083292e+07 4.5762768860e+07 2.7535101510e-18 9.3065452433e-19 -3.0667112012e+03 -2.5601313624e+02 -4.6638887017e+09 -9.6230825884e+06 3.3817571612e+06 1.1706230014e+03 0.0000000000e+00 -0.0000000000e+00
1.5062843018e+05 1.2424383593e-13 2.0631271833e-14 5.6336175069e+07 4.5432802006e+07 2.8491996555e-18 1.0057306190e-18 -3.1339415213e+03 -3.0876071711e+02 -4.6638886565e+09 -9.6230825884e+06 3.3817571612e+06 1.1400537270e+03 0.0000000000e+00 -0.0000000000e+00
1.5176848390e+05 1.2754800283e-13 2.1823834741e-14 5.2724020257e+07 4.5048496026e+07 2.9483327263e-18 1.0880266494e-18 -3.2035912506e+03 -3.6658093987e+02 -4.6638886029e+09 -9.6230825884e+06 3.3817571612e+06 1.1052305189e+03 0.0000000000e+00 -0.0000000000e+00
1.5287371442e+05 1.3086249630e-13 2.3075091013e-14 4.9144034427e+07 4.4609098234e+07 3.0505441060e-18 1.1780461481e-18 -3.2754037634e+03 -4.2982758062e+02 -4.6638885405e+09 -9.6230825884e+06 3.3817571612e+06 1.0675955315e+03 0.0000000000e+00 -0.0000000000e+00
1.5394130995e+05 1.3417468848e-13 2.4384166503e-14 4.5608273050e+07 4.4114104117e+07 3.1554667622e-18 1.2763627251e-18 -3.3491211873e+03 -4.9890365094e+02 -4.6638884690e+09 -9.6230825884e+06 3.3817571612e+06 1.0282766180e+03 0.0000000000e+00 -0.0000000000e+00
1.5496958657e+05 1.3747398328e-13 2.5750614677e-14 4.2126087246e+07 4.3563157449e+07 3.2627147043e-18 1.3836232675e-18 -3.4244723297e+03 -5.7426364618e+02 -4.6638883882e+09 -9.6230825884e+06 3.3817571612e+06 9.8816655732e+02 0.0000000000e+00 -0.0000000000e+00
1.5595775313e+05 1.4075151455e-13 2.7174417596e-14 3.8704601934e+07 4.2955956072e+07 3.3718668920e-18 1.5005539093e-18 -3.5011613726e+03 -6.5641773943e+02 -4.6638882979e+09 -9.6230825884e+06 3.3817571612e+06 9.4797868410e+02 0.0000000000e+00 -0.0000000000e+00
1.5690573181e+05 1.4399992625e-13 2.8656016093e-14 3.5349073485e+07 4.2292159305e+07 3.4824506836e-18 1.6279686558e-18 -3.5788562436e+03 -7.4593784134e+02 -4.6638881983e+09 -9.6230825884e+06 3.3817571612e+06 9.0828791649e+02 0.0000000000e+00 -0.0000000000e+00
1.5781401973e+05 1.4721320911e-13 3.0196366770e-14 3.2063161141e+07 4.1571292826e+07 3.5939234848e-18 1.7667808860e-18 -3.6571757223e+03 -8.4346568115e+02 -4.6638880895e+09 -9.6230825884e+06 3.3817571612e+06 8.6956243338e+02 0.0000000000e+00 -0.0000000000e+00
1.5868358216e+05 1.5038657918e-13 3.1797027353e-14 2.8849133243e+07 4.0792646235e+07 3.7056511950e-18 1.9180182483e-18 -3.7356742970e+03 -9.4972327263e+02 -4.6638879721e+09 -9.6230825884e+06 3.3817571612e+06 8.3218929868e+02 0.0000000000e+00 -0.0000000000e+00
1.5951577146e+05 1.5351638933e-13 3.3460275529e-14 2.5708021175e+07 3.9955157296e+07 3.8168817514e-18 2.0828417929e-18 -3.8138235774e+03 -1.0655263560e+03 -4.6638878468e+09 -9.6230825884e+06 3.3817571612e+06 7.9649628783e+02 0.0000000000e+00 -0.0000000000e+00
1.6031226775e+05 1.5660006956e-13 3.5189270496e-14 2.2639728484e+07 3.9057274835e+07 3.9267114924e-18 2.2625705866e-18 -3.8909886613e+03 -1.1918016920e+03 -4.6638877149e+09 -9.6230825884e+06 3.3817571612e+06 7.6277161096e+02 0.0000000000e+00 -0.0000000000e+00
1.6107503936e+05 1.5963609405e-13 3.6988271859e-14 1.9643098781e+07 3.8096789213e+07 4.0340410782e-18 2.4587135907e-18 -3.9663971656e+03 -1.3296094591e+03 -4.6638875782e+09 -9.6230825884e+06 3.3817571612e+06 7.3128299290e+02 0.0000000000e+00 -0.0000000000e+00
1.6180632235e+05 1.6262397534e-13 3.8862938060e-14 1.6715943049e+07 3.7070614501e+07 4.1375160939e-18 2.6730112985e-18 -4.0390974942e+03 -1.4801725074e+03 -4.6638874392e+09 -9.6230825884e+06 3.3817571612e+06 7.0229746292e+02 0.0000000000e+00 -0.0000000000e+00
1.6250861982e+05 1.6556428601e-13 4.0820737449e-14 1.3855025192e+07 3.5974499387e+07 4.2354447830e-18 2.9074905125e-18 -4.1079010391e+03 -1.6449148446e+03 -4.6638873013e+09 -9.6230825884e+06 3.3817571612e+06 6.7610301554e+02 0.0000000000e+00 -0.0000000000e+00
1.6318472283e+05 1.6845870558e-13 4.2871520210e-14 1.1056005327e+07 3.4802633688e+07 4.3256808721e-18 3.1645364944e-18 -4.1712998537e+03 -1.8255123275e+03 -4.6638871688e+09 -9.6230825884e+06 3.3817571612e+06 6.5303242250e+02 0.0000000000e+00 -0.0000000000e+00
1.6383775525e+05 1.7131007824e-13 4.5028317542e-14 8.3133485712e+06 3.3547104677e+07 4.4054518492e-18 3.4469866046e-18 -4.2273460037e+03 -2.0239584519e+03 -4.6638870476e+09 -9.6230825884e+06 3.3817571612e+06 6.3348567414e+02 0.0000000000e+00 -0.0000000000e+00
1.6440606384e+05 1.7383120965e-13 4.7064598952e-14 5.8986336015e+06 3.2342541035e+07 4.4650548437e-18 3.7243701254e-18 -4.2692223665e+03 -2.2188448503e+03 -4.6638869859e+09 -9.6230825884e+06 3.3817571612e+06 5.7586709564e+02 0.0000000000e+00 -0.0000000000e+00
1.6489192657e+05 1.7601083845e-13 4.8937105760e-14 3.8171935573e+06 3.1220242108e+07 4.5051576067e-18 3.9878765620e-18 -4.2973980959e+03 -2.4039813726e+03 -4.6638869589e+09 -9.6230825884e+06 3.3817571612e+06 4.9860602391e+02 0.0000000000e+00 -0.0000000000e+00
1.6529523476e+05 1.7783277629e-13 5.0593011632e-14 2.0805252273e+06 3.0217279812e+07 4.5279867288e-18 4.2269452670e-18 -4.3134375686e+03 -2.5719482322e+03 -4.6638869488e+09 -9.6230825884e+06 3.3817571612e+06 4.2329064025e+02 0.0000000000e+00 -0.0000000000e+00
1.6556393812e+05 1.7905073871e-13 5.1751476379e-14 9.2059274178e+05 2.9510260757e+07 4.5364999157e-18 4.3971877583e-18 -4.3194188336e+03 -2.6915586037e+03 -4.6638869473e+09 -9.6230825884e+06 3.3817571612e+06 3.5014783840e+02 0.0000000000e+00 -0.0000000000e+00
1.6587810751e+05 1.8047648543e-13 5.3165704674e-14 -4.3679990205e+05 2.8641634078e+07 4.5381790618e-18 4.6079165790e-18 -4.3205985818e+03 -2.8396141939e+03 -4.6638869441e+09 -9.6230825884e+06 3.3817571612e+06 2.9598271349e+02 0.0000000000e+00 -0.0000000000e+00
1.6617409023e+05 1.8181876214e-13 5.4560424136e-14 -1.7149578566e+06 2.7779478435e+07 4.5300825157e-18 4.8183702765e-18 -4.3149100438e+03 -2.9874764859e+03 -4.6638869411e+09 -9.6230825884e+06 3.3817571612e+06 3.8413538693e+02 0.0000000000e+00 -0.0000000000e+00
1.6655822561e+05 1.8355433520e-13 5.6466542929e-14 -3.3692412554e+06 2.6593091513e+07 4.5027120882e-18 5.1091830892e-18 -4.2956799034e+03 -3.1917981468e+03 -4.6638869257e+09 -9.6230825884e+06 3.3817571612e+06 4.3771722186e+02 0.0000000000e+00 -0.0000000000e+00
1.6699594284e+05 1.8551343981e-13 5.8779846553e-14 -5.2412367516e+06 2.5141939055e+07 4.4431874177e-18 5.4649600199e-18 -4.2538585702e+03 -3.4417628326e+03 -4.6638868686e+09 -9.6230825884e+06 3.3817571612e+06 4.8894484495e+02 0.0000000000e+00 -0.0000000000e+00
1.6748488768e+05 1.8766093285e-13 6.1555034234e-14 -7.3035879366e+06 2.3386653397e+07 4.3323547089e-18 5.8916895482e-18 -4.1759888129e+03 -3.7415779789e+03 -4.6638866444e+09 -9.6230825884e+06 3.3817571612e+06 5.5112418959e+02 0.0000000000e+00 -0.0000000000e+00
1.6803601187e+05 1.8999869165e-13 6.4941991620e-14 -9.5700125357e+06 2.1226283828e+07 4.1376167343e-18 6.4041793565e-18 -4.0391682030e+03 -4.1016472889e+03 -4.6638857187e+09 -9.6230825884e+06 3.3817571612e+06 5.1161619913e+02 0.0000000000e+00 -0.0000000000e+00
1.6854762807e+05 1.9205238625e-13 6.8344595856e-14 -1.1592128905e+07 1.9039202563e+07 3.8766809887e-18 6.8990468767e-18 -3.8558378180e+03 -4.4493353866e+03 -4.6638844159e+09 -9.6230825884e+06 3.3817571612e+06 4.6096945608e+02 0.0000000000e+00 -0.0000000000e+00
1.6900859753e+05 1.9377064707e-13 7.1628285426e-14 -1.3321234874e+07 1.6915519345e+07 3.5657458425e-18 7.3467876510e-18 -3.6373784423e+03 -4.7639127871e+03 -4.6638831630e+09 -9.6230825884e+06 3.3817571612e+06 4.1755403140e+02 0.0000000000e+00 -0.0000000000e+00
1.6942615156e+05 1.9518910280e-13 7.4778666214e-14 -1.4790549526e+07 1.4868224318e+07 3.2177443604e-18 7.7396415677e-18 -3.3928766951e+03 -5.0399273272e+03 -4.6638821660e+09 -9.6230825884e+06 3.3817571612e+06 3.9401129291e+02 0.0000000000e+00 -0.0000000000e+00
1.6982016285e+05 1.9638267898e-13 7.7897350932e-14 -1.6075213075e+07 1.2833832009e+07 2.8317624982e-18 8.0856750781e-18 -3.1216903797e+03 -5.2830464006e+03 -4.6638813764e+09 -9.6230825884e+06 3.3817571612e+06 3.8483301473e+02 0.0000000000e+00 -0.0000000000e+00
1.7020499586e+05 1.9739178191e-13 8.1068459395e-14 -1.7219876908e+07 1.0758955781e+07 2.4049522434e-18 8.3878714057e-18 -2.8218185160e+03 -5.4953659852e+03 -4.6638808010e+09 -9.6230825884e+06 3.3817571612e+06 3.5122798096e+02 0.0000000000e+00 -0.0000000000e+00
1.7055622385e+05 1.9816258023e-13 8.4057089317e-14 -1.8159065547e+07 8.7989169388e+06 1.9791195086e-18 8.6231835064e-18 -2.5226334464e+03 -5.6606934987e+03 -4.6638806082e+09 -9.6230825884e+06 3.3817571612e+06 3.2049079041e+02 0.0000000000e+00 -0.0000000000e+00
1.7087671464e+05 1.9873141957e-13 8.6849840241e-14 -1.8921561768e+07 6.9642714692e+06 1.5677011240e-18 8.7980703243e-18 -2.2335757295e+03 -5.7835669195e+03 -4.6638806225e+09 -9.6230825884e+06 3.3817571612e+06 3.0070628501e+02 0.0000000000e+00 -0.0000000000e+00
1.7117742092e+05 1.9914310046e-13 8.9515398875e-14 -1.9551241731e+07 5.2111184656e+06 1.1689217152e-18 8.9243067428e-18 -1.9533980084e+03 -5.8722591420e+03 -4.6638807286e+09 -9.6230825884e+06 3.3817571612e+06 2.8039422606e+02 0.0000000000e+00 -0.0000000000e+00
1.7145781515e+05 1.9941807423e-13 9.2030198829e-14 -2.0061877044e+07 3.5558055079e+06 7.9210311206e-19 9.0077601478e-18 -1.6886496910e+03 -5.9308925225e+03 -4.6638808563e+09 -9.6230825884e+06 3.3817571612e+06 2.6097787031e+02 0.0000000000e+00 -0.0000000000e+00
1.7171879302e+05 1.9957905147e-13 9.4387911277e-14 -2.0470437949e+07 2.0031355130e+06 4.4202369849e-19 9.0558386883e-18 -1.4426880136e+03 -5.9646719394e+03 -4.6638809684e+09 -9.6230825884e+06 3.3817571612e+06 2.3683314422e+02 0.0000000000e+00 -0.0000000000e+00
1.7190936788e+05 1.9963915054e-13 9.6115635193e-14 -2.0728417864e+07 8.6507794521e+05 1.8925288834e-19 9.0734668805e-18 -1.2650942162e+03 -5.9770572999e+03 -4.6638809933e+09 -9.6230825884e+06 3.3817571612e+06 2.0544898093e+02 0.0000000000e+00 -0.0000000000e+00
1.7203823974e+05 1.9965264728e-13 9.7285268986e-14 -2.0883799872e+07 9.4579158907e+04 2.0554459205e-20 9.0773677570e-18 -1.1465686846e+03 -5.9797980098e+03 -4.6638809968e+09 -9.6230825884e+06 3.3817571612e+06 1.3522561437e+02 0.0000000000e+00 -0.0000000000e+00
1.7217346535e+05 1.9964359391e-13 9.8512663293e-14 -2.1030531698e+07 -7.1397361938e+05 -1.5399794323e-19 9.0748009923e-18 -1.0239302202e+03 -5.9779946312e+03 -4.6638810012e+09 -9.6230825884e+06 3.3817571612e+06 2.0714006327e+02 0.0000000000e+00 -0.0000000000e+00
1.7238060541e+05 1.9958447668e-13 1.0039096808e-13 -2.1223505558e+07 -1.9512370050e+06 -4.1552550432e-19 9.0583533127e-18 -8.4018403253e+02 -5.9664386849e+03 -4.6638810375e+09 -9.6230825884e+06 3.3817571612e+06 2.6123155329e+02 0.0000000000e+00 -0.0000000000e+00
1.7264183697e+05 1.9943409277e-13 1.0275245092e-13 -2.1413594986e+07 -3.5064551049e+06 -7.3344104466e-19 9.0177614353e-18 -6.1682031407e+02 -5.9379193095e+03 -4.6638811432e+09 -9.6230825884e+06 3.3817571612e+06 2.7820506927e+02 0.0000000000e+00 -0.0000000000e+00
1.7280000000e+05 1.9930336743e-13 1.0417610667e-13 -2.1500809595e+07 -4.4437731268e+06 -9.1864195791e-19 8.9834748742e-18 -4.8670033126e+02 -5.9138299750e+03 -4.6638811505e+09 -9.6230825884e+06 3.3817571612e+06 2.7919448475e+02 0.0000000000e+00 -0.0000000000e+00
1.7280000000e+05 1.9930336743e-13 1.0417610667e-13 -2.1500809595e+07 -4.4437731268e+06 -9.1864195791e-19 8.9834748742e-18 -4.8670033126e+02 -5.9138299750e+03 -4.6638811505e+09 -9.6230825884e+06 3.3817571612e+06 2.7919448475e+02 0.0000000000e+00 -0.0000000000e+00
