0.0000000000e+00 0.0000000000e+00 0.0000000000e+00 3.1415900000e+08 0.0000000000e+00 0.0000000000e+00 0.0000000000e+00 -1.1650478688e+03 2.8751254469e+02 -4.6638893045e+09 -9.9029068850e+06 2.4438566299e+06 1.0000000000e+01 0.0000000000e+00 -0.0000000000e+00
1.0000000000e+01 2.8740006234e-22 8.7677128456e-28 3.1414734932e+08 2.8751254463e+03 5.7480723044e-23 2.6303626284e-28 -1.1650882541e+03 2.8751254450e+02 -4.6638893045e+09 -9.9029068850e+06 2.4438566299e+06 5.0000000000e+01 0.0000000000e+00 -0.0000000000e+00
6.0000000000e+01 1.0347681508e-20 1.8943528795e-25 3.1408908986e+08 1.7250752548e+04 3.4494830675e-22 9.4728184922e-27 -1.1652902254e+03 2.8751253803e+02 -4.6638893045e+09 -9.9029068850e+06 2.4438566299e+06 2.5000000000e+02 0.0000000000e+00 -0.0000000000e+00
3.1000000000e+02 2.7639653802e-19 2.6163553945e-23 3.1379764097e+08 8.9128870471e+04 1.7838877966e-21 2.5334145385e-25 -1.1663012074e+03 2.8751236669e+02 -4.6638893045e+09 -9.9029068850e+06 2.4438566299e+06 1.2500000000e+03 0.0000000000e+00 -0.0000000000e+00
1.5600000000e+03 7.0211203670e-18 3.3575269821e-21 3.1233659237e+08 4.4851721076e+05 9.0189217895e-21 6.4756094276e-24 -1.1713844572e+03 2.8750799500e+02 -4.6638893045e+09 -9.9029068850e+06 2.4438566299e+06 3.6000000000e+03 0.0000000000e+00 -0.0000000000e+00
5.1600000000e+03 7.7514610072e-17 1.2400579389e-19 3.0809289214e+08 1.4834776056e+06 3.0240788095e-20 7.2804783908e-23 -1.1862946908e+03 2.8746139290e+02 -4.6638893044e+09 -9.9029068850e+06 2.4438566299e+06 3.6000000000e+03 0.0000000000e+00 -0.0000000000e+00
8.7600000000e+03 2.2546939653e-16 6.1947022678e-19 3.0379476852e+08 2.5181746590e+06 5.2058237785e-20 2.1575336233e-22 -1.2016233742e+03 2.8736095891e+02 -4.6638893043e+09 -9.9029068850e+06 2.4438566299e+06 3.6000000000e+03 0.0000000000e+00 -0.0000000000e+00
1.2360000000e+04 4.5308789610e-16 1.7772671620e-18 2.9944067412e+08 3.5524063654e+06 7.4504089559e-20 4.4192308575e-22 -1.2173935656e+03 2.8720205473e+02 -4.6638893042e+09 -9.9029068850e+06 2.4438566299e+06 3.6000000000e+03 0.0000000000e+00 -0.0000000000e+00
1.5960000000e+04 7.6269537507e-16 3.9099082538e-18 2.9502897522e+08 4.5859531577e+06 9.7613819633e-20 7.5861255943e-22 -1.2336301901e+03 2.8697955243e+02 -4.6638893040e+09 -9.9029068850e+06 2.4438566299e+06 3.6000000000e+03 0.0000000000e+00 -0.0000000000e+00
1.9560000000e+04 1.1567500232e-15 7.3575686348e-18 2.9055794473e+08 5.6185760330e+06 1.2142584914e-19 1.1739080261e-21 -1.2503602419e+03 2.8668777072e+02 -4.6638893039e+09 -9.9029068850e+06 2.4438566299e+06 3.6000000000e+03 0.0000000000e+00 -0.0000000000e+00
2.3160000000e+04 1.6378541307e-15 1.2491106919e-17 2.8602575431e+08 6.6500144302e+06 1.4598187081e-19 1.6967884663e-21 -1.2676130138e+03 2.8632040107e+02 -4.6638893037e+09 -9.9029068850e+06 2.4438566299e+06 3.6000000000e+03 0.0000000000e+00 -0.0000000000e+00
2.6760000000e+04 2.2087665216e-15 1.9715493302e-17 2.8143046566e+08 7.6799838222e+06 1.7132722141e-19 2.3372477122e-21 -1.2854203590e+03 2.8587042194e+02 -4.6638893035e+09 -9.9029068850e+06 2.4438566299e+06 3.6000000000e+03 0.0000000000e+00 -0.0000000000e+00
3.0360000000e+04 2.8724164217e-15 2.9473712712e-17 2.7677002072e+08 8.7081729730e+06 1.9751130781e-19 3.1064368507e-21 -1.3038169900e+03 2.8532999870e+02 -4.6638893033e+09 -9.9029068850e+06 2.4438566299e+06 3.6000000000e+03 0.0000000000e+00 -0.0000000000e+00
3.3960000000e+04 3.6319189710e-15 4.2251223017e-17 2.7204223083e+08 9.7342408054e+06 2.2458809611e-19 4.0168309288e-21 -1.3228408229e+03 2.8469036654e+02 -4.6638893030e+09 -9.9029068850e+06 2.4438566299e+06 3.6000000000e+03 0.0000000000e+00 -0.0000000000e+00
3.7560000000e+04 4.4905926269e-15 5.8581064374e-17 2.6724476450e+08 1.0757812812e+07 2.5261667510e-19 5.0824249034e-21 -1.3425333728e+03 2.8394169274e+02 -4.6638893027e+09 -9.9029068850e+06 2.4438566299e+06 3.6000000000e+03 0.0000000000e+00 -0.0000000000e+00
4.1160000000e+04 5.4519787501e-15 7.9049735616e-17 2.6237513359e+08 1.1778476925e+07 2.8166190809e-19 6.3189649582e-21 -1.3629402118e+03 2.8307291425e+02 -4.6638893023e+09 -9.9029068850e+06 2.4438566299e+06 3.6000000000e+03 0.0000000000e+00 -0.0000000000e+00
4.4760000000e+04 6.5198637211e-15 1.0430397820e-16 2.5743067785e+08 1.2795778752e+07 3.1179518974e-19 7.7442228086e-21 -1.3841115010e+03 2.8207154485e+02 -4.6638893018e+09 -9.9029068850e+06 2.4438566299e+06 3.6000000000e+03 0.0000000000e+00 -0.0000000000e+00
4.8360000000e+04 7.6983040008e-15 1.3505863905e-16 2.5240854724e+08 1.3809216050e+07 3.4309532898e-19 9.3783225529e-21 -1.4061026105e+03 2.8092344560e+02 -4.6638893013e+09 -9.9029068850e+06 2.4438566299e+06 3.6000000000e+03 0.0000000000e+00 -0.0000000000e+00
5.1960000000e+04 8.9916546337e-15 1.7210582224e-16 2.4730568197e+08 1.4818232296e+07 3.7564958335e-19 1.1244132119e-20 -1.4289748467e+03 2.7961254975e+02 -4.6638893006e+09 -9.9029068850e+06 2.4438566299e+06 3.6000000000e+03 0.0000000000e+00 -0.0000000000e+00
5.5560000000e+04 1.0404601795e-14 2.1632558861e-16 2.4211878959e+08 1.5822209169e+07 4.0955487690e-19 1.3367734613e-20 -1.4527963070e+03 2.7812053162e+02 -4.6638892999e+09 -9.9029068850e+06 2.4438566299e+06 3.6000000000e+03 0.0000000000e+00 -0.0000000000e+00
5.9160000000e+04 1.1942200110e-14 2.6869852458e-16 2.3684431878e+08 1.6820457722e+07 4.4491924156e-19 1.5778999155e-20 -1.4776428936e+03 2.7642640552e+02 -4.6638892989e+09 -9.9029068850e+06 2.4438566299e+06 3.6000000000e+03 0.0000000000e+00 -0.0000000000e+00
6.2760000000e+04 1.3609915639e-14 3.3032058201e-16 2.3147842914e+08 1.7812207950e+07 4.8186353223e-19 1.8512276444e-20 -1.5035995176e+03 2.7450603705e+02 -4.6638892977e+09 -9.9029068850e+06 2.4438566299e+06 3.6000000000e+03 0.0000000000e+00 -0.0000000000e+00
6.6360000000e+04 1.5413675624e-14 4.0242069438e-16 2.2601695627e+08 1.8796596420e+07 5.2052347979e-19 2.1607251879e-20 -1.5307615419e+03 2.7233154372e+02 -4.6638892963e+09 -9.9029068850e+06 2.4438566299e+06 3.6000000000e+03 0.0000000000e+00 -0.0000000000e+00
6.9960000000e+04 1.7359926349e-14 4.8638181057e-16 2.2045537108e+08 1.9772651488e+07 5.6105216378e-19 2.5109999281e-20 -1.5592365185e+03 2.6987055461e+02 -4.6638892945e+09 -9.9029068850e+06 2.4438566299e+06 3.6000000000e+03 0.0000000000e+00 -0.0000000000e+00
7.3560000000e+04 1.9455700821e-14 5.8376616611e-16 2.1478873226e+08 2.0739275547e+07 6.0362301077e-19 2.9074292220e-20 -1.5891462947e+03 2.6708528903e+02 -4.6638892923e+09 -9.9029068850e+06 2.4438566299e+06 3.6000000000e+03 0.0000000000e+00 -0.0000000000e+00
7.7160000000e+04 2.1708698384e-14 6.9634584963e-16 2.0901163035e+08 2.1695223547e+07 6.4843345641e-19 3.3563249174e-20 -1.6206295867e+03 2.6393140068e+02 -4.6638892895e+09 -9.9029068850e+06 2.4438566299e+06 3.6000000000e+03 0.0000000000e+00 -0.0000000000e+00
8.0760000000e+04 2.4127378980e-14 8.2614004256e-16 2.0311812149e+08 2.2639076834e+07 6.9570945291e-19 3.8651415630e-20 -1.6538451456e+03 2.6035651479e+02 -4.6638892859e+09 -9.9029068850e+06 2.4438566299e+06 3.6000000000e+03 0.0000000000e+00 -0.0000000000e+00
8.4360000000e+04 2.6721075510e-14 9.7546074535e-16 1.9710164850e+08 2.3569211026e+07 7.4571106380e-19 4.4427424200e-20 -1.6889756892e+03 2.5629835912e+02 -4.6638892813e+09 -9.9029068850e+06 2.4438566299e+06 3.6000000000e+03 0.0000000000e+00 -0.0000000000e+00
8.7960000000e+04 2.9500128764e-14 1.1469694036e-15 1.9095494605e+08 2.4483756222e+07 7.9873947189e-19 5.0997428279e-20 -1.7262328248e+03 2.5168235155e+02 -4.6638892753e+09 -9.9029068850e+06 2.4438566299e+06 3.6000000000e+03 0.0000000000e+00 -0.0000000000e+00
9.1560000000e+04 3.2476050773e-14 1.3437476849e-15 1.8466992593e+08 2.5380547277e+07 8.5514584426e-19 5.8489584046e-20 -1.7658632785e+03 2.4641845105e+02 -4.6638892673e+09 -9.9029068850e+06 2.4438566299e+06 3.6000000000e+03 0.0000000000e+00 -0.0000000000e+00
9.5160000000e+04 3.5661724300e-14 1.5693868437e-15 1.7823753686e+08 2.6257061020e+07 9.1534266831e-19 6.7059972931e-20 -1.8081568588e+03 2.4039699665e+02 -4.6638892566e+09 -9.9029068850e+06 2.4438566299e+06 3.6000000000e+03 0.0000000000e+00 -0.0000000000e+00
9.8760000000e+04 3.9071648835e-14 1.8281018184e-15 1.7164759167e+08 2.7110336083e+07 9.7981841990e-19 7.6900533392e-20 -1.8534567634e+03 2.3348313464e+02 -4.6638892421e+09 -9.9029068850e+06 2.4438566299e+06 3.6000000000e+03 0.0000000000e+00 -0.0000000000e+00
1.0236000000e+05 4.2722247170e-14 2.1248787079e-15 1.6488855190e+08 2.7936869293e+07 1.0491567914e-18 8.8249842540e-20 -1.9021730875e+03 2.2550924355e+02 -4.6638892219e+09 -9.9029068850e+06 2.4438566299e+06 3.6000000000e+03 0.0000000000e+00 -0.0000000000e+00
1.0596000000e+05 4.6632251963e-14 2.4656680069e-15 1.5794725621e+08 2.8732479901e+07 1.1240622630e-18 1.0140801482e-19 -1.9548007905e+03 2.1626446651e+02 -4.6638891933e+09 -9.9029068850e+06 2.4438566299e+06 3.6000000000e+03 0.0000000000e+00 -0.0000000000e+00
1.0956000000e+05 5.0823199564e-14 2.8576416796e-15 1.5080857340e+08 2.9492128971e+07 1.2053946566e-18 1.1675767162e-19 -2.0119439734e+03 2.0547997823e+02 -4.6638891520e+09 -9.9029068850e+06 2.4438566299e+06 3.6000000000e+03 0.0000000000e+00 -0.0000000000e+00
1.1316000000e+05 5.5320070147e-14 3.3095410525e-15 1.4345495270e+08 3.0209674949e+07 1.2942166721e-18 1.3479407106e-19 -2.0743492766e+03 1.9280781617e+02 -4.6638890907e+09 -9.9029068850e+06 2.4438566299e+06 3.5103926004e+03 0.0000000000e+00 -0.0000000000e+00
1.1667039260e+05 6.0027524496e-14 3.8181888300e-15 1.3605777524e+08 3.0861586914e+07 1.3893104319e-18 1.5559041393e-19 -2.1411610334e+03 1.7819655034e+02 -4.6638890086e+09 -9.9029068850e+06 2.4438566299e+06 3.1662404863e+03 0.0000000000e+00 -0.0000000000e+00
1.1951728928e+05 6.4101141863e-14 4.2885624101e-15 1.2987892869e+08 3.1349626480e+07 1.4736550848e-18 1.7533462733e-19 -2.2004205943e+03 1.6432449829e+02 -4.6638889656e+09 -9.9029068850e+06 2.4438566299e+06 2.8655018303e+03 0.0000000000e+00 -0.0000000000e+00
1.2238279111e+05 6.8454537759e-14 4.8232114174e-15 1.2348183715e+08 3.1797856101e+07 1.5662155065e-18 1.9842177065e-19 -2.2654524576e+03 1.4810374300e+02 -4.6638889004e+09 -9.9029068850e+06 2.4438566299e+06 2.5896089417e+03 0.0000000000e+00 -0.0000000000e+00
1.2471098902e+05 7.2194956436e-14 5.3098192379e-15 1.1814140098e+08 3.2125357276e+07 1.6479887698e-18 2.2006746642e-19 -2.3229053904e+03 1.3289573181e+02 -4.6638888668e+09 -9.9029068850e+06 2.4438566299e+06 2.3443253899e+03 0.0000000000e+00 -0.0000000000e+00
1.2705531441e+05 7.6161531277e-14 5.8543202122e-15 1.1262328087e+08 3.2416820255e+07 1.7372296165e-18 2.4504259741e-19 -2.3856049594e+03 1.1534849860e+02 -4.6638888171e+09 -9.9029068850e+06 2.4438566299e+06 2.1150557357e+03 0.0000000000e+00 -0.0000000000e+00
1.2895045266e+05 7.9526802908e-14 6.3400554472e-15 1.0805095383e+08 3.2620424416e+07 1.8151772976e-18 2.6802569762e-19 -2.4403700831e+03 9.9200842782e+01 -4.6638887929e+09 -9.9029068850e+06 2.4438566299e+06 1.9102603733e+03 0.0000000000e+00 -0.0000000000e+00
1.3066328442e+05 8.2699856855e-14 6.8187394392e-15 1.0382607247e+08 3.2776567290e+07 1.8907188994e-18 2.9135139543e-19 -2.4934447238e+03 8.2812481922e+01 -4.6638887730e+09 -9.9029068850e+06 2.4438566299e+06 1.7275445356e+03 0.0000000000e+00 -0.0000000000e+00
1.3220271074e+05 8.5665718759e-14 7.2849364785e-15 9.9948787437e+07 3.2891627114e+07 1.9632636086e-18 3.1473784564e-19 -2.5444137830e+03 6.6381437144e+01 -4.6638887573e+09 -9.9029068850e+06 2.4438566299e+06 1.5550879896e+03 0.0000000000e+00 -0.0000000000e+00
1.3357393599e+05 8.8404472202e-14 7.7320719272e-15 9.6427028429e+07 3.2971719470e+07 2.0320330845e-18 3.3780980981e-19 -2.5927304077e+03 5.0171346546e+01 -4.6638887456e+09 -9.9029068850e+06 2.4438566299e+06 1.3891275722e+03 0.0000000000e+00 -0.0000000000e+00
1.3477527320e+05 9.0883612422e-14 8.1510347925e-15 9.3285598321e+07 3.3022760608e+07 2.0958531840e-18 3.6001627453e-19 -2.6375696588e+03 3.4569345688e+01 -4.6638887379e+09 -9.9029068850e+06 2.4438566299e+06 1.2244038757e+03 0.0000000000e+00 -0.0000000000e+00
1.3579035533e+05 9.3039664500e-14 8.5267039699e-15 9.0588162226e+07 3.3050668709e+07 2.1526389202e-18 3.8042571979e-19 -2.6774666490e+03 2.0229909560e+01 -4.6638887337e+09 -9.9029068850e+06 2.4438566299e+06 1.0525405888e+03 0.0000000000e+00 -0.0000000000e+00
1.3654567956e+05 9.4682156605e-14 8.8201342458e-15 8.8554177706e+07 3.3061673243e+07 2.1967387251e-18 3.9670258880e-19 -2.7084506531e+03 8.7939728897e+00 -4.6638887325e+09 -9.9029068850e+06 2.4438566299e+06 8.6649971065e+02 0.0000000000e+00 -0.0000000000e+00
1.3730761890e+05 9.6373426444e-14 9.1289788637e-15 8.6478215611e+07 3.3063749766e+07 2.2429398238e-18 4.1415903850e-19 -2.7409110015e+03 -3.4707233047e+00 -4.6638887311e+09 -9.9029068850e+06 2.4438566299e+06 7.1512753357e+02 0.0000000000e+00 -0.0000000000e+00
1.3802274644e+05 9.7993417910e-14 9.4313209864e-15 8.4506870857e+07 3.3056935884e+07 2.2879759273e-18 4.3157669675e-19 -2.7725528380e+03 -1.5708165075e+01 -4.6638887298e+09 -9.9029068850e+06 2.4438566299e+06 8.9866237600e+02 0.0000000000e+00 -0.0000000000e+00
1.3892140881e+05 1.0007586158e-13 9.8295627658e-15 8.1996785750e+07 3.3035512602e+07 2.3470397528e-18 4.5502618447e-19 -2.8140503869e+03 -3.2183499269e+01 -4.6638887251e+09 -9.9029068850e+06 2.4438566299e+06 9.9074558202e+02 0.0000000000e+00 -0.0000000000e+00
1.3991215439e+05 1.0243483783e-13 1.0294091275e-14 7.9185130760e+07 3.2993992119e+07 2.4156142618e-18 4.8312539950e-19 -2.8622300302e+03 -5.1925677169e+01 -4.6638887154e+09 -9.9029068850e+06 2.4438566299e+06 1.0365725708e+03 0.0000000000e+00 -0.0000000000e+00
1.4094872696e+05 1.0497779904e-13 1.0811336492e-14 7.6190819466e+07 3.2928609333e+07 2.4916302169e-18 5.1538701928e-19 -2.9156379459e+03 -7.4592311679e+01 -4.6638886997e+09 -9.9029068850e+06 2.4438566299e+06 1.0548079271e+03 0.0000000000e+00 -0.0000000000e+00
1.4200353489e+05 1.0764894456e-13 1.1373777492e-14 7.3085202318e+07 3.2836715415e+07 2.5739569750e-18 5.5166947880e-19 -2.9734797576e+03 -1.0008394089e+02 -4.6638886770e+09 -9.9029068850e+06 2.4438566299e+06 1.0547800189e+03 0.0000000000e+00 -0.0000000000e+00
1.4305831491e+05 1.1040975477e-13 1.1976550174e-14 6.9916620332e+07 3.2716476907e+07 2.6618865253e-18 5.9199236223e-19 -3.0352580252e+03 -1.2841432440e+02 -4.6638886464e+09 -9.9029068850e+06 2.4438566299e+06 1.0420274902e+03 0.0000000000e+00 -0.0000000000e+00
1.4410034240e+05 1.1323142714e-13 1.2616161300e-14 6.6720134614e+07 3.2566689630e+07 2.7549347300e-18 6.3646779134e-19 -3.1006325991e+03 -1.5966223765e+02 -4.6638886072e+09 -9.9029068850e+06 2.4438566299e+06 1.0202090074e+03 0.0000000000e+00 -0.0000000000e+00
1.4512055141e+05 1.1609133147e-13 1.3289905575e-14 6.3522207150e+07 3.2386647717e+07 2.8527487098e-18 6.8527022524e-19 -3.1693555506e+03 -1.9395025356e+02 -4.6638885585e+09 -9.9029068850e+06 2.4438566299e+06 9.9190925188e+02 0.0000000000e+00 -0.0000000000e+00
1.4611246066e+05 1.1897111449e-13 1.3995567724e-14 6.0343283721e+07 3.2176044146e+07 2.9550573526e-18 7.3862174660e-19 -3.2412363994e+03 -2.3143440481e+02 -4.6638884996e+09 -9.9029068850e+06 2.4438566299e+06 9.5903491731e+02 0.0000000000e+00 -0.0000000000e+00
1.4707149558e+05 1.2185558493e-13 1.4731257861e-14 5.7199367139e+07 3.1934891480e+07 3.0616420021e-18 7.9678460606e-19 -3.3161215202e+03 -2.7229894559e+02 -4.6638884296e+09 -9.9029068850e+06 2.4438566299e+06 9.2303250867e+02 0.0000000000e+00 -0.0000000000e+00
1.4799452809e+05 1.2473200745e-13 1.5495315937e-14 5.4103049461e+07 3.1663456691e+07 3.1723175703e-18 8.6005758992e-19 -3.3938808723e+03 -3.1675379966e+02 -4.6638883477e+09 -9.9029068850e+06 2.4438566299e+06 8.8501908108e+02 0.0000000000e+00 -0.0000000000e+00
1.4887954717e+05 1.2758962777e-13 1.6286254844e-14 5.1064229445e+07 3.1362206407e+07 3.2869194136e-18 9.2877461506e-19 -3.4743987792e+03 -3.6503357309e+02 -4.6638882532e+09 -9.9029068850e+06 2.4438566299e+06 8.4586638532e+02 0.0000000000e+00 -0.0000000000e+00
1.4972541355e+05 1.3041933658e-13 1.7102726482e-14 4.8090634498e+07 3.1031760237e+07 3.4052935340e-18 1.0033047519e-18 -3.5575670435e+03 -4.1739757041e+02 -4.6638881453e+09 -9.9029068850e+06 2.4438566299e+06 8.0625817830e+02 0.0000000000e+00 -0.0000000000e+00
1.5053167173e+05 1.3321342081e-13 1.7943502154e-14 4.5188214417e+07 3.0672850482e+07 3.5272887241e-18 1.0840532589e-18 -3.6432794288e+03 -4.7413052141e+02 -4.6638880230e+09 -9.9029068850e+06 2.4438566299e+06 7.6673108182e+02 0.0000000000e+00 -0.0000000000e+00
1.5129840281e+05 1.3596537246e-13 1.8807462313e-14 4.2361447149e+07 3.0286287043e+07 3.6527498164e-18 1.1714634100e-18 -3.7314269163e+03 -5.3554386527e+02 -4.6638878858e+09 -9.9029068850e+06 2.4438566299e+06 7.2770482058e+02 0.0000000000e+00 -0.0000000000e+00
1.5202610763e+05 1.3866973658e-13 1.9693592687e-14 3.9613581788e+07 2.9872926532e+07 3.7815114820e-18 1.2660190117e-18 -3.8218933477e+03 -6.0197751860e+02 -4.6638877326e+09 -9.9029068850e+06 2.4438566299e+06 6.8950528283e+02 0.0000000000e+00 -0.0000000000e+00
1.5271561292e+05 1.4132198695e-13 2.0600984992e-14 3.6946835220e+07 2.9433644792e+07 3.9133921821e-18 1.3682475747e-18 -3.9145511761e+03 -6.7380210428e+02 -4.6638875628e+09 -9.9029068850e+06 2.4438566299e+06 6.5238253077e+02 0.0000000000e+00 -0.0000000000e+00
1.5336799545e+05 1.4391842212e-13 2.1528841176e-14 3.4362553536e+07 2.8969312115e+07 4.0481879553e-18 1.4787241592e-18 -4.0092571005e+03 -7.5142165279e+02 -4.6638873757e+09 -9.9029068850e+06 2.4438566299e+06 6.1652515081e+02 0.0000000000e+00 -0.0000000000e+00
1.5398452060e+05 1.4645607679e-13 2.2476480631e-14 3.1861345909e+07 2.8480770498e+07 4.1856657586e-18 1.5980759516e-18 -4.1058473877e+03 -8.3527681800e+02 -4.6638871703e+09 -9.9029068850e+06 2.4438566299e+06 5.8207186288e+02 0.0000000000e+00 -0.0000000000e+00
1.5456659246e+05 1.4893264524e-13 2.3443350141e-14 2.9443196466e+07 2.7968812317e+07 4.3255560839e-18 1.7269876730e-18 -4.2041326845e+03 -9.2584867684e+02 -4.6638869462e+09 -9.9029068850e+06 2.4438566299e+06 5.4912104096e+02 0.0000000000e+00 -0.0000000000e+00
1.5511571350e+05 1.5134641471e-13 2.4429036659e-14 2.7107558139e+07 2.7434159754e+07 4.4675445438e-18 1.8662079615e-18 -4.3038921060e+03 -1.0236632137e+03 -4.6638867028e+09 -9.9029068850e+06 2.4438566299e+06 5.1773861035e+02 0.0000000000e+00 -0.0000000000e+00
1.5563345211e+05 1.5369620697e-13 2.5433283232e-14 2.4853431475e+07 2.6877444272e+07 4.6112620715e-18 2.0165569254e-18 -4.4048663501e+03 -1.1292966269e+03 -4.6638864395e+09 -9.9029068850e+06 2.4438566299e+06 4.8796467449e+02 0.0000000000e+00 -0.0000000000e+00
1.5612141679e+05 1.5598132735e-13 2.6456008705e-14 2.2679430576e+07 2.6299185352e+07 4.7562732922e-18 2.1789351296e-18 -4.5067495278e+03 -1.2433816428e+03 -4.6638861561e+09 -9.9029068850e+06 2.4438566299e+06 4.5981914432e+02 0.0000000000e+00 -0.0000000000e+00
1.5658123593e+05 1.5820152033e-13 2.7497332153e-14 2.0583837792e+07 2.5699767520e+07 4.9020625009e-18 2.3543343686e-18 -4.6091793106e+03 -1.3666150846e+03 -4.6638858526e+09 -9.9029068850e+06 2.4438566299e+06 4.3330659542e+02 0.0000000000e+00 -0.0000000000e+00
1.5701454253e+05 1.6035693157e-13 2.8557603419e-14 1.8564648286e+07 2.5079414484e+07 5.0480164948e-18 2.5438507010e-18 -4.7117248696e+03 -1.4997670302e+03 -4.6638855290e+09 -9.9029068850e+06 2.4438566299e+06 4.0842054466e+02 0.0000000000e+00 -0.0000000000e+00
1.5742296307e+05 1.6244807619e-13 2.9637441718e-14 1.6619605196e+07 2.4438158829e+07 5.1934032426e-18 2.7487003881e-18 -4.8138718882e+03 -1.6436920104e+03 -4.6638851861e+09 -9.9029068850e+06 2.4438566299e+06 3.8514733439e+02 0.0000000000e+00 -0.0000000000e+00
1.5780811040e+05 1.6447581358e-13 3.0737785101e-14 1.4746225680e+07 2.3775805204e+07 5.3373449780e-18 2.9702396226e-18 -4.9150036581e+03 -1.7993428702e+03 -4.6638848248e+09 -9.9029068850e+06 2.4438566299e+06 3.6346980216e+02 0.0000000000e+00 -0.0000000000e+00
1.5817158021e+05 1.6644132930e-13 3.1859954750e-14 1.2941817737e+07 2.3091884138e+07 5.4787837085e-18 3.2099892744e-18 -5.0143768461e+03 -1.9677881549e+03 -4.6638844471e+09 -9.9029068850e+06 2.4438566299e+06 3.4337094868e+02 0.0000000000e+00 -0.0000000000e+00
1.5851495116e+05 1.6834612490e-13 3.3005739877e-14 1.1203487167e+07 2.2385592443e+07 5.6164362282e-18 3.4696663794e-18 -5.1110898870e+03 -2.1502342339e+03 -4.6638840556e+09 -9.9029068850e+06 2.4438566299e+06 3.2483785716e+02 0.0000000000e+00 -0.0000000000e+00
1.5883978901e+05 1.7019201703e-13 3.4177511689e-14 9.5281334226e+06 2.1655714312e+07 5.7487343009e-18 3.7512248270e-18 -5.2040409564e+03 -2.3480538867e+03 -4.6638836542e+09 -9.9029068850e+06 2.4438566299e+06 3.0786619922e+02 0.0000000000e+00 -0.0000000000e+00
1.5914765521e+05 1.7198114773e-13 3.5378379056e-14 7.9124323774e+06 2.0900514423e+07 5.8737434041e-18 4.0569087597e-18 -5.2918708817e+03 -2.5628238215e+03 -4.6638832485e+09 -9.9029068850e+06 2.4438566299e+06 2.9246578124e+02 0.0000000000e+00 -0.0000000000e+00
1.5944012099e+05 1.7371600824e-13 3.6612404939e-14 6.3528031624e+06 2.0117589936e+07 5.9890496745e-18 4.3893237134e-18 -5.3728837107e+03 -2.7963746572e+03 -4.6638828461e+09 -9.9029068850e+06 2.4438566299e+06 2.7866773642e+02 0.0000000000e+00 -0.0000000000e+00
1.5971878873e+05 1.7539947822e-13 3.7884912624e-14 4.8453557047e+06 1.9303661478e+07 6.0915983447e-18 4.7515325434e-18 -5.4449331999e+03 -3.0508583199e+03 -4.6638824576e+09 -9.9029068850e+06 2.4438566299e+06 2.6653406240e+02 0.0000000000e+00 -0.0000000000e+00
1.5998532279e+05 1.7703488013e-13 3.9202925469e-14 3.3858166236e+06 1.8454273045e+07 6.1774559675e-18 5.1471852981e-18 -5.5052557557e+03 -3.3288392906e+03 -4.6638820972e+09 -9.9029068850e+06 2.4438566299e+06 2.4179814193e+02 0.0000000000e+00 -0.0000000000e+00
1.6018736518e+05 1.7828851064e-13 4.0276353964e-14 2.2696415219e+06 1.7758184535e+07 6.2298902144e-18 5.4843358570e-18 -5.5420954407e+03 -3.5657173068e+03 -4.6638819984e+09 -9.9029068850e+06 2.4438566299e+06 2.0735277527e+02 0.0000000000e+00 -0.0000000000e+00
1.6035681873e+05 1.7934707083e-13 4.1231644457e-14 1.3284880833e+06 1.7135728694e+07 6.2617765320e-18 5.7951077848e-18 -5.5644983923e+03 -3.7840620072e+03 -4.6638819568e+09 -9.9029068850e+06 2.4438566299e+06 1.7629674269e+02 0.0000000000e+00 -0.0000000000e+00
1.6048529940e+05 1.8015262223e-13 4.1992359739e-14 6.1283102418e+05 1.6638198890e+07 6.2763105785e-18 6.0493929612e-18 -5.5747098423e+03 -3.9627197805e+03 -4.6638819465e+09 -9.9029068850e+06 2.4438566299e+06 1.4488740701e+02 0.0000000000e+00 -0.0000000000e+00
1.6054438887e+05 1.8052359548e-13 4.2353421713e-14 2.8334751908e+05 1.6401509958e+07 6.2796295172e-18 6.1720819153e-18 -5.5770416896e+03 -4.0489195963e+03 -4.6638819463e+09 -9.9029068850e+06 2.4438566299e+06 1.2118143680e+02 0.0000000000e+00 -0.0000000000e+00
1.6066557030e+05 1.8128462312e-13 4.3117164326e-14 -3.9252371631e+05 1.5899754567e+07 6.2786534948e-18 6.4355705720e-18 -5.5763559478e+03 -4.2340436266e+03 -4.6638819395e+09 -9.9029068850e+06 2.4438566299e+06 1.2661071452e+02 0.0000000000e+00 -0.0000000000e+00
1.6079218102e+05 1.8207883005e-13 4.3950334603e-14 -1.0980317047e+06 1.5350781101e+07 6.2645608094e-18 6.7286669892e-18 -5.5664545928e+03 -4.4399697211e+03 -4.6638819319e+09 -9.9029068850e+06 2.4438566299e+06 1.5148860447e+02 0.0000000000e+00 -0.0000000000e+00
1.6094366962e+05 1.8302526570e-13 4.4997758274e-14 -1.9394777372e+06 1.4658428427e+07 6.2263031565e-18 7.1043780273e-18 -5.5395752160e+03 -4.7039398763e+03 -4.6638819162e+09 -9.9029068850e+06 2.4438566299e+06 1.6578375484e+02 0.0000000000e+00 -0.0000000000e+00
1.6110945338e+05 1.8405180666e-13 4.6211835446e-14 -2.8538593476e+06 1.3853096998e+07 6.1513914748e-18 7.5478074519e-18 -5.4869431497e+03 -5.0154881733e+03 -4.6638818854e+09 -9.9029068850e+06 2.4438566299e+06 1.7643957665e+02 0.0000000000e+00 -0.0000000000e+00
1.6128589295e+05 1.8512673282e-13 4.7587921398e-14 -3.8146503755e+06 1.2937003789e+07 6.0241410958e-18 8.0568663347e-18 -5.3975385305e+03 -5.3731469554e+03 -4.6638817893e+09 -9.9029068850e+06 2.4438566299e+06 1.8871324296e+02 0.0000000000e+00 -0.0000000000e+00
1.6147460620e+05 1.8624553822e-13 4.9162888311e-14 -4.8205698492e+06 1.1884707990e+07 5.8200306084e-18 8.6412361631e-18 -5.2541329033e+03 -5.7837183219e+03 -4.6638814153e+09 -9.9029068850e+06 2.4438566299e+06 2.1435215189e+02 0.0000000000e+00 -0.0000000000e+00
1.6168895835e+05 1.8745905607e-13 5.1090029313e-14 -5.9229037311e+06 1.0592350327e+07 5.4817751692e-18 9.3458005265e-18 -5.0164786112e+03 -6.2787369546e+03 -4.6638795486e+09 -9.9029068850e+06 2.4438566299e+06 1.9999550566e+02 0.0000000000e+00 -0.0000000000e+00
1.6186628007e+05 1.8839865071e-13 5.2800462997e-14 -6.7896401676e+06 9.4416019633e+06 5.0990234164e-18 9.9473743776e-18 -4.7475617327e+03 -6.7013956651e+03 -4.6638779140e+09 -9.9029068850e+06 2.4438566299e+06 1.7737615698e+02 2.3507720121e-311 -1.6410209453e-303
1.6204365623e+05 1.8926134180e-13 5.4618219328e-14 -7.6024084918e+06 8.2154656206e+06 4.6096923311e-18 1.0546273716e-17 -4.4037634690e+03 -7.1221752946e+03 -4.6638751495e+09 -9.9029068850e+06 2.4438566299e+06 1.6174619222e+02 3.5736897547e-285 -2.5436193695e-277
1.6220540242e+05 1.8996415176e-13 5.6366731141e-14 -8.2846365567e+06 7.0334858504e+06 4.0647613155e-18 1.1068388395e-17 -4.0209013483e+03 -7.4890069256e+03 -4.6638727068e+09 -9.9029068850e+06 2.4438566299e+06 1.5056872438e+02 1.2839996885e-265 -9.2770821549e-258
1.6235597115e+05 1.9053266999e-13 5.8067384569e-14 -8.8594905486e+06 5.8819171570e+06 3.4738443146e-18 1.1512958903e-17 -3.6057300155e+03 -7.8013569337e+03 -4.6638707869e+09 -9.9029068850e+06 2.4438566299e+06 1.4123019411e+02 1.3170574863e-251 -9.6213394617e-244
1.6247901640e+05 1.9092749907e-13 5.9504126167e-14 -9.2802464300e+06 4.9078564685e+06 2.9361624124e-18 1.1832545960e-17 -3.2279610367e+03 -8.0258950406e+03 -4.6638701461e+09 -9.9029068850e+06 2.4438566299e+06 1.2429871635e+02 1.9735455890e-243 -1.4511679175e-235
1.6260331512e+05 1.9125647970e-13 6.0992376571e-14 -9.6561983078e+06 3.8979666835e+06 2.3509831431e-18 1.2104517473e-17 -2.8168209665e+03 -8.2169790255e+03 -4.6638696959e+09 -9.9029068850e+06 2.4438566299e+06 1.1325787818e+02 2.4439802448e-238 -1.8044943198e-230
1.6271657300e+05 1.9149117712e-13 6.2374908488e-14 -9.9530447987e+06 2.9591790844e+06 1.7898664600e-18 1.2300691546e-17 -2.4225869864e+03 -8.3548086216e+03 -4.6638696113e+09 -9.9029068850e+06 2.4438566299e+06 1.0578851310e+02 1.4719816846e-236 -1.0883992519e-228
1.6282236151e+05 1.9165208198e-13 6.3683730266e-14 -1.0189343343e+07 2.0700318258e+06 1.2503951517e-18 1.2435405262e-17 -2.0435607919e+03 -8.4494568937e+03 -4.6638697013e+09 -9.9029068850e+06 2.4438566299e+06 9.7681789730e+01 2.1679642207e-237 -1.6019324646e-229
1.6292004330e+05 1.9174963023e-13 6.4902748314e-14 -1.0371683559e+07 1.2416488263e+06 7.4654857629e-19 1.2516606432e-17 -1.6895641156e+03 -8.5065078801e+03 -4.6638698492e+09 -9.9029068850e+06 2.4438566299e+06 8.8222167248e+01 2.7464752944e-240 -2.0246396036e-232
1.6299421143e+05 1.9179082072e-13 6.5832486760e-14 -1.0487032939e+07 6.0974980120e+05 3.6455616393e-19 1.2550544811e-17 -1.4211807407e+03 -8.5303525862e+03 -4.6638699005e+09 -9.9029068850e+06 2.4438566299e+06 7.7424537536e+01 7.8720729568e-244 -5.7865556473e-236
1.6304220987e+05 1.9180242057e-13 6.6435159020e-14 -1.0551103323e+07 2.0011951272e+05 1.1909967483e-19 1.2560004750e-17 -1.2487258992e+03 -8.5369990279e+03 -4.6638699070e+09 -9.9029068850e+06 2.4438566299e+06 6.2900197012e+01 9.9691673820e-247 -7.3110546385e-239
1.6310511006e+05 1.9179988117e-13 6.7225206409e-14 -1.0622600915e+07 -3.3687389245e+05 -1.9907561364e-19 1.2557978280e-17 -1.0251796847e+03 -8.5355752539e+03 -4.6638699348e+09 -9.9029068850e+06 2.4438566299e+06 7.0940611910e+01 3.1557287399e-251 -2.3060116142e-243
1.6317605068e+05 1.9177321362e-13 6.8115443388e-14 -1.0686513814e+07 -9.4194760433e+05 -5.5145405214e-19 1.2536877590e-17 -7.7760273948e+02 -8.5207501577e+03 -4.6638699881e+09 -9.9029068850e+06 2.4438566299e+06 8.9357058009e+01 3.1232066107e-257 -2.2714253325e-249
1.6326540773e+05 1.9170455342e-13 6.9233540683e-14 -1.0742379219e+07 -1.7018183343e+06 -9.8271872423e-19 1.2483774880e-17 -4.7460125457e+02 -8.4834408178e+03 -4.6638701577e+09 -9.9029068850e+06 2.4438566299e+06 8.4903283721e+01 3.8419961762e-266 -2.7747665477e-258
1.6334060819e+05 1.9161741644e-13 7.0169971658e-14 -1.0768769933e+07 -2.3381226455e+06 -1.3325929442e-18 1.2418133324e-17 -2.2878374377e+02 -8.4373218334e+03 -4.6638702241e+09 -9.9029068850e+06 2.4438566299e+06 7.7164581027e+01 9.5283455307e-275 -6.8359777379e-267
1.6338741338e+05 1.9155008529e-13 7.0750068046e-14 -1.0775994142e+07 -2.7322344651e+06 -1.5435839687e-18 1.2368495468e-17 -8.0543932237e+01 -8.4024468591e+03 -4.6638702297e+09 -9.9029068850e+06 2.4438566299e+06 6.5360906668e+01 1.3709166286e-280 -9.7916458338e-273
1.6345277429e+05 1.9143981127e-13 7.1555946851e-14 -1.0774665499e+07 -3.2796433517e+06 -1.8288631869e-18 1.2288959807e-17 1.1988989023e+02 -8.3465660399e+03 -4.6638702572e+09 -9.9029068850e+06 2.4438566299e+06 7.3657852062e+01 2.4262447338e-289 -1.7214965769e-281
1.6352643214e+05 1.9129367618e-13 7.2457431022e-14 -1.0757807625e+07 -3.8918379682e+06 -2.1365954288e-18 1.2186537271e-17 3.3609894301e+02 -8.2746051708e+03 -4.6638703006e+09 -9.9029068850e+06 2.4438566299e+06 9.5346117515e+01 5.4244276572e-300 -3.8183707000e-292
1.6362177825e+05 1.9107184048e-13 7.3612369779e-14 -1.0713031267e+07 -4.6758711465e+06 -2.5123719998e-18 1.2036738643e-17 6.0011514091e+02 -8.1693584170e+03 -4.6638704311e+09 -9.9029068850e+06 2.4438566299e+06 1.1436472301e+02 6.2087313232e-315 -4.3229317244e-307
1.6373614298e+05 1.9076034463e-13 7.4977682173e-14 -1.0627418324e+07 -5.6022422792e+06 -2.9287802294e-18 1.1836444209e-17 8.9267866414e+02 -8.0286339041e+03 -4.6638706741e+09 -9.9029068850e+06 2.4438566299e+06 1.3377600690e+02 0.0000000000e+00 -0.0000000000e+00
1.6386991898e+05 1.9033856327e-13 7.6544254625e-14 -1.0486935153e+07 -6.6644353736e+06 -3.3686194578e-18 1.1581314894e-17 1.2017045314e+03 -7.8493830493e+03 -4.6638710330e+09 -9.9029068850e+06 2.4438566299e+06 1.5245465876e+02 0.0000000000e+00 -0.0000000000e+00
1.6402237364e+05 1.8979055799e-13 7.8286573649e-14 -1.0279530065e+07 -7.8447355949e+06 -3.8102008442e-18 1.1273351282e-17 1.5119544184e+03 -7.6330114386e+03 -4.6638714464e+09 -9.9029068850e+06 2.4438566299e+06 1.6658904601e+02 0.0000000000e+00 -0.0000000000e+00
1.6418896269e+05 1.8912030366e-13 8.0135824099e-14 -1.0002701476e+07 -9.0961007646e+06 -4.2254625691e-18 1.0927177757e-17 1.8037124209e+03 -7.3897939922e+03 -4.6638717929e+09 -9.9029068850e+06 2.4438566299e+06 1.7463212595e+02 0.0000000000e+00 -0.0000000000e+00
1.6436359482e+05 1.8834933674e-13 8.2012276934e-14 -9.6644839691e+06 -1.0364265524e+07 -4.5933935273e-18 1.0563820607e-17 2.0622163835e+03 -7.1345035335e+03 -4.6638720178e+09 -9.9029068850e+06 2.4438566299e+06 1.7980736605e+02 0.0000000000e+00 -0.0000000000e+00
1.6454340218e+05 1.8749409896e-13 8.3878615935e-14 -9.2730881585e+06 -1.1623836475e+07 -4.9096476132e-18 1.0197311309e-17 2.2844127836e+03 -6.8769984127e+03 -4.6638721623e+09 -9.9029068850e+06 2.4438566299e+06 1.8530495328e+02 0.0000000000e+00 -0.0000000000e+00
1.6472870713e+05 1.8655854094e-13 8.5734261238e-14 -8.8316652362e+06 -1.2874313536e+07 -5.1790961427e-18 9.8333812244e-18 2.4737241505e+03 -6.6213054167e+03 -4.6638722774e+09 -9.9029068850e+06 2.4438566299e+06 1.9234870138e+02 0.0000000000e+00 -0.0000000000e+00
1.6492105584e+05 1.8553957312e-13 8.7590819442e-14 -8.3398458830e+06 -1.4123406823e+07 -5.4080800332e-18 9.4740284769e-18 2.6346055380e+03 -6.3688284040e+03 -4.6638723945e+09 -9.9029068850e+06 2.4438566299e+06 2.0122700971e+02 0.0000000000e+00 -0.0000000000e+00
1.6512228285e+05 1.8443110031e-13 8.9461251776e-14 -7.7954850271e+06 -1.5379695287e+07 -5.6020344731e-18 9.1200626726e-18 2.7708756457e+03 -6.1201361942e+03 -4.6638725308e+09 -9.9029068850e+06 2.4438566299e+06 2.1201330099e+02 0.0000000000e+00 -0.0000000000e+00
1.6533429615e+05 1.8322541835e-13 9.1357474262e-14 -7.1953927102e+06 -1.6651002413e+07 -5.7652984933e-18 8.7719239076e-18 2.8855830255e+03 -5.8755379937e+03 -4.6638726958e+09 -9.9029068850e+06 2.4438566299e+06 2.2478244849e+02 0.0000000000e+00 -0.0000000000e+00
1.6555907860e+05 1.8191355254e-13 9.3290299603e-14 -6.5355735395e+06 -1.7944354985e+07 -5.9013414724e-18 8.4299145326e-18 2.9811652221e+03 -5.6352462305e+03 -4.6638728956e+09 -9.9029068850e+06 2.4438566299e+06 2.3966064637e+02 0.0000000000e+00 -0.0000000000e+00
1.6579873924e+05 1.8048524363e-13 9.5269821267e-14 -5.8112766284e+06 -1.9266238175e+07 -6.0129880134e-18 8.0942651994e-18 3.0596067684e+03 -5.3994229578e+03 -4.6638731339e+09 -9.9029068850e+06 2.4438566299e+06 2.4725466742e+02 0.0000000000e+00 -0.0000000000e+00
1.6604599391e+05 1.7898725656e-13 9.7231353372e-14 -5.0468720551e+06 -2.0573298737e+07 -6.0997144763e-18 7.7768989486e-18 3.1205397609e+03 -5.1764451637e+03 -4.6638733659e+09 -9.9029068850e+06 2.4438566299e+06 2.5457890341e+02 0.0000000000e+00 -0.0000000000e+00
1.6630057281e+05 1.7742559207e-13 9.9172567888e-14 -4.2462615671e+06 -2.1863978589e+07 -6.1653690724e-18 7.4779600633e-18 3.1666679077e+03 -4.9664142198e+03 -4.6638735836e+09 -9.9029068850e+06 2.4438566299e+06 2.6114427000e+02 0.0000000000e+00 -0.0000000000e+00
1.6656171708e+05 1.7580891099e-13 1.0108824310e-13 -3.4146460335e+06 -2.3134827200e+07 -6.2132538360e-18 7.1976289636e-18 3.2003111792e+03 -4.7694568871e+03 -4.6638737800e+09 -9.9029068850e+06 2.4438566299e+06 2.6590120276e+02 0.0000000000e+00 -0.0000000000e+00
1.6682761829e+05 1.7415210650e-13 1.0296688204e-13 -2.5603823220e+06 -2.4378286889e+07 -6.2462116997e-18 6.9365892438e-18 3.2234669865e+03 -4.5860534511e+03 -4.6638739486e+09 -9.9029068850e+06 2.4438566299e+06 2.6718330764e+02 0.0000000000e+00 -0.0000000000e+00
1.6709480159e+05 1.7248022705e-13 1.0478766059e-13 -1.6970208329e+06 -2.5580725921e+07 -6.2667924301e-18 6.6963052696e-18 3.2379267656e+03 -4.4172327577e+03 -4.6638740832e+09 -9.9029068850e+06 2.4438566299e+06 2.6186605347e+02 0.0000000000e+00 -0.0000000000e+00
1.6735666765e+05 1.7083759479e-13 1.0651246300e-13 -8.4801322007e+05 -2.6717262030e+07 -6.2774060080e-18 6.4798139760e-18 3.2453837406e+03 -4.2651285218e+03 -4.6638741782e+09 -9.9029068850e+06 2.4438566299e+06 2.4218132583e+02 0.0000000000e+00 -0.0000000000e+00
1.6750843671e+05 1.6988464963e-13 1.0748689892e-13 -3.5530338337e+05 -2.7358253734e+07 -6.2800376973e-18 6.3621266508e-18 3.2472327345e+03 -4.1824427916e+03 -4.6638741833e+09 -9.9029068850e+06 2.4438566299e+06 2.1365314884e+02 0.0000000000e+00 -0.0000000000e+00
1.6772208985e+05 1.6854282161e-13 1.0882925520e-13 3.3853305395e+05 -2.8239949501e+07 -6.2801160549e-18 6.2052830454e-18 3.2472877877e+03 -4.0722463197e+03 -4.6638742072e+09 -9.9029068850e+06 2.4438566299e+06 2.2001193257e+02 0.0000000000e+00 -0.0000000000e+00
1.6794210179e+05 1.6716145952e-13 1.1017763962e-13 1.0527373735e+06 -2.9124052343e+07 -6.2764682645e-18 6.0536940354e-18 3.2447248930e+03 -3.9657416646e+03 -4.6638742300e+09 -9.9029068850e+06 2.4438566299e+06 2.8929424006e+02 0.0000000000e+00 -0.0000000000e+00
1.6823139603e+05 1.6534696646e-13 1.1190174859e-13 1.9905372129e+06 -3.0252215298e+07 -6.2670157760e-18 5.8682099431e-18 3.2380836858e+03 -3.8354227236e+03 -4.6638743017e+09 -9.9029068850e+06 2.4438566299e+06 3.4641499144e+02 0.0000000000e+00 -0.0000000000e+00
1.6857781102e+05 1.6317872915e-13 1.1389875727e-13 3.1103251885e+06 -3.1555691446e+07 -6.2502790135e-18 5.6645011005e-18 3.2263246333e+03 -3.6922992873e+03 -4.6638744361e+09 -9.9029068850e+06 2.4438566299e+06 4.0419436694e+02 0.0000000000e+00 -0.0000000000e+00
1.6898200539e+05 1.6065729022e-13 1.1614399830e-13 4.4109527304e+06 -3.3016960432e+07 -6.2252586513e-18 5.4488942716e-18 3.2087456213e+03 -3.5408164659e+03 -4.6638746486e+09 -9.9029068850e+06 2.4438566299e+06 4.6720251068e+02 0.0000000000e+00 -0.0000000000e+00
1.6944920790e+05 1.5775660875e-13 1.1863646630e-13 5.9046241162e+06 -3.4633812544e+07 -6.1912348590e-18 5.2250407799e-18 3.1848409051e+03 -3.3835396362e+03 -4.6638749579e+09 -9.9029068850e+06 2.4438566299e+06 5.3063524177e+02 0.0000000000e+00 -0.0000000000e+00
1.6997984314e+05 1.5448254812e-13 1.2134778209e-13 7.5867251446e+06 -3.6386186832e+07 -6.1483408235e-18 4.9986037832e-18 3.1547040604e+03 -3.2244476663e+03 -4.6638753570e+09 -9.9029068850e+06 2.4438566299e+06 5.6682287431e+02 0.0000000000e+00 -0.0000000000e+00
1.7054666601e+05 1.5101122785e-13 1.2411906854e-13 9.3652581406e+06 -3.8170291400e+07 -6.0996540129e-18 4.7839891107e-18 3.1204972800e+03 -3.0736619222e+03 -4.6638757293e+09 -9.9029068850e+06 2.4438566299e+06 6.0761941518e+02 0.0000000000e+00 -0.0000000000e+00
1.7115428543e+05 1.4732123755e-13 1.2696266697e-13 1.1249896209e+07 -3.9993471995e+07 -6.0459258054e-18 4.5798890490e-18 3.0827484735e+03 -2.9302636201e+03 -4.6638760814e+09 -9.9029068850e+06 2.4438566299e+06 6.5183884691e+02 0.0000000000e+00 -0.0000000000e+00
1.7180612427e+05 1.4339918710e-13 1.2988345683e-13 1.3246059258e+07 -4.1858172747e+07 -5.9879016724e-18 4.3856902821e-18 3.0419814003e+03 -2.7938218512e+03 -4.6638764141e+09 -9.9029068850e+06 2.4438566299e+06 6.9980084484e+02 0.0000000000e+00 -0.0000000000e+00
1.7250592512e+05 1.3923049018e-13 1.3288658025e-13 1.5359635188e+07 -4.3766930407e+07 -5.9262240606e-18 4.2008092082e-18 2.9986474359e+03 -2.6639265837e+03 -4.6638767287e+09 -9.9029068850e+06 2.4438566299e+06 7.5178238905e+02 0.0000000000e+00 -0.0000000000e+00
1.7280000000e+05 1.3749149988e-13 1.3411134627e-13 1.6238817997e+07 -4.4542886384e+07 -5.9006723309e-18 4.1293835930e-18 2.9806950912e+03 -2.6137437868e+03 -4.6638767318e+09 -9.9029068850e+06 2.4438566299e+06 7.9449970059e+02 0.0000000000e+00 -0.0000000000e+00
1.7280000000e+05 1.3749149988e-13 1.3411134627e-13 1.6238817997e+07 -4.4542886384e+07 -5.9006723309e-18 4.1293835930e-18 2.9806950912e+03 -2.6137437868e+03 -4.6638767318e+09 -9.9029068850e+06 2.4438566299e+06 7.9449970059e+02 0.0000000000e+00 -0.0000000000e+00
