0.0000000000e+00 0.0000000000e+00 0.0000000000e+00 3.1415900000e+08 0.0000000000e+00 0.0000000000e+00 0.0000000000e+00 -1.1997086620e+03 2.6440993140e+01 -4.6638893053e+09 -1.0197523627e+07 2.2474844169e+05 1.0000000000e+01 0.0000000000e+00 -0.0000000000e+00
1.0000000000e+01 2.8740027375e-22 8.0632105682e-29 3.1414700271e+08 2.6440993134e+02 5.7480786466e-23 2.4190093606e-29 -1.1997490473e+03 2.6440993123e+01 -4.6638893053e+09 -1.0197523627e+07 2.2474844169e+05 5.0000000000e+01 0.0000000000e+00 -0.0000000000e+00
6.0000000000e+01 1.0347727190e-20 1.7421524711e-26 3.1408701021e+08 1.5864595762e+03 3.4495059125e-22 8.7117606110e-28 -1.1999510202e+03 2.6440992528e+01 -4.6638893053e+09 -1.0197523627e+07 2.2474844169e+05 2.5000000000e+02 0.0000000000e+00 -0.0000000000e+00
3.1000000000e+02 2.7640285195e-19 2.4062459768e-24 3.1378689612e+08 8.1967061828e+03 1.7839489527e-21 2.3300057442e-26 -1.2009620435e+03 2.6440976770e+01 -4.6638893053e+09 -1.0197523627e+07 2.2474844169e+05 1.2500000000e+03 0.0000000000e+00 -0.0000000000e+00
1.5600000000e+03 7.0219335865e-18 3.0885425409e-22 3.1228252096e+08 4.1247732301e+04 9.0204926165e-21 5.9573437277e-25 -1.2060463540e+03 2.6440574584e+01 -4.6638893053e+09 -1.0197523627e+07 2.2474844169e+05 3.6000000000e+03 0.0000000000e+00 -0.0000000000e+00
5.1600000000e+03 7.7544966868e-17 1.1414184898e-20 3.0791402112e+08 1.3642750513e+05 3.0258701567e-20 6.7033632386e-24 -1.2209680697e+03 2.6436283436e+01 -4.6638893052e+09 -1.0197523627e+07 2.2474844169e+05 3.6000000000e+03 0.0000000000e+00 -0.0000000000e+00
8.7600000000e+03 2.2562270105e-16 5.7056326622e-20 3.0349103227e+08 2.3158301280e+05 5.2112099352e-20 1.9882425081e-23 -1.2363220099e+03 2.6427023982e+01 -4.6638893051e+09 -1.0197523627e+07 2.2474844169e+05 3.6000000000e+03 0.0000000000e+00 -0.0000000000e+00
1.2360000000e+04 4.5353263574e-16 1.6380563394e-19 2.9901195424e+08 3.2669558730e+05 7.4616060639e-20 4.0762134193e-23 -1.2521330284e+03 2.6412354144e+01 -4.6638893050e+09 -1.0197523627e+07 2.2474844169e+05 3.6000000000e+03 0.0000000000e+00 -0.0000000000e+00
1.5960000000e+04 7.6368493390e-16 3.6061900567e-19 2.9447509370e+08 4.2174488384e+05 9.7808965992e-20 7.0040575924e-23 -1.2684280908e+03 2.6391783455e+01 -4.6638893048e+09 -1.0197523627e+07 2.2474844169e+05 3.6000000000e+03 0.0000000000e+00 -0.0000000000e+00
1.9560000000e+04 1.1586338460e-15 6.7910420467e-19 2.8987865606e+08 5.1670869519e+05 1.2173254444e-19 1.0849404319e-22 -1.2852365156e+03 2.6364766502e+01 -4.6638893046e+09 -1.0197523627e+07 2.2474844169e+05 3.6000000000e+03 0.0000000000e+00 -0.0000000000e+00
2.3160000000e+04 1.6410904541e-15 1.1538204765e-18 2.8522073654e+08 6.1156274043e+05 1.4643226552e-19 1.5698791144e-22 -1.3025902490e+03 2.6330695280e+01 -4.6638893044e+09 -1.0197523627e+07 2.2474844169e+05 3.6000000000e+03 0.0000000000e+00 -0.0000000000e+00
2.6760000000e+04 2.2139369291e-15 1.8226215308e-18 2.8049931016e+08 7.0628042398e+05 1.7195778952e-19 2.1648935414e-22 -1.3205241819e+03 2.6288890267e+01 -4.6638893042e+09 -1.0197523627e+07 2.2474844169e+05 3.6000000000e+03 0.0000000000e+00 -0.0000000000e+00
3.0360000000e+04 2.8802425297e-15 2.7270481567e-18 2.7571222051e+08 8.0083255978e+05 1.9836348655e-19 2.8808227032e-22 -1.3390765140e+03 2.6238589926e+01 -4.6638893039e+09 -1.0197523627e+07 2.2474844169e+05 3.6000000000e+03 0.0000000000e+00 -0.0000000000e+00
3.3960000000e+04 3.6432816117e-15 3.9127792327e-18 2.7085716704e+08 8.9518705438e+05 2.2570903726e-19 3.7298488380e-22 -1.3582891762e+03 2.6178938349e+01 -4.6638893035e+09 -1.0197523627e+07 2.2474844169e+05 3.6000000000e+03 0.0000000000e+00 -0.0000000000e+00
3.7560000000e+04 4.5065539713e-15 5.4301517415e-18 2.6593169085e+08 9.8930854161e+05 2.5406013094e-19 4.7257058569e-22 -1.3782083211e+03 2.6108970606e+01 -4.6638893031e+09 -1.0197523627e+07 2.2474844169e+05 3.6000000000e+03 0.0000000000e+00 -0.0000000000e+00
4.1160000000e+04 5.4738079043e-15 7.3347627030e-18 2.6093315844e+08 1.0831579597e+06 2.8348928041e-19 5.8839273584e-22 -1.3988848953e+03 2.6027595326e+01 -4.6638893027e+09 -1.0197523627e+07 2.2474844169e+05 3.6000000000e+03 0.0000000000e+00 -0.0000000000e+00
4.4760000000e+04 6.5490664448e-15 9.6881688388e-18 2.5585874325e+08 1.1766920595e+06 3.1407677774e-19 7.2221432452e-22 -1.4203753110e+03 2.5933573852e+01 -4.6638893021e+09 -1.0197523627e+07 2.2474844169e+05 3.6000000000e+03 0.0000000000e+00 -0.0000000000e+00
4.8360000000e+04 7.7366573414e-15 1.2558703438e-17 2.5070540468e+08 1.2698628310e+06 3.4591182052e-19 8.7604363763e-22 -1.4427422375e+03 2.5825495187e+01 -4.6638893014e+09 -1.0197523627e+07 2.2474844169e+05 3.6000000000e+03 0.0000000000e+00 -0.0000000000e+00
5.1960000000e+04 9.0412474504e-15 1.6022434560e-17 2.4546986383e+08 1.3626168295e+06 3.7909384637e-19 1.0521773861e-21 -1.4660555385e+03 2.5701745687e+01 -4.6638893005e+09 -1.0197523627e+07 2.2474844169e+05 3.6000000000e+03 0.0000000000e+00 -0.0000000000e+00
5.5560000000e+04 1.0467882377e-14 2.0164294684e-17 2.4014857573e+08 1.4548943826e+06 4.1373412296e-19 1.2532531803e-21 -1.4903933893e+03 2.5560472200e+01 -4.6638892995e+09 -1.0197523627e+07 2.2474844169e+05 3.6000000000e+03 0.0000000000e+00 -0.0000000000e+00
5.9160000000e+04 1.2022032388e-14 2.5079419648e-17 2.3473769704e+08 1.5466286490e+06 4.4995765393e-19 1.4823137906e-21 -1.5158436160e+03 2.5399536910e+01 -4.6638892983e+09 -1.0197523627e+07 2.2474844169e+05 3.6000000000e+03 0.0000000000e+00 -0.0000000000e+00
6.2760000000e+04 1.3709645871e-14 3.0874744801e-17 2.2923304847e+08 1.6377444970e+06 4.8790547830e-19 1.7428863927e-21 -1.5425053110e+03 2.5216461665e+01 -4.6638892967e+09 -1.0197523627e+07 2.2474844169e+05 3.6000000000e+03 0.0000000000e+00 -0.0000000000e+00
6.6360000000e+04 1.5537211920e-14 3.7670919569e-17 2.2363007089e+08 1.7281571599e+06 5.2773746375e-19 2.0390810252e-21 -1.5704907954e+03 2.5008358801e+01 -4.6638892947e+09 -1.0197523627e+07 2.2474844169e+05 3.6000000000e+03 0.0000000000e+00 -0.0000000000e+00
6.9960000000e+04 1.7511834065e-14 4.5604619254e-17 2.1792377341e+08 1.8177706111e+06 5.6963572532e-19 2.3757139081e-21 -1.5999280210e+03 2.4771844498e+01 -4.6638892923e+09 -1.0197523627e+07 2.2474844169e+05 3.6000000000e+03 0.0000000000e+00 -0.0000000000e+00
7.3560000000e+04 1.9641317681e-14 5.4831356615e-17 2.1210867209e+08 1.9064755893e+06 6.1380884328e-19 2.7584632485e-21 -1.6309635340e+03 2.4502929314e+01 -4.6638892891e+09 -1.0197523627e+07 2.2474844169e+05 3.6000000000e+03 0.0000000000e+00 -0.0000000000e+00
7.7160000000e+04 2.1934274362e-14 6.5528927928e-17 2.0617871652e+08 1.9941471768e+06 6.6049711255e-19 3.1940679574e-21 -1.6637661627e+03 2.4196878570e+01 -4.6638892851e+09 -1.0197523627e+07 2.2474844169e+05 3.6000000000e+03 0.0000000000e+00 -0.0000000000e+00
8.0760000000e+04 2.4400247503e-14 7.7901672564e-17 2.0012720162e+08 2.0806418073e+06 7.0997913815e-19 3.6905837037e-21 -1.6985316518e+03 2.3848032448e+01 -4.6638892798e+09 -1.0197523627e+07 2.2474844169e+05 3.6000000000e+03 0.0000000000e+00 -0.0000000000e+00
8.4360000000e+04 2.7049864678e-14 9.2185786833e-17 1.9394666058e+08 2.1657935320e+06 7.6258020769e-19 4.2577165577e-21 -1.7354885444e+03 2.3449571577e+01 -4.6638892728e+09 -1.0197523627e+07 2.2474844169e+05 3.6000000000e+03 0.0000000000e+00 -0.0000000000e+00
8.7960000000e+04 2.9895024219e-14 1.0865602025e-16 1.8762873378e+08 2.2494093151e+06 8.1868304067e-19 4.9072630843e-21 -1.7749057348e+03 2.2993207830e+01 -4.6638892634e+09 -1.0197523627e+07 2.2474844169e+05 3.6000000000e+03 0.0000000000e+00 -0.0000000000e+00
9.1560000000e+04 3.2949125998e-14 1.2763420799e-16 1.8116400662e+08 2.3312630389e+06 8.7874176216e-19 5.6536987157e-21 -1.8171022860e+03 2.2468770936e+01 -4.6638892507e+09 -1.0197523627e+07 2.2474844169e+05 3.6000000000e+03 0.0000000000e+00 -0.0000000000e+00
9.5160000000e+04 3.6227360076e-14 1.4950027706e-16 1.7454180674e+08 2.4110877714e+06 9.4330031929e-19 6.5149761496e-21 -1.8624603687e+03 2.1863647544e+01 -4.6638892331e+09 -1.0197523627e+07 2.2474844169e+05 3.6000000000e+03 0.0000000000e+00 -0.0000000000e+00
9.8760000000e+04 3.9747072213e-14 1.7470663810e-16 1.6774994722e+08 2.4885656540e+06 1.0130171271e-18 7.5136267974e-21 -1.9114425777e+03 2.1162007348e+01 -4.6638892081e+09 -1.0197523627e+07 2.2474844169e+05 3.6000000000e+03 0.0000000000e+00 -0.0000000000e+00
1.0236000000e+05 4.3528233156e-14 2.0379729277e-16 1.6077439684e+08 2.5633144775e+06 1.0886986189e-18 8.6783086569e-21 -1.9646155034e+03 2.0343715575e+01 -4.6638891721e+09 -1.0197523627e+07 2.2474844169e+05 3.6000000000e+03 0.0000000000e+00 -0.0000000000e+00
1.0596000000e+05 4.7594050599e-14 2.3743363992e-16 1.5359885015e+08 2.6348695510e+06 1.1713458053e-18 1.0046027264e-20 -2.0226824442e+03 1.9382772573e+01 -4.6638891186e+09 -1.0197523627e+07 2.2474844169e+05 3.6000000000e+03 0.0000000000e+00 -0.0000000000e+00
1.0956000000e+05 5.1971781391e-14 2.7643001214e-16 1.4620415682e+08 2.7026587340e+06 1.2622203102e-18 1.1665398492e-20 -2.0865298023e+03 1.8245021400e+01 -4.6638890369e+09 -1.0197523627e+07 2.2474844169e+05 3.4389920870e+03 0.0000000000e+00 -0.0000000000e+00
1.1265082036e+05 5.6003657688e-14 3.1495379735e-16 1.3966332401e+08 2.7573167356e+06 1.3480236941e-18 1.3305448496e-20 -2.1468142504e+03 1.7092741561e+01 -4.6638889787e+09 -1.0197523627e+07 2.2474844169e+05 3.1108507891e+03 0.0000000000e+00 -0.0000000000e+00
1.1576167115e+05 6.0342483663e-14 3.5928102894e-16 1.3288280129e+08 2.8084269286e+06 1.4430296243e-18 1.5247236491e-20 -2.2135642992e+03 1.5728464161e+01 -4.6638888869e+09 -1.0197523627e+07 2.2474844169e+05 2.8048838104e+03 0.0000000000e+00 -0.0000000000e+00
1.1827876759e+05 6.4079387088e-14 3.9991453280e-16 1.2723751450e+08 2.8464328366e+06 1.5274077240e-18 1.7082697237e-20 -2.2728473594e+03 1.4438891034e+01 -4.6638888388e+09 -1.0197523627e+07 2.2474844169e+05 2.5340927526e+03 0.0000000000e+00 -0.0000000000e+00
1.2081286034e+05 6.8065939542e-14 4.4585005382e-16 1.2139643662e+08 2.8811630091e+06 1.6203822496e-18 1.9225969488e-20 -2.3381701673e+03 1.2933053165e+01 -4.6638887647e+09 -1.0197523627e+07 2.2474844169e+05 2.2860104794e+03 0.0000000000e+00 -0.0000000000e+00
1.2286409296e+05 7.1472842700e-14 4.8729290627e-16 1.1654190501e+08 2.9062823760e+06 1.7025448541e-18 2.1225443670e-20 -2.3958966465e+03 1.1528246128e+01 -4.6638887268e+09 -1.0197523627e+07 2.2474844169e+05 2.0658731419e+03 0.0000000000e+00 -0.0000000000e+00
1.2492996610e+05 7.5081748938e-14 5.3346791386e-16 1.1152788404e+08 2.9284640964e+06 1.7926051647e-18 2.3530777088e-20 -2.4591719612e+03 9.9085459903e+00 -4.6638886697e+09 -1.0197523627e+07 2.2474844169e+05 1.8607565553e+03 0.0000000000e+00 -0.0000000000e+00
1.2659445918e+05 7.8130236602e-14 5.7435857053e-16 1.0738914570e+08 2.9437456522e+06 1.8713484218e-18 2.5643837284e-20 -2.5144960473e+03 8.4239347563e+00 -4.6638886420e+09 -1.0197523627e+07 2.2474844169e+05 1.6780440320e+03 0.0000000000e+00 -0.0000000000e+00
1.2809731967e+05 8.0999443201e-14 6.1447665878e-16 1.0357028015e+08 2.9552962793e+06 1.9479015916e-18 2.7785264557e-20 -2.5682814038e+03 6.9193931477e+00 -4.6638886190e+09 -1.0197523627e+07 2.2474844169e+05 1.5158975649e+03 0.0000000000e+00 -0.0000000000e+00
1.2944729315e+05 8.3678295678e-14 6.5340862080e-16 1.0006857505e+08 2.9636377802e+06 2.0216915411e-18 2.9930717069e-20 -2.6201253542e+03 5.4120234535e+00 -4.6638886006e+09 -1.0197523627e+07 2.2474844169e+05 1.3636587050e+03 0.0000000000e+00 -0.0000000000e+00
1.3065019447e+05 8.6152006849e-14 6.9066502352e-16 9.6887443548e+07 2.9692677756e+06 2.0919720721e-18 3.2048361628e-20 -2.6695036284e+03 3.9241913001e+00 -4.6638885868e+09 -1.0197523627e+07 2.2474844169e+05 1.2182210195e+03 0.0000000000e+00 -0.0000000000e+00
1.3170650777e+05 8.8396122282e-14 7.2558142699e-16 9.4043486223e+07 2.9726658941e+06 2.1576370425e-18 3.4092382062e-20 -2.7156390641e+03 2.4880865901e+00 -4.6638885774e+09 -1.0197523627e+07 2.2474844169e+05 1.0753922021e+03 0.0000000000e+00 -0.0000000000e+00
1.3260614722e+05 9.0363594685e-14 7.5709363663e-16 9.1581858022e+07 2.9743131468e+06 2.2167983423e-18 3.5988104455e-20 -2.7572050973e+03 1.1561743394e+00 -4.6638885720e+09 -1.0197523627e+07 2.2474844169e+05 9.2866826673e+02 0.0000000000e+00 -0.0000000000e+00
1.3340965903e+05 9.2166976971e-14 7.8673615133e-16 8.9350842768e+07 2.9747323149e+06 2.2724092565e-18 3.7816863975e-20 -2.7962766714e+03 -1.2869058457e-01 -4.6638885681e+09 -1.0197523627e+07 2.2474844169e+05 7.7937272422e+02 0.0000000000e+00 -0.0000000000e+00
1.3418903175e+05 9.3959933313e-14 8.1694482271e-16 8.7156112528e+07 2.9741154467e+06 2.3290838684e-18 3.9727271872e-20 -2.8360955870e+03 -1.4709206976e+00 -4.6638885641e+09 -1.0197523627e+07 2.2474844169e+05 8.7214184493e+02 0.0000000000e+00 -0.0000000000e+00
1.3506117360e+05 9.6020127030e-14 8.5258831003e-16 8.4662328534e+07 2.9721330484e+06 2.3960090423e-18 4.2043877367e-20 -2.8831164268e+03 -3.0985404640e+00 -4.6638885550e+09 -1.0197523627e+07 2.2474844169e+05 9.1977765523e+02 0.0000000000e+00 -0.0000000000e+00
1.3598095125e+05 9.8258055470e-14 8.9247004270e-16 8.1986521121e+07 2.9684324468e+06 2.4710304923e-18 4.4718844380e-20 -2.9358256149e+03 -4.9779408174e+00 -4.6638885395e+09 -1.0197523627e+07 2.2474844169e+05 9.3935755989e+02 0.0000000000e+00 -0.0000000000e+00
1.3692030881e+05 1.0061725615e-13 9.3586871299e-16 7.9202019080e+07 2.9627785985e+06 2.5529197225e-18 4.7732948991e-20 -2.9933600247e+03 -7.0956152568e+00 -4.6638885165e+09 -1.0197523627e+07 2.2474844169e+05 9.4066221772e+02 0.0000000000e+00 -0.0000000000e+00
1.3786097103e+05 1.0305959295e-13 9.8231684355e-16 7.6357541367e+07 2.9550167316e+06 2.6409543938e-18 5.1083001569e-20 -3.0552121490e+03 -9.4493227859e+00 -4.6638884850e+09 -1.0197523627e+07 2.2474844169e+05 9.2935838412e+02 0.0000000000e+00 -0.0000000000e+00
1.3879032941e+05 1.0555698279e-13 1.0314748095e-15 7.3487945337e+07 2.9450520817e+06 2.7346784863e-18 5.4774559680e-20 -3.1210615938e+03 -1.2042968085e+01 -4.6638884440e+09 -1.0197523627e+07 2.2474844169e+05 9.0911829681e+02 0.0000000000e+00 -0.0000000000e+00
1.3969944771e+05 1.0808758597e-13 1.0830744048e-15 7.0619296223e+07 2.9328368038e+06 2.8337933238e-18 5.8818718293e-20 -3.1906985126e+03 -1.4884346348e+01 -4.6638883924e+09 -1.0197523627e+07 2.2474844169e+05 8.8250512710e+02 0.0000000000e+00 -0.0000000000e+00
1.4058195284e+05 1.1063381946e-13 1.1368905604e-15 6.7771593480e+07 2.9183605180e+06 2.9381016939e-18 6.3230540220e-20 -3.2639843462e+03 -1.7984040530e+01 -4.6638883293e+09 -1.0197523627e+07 2.2474844169e+05 8.5139516228e+02 0.0000000000e+00 -0.0000000000e+00
1.4143334800e+05 1.1318120965e-13 1.1927258684e-15 6.4960400957e+07 2.9016430211e+06 3.0474762194e-18 6.8028227905e-20 -3.3408296011e+03 -2.1354839454e+01 -4.6638882536e+09 -1.0197523627e+07 2.2474844169e+05 8.1720457482e+02 0.0000000000e+00 -0.0000000000e+00
1.4225055257e+05 1.1571767540e-13 1.2504015908e-15 6.2197902550e+07 2.8827284377e+06 3.1618400979e-18 7.3232670209e-20 -3.4211803167e+03 -2.5011419388e+01 -4.6638881642e+09 -1.0197523627e+07 2.2474844169e+05 7.8102309476e+02 0.0000000000e+00 -0.0000000000e+00
1.4303157567e+05 1.1823305082e-13 1.3097522223e-15 5.9493629200e+07 2.8616804085e+06 3.2811546982e-18 7.8867196521e-20 -3.5050093512e+03 -2.8970171286e+01 -4.6638880600e+09 -1.0197523627e+07 2.2474844169e+05 7.4369883961e+02 0.0000000000e+00 -0.0000000000e+00
1.4377527451e+05 1.2071874987e-13 1.3706221198e-15 5.6854984354e+07 2.8385780706e+06 3.4054112151e-18 8.4957454222e-20 -3.5923105181e+03 -3.3249114697e+01 -4.6638879399e+09 -1.0197523627e+07 2.2474844169e+05 7.0589545853e+02 0.0000000000e+00 -0.0000000000e+00
1.4448116997e+05 1.2316751963e-13 1.4328633874e-15 5.4287638635e+07 2.8135126652e+06 3.5346248550e-18 9.1531364466e-20 -3.6830945013e+03 -3.7867866694e+01 -4.6638878025e+09 -1.0197523627e+07 2.2474844169e+05 6.6813252361e+02 0.0000000000e+00 -0.0000000000e+00
1.4514930249e+05 1.2557325125e-13 1.4963345479e-15 5.1795835527e+07 2.7865846620e+06 3.6688306676e-18 9.8619130692e-20 -3.7773859263e+03 -4.2847647859e+01 -4.6638876467e+09 -1.0197523627e+07 2.2474844169e+05 6.3081521821e+02 0.0000000000e+00 -0.0000000000e+00
1.4578011771e+05 1.2793082991e-13 1.5608997176e-15 4.9382634013e+07 2.7579013142e+06 3.8080804877e-18 1.0625328477e-19 -3.8752212117e+03 -4.8211314702e+01 -4.6638874710e+09 -1.0197523627e+07 2.2474844169e+05 5.9425685304e+02 0.0000000000e+00 -0.0000000000e+00
1.4637437456e+05 1.3023601214e-13 1.6264281064e-15 4.7050105000e+07 2.7275745806e+06 3.9524406486e-18 1.1446876163e-19 -3.9766469624e+03 -5.3983412087e+01 -4.6638872740e+09 -1.0197523627e+07 2.2474844169e+05 5.5869636855e+02 0.0000000000e+00 -0.0000000000e+00
1.4693307093e+05 1.3248532295e-13 1.6927937302e-15 4.4799492817e+07 2.6957193609e+06 4.1019902458e-18 1.2330299654e-19 -4.0817187500e+03 -6.0190241606e+01 -4.6638870542e+09 -1.0197523627e+07 2.2474844169e+05 5.2431220955e+02 0.0000000000e+00 -0.0000000000e+00
1.4745738314e+05 1.3467596771e-13 1.7598752581e-15 4.2631349678e+07 2.6624520041e+06 4.2568198025e-18 1.3279604160e-19 -4.1905001750e+03 -6.6859943380e+01 -4.6638868099e+09 -1.0197523627e+07 2.2474844169e+05 4.9123349214e+02 0.0000000000e+00 -0.0000000000e+00
1.4794861663e+05 1.3680575555e-13 1.8275559440e-15 4.0545648725e+07 2.6278890518e+06 4.4170302333e-18 1.4299069898e-19 -4.3030621388e+03 -7.4022589723e+01 -4.6638865394e+09 -1.0197523627e+07 2.2474844169e+05 4.5954909688e+02 0.0000000000e+00 -0.0000000000e+00
1.4840816573e+05 1.3887303171e-13 1.8957236094e-15 3.8541879783e+07 2.5921461866e+06 4.5827320353e-18 1.5393266986e-19 -4.4194822755e+03 -8.1710289731e+01 -4.6638862410e+09 -1.0197523627e+07 2.2474844169e+05 4.2931513575e+02 0.0000000000e+00 -0.0000000000e+00
1.4883748086e+05 1.4087661739e-13 1.9642706525e-15 3.6619130967e+07 2.5553373591e+06 4.7540446531e-18 1.6567071799e-19 -4.5398445054e+03 -8.9957304251e+01 -4.6638859126e+09 -1.0197523627e+07 2.2474844169e+05 4.0056112550e+02 0.0000000000e+00 -0.0000000000e+00
1.4923804199e+05 1.4281575575e-13 2.0330940680e-15 3.4776158523e+07 2.5175740711e+06 4.9310959800e-18 1.7825684789e-19 -4.6642386847e+03 -9.8800171050e+01 -4.6638855522e+09 -1.0197523627e+07 2.2474844169e+05 3.7329511237e+02 0.0000000000e+00 -0.0000000000e+00
1.4961133710e+05 1.4469006318e-13 2.1020954675e-15 3.3011446790e+07 2.4789647930e+06 5.1140219666e-18 1.9174649746e-19 -4.7927603308e+03 -1.0827784014e+02 -4.6638851577e+09 -1.0197523627e+07 2.2474844169e+05 3.4750794049e+02 0.0000000000e+00 -0.0000000000e+00
1.4995884504e+05 1.4649948531e-13 2.1711810932e-15 3.1323259800e+07 2.4396145003e+06 5.3029663160e-18 2.0619874530e-19 -4.9255104078e+03 -1.1843181944e+02 -4.6638847266e+09 -1.0197523627e+07 2.2474844169e+05 3.2317681062e+02 0.0000000000e+00 -0.0000000000e+00
1.5028202185e+05 1.4824425700e-13 2.2402618195e-15 2.9709685723e+07 2.3996243106e+06 5.4980802479e-18 2.2167653318e-19 -5.0625951609e+03 -1.2930633111e+02 -4.6638842566e+09 -1.0197523627e+07 2.2474844169e+05 3.0026824983e+02 0.0000000000e+00 -0.0000000000e+00
1.5058229010e+05 1.4992486602e-13 2.3092531415e-15 2.8168675174e+07 2.3590912101e+06 5.6995223203e-18 2.3824690427e-19 -5.2041259910e+03 -1.4094847890e+02 -4.6638837450e+09 -1.0197523627e+07 2.2474844169e+05 2.7874058702e+02 0.0000000000e+00 -0.0000000000e+00
1.5086103069e+05 1.5154202016e-13 2.3780751489e-15 2.6698074207e+07 2.3181078553e+06 5.9074582966e-18 2.5598125766e-19 -5.3502193617e+03 -1.5340842695e+02 -4.6638831891e+09 -1.0197523627e+07 2.2474844169e+05 2.5854601342e+02 0.0000000000e+00 -0.0000000000e+00
1.5111957670e+05 1.5309661721e-13 2.4466524834e-15 2.5295652719e+07 2.2767624403e+06 6.1220610527e-18 2.7495562015e-19 -5.5009967334e+03 -1.6673959080e+02 -4.6638825858e+09 -1.0197523627e+07 2.2474844169e+05 2.3963229329e+02 0.0000000000e+00 -0.0000000000e+00
1.5135920900e+05 1.5458971784e-13 2.5149142819e-15 2.3959128842e+07 2.2351386196e+06 6.3435105146e-18 2.9525093610e-19 -5.6565845200e+03 -1.8099884103e+02 -4.6638819320e+09 -1.0197523627e+07 2.2474844169e+05 2.2194417941e+02 0.0000000000e+00 -0.0000000000e+00
1.5158115318e+05 1.5602252099e-13 2.5827941057e-15 2.2686189852e+07 2.1933154785e+06 6.5719936244e-18 3.1695337652e-19 -5.8171140649e+03 -1.9624672034e+02 -4.6638812243e+09 -1.0197523627e+07 2.2474844169e+05 2.0542457738e+02 0.0000000000e+00 -0.0000000000e+00
1.5178657775e+05 1.5739634157e-13 2.6502298562e-15 2.1474510026e+07 2.1513675433e+06 6.8077043271e-18 3.4015466821e-19 -5.9827216316e+03 -2.1254767492e+02 -4.6638804593e+09 -1.0197523627e+07 2.2474844169e+05 1.9001549944e+02 0.0000000000e+00 -0.0000000000e+00
1.5197659325e+05 1.5871259042e-13 2.7171636793e-15 2.0321765831e+07 2.1093648252e+06 7.0508435775e-18 3.6495244444e-19 -6.1535484085e+03 -2.2997030076e+02 -4.6638796330e+09 -1.0197523627e+07 2.2474844169e+05 1.7565883900e+02 0.0000000000e+00 -0.0000000000e+00
1.5215225209e+05 1.5997275614e-13 2.7835418586e-15 1.9225648789e+07 2.0673728915e+06 7.3016193619e-18 3.9145061838e-19 -6.3297405242e+03 -2.4858760603e+02 -4.6638787415e+09 -1.0197523627e+07 2.2474844169e+05 1.6229699336e+02 0.0000000000e+00 -0.0000000000e+00
1.5231454909e+05 1.6117838890e-13 2.8493147010e-15 1.8183876290e+07 2.0254529600e+06 7.5602467326e-18 4.1975978056e-19 -6.5114490723e+03 -2.6847729033e+02 -4.6638777805e+09 -1.0197523627e+07 2.2474844169e+05 1.4987335960e+02 0.0000000000e+00 -0.0000000000e+00
1.5246442245e+05 1.6233108582e-13 2.9144364127e-15 1.7194200624e+07 1.9836620119e+06 7.8269478538e-18 4.4999762198e-19 -6.6988301423e+03 -2.8972204197e+02 -4.6638767453e+09 -1.0197523627e+07 2.2474844169e+05 1.3833272259e+02 0.0000000000e+00 -0.0000000000e+00
1.5260275517e+05 1.6343247804e-13 2.9788649711e-15 1.6254416443e+07 1.9420529193e+06 8.1019520549e-18 4.8228938453e-19 -6.8920448587e+03 -3.1240985444e+02 -4.6638756312e+09 -1.0197523627e+07 2.2474844169e+05 1.2762155241e+02 0.0000000000e+00 -0.0000000000e+00
1.5273037672e+05 1.6448421910e-13 3.0425619902e-15 1.5362366869e+07 1.9006745837e+06 8.3854958906e-18 5.1676834026e-19 -7.0912594219e+03 -3.3663436310e+02 -4.6638744330e+09 -1.0197523627e+07 2.2474844169e+05 1.1768822678e+02 0.0000000000e+00 -0.0000000000e+00
1.5284806495e+05 1.6548797471e-13 3.1054925824e-15 1.4515948397e+07 1.8595720835e+06 8.6778232061e-18 5.5357630150e-19 -7.2966451545e+03 -3.6249520363e+02 -4.6638731452e+09 -1.0197523627e+07 2.2474844169e+05 1.0848319004e+02 0.0000000000e+00 -0.0000000000e+00
1.5295654814e+05 1.6644541376e-13 3.1676252188e-15 1.3713114763e+07 1.8187868275e+06 8.9791852044e-18 5.9286416378e-19 -7.5083785491e+03 -3.9009839346e+02 -4.6638717620e+09 -1.0197523627e+07 2.2474844169e+05 9.9959059685e+01 0.0000000000e+00 -0.0000000000e+00
1.5305650720e+05 1.6735820032e-13 3.2289315859e-15 1.2951879913e+07 1.7783567120e+06 9.2898405153e-18 6.3479248354e-19 -7.7266413158e+03 -4.1955673765e+02 -4.6638702771e+09 -1.0197523627e+07 2.2474844169e+05 9.2070690160e+01 0.0000000000e+00 -0.0000000000e+00
1.5314857789e+05 1.6822798677e-13 3.2893864435e-15 1.2230320185e+07 1.7383162808e+06 9.6100552641e-18 6.7953209306e-19 -7.9516204311e+03 -4.5099026095e+02 -4.6638686840e+09 -1.0197523627e+07 2.2474844169e+05 8.4775200912e+01 0.0000000000e+00 -0.0000000000e+00
1.5323335309e+05 1.6905640775e-13 3.3489674815e-15 1.1546575806e+07 1.6986968849e+06 9.9401031377e-18 7.2726475493e-19 -8.1835081841e+03 -4.8452666762e+02 -4.6638669757e+09 -1.0197523627e+07 2.2474844169e+05 7.8031975709e+01 7.6260441768e-314 -5.3139523183e-306
1.5331138506e+05 1.6984507502e-13 3.4076551780e-15 1.0898851822e+07 1.6595268427e+06 1.0280265447e-17 7.7818385851e-19 -8.4225022209e+03 -5.2030183075e+02 -4.6638651446e+09 -1.0197523627e+07 2.2474844169e+05 7.1802638853e+01 4.9081623009e-275 -3.5205139556e-267
1.5338318770e+05 1.7059557303e-13 3.4654326590e-15 1.0285418505e+07 1.6208315974e+06 1.0630831185e-17 8.3249516141e-19 -8.6688055837e+03 -5.5846031321e+02 -4.6638631830e+09 -1.0197523627e+07 2.2474844169e+05 6.6051013068e+01 2.7795580480e-238 -2.0523587183e-230
1.5344923872e+05 1.7130945516e-13 3.5222855595e-15 9.7046113474e+06 1.5826338728e+06 1.0992097073e-17 8.9041757864e-19 -8.9226267464e+03 -5.9915592211e+02 -4.6638610822e+09 -1.0197523627e+07 2.2474844169e+05 6.0743062815e+01 1.7430842169e-203 -1.3249728208e-195
1.5350998178e+05 1.7198824063e-13 3.5782018884e-15 9.1548306838e+06 1.5449538249e+06 1.1364367604e-17 9.5218402274e-19 -9.1841796418e+03 -6.4255229907e+02 -4.6638588335e+09 -1.0197523627e+07 2.2474844169e+05 5.5846826834e+01 1.5097430729e-170 -1.1814698513e-162
1.5356582861e+05 1.7263341191e-13 3.6331718950e-15 8.6345410057e+06 1.5078091904e+06 1.1747955068e-17 1.0180422982e-18 -9.4536836815e+03 -6.8882354863e+02 -4.6638564272e+09 -1.0197523627e+07 2.2474844169e+05 5.1332342461e+01 2.2327246025e-139 -1.7988913714e-131
1.5361716095e+05 1.7324641269e-13 3.6871879403e-15 8.1422700188e+06 1.4712154306e+06 1.2143179569e-17 1.0882560540e-18 -9.7313637661e+03 -7.3815490739e+02 -4.6638538533e+09 -1.0197523627e+07 2.2474844169e+05 4.7171563954e+01 6.9091718586e-110 -5.7314492192e-102
1.5366433251e+05 1.7382864617e-13 3.7402443703e-15 7.6766074871e+06 1.4351858701e+06 1.2550369018e-17 1.1631057972e-18 -1.0017450283e+04 -7.9074345641e+02 -4.6638511010e+09 -1.0197523627e+07 2.2474844169e+05 4.3338277315e+01 5.4357850760e-82 -4.6428776792e-74
1.5370767079e+05 1.7438147394e-13 3.7923373948e-15 7.2362038987e+06 1.3997318310e+06 1.2969859115e-17 1.2428899734e-18 -1.0312179089e+04 -8.4679887996e+02 -4.6638481588e+09 -1.0197523627e+07 2.2474844169e+05 3.9808012756e+01 1.3100452642e-55 -1.1521658668e-47
1.5374747880e+05 1.7490621499e-13 3.8434649691e-15 6.8197689916e+06 1.3648627622e+06 1.3401993301e-17 1.3279261166e-18 -1.0615791485e+04 -9.0654427370e+02 -4.6638450147e+09 -1.0197523627e+07 2.2474844169e+05 3.6557956218e+01 1.1558051117e-30 -1.0467276702e-22
1.5378403676e+05 1.7540414523e-13 3.8936266805e-15 6.4260701655e+06 1.3305863626e+06 1.3847122692e-17 1.4185520742e-18 -1.0928534157e+04 -9.7021700526e+02 -4.6638417817e+09 -1.0197523616e+07 2.2474844271e+05 3.3573101165e+01 4.4257140688e-07 -4.1273276642e+01
1.5378739407e+05 1.7545070728e-13 3.8984043246e-15 6.3893284224e+06 1.3273184167e+06 1.3890669766e-17 1.4275837486e-18 -1.0959129772e+04 -9.7656254923e+02 -4.6638461548e+09 -1.0197523219e+07 2.2474847798e+05 9.5452155028e+00 7.0280820515e-05 -6.5727825872e+03
1.5378834859e+05 1.7546397217e-13 3.8997682201e-15 6.3788635179e+06 1.3263853983e+06 1.3903139099e-17 1.4301753392e-18 -1.0967890429e+04 -9.7838335699e+02 -4.6638602232e+09 -1.0197521947e+07 2.2474859148e+05 4.7726077514e+00 2.9763932072e-04 -2.7858223940e+04
1.5379032496e+05 1.7549147551e-13 3.9026001022e-15 6.3571689330e+06 1.3244480086e+06 1.3929083204e-17 1.4355752636e-18 -1.0986114740e+04 -9.8217694872e+02 -4.6642094133e+09 -1.0197490399e+07 2.2475141015e+05 3.2979177414e+00 5.9320703431e-03 -5.5615780050e+05
1.5379175775e+05 1.7551144654e-13 3.9046598065e-15 6.3414186074e+06 1.3230387708e+06 1.3947998807e-17 1.4395189189e-18 -1.0999374298e+04 -9.8494500075e+02 -4.6670659878e+09 -1.0197232656e+07 2.2477447756e+05 1.9830273706e+00 5.2078097799e-02 -4.8885071014e+06
1.5379292727e+05 1.7552776808e-13 3.9063452459e-15 6.3285483088e+06 1.3218855341e+06 1.3963506052e-17 1.4427561424e-18 -1.1010102006e+04 -9.8720442430e+02 -4.6828620276e+09 -1.0195808907e+07 2.2490207564e+05 1.3397102151e+00 3.0731067155e-01 -2.8875312627e+07
1.5379384025e+05 1.7554052199e-13 3.9076636074e-15 6.3184926564e+06 1.3209834445e+06 1.3975654008e-17 1.4452947177e-18 -1.1018032083e+04 -9.8893372281e+02 -4.7399564684e+09 -1.0190666973e+07 2.2536341030e+05 9.7863701528e-01 1.2298919510e+00 -1.1564644168e+08
1.5379457414e+05 1.7555078214e-13 3.9087250424e-15 6.3104046314e+06 1.3202571951e+06 1.3985446090e-17 1.4473426599e-18 -1.1023259122e+04 -9.9022416487e+02 -4.8960372160e+09 -1.0176618487e+07 2.2662496377e+05 7.6318260429e-01 3.7515611164e+00 -3.5292807479e+08
1.5379518271e+05 1.7555929572e-13 3.9096063685e-15 6.3036954420e+06 1.3196542980e+06 1.3993584455e-17 1.4490458783e-18 -1.1025236311e+04 -9.9108466112e+02 -5.2494112885e+09 -1.0144822275e+07 2.2948236543e+05 6.2357059997e-01 9.4580143421e+00 -8.8992711128e+08
1.5379570153e+05 1.7556655769e-13 3.9103585408e-15 6.2979757339e+06 1.3191399886e+06 1.4000535817e-17 1.4505014961e-18 -1.1022685001e+04 -9.9143876609e+02 -5.9517757344e+09 -1.0081622607e+07 2.3516542299e+05 5.2728790775e-01 2.0788675452e+01 -1.9556126095e+09
1.5379615450e+05 1.7557290090e-13 3.9110158642e-15 6.2929845172e+06 1.3186909365e+06 1.4006614859e-17 1.4517750674e-18 -1.1013476739e+04 -9.9112081275e+02 -7.2244108987e+09 -9.9670483479e+06 2.4547379402e+05 4.5804832222e-01 4.1280079924e+01 -3.8800326242e+09
1.5379655862e+05 1.7557856243e-13 3.9116027943e-15 6.2885370713e+06 1.3182906115e+06 1.4012046231e-17 1.4529134377e-18 -1.0994403518e+04 -9.8986025601e+02 -9.3827059930e+09 -9.7724898140e+06 2.6298687367e+05 4.0723657806e-01 7.5916975702e+01 -7.1233221898e+09
1.5379696586e+05 1.7558426977e-13 3.9121947077e-15 6.2840667305e+06 1.3178880392e+06 1.4017526896e-17 1.4540626041e-18 -1.0955833381e+04 -9.8684739271e+02 -1.3372243104e+10 -9.4119131195e+06 2.9545903390e+05 3.6853061167e-01 1.3955967072e+02 -1.3049053135e+10
1.5379733439e+05 1.7558943657e-13 3.9127307662e-15 6.2800399438e+06 1.3175252493e+06 1.4022493118e-17 1.4551043059e-18 -1.0891235765e+04 -9.8144493846e+02 -1.9745515602e+10 -8.8331750961e+06 3.4760093800e+05 3.4324279772e-01 2.4019150621e+02 -2.2325949228e+10
1.5379767763e+05 1.7559425049e-13 3.9132303870e-15 6.2763177965e+06 1.3171897678e+06 1.4027124075e-17 1.4560760252e-18 -1.0788182556e+04 -9.7254593512e+02 -2.9620060788e+10 -7.9295667497e+06 4.2904557377e+05 3.3845031525e-01 3.9355603797e+02 -3.6235260594e+10
1.5379801608e+05 1.7559899874e-13 3.9137233587e-15 6.2726924473e+06 1.3168628808e+06 1.4031695530e-17 1.4570355797e-18 -1.0621863928e+04 -9.5793379988e+02 -4.5171696359e+10 -6.4885576831e+06 5.5897918308e+05 4.1319581291e-01 6.2867532290e+02 -5.6990840764e+10
1.5379830508e+05 1.7560305437e-13 3.9141445502e-15 6.2696522421e+06 1.3165886524e+06 1.4035602964e-17 1.4578560040e-18 -1.0404312296e+04 -9.3863907299e+02 -6.5018040860e+10 -4.6160336157e+06 7.2788393519e+05 3.0773512083e-01 9.1697153652e+02 -8.1423237395e+10
1.5379855022e+05 1.7560649548e-13 3.9145020159e-15 6.2671318672e+06 1.3163612395e+06 1.4038920317e-17 1.4585527080e-18 -1.0145445046e+04 -9.1556053420e+02 -8.8016004489e+10 -2.3958507606e+06 9.2821223142e+05 2.5012647415e-01 1.2338791665e+03 -1.0683755025e+11
1.5379880034e+05 1.7561000741e-13 3.9148669275e-15 6.2646362410e+06 1.3161359902e+06 1.4042307750e-17 1.4592642926e-18 -9.7933612971e+03 -8.8406717107e+02 -1.1829809799e+11 6.1709085591e+05 1.2001554012e+06 2.2784124689e-01 1.6214915926e+03 -1.3552760894e+11
1.5379902819e+05 1.7561320717e-13 3.9151994820e-15 6.2624498963e+06 1.3159385951e+06 1.4045395600e-17 1.4599130834e-18 -9.3836775285e+03 -8.4733841117e+02 -1.5213889331e+11 4.1178435305e+06 1.5162244390e+06 2.3376213045e-01 2.0119308249e+03 -1.6112705576e+11
1.5379926195e+05 1.7561649083e-13 3.9155408323e-15 6.2603145198e+06 1.3157457417e+06 1.4048565804e-17 1.4605793088e-18 -8.8703886154e+03 -8.0124810634e+02 -1.9245889281e+11 8.4997317498e+06 1.9119707282e+06 2.8424469169e-01 2.4127854594e+03 -1.8266058451e+11
1.5379943820e+05 1.7561896710e-13 3.9157983042e-15 6.2587897396e+06 1.3156079933e+06 1.4050957397e-17 1.4610819911e-18 -8.4240753578e+03 -7.6112947574e+02 -2.2565587388e+11 1.2307677036e+07 2.2559811072e+06 1.8470523992e-01 2.6847928395e+03 -1.9302671483e+11
1.5379959809e+05 1.7562121397e-13 3.9160319616e-15 6.2574777378e+06 1.3154894374e+06 1.4053128019e-17 1.4615382868e-18 -7.9812489018e+03 -7.2129718694e+02 -2.5689023995e+11 1.6084664861e+07 2.5972805597e+06 1.6120898532e-01 2.8874197254e+03 -1.9668264339e+11
1.5379975930e+05 1.7562347963e-13 3.9162676118e-15 6.2562290320e+06 1.3153765723e+06 1.4055317330e-17 1.4619985651e-18 -7.5065975025e+03 -6.7857977077e+02 -2.8849072843e+11 2.0132276323e+07 2.9631273795e+06 1.4881219278e-01 3.0336781601e+03 -1.9435639036e+11
1.5379990812e+05 1.7562557139e-13 3.9164852066e-15 6.2551456373e+06 1.3152786234e+06 1.4057339011e-17 1.4624236463e-18 -7.0521179832e+03 -6.3766078721e+02 -3.1692991080e+11 2.4007425719e+07 3.3134773244e+06 1.4254552515e-01 3.1084691780e+03 -1.8709114618e+11
1.5380005066e+05 1.7562757533e-13 3.9166936976e-15 6.2541718420e+06 1.3151905603e+06 1.4059276171e-17 1.4628309940e-18 -6.6104654358e+03 -5.9788393976e+02 -3.4286430348e+11 2.7773041089e+07 3.6540132080e+06 1.4054587780e-01 3.1234766049e+03 -1.7622127019e+11
1.5380019121e+05 1.7562955144e-13 3.9168993207e-15 6.2532733164e+06 1.3151092821e+06 1.4061186707e-17 1.4632327774e-18 -6.1766276797e+03 -5.5880093616e+02 -3.6670773924e+11 3.1472071737e+07 3.9886181895e+06 1.4208297868e-01 3.0863163758e+03 -1.6269749957e+11
1.5380033329e+05 1.7563154943e-13 3.9171072501e-15 6.2524264067e+06 1.3150326507e+06 1.4063118658e-17 1.4636390967e-18 -5.7466974438e+03 -5.2006193311e+02 -3.8874178597e+11 3.5138016350e+07 4.3203262539e+06 1.4774512617e-01 3.0022696483e+03 -1.4725094971e+11
1.5380048103e+05 1.7563362734e-13 3.9173235268e-15 6.2516094600e+06 1.3149587068e+06 1.4065128114e-17 1.4640617486e-18 -5.3153075899e+03 -4.8118491083e+02 -4.0925599441e+11 3.8816830581e+07 4.6533050206e+06 1.6053839280e-01 2.8744380260e+03 -1.3039850751e+11
1.5380064157e+05 1.7563588551e-13 3.9175586018e-15 6.2507922068e+06 1.3148847081e+06 1.4067312119e-17 1.4645211480e-18 -4.8707154645e+03 -4.4111281045e+02 -4.2872738851e+11 4.2608906528e+07 4.9966614073e+06 1.9831638721e-01 2.7013682958e+03 -1.1229728002e+11
1.5380083989e+05 1.7563867555e-13 3.9178490966e-15 6.2498774315e+06 1.3148018404e+06 1.4070010789e-17 1.4650888506e-18 -4.3627089167e+03 -3.9532057578e+02 -4.4890114981e+11 4.6943078642e+07 5.3892857213e+06 1.9147141698e-01 2.4583821896e+03 -9.1537751501e+10
1.5380099669e+05 1.7564088193e-13 3.9180788606e-15 6.2492225132e+06 1.3147424822e+06 1.4072145049e-17 1.4655378534e-18 -3.9959793828e+03 -3.6226180502e+02 -4.6208969656e+11 5.0073025477e+07 5.6729667180e+06 1.5835787242e-01 2.2572182584e+03 -7.6982688638e+10
1.5380115505e+05 1.7564311053e-13 3.9183109759e-15 6.2486169407e+06 1.3146875692e+06 1.4074300905e-17 1.4659914259e-18 -3.6574754892e+03 -3.3174773860e+02 -4.7324045053e+11 5.2963183348e+07 5.9350450176e+06 1.4861284441e-01 2.0555503478e+03 -6.4166400527e+10
1.5380130366e+05 1.7564520230e-13 3.9185288727e-15 6.2480952174e+06 1.3146402345e+06 1.4076324446e-17 1.4664171822e-18 -3.3682643313e+03 -3.0567845813e+02 -4.8198997799e+11 5.5433562775e+07 6.1591765180e+06 1.4436657106e-01 1.8732641895e+03 -5.3852420365e+10
1.5380144803e+05 1.7564723460e-13 3.9187406042e-15 6.2476277061e+06 1.3145977950e+06 1.4078290468e-17 1.4668308551e-18 -3.1124710861e+03 -2.8262348624e+02 -4.8913171551e+11 5.7619546444e+07 6.3576142338e+06 1.4279935697e-01 1.7059858746e+03 -4.5319257188e+10
1.5380159083e+05 1.7564924511e-13 3.9189500959e-15 6.2471999406e+06 1.3145589410e+06 1.4080235416e-17 1.4672401104e-18 -2.8823229149e+03 -2.6188252803e+02 -4.9507885864e+11 5.9587421129e+07 6.5363564512e+06 1.4276571945e-01 1.5518524300e+03 -3.8176597292e+10
1.5380173359e+05 1.7565125542e-13 3.9191595967e-15 6.2468036055e+06 1.3145229194e+06 1.4082180153e-17 1.4676493366e-18 -2.6732870435e+03 -2.4304727295e+02 -5.0008775411e+11 6.1375840006e+07 6.6989000184e+06 1.4378146006e-01 1.4098620309e+03 -3.2168341774e+10
1.5380187738e+05 1.7565328032e-13 3.9193706471e-15 6.2464331919e+06 1.3144892309e+06 1.4084138958e-17 1.4680615375e-18 -2.4822825834e+03 -2.2584023480e+02 -5.0433788858e+11 6.3011075899e+07 6.8476215062e+06 1.4559580601e-01 1.2792567661e+03 -2.7103034041e+10
1.5380202297e+05 1.7565533105e-13 3.9195844211e-15 6.2460847511e+06 1.3144575177e+06 1.4086122701e-17 1.4684789997e-18 -2.3070280541e+03 -2.1005595347e+02 -5.0796325563e+11 6.4512586309e+07 6.9842809820e+06 1.4806392747e-01 1.1593559742e+03 -2.2828710233e+10
1.5380217103e+05 1.7565741685e-13 3.9198018813e-15 6.2457553039e+06 1.3144275091e+06 1.4088140282e-17 1.4689035962e-18 -2.1457381687e+03 -1.9553367377e+02 -5.1106790297e+11 6.5895599332e+07 7.1102560495e+06 1.5109678837e-01 1.0495050009e+03 -1.9220997368e+10
1.5380232213e+05 1.7565954568e-13 3.9200238607e-15 6.2454425199e+06 1.3143989935e+06 1.4090199395e-17 1.4693369454e-18 -1.9969614356e+03 -1.8214271399e+02 -5.1373477505e+11 6.7172498584e+07 7.2266671692e+06 1.5463776474e-01 9.4906110964e+02 -1.6176397517e+10
1.5380247677e+05 1.7566172472e-13 3.9202511100e-15 6.2451445258e+06 1.3143718001e+06 1.4092306962e-17 1.4697805043e-18 -1.8594845491e+03 -1.6977385273e+02 -5.1603122664e+11 6.8353638509e+07 7.3344514238e+06 1.5865051466e-01 8.5739246503e+02 -1.3607984112e+10
1.5380263542e+05 1.7566396064e-13 3.9204843275e-15 6.2448597832e+06 1.3143457886e+06 1.4094469413e-17 1.4702356263e-18 -1.7322720026e+03 -1.5833388950e+02 -5.1801269798e+11 6.9447859314e+07 7.4344090993e+06 1.6311209189e-01 7.7388146204e+02 -1.1442371809e+10
1.5380279853e+05 1.7566625980e-13 3.9207241789e-15 6.2445870074e+06 1.3143208414e+06 1.4096692868e-17 1.4707035992e-18 -1.6144258629e+03 -1.4774202156e+02 -5.1972528997e+11 7.0462829976e+07 7.5272347113e+06 1.6800882396e-01 6.9792906097e+02 -9.6174357892e+09
1.5380296654e+05 1.7566862836e-13 3.9209713105e-15 6.2443251102e+06 1.3142968586e+06 1.4098983262e-17 1.4711856725e-18 -1.5051577617e+03 -1.3792732142e+02 -5.2120764060e+11 7.1405287068e+07 7.6135386040e+06 1.7332105535e-01 6.2895878977e+02 -8.0805135554e+09
1.5380313986e+05 1.7567107222e-13 3.9212263411e-15 6.2440731763e+06 1.3142737555e+06 1.4101346263e-17 1.4716830393e-18 -1.4037756894e+03 -1.2882754519e+02 -5.2249224875e+11 7.2281146522e+07 7.6938569766e+06 1.7904914501e-01 5.6642422368e+02 -6.7870280657e+09
1.5380331891e+05 1.7567359727e-13 3.9214898907e-15 6.2438304080e+06 1.3142514584e+06 1.4103787545e-17 1.4721968943e-18 -1.3096578713e+03 -1.2038678177e+02 -5.2360671418e+11 7.3095727311e+07 7.7686722078e+06 1.8519912722e-01 5.0980417596e+02 -5.6991133515e+09
1.5380350411e+05 1.7567620951e-13 3.9217625895e-15 6.2435961009e+06 1.3142299013e+06 1.4106312866e-17 1.4727284498e-18 -1.2222417111e+03 -1.1255445801e+02 -5.2457456587e+11 7.3853845890e+07 7.8384214092e+06 1.9177402661e-01 4.5860471141e+02 -4.7846287760e+09
1.5380369588e+05 1.7567891499e-13 3.9220450733e-15 6.2433696360e+06 1.3142090261e+06 1.4108928026e-17 1.4732789270e-18 -1.1410186218e+03 -1.0528487222e+02 -5.2541588997e+11 7.4559859888e+07 7.9035003384e+06 1.9877901105e-01 4.1236232600e+02 -4.0163509869e+09
1.5380389466e+05 1.7568171982e-13 3.9223379870e-15 6.2431504654e+06 1.3141887807e+06 1.4111638898e-17 1.4738495624e-18 -1.0655267486e+03 -9.8536538625e+01 -5.2614788186e+11 7.5217730136e+07 7.9642690085e+06 2.0622069905e-01 3.7064401733e+02 -3.3712380231e+09
1.5380410088e+05 1.7568463022e-13 3.9226419863e-15 6.2429381008e+06 1.3141691184e+06 1.4114451444e-17 1.4744416116e-18 -9.9534513884e+02 -9.2271661886e+01 -5.2678529637e+11 7.5831070344e+07 8.0210561784e+06 2.1410669788e-01 3.3304692736e+02 -2.8298031197e+09
1.5380431499e+05 1.7568765253e-13 3.9229577400e-15 6.2427321054e+06 1.3141499967e+06 1.4117371732e-17 1.4750563523e-18 -9.3008893790e+02 -8.6455703964e+01 -5.2734081893e+11 7.6403188012e+07 8.0741630523e+06 2.2244521370e-01 2.9919760932e+02 -2.3755803419e+09
1.5380453744e+05 1.7569079321e-13 3.9232859302e-15 6.2425320859e+06 1.3141313768e+06 1.4120405943e-17 1.4756950861e-18 -8.6940536991e+02 -8.1057021447e+01 -5.2782537409e+11 7.6937118647e+07 8.1238663721e+06 2.3124471828e-01 2.6875100927e+02 -1.9946684069e+09
1.5380476868e+05 1.7569405884e-13 3.9236272537e-15 6.2423376871e+06 1.3141132231e+06 1.4123560373e-17 1.4763591392e-18 -8.1297032850e+02 -7.6046557640e+01 -5.2824838348e+11 7.7435654758e+07 8.1704210393e+06 2.4051357500e-01 2.4138924020e+02 -1.6753413580e+09
1.5380500919e+05 1.7569745615e-13 3.9239824212e-15 6.2421485863e+06 1.3140955027e+06 1.4126841436e-17 1.4770498618e-18 -7.6048546818e+02 -7.1397579527e+01 -5.2861798263e+11 7.7901370575e+07 8.2140623488e+06 2.5025975699e-01 2.1682022278e+02 -1.4077166096e+09
1.5380525945e+05 1.7570099195e-13 3.9243521572e-15 6.2419644895e+06 1.3140781847e+06 1.4130255651e-17 1.4777686275e-18 -7.1167567963e+02 -6.7085449091e+01 -5.2894120418e+11 7.8336643473e+07 8.2550079264e+06 2.6049051520e-01 1.9477623487e+02 -1.1834720440e+09
1.5380551994e+05 1.7570467321e-13 3.9247371994e-15 6.2417851276e+06 1.3140612403e+06 1.4133809642e-17 1.4785168308e-18 -6.6628689257e+02 -6.3087423888e+01 -5.2922413305e+11 7.8743672593e+07 8.2934594107e+06 2.7121211391e-01 1.7501242076e+02 -9.9560524238e+08
1.5380579116e+05 1.7570850698e-13 3.9251382967e-15 6.2416102536e+06 1.3140446425e+06 1.4137510114e-17 1.4792958845e-18 -6.2408413805e+02 -5.9382480745e+01 -5.2947203863e+11 7.9124495228e+07 8.3296039357e+06 2.8242951158e-01 1.5730528769e+02 -8.3822874612e+08
1.5380607359e+05 1.7571250037e-13 3.9255562081e-15 6.2414396392e+06 1.3140283651e+06 1.4141363845e-17 1.4801072156e-18 -5.8484983933e+02 -5.5951159769e+01 -5.2968948737e+11 7.9481001247e+07 8.3636154333e+06 2.9414616996e-01 1.4145122174e+02 -7.0639620440e+08
1.5380636773e+05 1.7571666059e-13 3.9259917003e-15 6.2412730731e+06 1.3140123836e+06 1.4145377658e-17 1.4809522614e-18 -5.4838227974e+02 -5.2775424041e+01 -5.2988043918e+11 7.9814945995e+07 8.3956558010e+06 3.0636375992e-01 1.2726503533e+02 -5.9595485803e+08
1.5380636773e+05 1.7571666059e-13 3.9259917003e-15 6.2412730731e+06 1.3140123836e+06 1.4145377658e-17 1.4809522614e-18 -5.4838227974e+02 -5.2775424041e+01 -5.2988043918e+11 7.9814945995e+07 8.3956558010e+06 3.0636375992e-01 1.2726503533e+02 -5.9595485803e+08
