0.0000000000e+00 0.0000000000e+00 0.0000000000e+00 3.1415900000e+08 0.0000000000e+00 0.0000000000e+00 0.0000000000e+00 -1.1785694420e+03 2.2577437710e+02 -4.6638893088e+09 -1.0017840257e+07 1.9190822054e+06 1.0000000000e+01 0.0000000000e+00 -0.0000000000e+00
1.0000000000e+01 2.8740014481e-22 6.8850080490e-28 3.1414721410e+08 2.2577437705e+03 5.7480747786e-23 2.0655411605e-28 -1.1786098273e+03 2.2577437695e+02 -4.6638893088e+09 -1.0017840257e+07 1.9190822053e+06 5.0000000000e+01 0.0000000000e+00 -0.0000000000e+00
6.0000000000e+01 1.0347699329e-20 1.4875803042e-25 3.1408827856e+08 1.3546462521e+04 3.4494919796e-22 7.4387388812e-27 -1.1788117992e+03 2.2577437187e+02 -4.6638893088e+09 -1.0017840257e+07 1.9190822053e+06 2.5000000000e+02 0.0000000000e+00 -0.0000000000e+00
3.1000000000e+02 2.7639900110e-19 2.0545811416e-23 3.1379344928e+08 6.9990042466e+04 1.7839116536e-21 1.9894623537e-25 -1.1798227973e+03 2.2577423732e+02 -4.6638893088e+09 -1.0017840257e+07 1.9190822053e+06 1.2500000000e+03 0.0000000000e+00 -0.0000000000e+00
1.5600000000e+03 7.0214375754e-18 2.6368260964e-21 3.1231549849e+08 3.5220617567e+05 9.0195344895e-21 5.0857782562e-24 -1.1849064608e+03 2.2577080389e+02 -4.6638893088e+09 -1.0017840257e+07 1.9190822054e+06 3.6000000000e+03 0.0000000000e+00 -0.0000000000e+00
5.1600000000e+03 7.7526447820e-17 9.7411178767e-20 3.0802311251e+08 1.1649273459e+06 3.0247772561e-20 5.7197545863e-23 -1.1998211711e+03 2.2573419078e+02 -4.6638893087e+09 -1.0017840257e+07 1.9190822054e+06 3.6000000000e+03 0.0000000000e+00 -0.0000000000e+00
8.7600000000e+03 2.2552916032e-16 4.8673948967e-19 3.0367627755e+08 1.9774415660e+06 5.2079229926e-20 1.6955974440e-22 -1.2151596962e+03 2.2565524642e+02 -4.6638893086e+09 -1.0017840257e+07 1.9190822054e+06 3.6000000000e+03 0.0000000000e+00 -0.0000000000e+00
1.2360000000e+04 4.5326121755e-16 1.3968280037e-18 2.9927342570e+08 2.7895899060e+06 7.4547710767e-20 3.4742982400e-22 -1.2309457866e+03 2.2553027699e+02 -4.6638893085e+09 -1.0017840257e+07 1.9190822054e+06 3.6000000000e+03 0.0000000000e+00 -0.0000000000e+00
1.5960000000e+04 7.6308089274e-16 3.0738023471e-18 2.9481290005e+08 3.6011994411e+06 9.7689809422e-20 5.9662818119e-22 -1.2472051528e+03 2.2535519316e+02 -4.6638893084e+09 -1.0017840257e+07 1.9190822054e+06 3.6000000000e+03 0.0000000000e+00 -0.0000000000e+00
1.9560000000e+04 1.1574836771e-15 5.7858649350e-18 2.9029294730e+08 4.4120817354e+06 1.2154521850e-19 9.2361265155e-22 -1.2639656826e+03 2.2512545772e+02 -4.6638893082e+09 -1.0017840257e+07 1.9190822054e+06 3.6000000000e+03 0.0000000000e+00 -0.0000000000e+00
2.3160000000e+04 1.6391140517e-15 9.8257414596e-18 2.8571170947e+08 5.2220311233e+06 1.4615708004e-19 1.3355649613e-21 -1.2812576869e+03 2.2483602487e+02 -4.6638893080e+09 -1.0017840257e+07 1.9190822054e+06 3.6000000000e+03 0.0000000000e+00 -0.0000000000e+00
2.6760000000e+04 2.2107786120e-15 1.5513463485e-17 2.8106721469e+08 6.0308227543e+06 1.7157238701e-19 1.8404914216e-21 -1.2991141826e+03 2.2448126948e+02 -4.6638893078e+09 -1.0017840257e+07 1.9190822054e+06 3.6000000000e+03 0.0000000000e+00 -0.0000000000e+00
3.0360000000e+04 2.8754607407e-15 2.3199543282e-17 2.7635736685e+08 6.8382103626e+06 1.9784244401e-19 2.4473406593e-21 -1.3175712156e+03 2.2405490435e+02 -4.6638893075e+09 -1.0017840257e+07 1.9190822054e+06 3.6000000000e+03 0.0000000000e+00 -0.0000000000e+00
3.3960000000e+04 3.6363370625e-15 3.3268608198e-17 2.7157993411e+08 7.6439237136e+06 2.2502339785e-19 3.1661418196e-21 -1.3366682340e+03 2.2354988311e+02 -4.6638893072e+09 -1.0017840257e+07 1.9190822053e+06 3.6000000000e+03 0.0000000000e+00 -0.0000000000e+00
3.7560000000e+04 4.4967959527e-15 4.6143575647e-17 2.6673253583e+08 8.4476656705e+06 2.5317685091e-19 4.0081674902e-21 -1.3564485189e+03 2.2295828578e+02 -4.6638893069e+09 -1.0017840257e+07 1.9190822054e+06 3.6000000000e+03 0.0000000000e+00 -0.0000000000e+00
4.1160000000e+04 5.4604584266e-15 6.2290466851e-17 2.6181262792e+08 9.2491088123e+06 2.8237057310e-19 4.9861266269e-21 -1.3769596847e+03 2.2227118319e+02 -4.6638893065e+09 -1.0017840257e+07 1.9190822053e+06 3.6000000000e+03 0.0000000000e+00 -0.0000000000e+00
4.4760000000e+04 6.5312017980e-15 8.2223978815e-17 2.5681748623e+08 1.0047891519e+07 3.1267933190e-19 6.1143940923e-21 -1.3982542620e+03 2.2147847574e+02 -4.6638893060e+09 -1.0017840257e+07 1.9190822053e+06 3.6000000000e+03 0.0000000000e+00 -0.0000000000e+00
4.8360000000e+04 7.7131865732e-15 1.0651396071e-16 2.5174418764e+08 1.0843613421e+07 3.4418586441e-19 7.4092851272e-21 -1.4203903811e+03 2.2056870054e+02 -4.6638893054e+09 -1.0017840257e+07 1.9190822053e+06 3.6000000000e+03 0.0000000000e+00 -0.0000000000e+00
5.1960000000e+04 9.0108871444e-15 1.3579297468e-16 2.4658958850e+08 1.1635830088e+07 3.7698202134e-19 8.8893853033e-21 -1.4434325751e+03 2.1952879957e+02 -4.6638893047e+09 -1.0017840257e+07 1.9190822053e+06 3.6000000000e+03 0.0000000000e+00 -0.0000000000e+00
5.5560000000e+04 1.0429126965e-14 1.7076516400e-16 2.4135029989e+08 1.2424046796e+07 4.1117012014e-19 1.0575949426e-20 -1.4674527311e+03 2.1834383946e+02 -4.6638893038e+09 -1.0017840257e+07 1.9190822053e+06 3.6000000000e+03 0.0000000000e+00 -0.0000000000e+00
5.9160000000e+04 1.1973119042e-14 2.1221670672e-16 2.3602265923e+08 1.3207711188e+07 4.4686455443e-19 1.2493386717e-20 -1.4925312207e+03 2.1699667057e+02 -4.6638893027e+09 -1.0017840257e+07 1.9190822053e+06 3.6000000000e+03 0.0000000000e+00 -0.0000000000e+00
6.2760000000e+04 1.3648512769e-14 2.6102820405e-16 2.3060269732e+08 1.3986204562e+07 4.8419371958e-19 1.4669854755e-20 -1.5187582530e+03 2.1546750974e+02 -4.6638893014e+09 -1.0017840257e+07 1.9190822053e+06 3.6000000000e+03 0.0000000000e+00 -0.0000000000e+00
6.6360000000e+04 1.5461448379e-14 3.1818944558e-16 2.2508610010e+08 1.4758831503e+07 5.2330233073e-19 1.7137991590e-20 -1.5462355031e+03 2.1373342583e+02 -4.6638892998e+09 -1.0017840257e+07 1.9190822053e+06 3.6000000000e+03 0.0000000000e+00 -0.0000000000e+00
6.9960000000e+04 1.7418620581e-14 3.8481711538e-16 2.1946816394e+08 1.5524807444e+07 5.6435423246e-19 1.9935824887e-20 -1.5750780863e+03 2.1176770107e+02 -4.6638892978e+09 -1.0017840257e+07 1.9190822053e+06 3.6000000000e+03 0.0000000000e+00 -0.0000000000e+00
7.3560000000e+04 1.9527353396e-14 4.6217616504e-16 2.1374374308e+08 1.6283243643e+07 6.0753582862e-19 2.3107909939e-20 -1.6054169677e+03 2.0953903143e+02 -4.6638892952e+09 -1.0017840257e+07 1.9190822053e+06 3.6000000000e+03 0.0000000000e+00 -0.0000000000e+00
7.7160000000e+04 2.1795688698e-14 5.5170579703e-16 2.0790718740e+08 1.7033128935e+07 6.5306030231e-19 2.6706766458e-20 -1.6374019273e+03 2.0701051718e+02 -4.6638892920e+09 -1.0017840257e+07 1.9190822053e+06 3.6000000000e+03 0.0000000000e+00 -0.0000000000e+00
8.0760000000e+04 2.4232491695e-14 6.5505129677e-16 2.0195226829e+08 1.7773307360e+07 7.0117285157e-19 3.0794709546e-20 -1.6712052384e+03 2.0413837646e+02 -4.6638892878e+09 -1.0017840257e+07 1.9190822053e+06 3.6000000000e+03 0.0000000000e+00 -0.0000000000e+00
8.4360000000e+04 2.6847577538e-14 7.7410335641e-16 1.9587208975e+08 1.8502450541e+07 7.5215724515e-19 3.5446206656e-20 -1.7070262735e+03 2.0087028932e+02 -4.6638892824e+09 -1.0017840257e+07 1.9190822053e+06 3.6000000000e+03 0.0000000000e+00 -0.0000000000e+00
8.7960000000e+04 2.9651864496e-14 9.1104709769e-16 1.8965898073e+08 1.9219023237e+07 8.0634411285e-19 4.0750945230e-20 -1.7450973293e+03 1.9714324240e+02 -4.6638892753e+09 -1.0017840257e+07 1.9190822053e+06 3.6000000000e+03 0.0000000000e+00 -0.0000000000e+00
9.1560000000e+04 3.2657560938e-14 1.0684237963e-15 1.8330436378e+08 1.9921239978e+07 8.6412154396e-19 4.6817873588e-20 -1.7856910727e+03 1.9288068992e+02 -4.6638892657e+09 -1.0017840257e+07 1.9190822053e+06 3.6000000000e+03 0.0000000000e+00 -0.0000000000e+00
9.5160000000e+04 3.5878395785e-14 1.2492094520e-15 1.7679859312e+08 2.0607009860e+07 9.2594879863e-19 5.3780594684e-20 -1.8291301744e+03 1.8798876399e+02 -4.6638892527e+09 -1.0017840257e+07 1.9190822054e+06 3.6000000000e+03 0.0000000000e+00 -0.0000000000e+00
9.8760000000e+04 3.9329905581e-14 1.4569160148e-15 1.7013075295e+08 2.1273865431e+07 9.9237428076e-19 6.1804671378e-20 -1.8757999367e+03 1.8235114210e+02 -4.6638892348e+09 -1.0017840257e+07 1.9190822054e+06 3.6000000000e+03 0.0000000000e+00 -0.0000000000e+00
1.0236000000e+05 4.3029796338e-14 1.6957235527e-15 1.6328840324e+08 2.1918869821e+07 1.0640594419e-18 7.1097681975e-20 -1.9261650875e+03 1.7582198219e+02 -4.6638892096e+09 -1.0017840257e+07 1.9190822054e+06 3.6000000000e+03 0.0000000000e+00 -0.0000000000e+00
1.0596000000e+05 4.6998405676e-14 1.9706554112e-15 1.5625725502e+08 2.2538493690e+07 1.1418110923e-18 8.1923313469e-20 -1.9807924824e+03 1.6821602086e+02 -4.6638891732e+09 -1.0017840257e+07 1.9190822054e+06 3.6000000000e+03 0.0000000000e+00 -0.0000000000e+00
1.0956000000e+05 5.1259301777e-14 2.2878142633e-15 1.4902074956e+08 2.3128449369e+07 1.2266258752e-18 9.4621518032e-20 -2.0403823510e+03 1.5929441173e+02 -4.6638891195e+09 -1.0017840257e+07 1.9190822053e+06 3.6000000000e+03 0.0000000000e+00 -0.0000000000e+00
1.1316000000e+05 5.5840072703e-14 2.6547062913e-15 1.4155950380e+08 2.3683463104e+07 1.3197527509e-18 1.0963800961e-19 -2.1058121982e+03 1.4874400141e+02 -4.6638890380e+09 -1.0017840257e+07 1.9190822053e+06 3.3288981464e+03 0.0000000000e+00 -0.0000000000e+00
1.1615318320e+05 5.9915539237e-14 3.0042791351e-15 1.3516845471e+08 2.4113641409e+07 1.4046408705e-18 1.2431052174e-19 -2.1654535924e+03 1.3843526700e+02 -4.6638889892e+09 -1.0017840257e+07 1.9190822053e+06 3.0125580477e+03 0.0000000000e+00 -0.0000000000e+00
1.1916574125e+05 6.4285753901e-14 3.4040697873e-15 1.2854748444e+08 2.4512911617e+07 1.4981534235e-18 1.4156709380e-19 -2.2311544120e+03 1.2631100249e+02 -4.6638889138e+09 -1.0017840257e+07 1.9190822053e+06 2.7205546743e+03 0.0000000000e+00 -0.0000000000e+00
1.2161064626e+05 6.8048507947e-14 3.7696021674e-15 1.2302232738e+08 2.4808089774e+07 1.5810111260e-18 1.5782109595e-19 -2.2893692590e+03 1.1489113181e+02 -4.6638888747e+09 -1.0017840257e+07 1.9190822053e+06 2.4614870223e+03 0.0000000000e+00 -0.0000000000e+00
1.2407213329e+05 7.2050257218e-14 4.1807210364e-15 1.1730971203e+08 2.5074983193e+07 1.6718078125e-18 1.7667915504e-19 -2.3531619427e+03 1.0164168135e+02 -4.6638888156e+09 -1.0017840257e+07 1.9190822053e+06 2.2217227958e+03 0.0000000000e+00 -0.0000000000e+00
1.2606551468e+05 7.5461344981e-14 4.5499753270e-15 1.1256378350e+08 2.5265603916e+07 1.7516150296e-18 1.9416468452e-19 -2.4092335545e+03 8.9356554045e+01 -4.6638887860e+09 -1.0017840257e+07 1.9190822053e+06 2.0082669581e+03 0.0000000000e+00 -0.0000000000e+00
1.2787161471e+05 7.8694423931e-14 4.9164946971e-15 1.0816364597e+08 2.5415862827e+07 1.8295079415e-18 2.1205745908e-19 -2.4639601981e+03 7.6785301144e+01 -4.6638887609e+09 -1.0017840257e+07 1.9190822054e+06 1.8200818564e+03 0.0000000000e+00 -0.0000000000e+00
1.2950232972e+05 8.1738692049e-14 5.2768078891e-15 1.0410286813e+08 2.5530884682e+07 1.9050277962e-18 2.3019018211e-19 -2.5170195595e+03 6.4045463271e+01 -4.6638887402e+09 -1.0017840257e+07 1.9190822054e+06 1.6449037067e+03 0.0000000000e+00 -0.0000000000e+00
1.3096701987e+05 8.4581539281e-14 5.6270311676e-15 1.0037927805e+08 2.5615511433e+07 1.9776095977e-18 2.4835095868e-19 -2.5680146794e+03 5.1285915305e+01 -4.6638887239e+09 -1.0017840257e+07 1.9190822054e+06 1.4797623028e+03 0.0000000000e+00 -0.0000000000e+00
1.3227089932e+05 8.7204537764e-14 5.9623295581e-15 9.6999677694e+07 2.5674317301e+07 2.0464726548e-18 2.6625056175e-19 -2.6163970531e+03 3.8709864776e+01 -4.6638887119e+09 -1.0017840257e+07 1.9190822054e+06 1.3210620228e+03 0.0000000000e+00 -0.0000000000e+00
1.3341266830e+05 8.9577310779e-14 6.2760073133e-15 9.3986941261e+07 2.5711713180e+07 2.1104389813e-18 2.8346522864e-19 -2.6613390416e+03 2.6615042342e+01 -4.6638887038e+09 -1.0017840257e+07 1.9190822053e+06 1.1638266264e+03 0.0000000000e+00 -0.0000000000e+00
1.3437720489e+05 9.1640159163e-14 6.5569472813e-15 9.1400834905e+07 2.5732095711e+07 2.1674200147e-18 2.9927999831e-19 -2.7013732452e+03 1.5503771227e+01 -4.6638886994e+09 -1.0017840257e+07 1.9190822053e+06 1.0001571639e+03 0.0000000000e+00 -0.0000000000e+00
1.3509601065e+05 9.3213959399e-14 6.7765654567e-15 8.9447938871e+07 2.5740082488e+07 2.2117935135e-18 3.1191071868e-19 -2.7325495435e+03 6.6295756930e+00 -4.6638886982e+09 -1.0017840257e+07 1.9190822053e+06 8.2328061582e+02 0.0000000000e+00 -0.0000000000e+00
1.3583062013e+05 9.4855971823e-14 7.0106879267e-15 8.7428491978e+07 2.5741446792e+07 2.2589596146e-18 3.2564050428e-19 -2.7656878912e+03 -3.0168101437e+00 -4.6638886965e+09 -1.0017840257e+07 1.9190822054e+06 6.9857907661e+02 0.0000000000e+00 -0.0000000000e+00
1.3652919920e+05 9.6450230930e-14 7.2429781095e-15 8.5485060334e+07 2.5735963698e+07 2.3056388736e-18 3.3953880084e-19 -2.7984841894e+03 -1.2781589798e+01 -4.6638886950e+09 -1.0017840257e+07 1.9190822054e+06 8.6186351596e+02 0.0000000000e+00 -0.0000000000e+00
1.3739106272e+05 9.8463117477e-14 7.5434370299e-15 8.3055063924e+07 2.5719451494e+07 2.3658777351e-18 3.5793319349e-19 -2.8408073049e+03 -2.5705273668e+01 -4.6638886898e+09 -1.0017840257e+07 1.9190822054e+06 9.4418640404e+02 0.0000000000e+00 -0.0000000000e+00
1.3833524912e+05 1.0072951524e-13 7.8915861614e-15 8.0349930276e+07 2.5688019107e+07 2.4355332296e-18 3.7985220620e-19 -2.8897464358e+03 -4.1105314126e+01 -4.6638886792e+09 -1.0017840257e+07 1.9190822054e+06 9.8439343322e+02 0.0000000000e+00 -0.0000000000e+00
1.3931964256e+05 1.0316460341e-13 8.2776591971e-15 7.7478889953e+07 2.5639019549e+07 2.5126631049e-18 4.0494253638e-19 -2.9439369788e+03 -5.8733484931e+01 -4.6638886622e+09 -1.0017840257e+07 1.9190822054e+06 9.9917131451e+02 0.0000000000e+00 -0.0000000000e+00
1.4031881387e+05 1.0571645391e-13 8.6960903834e-15 7.4508397039e+07 2.5570622001e+07 2.5962041992e-18 4.3309941670e-19 -3.0026319688e+03 -7.8516177784e+01 -4.6638886377e+09 -1.0017840257e+07 1.9190822054e+06 9.9702107584e+02 0.0000000000e+00 -0.0000000000e+00
1.4131583495e+05 1.0834891525e-13 9.1431898795e-15 7.1483802098e+07 2.5481596967e+07 2.6854978671e-18 4.6433569971e-19 -3.0653686493e+03 -1.0046242274e+02 -4.6638886049e+09 -1.0017840257e+07 1.9190822054e+06 9.8304818488e+02 0.0000000000e+00 -0.0000000000e+00
1.4229888313e+05 1.1103482165e-13 9.6162437861e-15 6.8438125306e+07 2.5371181950e+07 2.7801037934e-18 4.9873210675e-19 -3.1318376601e+03 -1.2462893366e+02 -4.6638885628e+09 -1.0017840257e+07 1.9190822053e+06 9.6064978110e+02 0.0000000000e+00 -0.0000000000e+00
1.4325953291e+05 1.1375276775e-13 1.0113100612e-14 6.5396335880e+07 2.5238986295e+07 2.8797124920e-18 5.3641495391e-19 -3.2018215599e+03 -1.5110445875e+02 -4.6638885106e+09 -1.0017840257e+07 1.9190822054e+06 9.3223714054e+02 0.0000000000e+00 -0.0000000000e+00
1.4419177006e+05 1.1648536696e-13 1.0631957653e-14 6.2377737616e+07 2.5084918702e+07 2.9840984801e-18 5.7754509200e-19 -3.2751619270e+03 -1.8000200989e+02 -4.6638884472e+09 -1.0017840257e+07 1.9190822054e+06 8.9959438697e+02 0.0000000000e+00 -0.0000000000e+00
1.4509136444e+05 1.1921821879e-13 1.1171241715e-14 5.9397433613e+07 2.4909129427e+07 3.0930927131e-18 6.2231213155e-19 -3.3517399929e+03 -2.1145480520e+02 -4.6638883719e+09 -1.0017840257e+07 1.9190822054e+06 8.6407741060e+02 0.0000000000e+00 -0.0000000000e+00
1.4595544185e+05 1.2193925022e-13 1.1729538988e-14 5.6467293714e+07 2.4711962870e+07 3.2065650947e-18 6.7093144706e-19 -3.4314643533e+03 -2.4561416429e+02 -4.6638882837e+09 -1.0017840257e+07 1.9190822054e+06 8.2673407283e+02 0.0000000000e+00 -0.0000000000e+00
1.4678217593e+05 1.2463826978e-13 1.2305552458e-14 5.3596630808e+07 2.4493917954e+07 3.3244126541e-18 7.2364278122e-19 -3.5142626621e+03 -2.8264852754e+02 -4.6638881815e+09 -1.0017840257e+07 1.9190822054e+06 7.8838200457e+02 0.0000000000e+00 -0.0000000000e+00
1.4757055793e+05 1.2730665002e-13 1.2898075631e-14 5.0792695304e+07 2.4255614599e+07 3.4465510858e-18 7.8070984796e-19 -3.6000756872e+03 -3.2274317726e+02 -4.6638880645e+09 -1.0017840257e+07 1.9190822054e+06 7.4966183749e+02 0.0000000000e+00 -0.0000000000e+00
1.4832021977e+05 1.2993709108e-13 1.3505976322e-14 4.8061049830e+07 2.3997765159e+07 3.5729083589e-18 8.4242061092e-19 -3.6888528207e+03 -3.6610043330e+02 -4.6638879317e+09 -1.0017840257e+07 1.9190822054e+06 7.1107529459e+02 0.0000000000e+00 -0.0000000000e+00
1.4903129506e+05 1.3252343778e-13 1.4128186847e-14 4.5405861453e+07 2.3721149946e+07 3.7034196247e-18 9.0908805629e-19 -3.7805485007e+03 -4.1294019609e+02 -4.6638877818e+09 -1.0017840257e+07 1.9190822054e+06 6.7301346306e+02 0.0000000000e+00 -0.0000000000e+00
1.4970430853e+05 1.3506053333e-13 1.4763698401e-14 4.2830134866e+07 2.3426596200e+07 3.8380229375e-18 9.8105135860e-19 -3.8751192047e+03 -4.6350076567e+02 -4.6638876140e+09 -1.0017840257e+07 1.9190822054e+06 6.3577839647e+02 0.0000000000e+00 -0.0000000000e+00
1.5034008692e+05 1.3754409892e-13 1.5411558221e-14 4.0335901912e+07 2.3114959984e+07 3.9766554658e-18 1.0586773846e-18 -3.9725207881e+03 -5.1803989826e+02 -4.6638874269e+09 -1.0017840257e+07 1.9190822054e+06 5.9960000281e+02 0.0000000000e+00 -0.0000000000e+00
1.5093968692e+05 1.3997063225e-13 1.6070868629e-14 3.7924377902e+07 2.2787110565e+07 4.1192499678e-18 1.1423625089e-18 -4.0727060076e+03 -5.7683608206e+02 -4.6638872196e+09 -1.0017840257e+07 1.9190822054e+06 5.6464949519e+02 0.0000000000e+00 -0.0000000000e+00
1.5150433642e+05 1.4233732037e-13 1.6740787385e-14 3.5596092032e+07 2.2443916917e+07 4.2657313593e-18 1.2325347370e-18 -4.1756221099e+03 -6.4019002870e+02 -4.6638869907e+09 -1.0017840257e+07 1.9190822054e+06 5.3105025109e+02 0.0000000000e+00 -0.0000000000e+00
1.5203538667e+05 1.4464196364e-13 1.7420528955e-14 3.3350997185e+07 2.2086236026e+07 4.4160132371e-18 1.3296561442e-18 -4.2812083893e+03 -7.0842638681e+02 -4.6638867390e+09 -1.0017840257e+07 1.9190822054e+06 4.9888667851e+02 0.0000000000e+00 -0.0000000000e+00
1.5253427335e+05 1.4688290862e-13 1.8109366472e-14 3.1188563011e+07 2.1714902720e+07 4.5699942368e-18 1.4342256530e-18 -4.3893936281e+03 -7.8189569343e+02 -4.6638864634e+09 -1.0017840257e+07 1.9190822054e+06 4.6821151507e+02 0.0000000000e+00 -0.0000000000e+00
1.5300248486e+05 1.4905898832e-13 1.8806634252e-14 2.9107855234e+07 2.1330720744e+07 4.7275541107e-18 1.5467821833e-18 -4.5000933419e+03 -8.6097658744e+02 -4.6638861624e+09 -1.0017840257e+07 1.9190822054e+06 4.3905187305e+02 0.0000000000e+00 -0.0000000000e+00
1.5344153674e+05 1.5116946866e-13 1.9511730797e-14 2.7107603451e+07 2.0934454870e+07 4.8885494094e-18 1.6679082229e-18 -4.6132067447e+03 -9.4607831788e+02 -4.6638858349e+09 -1.0017840257e+07 1.9190822054e+06 4.1141426987e+02 0.0000000000e+00 -0.0000000000e+00
1.5385295101e+05 1.5321400038e-13 2.0224122289e-14 2.5186259231e+07 2.0526823789e+07 5.0528086411e-18 1.7982338778e-18 -4.7286133484e+03 -1.0376435898e+03 -4.6638854794e+09 -1.0017840257e+07 1.9190822054e+06 3.8528882820e+02 0.0000000000e+00 -0.0000000000e+00
1.5423823984e+05 1.5519257563e-13 2.0943346633e-14 2.3342045902e+07 2.0108493572e+07 5.2201267629e-18 1.9384414806e-18 -4.8461690924e+03 -1.1361518019e+03 -4.6638850948e+09 -1.0017840257e+07 1.9190822054e+06 3.6065279257e+02 0.0000000000e+00 -0.0000000000e+00
1.5459889263e+05 1.5710548888e-13 2.1669018138e-14 2.1573001197e+07 1.9680071469e+07 5.3902588372e-18 2.0892708552e-18 -4.9657018862e+03 -1.2421227461e+03 -4.6638846798e+09 -1.0017840257e+07 1.9190822054e+06 3.3747347893e+02 0.0000000000e+00 -0.0000000000e+00
1.5493636611e+05 1.5895330176e-13 2.2400833002e-14 1.9877013671e+07 1.9242099820e+07 5.5629126421e-18 2.2515253626e-18 -5.0870064183e+03 -1.3561208541e+03 -4.6638842332e+09 -1.0017840257e+07 1.9190822054e+06 3.1571075519e+02 0.0000000000e+00 -0.0000000000e+00
1.5525207686e+05 1.6073681150e-13 2.3138575820e-14 1.8251853663e+07 1.8795049794e+07 5.7377399816e-18 2.4260788851e-18 -5.2098380503e+03 -1.4787601055e+03 -4.6638837539e+09 -1.0017840257e+07 1.9190822053e+06 2.9531913370e+02 0.0000000000e+00 -0.0000000000e+00
1.5554739600e+05 1.6245702273e-13 2.3882127404e-14 1.6695199386e+07 1.8339314693e+07 5.9143263669e-18 2.6138839532e-18 -5.3339055670e+03 -1.6107097369e+03 -4.6638832409e+09 -1.0017840257e+07 1.9190822054e+06 2.7624954421e+02 0.0000000000e+00 -0.0000000000e+00
1.5582364554e+05 1.6411512258e-13 2.4631474313e-14 1.5204658665e+07 1.7875202439e+07 6.0921786483e-18 2.8159812778e-18 -5.4588624876e+03 -1.7527009395e+03 -4.6638826936e+09 -1.0017840257e+07 1.9190822054e+06 2.5845084907e+02 0.0000000000e+00 -0.0000000000e+00
1.5608209639e+05 1.6571245892e-13 2.5386720628e-14 1.3777786674e+07 1.7402926843e+07 6.2707100475e-18 3.0335110319e-18 -5.5842965483e+03 -1.9055347856e+03 -4.6638821113e+09 -1.0017840257e+07 1.9190822054e+06 2.4187115598e+02 0.0000000000e+00 -0.0000000000e+00
1.5632396755e+05 1.6725052164e-13 2.6148102662e-14 1.2412099946e+07 1.6922597093e+07 6.4492218534e-18 3.2677263374e-18 -5.7097168430e+03 -2.0700917037e+03 -4.6638814941e+09 -1.0017840257e+07 1.9190822054e+06 2.2645898109e+02 0.0000000000e+00 -0.0000000000e+00
1.5655042653e+05 1.6873092716e-13 2.6916007601e-14 1.1105086810e+07 1.6434204752e+07 6.6268807936e-18 3.5200095670e-18 -5.8345379243e+03 -2.2473429328e+03 -4.6638808422e+09 -1.0017840257e+07 1.9190822054e+06 2.1216431684e+02 0.0000000000e+00 -0.0000000000e+00
1.5676259084e+05 1.7015540614e-13 2.7690997391e-14 9.8542142552e+06 1.5937607310e+07 6.8026907130e-18 3.7918922920e-18 -5.9580599053e+03 -2.4383645367e+03 -4.6638801567e+09 -1.0017840257e+07 1.9190822054e+06 1.9893966247e+02 0.0000000000e+00 -0.0000000000e+00
1.5696153051e+05 1.7152579478e-13 2.8473839765e-14 8.6569311129e+06 1.5432506946e+07 6.9754566504e-18 4.0850800187e-18 -6.0794432204e+03 -2.6443547843e+03 -4.6638794396e+09 -1.0017840257e+07 1.9190822054e+06 1.8674108755e+02 0.0000000000e+00 -0.0000000000e+00
1.5714827159e+05 1.7284403003e-13 2.9265549082e-14 7.5106672007e+06 1.4918422647e+07 7.1437385789e-18 4.4014833135e-18 -6.1976761236e+03 -2.8666560168e+03 -4.6638786940e+09 -1.0017840257e+07 1.9190822054e+06 1.7552941790e+02 0.0000000000e+00 -0.0000000000e+00
1.5732380101e+05 1.7411214940e-13 3.0067440874e-14 6.4128278407e+06 1.4394652953e+07 7.3057908176e-18 4.7432575864e-18 -6.3115321199e+03 -3.1067826001e+03 -4.6638779248e+09 -1.0017840257e+07 1.9190822054e+06 1.6527166537e+02 0.0000000000e+00 -0.0000000000e+00
1.5748907268e+05 1.7533229638e-13 3.0881205867e-14 5.3607827939e+06 1.3860225349e+07 7.4594811400e-18 5.1128548027e-18 -6.4195131323e+03 -3.3664572560e+03 -4.6638771387e+09 -1.0017840257e+07 1.9190822054e+06 1.5594287666e+02 0.0000000000e+00 -0.0000000000e+00
1.5764501555e+05 1.7650673265e-13 3.1709012177e-14 4.3518481788e+06 1.3313826281e+07 7.6021804025e-18 5.5130918814e-18 -6.5197719553e+03 -3.6476591189e+03 -4.6638763459e+09 -1.0017840257e+07 1.9190822053e+06 1.4752865793e+02 0.0000000000e+00 -0.0000000000e+00
1.5779254421e+05 1.7763785900e-13 3.2553649013e-14 3.3832593416e+06 1.2753702568e+07 7.7306081868e-18 5.9472427538e-18 -6.6100038057e+03 -3.9526884142e+03 -4.6638755602e+09 -1.0017840257e+07 1.9190822054e+06 1.4002874762e+02 0.0000000000e+00 -0.0000000000e+00
1.5793257296e+05 1.7872824682e-13 3.3418732663e-14 2.4521320878e+06 1.2177519876e+07 7.8406108247e-18 6.4191641967e-18 -6.6872903650e+03 -4.2842548679e+03 -4.6638748012e+09 -1.0017840257e+07 1.9190822054e+06 1.3148929975e+02 0.0000000000e+00 -0.0000000000e+00
1.5804264701e+05 1.7959544214e-13 3.4147963709e-14 1.7131209353e+06 1.1690022624e+07 7.9134701602e-18 6.8383086067e-18 -6.7384804769e+03 -4.5787407993e+03 -4.6638745310e+09 -1.0017840257e+07 1.9190822054e+06 1.1272023242e+02 0.0000000000e+00 -0.0000000000e+00
1.5813605977e+05 1.8033701203e-13 3.4804858180e-14 1.0820092325e+06 1.1249586504e+07 7.9612520326e-18 7.2322623385e-18 -6.7720514583e+03 -4.8555280565e+03 -4.6638744000e+09 -1.0017840257e+07 1.9190822053e+06 9.6367888189e+01 1.1432560197e-291 -8.0976197060e-284
1.5821163982e+05 1.8093978188e-13 3.5364433247e-14 5.6943389888e+05 1.0873499683e+07 7.9870472643e-18 7.5797191693e-18 -6.7901748846e+03 -5.0996471381e+03 -4.6638743525e+09 -1.0017840257e+07 1.9190822053e+06 8.0460849542e+01 7.2580713213e-267 -5.2389778836e-259
1.5825201064e+05 1.8126239991e-13 3.5674381339e-14 2.9518644764e+05 1.0664848497e+07 7.9949301792e-18 7.7767052963e-18 -6.7957133279e+03 -5.2380472734e+03 -4.6638743503e+09 -1.0017840257e+07 1.9190822053e+06 6.8144915800e+01 1.0911617059e-253 -7.9579752206e-246
1.5831111618e+05 1.8173507849e-13 3.6142909802e-14 -1.0657193765e+05 1.0349010426e+07 7.9975679976e-18 8.0803498296e-18 -6.7975666281e+03 -5.4513843503e+03 -4.6638743366e+09 -1.0017840257e+07 1.9190822054e+06 5.4084705501e+01 1.6361197105e-234 -1.2117833540e-226
1.5836520088e+05 1.8216744683e-13 3.6587824916e-14 -4.7409143125e+05 1.0048629242e+07 7.9891054013e-18 8.3749162448e-18 -6.7916209075e+03 -5.6583432481e+03 -4.6638743283e+09 -1.0017840257e+07 1.9190822054e+06 7.0756166297e+01 4.0885025624e-217 -3.0720489887e-209
1.5843595705e+05 1.8273180194e-13 3.7194763014e-14 -9.5399174974e+05 9.6381766041e+06 7.9590988404e-18 8.7857883159e-18 -6.7705386508e+03 -5.9470171314e+03 -4.6638743022e+09 -1.0017840257e+07 1.9190822054e+06 7.8998342668e+01 1.2598362589e-194 -9.6500666844e-187
1.5851495539e+05 1.8335824589e-13 3.7908110027e-14 -1.4872289271e+06 9.1548231872e+06 7.8944985702e-18 9.2804779193e-18 -6.7251512610e+03 -6.2945802269e+03 -4.6638742683e+09 -1.0017840257e+07 1.9190822054e+06 8.3776076551e+01 5.5675230523e-170 -4.3591853635e-162
1.5859873147e+05 1.8401522459e-13 3.8709059127e-14 -2.0475503606e+06 8.6110002640e+06 7.7810432366e-18 9.8481931828e-18 -6.6454388784e+03 -6.6934502921e+03 -4.6638742271e+09 -1.0017840257e+07 1.9190822054e+06 8.7378167640e+01 1.5535711322e-144 -1.2455396234e-136
1.5868610963e+05 1.8468774803e-13 3.9597176670e-14 -2.6230386520e+06 8.0067470778e+06 7.6005250245e-18 1.0487951470e-17 -6.5186089063e+03 -7.1429369380e+03 -4.6638741204e+09 -1.0017840257e+07 1.9190822054e+06 9.1668242049e+01 5.6374100623e-119 -4.6337908566e-111
1.5877777788e+05 1.8537260744e-13 4.0591254430e-14 -3.2122502058e+06 7.3290160787e+06 7.3252865516e-18 1.1208608219e-17 -6.3252295933e+03 -7.6492618912e+03 -4.6638736906e+09 -1.0017840257e+07 1.9190822054e+06 1.0035768617e+02 1.5047709201e-93 -1.2695532956e-85
1.5887813556e+05 1.8608753951e-13 4.1757773746e-14 -3.8328315689e+06 6.5320915257e+06 6.8981578589e-18 1.2045620832e-17 -6.0251339989e+03 -8.2373371061e+03 -4.6638717092e+09 -1.0017840257e+07 1.9190822054e+06 1.0078681212e+02 8.1656712062e-68 -7.0835812955e-60
1.5896742051e+05 1.8668152966e-13 4.2867532880e-14 -4.3553905764e+06 5.7725460673e+06 6.3845739980e-18 1.2815158986e-17 -5.6642960204e+03 -8.7780055600e+03 -4.6638690089e+09 -1.0017840257e+07 1.9190822054e+06 8.9293710275e+01 2.9373858841e-47 -2.6083579517e-39
1.5905671422e+05 1.8722336430e-13 4.4046219257e-14 -4.8413160529e+06 4.9645751176e+06 5.7260701604e-18 1.3581898003e-17 -5.2016389712e+03 -9.3167073729e+03 -4.6638639969e+09 -1.0017840257e+07 1.9190822054e+06 8.0571233651e+01 2.0087338454e-29 -1.8218946433e-21
1.5913728545e+05 1.8765626245e-13 4.5167427333e-14 -5.2404239995e+06 4.1950184345e+06 4.9982520475e-18 1.4241818152e-17 -4.6902825276e+03 -9.7803595054e+03 -4.6638594576e+09 -1.0017840257e+07 1.9190822054e+06 7.4227112291e+01 4.1434580846e-16 -3.8201952512e-08
1.5921151257e+05 1.8799888046e-13 4.6245484260e-14 -5.5686251844e+06 3.4543469005e+06 4.2160451183e-18 1.4794524553e-17 -4.1407131377e+03 -1.0168684511e+04 -4.6638568060e+09 -1.0017840224e+07 1.9190822866e+06 6.7247778046e+01 1.6147846528e-06 -1.5069988228e+02
1.5922149279e+05 1.8804039552e-13 4.6393481335e-14 -5.6095555701e+06 3.3526191766e+06 4.1031251786e-18 1.4863285526e-17 -4.0613768898e+03 -1.0216995095e+04 -4.6638635248e+09 -1.0017839997e+07 1.9190828541e+06 4.1975420204e+01 1.9333768519e-05 -1.8068239861e+03
1.5923436208e+05 1.8809224946e-13 4.6585319997e-14 -5.6611548822e+06 3.2207411505e+06 3.9549587780e-18 1.4949696309e-17 -3.9572763271e+03 -1.0277704769e+04 -4.6640166994e+09 -1.0017834958e+07 1.9190958243e+06 2.5859012391e+01 3.9791099601e-04 -3.7249427697e+04
1.5924594504e+05 1.8813727555e-13 4.6758921194e-14 -5.7064409769e+06 3.1013862195e+06 3.8192039651e-18 1.5025194367e-17 -3.8618889622e+03 -1.0330728590e+04 -4.6660423390e+09 -1.0017770099e+07 1.9192677410e+06 1.5739143003e+01 5.0938345599e-03 -4.7752778473e+05
1.5925536172e+05 1.8817271358e-13 4.6900690901e-14 -5.7424372769e+06 3.0039071985e+06 3.7072138137e-18 1.5084913624e-17 -3.7831543122e+03 -1.0372546138e+04 -4.6800867490e+09 -1.0017330759e+07 1.9204619910e+06 1.0639818262e+01 3.5834454392e-02 -3.3629861909e+06
1.5926287058e+05 1.8820021200e-13 4.7014136668e-14 -5.7706060016e+06 2.9258997309e+06 3.6168973834e-18 1.5131430606e-17 -3.7194892271e+03 -1.0404645972e+04 -4.7382157409e+09 -1.0015547256e+07 1.9254128213e+06 7.9354762350e+00 1.5686984596e-01 -1.4733321980e+07
1.5926904755e+05 1.8822232229e-13 4.7107719341e-14 -5.7934172157e+06 2.8615531861e+06 3.5419418596e-18 1.5168943305e-17 -3.6662130593e+03 -1.0429269190e+04 -4.9109045747e+09 -1.0010334219e+07 1.9401413034e+06 6.3569704388e+00 5.0108465610e-01 -4.7085238800e+07
1.5927430550e+05 1.8824077686e-13 4.7187559551e-14 -5.8125721657e+06 2.8066677693e+06 3.4776798236e-18 1.5200327872e-17 -3.6196113848e+03 -1.0447154654e+04 -5.3254180811e+09 -9.9979928637e+06 1.9755434975e+06 5.3463557860e+00 1.2956611913e+00 -1.2176578309e+08
1.5927891592e+05 1.8825667989e-13 4.7257702137e-14 -5.8291623927e+06 2.7584753273e+06 3.4209914189e-18 1.5227426688e-17 -3.5767943925e+03 -1.0457505677e+04 -6.1887554239e+09 -9.9725915822e+06 2.0493939226e+06 4.6580945888e+00 2.8918800327e+00 -2.7167586549e+08
1.5928306741e+05 1.8827077565e-13 4.7320968614e-14 -5.8439263254e+06 2.7150562353e+06 3.3696789052e-18 1.5251487070e-17 -3.5351449679e+03 -1.0457936364e+04 -7.8223687059e+09 -9.9250098054e+06 2.1894216891e+06 4.1778671360e+00 5.8092749939e+00 -5.4510676796e+08
1.5928724527e+05 1.8828474542e-13 4.7384737307e-14 -5.8585990273e+06 2.6713903523e+06 3.3177894588e-18 1.5275370578e-17 -3.4876254675e+03 -1.0441772301e+04 -1.1078872136e+10 -9.8309778253e+06 2.4694485323e+06 3.8432831963e+00 1.1414345773e+01 -1.0680971620e+09
1.5929108856e+05 1.8829740454e-13 4.7443486627e-14 -5.8719054201e+06 2.6313290754e+06 3.2698376504e-18 1.5297046734e-17 -3.4350112181e+03 -1.0399996335e+04 -1.6685141689e+10 -9.6701249060e+06 2.9539942470e+06 3.6944624574e+00 2.0682634035e+01 -1.9254914759e+09
1.5929478302e+05 1.8830939939e-13 4.7500039069e-14 -5.8844824712e+06 2.5930423532e+06 3.2235500293e-18 1.5317615972e-17 -3.3707632880e+03 -1.0317817867e+04 -2.6111342865e+10 -9.4004471731e+06 3.7753507118e+06 4.0067352101e+00 3.5568924250e+01 -3.2816939720e+09
1.5929825758e+05 1.8832052392e-13 4.7553294252e-14 -5.8960624234e+06 2.5574107924e+06 3.1798495202e-18 1.5336721418e-17 -3.2909799722e+03 -1.0180157384e+04 -4.0662990944e+10 -8.9832684295e+06 5.0595625403e+06 3.5586474914e+00 5.7323446512e+01 -5.2130244803e+09
1.5930091145e+05 1.8832891845e-13 4.7594015242e-14 -5.9046953934e+06 2.5305966005e+06 3.1463641428e-18 1.5351158688e-17 -3.2118834192e+03 -1.0017656921e+04 -5.7018796285e+10 -8.5109224026e+06 6.5270358534e+06 2.7169529788e+00 8.0356359414e+01 -7.1854411584e+09
1.5930327125e+05 1.8833630800e-13 4.7630255814e-14 -5.9121749902e+06 2.5071811195e+06 3.1165140141e-18 1.5363884172e-17 -3.1243222256e+03 -9.8180971901e+03 -7.6389071390e+10 -7.9449172248e+06 8.2992901584e+06 2.3772782520e+00 1.0594564238e+02 -9.2784441944e+09
1.5930564852e+05 1.8834368101e-13 4.7666795176e-14 -5.9194783147e+06 2.4841417567e+06 3.0863731725e-18 1.5376599118e-17 -3.0164176813e+03 -9.5533853560e+03 -1.0118152709e+11 -7.2077297050e+06 1.0625274405e+07 2.1771272129e+00 1.3623573207e+02 -1.1601206299e+10
1.5930782565e+05 1.8835037034e-13 4.7700284582e-14 -5.9259201555e+06 2.4636646203e+06 3.0587109634e-18 1.5388153274e-17 -2.8980956398e+03 -9.2471184972e+03 -1.2878734096e+11 -6.3671910649e+06 1.3297544128e+07 2.0692201995e+00 1.6684237494e+02 -1.3742854607e+10
1.5930989487e+05 1.8835667224e-13 4.7732137353e-14 -5.9317848553e+06 2.4448836784e+06 3.0323696370e-18 1.5399057063e-17 -2.7674568508e+03 -8.8956471246e+03 -1.5917894243e+11 -5.4140717596e+06 1.6350168223e+07 2.0454537134e+00 1.9676713006e+02 -1.5581516066e+10
1.5931194033e+05 1.8836284814e-13 4.7763646374e-14 -5.9372988715e+06 2.4270926858e+06 3.0062850151e-18 1.5409763826e-17 -2.6213179683e+03 -8.4907355455e+03 -1.9258186276e+11 -4.3276686202e+06 1.9855857430e+07 2.1208421529e+00 2.2500485843e+02 -1.6995154259e+10
1.5931406117e+05 1.8836919528e-13 4.7796339759e-14 -5.9426833261e+06 2.4095796756e+06 2.9791934171e-18 1.5420793128e-17 -2.4538867343e+03 -8.0157654355e+03 -2.2964685539e+11 -3.0662941542e+06 2.3958970358e+07 2.4245354984e+00 2.5035853480e+02 -1.7839342184e+10
1.5931648570e+05 1.8837638084e-13 4.7833743219e-14 -5.9483850041e+06 2.3908603336e+06 2.9481692305e-18 1.5433316907e-17 -2.2472307970e+03 -7.4175658415e+03 -2.7315447107e+11 -1.4949951299e+06 2.9118458914e+07 2.7964486018e+00 2.7142776474e+02 -1.7881469331e+10
1.5931864671e+05 1.8838272192e-13 4.7867106666e-14 -5.9530343437e+06 2.3754382192e+06 2.9204728487e-18 1.5444408253e-17 -2.0549555122e+03 -6.8520619256e+03 -3.1108246253e+11 -2.6058001820e+04 3.3991479717e+07 2.2190904755e+00 2.8124818896e+02 -1.7101398348e+10
1.5932086580e+05 1.8838917112e-13 4.7901391783e-14 -5.9573733002e+06 2.3608899880e+06 2.8919921061e-18 1.5455733391e-17 -1.8558411409e+03 -6.2594406598e+03 -3.4752593602e+11 1.4963271601e+06 3.9096394204e+07 2.2450457683e+00 2.8206175059e+02 -1.5652871251e+10
1.5932311084e+05 1.8839563140e-13 4.7936103416e-14 -5.9613171058e+06 2.3475052763e+06 2.8631406978e-18 1.5467130327e-17 -1.6586788394e+03 -5.6670565940e+03 -3.8060055291e+11 2.9999061118e+06 4.4199721266e+07 2.8582576907e+00 2.7420734800e+02 -1.3762702522e+10
1.5932497773e+05 1.8840095414e-13 4.7964987606e-14 -5.9642659275e+06 2.3373720424e+06 2.8391228556e-18 1.5476565221e-17 -1.5016871938e+03 -5.1921709085e+03 -4.0470526931e+11 4.1909005463e+06 4.8292594780e+07 1.9230723825e+00 2.6235171369e+02 -1.2053027216e+10
1.5932667211e+05 1.8840574622e-13 4.7991218073e-14 -5.9666948612e+06 2.3289252493e+06 2.8173054367e-18 1.5485097954e-17 -1.3666475891e+03 -4.7818503216e+03 -4.2381204073e+11 5.2084435605e+06 5.1831277246e+07 1.7033961266e+00 2.4857884686e+02 -1.0508208378e+10
1.5932837551e+05 1.8841052652e-13 4.8017602616e-14 -5.9689129892e+06 2.3211144622e+06 2.7953552935e-18 1.5493649365e-17 -1.2391573661e+03 -4.3932187645e+03 -4.4044174997e+11 6.1610242011e+06 5.5185714511e+07 1.5888840297e+00 2.3286444413e+02 -9.0349978350e+09
1.5932996439e+05 1.8841495174e-13 4.8042226550e-14 -5.9707927114e+06 2.3144064482e+06 2.7748668268e-18 1.5501603718e-17 -1.1282463564e+03 -4.0543736335e+03 -4.5377878776e+11 6.9814106599e+06 5.8113401522e+07 1.5200069992e+00 2.1730105704e+02 -7.7732189561e+09
1.5933148440e+05 1.8841915465e-13 4.8065794868e-14 -5.9724317232e+06 2.3084760196e+06 2.7552548421e-18 1.5509194818e-17 -1.0295449454e+03 -3.7524309908e+03 -4.6475265585e+11 7.7032498805e+06 6.0725248031e+07 1.4769611143e+00 2.0216281818e+02 -6.6864130629e+09
1.5933296136e+05 1.8842320997e-13 4.8088706783e-14 -5.9738857494e+06 2.3031375898e+06 2.7361880705e-18 1.5516555005e-17 -9.4051487213e+02 -3.4799128233e+03 -4.7392137738e+11 8.3461387439e+06 6.3085607495e+07 1.4509868167e+00 1.8761743350e+02 -5.7486992481e+09
1.5933441235e+05 1.8842716655e-13 4.8111226337e-14 -5.9751908660e+06 2.2982705900e+06 2.7174474766e-18 1.5523771618e-17 -8.5945916644e+02 -3.2318149713e+03 -4.8166229244e+11 8.9231934157e+06 6.5237536844e+07 1.4362303398e+00 1.7376121374e+02 -4.9392011967e+09
1.5933584858e+05 1.8843105611e-13 4.8133527170e-14 -5.9763712337e+06 2.2937942066e+06 2.6988891214e-18 1.5530902069e-17 -7.8520920497e+02 -3.0046915765e+03 -4.8824286472e+11 9.4434875908e+06 6.7210668755e+07 1.4294314923e+00 1.6065445818e+02 -4.2408863222e+09
1.5933727801e+05 1.8843490078e-13 4.8155732596e-14 -5.9774441681e+06 2.2896503817e+06 2.6804108735e-18 1.5537987086e-17 -7.1689474509e+02 -2.7959721738e+03 -4.9386433203e+11 9.9138084033e+06 6.9027095400e+07 1.4285708057e+00 1.4832861312e+02 -3.6391739491e+09
1.5933870658e+05 1.8843871674e-13 4.8177934762e-14 -5.9784226603e+06 2.2857953933e+06 2.6619364921e-18 1.5545057052e-17 -6.5383302893e+02 -2.6036337906e+03 -4.9868391498e+11 1.0339503985e+07 7.0704193497e+07 1.4322958591e+00 1.3679319233e+02 -3.1213523048e+09
1.5934013888e+05 1.8844251615e-13 4.8200204953e-14 -5.9793167861e+06 2.2821951692e+06 2.6434070733e-18 1.5552135424e-17 -5.9546843760e+02 -2.4260232197e+03 -5.0282759164e+11 1.0724945322e+07 7.2256155384e+07 1.4396455078e+00 1.2604145933e+02 -2.6762741867e+09
1.5934157852e+05 1.8844630831e-13 4.8222599631e-14 -5.9801345612e+06 2.2788224494e+06 2.6247760355e-18 1.5559240738e-17 -5.4133657608e+02 -2.2617516031e+03 -5.0639812371e+11 1.1073801588e+07 7.3694897063e+07 1.4499024205e+00 1.1605488118e+02 -2.2941583338e+09
1.5934302842e+05 1.8845010037e-13 4.8245164194e-14 -5.9808824948e+06 2.2756549610e+06 2.6060059954e-18 1.5566387868e-17 -4.9104145682e+02 -2.1096276539e+03 -5.0948043480e+11 1.1389215422e+07 7.5030633292e+07 1.4625085997e+00 1.0680657918e+02 -1.9664357441e+09
1.5934449093e+05 1.8845389783e-13 4.8267935437e-14 -5.9815659637e+06 2.2726741859e+06 2.5870667282e-18 1.5573588843e-17 -4.4424023142e+02 -1.9686130737e+03 -5.1214539724e+11 1.1673920534e+07 7.6272261444e+07 1.4770140120e+00 9.8263989775e+01 -1.6856179932e+09
1.5934596795e+05 1.8845770483e-13 4.8290943211e-14 -5.9821894764e+06 2.2698644990e+06 2.5679337857e-18 1.5580853404e-17 -4.0063254072e+02 -1.8377915114e+03 -5.1445260275e+11 1.1930323972e+07 7.7427628684e+07 1.4930442046e+00 9.0390911627e+01 -1.4451789556e+09
1.5934746099e+05 1.8846152443e-13 4.8314211592e-14 -5.9827568646e+06 2.2672125448e+06 2.5485875301e-18 1.5588189400e-17 -3.5995281917e+02 -1.7163461623e+03 -5.1645245288e+11 1.2160565767e+07 7.8503724716e+07 1.5102789551e+00 8.3149073666e+01 -1.2394467266e+09
1.5934897127e+05 1.8846535873e-13 4.8337759705e-14 -5.9832714262e+06 2.2647067767e+06 2.5290124410e-18 1.5595603062e-17 -3.2196457208e+02 -1.6035431265e+03 -5.1818777484e+11 1.2366563435e+07 7.9506824913e+07 1.5284384989e+00 7.6499330035e+01 -1.0635046765e+09
1.5935049971e+05 1.8846920903e-13 4.8361602355e-14 -5.9837360348e+06 2.2623371071e+06 2.5091965982e-18 1.5603099221e-17 -2.8645599741e+02 -1.4987186855e+03 -5.1969509620e+11 1.2550046107e+07 8.0442599724e+07 1.5472738224e+00 7.0402560212e+01 -9.1310116168e+08
1.5935204698e+05 1.8847307592e-13 4.8385750489e-14 -5.9841532244e+06 2.2600946388e+06 2.4891312900e-18 1.5610681462e-17 -2.5323657122e+02 -1.4012693868e+03 -5.2100566589e+11 1.2712581209e+07 8.1316199903e+07 1.5665605828e+00 6.4820339796e+01 -7.8456772123e+08
1.5935361354e+05 1.8847695938e-13 4.8410211576e-14 -5.9845252567e+06 2.2579714542e+06 2.4688106978e-18 1.5618352253e-17 -2.2213432059e+02 -1.3106441315e+03 -5.2214628357e+11 1.2855595762e+07 8.2132324538e+07 1.5860948735e+00 5.9715428814e+01 -6.7474541062e+08
1.5935519964e+05 1.8848085882e-13 4.8434989920e-14 -5.9848541756e+06 2.2559604486e+06 2.4482316355e-18 1.5626113054e-17 -1.9299361239e+02 -1.2263377660e+03 -5.2313998014e+11 1.2980393622e+07 8.2895276146e+07 1.6056906295e+00 5.5052117672e+01 -5.8091893218e+08
1.5935680533e+05 1.8848477320e-13 4.8460086927e-14 -5.9851418504e+06 2.2540551962e+06 2.4273933218e-18 1.5633964403e-17 -1.6567332974e+02 -1.1478858071e+03 -5.2400658133e+11 1.3088169615e+07 8.3609006057e+07 1.6251782188e+00 5.0796460889e+01 -5.0075808333e+08
1.5935843051e+05 1.8848870100e-13 4.8485501360e-14 -5.9853900117e+06 2.2522498425e+06 2.4062971700e-18 1.5641906007e-17 -1.4004534545e+02 -1.0748600371e+03 -5.2476317792e+11 1.3180021263e+07 8.4277152360e+07 1.6444035676e+00 4.6916422743e+01 -4.3226599219e+08
1.5936007491e+05 1.8849264037e-13 4.8511229569e-14 -5.9856002804e+06 2.2505390162e+06 2.3849465884e-18 1.5649936814e-17 -1.1599323228e+02 -1.0068647929e+03 -5.2542452035e+11 1.3256958552e+07 8.4903071913e+07 1.6632282193e+00 4.3381954885e+01 -3.7373358988e+08
1.5936173814e+05 1.8849658912e-13 4.8537265738e-14 -5.9857741922e+06 2.2489177577e+06 2.3633467803e-18 1.5658055094e-17 -9.3411155805e+01 -9.4353379308e+02 -5.2600335181e+11 1.3319912147e+07 8.5489867781e+07 1.6815294161e+00 4.0165020404e+01 -3.2369972781e+08
1.5936341967e+05 1.8850054479e-13 4.8563602115e-14 -5.9859132167e+06 2.2473814603e+06 2.3415045416e-18 1.5666258518e-17 -7.2202920504e+01 -8.8452741576e+02 -5.2651069047e+11 1.3369740298e+07 8.6040412837e+07 1.6992007204e+00 3.7239577560e+01 -2.8091639058e+08
1.5936511887e+05 1.8850450473e-13 4.8590229273e-14 -5.9860187732e+06 2.2459258221e+06 2.3194280510e-18 1.5674544237e-17 -5.2281137456e+01 -8.2953033485e+02 -5.2695606953e+11 1.3407234652e+07 8.6557370339e+07 1.7161525503e+00 3.4581532326e+01 -2.4431844959e+08
1.5936683502e+05 1.8850846608e-13 4.8617136360e-14 -5.9860922439e+06 2.2445468067e+06 2.2971266522e-18 1.5682908965e-17 -3.3566495983e+01 -7.7824946370e+02 -5.2734774215e+11 1.3433125151e+07 8.7043211897e+07 1.6233673481e+00 3.2168668002e+01 -2.1299745293e+08
1.5936819917e+05 1.8851158761e-13 4.8638534685e-14 -5.9861284303e+06 2.2435113332e+06 2.2793963088e-18 1.5689555571e-17 -1.9618554611e+01 -7.4026833375e+02 -5.2762333489e+11 1.3445797042e+07 8.7405745034e+07 1.4116468298e+00 3.0426140419e+01 -1.9151704121e+08
1.5936930403e+05 1.8851409809e-13 4.8655872430e-14 -5.9861441309e+06 2.2427096468e+06 2.2650339392e-18 1.5694937396e-17 -8.8836558623e+00 -7.1116988303e+02 -5.2782623444e+11 1.3451271610e+07 8.7685222125e+07 1.1932158280e+00 2.9118857344e+01 -1.7603559487e+08
1.5937007522e+05 1.8851584100e-13 4.8667977692e-14 -5.9861481871e+06 2.2421687529e+06 2.2550079312e-18 1.5698693185e-17 -1.6735732387e+00 -6.9168776466e+02 -5.2795812975e+11 1.3452681993e+07 8.7873249700e+07 9.0909343286e-01 2.8257871171e+01 -1.6613828813e+08
1.5937098431e+05 1.8851788564e-13 4.8682251283e-14 -5.9861459522e+06 2.2415500725e+06 2.2431879910e-18 1.5703119842e-17 6.5398327495e+00 -6.6955128512e+02 -5.2810418978e+11 1.3451907260e+07 8.8087845773e+07 1.1033045014e+00 2.7294207196e+01 -1.5534381745e+08
1.5937208762e+05 1.8852035264e-13 4.8699579569e-14 -5.9861334184e+06 2.2408256553e+06 2.2288413231e-18 1.5708491173e-17 1.6109380297e+01 -6.4382923959e+02 -5.2826888080e+11 1.3447570114e+07 8.8338560750e+07 1.2814572801e+00 2.6195034596e+01 -1.4339846523e+08
1.5937336908e+05 1.8852319813e-13 4.8719713326e-14 -5.9861059298e+06 2.2400189741e+06 2.2121758795e-18 1.5714728532e-17 2.6701457536e+01 -6.1543320776e+02 -5.2844450900e+11 1.3438076741e+07 8.8617176526e+07 1.3925718730e+00 2.5008911877e+01 -1.3094925092e+08
1.5937476165e+05 1.8852626613e-13 4.8741601933e-14 -5.9860610809e+06 2.2391824511e+06 2.1940627558e-18 1.5721505266e-17 3.7607999875e+01 -5.8625528321e+02 -5.2861833952e+11 1.3422610776e+07 8.8905659539e+07 1.4720199077e+00 2.3822173961e+01 -1.1895394495e+08
1.5937623367e+05 1.8852948174e-13 4.8764749573e-14 -5.9859976328e+06 2.2383410882e+06 2.1749133301e-18 1.5728667095e-17 4.8489792639e+01 -5.5717566843e+02 -5.2878504807e+11 1.3400745645e+07 8.9195606712e+07 1.5335530258e+00 2.2674362029e+01 -1.0779151787e+08
1.5937776722e+05 1.8853280179e-13 4.8788876039e-14 -5.9859150064e+06 2.2375087182e+06 2.1549602810e-18 1.5736126779e-17 5.9157542649e+01 -5.2865942191e+02 -5.2894236464e+11 1.3372261911e+07 8.9482544040e+07 1.5839972653e+00 2.1585557446e+01 -9.7602371922e+07
1.5937935122e+05 1.8853619892e-13 4.8813808122e-14 -5.9858130232e+06 2.2366934864e+06 2.1343475925e-18 1.5743830359e-17 6.9497475492e+01 -5.0096048550e+02 -5.2908952154e+11 1.3337052364e+07 8.9763990779e+07 1.6272088205e+00 2.0565933510e+01 -8.8411802269e+07
1.5938097843e+05 1.8853965472e-13 4.8839433059e-14 -5.9856917574e+06 2.2359003053e+06 2.1131691451e-18 1.5751742683e-17 7.9437864415e+01 -4.7421388296e+02 -5.2922653933e+11 1.3295067982e+07 9.0038589296e+07 1.6655945821e+00 1.9620124600e+01 -8.0187087594e+07
1.5938264402e+05 1.8854315634e-13 4.8865675820e-14 -5.9855514462e+06 2.2351321072e+06 2.0914875453e-18 1.5759840335e-17 8.8931850960e+01 -4.4848322206e+02 -5.2935385930e+11 1.3246284354e+07 9.0305659090e+07 1.7008002287e+00 1.8749488073e+01 -7.2866741449e+07
1.5938434482e+05 1.8854669471e-13 4.8892487191e-14 -5.9853924286e+06 2.2343905448e+06 2.0693440124e-18 1.5768107924e-17 9.7947823875e+01 -4.2378738255e+02 -5.2947214114e+11 1.3190678945e+07 9.0564947768e+07 1.7340617688e+00 1.7953370203e+01 -6.6376362931e+07
1.5938607888e+05 1.8855026351e-13 4.8919837372e-14 -5.9852151008e+06 2.2336764056e+06 2.0467636968e-18 1.5776536083e-17 1.0646368713e+02 -4.0011645144e+02 -5.2958214752e+11 1.3128214138e+07 9.0816483650e+07 1.7664066312e+00 1.7229851577e+01 -6.0637452903e+07
1.5938784529e+05 1.8855385861e-13 4.8947712732e-14 -5.9850198789e+06 2.2329898684e+06 2.0237583838e-18 1.5785120449e-17 1.1446328756e+02 -3.7744164726e+02 -5.2968467718e+11 1.3058823012e+07 9.1060485321e+07 1.7987832614e+00 1.6576199875e+01 -5.5572317581e+07
1.5938964407e+05 1.8855747784e-13 4.8976114604e-14 -5.9848071647e+06 2.2323306662e+06 2.0003275120e-18 1.5793861276e-17 1.2193410544e+02 -3.5572167083e+02 -5.2978052672e+11 1.2982395798e+07 9.1297305335e+07 1.8321608392e+00 1.5989149541e+01 -5.1106713352e+07
1.5939147623e+05 1.8856112089e-13 4.9005059653e-14 -5.9845773090e+06 2.2316981885e+06 1.9764578935e-18 1.5802763529e-17 1.2886571602e+02 -3.3490677652e+02 -5.2987047005e+11 1.2898765126e+07 9.1527396195e+07 1.8676223079e+00 1.5465074411e+01 -4.7171150548e+07
1.5939334386e+05 1.8856478944e-13 4.9034581720e-14 -5.9843305703e+06 2.2310915421e+06 1.9521222212e-18 1.5811837441e-17 1.3524872071e+02 -3.1494128469e+02 -5.2995524942e+11 1.2807688031e+07 9.1751292279e+07 1.8907126977e+00 1.5000092448e+01 -4.3701390341e+07
1.5939523457e+05 1.8856845705e-13 4.9064486046e-14 -5.9840692832e+06 2.2305142432e+06 1.9274815722e-18 1.5821023021e-17 1.4102860105e+02 -2.9591867715e+02 -5.3003493390e+11 1.2709663058e+07 9.1967840728e+07 1.9008737408e+00 1.4593266690e+01 -4.0661992781e+07
1.5939713544e+05 1.8857209740e-13 4.9094568590e-14 -5.9837962165e+06 2.2299690243e+06 1.9027044106e-18 1.5830257580e-17 1.4616707027e+02 -2.7791226309e+02 -5.3010965003e+11 1.2605370837e+07 9.2176044033e+07 1.9121112437e+00 1.4242044746e+01 -3.8012795888e+07
1.5939904755e+05 1.8857571176e-13 4.9124846684e-14 -5.9835123151e+06 2.2294540980e+06 1.8777767091e-18 1.5839546471e-17 1.5067483112e+02 -2.6085232430e+02 -5.3018006820e+11 1.2494818571e+07 9.2376526767e+07 1.9242712598e+00 1.3940453508e+01 -3.5695344941e+07
1.5940097183e+05 1.8857930097e-13 4.9155335262e-14 -5.9832185332e+06 2.2289678619e+06 1.8526864412e-18 1.5848894292e-17 1.5456176998e+02 -2.4468068958e+02 -5.3024675328e+11 1.2378018471e+07 9.2569810850e+07 1.9373073600e+00 1.3682798247e+01 -3.3659444788e+07
1.5940290913e+05 1.8858286572e-13 4.9186048558e-14 -5.9829158244e+06 2.2285088410e+06 1.8274221808e-18 1.5858305411e-17 1.5783828178e+02 -2.2934852871e+02 -5.3031018332e+11 1.2254990659e+07 9.2756337421e+07 1.9510019131e+00 1.3463598575e+01 -3.1861721138e+07
1.5940486013e+05 1.8858640620e-13 4.9216997388e-14 -5.9826051701e+06 2.2280757018e+06 1.8019753374e-18 1.5867783133e-17 1.6051598903e+02 -2.1481651485e+02 -5.3037075604e+11 1.2125782621e+07 9.2936460494e+07 1.9649087245e+00 1.3277589068e+01 -3.0264769927e+07
1.5940682504e+05 1.8858992174e-13 4.9248185511e-14 -5.9822876180e+06 2.2276672672e+06 1.7763431393e-18 1.5877328590e-17 1.6260863205e+02 -2.0105491866e+02 -5.3042879343e+11 1.1990494600e+07 9.3110439528e+07 1.9782928242e+00 1.3119733168e+01 -2.8836477470e+07
1.5940880334e+05 1.8859341033e-13 4.9279605023e-14 -5.9819643289e+06 2.2272825283e+06 1.7505324074e-18 1.5886939337e-17 1.6413315353e+02 -1.8804352962e+02 -5.3048454475e+11 1.1849311342e+07 9.3278431716e+07 1.9900938938e+00 1.2985252298e+01 -2.7549489413e+07
1.5941079343e+05 1.8859686822e-13 4.9311231144e-14 -5.9816366260e+06 2.2269206485e+06 1.7245638077e-18 1.5896607773e-17 1.6511097107e+02 -1.7577115413e+02 -5.3053818896e+11 1.1702538314e+07 9.3440486808e+07 1.9989507902e+00 1.2869671040e+01 -2.6380793850e+07
1.5941279238e+05 1.8860028946e-13 4.9343017387e-14 -5.9813060350e+06 2.2265809506e+06 1.6984757876e-18 1.5906319675e-17 1.6556933622e+02 -1.6423433463e+02 -5.3058983824e+11 1.1550636761e+07 9.3596549258e+07 2.0033338442e+00 1.2768877629e+01 -2.5311372542e+07
1.5941479571e+05 1.8860366588e-13 4.9374892806e-14 -5.9809742935e+06 2.2262628768e+06 1.6723267878e-18 1.5916053381e-17 1.6554252190e+02 -1.5343490995e+02 -5.3063954517e+11 1.1394247013e+07 9.3746474059e+07 2.0018101257e+00 1.2679195400e+01 -2.4325860710e+07
1.5941679752e+05 1.8860698741e-13 4.9406763458e-14 -5.9806433091e+06 2.2259659167e+06 1.6461939921e-18 1.5925780251e-17 1.6507240735e+02 -1.4337625153e+02 -5.3068731563e+11 1.1234185983e+07 9.3890061523e+07 1.9934020583e+00 1.2597455014e+01 -2.3412152908e+07
1.5941879093e+05 1.8861024299e-13 4.9438519596e-14 -5.9803150530e+06 2.2256895106e+06 1.6201673917e-18 1.5935466881e-17 1.6420797232e+02 -1.3405853807e+02 -5.3073312816e+11 1.1071407428e+07 9.4027110642e+07 1.9779084345e+00 1.2521051256e+01 -2.2560913579e+07
1.5942076884e+05 1.8861342200e-13 4.9470047996e-14 -5.9799914026e+06 2.2254329509e+06 1.5943396520e-18 1.5945078873e-17 1.6300342756e+02 -1.2547412068e+02 -5.3077695709e+11 1.0906925536e+07 9.4157481003e+07 1.9560221102e+00 1.2447966375e+01 -2.1765002333e+07
1.5942272486e+05 1.8861651558e-13 4.9501246220e-14 -5.9796739750e+06 2.2251953156e+06 1.5687944327e-18 1.5954585177e-17 1.6151520610e+02 -1.1760438028e+02 -5.3081879401e+11 1.0741719604e+07 9.4281145443e+07 1.9291654805e+00 1.2376748364e+01 -2.1018882050e+07
1.5942465402e+05 1.8861951774e-13 4.9532034299e-14 -5.9793640047e+06 2.2249754580e+06 1.5435968490e-18 1.5963961641e-17 1.5979854474e+02 -1.1041905663e+02 -5.3085866166e+11 1.0576648012e+07 9.4398216941e+07 1.8991255566e+00 1.2306446025e+01 -2.0318102196e+07
1.5942655315e+05 1.8862242566e-13 4.9562360632e-14 -5.9790622965e+06 2.2247720509e+06 1.5187886931e-18 1.5973192788e-17 1.5790453332e+02 -1.0387800816e+02 -5.3089661774e+11 1.0412394609e+07 9.4508944260e+07 1.8676688230e+00 1.2236515727e+01 -1.9658920660e+07
1.5942842082e+05 1.8862523947e-13 4.9592201744e-14 -5.9787692526e+06 2.2245836650e+06 1.4943886868e-18 1.5982271714e-17 1.5587820724e+02 -9.7934453069e+01 -5.3093275023e+11 1.0249453999e+07 9.4613683824e+07 1.8362772974e+00 1.2166719878e+01 -1.9038069926e+07
1.5943025709e+05 1.8862796156e-13 4.9621557823e-14 -5.9784849466e+06 2.2244088504e+06 1.4703961842e-18 1.5991198716e-17 1.5375777727e+02 -9.2538504034e+01 -5.3096716819e+11 1.0088147119e+07 9.4712861446e+07 1.8060437867e+00 1.2097033483e+01 -1.8452631368e+07
1.5943206314e+05 1.8863059585e-13 4.9650446557e-14 -5.9782092119e+06 2.2242462044e+06 1.4467962477e-18 1.5999979399e-17 1.5157474232e+02 -8.7640148528e+01 -5.3099999200e+11 9.9286525011e+06 9.4806935710e+07 1.7776845801e+00 1.2027567508e+01 -1.7899971291e+07
1.5943384082e+05 1.8863314714e-13 4.9678897157e-14 -5.9779417243e+06 2.2240944152e+06 1.4235645621e-18 1.6008622852e-17 1.4935452469e+02 -8.3191340485e+01 -5.3103134514e+11 9.7710410244e+06 9.4896369278e+07 1.7516104123e+00 1.1958510972e+01 -1.7377704593e+07
1.5943559243e+05 1.8863562062e-13 4.9706945487e-14 -5.9776820669e+06 2.2239522858e+06 1.4006714249e-18 1.6017140159e-17 1.4711732347e+02 -7.9147235263e+01 -5.3106134847e+11 9.6153069991e+06 9.4981609532e+07 1.7280099280e+00 1.1890089786e+01 -1.6883667718e+07
1.5943559243e+05 1.8863562062e-13 4.9706945487e-14 -5.9776820669e+06 2.2239522858e+06 1.4006714249e-18 1.6017140159e-17 1.4711732347e+02 -7.9147235263e+01 -5.3106134847e+11 9.6153069991e+06 9.4981609532e+07 1.7280099280e+00 1.1890089786e+01 -1.6883667718e+07
