0.0000000000e+00 0.0000000000e+00 0.0000000000e+00 3.1415900000e+08 0.0000000000e+00 0.0000000000e+00 0.0000000000e+00 -1.1786403130e+03 2.2540410740e+02 -4.6638893084e+09 -1.0018442661e+07 1.9159349129e+06 1.0000000000e+01 0.0000000000e+00 -0.0000000000e+00
1.0000000000e+01 2.8740014525e-22 6.8737166676e-28 3.1414721339e+08 2.2540410735e+03 5.7480747915e-23 2.0621536848e-28 -1.1786806983e+03 2.2540410726e+02 -4.6638893084e+09 -1.0018442661e+07 1.9159349129e+06 5.0000000000e+01 0.0000000000e+00 -0.0000000000e+00
6.0000000000e+01 1.0347699422e-20 1.4851407045e-25 3.1408827431e+08 1.3524246340e+04 3.4494920263e-22 7.4265395597e-27 -1.1788826703e+03 2.2540410218e+02 -4.6638893084e+09 -1.0018442661e+07 1.9159349129e+06 2.5000000000e+02 0.0000000000e+00 -0.0000000000e+00
3.1000000000e+02 2.7639901401e-19 2.0512118466e-23 3.1379342731e+08 6.9875258882e+04 1.7839117786e-21 1.9861999163e-25 -1.1798936684e+03 2.2540396785e+02 -4.6638893084e+09 -1.0018442661e+07 1.9159349129e+06 1.2500000000e+03 0.0000000000e+00 -0.0000000000e+00
1.5600000000e+03 7.0214392381e-18 2.6325031067e-21 3.1231538793e+08 3.5162855798e+05 9.0195377012e-21 5.0774411968e-24 -1.1849773341e+03 2.2540054005e+02 -4.6638893084e+09 -1.0018442661e+07 1.9159349129e+06 3.6000000000e+03 0.0000000000e+00 -0.0000000000e+00
5.1600000000e+03 7.7526509882e-17 9.7251599426e-20 3.0802274677e+08 1.1630168664e+06 3.0247809181e-20 5.7103879559e-23 -1.1998920679e+03 2.2536398689e+02 -4.6638893084e+09 -1.0018442661e+07 1.9159349129e+06 3.6000000000e+03 0.0000000000e+00 -0.0000000000e+00
8.7600000000e+03 2.2552947370e-16 4.8594275275e-19 3.0367565650e+08 1.9741985632e+06 5.2079340019e-20 1.6928237647e-22 -1.2152306446e+03 2.2528517159e+02 -4.6638893082e+09 -1.0018442661e+07 1.9159349129e+06 3.6000000000e+03 0.0000000000e+00 -0.0000000000e+00
1.2360000000e+04 4.5326212658e-16 1.3945434771e-18 2.9927254909e+08 2.7850149776e+06 7.4547939602e-20 3.4686214435e-22 -1.2310168183e+03 2.2516040614e+02 -4.6638893081e+09 -1.0018442661e+07 1.9159349129e+06 3.6000000000e+03 0.0000000000e+00 -0.0000000000e+00
1.5960000000e+04 7.6308291511e-16 3.0687795293e-18 2.9481176753e+08 3.5952934657e+06 9.7690208177e-20 5.9565450179e-22 -1.2472763040e+03 2.2498560755e+02 -4.6638893080e+09 -1.0018442661e+07 1.9159349129e+06 3.6000000000e+03 0.0000000000e+00 -0.0000000000e+00
1.9560000000e+04 1.1574875266e-15 5.7764191064e-18 2.9029155836e+08 4.4048458966e+06 1.2154584509e-19 9.2210726108e-22 -1.2640369938e+03 2.2475624569e+02 -4.6638893078e+09 -1.0018442661e+07 1.9159349129e+06 3.6000000000e+03 0.0000000000e+00 -0.0000000000e+00
2.3160000000e+04 1.6391206642e-15 9.8097157182e-18 2.8571006346e+08 5.2134669365e+06 1.4615800003e-19 1.3333910589e-21 -1.2813292043e+03 2.2446728253e+02 -4.6638893076e+09 -1.0018442661e+07 1.9159349129e+06 3.6000000000e+03 0.0000000000e+00 -0.0000000000e+00
2.6760000000e+04 2.2107891746e-15 1.5488186699e-17 2.8106531076e+08 6.0209320963e+06 1.7157367477e-19 1.8374999112e-21 -1.2991859584e+03 2.2411310158e+02 -4.6638893074e+09 -1.0018442661e+07 1.9159349129e+06 3.6000000000e+03 0.0000000000e+00 -0.0000000000e+00
3.0360000000e+04 2.8754767263e-15 2.3161783417e-17 2.7635520398e+08 6.8269955041e+06 1.9784418399e-19 2.4433687819e-21 -1.3176433091e+03 2.2368742524e+02 -4.6638893072e+09 -1.0018442661e+07 1.9159349129e+06 3.6000000000e+03 0.0000000000e+00 -0.0000000000e+00
3.3960000000e+04 3.6363602682e-15 3.3214520396e-17 2.7157751103e+08 7.6313873560e+06 2.2502568608e-19 3.1610115992e-21 -1.3367407127e+03 2.2318321784e+02 -4.6638893069e+09 -1.0018442661e+07 1.9159349129e+06 3.6000000000e+03 0.0000000000e+00 -0.0000000000e+00
3.7560000000e+04 4.4968285448e-15 4.6068644316e-17 2.6672985101e+08 8.4338109864e+06 2.5317979681e-19 4.0016839592e-21 -1.3565214597e+03 2.2259257133e+02 -4.6638893065e+09 -1.0018442661e+07 1.9159349129e+06 3.6000000000e+03 0.0000000000e+00 -0.0000000000e+00
4.1160000000e+04 5.4605029925e-15 6.2189440934e-17 2.6180967956e+08 9.2339394910e+06 2.8237430156e-19 4.9780757973e-21 -1.3770331752e+03 2.2190656991e+02 -4.6638893061e+09 -1.0018442661e+07 1.9159349129e+06 3.6000000000e+03 0.0000000000e+00 -0.0000000000e+00
4.4760000000e+04 6.5312614063e-15 8.2090799214e-17 2.5681427216e+08 1.0031411817e+07 3.1268398582e-19 6.1045406258e-21 -1.3983284028e+03 2.2111512897e+02 -4.6638893056e+09 -1.0018442661e+07 1.9159349129e+06 3.6000000000e+03 0.0000000000e+00 -0.0000000000e+00
4.8360000000e+04 7.7132648439e-15 1.0634167872e-16 2.5174070533e+08 1.0825828221e+07 3.4419160770e-19 7.3973696511e-21 -1.4204652873e+03 2.2020680251e+02 -4.6638893050e+09 -1.0018442661e+07 1.9159349129e+06 3.6000000000e+03 0.0000000000e+00 -0.0000000000e+00
5.1960000000e+04 9.0109883305e-15 1.3557365999e-16 2.4658583495e+08 1.1616744962e+07 3.7698904251e-19 8.8751213075e-21 -1.4435083791e+03 2.1916855158e+02 -4.6638893043e+09 -1.0018442661e+07 1.9159349129e+06 3.6000000000e+03 0.0000000000e+00 -0.0000000000e+00
5.5560000000e+04 1.0429256049e-14 1.7048980071e-16 2.4134627161e+08 1.2403668079e+07 4.1117863662e-19 1.0559019662e-20 -1.4675295857e+03 2.1798546441e+02 -4.6638893034e+09 -1.0018442661e+07 1.9159349129e+06 3.6000000000e+03 0.0000000000e+00 -0.0000000000e+00
5.9160000000e+04 1.1973281848e-14 2.1187507530e-16 2.3601835212e+08 1.3186046059e+07 4.4687481785e-19 1.2473439000e-20 -1.4926093027e+03 2.1664041591e+02 -4.6638893023e+09 -1.0018442661e+07 1.9159349129e+06 3.6000000000e+03 0.0000000000e+00 -0.0000000000e+00
6.2760000000e+04 1.3648716100e-14 2.6060874699e-16 2.3059810660e+08 1.3963261141e+07 4.8420602218e-19 1.4646497054e-20 -1.5188377676e+03 2.1511365088e+02 -4.6638893010e+09 -1.0018442661e+07 1.9159349129e+06 3.6000000000e+03 0.0000000000e+00 -0.0000000000e+00
6.6360000000e+04 1.5461700172e-14 3.1767911381e-16 2.2508122019e+08 1.4734618959e+07 5.2331701326e-19 1.7110786256e-20 -1.5463166898e+03 2.1338227028e+02 -4.6638892994e+09 -1.0018442661e+07 1.9159349129e+06 3.6000000000e+03 0.0000000000e+00 -0.0000000000e+00
6.9960000000e+04 1.7418930104e-14 3.8420119214e-16 2.1946298834e+08 1.5499336116e+07 5.6437169390e-19 1.9904281838e-20 -1.5751612255e+03 2.1141959315e+02 -4.6638892974e+09 -1.0018442661e+07 1.9159349129e+06 3.6000000000e+03 0.0000000000e+00 -0.0000000000e+00
7.3560000000e+04 1.9527731475e-14 4.6143806298e-16 2.1373826418e+08 1.6256525186e+07 6.0755653838e-19 2.3071478574e-20 -1.6055023891e+03 2.0919435798e+02 -4.6638892948e+09 -1.0018442661e+07 1.9159349129e+06 3.6000000000e+03 0.0000000000e+00 -0.0000000000e+00
7.7160000000e+04 2.1796147997e-14 5.5082682352e-16 2.0790139629e+08 1.7005176481e+07 6.5308481545e-19 2.6664826015e-20 -1.6374900210e+03 2.0666971435e+02 -4.6638892916e+09 -1.0018442661e+07 1.9159349129e+06 3.6000000000e+03 0.0000000000e+00 -0.0000000000e+00
8.0760000000e+04 2.4233047060e-14 6.5401038110e-16 2.0194615455e+08 1.7744135714e+07 7.0120182821e-19 3.0746557538e-20 -1.6712964681e+03 2.0380193780e+02 -4.6638892874e+09 -1.0018442661e+07 1.9159349129e+06 3.6000000000e+03 0.0000000000e+00 -0.0000000000e+00
8.4360000000e+04 2.6848246415e-14 7.7287673135e-16 1.9586564113e+08 1.8472076401e+07 7.5219147522e-19 3.5391044943e-20 -1.7071211942e+03 2.0053877559e+02 -4.6638892820e+09 -1.0018442661e+07 1.9159349129e+06 3.6000000000e+03 0.0000000000e+00 -0.0000000000e+00
8.7960000000e+04 2.9652667457e-14 9.0960792570e-16 1.8965218277e+08 1.9187465460e+07 8.0638454813e-19 4.0687863126e-20 -1.7451966096e+03 1.9681729345e+02 -4.6638892749e+09 -1.0018442661e+07 1.9159349129e+06 3.6000000000e+03 0.0000000000e+00 -0.0000000000e+00
9.1560000000e+04 3.2658522334e-14 1.0667417285e-15 1.8329719937e+08 1.9888519885e+07 8.6416934003e-19 4.6745827283e-20 -1.7857955246e+03 1.9256103910e+02 -4.6638892653e+09 -1.0018442661e+07 1.9159349129e+06 3.6000000000e+03 0.0000000000e+00 -0.0000000000e+00
9.5160000000e+04 3.5879544573e-14 1.2472501053e-15 1.7679104191e+08 2.0573151610e+07 9.2600537042e-19 5.3698382010e-20 -1.8292407921e+03 1.8767625595e+02 -4.6638892523e+09 -1.0018442661e+07 1.9159349129e+06 3.6000000000e+03 0.0000000000e+00 -0.0000000000e+00
9.8760000000e+04 3.9331276388e-14 1.4546403475e-15 1.7012279062e+08 2.1238896452e+07 9.9244137720e-19 6.1710900731e-20 -1.8759179488e+03 1.8204675456e+02 -4.6638892344e+09 -1.0018442661e+07 1.9159349129e+06 3.6000000000e+03 0.0000000000e+00 -0.0000000000e+00
1.0236000000e+05 4.3031430837e-14 1.6930871159e-15 1.6328000051e+08 2.1882821345e+07 1.0641392478e-18 7.0990733859e-20 -1.9262920292e+03 1.7552685298e+02 -4.6638892091e+09 -1.0018442661e+07 1.9159349129e+06 3.6000000000e+03 0.0000000000e+00 -0.0000000000e+00
1.0596000000e+05 4.7000354392e-14 1.9676074457e-15 1.5624837638e+08 2.2501401377e+07 1.1419063699e-18 8.1801292756e-20 -1.9809302943e+03 1.6793148148e+02 -4.6638891727e+09 -1.0018442661e+07 1.9159349129e+06 3.6000000000e+03 0.0000000000e+00 -0.0000000000e+00
1.0956000000e+05 5.1261626511e-14 2.2842966043e-15 1.4901135160e+08 2.3090354087e+07 1.2267401643e-18 9.4482194702e-20 -2.0405335202e+03 1.5902202896e+02 -4.6638891189e+09 -1.0018442661e+07 1.9159349129e+06 3.6000000000e+03 0.0000000000e+00 -0.0000000000e+00
1.1316000000e+05 5.5842849813e-14 2.6506520357e-15 1.4154953288e+08 2.3644411857e+07 1.3198906591e-18 1.0947874554e-19 -2.1059799620e+03 1.4848562877e+02 -4.6638890373e+09 -1.0018442661e+07 1.9159349129e+06 3.3279581577e+03 0.0000000000e+00 -0.0000000000e+00
1.1615228733e+05 5.9917505672e-14 2.9996092003e-15 1.3515989713e+08 2.4073712514e+07 1.4047764370e-18 1.2412758694e-19 -2.1656197108e+03 1.3819352514e+02 -4.6638889885e+09 -1.0018442661e+07 1.9159349129e+06 3.0116604297e+03 0.0000000000e+00 -0.0000000000e+00
1.1916394776e+05 6.4286823367e-14 3.3986888248e-15 1.2854040153e+08 2.4472164496e+07 1.4982869804e-18 1.4135617700e-19 -2.2313191185e+03 1.2608892046e+02 -4.6638889131e+09 -1.0018442661e+07 1.9159349129e+06 2.7197350525e+03 0.0000000000e+00 -0.0000000000e+00
1.2160810629e+05 6.8048752536e-14 3.7635623312e-15 1.2301653058e+08 2.4766732035e+07 1.5811427126e-18 1.5758356357e-19 -2.2895325812e+03 1.1468774956e+02 -4.6638888739e+09 -1.0018442661e+07 1.9159349129e+06 2.4607369835e+03 0.0000000000e+00 -0.0000000000e+00
1.2406884328e+05 7.2049604163e-14 4.1739342212e-15 1.1730525548e+08 2.5033069796e+07 1.6719377800e-18 1.7641060673e-19 -2.3533241274e+03 1.0146009053e+02 -4.6638888148e+09 -1.0018442661e+07 1.9159349129e+06 2.2210363888e+03 0.0000000000e+00 -0.0000000000e+00
1.2606159841e+05 7.5459877479e-14 4.5425090285e-15 1.1256049604e+08 2.5223288666e+07 1.7517432593e-18 1.9386708551e-19 -2.4093945183e+03 8.9195373909e+01 -4.6638887853e+09 -1.0018442661e+07 1.9159349129e+06 2.0076377439e+03 0.0000000000e+00 -0.0000000000e+00
1.2786712225e+05 7.8692154966e-14 4.9083476753e-15 1.0816147272e+08 2.5373227225e+07 1.8296344952e-18 2.1172992400e-19 -2.4641199842e+03 7.6645153737e+01 -4.6638887602e+09 -1.0018442661e+07 1.9159349129e+06 1.8195030394e+03 0.0000000000e+00 -0.0000000000e+00
1.2949730740e+05 8.1735638828e-14 5.2679854206e-15 1.0410175483e+08 2.5488000405e+07 1.9051526652e-18 2.2983208348e-19 -2.5171781620e+03 6.3926789453e+01 -4.6638887395e+09 -1.0018442661e+07 1.9159349129e+06 1.6443714166e+03 0.0000000000e+00 -0.0000000000e+00
1.3096151063e+05 8.4577722458e-14 5.6175457561e-15 1.0037917136e+08 2.5572440847e+07 1.9777326623e-18 2.4796199509e-19 -2.5681720141e+03 5.1188926849e+01 -4.6638887232e+09 -1.0018442661e+07 1.9159349129e+06 1.4792731759e+03 0.0000000000e+00 -0.0000000000e+00
1.3226494291e+05 8.7199980381e-14 5.9522024820e-15 9.7000525957e+07 2.5631113959e+07 2.0465936021e-18 2.6583087103e-19 -2.6165529002e+03 3.8634464837e+01 -4.6638887111e+09 -1.0018442661e+07 1.9159349129e+06 1.3206130864e+03 0.0000000000e+00 -0.0000000000e+00
1.3340630079e+05 8.9572035496e-14 6.2652714434e-15 9.3988697534e+07 2.5668422143e+07 2.1105571191e-18 2.8301557088e-19 -2.6614929148e+03 2.6560696895e+01 -4.6638887030e+09 -1.0018442661e+07 1.9159349129e+06 1.1634150643e+03 0.0000000000e+00 -0.0000000000e+00
1.3437045450e+05 9.1634176799e-14 6.5456529271e-15 9.1403470876e+07 2.5688753619e+07 2.1675336896e-18 2.9880209593e-19 -2.7015239829e+03 1.5469270115e+01 -4.6638886986e+09 -1.0018442661e+07 1.9159349129e+06 9.9978011974e+02 0.0000000000e+00 -0.0000000000e+00
1.3508884849e+05 9.3207153085e-14 6.7647931119e-15 8.9451588131e+07 2.5696717259e+07 2.2118958173e-18 3.1140786870e-19 -2.7326922920e+03 6.6126024746e+00 -4.6638886974e+09 -1.0018442661e+07 1.9159349129e+06 8.2295208871e+02 0.0000000000e+00 -0.0000000000e+00
1.3582341893e+05 9.4849157991e-14 6.9985264771e-15 8.7432140464e+07 2.5698074141e+07 2.2590745863e-18 3.2511763785e-19 -2.7658395400e+03 -3.0197200404e+00 -4.6638886958e+09 -1.0018442661e+07 1.9159349129e+06 6.9871147675e+02 0.0000000000e+00 -0.0000000000e+00
1.3652213041e+05 9.6443808132e-14 7.2304895932e-15 8.5488228522e+07 2.5692592022e+07 2.3057786689e-18 3.3899934685e-19 -2.7986532790e+03 -1.2772845467e+01 -4.6638886943e+09 -1.0018442661e+07 1.9159349129e+06 8.6177909774e+02 0.0000000000e+00 -0.0000000000e+00
1.3738390951e+05 9.8456624769e-14 7.5304427721e-15 8.3058319647e+07 2.5676096996e+07 2.3660335855e-18 3.5736693104e-19 -2.8409876745e+03 -2.5677694029e+01 -4.6638886890e+09 -1.0018442661e+07 1.9159349129e+06 9.4400267418e+02 0.0000000000e+00 -0.0000000000e+00
1.3832791218e+05 1.0072273466e-13 7.8779738888e-15 8.0353537888e+07 2.5644707802e+07 2.4357021792e-18 3.7925218690e-19 -2.8899360088e+03 -4.1054017325e+01 -4.6638886784e+09 -1.0018442661e+07 1.9159349129e+06 9.8415325136e+02 0.0000000000e+00 -0.0000000000e+00
1.3931206543e+05 1.0315740072e-13 8.2633430127e-15 7.7483007465e+07 2.5595784174e+07 2.5128440706e-18 4.0430288520e-19 -2.9441349941e+03 -5.8654343236e+01 -4.6638886614e+09 -1.0018442661e+07 1.9159349129e+06 9.9889572998e+02 0.0000000000e+00 -0.0000000000e+00
1.4031096116e+05 1.0570873385e-13 8.6809976653e-15 7.4513132050e+07 2.5527500129e+07 2.5963969511e-18 4.3241460959e-19 -3.0028382650e+03 -7.8405310071e+01 -4.6638886369e+09 -1.0018442661e+07 1.9159349129e+06 9.9672258043e+02 0.0000000000e+00 -0.0000000000e+00
1.4130768374e+05 1.0834060499e-13 9.1272559495e-15 7.1489232933e+07 2.5438629672e+07 2.6857026842e-18 4.6360025791e-19 -3.0655834224e+03 -1.0031597968e+02 -4.6638886041e+09 -1.0018442661e+07 1.9159349129e+06 9.8273503250e+02 0.0000000000e+00 -0.0000000000e+00
1.4229041878e+05 1.1102586310e-13 9.5994092929e-15 6.8444311051e+07 2.5328412801e+07 2.7803213240e-18 4.9794043286e-19 -3.1320613655e+03 -1.2444298261e+02 -4.6638885620e+09 -1.0018442661e+07 1.9159349129e+06 9.6032778010e+02 0.0000000000e+00 -0.0000000000e+00
1.4325074656e+05 1.1374311338e-13 1.0095310077e-14 6.5403321933e+07 2.5196460570e+07 2.8799436933e-18 5.3556122697e-19 -3.2020548703e+03 -1.5087490995e+02 -4.6638885097e+09 -1.0018442661e+07 1.9159349129e+06 9.3191053399e+02 0.0000000000e+00 -0.0000000000e+00
1.4418265709e+05 1.1647497738e-13 1.0613158592e-14 6.2385559106e+07 2.5042682758e+07 2.9843445963e-18 5.7662318988e-19 -3.2754057164e+03 -1.7972456201e+02 -4.6638884463e+09 -1.0018442661e+07 1.9159349129e+06 8.9926634235e+02 0.0000000000e+00 -0.0000000000e+00
1.4508192343e+05 1.1920706109e-13 1.1151384061e-14 5.9406117670e+07 2.4867230202e+07 3.0933552732e-18 6.2131556692e-19 -3.3519953355e+03 -2.1112490032e+02 -4.6638883710e+09 -1.0018442661e+07 1.9159349129e+06 8.6375031634e+02 0.0000000000e+00 -0.0000000000e+00
1.4594567375e+05 1.2192729684e-13 1.1708574694e-14 5.6476861091e+07 2.4670447488e+07 3.2068459239e-18 6.6985330961e-19 -3.4317325315e+03 -2.4522694730e+02 -4.6638882827e+09 -1.0018442661e+07 1.9159349129e+06 8.2640973265e+02 0.0000000000e+00 -0.0000000000e+00
1.4677208348e+05 1.2462549771e-13 1.2283435200e-14 5.3607097074e+07 2.4452833408e+07 3.3247138949e-18 7.2247568212e-19 -3.5145451813e+03 -2.8219880714e+02 -4.6638881805e+09 -1.0018442661e+07 1.9159349129e+06 7.8806177258e+02 0.0000000000e+00 -0.0000000000e+00
1.4756014525e+05 1.2729304015e-13 1.2874760574e-14 5.0804071769e+07 2.4215007518e+07 3.4468752274e-18 7.7944586417e-19 -3.6003742963e+03 -3.2222538682e+02 -4.6638880634e+09 -1.0018442661e+07 1.9159349129e+06 7.4934671120e+02 0.0000000000e+00 -0.0000000000e+00
1.4830949197e+05 1.2992262764e-13 1.3481419913e-14 4.8073344290e+07 2.3957681630e+07 3.5732582738e-18 8.4105122716e-19 -3.6891695378e+03 -3.6550859008e+02 -4.6638879305e+09 -1.0018442661e+07 1.9159349129e+06 7.1076599017e+02 0.0000000000e+00 -0.0000000000e+00
1.4902025796e+05 1.3250810795e-13 1.4102346632e-14 4.5419078793e+07 2.3681635395e+07 3.7037986133e-18 9.0760410368e-19 -3.7808856446e+03 -4.1226785815e+02 -4.6638877806e+09 -1.0018442661e+07 1.9159349129e+06 6.7271046879e+02 0.0000000000e+00 -0.0000000000e+00
1.4969296842e+05 1.3504432684e-13 1.4736532847e-14 4.2844277562e+07 2.3387695324e+07 3.8384347806e-18 9.7944294845e-19 -3.8754794318e+03 -4.6274098532e+02 -4.6638876126e+09 -1.0018442661e+07 1.9159349129e+06 6.3548201534e+02 0.0000000000e+00 -0.0000000000e+00
1.5032845044e+05 1.3752700772e-13 1.5383026533e-14 4.0350970464e+07 2.3076716723e+07 3.9771044870e-18 1.0569338361e-18 -3.9729071361e+03 -5.1718517134e+02 -4.6638874255e+09 -1.0018442661e+07 1.9159349129e+06 5.9931038609e+02 0.0000000000e+00 -0.0000000000e+00
1.5092776083e+05 1.3995265020e-13 1.6040930563e-14 3.7940371210e+07 2.2749568114e+07 4.1197411049e-18 1.1404722697e-18 -4.0731219458e+03 -5.7587829200e+02 -4.6638872180e+09 -1.0018442661e+07 1.9159349129e+06 5.6436666977e+02 0.0000000000e+00 -0.0000000000e+00
1.5149212750e+05 1.4231844299e-13 1.6709403042e-14 3.5613007723e+07 2.2407117780e+07 4.2662702489e-18 1.2304852951e-18 -4.1760715985e+03 -6.3912038462e+02 -4.6638869890e+09 -1.0018442661e+07 1.9159349129e+06 5.3077413991e+02 0.0000000000e+00 -0.0000000000e+00
1.5202290164e+05 1.4462218782e-13 1.7387658563e-14 3.3368831907e+07 2.2050222102e+07 4.4166063122e-18 1.3274339289e-18 -4.2816959479e+03 -7.0723535419e+02 -4.6638867372e+09 -1.0018442661e+07 1.9159349129e+06 4.9861711846e+02 0.0000000000e+00 -0.0000000000e+00
1.5252151875e+05 1.4686223240e-13 1.8074970139e-14 3.1207312701e+07 2.1679715421e+07 4.5706488406e-18 1.4318159247e-18 -4.3899244161e+03 -7.8057291640e+02 -4.6638864613e+09 -1.0018442661e+07 1.9159349129e+06 4.6794827030e+02 0.0000000000e+00 -0.0000000000e+00
1.5298946702e+05 1.4903741065e-13 1.8770671698e-14 2.9127515361e+07 2.1296401153e+07 4.7282786304e-18 1.5441689084e-18 -4.5006732519e+03 -8.5951080098e+02 -4.6638861602e+09 -1.0018442661e+07 1.9159349129e+06 4.3879464492e+02 0.0000000000e+00 -0.0000000000e+00
1.5342826167e+05 1.5114698917e-13 1.9474161045e-14 2.7128169250e+07 2.0901043929e+07 4.8893534324e-18 1.6650739317e-18 -4.6138425128e+03 -9.4445724788e+02 -4.6638858324e+09 -1.0018442661e+07 1.9159349129e+06 4.1116270505e+02 0.0000000000e+00 -0.0000000000e+00
1.5383942437e+05 1.5319061917e-13 2.0184903326e-14 2.5207725920e+07 2.0494362527e+07 5.0537031392e-18 1.7951595016e-18 -4.7293126833e+03 -1.0358538389e+03 -4.6638854767e+09 -1.0018442661e+07 1.9159349129e+06 3.8504252403e+02 0.0000000000e+00 -0.0000000000e+00
1.5422446690e+05 1.5516829302e-13 2.0902435009e-14 2.3364408898e+07 2.0077023374e+07 5.2211243104e-18 1.9351061651e-18 -4.8469408285e+03 -1.1341787183e+03 -4.6638850918e+09 -1.0018442661e+07 1.9159349129e+06 3.6041130019e+02 0.0000000000e+00 -0.0000000000e+00
1.5458487820e+05 1.5708030522e-13 2.1626368519e-14 2.1596256328e+07 1.9649634394e+07 5.3913738696e-18 2.0856517443e-18 -4.9665561658e+03 -1.2399502710e+03 -4.6638846764e+09 -1.0018442661e+07 1.9159349129e+06 3.3723630418e+02 0.0000000000e+00 -0.0000000000e+00
1.5492211450e+05 1.5892721720e-13 2.2356397644e-14 1.9901157401e+07 1.9212738968e+07 5.5641617657e-18 2.2475973451e-18 -5.0879549089e+03 -1.3537313449e+03 -4.6638842294e+09 -1.0018442661e+07 1.9159349129e+06 3.1547735787e+02 0.0000000000e+00 -0.0000000000e+00
1.5523759186e+05 1.6070982569e-13 2.3092303955e-14 1.8276883317e+07 1.8766809744e+07 5.7391423463e-18 2.4218142985e-18 -5.2108942062e+03 -1.4761341268e+03 -4.6638837496e+09 -1.0018442660e+07 1.9159349129e+06 2.9508892375e+02 0.0000000000e+00 -0.0000000000e+00
1.5553268078e+05 1.6242913460e-13 2.3833964515e-14 1.6721113399e+07 1.8312242015e+07 5.9159041175e-18 2.6092522318e-18 -5.3350849471e+03 -1.6078258136e+03 -4.6638832361e+09 -1.0018442661e+07 1.9159349129e+06 2.7602187572e+02 0.0000000000e+00 -0.0000000000e+00
1.5580870266e+05 1.6408633005e-13 2.4581361273e-14 1.5231456861e+07 1.7849346310e+07 6.0939574767e-18 2.8109485324e-18 -5.4601831425e+03 -1.7495352615e+03 -4.6638826881e+09 -1.0018442661e+07 1.9159349129e+06 2.5822501067e+02 0.0000000000e+00 -0.0000000000e+00
1.5606692767e+05 1.6568275855e-13 2.5334592653e-14 1.3805470574e+07 1.7378339782e+07 6.2727198718e-18 3.0280395420e-18 -5.5857794982e+03 -1.9020608508e+03 -4.6638821051e+09 -1.0018442661e+07 1.9159349129e+06 2.4164635789e+02 0.0000000000e+00 -0.0000000000e+00
1.5630857403e+05 1.6721990825e-13 2.6093888039e-14 1.2440673137e+07 1.6899335859e+07 6.4514976654e-18 3.2617739318e-18 -5.7113866727e+03 -2.0662798833e+03 -4.6638814869e+09 -1.0018442661e+07 1.9159349129e+06 2.2623433663e+02 0.0000000000e+00 -0.0000000000e+00
1.5653480837e+05 1.6869939339e-13 2.6859626112e-14 1.1134555375e+07 1.6412331446e+07 6.6294637238e-18 3.5135288598e-18 -5.8364235316e+03 -2.2431599338e+03 -4.6638808340e+09 -1.0018442661e+07 1.9159349129e+06 2.1193881761e+02 0.0000000000e+00 -0.0000000000e+00
1.5674674718e+05 1.7012294191e-13 2.7632358340e-14 9.8845873000e+06 1.5917190753e+07 6.8056293898e-18 3.7848297279e-18 -5.9601954560e+03 -2.4337727320e+03 -4.6638801472e+09 -1.0018442661e+07 1.9159349129e+06 1.9871214374e+02 0.0000000000e+00 -0.0000000000e+00
1.5694545933e+05 1.7149238661e-13 2.8412839467e-14 8.6882214216e+06 1.5413624429e+07 6.9788089562e-18 4.0773746642e-18 -6.0818693820e+03 -2.6393113626e+03 -4.6638794286e+09 -1.0018442661e+07 1.9159349129e+06 1.8651018158e+02 0.0000000000e+00 -0.0000000000e+00
1.5713196951e+05 1.7280966022e-13 2.9202067616e-14 7.5428920594e+06 1.4901162178e+07 7.1475739561e-18 4.3930653038e-18 -6.2004416854e+03 -2.8611118919e+03 -4.6638786812e+09 -1.0018442661e+07 1.9159349129e+06 1.7529348868e+02 0.0000000000e+00 -0.0000000000e+00
1.5730726300e+05 1.7407679501e-13 3.0001337817e-14 6.4460100959e+06 1.4379116210e+07 7.3101933517e-18 4.7340460999e-18 -6.3146961596e+03 -3.1006809877e+03 -4.6638779097e+09 -1.0018442661e+07 1.9159349129e+06 1.6502871726e+02 0.0000000000e+00 -0.0000000000e+00
1.5747229171e+05 1.7529592781e-13 3.0812314593e-14 5.3949522314e+06 1.3846531619e+07 7.4645537648e-18 5.1027553762e-18 -6.4231479698e+03 -3.3597317875e+03 -4.6638771209e+09 -1.0018442661e+07 1.9159349129e+06 1.5569042425e+02 0.0000000000e+00 -0.0000000000e+00
1.5762798214e+05 1.7646931193e-13 3.1637132058e-14 4.3870433413e+06 1.3302117833e+07 7.6080507673e-18 5.5019927932e-18 -6.5239672756e+03 -3.6402312998e+03 -4.6638763247e+09 -1.0018442661e+07 1.9159349129e+06 1.4726353861e+02 0.0000000000e+00 -0.0000000000e+00
1.5777524568e+05 1.7759933748e-13 3.2478534577e-14 3.4195299447e+06 1.2744152128e+07 7.7374370565e-18 5.9350100744e-18 -6.6148725603e+03 -3.9444641472e+03 -4.6638755348e+09 -1.0018442661e+07 1.9159349129e+06 1.3974685005e+02 0.0000000000e+00 -0.0000000000e+00
1.5791499253e+05 1.7868856217e-13 3.3340078165e-14 2.4895422193e+06 1.2170341253e+07 7.8486044569e-18 6.4056349402e-18 -6.6929774679e+03 -4.2751196412e+03 -4.6638747705e+09 -1.0018442661e+07 1.9159349129e+06 1.3197491322e+02 0.0000000000e+00 -0.0000000000e+00
1.5802553785e+05 1.7956044122e-13 3.4071023547e-14 1.7466770836e+06 1.1681704996e+07 7.9230521763e-18 6.8264566560e-18 -6.7452835597e+03 -4.5707840278e+03 -4.6638744888e+09 -1.0018442661e+07 1.9159349129e+06 1.1317120853e+02 0.0000000000e+00 -0.0000000000e+00
1.5811946464e+05 1.8030705870e-13 3.4730527501e-14 1.1114065253e+06 1.1239516761e+07 7.9722487247e-18 7.2228042591e-18 -6.7798484758e+03 -4.8492531909e+03 -4.6638743510e+09 -1.0018442661e+07 1.9159349129e+06 9.6824189458e+01 3.0799088172e-291 -2.1821856523e-283
1.5819581967e+05 1.8091689506e-13 3.5295270779e-14 5.9294755326e+05 1.0859945516e+07 7.9992159033e-18 7.5743776358e-18 -6.7987952983e+03 -5.0962645092e+03 -4.6638742996e+09 -1.0018442661e+07 1.9159349129e+06 8.1000075540e+01 3.9633635581e-266 -2.8624505343e-258
1.5824134148e+05 1.8128126228e-13 3.5645110775e-14 2.8329359315e+05 1.0624412854e+07 8.0082838814e-18 7.7975947109e-18 -6.8051663530e+03 -5.2530942001e+03 -4.6638742956e+09 -1.0018442661e+07 1.9159349129e+06 6.7363614212e+01 3.0494034096e-251 -2.2282892415e-243
1.5830065947e+05 1.8175642327e-13 3.6116665020e-14 -1.2046349803e+05 1.0306474907e+07 8.0105831254e-18 8.1047595960e-18 -6.8067817748e+03 -5.4689046346e+03 -4.6638742813e+09 -1.0018442661e+07 1.9159349129e+06 5.5146747291e+01 5.7339370250e-232 -4.2556577616e-224
1.5835580621e+05 1.8219798021e-13 3.6571892165e-14 -4.9569438959e+05 9.9990679735e+06 8.0013043597e-18 8.4077879370e-18 -6.8002626232e+03 -5.6818087820e+03 -4.6638742720e+09 -1.0018442661e+07 1.9159349129e+06 7.1001067707e+01 3.3210874048e-214 -2.5015397872e-206
1.5842680728e+05 1.8276510452e-13 3.7183456162e-14 -9.7783397794e+05 9.5853942369e+06 7.9697683727e-18 8.8241500832e-18 -6.7781058097e+03 -5.9743399275e+03 -4.6638742450e+09 -1.0018442661e+07 1.9159349129e+06 7.8932648942e+01 1.2901662252e-191 -9.9084108336e-184
1.5850573993e+05 1.8339178553e-13 3.7899418217e-14 -1.5111658853e+06 9.1001594631e+06 7.9029072391e-18 9.3234818608e-18 -6.7311299638e+03 -6.3251645600e+03 -4.6638742107e+09 -1.0018442661e+07 1.9159349129e+06 8.3574485053e+01 5.6458788783e-167 -4.4326685705e-159
1.5858931442e+05 1.8404776181e-13 3.8702217909e-14 -2.0705513590e+06 8.5549598763e+06 7.7863212630e-18 9.8956490813e-18 -6.6492180286e+03 -6.7271625177e+03 -4.6638741683e+09 -1.0018442661e+07 1.9159349129e+06 8.7138114754e+01 1.3851620945e-141 -1.1136545988e-133
1.5867645253e+05 1.8471871843e-13 3.9592233353e-14 -2.6446620832e+06 7.9492867856e+06 7.6014872911e-18 1.0540082907e-17 -6.5193558545e+03 -7.1799341423e+03 -4.6638740544e+09 -1.0018442661e+07 1.9159349129e+06 9.1494415024e+01 4.1752002814e-116 -3.4417840355e-108
1.5876794695e+05 1.8540209404e-13 4.0589451039e-14 -3.2326327506e+06 7.2692765879e+06 7.3199743099e-18 1.1266308808e-17 -6.3215681458e+03 -7.6901719165e+03 -4.6638735925e+09 -1.0018442661e+07 1.9159349129e+06 1.0056765984e+02 9.2288028615e-91 -7.8091406128e-83
1.5886851461e+05 1.8611745667e-13 4.1764678308e-14 -3.8537712165e+06 6.4662440985e+06 6.8816532525e-18 1.2112478974e-17 -6.0136089276e+03 -8.2846811202e+03 -4.6638714320e+09 -1.0018442661e+07 1.9159349129e+06 9.9804745890e+01 4.7411167664e-65 -4.1255233061e-57
1.5895679552e+05 1.8670306853e-13 4.2867731568e-14 -4.3692666672e+06 5.7111507361e+06 6.3626737914e-18 1.2878839874e-17 -5.6489800639e+03 -8.8231172726e+03 -4.6638686996e+09 -1.0018442661e+07 1.9159349129e+06 8.8295476754e+01 7.9426023233e-45 -7.0729498185e-37
1.5904509100e+05 1.8723669861e-13 4.4038666799e-14 -4.8482574940e+06 4.9083675817e+06 5.6995163280e-18 1.3640848823e-17 -5.1830534319e+03 -9.3584957951e+03 -4.6638636962e+09 -1.0018442661e+07 1.9159349129e+06 7.9789860010e+01 2.6324625796e-27 -2.3937592351e-19
1.5912488086e+05 1.8766310693e-13 4.5153529974e-14 -5.2418905092e+06 4.1430627932e+06 4.9675425404e-18 1.4296171339e-17 -4.6687772602e+03 -9.8189176854e+03 -4.6638591857e+09 -1.0018442661e+07 1.9159349129e+06 7.3650481484e+01 3.0984434175e-14 -2.8634333534e-06
1.5918791869e+05 1.8795562923e-13 4.6069919974e-14 -5.5217121603e+06 3.5134269458e+06 4.3006395599e-18 1.4770029687e-17 -4.2002190612e+03 -1.0151844960e+04 -4.6638601487e+09 -1.0018442569e+07 1.9159351346e+06 6.7004885075e+01 5.0848290263e-06 -4.7484530355e+02
1.5919493760e+05 1.8798553875e-13 4.6173763812e-14 -5.5509990092e+06 3.4420495791e+06 4.2217632003e-18 1.4819576318e-17 -4.1448014203e+03 -1.0186655745e+04 -4.6638696792e+09 -1.0018442240e+07 1.9159359369e+06 3.5094559217e+01 3.1419438942e-05 -2.9370781427e+03
1.5920732863e+05 1.8803697748e-13 4.6357926804e-14 -5.6017438145e+06 3.3154518261e+06 4.0803579455e-18 1.4905251057e-17 -4.0454507731e+03 -1.0246847351e+04 -4.6641173356e+09 -1.0018433921e+07 1.9159568327e+06 2.2299448588e+01 6.7740220745e-04 -6.3432185317e+04
1.5921763751e+05 1.8807842601e-13 4.6511942783e-14 -5.6430154885e+06 3.2095657929e+06 3.9606578890e-18 1.4974707779e-17 -3.9613401678e+03 -1.0295619105e+04 -4.6669042538e+09 -1.0018342513e+07 1.9161924646e+06 1.3630258268e+01 7.5644448722e-03 -7.0929513666e+05
1.5922597895e+05 1.8811105491e-13 4.6637083361e-14 -5.6757714340e+06 3.1235244519e+06 3.8624690018e-18 1.5029645508e-17 -3.8922881943e+03 -1.0334044809e+04 -4.6842562350e+09 -1.0017784772e+07 1.9176620929e+06 9.3338099497e+00 4.8448237013e-02 -4.5475161939e+06
1.5923262098e+05 1.8813644752e-13 4.6737053618e-14 -5.7014393929e+06 3.0547867260e+06 3.7834499078e-18 1.5072555789e-17 -3.8365213744e+03 -1.0363525114e+04 -4.7511960444e+09 -1.0015668833e+07 1.9233396997e+06 7.0041671366e+00 1.9984085425e-01 -1.8771516324e+07
1.5923808252e+05 1.8815693228e-13 4.6819468008e-14 -5.7222655979e+06 2.9981233893e+06 3.7179313303e-18 1.5107270896e-17 -3.7897917612e+03 -1.0386016566e+04 -4.9412622339e+09 -1.0009744066e+07 1.9394809776e+06 5.6198470245e+00 6.1473074762e-01 -5.7769162995e+07
1.5924272383e+05 1.8817405840e-13 4.6889653215e-14 -5.7397607354e+06 2.9498798187e+06 3.6618734142e-18 1.5136360933e-17 -3.7488035961e+03 -1.0402031661e+04 -5.3834133309e+09 -9.9961225368e+06 1.9770783713e+06 4.7212666172e+00 1.5499555601e+00 -1.4567092977e+08
1.5924678197e+05 1.8818881886e-13 4.6951129754e-14 -5.7548979790e+06 2.9076469530e+06 3.6125780041e-18 1.5161481100e-17 -3.7109415113e+03 -1.0410669085e+04 -6.2828946181e+09 -9.9686870058e+06 2.0536779095e+06 4.1023196250e+00 3.3981349877e+00 -3.1923597792e+08
1.5925042140e+05 1.8820188580e-13 4.7006349489e-14 -5.7683373232e+06 2.8697565770e+06 3.5681489562e-18 1.5183756376e-17 -3.6737854439e+03 -1.0409560881e+04 -7.9522829291e+09 -9.9181907069e+06 2.1961255921e+06 3.6646100366e+00 6.7340866830e+00 -6.3185943722e+08
1.5925408601e+05 1.8821487938e-13 4.7062032760e-14 -5.7817234890e+06 2.8316350535e+06 3.5232054972e-18 1.5205941406e-17 -3.6305652345e+03 -1.0391970569e+04 -1.1246899733e+10 -9.8192212638e+06 2.4781322337e+06 3.3497328891e+00 1.3124168249e+01 -1.2279920013e+09
1.5925743574e+05 1.8822661212e-13 4.7113002262e-14 -5.7938065923e+06 2.7968866723e+06 3.4819448468e-18 1.5226003933e-17 -3.5818938190e+03 -1.0349438497e+04 -1.6842115523e+10 -9.6519228362e+06 2.9594682598e+06 3.1824306770e+00 2.3623200997e+01 -2.1990809423e+09
1.5926061817e+05 1.8823763059e-13 4.7161488037e-14 -5.8051146542e+06 2.7640657004e+06 3.4425894553e-18 1.5244872128e-17 -3.5218178594e+03 -1.0268544097e+04 -2.6071323712e+10 -9.3763075776e+06 3.7597515217e+06 3.3159009134e+00 4.0293167487e+01 -3.7179892035e+09
1.5926393407e+05 1.8824897767e-13 4.7212070843e-14 -5.8166584947e+06 2.7302458440e+06 3.4014257563e-18 1.5264332265e-17 -3.4360299075e+03 -1.0115542622e+04 -4.2192548778e+10 -8.8929395967e+06 5.1764800035e+06 3.3479060691e+00 6.7986455764e+01 -6.1736527029e+09
1.5926624728e+05 1.8825681257e-13 4.7247395991e-14 -5.8245176425e+06 2.7070294388e+06 3.3726165334e-18 1.5277788056e-17 -3.3556597486e+03 -9.9473350476e+03 -5.9076984982e+10 -8.3818419251e+06 6.6866023658e+06 2.3923884256e+00 9.5387716046e+01 -8.5118063214e+09
1.5926830969e+05 1.8826374174e-13 4.7278917327e-14 -5.8313484152e+06 2.6867172106e+06 3.3468681569e-18 1.5289702907e-17 -3.2651165480e+03 -9.7402243920e+03 -7.9145622305e+10 -7.7659940248e+06 8.5181984286e+06 2.0798995067e+00 1.2604700439e+02 -1.1006405487e+10
1.5927038959e+05 1.8827067583e-13 4.7310730802e-14 -5.8380259933e+06 2.6667324174e+06 3.3208433617e-18 1.5301641797e-17 -3.1520204208e+03 -9.4648150186e+03 -1.0489549006e+11 -6.9600970210e+06 1.0930477152e+07 1.9030057733e+00 1.6250796978e+02 -1.3779844421e+10
1.5927229260e+05 1.8827697272e-13 4.7339860255e-14 -5.8439086630e+06 2.6490135620e+06 3.2969826518e-18 1.5312499121e-17 -3.0268926775e+03 -9.1460071577e+03 -1.3356106187e+11 -6.0390073626e+06 1.3705183912e+07 1.8199948866e+00 1.9935896310e+02 -1.6325092437e+10
1.5927411259e+05 1.8828295241e-13 4.7367738331e-14 -5.8492931628e+06 2.6326937901e+06 3.2741204777e-18 1.5322825485e-17 -2.8868275196e+03 -8.7773850868e+03 -1.6530999353e+11 -4.9849864239e+06 1.6900140560e+07 1.8337497357e+00 2.3551639059e+02 -1.8497312384e+10
1.5927594634e+05 1.8828893518e-13 4.7395846055e-14 -5.8544423862e+06 2.6169866246e+06 3.2510456489e-18 1.5333175331e-17 -2.7260889774e+03 -8.3437484028e+03 -2.0084038232e+11 -3.7565116930e+06 2.0647861650e+07 2.0277129650e+00 2.6993682075e+02 -2.0140327401e+10
1.5927797405e+05 1.8829550146e-13 4.7426948886e-14 -5.8597727697e+06 2.6006095113e+06 3.2254861236e-18 1.5344559256e-17 -2.5283164943e+03 -7.7992179731e+03 -2.4276366491e+11 -2.2280870716e+06 2.5344355103e+07 2.4149073030e+00 3.0174633914e+02 -2.1028620729e+10
1.5927966901e+05 1.8830095038e-13 4.7452965254e-14 -5.8639089644e+06 2.5878064399e+06 3.2040878606e-18 1.5354028941e-17 -2.3508129573e+03 -7.3029303134e+03 -2.7841356965e+11 -8.4709743356e+05 2.9619353173e+07 1.7555293759e+00 3.2055186156e+02 -2.0903744309e+10
1.5928142454e+05 1.8830655578e-13 4.7479928281e-14 -5.8678691991e+06 2.5754564488e+06 3.1818952684e-18 1.5363795756e-17 -2.1601957710e+03 -6.7639380270e+03 -3.1440262207e+11 6.4061448897e+05 3.4259115027e+07 1.6086620826e+00 3.3088170371e+02 -1.9970157300e+10
1.5928303320e+05 1.8831165800e-13 4.7504650612e-14 -5.8712023880e+06 2.5649796591e+06 3.1615347834e-18 1.5372711162e-17 -1.9839691156e+03 -6.2612272653e+03 -3.4542980787e+11 2.0169482443e+06 3.8585399303e+07 1.6030428143e+00 3.3182883770e+02 -1.8525442625e+10
1.5928463624e+05 1.8831670980e-13 4.7529300827e-14 -5.8742434985e+06 2.5553422326e+06 3.1412238889e-18 1.5381565248e-17 -1.8109366652e+03 -5.7643000093e+03 -3.7370552850e+11 3.3664274101e+06 4.2862157583e+07 1.7355614923e+00 3.2525913373e+02 -1.6704535169e+10
1.5928637180e+05 1.8832214249e-13 4.7556004775e-14 -5.8772285650e+06 2.5457935968e+06 3.1192116907e-18 1.5391120083e-17 -1.6304241187e+03 -5.2430373553e+03 -4.0081880000e+11 4.7693272077e+06 4.7349951615e+07 2.7391070855e+00 3.1113481929e+02 -1.4520942428e+10
1.5928792168e+05 1.8832696163e-13 4.7579865676e-14 -5.8796361013e+06 2.5380136214e+06 3.0995366405e-18 1.5399627586e-17 -1.4778498270e+03 -4.8006278953e+03 -4.2179135748e+11 5.9487092872e+06 5.1161238835e+07 1.6248318331e+00 2.9396488971e+02 -1.2550863360e+10
1.5928935326e+05 1.8833138585e-13 4.7601917102e-14 -5.8816560486e+06 2.5314193303e+06 3.0813495040e-18 1.5407466567e-17 -1.3455991739e+03 -4.4161003156e+03 -4.3850307904e+11 6.9642262599e+06 5.4476537657e+07 1.4393634467e+00 2.7562938940e+02 -1.0815894767e+10
1.5929079262e+05 1.8833580786e-13 4.7624099708e-14 -5.8835026166e+06 2.5253257378e+06 3.0630512121e-18 1.5415331142e-17 -1.2217766313e+03 -4.0554376389e+03 -4.5289811030e+11 7.9074404725e+06 5.7589137651e+07 1.3495024642e+00 2.5590502874e+02 -9.2129909494e+09
1.5929214213e+05 1.8833992988e-13 4.7644907703e-14 -5.8850779276e+06 2.5200671297e+06 3.0458849629e-18 1.5422690490e-17 -1.1142652164e+03 -3.7419792813e+03 -4.6440479812e+11 8.7187706588e+06 6.0297483716e+07 1.2992535881e+00 2.3704130411e+02 -7.8666959587e+09
1.5929344138e+05 1.8834387651e-13 4.7664950285e-14 -5.8864626468e+06 2.5153890628e+06 3.0293491393e-18 1.5429763843e-17 -1.0185565446e+03 -3.4628608150e+03 -4.7386596532e+11 9.4335424308e+06 6.2712232746e+07 1.2698969830e+00 2.1909638585e+02 -6.7221374600e+09
1.5929471128e+05 1.8834771321e-13 4.7684548880e-14 -5.8877005327e+06 2.5111536240e+06 3.0131792135e-18 1.5436666910e-17 -9.3218579891e+02 -3.2110646939e+03 -4.8176739226e+11 1.0071126972e+07 6.4893724888e+07 1.2543339947e+00 2.0213244163e+02 -5.7447884414e+09
1.5929596561e+05 1.8835148272e-13 4.7703915887e-14 -5.8888197957e+06 2.5072715624e+06 2.9972004558e-18 1.5443475994e-17 -8.5351755786e+02 -2.9819350834e+03 -4.8843587593e+11 1.0644381880e+07 6.6881990429e+07 1.2479016245e+00 1.8617643244e+02 -4.9084102068e+09
1.5929721351e+05 1.8835521301e-13 4.7723192048e-14 -5.8898393006e+06 2.5036830622e+06 2.9812971821e-18 1.5450241602e-17 -7.8142550113e+02 -2.7722670248e+03 -4.9410291264e+11 1.1162190012e+07 6.8704573135e+07 1.2480326305e+00 1.7123940365e+02 -4.1923677060e+09
1.5929846154e+05 1.8835892384e-13 4.7742478672e-14 -5.8907725627e+06 2.5003450825e+06 2.9653862017e-18 1.5457000017e-17 -7.1506972585e+02 -2.5796684781e+03 -4.9894263195e+11 1.1631193727e+07 7.0382022035e+07 1.2531456321e+00 1.5731499181e+02 -3.5795453504e+09
1.5929971469e+05 1.8836262988e-13 4.7761852792e-14 -5.8916297161e+06 2.4972251510e+06 2.9494043326e-18 1.5463778756e-17 -6.5379028831e+02 -2.4022562898e+03 -5.0309102077e+11 1.2056625224e+07 7.1930508267e+07 1.2621849617e+00 1.4438229271e+02 -3.0554019456e+09
1.5930097687e+05 1.8836634242e-13 4.7781375246e-14 -5.8924186085e+06 2.4942979201e+06 2.9333017475e-18 1.5470599484e-17 -5.9704936367e+02 -2.2384914592e+03 -5.0665698601e+11 1.2442758445e+07 7.3363242714e+07 1.2744004005e+00 1.3240933280e+02 -2.6074497153e+09
1.5930225128e+05 1.8837007025e-13 4.7801095369e-14 -5.8931454659e+06 2.4915430862e+06 2.9170381090e-18 1.5477479707e-17 -5.4439686002e+02 -2.0870814231e+03 -5.0972930992e+11 1.2793178277e+07 7.4691316715e+07 1.2892303085e+00 1.2135620031e+02 -2.2249162573e+09
1.5930354051e+05 1.8837382038e-13 4.7821053889e-14 -5.8938153216e+06 2.4889440498e+06 2.9005801856e-18 1.5484433824e-17 -4.9544856095e+02 -1.9469180437e+03 -5.1238131569e+11 1.3110952100e+07 7.5924235427e+07 1.3062344944e+00 1.1117764014e+02 -1.8984963122e+09
1.5930484674e+05 1.8837759832e-13 4.7841284789e-14 -5.8944323078e+06 2.4864870118e+06 2.8839003169e-18 1.5491473801e-17 -4.4987149653e+02 -1.8170361445e+03 -5.1467415448e+11 1.3398744972e+07 7.7070274314e+07 1.3250534708e+00 1.0182512927e+02 -1.6201537736e+09
1.5930617179e+05 1.8838140843e-13 4.7861816548e-14 -5.8949998610e+06 2.4841603390e+06 2.8669753948e-18 1.5498609624e-17 -4.0737373161e+02 -1.6965845733e+03 -5.1665921159e+11 1.3658900339e+07 7.8136727804e+07 1.3453826154e+00 9.3248501947e+01 -1.3829556818e+09
1.5930751718e+05 1.8838525405e-13 4.7882672979e-14 -5.8955208720e+06 2.4819541049e+06 2.8497861713e-18 1.5505849606e-17 -3.6769698495e+02 -1.5848052744e+03 -5.1837992194e+11 1.3893498643e+07 7.9130089015e+07 1.3669552587e+00 8.5397201673e+01 -1.1809291775e+09
1.5930888413e+05 1.8838913764e-13 4.7903873806e-14 -5.8959977987e+06 2.4798597489e+06 2.8323167812e-18 1.5513200600e-17 -3.3061113460e+02 -1.4810176894e+03 -5.1987317341e+11 1.4104401173e+07 8.0056183625e+07 1.3895313406e+00 7.8221229970e+01 -1.0089365638e+09
1.5931027366e+05 1.8839306089e-13 4.7925435073e-14 -5.8964327526e+06 2.4778698170e+06 2.8145544072e-18 1.5520668152e-17 -2.9591002376e+02 -1.3846068261e+03 -5.2117041288e+11 1.4293283718e+07 8.0920272184e+07 1.4128900102e+00 7.1671851670e+01 -8.6256556467e+08
1.5931168655e+05 1.8839702479e-13 4.7947369432e-14 -5.8968275672e+06 2.4759777610e+06 2.7964890389e-18 1.5528256609e-17 -2.6340818212e+02 -1.2950139097e+03 -5.2229853219e+11 1.4461662992e+07 8.1727130235e+07 1.4368246964e+00 6.5702104744e+01 -7.3803278018e+08
1.5931312338e+05 1.8840102965e-13 4.7969686356e-14 -5.8971838534e+06 2.4741777802e+06 2.7781132948e-18 1.5535969198e-17 -2.3293821466e+02 -1.2117289186e+03 -5.2328058685e+11 1.4610917772e+07 8.2481112243e+07 1.4611398579e+00 6.0267155637e+01 -6.3209885106e+08
1.5931458452e+05 1.8840507521e-13 4.7992392307e-14 -5.8975030434e+06 2.4724646954e+06 2.7594222841e-18 1.5543808095e-17 -2.0434868859e+02 -1.1342845298e+03 -5.2413638527e+11 1.4742306028e+07 8.3186203443e+07 1.4856494835e+00 5.5324533194e+01 -5.4199407995e+08
1.5931607017e+05 1.8840916062e-13 4.8015490876e-14 -5.8977864291e+06 2.4708338465e+06 2.7404134879e-18 1.5551774476e-17 -1.7750238949e+02 -1.0622511152e+03 -5.2488297637e+11 1.4856979039e+07 8.3846062690e+07 1.5101764239e+00 5.0834265973e+01 -4.6535336712e+08
1.5931758034e+05 1.8841328454e-13 4.8038982911e-14 -5.8980351922e+06 2.4692810090e+06 2.7210866482e-18 1.5559868565e-17 -1.5227486621e+02 -9.9523256440e+02 -5.2553505587e+11 1.4955993100e+07 8.4464058271e+07 1.5345524997e+00 4.6758945244e+01 -4.0015947545e+08
1.5931911490e+05 1.8841744512e-13 4.8062866654e-14 -5.8982504311e+06 2.4678023256e+06 2.7014436561e-18 1.5568089689e-17 -1.2855320181e+02 -9.3286276099e+02 -5.2610530698e+11 1.5040319299e+07 8.5043298151e+07 1.5586194857e+00 4.3063730641e+01 -3.4469369808e+08
1.5932067352e+05 1.8842164009e-13 4.8087137887e-14 -5.8984331834e+06 2.4663942487e+06 2.6814884259e-18 1.5576436329e-17 -1.0623496018e+02 -8.7480257387e+02 -5.2660468761e+11 1.5110851718e+07 8.5586655880e+07 1.5822302703e+00 3.9716311498e+01 -2.9749307110e+08
1.5932225575e+05 1.8842586679e-13 4.8111790097e-14 -5.8985844442e+06 2.4650534936e+06 2.6612267547e-18 1.5584906185e-17 -8.5227278667e+01 -8.2073728092e+02 -5.2704267338e+11 1.5168414311e+07 8.6096792847e+07 1.6052507913e+00 3.6686835537e+01 -2.5731337069e+08
1.5932386100e+05 1.8843012223e-13 4.8136814675e-14 -5.8987051822e+06 2.4637769989e+06 2.6406661575e-18 1.5593496240e-17 -6.5446073814e+01 -7.7037433611e+02 -5.2742746432e+11 1.5213766665e+07 8.6576177691e+07 1.6275619216e+00 3.3947812617e+01 -2.2309717797e+08
1.5932548856e+05 1.8843440311e-13 4.8162201142e-14 -5.8987963532e+06 2.4625618934e+06 2.6198156767e-18 1.5602202849e-17 -4.6815344429e+01 -7.2344143651e+02 -5.2776616095e+11 1.5247608794e+07 8.7027103202e+07 1.6490616071e+00 3.1474001105e+01 -1.9394638903e+08
1.5932713762e+05 1.8843870592e-13 4.8187937407e-14 -5.8988589099e+06 2.4614054693e+06 2.5986856654e-18 1.5611021820e-17 -2.9266553870e+01 -6.7968484041e+02 -5.2806491490e+11 1.5270585086e+07 8.7451701168e+07 1.5131086313e+00 2.9242281983e+01 -1.6909859733e+08
1.5932841241e+05 1.8844200828e-13 4.8207842480e-14 -5.8988880325e+06 2.4605592767e+06 2.5823486115e-18 1.5617837552e-17 -1.6540431235e+01 -6.4822445283e+02 -5.2826973255e+11 1.5281192242e+07 8.7759818011e+07 1.3201322444e+00 2.7686063264e+01 -1.5259731054e+08
1.5932941937e+05 1.8844460211e-13 4.8223571727e-14 -5.8988998348e+06 2.4599184747e+06 2.5694422367e-18 1.5623220381e-17 -6.9696766464e+00 -6.2471050519e+02 -5.2841745229e+11 1.5285466786e+07 8.7991832819e+07 1.1104079371e+00 2.6551298247e+01 -1.4099721120e+08
1.5933037711e+05 1.8844705709e-13 4.8238537171e-14 -5.8989023010e+06 2.4593304621e+06 2.5571653747e-18 1.5628339376e-17 1.7606206462e+00 -6.0336617762e+02 -5.2854762888e+11 1.5286356893e+07 8.8203830242e+07 8.8693273636e-01 2.5543532685e+01 -1.3100343900e+08
1.5933126404e+05 1.8844932008e-13 4.8252400559e-14 -5.8988972696e+06 2.4588037700e+06 2.5457950203e-18 1.5633079318e-17 9.5367078833e+00 -5.8443428926e+02 -5.2866002145e+11 1.5284549878e+07 8.8393058230e+07 1.1489204690e+00 2.4668373172e+01 -1.2256118076e+08
1.5933241296e+05 1.8845223653e-13 4.8270365251e-14 -5.8988807232e+06 2.4581458638e+06 2.5310644012e-18 1.5639218579e-17 1.9189297988e+01 -5.6102965153e+02 -5.2879504363e+11 1.5278625637e+07 8.8628661315e+07 1.2923162173e+00 2.3612122220e+01 -1.1266620195e+08
1.5933370528e+05 1.8845549676e-13 4.8290580528e-14 -5.8988491972e+06 2.4574370914e+06 2.5144931164e-18 1.5646123078e-17 2.9508136250e+01 -5.3611209194e+02 -5.2893412380e+11 1.5267372049e+07 8.8881694243e+07 1.3899479940e+00 2.2520736404e+01 -1.0278126797e+08
1.5933509522e+05 1.8845897939e-13 4.8312332986e-14 -5.8988008171e+06 2.4567096576e+06 2.4966674067e-18 1.5653548119e-17 4.0005245103e+01 -5.1084920941e+02 -5.2907034412e+11 1.5250142336e+07 8.9140771087e+07 1.4639007403e+00 2.1451643350e+01 -9.3432902658e+07
1.5933655913e+05 1.8846262052e-13 4.8335253950e-14 -5.8987345494e+06 2.4559803314e+06 2.4778905203e-18 1.5661367115e-17 5.0424806331e+01 -4.8582479859e+02 -5.2920067959e+11 1.5226573041e+07 8.9400173626e+07 1.5239820201e+00 2.0432684773e+01 -8.4830263493e+07
1.5933808311e+05 1.8846638188e-13 4.8359127794e-14 -5.8986498540e+06 2.4552587862e+06 2.4583400458e-18 1.5669505946e-17 6.0616951985e+01 -4.6135283000e+02 -5.2932388297e+11 1.5196450846e+07 8.9656790454e+07 1.5753679135e+00 1.9477908409e+01 -7.7039083107e+07
1.5933965848e+05 1.8847023875e-13 4.8383819657e-14 -5.8985464986e+06 2.4545508903e+06 2.4381272569e-18 1.5677918182e-17 7.0487590898e+01 -4.3760316001e+02 -5.2943961426e+11 1.5159640501e+07 8.9908900522e+07 1.6211488230e+00 1.8594016009e+01 -7.0054292509e+07
1.5934127962e+05 1.8847417445e-13 4.8409242912e-14 -5.8984244482e+06 2.4538602623e+06 2.4173238321e-18 1.5686573930e-17 7.9974516416e+01 -4.1466176468e+02 -5.2954801924e+11 1.5116041315e+07 9.0155594511e+07 1.6633814652e+00 1.7783488495e+01 -6.3835260253e+07
1.5934294301e+05 1.8847817763e-13 4.8435343054e-14 -5.8982837924e+06 2.4531890940e+06 2.3959750939e-18 1.5695454302e-17 8.9034678720e+01 -3.9256299429e+02 -5.2964950564e+11 1.5065558030e+07 9.0396467641e+07 1.7035965361e+00 1.7046263418e+01 -5.8324321430e+07
1.5934464660e+05 1.8848224078e-13 4.8462089522e-14 -5.8981246906e+06 2.4525386189e+06 2.3741067422e-18 1.5704548598e-17 9.7636875564e+01 -3.7130815849e+02 -5.2974461797e+11 1.5008078907e+07 9.0631444878e+07 1.7430801639e+00 1.6380694895e+01 -5.3456925602e+07
1.5934638968e+05 1.8848635953e-13 4.8489471918e-14 -5.8979473262e+06 2.4519093904e+06 2.3517279797e-18 1.5713852993e-17 1.0575732475e+02 -3.5087675628e+02 -5.2983396574e+11 1.4943456755e+07 9.0860677648e+07 1.7830574136e+00 1.5784125420e+01 -4.9167261059e+07
1.5934817274e+05 1.8849053239e-13 4.8517499105e-14 -5.8977518603e+06 2.4513014501e+06 2.3288322833e-18 1.5723370214e-17 1.1337687094e+02 -3.3123341429e+02 -5.2991818292e+11 1.4871489799e+07 9.1084482897e+07 1.8248417572e+00 1.5253234167e+01 -4.5391314603e+07
1.5934999758e+05 1.8849476075e-13 4.8546200655e-14 -5.8975383798e+06 2.4507144244e+06 2.3053962567e-18 1.5733110001e-17 1.2047916013e+02 -3.1233208501e+02 -5.2999790659e+11 1.4791899306e+07 9.1303310205e+07 1.8658664995e+00 1.4784250138e+01 -4.2068424425e+07
1.5935186345e+05 1.8849903996e-13 4.8575565828e-14 -5.8973073557e+06 2.4501487837e+06 2.2814294616e-18 1.5743068404e-17 1.2703566476e+02 -2.9415724439e+02 -5.3007360732e+11 1.4704499895e+07 9.1517267934e+07 1.8798554036e+00 1.4373916359e+01 -3.9147903736e+07
1.5935374330e+05 1.8850330602e-13 4.8605169951e-14 -5.8970628879e+06 2.4496121684e+06 2.2572790649e-18 1.5753101244e-17 1.3294104824e+02 -2.7692758410e+02 -5.3014476020e+11 1.4610469486e+07 9.1723636163e+07 1.8953367166e+00 1.4023042476e+01 -3.6615100045e+07
1.5935563864e+05 1.8850756124e-13 4.8635036968e-14 -5.8968058244e+06 2.4491029537e+06 2.2329258719e-18 1.5763216602e-17 1.3820392664e+02 -2.6056987092e+02 -5.3021201790e+11 1.4509766683e+07 9.1923085647e+07 1.9120000935e+00 1.3724993921e+01 -3.4409881921e+07
1.5935755064e+05 1.8851180711e-13 4.8665185995e-14 -5.8965370478e+06 2.4486197527e+06 2.2083546663e-18 1.5773420903e-17 1.4283069018e+02 -2.4502503693e+02 -5.3027592256e+11 1.4402354934e+07 9.2116156818e+07 1.9299238116e+00 1.3473534533e+01 -3.2481102304e+07
1.5935948056e+05 1.8851604513e-13 4.8695637435e-14 -5.8962574314e+06 2.4481612788e+06 2.1835492197e-18 1.5783720981e-17 1.4682785893e+02 -2.3024346041e+02 -5.3033693482e+11 1.4288192741e+07 9.2303312287e+07 1.9490079672e+00 1.3262685254e+01 -3.0784622521e+07
1.5936142957e+05 1.8852027647e-13 4.8726410169e-14 -5.8959678680e+06 2.4477263698e+06 2.1584945815e-18 1.5794123137e-17 1.5020271107e+02 -2.1618538357e+02 -5.3039543917e+11 1.4167252685e+07 9.2484927616e+07 1.9688980906e+00 1.3086714399e+01 -2.9282401233e+07
1.5936339847e+05 1.8852450140e-13 4.8757517533e-14 -5.8956693113e+06 2.4473140135e+06 2.1331803538e-18 1.5804631775e-17 1.5296412072e+02 -2.0282134954e+02 -5.3045174712e+11 1.4039548099e+07 9.2661279491e+07 1.9888828374e+00 1.2940141402e+01 -2.7941775360e+07
1.5936538735e+05 1.8852871862e-13 4.8788961651e-14 -5.8953628339e+06 2.4469233756e+06 2.1076052852e-18 1.5815247499e-17 1.5512366028e+02 -1.9013264807e+02 -5.3050609780e+11 1.3905169875e+07 9.2832530557e+07 2.0077950404e+00 1.2817757988e+01 -2.6734921711e+07
1.5936739515e+05 1.8853292433e-13 4.8820726185e-14 -5.8950496990e+06 2.4465538257e+06 2.0817831403e-18 1.5825964679e-17 1.5669704363e+02 -1.7811152614e+02 -5.3055865694e+11 1.3764333785e+07 9.2998713089e+07 2.0239659809e+00 1.2714669381e+01 -2.5638468975e+07
1.5936941911e+05 1.8853711145e-13 4.8852768333e-14 -5.8947314344e+06 2.4462049481e+06 2.0557491631e-18 1.5836768770e-17 1.5770591247e+02 -1.6676069372e+02 -5.3060951586e+11 1.3617434258e+07 9.3159717196e+07 2.0353140147e+00 1.2626357588e+01 -2.4633213070e+07
1.5937145443e+05 1.8854126890e-13 4.8885012187e-14 -5.8944098830e+06 2.4458765196e+06 2.0295654047e-18 1.5847634106e-17 1.5817977312e+02 -1.5609144951e+02 -5.3065869401e+11 1.3465092669e+07 9.3315293559e+07 2.0396591024e+00 1.2548765448e+01 -2.3703863247e+07
1.5937349409e+05 1.8854538175e-13 4.8917347064e-14 -5.8940871924e+06 2.4455684358e+06 2.0033220070e-18 1.5858523369e-17 1.5815757376e+02 -1.4611975680e+02 -5.3070614940e+11 1.3308178403e+07 9.3465083626e+07 2.0352688613e+00 1.2478392031e+01 -2.2838719654e+07
1.5937552936e+05 1.8854943240e-13 4.8949634481e-14 -5.8937657053e+06 2.4452805803e+06 1.9771314591e-18 1.5869389973e-17 1.5768810931e+02 -1.3686021626e+02 -5.3075180030e+11 1.3147778003e+07 9.3608685082e+07 2.0214620611e+00 1.2412378533e+01 -2.2029190945e+07
1.5937755082e+05 1.8855340280e-13 4.8981724760e-14 -5.8934477517e+06 2.4450126632e+06 1.9511150789e-18 1.5880183674e-17 1.5682849927e+02 -1.2831911206e+02 -5.3079555650e+11 1.2985101495e+07 9.3745744450e+07 1.9989389419e+00 1.2348555473e+01 -2.1269128711e+07
1.5937954976e+05 1.8855727725e-13 4.9013478946e-14 -5.8931353963e+06 2.4447640869e+06 1.9253852307e-18 1.5890857942e-17 1.5564065965e+02 -1.2048884185e+02 -5.3083735189e+11 1.2821346205e+07 9.3876048477e+07 1.9696020874e+00 1.2285427268e+01 -2.0554070058e+07
1.5938151936e+05 1.8856104452e-13 4.9044787971e-14 -5.8928302354e+06 2.4445338974e+06 1.9000298344e-18 1.5901376388e-17 1.5418668900e+02 -1.1334586007e+02 -5.3087716718e+11 1.2657565027e+07 9.3999579977e+07 1.9359642409e+00 1.2222091711e+01 -1.9880554377e+07
1.5938345532e+05 1.8856469878e-13 4.9075582476e-14 -5.8925333102e+06 2.4443208315e+06 1.8751044895e-18 1.5911716021e-17 1.5252461618e+02 -1.0685257352e+02 -5.3091503648e+11 1.2494583249e+07 9.4116521205e+07 1.9004941222e+00 1.2158116465e+01 -1.9245645287e+07
1.5938535582e+05 1.8856823915e-13 4.9105832244e-14 -5.8922451400e+06 2.4441234304e+06 1.8506330197e-18 1.5921867029e-17 1.5070558489e+02 -1.0096177871e+02 -5.3095103984e+11 1.2332977865e+07 9.4227214779e+07 1.8651885910e+00 1.2093405136e+01 -1.8646678033e+07
1.5938722101e+05 1.8857166853e-13 4.9135538820e-14 -5.8919658279e+06 2.4439401639e+06 1.8266135298e-18 1.5931830255e-17 1.4877271124e+02 -9.5621632644e+01 -5.3098528864e+11 1.2173104046e+07 9.4332106408e+07 1.8314364800e+00 1.2028078586e+01 -1.8081166770e+07
1.5938905244e+05 1.8857499226e-13 4.9164725915e-14 -5.8916951870e+06 2.4437695317e+06 1.8030262238e-18 1.5941613961e-17 1.4676121805e+02 -9.0779742991e+01 -5.3101791068e+11 1.2015142962e+07 9.4431690762e+07 1.8000766385e+00 1.1962382904e+01 -1.7546788310e+07
1.5939085252e+05 1.8857821698e-13 4.9193430697e-14 -5.8914328504e+06 2.4436101285e+06 1.7798404806e-18 1.5951230890e-17 1.4469927691e+02 -8.6385896797e+01 -5.3104903844e+11 1.1859151204e+07 9.4526470755e+07 1.7715332493e+00 1.1896624366e+01 -1.7041386759e+07
1.5939262405e+05 1.8858134981e-13 4.9221697217e-14 -5.8911783548e+06 2.4434606763e+06 1.7570201924e-18 1.5960696054e-17 1.4260910472e+02 -8.2393555877e+01 -5.3107880129e+11 1.1705101979e+07 9.4616931610e+07 1.7459511543e+00 1.1831126454e+01 -1.6562974732e+07
1.5939262405e+05 1.8858134981e-13 4.9221697217e-14 -5.8911783548e+06 2.4434606763e+06 1.7570201924e-18 1.5960696054e-17 1.4260910472e+02 -8.2393555877e+01 -5.3107880129e+11 1.1705101979e+07 9.4616931610e+07 1.7459511543e+00 1.1831126454e+01 -1.6562974732e+07
