0.0000000000e+00 0.0000000000e+00 0.0000000000e+00 3.1415900000e+08 0.0000000000e+00 0.0000000000e+00 0.0000000000e+00 -1.1784826640e+03 2.2622689860e+02 -4.6638893087e+09 -1.0017102644e+07 1.9229286381e+06 1.0000000000e+01 0.0000000000e+00 -0.0000000000e+00
1.0000000000e+01 2.8740014428e-22 6.8988077005e-28 3.1414721497e+08 2.2622689855e+03 5.7480747627e-23 2.0696811307e-28 -1.1785230493e+03 2.2622689845e+02 -4.6638893087e+09 -1.0017102644e+07 1.9229286381e+06 5.0000000000e+01 0.0000000000e+00 -0.0000000000e+00
6.0000000000e+01 1.0347699214e-20 1.4905618369e-25 3.1408828377e+08 1.3573613811e+04 3.4494919224e-22 7.4536481615e-27 -1.1787250212e+03 2.2622689336e+02 -4.6638893087e+09 -1.0017102644e+07 1.9229286381e+06 2.5000000000e+02 0.0000000000e+00 -0.0000000000e+00
3.1000000000e+02 2.7639898529e-19 2.0586988911e-23 3.1379347618e+08 7.0130324102e+04 1.7839115005e-21 1.9934495079e-25 -1.1797360192e+03 2.2622675854e+02 -4.6638893087e+09 -1.0017102644e+07 1.9229286381e+06 1.2500000000e+03 0.0000000000e+00 -0.0000000000e+00
1.5600000000e+03 7.0214355395e-18 2.6421093865e-21 3.1231563387e+08 3.5291210550e+05 9.0195305569e-21 5.0959672875e-24 -1.1848196801e+03 2.2622331823e+02 -4.6638893087e+09 -1.0017102644e+07 1.9229286381e+06 3.6000000000e+03 0.0000000000e+00 -0.0000000000e+00
5.1600000000e+03 7.7526371829e-17 9.7606205917e-20 3.0802356034e+08 1.1672622198e+06 3.0247727721e-20 5.7312018289e-23 -1.1997343616e+03 2.2618663185e+02 -4.6638893086e+09 -1.0017102644e+07 1.9229286381e+06 3.6000000000e+03 0.0000000000e+00 -0.0000000000e+00
8.7600000000e+03 2.2552877660e-16 4.8771320367e-19 3.0367703800e+08 1.9814049702e+06 5.2079095123e-20 1.6989872211e-22 -1.2150728235e+03 2.2610752976e+02 -4.6638893085e+09 -1.0017102644e+07 1.9229286381e+06 3.6000000000e+03 0.0000000000e+00 -0.0000000000e+00
1.2360000000e+04 4.5326010449e-16 1.3996199731e-18 2.9927449906e+08 2.7951811102e+06 7.4547430573e-20 3.4812359391e-22 -1.2308588117e+03 2.2598231106e+02 -4.6638893084e+09 -1.0017102644e+07 1.9229286381e+06 3.6000000000e+03 0.0000000000e+00 -0.0000000000e+00
1.5960000000e+04 7.6307841646e-16 3.0799408116e-18 2.9481428676e+08 3.6084173715e+06 9.7689321173e-20 5.9781812160e-22 -1.2471180318e+03 2.2580687862e+02 -4.6638893083e+09 -1.0017102644e+07 1.9229286381e+06 3.6000000000e+03 0.0000000000e+00 -0.0000000000e+00
1.9560000000e+04 1.1574789636e-15 5.7974087718e-18 2.9029464799e+08 4.4209249454e+06 1.2154445130e-19 9.2545238680e-22 -1.2638783655e+03 2.2557668664e+02 -4.6638893081e+09 -1.0017102644e+07 1.9229286381e+06 3.6000000000e+03 0.0000000000e+00 -0.0000000000e+00
2.3160000000e+04 1.6391059553e-15 9.8453265655e-18 2.8571372494e+08 5.2324977610e+06 1.4615595358e-19 1.3382216641e-21 -1.2811701175e+03 2.2528667980e+02 -4.6638893079e+09 -1.0017102644e+07 1.9229286381e+06 3.6000000000e+03 0.0000000000e+00 -0.0000000000e+00
2.6760000000e+04 2.2107656788e-15 1.5544354147e-17 2.8106954595e+08 6.0429105262e+06 1.7157081024e-19 1.8441472857e-21 -1.2990262968e+03 2.2493122241e+02 -4.6638893077e+09 -1.0017102644e+07 1.9229286381e+06 3.6000000000e+03 0.0000000000e+00 -0.0000000000e+00
3.0360000000e+04 2.8754411675e-15 2.3245689193e-17 2.7636001519e+08 6.8519164937e+06 1.9784031354e-19 2.4521945691e-21 -1.3174829408e+03 2.2450401555e+02 -4.6638893074e+09 -1.0017102644e+07 1.9229286381e+06 3.6000000000e+03 0.0000000000e+00 -0.0000000000e+00
3.3960000000e+04 3.6363086490e-15 3.3334707892e-17 2.7158290105e+08 7.6592449029e+06 2.2502059612e-19 3.1724112496e-21 -1.3365794875e+03 2.2399799978e+02 -4.6638893071e+09 -1.0017102644e+07 1.9229286381e+06 3.6000000000e+03 0.0000000000e+00 -0.0000000000e+00
3.7560000000e+04 4.4967560464e-15 4.6235147230e-17 2.6673582324e+08 8.4645980409e+06 2.5317324396e-19 4.0160906704e-21 -1.3563592067e+03 2.2340524054e+02 -4.6638893068e+09 -1.0017102644e+07 1.9229286381e+06 3.6000000000e+03 0.0000000000e+00 -0.0000000000e+00
4.1160000000e+04 5.4604038596e-15 6.2413927084e-17 2.6181623804e+08 9.2676478555e+06 2.8236600800e-19 4.9959650210e-21 -1.3768696993e+03 2.2271679235e+02 -4.6638893064e+09 -1.0017102644e+07 1.9229286381e+06 3.6000000000e+03 0.0000000000e+00 -0.0000000000e+00
4.4760000000e+04 6.5311288131e-15 8.2386731754e-17 2.5682142169e+08 1.0068032033e+07 3.1267363368e-19 6.1264352426e-21 -1.3981634805e+03 2.2192253727e+02 -4.6638893059e+09 -1.0017102644e+07 1.9229286381e+06 3.6000000000e+03 0.0000000000e+00 -0.0000000000e+00
4.8360000000e+04 7.7130907385e-15 1.0672449735e-16 2.5174845156e+08 1.0865349440e+07 3.4417883242e-19 7.4238459314e-21 -1.4202986625e+03 2.2101099179e+02 -4.6638893053e+09 -1.0017102644e+07 1.9229286381e+06 3.6000000000e+03 0.0000000000e+00 -0.0000000000e+00
5.1960000000e+04 9.0107632526e-15 1.3606098528e-16 2.4659418453e+08 1.1659154804e+07 3.7697342481e-19 8.9068158030e-21 -1.4433397573e+03 2.1996907460e+02 -4.6638893045e+09 -1.0017102644e+07 1.9229286381e+06 3.6000000000e+03 0.0000000000e+00 -0.0000000000e+00
5.5560000000e+04 1.0428968916e-14 1.7110166513e-16 2.4135523232e+08 1.2448952469e+07 4.1115969285e-19 1.0596637203e-20 -1.4673586270e+03 2.1878182597e+02 -4.6638893037e+09 -1.0017102644e+07 1.9229286381e+06 3.6000000000e+03 0.0000000000e+00 -0.0000000000e+00
5.9160000000e+04 1.1972919704e-14 2.1263418537e-16 2.3602793307e+08 1.3234189044e+07 4.4685198835e-19 1.2517762017e-20 -1.4924356139e+03 2.1743206627e+02 -4.6638893026e+09 -1.0017102644e+07 1.9229286381e+06 3.6000000000e+03 0.0000000000e+00 -0.0000000000e+00
6.2760000000e+04 1.3648263815e-14 2.6154078173e-16 2.3060831842e+08 1.4014244680e+07 4.8417865693e-19 1.4698396479e-20 -1.5186608921e+03 2.1589997816e+02 -4.6638893013e+09 -1.0017102644e+07 1.9229286381e+06 3.6000000000e+03 0.0000000000e+00 -0.0000000000e+00
6.6360000000e+04 1.5461140090e-14 3.1881306583e-16 2.2509207529e+08 1.4788422682e+07 5.2328435439e-19 1.7171234341e-20 -1.5461360951e+03 2.1416259137e+02 -4.6638892997e+09 -1.0017102644e+07 1.9229286381e+06 3.6000000000e+03 0.0000000000e+00 -0.0000000000e+00
6.9960000000e+04 1.7418241612e-14 3.8556975882e-16 2.1947450119e+08 1.5555937050e+07 5.6433285400e-19 1.9974367285e-20 -1.5749762880e+03 2.1219314314e+02 -4.6638892977e+09 -1.0017102644e+07 1.9229286381e+06 3.6000000000e+03 0.0000000000e+00 -0.0000000000e+00
7.3560000000e+04 1.9526890494e-14 4.6307809708e-16 2.1375045170e+08 1.6315897438e+07 6.0751047344e-19 2.3152424487e-20 -1.6053123755e+03 2.0996027754e+02 -4.6638892951e+09 -1.0017102644e+07 1.9229286381e+06 3.6000000000e+03 0.0000000000e+00 -0.0000000000e+00
7.7160000000e+04 2.1795126357e-14 5.5277985442e-16 2.0791427828e+08 1.7067290874e+07 6.5303029094e-19 2.6758011307e-20 -1.6372940637e+03 2.0742703466e+02 -4.6638892919e+09 -1.0017102644e+07 1.9229286381e+06 3.6000000000e+03 0.0000000000e+00 -0.0000000000e+00
8.0760000000e+04 2.4231811743e-14 6.5632322050e-16 2.0195975421e+08 1.7808959358e+07 7.0113737601e-19 3.0853542592e-20 -1.6710935357e+03 2.0454956256e+02 -4.6638892877e+09 -1.0017102644e+07 1.9229286381e+06 3.6000000000e+03 0.0000000000e+00 -0.0000000000e+00
8.4360000000e+04 2.6846758615e-14 7.7560218047e-16 1.9587998571e+08 1.8539572199e+07 7.5211533852e-19 3.5513602538e-20 -1.7069100524e+03 2.0127545926e+02 -4.6638892823e+09 -1.0017102644e+07 1.9229286381e+06 3.6000000000e+03 0.0000000000e+00 -0.0000000000e+00
8.7960000000e+04 2.9650881419e-14 9.1280560513e-16 1.8966730442e+08 1.9257591522e+07 8.0629461018e-19 4.0828015915e-20 -1.7449757713e+03 1.9754161495e+02 -4.6638892752e+09 -1.0017102644e+07 1.9229286381e+06 3.6000000000e+03 0.0000000000e+00 -0.0000000000e+00
9.1560000000e+04 3.2656383901e-14 1.0704790573e-15 1.8331313615e+08 1.9961228844e+07 8.6406303091e-19 4.6905893466e-20 -1.7855631841e+03 1.9327136968e+02 -4.6638892656e+09 -1.0017102644e+07 1.9229286381e+06 3.6000000000e+03 0.0000000000e+00 -0.0000000000e+00
9.5160000000e+04 3.5876989341e-14 1.2516034621e-15 1.7680783907e+08 2.0648389803e+07 9.2587954349e-19 5.3881031312e-20 -1.8289947386e+03 1.8837071989e+02 -4.6638892527e+09 -1.0017102644e+07 1.9229286381e+06 3.6000000000e+03 0.0000000000e+00 -0.0000000000e+00
9.8760000000e+04 3.9328227343e-14 1.4596964560e-15 1.7014050226e+08 2.1316602949e+07 9.9229214316e-19 6.1919223337e-20 -1.8756554498e+03 1.8272318074e+02 -4.6638892348e+09 -1.0017102644e+07 1.9229286381e+06 3.6000000000e+03 0.0000000000e+00 -0.0000000000e+00
1.0236000000e+05 4.3027795301e-14 1.6989447063e-15 1.6329869174e+08 2.1962926778e+07 1.0639617482e-18 7.1228325703e-20 -1.9260096711e+03 1.7618271494e+02 -4.6638892096e+09 -1.0017102644e+07 1.9229286381e+06 3.6000000000e+03 0.0000000000e+00 -0.0000000000e+00
1.0596000000e+05 4.6996019997e-14 1.9743792592e-15 1.5626812617e+08 2.2583826536e+07 1.1416944625e-18 8.2072361353e-20 -1.9806237616e+03 1.6856382307e+02 -4.6638891733e+09 -1.0017102644e+07 1.9229286381e+06 3.6000000000e+03 0.0000000000e+00 -0.0000000000e+00
1.0956000000e+05 5.1256455822e-14 2.2921118225e-15 1.4903225649e+08 2.3175008210e+07 1.2264859779e-18 9.4791690472e-20 -2.0401972828e+03 1.5962737207e+02 -4.6638891197e+09 -1.0017102644e+07 1.9229286381e+06 3.6000000000e+03 0.0000000000e+00 -0.0000000000e+00
1.1316000000e+05 5.5836673020e-14 2.6596592373e-15 1.4157171218e+08 2.3731190556e+07 1.3195839487e-18 1.0983252398e-19 -2.1056068218e+03 1.4905985940e+02 -4.6638890383e+09 -1.0017102644e+07 1.9229286381e+06 3.3300492891e+03 0.0000000000e+00 -0.0000000000e+00
1.1615428032e+05 5.9913132269e-14 3.0099848162e-15 1.3517893243e+08 2.4162442675e+07 1.4044749380e-18 1.2453396290e-19 -2.1652502322e+03 1.3873080137e+02 -4.6638889895e+09 -1.0017102644e+07 1.9229286381e+06 3.0136573072e+03 0.0000000000e+00 -0.0000000000e+00
1.1916793762e+05 6.4284445335e-14 3.4106448249e-15 1.2855615640e+08 2.4562714012e+07 1.4979899541e-18 1.4182473133e-19 -2.2309527823e+03 1.2658251090e+02 -4.6638889142e+09 -1.0017102644e+07 1.9229286381e+06 2.7215584223e+03 0.0000000000e+00 -0.0000000000e+00
1.2161375683e+05 6.8048209532e-14 3.7769828530e-15 1.2302942442e+08 2.4858639317e+07 1.5808500712e-18 1.5811126173e-19 -2.2891693258e+03 1.1513978624e+02 -4.6638888750e+09 -1.0017102644e+07 1.9229286381e+06 2.4624055637e+03 0.0000000000e+00 -0.0000000000e+00
1.2407616239e+05 7.2051058078e-14 4.1890151418e-15 1.1731516786e+08 2.5126212652e+07 1.6716487425e-18 1.7700722789e-19 -2.3529634040e+03 1.0186370272e+02 -4.6638888159e+09 -1.0017102644e+07 1.9229286381e+06 2.2225634173e+03 0.0000000000e+00 -0.0000000000e+00
1.2607031076e+05 7.5463143254e-14 4.5591003742e-15 1.1256780767e+08 2.5317325122e+07 1.7514580891e-18 1.9452826456e-19 -2.4090365120e+03 8.9553628491e+01 -4.6638887863e+09 -1.0017102644e+07 1.9229286381e+06 2.0090375434e+03 0.0000000000e+00 -0.0000000000e+00
1.2787711644e+05 7.8697203731e-14 4.9264522442e-15 1.0816630566e+08 2.5467976065e+07 1.8293530550e-18 2.1245762983e-19 -2.4637645986e+03 7.6956667384e+01 -4.6638887612e+09 -1.0017102644e+07 1.9229286381e+06 1.8207907274e+03 0.0000000000e+00 -0.0000000000e+00
1.2950848036e+05 8.1742432313e-14 5.2875915237e-15 1.0410422979e+08 2.5583302256e+07 1.9048749738e-18 2.3062771202e-19 -2.5168254103e+03 6.4190581400e+01 -4.6638887406e+09 -1.0017102644e+07 1.9229286381e+06 1.6455556029e+03 0.0000000000e+00 -0.0000000000e+00
1.3097376685e+05 8.4586214721e-14 5.6386256386e-15 1.0037940699e+08 2.5668157036e+07 1.9774589855e-18 2.4882621783e-19 -2.5678220830e+03 5.1404525319e+01 -4.6638887243e+09 -1.0017102644e+07 1.9229286381e+06 1.4803613397e+03 0.0000000000e+00 -0.0000000000e+00
1.3227819396e+05 8.7210120167e-14 5.9747088842e-15 9.6998637160e+07 2.5727125401e+07 2.0463246352e-18 2.6676338358e-19 -2.6162062783e+03 3.8802083690e+01 -4.6638887122e+09 -1.0017102644e+07 1.9229286381e+06 1.3216118407e+03 0.0000000000e+00 -0.0000000000e+00
1.3342046642e+05 8.9583772382e-14 6.2891313396e-15 9.3984788751e+07 2.5764628639e+07 2.1102944007e-18 2.8401468647e-19 -2.6611506830e+03 2.6681521236e+01 -4.6638887041e+09 -1.0017102644e+07 1.9229286381e+06 1.1643306708e+03 0.0000000000e+00 -0.0000000000e+00
1.3438547190e+05 9.1647486671e-14 6.5707545405e-15 9.1397605147e+07 2.5785073687e+07 2.1672808950e-18 2.9986399038e-19 -2.7011887234e+03 1.5545986773e+01 -4.6638886997e+09 -1.0017102644e+07 1.9229286381e+06 1.0006189319e+03 0.0000000000e+00 -0.0000000000e+00
1.3510478174e+05 9.3222295462e-14 6.7909576487e-15 8.9443468835e+07 2.5793088809e+07 2.2116682961e-18 3.1252522404e-19 -2.7323747892e+03 6.6503529559e+00 -4.6638886985e+09 -1.0017102644e+07 1.9229286381e+06 8.2368303293e+02 0.0000000000e+00 -0.0000000000e+00
1.3583943930e+05 9.4864317772e-14 7.0255557958e-15 8.7424022083e+07 2.5794462212e+07 2.2588189109e-18 3.2627946251e-19 -2.7655022565e+03 -3.0132131798e+00 -4.6638886969e+09 -1.0017102644e+07 1.9229286381e+06 6.9841672963e+02 0.0000000000e+00 -0.0000000000e+00
1.3653785603e+05 9.6458097650e-14 7.2582452758e-15 8.5481179082e+07 2.5788977971e+07 2.3054677774e-18 3.4019798902e-19 -2.7982772012e+03 -1.2792206154e+01 -4.6638886954e+09 -1.0017102644e+07 1.9229286381e+06 8.6196691384e+02 0.0000000000e+00 -0.0000000000e+00
1.3739982294e+05 9.8471069909e-14 7.5593223945e-15 8.3051075391e+07 2.5772444831e+07 2.3656869912e-18 3.5862512546e-19 -2.8405865124e+03 -2.5738895432e+01 -4.6638886901e+09 -1.0017102644e+07 1.9229286381e+06 9.4441146560e+02 0.0000000000e+00 -0.0000000000e+00
1.3834423441e+05 1.0073782038e-13 7.9082271904e-15 8.0345510636e+07 2.5740959703e+07 2.4353264575e-18 3.8058538236e-19 -2.8895143821e+03 -4.1167913575e+01 -4.6638886795e+09 -1.0017102644e+07 1.9229286381e+06 9.8468763996e+02 0.0000000000e+00 -0.0000000000e+00
1.3932892205e+05 1.0317342570e-13 8.2951610399e-15 7.7473845682e+07 2.5691867364e+07 2.5124416306e-18 4.0572414167e-19 -2.9436945955e+03 -5.8830110113e+01 -4.6638886626e+09 -1.0017102644e+07 1.9229286381e+06 9.9950888052e+02 0.0000000000e+00 -0.0000000000e+00
1.4032843093e+05 1.0572590998e-13 8.7145419354e-15 7.4502596367e+07 2.5623331075e+07 2.5959683035e-18 4.3393620582e-19 -3.0023794532e+03 -7.8651574477e+01 -4.6638886381e+09 -1.0017102644e+07 1.9229286381e+06 9.9738670153e+02 0.0000000000e+00 -0.0000000000e+00
1.4132581763e+05 1.0835909430e-13 9.1626703144e-15 7.1477149105e+07 2.5534117048e+07 2.6852472079e-18 4.6523437165e-19 -3.0651057611e+03 -1.0064129758e+02 -4.6638886053e+09 -1.0017102644e+07 1.9229286381e+06 9.8343176263e+02 0.0000000000e+00 -0.0000000000e+00
1.4230924939e+05 1.1104579484e-13 9.6368257629e-15 6.8430547629e+07 2.5423459726e+07 2.7798375765e-18 4.9969950541e-19 -3.1315638412e+03 -1.2485609508e+02 -4.6638885633e+09 -1.0017102644e+07 1.9229286381e+06 9.6104419893e+02 0.0000000000e+00 -0.0000000000e+00
1.4327029359e+05 1.1376459327e-13 1.0134852054e-14 6.5387777915e+07 2.5290966361e+07 2.8794295446e-18 5.3745819667e-19 -3.2015359864e+03 -1.5138490734e+02 -4.6638885110e+09 -1.0017102644e+07 1.9229286381e+06 9.3263720318e+02 0.0000000000e+00 -0.0000000000e+00
1.4420293080e+05 1.1649809307e-13 1.0654942829e-14 6.2368156331e+07 2.5136544323e+07 2.9837972784e-18 5.7867166463e-19 -3.2748635283e+03 -1.8034100506e+02 -4.6638884477e+09 -1.0017102644e+07 1.9229286381e+06 8.9999621573e+02 0.0000000000e+00 -0.0000000000e+00
1.4510292701e+05 1.1923188583e-13 1.1195521941e-14 5.9386795766e+07 2.4960343152e+07 3.0927713843e-18 6.2352996658e-19 -3.3514274531e+03 -2.1185792027e+02 -4.6638883725e+09 -1.0017102644e+07 1.9229286381e+06 8.6447808155e+02 0.0000000000e+00 -0.0000000000e+00
1.4596740509e+05 1.2195389192e-13 1.1755173112e-14 5.6455573875e+07 2.4762707018e+07 3.2062214031e-18 6.7224899461e-19 -3.4311361016e+03 -2.4608733620e+02 -4.6638882843e+09 -1.0017102644e+07 1.9229286381e+06 8.2713137699e+02 0.0000000000e+00 -0.0000000000e+00
1.4679453647e+05 1.2465391436e-13 1.2332597229e-14 5.3583809892e+07 2.4544134993e+07 3.3240439751e-18 7.2506907687e-19 -3.5139168545e+03 -2.8319810458e+02 -4.6638881822e+09 -1.0017102644e+07 1.9229286381e+06 7.8877428609e+02 0.0000000000e+00 -0.0000000000e+00
1.4758331076e+05 1.2732332090e-13 1.2926585987e-14 5.0778759433e+07 2.4305247440e+07 3.4461543701e-18 7.8225458110e-19 -3.5997101814e+03 -3.2337596709e+02 -4.6638880653e+09 -1.0017102644e+07 1.9229286381e+06 7.5004787434e+02 0.0000000000e+00 -0.0000000000e+00
1.4833335863e+05 1.2995480759e-13 1.3536005638e-14 4.8045989429e+07 2.4046757367e+07 3.5724800875e-18 8.4409419573e-19 -3.6884651443e+03 -3.6682375280e+02 -4.6638879325e+09 -1.0017102644e+07 1.9229286381e+06 7.1145421011e+02 0.0000000000e+00 -0.0000000000e+00
1.4904481284e+05 1.3254221565e-13 1.4159787163e-14 4.5389670516e+07 2.3769445886e+07 3.7029557543e-18 9.1090170686e-19 -3.7801358128e+03 -4.1376192415e+02 -4.6638877828e+09 -1.0017102644e+07 1.9229286381e+06 6.7338466109e+02 0.0000000000e+00 -0.0000000000e+00
1.4971819750e+05 1.3508038516e-13 1.4796920641e-14 4.2812810326e+07 2.3474141123e+07 3.8375188354e-18 9.8301717024e-19 -3.8746782504e+03 -4.6442940030e+02 -4.6638876150e+09 -1.0017102644e+07 1.9229286381e+06 6.3614150650e+02 0.0000000000e+00 -0.0000000000e+00
1.5035433901e+05 1.3756503461e-13 1.5446452416e-14 4.0317443121e+07 2.3161700060e+07 3.9761058344e-18 1.0608084222e-18 -3.9720478456e+03 -5.1908461875e+02 -4.6638874281e+09 -1.0017102644e+07 1.9229286381e+06 5.9995484061e+02 0.0000000000e+00 -0.0000000000e+00
1.5095429385e+05 1.3999265933e-13 1.6107484150e-14 3.7904786167e+07 2.2832992864e+07 4.1186487561e-18 1.1446729047e-18 -4.0721968254e+03 -5.7800681750e+02 -4.6638872209e+09 -1.0017102644e+07 1.9229286381e+06 5.6499602917e+02 0.0000000000e+00 -0.0000000000e+00
1.5151928988e+05 1.4236044439e-13 1.6779173192e-14 3.5575370217e+07 2.2488889345e+07 4.2650716596e-18 1.2350397986e-18 -4.1750718348e+03 -6.4149753400e+02 -4.6638869922e+09 -1.0017102644e+07 1.9229286381e+06 5.3138857605e+02 0.0000000000e+00 -0.0000000000e+00
1.5205067845e+05 1.4466618844e-13 1.7460733869e-14 3.3329149347e+07 2.2130247221e+07 4.4152871651e-18 1.3323724752e-18 -4.2806114817e+03 -7.0988232753e+02 -4.6638867407e+09 -1.0017102644e+07 1.9229286381e+06 4.9921699560e+02 0.0000000000e+00 -0.0000000000e+00
1.5254989545e+05 1.4690823666e-13 1.8151439476e-14 3.1165594076e+07 2.1757901900e+07 4.5691927914e-18 1.4371712891e-18 -4.3887437640e+03 -7.8351274126e+02 -4.6638864653e+09 -1.0017102644e+07 1.9229286381e+06 4.6853411465e+02 0.0000000000e+00 -0.0000000000e+00
1.5301842956e+05 1.4908542092e-13 1.8850624825e-14 2.9083770693e+07 2.1372657519e+07 4.7266670100e-18 1.5499767458e-18 -4.4993832974e+03 -8.6276852799e+02 -4.6638861646e+09 -1.0017102644e+07 1.9229286381e+06 4.3936712220e+02 0.0000000000e+00 -0.0000000000e+00
1.5345779669e+05 1.5119700635e-13 1.9557689289e-14 2.7082409080e+07 2.0975279006e+07 4.8875648990e-18 1.6713730929e-18 -4.6124282612e+03 -9.4806017325e+02 -4.6638858373e+09 -1.0017102644e+07 1.9229286381e+06 4.1172260303e+02 0.0000000000e+00 -0.0000000000e+00
1.5386951929e+05 1.5324264309e-13 2.0272100349e-14 2.5159960818e+07 2.0566484928e+07 5.0517132669e-18 1.8019923957e-18 -4.7277569734e+03 -1.0398317587e+03 -4.6638854822e+09 -1.0017102644e+07 1.9229286381e+06 3.8559074078e+02 0.0000000000e+00 -0.0000000000e+00
1.5425511003e+05 1.5522232303e-13 2.0993397691e-14 2.3314648983e+07 2.0146940899e+07 5.2189051042e-18 1.9425191761e-18 -4.8452239913e+03 -1.1385642213e+03 -4.6638850980e+09 -1.0017102644e+07 1.9229286381e+06 3.6094883666e+02 0.0000000000e+00 -0.0000000000e+00
1.5461605887e+05 1.5713634062e-13 2.1721197964e-14 2.1544510795e+07 1.9717253325e+07 5.3888931876e-18 2.0936957132e-18 -4.9646556188e+03 -1.2447790778e+03 -4.6638846834e+09 -1.0017102644e+07 1.9229286381e+06 3.3776426224e+02 0.0000000000e+00 -0.0000000000e+00
1.5495382313e+05 1.5898525777e-13 2.2455200357e-14 1.9847434026e+07 1.9277963241e+07 5.5613826288e-18 2.2563281335e-18 -5.0858446709e+03 -1.3590427030e+03 -4.6638842373e+09 -1.0017102644e+07 1.9229286381e+06 3.1599694309e+02 0.0000000000e+00 -0.0000000000e+00
1.5526982007e+05 1.6076987229e-13 2.3195193209e-14 1.8221187943e+07 1.8829539977e+07 5.7360221069e-18 2.4312934502e-18 -5.2085443137e+03 -1.4819712761e+03 -4.6638837586e+09 -1.0017102644e+07 1.9229286381e+06 2.9560145279e+02 0.0000000000e+00 -0.0000000000e+00
1.5556542152e+05 1.6249118971e-13 2.3941061976e-14 1.6663449384e+07 1.8372374356e+07 5.9123934520e-18 2.6195477571e-18 -5.3324607458e+03 -1.6142365373e+03 -4.6638832463e+09 -1.0017102644e+07 1.9229286381e+06 2.7652879059e+02 0.0000000000e+00 -0.0000000000e+00
1.5584195032e+05 1.6415039845e-13 2.4692798929e-14 1.5171824458e+07 1.7906771068e+07 6.0899991540e-18 2.8221358465e-18 -5.4572444226e+03 -1.7565725455e+03 -4.6638826998e+09 -1.0017102644e+07 1.9229286381e+06 2.5872789985e+02 0.0000000000e+00 -0.0000000000e+00
1.5610067821e+05 1.6574884804e-13 2.5450515151e-14 1.3743866236e+07 1.7432939775e+07 6.2682472356e-18 3.0402025978e-18 -5.5824794277e+03 -1.9097836796e+03 -4.6638821185e+09 -1.0017102644e+07 1.9229286381e+06 2.4214698580e+02 0.0000000000e+00 -0.0000000000e+00
1.5634282520e+05 1.6728803054e-13 2.6214455537e-14 1.2377088699e+07 1.6950984408e+07 6.4464327429e-18 3.2750066031e-18 -5.7076704688e+03 -2.0747542112e+03 -4.6638815023e+09 -1.0017102644e+07 1.9229286381e+06 2.2673468501e+02 0.0000000000e+00 -0.0000000000e+00
1.5656955989e+05 1.6876956505e-13 2.6985017808e-14 1.1068977082e+07 1.6460889907e+07 6.6237148447e-18 3.5279366476e-18 -5.8322267878e+03 -2.2524598849e+03 -4.6638808517e+09 -1.0017102644e+07 1.9229286381e+06 2.1244114185e+02 0.0000000000e+00 -0.0000000000e+00
1.5678200103e+05 1.7019518563e-13 2.7762776894e-14 9.8169946317e+06 1.5962505424e+07 6.7990881493e-18 3.8005318943e-18 -5.9554420084e+03 -2.4439820982e+03 -4.6638801678e+09 -1.0017102644e+07 1.9229286381e+06 1.9921904973e+02 0.0000000000e+00 -0.0000000000e+00
1.5698122008e+05 1.7156673267e-13 2.8548516634e-14 8.6185856212e+06 1.5455522634e+07 6.9713462875e-18 4.0945069344e-18 -6.0764685497e+03 -2.6505255028e+03 -4.6638794526e+09 -1.0017102644e+07 1.9229286381e+06 1.8702473151e+02 0.0000000000e+00 -0.0000000000e+00
1.5716824481e+05 1.7288614835e-13 2.9343271524e-14 7.4711742863e+06 1.4939447224e+07 7.1390349702e-18 4.4117833395e-18 -6.1942846454e+03 -2.8734401724e+03 -4.6638787092e+09 -1.0017102644e+07 1.9229286381e+06 1.7581934732e+02 0.0000000000e+00 -0.0000000000e+00
1.5734406416e+05 1.7415547672e-13 3.0148382543e-14 6.3721590515e+06 1.4413560759e+07 7.3003904345e-18 4.7545300313e-18 -6.3076510963e+03 -3.1142499658e+03 -4.6638779427e+09 -1.0017102644e+07 1.9229286381e+06 1.6557035818e+02 0.0000000000e+00 -0.0000000000e+00
1.5750963451e+05 1.7537686949e-13 3.0965572976e-14 5.3189010623e+06 1.3876868844e+07 7.4532571556e-18 5.1252158133e-18 -6.4150534562e+03 -3.3746894352e+03 -4.6638771600e+09 -1.0017102644e+07 1.9229286381e+06 1.5625342270e+02 0.0000000000e+00 -0.0000000000e+00
1.5766588794e+05 1.7655259877e-13 3.1797053211e-14 4.3087055573e+06 1.3328029340e+07 7.5949754031e-18 5.5266789277e-18 -6.5146230296e+03 -3.6567526963e+03 -4.6638763713e+09 -1.0017102644e+07 1.9229286381e+06 1.4785499344e+02 0.0000000000e+00 -0.0000000000e+00
1.5781374293e+05 1.7768507861e-13 3.2645668280e-14 3.3387939951e+06 1.2765251153e+07 7.7222237200e-18 5.9622207690e-18 -6.6040262000e+03 -3.9627592700e+03 -4.6638755908e+09 -1.0017102644e+07 1.9229286381e+06 1.4037599569e+02 0.0000000000e+00 -0.0000000000e+00
1.5795411893e+05 1.7877689736e-13 3.3515109575e-14 2.4062643110e+06 1.2186148753e+07 7.8307919722e-18 6.4357340787e-18 -6.6803049767e+03 -4.2954441506e+03 -4.6638748384e+09 -1.0017102644e+07 1.9229286381e+06 1.3089207118e+02 0.0000000000e+00 -0.0000000000e+00
1.5806360735e+05 1.7963829842e-13 3.4242166387e-14 1.6720238523e+06 1.1700096418e+07 7.9017155999e-18 6.8527849231e-18 -6.7301350831e+03 -4.5884591674e+03 -4.6638745817e+09 -1.0017102644e+07 1.9229286381e+06 1.1216177631e+02 0.0000000000e+00 -0.0000000000e+00
1.5815637275e+05 1.8037355849e-13 3.4895717247e-14 1.0461163513e+06 1.1261905303e+07 7.9477785317e-18 7.2437264537e-18 -6.7624983571e+03 -4.8631300874e+03 -4.6638744589e+09 -1.0017102644e+07 1.9229286381e+06 9.5797447474e+01 3.3468155213e-292 -2.3695849716e-284
1.5823095048e+05 1.8096727519e-13 3.5448534813e-14 5.4108942704e+05 1.0890373672e+07 7.9721596458e-18 7.5858965323e-18 -6.7796282410e+03 -5.1035347591e+03 -4.6638744158e+09 -1.0017102644e+07 1.9229286381e+06 7.9784599487e+01 8.6245204651e-268 -6.2208332142e-260
1.5824642627e+05 1.8109067738e-13 3.5566506265e-14 4.3615055034e+05 1.0810989358e+07 7.9755059154e-18 7.6602362656e-18 -6.7819792907e+03 -5.1557649812e+03 -4.6638744158e+09 -1.0017102644e+07 1.9229286381e+06 7.4339777249e+01 9.5631571982e-263 -6.9250066112e-255
1.5829651971e+05 1.8149038314e-13 3.5956414420e-14 9.6287744084e+04 1.0548376957e+07 7.9816611320e-18 7.9091359363e-18 -6.7863038735e+03 -5.3306389616e+03 -4.6638744098e+09 -1.0017102644e+07 1.9229286381e+06 5.3993337237e+01 1.7779005567e-246 -1.3041153162e-238
1.5835051304e+05 1.8192131969e-13 3.6391025142e-14 -2.7011342290e+05 1.0255239322e+07 7.9792263568e-18 8.1921595426e-18 -6.7845932290e+03 -5.5294880177e+03 -4.6638744015e+09 -1.0017102644e+07 1.9229286381e+06 6.4531758562e+01 4.6080447498e-229 -3.4282054835e-221
1.5841504480e+05 1.8243575945e-13 3.6931150236e-14 -7.0760230582e+05 9.8903526057e+06 7.9616432534e-18 8.5516075529e-18 -6.7722395475e+03 -5.7820319609e+03 -4.6638743838e+09 -1.0017102644e+07 1.9229286381e+06 7.5958335621e+01 1.8552528662e-208 -1.4042527174e-200
1.5849100314e+05 1.8303896911e-13 3.7597751025e-14 -1.2209258960e+06 9.4391905522e+06 7.9160485731e-18 9.0059070552e-18 -6.7402052615e+03 -6.1012174465e+03 -4.6638743524e+09 -1.0017102644e+07 1.9229286381e+06 8.2128782828e+01 1.4291650403e-184 -1.1044255784e-176
1.5857313192e+05 1.8368583185e-13 3.8358912712e-14 -1.7721913951e+06 8.9229870458e+06 7.8290750025e-18 9.5369240938e-18 -6.6790986540e+03 -6.4743037706e+03 -4.6638743170e+09 -1.0017102644e+07 1.9229286381e+06 8.6124794015e+01 2.5599691131e-159 -2.0240880200e-151
1.5865925671e+05 1.8435433650e-13 3.9205886100e-14 -2.3433714717e+06 8.3473972527e+06 7.6849127096e-18 1.0139385868e-17 -6.5778119230e+03 -6.8975863257e+03 -4.6638742572e+09 -1.0017102644e+07 1.9229286381e+06 8.9840041861e+01 1.1496308175e-133 -9.3137844027e-126
1.5874909676e+05 1.8503534384e-13 4.0146870683e-14 -2.9277141481e+06 7.7065967893e+06 7.4616913568e-18 1.0816669508e-17 -6.4209792267e+03 -7.3734378428e+03 -4.6638740452e+09 -1.0017102644e+07 1.9229286381e+06 9.5607535588e+01 4.4624306669e-108 -3.7086131954e-100
1.5884470429e+05 1.8573342065e-13 4.1217466322e-14 -3.5308465288e+06 6.9760378845e+06 7.1217375801e-18 1.1586585153e-17 -6.1821317027e+03 -7.9143715174e+03 -4.6638731472e+09 -1.0017102644e+07 1.9229286381e+06 1.0609182964e+02 1.5484189707e-82 -1.3217774591e-74
1.5895079612e+05 1.8646241645e-13 4.2494008364e-14 -4.1680577777e+06 6.1031552898e+06 6.5915133151e-18 1.2483568987e-17 -5.8096023719e+03 -8.5445818064e+03 -4.6638690215e+09 -1.0017102644e+07 1.9229286381e+06 9.5726788231e+01 7.9328415629e-57 -6.9671434228e-49
1.5903501141e+05 1.8699499492e-13 4.3575761689e-14 -4.6414874023e+06 5.3621798923e+06 6.0350989106e-18 1.3205958761e-17 -5.4186721574e+03 -9.0521243628e+03 -4.6638661468e+09 -1.0017102644e+07 1.9229286381e+06 8.4256106937e+01 6.8385946966e-39 -6.1325225611e-31
1.5911926751e+05 1.8747537506e-13 4.4718354932e-14 -5.0782911953e+06 4.5784683203e+06 5.3448337929e-18 1.3910314223e-17 -4.9337000065e+03 -9.5469962240e+03 -4.6638614957e+09 -1.0017102644e+07 1.9229286381e+06 7.7259047620e+01 1.3203367989e-23 -1.2060611401e-15
1.5919652656e+05 1.8785992158e-13 4.5816654739e-14 -5.4395175088e+06 3.8242938713e+06 4.5907622158e-18 1.4511705592e-17 -4.4038981879e+03 -9.9695267244e+03 -4.6638574721e+09 -1.0017102644e+07 1.9229286381e+06 7.2763645656e+01 2.6502258038e-12 -2.4551839427e-04
1.5925258099e+05 1.8810022952e-13 4.6641310494e-14 -5.6744142118e+06 3.2575814607e+06 3.9740185524e-18 1.4904378630e-17 -3.9705813332e+03 -1.0245414149e+04 -4.6638598130e+09 -1.0017102537e+07 1.9229289124e+06 6.3099665832e+01 6.4606858526e-06 -6.0340984759e+02
1.5926445394e+05 1.8814659819e-13 4.6818729979e-14 -5.7209843624e+06 3.1356145994e+06 3.8364039592e-18 1.4981582366e-17 -3.8738948033e+03 -1.0299656228e+04 -4.6638955604e+09 -1.0017101384e+07 1.9229319509e+06 3.5024462912e+01 9.0207198110e-05 -8.4375084718e+03
1.5927873991e+05 1.8820020440e-13 4.7033402009e-14 -5.7754832094e+06 2.9880204633e+06 3.6677898696e-18 1.5071391039e-17 -3.7554257653e+03 -1.0362747203e+04 -4.6646476883e+09 -1.0017077904e+07 1.9229960544e+06 2.1453496260e+01 1.7130434443e-03 -1.6049338102e+05
1.5929046094e+05 1.8824237203e-13 4.7210473015e-14 -5.8189225847e+06 2.8662644373e+06 3.5270674446e-18 1.5142442897e-17 -3.6565305632e+03 -1.0412596156e+04 -4.6717365951e+09 -1.0016863008e+07 1.9236016580e+06 1.3843857713e+01 1.5882603370e-02 -1.4898778552e+06
1.5929986185e+05 1.8827499316e-13 4.7353086530e-14 -5.8529199134e+06 2.7681946061e+06 3.4127083535e-18 1.5197647498e-17 -3.5760568162e+03 -1.0451016400e+04 -4.7080676394e+09 -1.0015788651e+07 1.9267114534e+06 1.0053569847e+01 8.3705530957e-02 -7.8591254804e+06
1.5930756620e+05 1.8830092167e-13 4.7470344733e-14 -5.8802139350e+06 2.6875605345e+06 3.3180314822e-18 1.5241670463e-17 -3.5091170311e+03 -1.0480700070e+04 -4.8316280322e+09 -1.0012210753e+07 1.9373054074e+06 7.9526528381e+00 3.0074411483e-01 -2.8253922890e+07
1.5931411934e+05 1.8832239951e-13 4.7570345813e-14 -5.9030200358e+06 2.6188034769e+06 3.2368446062e-18 1.5278231147e-17 -3.4509889387e+03 -1.0503104382e+04 -5.1565682546e+09 -1.0002969991e+07 1.9652091627e+06 6.6651587071e+00 8.4082168532e-01 -7.9013629390e+07
1.5931988182e+05 1.8834084490e-13 4.7658477358e-14 -5.9227550450e+06 2.5582336922e+06 3.1649682852e-18 1.5309696604e-17 -3.3981072150e+03 -1.0517891396e+04 -5.8799272179e+09 -9.9827207283e+06 2.0274312582e+06 5.8186392714e+00 1.9825652961e+00 -1.8626632686e+08
1.5932510242e+05 1.8835719710e-13 4.7738476231e-14 -5.9403643976e+06 2.5033061745e+06 3.0994696615e-18 1.5337642143e-17 -3.3474026802e+03 -1.0522895160e+04 -7.3226138280e+09 -9.9428899633e+06 2.1517900147e+06 5.2492757619e+00 4.1486677443e+00 -3.8939853516e+08
1.5933035169e+05 1.8837329343e-13 4.7819060305e-14 -5.9577916693e+06 2.4480877351e+06 3.0332552851e-18 1.5365196820e-17 -3.2913478660e+03 -1.0512020261e+04 -1.0294594690e+10 -9.8618562986e+06 2.4087831906e+06 4.8820184251e+00 8.3811041704e+00 -7.8471902027e+08
1.5933523371e+05 1.8838795088e-13 4.7894135021e-14 -5.9737170508e+06 2.3968433652e+06 2.9713620194e-18 1.5390328956e-17 -3.2310392112e+03 -1.0475502798e+04 -1.5593302626e+10 -9.7188593152e+06 2.8692707433e+06 4.7965500071e+00 1.5508992452e+01 -1.4451434969e+09
1.5934003026e+05 1.8840205676e-13 4.7968013787e-14 -5.9890480804e+06 2.3467646069e+06 2.9102687664e-18 1.5414553798e-17 -3.1587798223e+03 -1.0396628515e+04 -2.4896619355e+10 -9.4695034165e+06 3.6843729004e+06 5.7861516617e+00 2.7250683548e+01 -2.5168771310e+09
1.5934404321e+05 1.8841363262e-13 4.8029911720e-14 -6.0015777502e+06 2.3052601574e+06 2.8589471134e-18 1.5434464681e-17 -3.0830211607e+03 -1.0279046373e+04 -3.7511331325e+10 -9.1320477051e+06 4.8027289005e+06 4.1901084923e+00 4.2113441714e+01 -3.8414720760e+09
1.5934740008e+05 1.8842315745e-13 4.8081750722e-14 -6.0117999004e+06 2.2709909982e+06 2.8158747993e-18 1.5450871813e-17 -3.0046685465e+03 -1.0129301276e+04 -5.2743742020e+10 -8.7232783437e+06 6.1735456199e+06 3.4046282650e+00 5.8840665045e+01 -5.2843122604e+09
1.5935039940e+05 1.8843154533e-13 4.8128114639e-14 -6.0206887179e+06 2.2408738150e+06 2.7772848507e-18 1.5465341656e-17 -2.9200141209e+03 -9.9444565456e+03 -7.0829817646e+10 -8.2341748994e+06 7.8311397337e+06 3.0160016224e+00 7.7276896200e+01 -6.8078274418e+09
1.5935341540e+05 1.8843986298e-13 4.8174779853e-14 -6.0293467152e+06 2.2112337371e+06 2.7383837364e-18 1.5479713915e-17 -2.8184330012e+03 -9.7003050055e+03 -9.3868118620e+10 -7.6030528364e+06 9.9922589537e+06 2.7728603734e+00 9.8808881908e+01 -8.4839682167e+09
1.5935618826e+05 1.8844740646e-13 4.8217721077e-14 -6.0370136746e+06 2.1847145394e+06 2.7025366033e-18 1.5492773085e-17 -2.7089066293e+03 -9.4176991872e+03 -1.1955714944e+11 -6.8861577546e+06 1.2472397771e+07 2.6180208914e+00 1.2046852450e+02 -1.0034570063e+10
1.5935880628e+05 1.8845443738e-13 4.8258297475e-14 -6.0439540842e+06 2.1604674978e+06 2.6686221374e-18 1.5504970703e-17 -2.5907350373e+03 -9.0966162917e+03 -1.4762121041e+11 -6.0842364125e+06 1.5274446557e+07 2.5327072879e+00 1.4145593178e+02 -1.1372484458e+10
1.5936133899e+05 1.8846115460e-13 4.8297581845e-14 -6.0503567341e+06 2.1378749215e+06 2.6357519720e-18 1.5516652352e-17 -2.4631421789e+03 -8.7360339872e+03 -1.7781594764e+11 -5.1959977436e+06 1.8409158954e+07 2.5009069748e+00 1.6099524193e+02 -1.2421012150e+10
1.5936383990e+05 1.8846770573e-13 4.8336401858e-14 -6.0563470289e+06 2.1165195462e+06 2.6032387563e-18 1.5528077251e-17 -2.3255897045e+03 -8.3350702632e+03 -2.0982378570e+11 -4.2209706352e+06 2.1885580106e+07 2.5098858194e+00 1.7825871996e+02 -1.3111661901e+10
1.5936634978e+05 1.8847419855e-13 4.8375389837e-14 -6.0620005807e+06 2.0961456114e+06 2.5705561952e-18 1.5539438031e-17 -2.1780672610e+03 -7.8941151767e+03 -2.4317302120e+11 -3.1622101213e+06 2.5701544918e+07 2.5429001274e+00 1.9236685596e+02 -1.3390114386e+10
1.5936889268e+05 1.8848069307e-13 4.8414919602e-14 -6.0673415587e+06 2.0766728413e+06 2.5373932630e-18 1.5550846346e-17 -2.0217447534e+03 -7.4170848786e+03 -2.7711063306e+11 -2.0315178372e+06 2.9824432912e+07 2.5657841398e+00 2.0244648429e+02 -1.3228941917e+10
1.5937145847e+05 1.8848716049e-13 4.8454834379e-14 -6.0723222874e+06 2.0582819997e+06 2.5038838308e-18 1.5562259509e-17 -1.8603557672e+03 -6.9160678980e+03 -3.1039338171e+11 -8.5982978376e+05 3.4151236653e+07 2.5264582708e+00 2.0781258270e+02 -1.2650843169e+10
1.5937398493e+05 1.8849344472e-13 4.8494165880e-14 -6.0768210767e+06 2.0414413503e+06 2.4708441916e-18 1.5573408081e-17 -1.7012201987e+03 -6.4150452867e+03 -3.4128119679e+11 2.9550982365e+05 3.8476508124e+07 2.4139692729e+00 2.0837524567e+02 -1.1755009970e+10
1.5937639890e+05 1.8849937112e-13 4.8531772387e-14 -6.0807466769e+06 2.0265312905e+06 2.4392380138e-18 1.5583983086e-17 -1.5518275638e+03 -5.9393637403e+03 -3.6840601211e+11 1.3765951261e+06 4.2582955199e+07 2.2759991247e+00 2.0492492721e+02 -1.0692848788e+10
1.5937867490e+05 1.8850488888e-13 4.8567252804e-14 -6.0841224520e+06 2.0135143932e+06 2.4094071085e-18 1.5593889705e-17 -1.4154537886e+03 -5.5012606597e+03 -3.9150169164e+11 2.3576220492e+06 4.6365993710e+07 2.1512230291e+00 1.9867202720e+02 -9.5926254863e+09
1.5938082612e+05 1.8851004171e-13 4.8600808762e-14 -6.0870335331e+06 2.0021126054e+06 2.3811857939e-18 1.5603200390e-17 -1.2919547732e+03 -5.1017364448e+03 -4.1099303474e+11 3.2388259887e+06 4.9817552946e+07 2.0527552337e+00 1.9066733770e+02 -8.5292434558e+09
1.5938287887e+05 1.8851490204e-13 4.8632847394e-14 -6.0895695449e+06 1.9920172074e+06 2.3542344767e-18 1.5612040568e-17 -1.1798746939e+03 -4.7371430123e+03 -4.2747682922e+11 4.0305533964e+06 5.2969390666e+07 1.9787345474e+00 1.8164656270e+02 -7.5375825049e+09
1.5938485761e+05 1.8851953473e-13 4.8663747877e-14 -6.0918021164e+06 1.9829769947e+06 2.3282362090e-18 1.5620523997e-17 -1.0776740190e+03 -4.4032222544e+03 -4.4148536348e+11 4.7439974791e+06 5.5858380146e+07 1.9235931199e+00 1.7210077993e+02 -6.6313967071e+09
1.5938678120e+05 1.8852398898e-13 4.8693803315e-14 -6.0937841758e+06 1.9748050250e+06 2.3029458801e-18 1.5628737870e-17 -9.8407109571e+02 -4.0963237368e+03 -4.5344444134e+11 5.3885884826e+06 5.8516070797e+07 1.8826359011e+00 1.6236334566e+02 -5.8141316127e+09
1.5938866384e+05 1.8852830128e-13 4.8723234082e-14 -6.0955549695e+06 1.9673621453e+06 2.2781792028e-18 1.5636747489e-17 -8.9803317864e+02 -3.8134549606e+03 -4.6369171989e+11 5.9720041805e+06 6.0968288837e+07 1.8523976789e+00 1.5266379440e+02 -5.0838606668e+09
1.5939051624e+05 1.8853249879e-13 4.8752206835e-14 -6.0971442142e+06 1.9605427291e+06 2.2537968505e-18 1.5644602139e-17 -8.1872103642e+02 -3.5521507753e+03 -4.7249798293e+11 6.5005459816e+06 6.3236282386e+07 1.8303688480e+00 1.4316061127e+02 -4.4358165288e+09
1.5939234660e+05 1.8853660201e-13 4.8780849312e-14 -6.0985749510e+06 1.9542647374e+06 2.2296920874e-18 1.5652339571e-17 -7.4544048878e+02 -3.3103466107e+03 -4.8008346434e+11 6.9794769915e+06 6.5337825730e+07 1.8147120945e+00 1.3396206079e+02 -3.8638058464e+09
1.5939416132e+05 1.8854062657e-13 4.8809260746e-14 -6.0998654509e+06 1.9484630377e+06 2.2057820532e-18 1.5659989121e-17 -6.7760676549e+02 -3.0862823730e+03 -4.8662956668e+11 7.4132729151e+06 6.7288054859e+07 1.8040561161e+00 1.2514010176e+02 -3.3610426145e+09
1.5939596537e+05 1.8854458448e-13 4.8837519090e-14 -6.1010305004e+06 1.9430848822e+06 2.1820017172e-18 1.5667573866e-17 -6.1471919035e+02 -2.8784333154e+03 -4.9228727508e+11 7.8058011369e+06 6.9100067944e+07 1.7973556892e+00 1.1674007940e+02 -2.9206501293e+09
1.5939776273e+05 1.8854848501e-13 4.8865686070e-14 -6.1020822866e+06 1.9380867893e+06 2.1582996462e-18 1.5675112131e-17 -5.5634315992e+02 -2.6854605500e+03 -4.9718331076e+11 8.1604486276e+06 7.0785354969e+07 1.7937976632e+00 1.0878769700e+02 -2.5359619997e+09
1.5939955653e+05 1.8855233534e-13 4.8893810784e-14 -6.1030310193e+06 1.9334323478e+06 2.1346349915e-18 1.5682618556e-17 -5.0209712696e+02 -2.5061752198e+03 -5.0142473544e+11 8.4802145903e+06 7.2354108646e+07 1.7927377894e+00 1.0129415192e+02 -2.2006964925e+09
1.5940134926e+05 1.8855614097e-13 4.8921932320e-14 -6.1038853792e+06 1.9290906361e+06 2.1109752955e-18 1.5690104871e-17 -4.5164300352e+02 -2.3395120610e+03 -5.0510247611e+11 8.7677789346e+06 7.3815453771e+07 1.7936572061e+00 9.4259982294e+01 -1.9090492312e+09
1.5940314292e+05 1.8855990610e-13 4.8950081696e-14 -6.1046528456e+06 1.9250350626e+06 2.0872948621e-18 1.5697580472e-17 -4.0467894464e+02 -2.1845095227e+03 -5.0829407820e+11 9.0255538870e+06 7.5177619636e+07 1.7961318826e+00 8.7677982194e+01 -1.6557330297e+09
1.5940493905e+05 1.8856363386e-13 4.8978283334e-14 -6.1053399421e+06 1.9212425010e+06 2.0635735254e-18 1.5705052853e-17 -3.6093381524e+02 -2.0402945297e+03 -5.1106589408e+11 9.2557236640e+06 7.6448072136e+07 1.7998116463e+00 8.1535427631e+01 -1.4359837198e+09
1.5940673886e+05 1.8856732651e-13 4.9006556199e-14 -6.1059524218e+06 1.9176926331e+06 2.0397956888e-18 1.5712527944e-17 -3.2016284682e+02 -1.9060705134e+03 -5.1347485034e+11 9.4602756557e+06 7.7633617518e+07 1.8044041783e+00 7.5815779856e+01 -1.2455444811e+09
1.5940854327e+05 1.8857098561e-13 4.9034914703e-14 -6.1064954106e+06 1.9143674456e+06 2.0159495731e-18 1.5720010372e-17 -2.8214418675e+02 -1.7811079018e+03 -5.1556989128e+11 9.6410252633e+06 7.8740484777e+07 1.8096640979e+00 7.0499992220e+01 -1.0806373434e+09
1.5941035293e+05 1.8857461215e-13 4.9063369423e-14 -6.1069735174e+06 1.9112508367e+06 1.9920266053e-18 1.5727503675e-17 -2.4667609098e+02 -1.6647363657e+03 -5.1739317176e+11 9.7996361137e+06 7.9774392838e+07 1.8153844811e+00 6.5567507725e+01 -9.3792751044e+08
1.5941216832e+05 1.8857820666e-13 4.9091927704e-14 -6.1073909222e+06 1.9083283074e+06 1.9680209180e-18 1.5735010472e-17 -2.1357461377e+02 -1.5563384203e+03 -5.1898105073e+11 9.9376367053e+06 8.0740605967e+07 1.8213903224e+00 6.0997017252e+01 -8.1448446061e+08
1.5941398971e+05 1.8858176925e-13 4.9120594152e-14 -6.1077514444e+06 1.9055867168e+06 1.9439289334e-18 1.5742532609e-17 -1.8267168180e+02 -1.4553440701e+03 -5.2036492462e+11 1.0056434295e+07 8.1643980144e+07 1.8275338642e+00 5.6767030831e+01 -7.0774239817e+08
1.5941581724e+05 1.8858529976e-13 4.9149371053e-14 -6.1080585983e+06 1.9030140856e+06 1.9197490077e-18 1.5750071276e-17 -1.5381346251e+02 -1.3612262429e+03 -5.2157193093e+11 1.0157326643e+07 8.2489002594e+07 1.8336906905e+00 5.2856301366e+01 -6.1546169280e+08
1.5941765093e+05 1.8858879773e-13 4.9178258741e-14 -6.1083156370e+06 1.9005994376e+06 1.8954811268e-18 1.5757627112e-17 -1.2685897211e+02 -1.2734968649e+03 -5.2262554468e+11 1.0241512026e+07 8.3279825761e+07 1.8397568199e+00 4.9244133269e+01 -5.3569236070e+08
1.5941949069e+05 1.8859226256e-13 4.9207255910e-14 -6.1085255888e+06 1.8983326710e+06 1.8711266387e-18 1.5765200295e-17 -1.0167887427e+02 -1.1917034382e+03 -5.2354608636e+11 1.0310097855e+07 8.4020296938e+07 1.8456461742e+00 4.5910600408e+01 -4.6674016257e+08
1.5942133633e+05 1.8859569344e-13 4.9236359898e-14 -6.1086912858e+06 1.8962044531e+06 1.8466880194e-18 1.5772790618e-17 -7.8154438587e+01 -1.1154260382e+03 -5.2435115569e+11 1.0364108124e+07 8.4713984245e+07 1.8512887934e+00 4.2836693499e+01 -4.0713561305e+08
1.5942318762e+05 1.8859908950e-13 4.9265566930e-14 -6.1088153878e+06 1.8942061331e+06 1.8221686621e-18 1.5780397558e-17 -5.6176628505e+01 -1.0442746446e+03 -5.2505600320e+11 1.0404489908e+07 8.5364199736e+07 1.8566290995e+00 4.0004411986e+01 -3.5560596947e+08
1.5942504425e+05 1.8860244976e-13 4.9294872353e-14 -6.1089004021e+06 1.8923296702e+06 1.7975726881e-18 1.5788020339e-17 -3.5645302235e+01 -9.7788676565e+02 -5.2567384911e+11 1.0432119024e+07 8.5974019959e+07 1.7694267364e+00 3.7396813390e+01 -3.1105015630e+08
1.5942650009e+05 1.8860505269e-13 4.9317861511e-14 -6.1089411939e+06 1.8909419003e+06 1.7782822262e-18 1.5793993637e-17 -2.0533379581e+01 -9.2905697720e+02 -5.2610397560e+11 1.0445367729e+07 8.6424745695e+07 1.5167144509e+00 3.5503358708e+01 -2.8043793394e+08
1.5942765584e+05 1.8860709909e-13 4.9336118148e-14 -6.1089582811e+06 1.8898896076e+06 1.7629656058e-18 1.5798733359e-17 -9.1192915527e+00 -8.9218433518e+02 -5.2641523801e+11 1.0450916620e+07 8.6766468769e+07 1.2681617168e+00 3.4088870067e+01 -2.5852872882e+08
1.5942850732e+05 1.8860859542e-13 4.9349571972e-14 -6.1089625816e+06 1.8891411204e+06 1.7516799290e-18 1.5802224040e-17 -1.0257898400e+00 -8.6603750797e+02 -5.2662895205e+11 1.0452313322e+07 8.7009563152e+07 9.0428866756e-01 3.3094504224e+01 -2.4361936760e+08
1.5942941161e+05 1.8861017402e-13 4.9363863420e-14 -6.1089597291e+06 1.8883701868e+06 1.7396930845e-18 1.5805930103e-17 7.2869923650e+00 -8.3917617551e+02 -5.2684249372e+11 1.0451386536e+07 8.7260017085e+07 1.1792199359e+00 3.2080985375e+01 -2.2884221545e+08
1.5943059083e+05 1.8861221629e-13 4.9382504936e-14 -6.1089449473e+06 1.8874006196e+06 1.7240599493e-18 1.5810761293e-17 1.7705351495e+01 -8.0549350207e+02 -5.2710171647e+11 1.0446581505e+07 8.7575171677e+07 1.3613803767e+00 3.0822393369e+01 -2.1108249354e+08
1.5943195221e+05 1.8861455110e-13 4.9404033192e-14 -6.1089129763e+06 1.8863294923e+06 1.7060092082e-18 1.5816336613e-17 2.9163731246e+01 -7.6840988129e+02 -5.2737621830e+11 1.0436178707e+07 8.7923678260e+07 1.4706899898e+00 2.9453893353e+01 -1.9251613890e+08
1.5943342290e+05 1.8861704577e-13 4.9427298547e-14 -6.1088613826e+06 1.8852276049e+06 1.6865059492e-18 1.5822357141e-17 4.0888459852e+01 -7.3039744926e+02 -5.2764588859e+11 1.0419365437e+07 8.8282738527e+07 1.5451600240e+00 2.8071647463e+01 -1.7455227964e+08
1.5943496806e+05 1.8861963586e-13 4.9451751506e-14 -6.1087891341e+06 1.8841284904e+06 1.6660116387e-18 1.5828679972e-17 5.2511652994e+01 -6.9261320578e+02 -5.2790236868e+11 1.0395770557e+07 8.8641664541e+07 1.5999819056e+00 2.6720538463e+01 -1.5776095456e+08
1.5943656804e+05 1.8862228447e-13 4.9477082343e-14 -6.1086959642e+06 1.8830501653e+06 1.6447864996e-18 1.5835224580e-17 6.3834266998e+01 -6.5566534645e+02 -5.2814221070e+11 1.0365256245e+07 8.8994805750e+07 1.6426652146e+00 2.5423896328e+01 -1.4236125879e+08
1.5943821071e+05 1.8862496840e-13 4.9503099833e-14 -6.1085820499e+06 1.8820028028e+06 1.6229912846e-18 1.5841941290e-17 7.4742163581e+01 -6.1988489463e+02 -5.2836435737e+11 1.0327812342e+07 8.9339051778e+07 1.6774029169e+00 2.4194141500e+01 -1.2840276843e+08
1.5943988811e+05 1.8862767214e-13 4.9529678902e-14 -6.1084478346e+06 1.8809921748e+06 1.6007312113e-18 1.5848797646e-17 8.5168332878e+01 -5.8544799179e+02 -5.2856898700e+11 1.0283497623e+07 8.9672711612e+07 1.7067512816e+00 2.3037607391e+01 -1.1584897067e+08
1.5944159486e+05 1.8863038486e-13 4.9556734810e-14 -6.1082939221e+06 1.8800214112e+06 1.5780776393e-18 1.5855771695e-17 9.5073531399e+01 -5.5243856625e+02 -5.2875692265e+11 1.0232404679e+07 8.9994940751e+07 1.7323862108e+00 2.1957018657e+01 -1.0461989629e+08
1.5944332725e+05 1.8863309878e-13 4.9584209260e-14 -6.1081210104e+06 1.8790919808e+06 1.5550797294e-18 1.5862848364e-17 1.0443545824e+02 -5.2088334375e+02 -5.2892930952e+11 1.0174637539e+07 9.0305422008e+07 1.7554830048e+00 2.0952873049e+01 -9.4615260409e+07
1.5944508273e+05 1.8863580824e-13 4.9612062514e-14 -6.1079298476e+06 1.8782042733e+06 1.5317710713e-18 1.5870017400e-17 1.1324231298e+02 -4.9077266356e+02 -5.2908743196e+11 1.0110296498e+07 9.0604176273e+07 1.7769245001e+00 2.0024256105e+01 -8.5727434189e+07
1.5944685966e+05 1.8863850912e-13 4.9640268782e-14 -6.1077212004e+06 1.8773579611e+06 1.5081735536e-18 1.5877272169e-17 1.2148877856e+02 -4.6207344376e+02 -5.2923260793e+11 1.0039467080e+07 9.0891445122e+07 1.7974239593e+00 1.9169339840e+01 -7.7848782492e+07
1.5944865708e+05 1.8864119849e-13 4.9668813566e-14 -6.1074958302e+06 1.8765522326e+06 1.4842996069e-18 1.5884608956e-17 1.2917342471e+02 -4.3473755377e+02 -5.2936612852e+11 9.9622113625e+06 9.1167615476e+07 1.8176037943e+00 1.8385695432e+01 -7.0875750971e+07
1.5945047468e+05 1.8864387441e-13 4.9697692232e-14 -6.1072544733e+06 1.8757859452e+06 1.4601534019e-18 1.5892026587e-17 1.3629698384e+02 -4.0870736834e+02 -5.2948922425e+11 9.8785604790e+06 9.1433170149e+07 1.8380516089e+00 1.7670491454e+01 -6.4711024842e+07
1.5945231274e+05 1.8864653581e-13 4.9726909490e-14 -6.1069978229e+06 1.8750577288e+06 1.4357313055e-18 1.5899526290e-17 1.4286118481e+02 -3.8391951248e+02 -5.2960304807e+11 9.7885074276e+06 9.1688655150e+07 1.8593643353e+00 1.7020619134e+01 -5.9264523936e+07
1.5945417210e+05 1.8864918238e-13 4.9756479554e-14 -6.1067265103e+06 1.8743660544e+06 1.4110217503e-18 1.5907111724e-17 1.4886794849e+02 -3.6030740970e+02 -5.2970866860e+11 9.6919994548e+06 9.1934658235e+07 1.8821892913e+00 1.6432770321e+01 -5.4453694921e+07
1.5945605429e+05 1.8865181465e-13 4.9786426975e-14 -6.1064410849e+06 1.8737092795e+06 1.3860045582e-18 1.5914789186e-17 1.5431882148e+02 -3.3780299210e+02 -5.2980707000e+11 9.5889292041e+06 9.2171795588e+07 1.9049656904e+00 1.5903484072e+01 -5.0203379411e+07
1.5945795926e+05 1.8865443082e-13 4.9816751503e-14 -6.1061423564e+06 1.8730864041e+06 1.3606802907e-18 1.5922558605e-17 1.5920902234e+02 -3.1636292726e+02 -5.2989904919e+11 9.4792593859e+06 9.2400435106e+07 1.9082782976e+00 1.5429709507e+01 -4.6449667052e+07
1.5945986753e+05 1.8865700317e-13 4.9847143601e-14 -6.1058343571e+06 1.8725021789e+06 1.3353076810e-18 1.5930340734e-17 1.6349325769e+02 -2.9614672260e+02 -5.2998448443e+11 9.3641501614e+06 9.2618747722e+07 1.9125207457e+00 1.5012169476e+01 -4.3165610430e+07
1.5946178005e+05 1.8865953265e-13 4.9877618166e-14 -6.1055180461e+06 1.8719542151e+06 1.3098744156e-18 1.5938139509e-17 1.6718720368e+02 -2.7707315606e+02 -5.3006422451e+11 9.2436612414e+06 9.2827447322e+07 1.9174297196e+00 1.4645701098e+01 -4.0285260775e+07
1.5946369748e+05 1.8866201980e-13 4.9908185924e-14 -6.1051943948e+06 1.8714403780e+06 1.2843716765e-18 1.5945957780e-17 1.7030533130e+02 -2.5907312097e+02 -5.3013898738e+11 9.1178629678e+06 9.3027138336e+07 1.9229492782e+00 1.4325346445e+01 -3.7751763062e+07
1.5946562043e+05 1.8866446498e-13 4.9938856731e-14 -6.1048643579e+06 1.8709586921e+06 1.2587913855e-18 1.5953798161e-17 1.7286223728e+02 -2.4208625491e+02 -5.3020938704e+11 8.9868311713e+06 9.3218349452e+07 1.9289192772e+00 1.4046274459e+01 -3.5515675255e+07
1.5946754935e+05 1.8866686834e-13 4.9969637904e-14 -6.1045288936e+06 1.8705073422e+06 1.2331275925e-18 1.5961662604e-17 1.7487327587e+02 -2.2606082855e+02 -5.3027594395e+11 8.8506608270e+06 9.3401532027e+07 1.9350494393e+00 1.3803786869e+01 -3.3534056884e+07
1.5946948440e+05 1.8866922959e-13 5.0000532144e-14 -6.1041889867e+06 1.8700846726e+06 1.2073782082e-18 1.5969551869e-17 1.7635527770e+02 -2.1095352187e+02 -5.3033909375e+11 8.7094825201e+06 9.3577058825e+07 1.9408927554e+00 1.3593333191e+01 -3.1769704413e+07
1.5947142529e+05 1.8867154792e-13 5.0031535010e-14 -6.1038456754e+06 1.8696891854e+06 1.1815470946e-18 1.5977464887e-17 1.7732734502e+02 -1.9672904530e+02 -5.3039919450e+11 8.5634816817e+06 9.3745223421e+07 1.9458310840e+00 1.3410535972e+01 -3.0190517333e+07
1.5947337113e+05 1.8867382181e-13 5.0062632176e-14 -6.1035000779e+06 1.8693195329e+06 1.1556463465e-18 1.5985398062e-17 1.7781169736e+02 -1.8335948749e+02 -5.3045653305e+11 8.4129194091e+06 9.3906241583e+07 1.9490874650e+00 1.3251226215e+01 -2.8768970368e+07
1.5947532021e+05 1.8867604898e-13 5.0093796860e-14 -6.1031534125e+06 1.8689745024e+06 1.1296984128e-18 1.5993344622e-17 1.7783449818e+02 -1.7082324012e+02 -5.3051133142e+11 8.2581521556e+06 9.4060256540e+07 1.9497807108e+00 1.3111488068e+01 -2.7481663245e+07
1.5947726999e+05 1.8867822633e-13 5.0124988124e-14 -6.1028070047e+06 1.8686529908e+06 1.1037374905e-18 1.6001294193e-17 1.7742653207e+02 -1.5910336349e+02 -5.3056375423e+11 8.0996458156e+06 9.4207350334e+07 1.9470331151e+00 1.2987710374e+01 -2.6308916233e+07
1.5947921703e+05 1.8868035010e-13 5.0156150902e-14 -6.1024622698e+06 1.8683539648e+06 1.0778094862e-18 1.6009232817e-17 1.7662354080e+02 -1.4818533939e+02 -5.3061391813e+11 7.9379783483e+06 9.4347563001e+07 1.9401235780e+00 1.2876640394e+01 -2.5234378597e+07
1.5948115715e+05 1.8868241612e-13 5.0187218466e-14 -6.1021206665e+06 1.8680764128e+06 1.0519699366e-18 1.6017143583e-17 1.7546600472e+02 -1.3805434678e+02 -5.3066190382e+11 7.7738255016e+06 9.4480919531e+07 1.9286518822e+00 1.2775432442e+01 -2.4244623752e+07
1.5948308580e+05 1.8868442023e-13 5.0218117544e-14 -6.1017836212e+06 1.8678192932e+06 1.0262797382e-18 1.6025007937e-17 1.7399822114e+02 -1.2869244254e+02 -5.3070776998e+11 7.6079274765e+06 9.4607461641e+07 1.9126562611e+00 1.2681682492e+01 -2.3328720465e+07
1.5948499846e+05 1.8868635879e-13 5.0248775335e-14 -6.1014524374e+06 1.8675814923e+06 1.0007993070e-18 1.6032807472e-17 1.7226670224e+02 -1.2007622823e+02 -5.3075156758e+11 7.4410404305e+06 9.4727278281e+07 1.8926325878e+00 1.2593440561e+01 -2.2477792040e+07
1.5948689109e+05 1.8868822907e-13 5.0279126853e-14 -6.1011282096e+06 1.8673618045e+06 9.7558247740e-19 1.6040525787e-17 1.7031813675e+02 -1.1217556190e+02 -5.3079335201e+11 7.2738827173e+06 9.4840527726e+07 1.8694420039e+00 1.2509196534e+01 -2.1684593375e+07
1.5948876053e+05 1.8869002958e-13 5.0309120812e-14 -6.1008117643e+06 1.8671589372e+06 9.5067162810e-19 1.6048149988e-17 1.6819731505e+02 -1.0495358965e+02 -5.3083319091e+11 7.1070881410e+06 9.4947446214e+07 1.8441433872e+00 1.2427841004e+01 -2.0943139682e+07
1.5949060468e+05 1.8869176009e-13 5.0338722837e-14 -6.1005036387e+06 1.8669715402e+06 9.2609503782e-19 1.6055671484e-17 1.6594541360e+02 -9.8367955717e+01 -5.3087116714e+11 6.9411755815e+06 9.5048342479e+07 1.8178152085e+00 1.2348608140e+01 -2.0248408760e+07
1.5949242249e+05 1.8869342154e-13 5.0367915820e-14 -6.1002040963e+06 1.8667982472e+06 9.0186661456e-19 1.6063086080e-17 1.6359887949e+02 -9.2372726496e+01 -5.3090737744e+11 6.7765378978e+06 9.5143581893e+07 1.7914185020e+00 1.2271010167e+01 -1.9596119116e+07
1.5949421391e+05 1.8869501578e-13 5.0396698075e-14 -6.0999131682e+06 1.8666377182e+06 8.7798745251e-19 1.6070393492e-17 1.6118895266e+02 -8.6920488005e+01 -5.3094192854e+11 6.6134471640e+06 9.5233565787e+07 1.7657241363e+00 1.2194772406e+01 -1.8982571846e+07
1.5949597963e+05 1.8869654528e-13 5.0425080315e-14 -6.0996307047e+06 1.8664886755e+06 8.5444836047e-19 1.6077596579e-17 1.5874170833e+02 -8.1964197136e+01 -5.3097493240e+11 6.4520701295e+06 9.5318711096e+07 1.7412952936e+00 1.2119774995e+01 -1.8404537999e+07
1.5949772093e+05 1.8869801291e-13 5.0453082344e-14 -6.0993564273e+06 1.8663499278e+06 8.3123262620e-19 1.6084700494e-17 1.5627844283e+02 -7.7458580802e+01 -5.3100650184e+11 6.2924880077e+06 9.5399433413e+07 1.7185068630e+00 1.2046004374e+01 -1.7859175916e+07
1.5949943944e+05 1.8869942170e-13 5.0480730036e-14 -6.0990899741e+06 1.8662203836e+06 8.0831852437e-19 1.6091711917e-17 1.5381623495e+02 -7.3361047317e+01 -5.3103674705e+11 6.1347162246e+06 9.5476134669e+07 1.6975802109e+00 1.1973515064e+01 -1.7343967387e+07
1.5950113702e+05 1.8870077467e-13 5.0508052887e-14 -6.0988309350e+06 1.8660990557e+06 7.8568136242e-19 1.6098638434e-17 1.5136856135e+02 -6.9632181620e+01 -5.3106577322e+11 5.9787218679e+06 9.5549195184e+07 1.6786218394e+00 1.1902400910e+01 -1.6856666530e+07
1.5950113702e+05 1.8870077467e-13 5.0508052887e-14 -6.0988309350e+06 1.8660990557e+06 7.8568136242e-19 1.6098638434e-17 1.5136856135e+02 -6.9632181620e+01 -5.3106577322e+11 5.9787218679e+06 9.5549195184e+07 1.6786218394e+00 1.1902400910e+01 -1.6856666530e+07
