0.0000000000e+00 0.0000000000e+00 0.0000000000e+00 3.1415900000e+08 0.0000000000e+00 0.0000000000e+00 0.0000000000e+00 -1.1784589680e+03 2.2635030780e+02 -4.6638892998e+09 -1.0016901228e+07 1.9239776163e+06 1.0000000000e+01 0.0000000000e+00 -0.0000000000e+00
1.0000000000e+01 2.8740014414e-22 6.9025710663e-28 3.1414721521e+08 2.2635030775e+03 5.7480747583e-23 2.0708101609e-28 -1.1784993533e+03 2.2635030765e+02 -4.6638892998e+09 -1.0016901228e+07 1.9239776163e+06 5.0000000000e+01 0.0000000000e+00 -0.0000000000e+00
6.0000000000e+01 1.0347699183e-20 1.4913749443e-25 3.1408828519e+08 1.3581018363e+04 3.4494919068e-22 7.4577141390e-27 -1.1787013252e+03 2.2635030256e+02 -4.6638892998e+09 -1.0016901228e+07 1.9239776163e+06 2.5000000000e+02 0.0000000000e+00 -0.0000000000e+00
3.1000000000e+02 2.7639898098e-19 2.0598218611e-23 3.1379348353e+08 7.0168580946e+04 1.7839114587e-21 1.9945368625e-25 -1.1797123232e+03 2.2635016767e+02 -4.6638892998e+09 -1.0016901228e+07 1.9239776163e+06 1.2500000000e+03 0.0000000000e+00 -0.0000000000e+00
1.5600000000e+03 7.0214349836e-18 2.6435502148e-21 3.1231567083e+08 3.5310462284e+05 9.0195294831e-21 5.0987459800e-24 -1.1847959833e+03 2.2634672548e+02 -4.6638892998e+09 -1.0016901228e+07 1.9239776163e+06 3.6000000000e+03 0.0000000000e+00 -0.0000000000e+00
5.1600000000e+03 7.7526351078e-17 9.7659392435e-20 3.0802368262e+08 1.1678989739e+06 3.0247715476e-20 5.7343236410e-23 -1.1997106570e+03 2.2631001912e+02 -4.6638892997e+09 -1.0016901228e+07 1.9239776163e+06 3.6000000000e+03 0.0000000000e+00 -0.0000000000e+00
8.7600000000e+03 2.2552867182e-16 4.8797874771e-19 3.0367724565e+08 1.9824858482e+06 5.2079058313e-20 1.6999116535e-22 -1.2150491017e+03 2.2623087401e+02 -4.6638892996e+09 -1.0016901228e+07 1.9239776163e+06 3.6000000000e+03 0.0000000000e+00 -0.0000000000e+00
1.2360000000e+04 4.5325980056e-16 1.4003813757e-18 2.9927479215e+08 2.7967059129e+06 7.4547354062e-20 3.4831279237e-22 -1.2308350619e+03 2.2610558733e+02 -4.6638892995e+09 -1.0016901228e+07 1.9239776163e+06 3.6000000000e+03 0.0000000000e+00 -0.0000000000e+00
1.5960000000e+04 7.6307774029e-16 3.0816148369e-18 2.9481466543e+08 3.6103858062e+06 9.7689187851e-20 5.9814262953e-22 -1.2470942421e+03 2.2593005983e+02 -4.6638892993e+09 -1.0016901228e+07 1.9239776163e+06 3.6000000000e+03 0.0000000000e+00 -0.0000000000e+00
1.9560000000e+04 1.1574776765e-15 5.8005568891e-18 2.9029511239e+08 4.4233366175e+06 1.2154424180e-19 9.2595409744e-22 -1.2638545224e+03 2.2569974334e+02 -4.6638892992e+09 -1.0016901228e+07 1.9239776163e+06 3.6000000000e+03 0.0000000000e+00 -0.0000000000e+00
2.3160000000e+04 1.6391037445e-15 9.8506675958e-18 2.8571427529e+08 5.2353521655e+06 1.4615564599e-19 1.3389461646e-21 -1.2811462054e+03 2.2540957998e+02 -4.6638892990e+09 -1.0016901228e+07 1.9239776163e+06 3.6000000000e+03 0.0000000000e+00 -0.0000000000e+00
2.6760000000e+04 2.2107621472e-15 1.5552778268e-17 2.8107018254e+08 6.0462070377e+06 1.7157037968e-19 1.8451442586e-21 -1.2990022983e+03 2.2505393115e+02 -4.6638892988e+09 -1.0016901228e+07 1.9239776163e+06 3.6000000000e+03 0.0000000000e+00 -0.0000000000e+00
3.0360000000e+04 2.8754358228e-15 2.3258273488e-17 2.7636073835e+08 6.8556543555e+06 1.9783973180e-19 2.4535182477e-21 -1.3174588360e+03 2.2462649474e+02 -4.6638892985e+09 -1.0016901228e+07 1.9239776163e+06 3.6000000000e+03 0.0000000000e+00 -0.0000000000e+00
3.3960000000e+04 3.6363008903e-15 3.3352733637e-17 2.7158371122e+08 7.6634232146e+06 2.2501983108e-19 3.1741209351e-21 -1.3365552540e+03 2.2412020777e+02 -4.6638892982e+09 -1.0016901228e+07 1.9239776163e+06 3.6000000000e+03 0.0000000000e+00 -0.0000000000e+00
3.7560000000e+04 4.4967451496e-15 4.6260119184e-17 2.6673672092e+08 8.4692157455e+06 2.5317225904e-19 4.0182513225e-21 -1.3563348187e+03 2.2352713169e+02 -4.6638892978e+09 -1.0016901228e+07 1.9239776163e+06 3.6000000000e+03 0.0000000000e+00 -0.0000000000e+00
4.1160000000e+04 5.4603889596e-15 6.2447595045e-17 2.6181722383e+08 9.2727037234e+06 2.8236476146e-19 4.9986479334e-21 -1.3768451275e+03 2.2283831657e+02 -4.6638892974e+09 -1.0016901228e+07 1.9239776163e+06 3.6000000000e+03 0.0000000000e+00 -0.0000000000e+00
4.4760000000e+04 6.5311088840e-15 8.2431114725e-17 2.5682249633e+08 1.0073524646e+07 3.1267207775e-19 6.1297188183e-21 -1.3981386913e+03 2.2204363947e+02 -4.6638892969e+09 -1.0016901228e+07 1.9239776163e+06 3.6000000000e+03 0.0000000000e+00 -0.0000000000e+00
4.8360000000e+04 7.7130645700e-15 1.0678191070e-16 2.5174961588e+08 1.0871277171e+07 3.4417691230e-19 7.4278165754e-21 -1.4202736174e+03 2.2113161126e+02 -4.6638892963e+09 -1.0016901228e+07 1.9239776163e+06 3.6000000000e+03 0.0000000000e+00 -0.0000000000e+00
5.1960000000e+04 9.0107294229e-15 1.3613407137e-16 2.4659543954e+08 1.1665515796e+07 3.7697107748e-19 8.9115689552e-21 -1.4433144121e+03 2.2008914429e+02 -4.6638892956e+09 -1.0016901228e+07 1.9239776163e+06 3.6000000000e+03 0.0000000000e+00 -0.0000000000e+00
5.5560000000e+04 1.0428925760e-14 1.7119342793e-16 2.4135657919e+08 1.2455744613e+07 4.1115684565e-19 1.0602278536e-20 -1.4673329306e+03 2.1890127163e+02 -4.6638892947e+09 -1.0016901228e+07 1.9239776163e+06 3.6000000000e+03 0.0000000000e+00 -0.0000000000e+00
5.9160000000e+04 1.1972865274e-14 2.1274802975e-16 2.3602937317e+08 1.3241409947e+07 4.4684855715e-19 1.2524408832e-20 -1.4924095072e+03 2.1755080550e+02 -4.6638892937e+09 -1.0016901228e+07 1.9239776163e+06 3.6000000000e+03 0.0000000000e+00 -0.0000000000e+00
6.2760000000e+04 1.3648195837e-14 2.6168055819e-16 2.3060985334e+08 1.4021891636e+07 4.8417454406e-19 1.4706179339e-20 -1.5186343065e+03 2.1601791921e+02 -4.6638892924e+09 -1.0016901228e+07 1.9239776163e+06 3.6000000000e+03 0.0000000000e+00 -0.0000000000e+00
6.6360000000e+04 1.5461055910e-14 3.1898312160e-16 2.2509370690e+08 1.4796492637e+07 5.2327944596e-19 1.7180298988e-20 -1.5461089505e+03 2.1427963185e+02 -4.6638892908e+09 -1.0016901228e+07 1.9239776163e+06 3.6000000000e+03 0.0000000000e+00 -0.0000000000e+00
6.9960000000e+04 1.7418138133e-14 3.8577499646e-16 2.1947623167e+08 1.5564426560e+07 5.6432701666e-19 1.9984876910e-20 -1.5749484908e+03 2.1230916840e+02 -4.6638892887e+09 -1.0016901228e+07 1.9239776163e+06 3.6000000000e+03 0.0000000000e+00 -0.0000000000e+00
7.3560000000e+04 1.9526764097e-14 4.6332404201e-16 2.1375228359e+08 1.6324802621e+07 6.0750355032e-19 2.3164562414e-20 -1.6052838154e+03 2.1007515877e+02 -4.6638892862e+09 -1.0016901228e+07 1.9239776163e+06 3.6000000000e+03 0.0000000000e+00 -0.0000000000e+00
7.7160000000e+04 2.1794972810e-14 5.5307273298e-16 2.0791621454e+08 1.7076607354e+07 6.5302209653e-19 2.6771984198e-20 -1.6372646104e+03 2.0754062667e+02 -4.6638892830e+09 -1.0016901228e+07 1.9239776163e+06 3.6000000000e+03 0.0000000000e+00 -0.0000000000e+00
8.0760000000e+04 2.4231626082e-14 6.5667005067e-16 2.0196179834e+08 1.7818682206e+07 7.0112768972e-19 3.0869584287e-20 -1.6710630342e+03 2.0466170105e+02 -4.6638892788e+09 -1.0016901228e+07 1.9239776163e+06 3.6000000000e+03 0.0000000000e+00 -0.0000000000e+00
8.4360000000e+04 2.6846535010e-14 7.7601087777e-16 1.9588214180e+08 1.8549695853e+07 7.5210389638e-19 3.5531978682e-20 -1.7068783173e+03 2.0138595760e+02 -4.6638892734e+09 -1.0016901228e+07 1.9239776163e+06 3.6000000000e+03 0.0000000000e+00 -0.0000000000e+00
8.7960000000e+04 2.9650612994e-14 9.1328510692e-16 1.8966957732e+08 1.9268109702e+07 8.0628109417e-19 4.0849029565e-20 -1.7449425791e+03 1.9765026020e+02 -4.6638892663e+09 -1.0016901228e+07 1.9239776163e+06 3.6000000000e+03 0.0000000000e+00 -0.0000000000e+00
9.1560000000e+04 3.2656062518e-14 1.0710394693e-15 1.8331553155e+08 1.9972134452e+07 8.6404705493e-19 4.6929891922e-20 -1.7855282635e+03 1.9337791785e+02 -4.6638892567e+09 -1.0016901228e+07 1.9239776163e+06 3.6000000000e+03 0.0000000000e+00 -0.0000000000e+00
9.5160000000e+04 3.5876605322e-14 1.2522562323e-15 1.7681036378e+08 2.0659674794e+07 9.2586063482e-19 5.3908414481e-20 -1.8289577575e+03 1.8847489000e+02 -4.6638892438e+09 -1.0016901228e+07 1.9239776163e+06 3.6000000000e+03 0.0000000000e+00 -0.0000000000e+00
9.8760000000e+04 3.9327769118e-14 1.4604545817e-15 1.7014316442e+08 2.1328258191e+07 9.9226971754e-19 6.1950454039e-20 -1.8756159978e+03 1.8282464762e+02 -4.6638892259e+09 -1.0016901228e+07 1.9239776163e+06 3.6000000000e+03 0.0000000000e+00 -0.0000000000e+00
1.0236000000e+05 4.3027248945e-14 1.6998229830e-15 1.6330150113e+08 2.1974941876e+07 1.0639350758e-18 7.1263942406e-20 -1.9259672354e+03 1.7628110026e+02 -4.6638892007e+09 -1.0016901228e+07 1.9239776163e+06 3.6000000000e+03 0.0000000000e+00 -0.0000000000e+00
1.0596000000e+05 4.6995368627e-14 1.9753945802e-15 1.5627109464e+08 2.2596189622e+07 1.1416626208e-18 8.2112993971e-20 -1.9805776940e+03 1.6865868427e+02 -4.6638891644e+09 -1.0016901228e+07 1.9239776163e+06 3.6000000000e+03 0.0000000000e+00 -0.0000000000e+00
1.0956000000e+05 5.1255678791e-14 2.2932835422e-15 1.4903539856e+08 2.3187705686e+07 1.2264477847e-18 9.4838079951e-20 -2.0401467527e+03 1.5971818857e+02 -4.6638891108e+09 -1.0016901228e+07 1.9239776163e+06 3.6000000000e+03 0.0000000000e+00 -0.0000000000e+00
1.1316000000e+05 5.5835744818e-14 2.6610096128e-15 1.4157504576e+08 2.3744206783e+07 1.3195378654e-18 1.0988554645e-19 -2.1055507483e+03 1.4914601563e+02 -4.6638890295e+09 -1.0016901228e+07 1.9239776163e+06 3.3303636651e+03 0.0000000000e+00 -0.0000000000e+00
1.1615457994e+05 5.9912475163e-14 3.0115405288e-15 1.3518179340e+08 2.4175751976e+07 1.4044296388e-18 1.2459487372e-19 -2.1651947095e+03 1.3881141534e+02 -4.6638889807e+09 -1.0016901228e+07 1.9239776163e+06 3.0139575158e+03 0.0000000000e+00 -0.0000000000e+00
1.1916853745e+05 6.4284088193e-14 3.4124376963e-15 1.2855852425e+08 2.4576296554e+07 1.4979453280e-18 1.4189496772e-19 -2.2308977326e+03 1.2665657283e+02 -4.6638889053e+09 -1.0016901228e+07 1.9239776163e+06 2.7218325479e+03 0.0000000000e+00 -0.0000000000e+00
1.2161460633e+05 6.8048128258e-14 3.7789955149e-15 1.2303136218e+08 2.4872425785e+07 1.5808061049e-18 1.5819036911e-19 -2.2891147396e+03 1.1520761552e+02 -4.6638888662e+09 -1.0016901228e+07 1.9239776163e+06 2.4626564205e+03 0.0000000000e+00 -0.0000000000e+00
1.2407726275e+05 7.2051277014e-14 4.1912770034e-15 1.1731665742e+08 2.5140184701e+07 1.6716053185e-18 1.7709667334e-19 -2.3529091989e+03 1.0192426860e+02 -4.6638888071e+09 -1.0016901228e+07 1.9239776163e+06 2.2227929943e+03 0.0000000000e+00 -0.0000000000e+00
1.2607162058e+05 7.5463634587e-14 4.5615889447e-15 1.1256890626e+08 2.5331431397e+07 1.7514152471e-18 1.9462739394e-19 -2.4089827157e+03 8.9607390551e+01 -4.6638887775e+09 -1.0016901228e+07 1.9239776163e+06 2.0092479953e+03 0.0000000000e+00 -0.0000000000e+00
1.2787861898e+05 7.8697963123e-14 4.9291679564e-15 1.0816703162e+08 2.5482189351e+07 1.8293107741e-18 2.1256673893e-19 -2.4637111966e+03 7.7003417816e+01 -4.6638887524e+09 -1.0016901228e+07 1.9239776163e+06 1.8209843258e+03 0.0000000000e+00 -0.0000000000e+00
1.2951016012e+05 8.1743454015e-14 5.2905326358e-15 1.0410460125e+08 2.5597598619e+07 1.9048332568e-18 2.3074701070e-19 -2.5167724044e+03 6.4230172753e+01 -4.6638887318e+09 -1.0016901228e+07 1.9239776163e+06 1.6457336411e+03 0.0000000000e+00 -0.0000000000e+00
1.3097560948e+05 8.4587491826e-14 5.6417879971e-15 1.0037944181e+08 2.5682515648e+07 1.9774178721e-18 2.4895580734e-19 -2.5677695012e+03 5.1436886458e+01 -4.6638887155e+09 -1.0016901228e+07 1.9239776163e+06 1.4805249425e+03 0.0000000000e+00 -0.0000000000e+00
1.3228018616e+05 8.7211644971e-14 5.9780854082e-15 9.6998352590e+07 2.5741528377e+07 2.0462842298e-18 2.6690321884e-19 -2.6161541940e+03 3.8827246280e+01 -4.6638887034e+09 -1.0016901228e+07 1.9239776163e+06 1.3217620008e+03 0.0000000000e+00 -0.0000000000e+00
1.3342259613e+05 8.9585537301e-14 6.2927110815e-15 9.3984200502e+07 2.5779060927e+07 2.1102549342e-18 2.8416451520e-19 -2.6610992582e+03 2.6699662531e+01 -4.6638886953e+09 -1.0016901228e+07 1.9239776163e+06 1.1644683310e+03 0.0000000000e+00 -0.0000000000e+00
1.3438772965e+05 9.1649488064e-14 6.5745207407e-15 9.1396722715e+07 2.5799523047e+07 2.1672429188e-18 3.0002324001e-19 -2.7011383458e+03 1.5557509053e+01 -4.6638886909e+09 -1.0016901228e+07 1.9239776163e+06 1.0007450451e+03 0.0000000000e+00 -0.0000000000e+00
1.3510717713e+05 9.3224572193e-14 6.7948835126e-15 8.9442247812e+07 2.5807545912e+07 2.2116341120e-18 3.1269279957e-19 -2.7323270759e+03 6.6560255601e+00 -4.6638886897e+09 -1.0016901228e+07 1.9239776163e+06 8.2379294891e+02 0.0000000000e+00 -0.0000000000e+00
1.3584184787e+05 9.4866597331e-14 7.0296114100e-15 8.7422800943e+07 2.5808921802e+07 2.2587805027e-18 3.2645370480e-19 -2.7654515753e+03 -3.0122245598e+00 -4.6638886881e+09 -1.0016901228e+07 1.9239776163e+06 6.9837235524e+02 0.0000000000e+00 -0.0000000000e+00
1.3654022022e+05 9.6460246269e-14 7.2624097039e-15 8.5480118782e+07 2.5803437257e+07 2.3054210705e-18 3.4037774026e-19 -2.7982206896e+03 -1.2795088066e+01 -4.6638886866e+09 -1.0016901228e+07 1.9239776163e+06 8.6199515759e+02 0.0000000000e+00 -0.0000000000e+00
1.3740221538e+05 9.8473241960e-14 7.5636554366e-15 8.3049985769e+07 2.5786898418e+07 2.3656349214e-18 3.5881380270e-19 -2.8405262328e+03 -2.5748048638e+01 -4.6638886813e+09 -1.0016901228e+07 1.9239776163e+06 9.4447294193e+02 0.0000000000e+00 -0.0000000000e+00
1.3834668832e+05 1.0074008879e-13 7.9127663828e-15 8.0344303243e+07 2.5755398916e+07 2.4352700130e-18 3.8078530535e-19 -2.8894510289e+03 -4.1184967913e+01 -4.6638886707e+09 -1.0016901228e+07 1.9239776163e+06 9.8476800263e+02 0.0000000000e+00 -0.0000000000e+00
1.3933145633e+05 1.0317583538e-13 8.2999350915e-15 7.7472467662e+07 2.5706281277e+07 2.5123811735e-18 4.0593727078e-19 -2.9436284230e+03 -5.8856442915e+01 -4.6638886538e+09 -1.0016901228e+07 1.9239776163e+06 9.9960108474e+02 0.0000000000e+00 -0.0000000000e+00
1.4033105741e+05 1.0572849279e-13 8.7195751159e-15 7.4501011735e+07 2.5637707146e+07 2.5959039103e-18 4.3416438382e-19 -3.0023105153e+03 -7.8688480454e+01 -4.6638886293e+09 -1.0016901228e+07 1.9239776163e+06 9.9748656952e+02 0.0000000000e+00 -0.0000000000e+00
1.4132854398e+05 1.0836187460e-13 9.1679842403e-15 7.1475331666e+07 2.5548441562e+07 2.6851787850e-18 4.6547942606e-19 -3.0650339920e+03 -1.0069006072e+02 -4.6638885965e+09 -1.0016901228e+07 1.9239776163e+06 9.8353653366e+02 0.0000000000e+00 -0.0000000000e+00
1.4231208051e+05 1.1104879206e-13 9.6424402727e-15 6.8428477619e+07 2.5437718133e+07 2.7797649070e-18 4.9996330327e-19 -3.1314890886e+03 -1.2491802715e+02 -4.6638885545e+09 -1.0016901228e+07 1.9239776163e+06 9.6115193130e+02 0.0000000000e+00 -0.0000000000e+00
1.4327323245e+05 1.1376782330e-13 1.0140785695e-14 6.5385440145e+07 2.5305143537e+07 2.8793523083e-18 5.3774267963e-19 -3.2014580251e+03 -1.5146137252e+02 -4.6638885023e+09 -1.0016901228e+07 1.9239776163e+06 9.3274647767e+02 0.0000000000e+00 -0.0000000000e+00
1.4420597892e+05 1.1650156911e-13 1.0661213152e-14 6.2365539050e+07 2.5150624781e+07 2.9837150589e-18 5.7897887486e-19 -3.2747820659e+03 -1.8043343816e+02 -4.6638884390e+09 -1.0016901228e+07 1.9239776163e+06 9.0010597358e+02 0.0000000000e+00 -0.0000000000e+00
1.4510608490e+05 1.1923561888e-13 1.1202145691e-14 5.9383889892e+07 2.4974311208e+07 3.0926836702e-18 6.2386206820e-19 -3.3513421301e+03 -2.1196784176e+02 -4.6638883637e+09 -1.0016901228e+07 1.9239776163e+06 8.6458752415e+02 0.0000000000e+00 -0.0000000000e+00
1.4597067242e+05 1.2195789120e-13 1.1762166363e-14 5.6452372459e+07 2.4776546924e+07 3.2061275836e-18 6.7260829299e-19 -3.4310464891e+03 -2.4621636581e+02 -4.6638882755e+09 -1.0016901228e+07 1.9239776163e+06 8.2723990161e+02 0.0000000000e+00 -0.0000000000e+00
1.4679791232e+05 1.2465818757e-13 1.2339975483e-14 5.3580307718e+07 2.4557831040e+07 3.3239433332e-18 7.2545803718e-19 -3.5138224487e+03 -2.8334797432e+02 -4.6638881735e+09 -1.0016901228e+07 1.9239776163e+06 7.8888144062e+02 0.0000000000e+00 -0.0000000000e+00
1.4758679376e+05 1.2732787447e-13 1.2934364254e-14 5.0774952706e+07 2.4318784040e+07 3.4460460730e-18 7.8267584703e-19 -3.5996103972e+03 -3.2354853437e+02 -4.6638880566e+09 -1.0016901228e+07 1.9239776163e+06 7.5015332469e+02 0.0000000000e+00 -0.0000000000e+00
1.4833694709e+05 1.2995964678e-13 1.3544198502e-14 4.8041875531e+07 2.4060119107e+07 3.5723631739e-18 8.4455060872e-19 -3.6883593062e+03 -3.6702101400e+02 -4.6638879238e+09 -1.0016901228e+07 1.9239776163e+06 7.1155771775e+02 0.0000000000e+00 -0.0000000000e+00
1.4904850481e+05 1.3254734476e-13 1.4168408846e-14 4.5385247798e+07 2.3782617572e+07 3.7028291195e-18 9.1139632685e-19 -3.7800231447e+03 -4.1398602913e+02 -4.6638877741e+09 -1.0016901228e+07 1.9239776163e+06 6.7348606263e+02 0.0000000000e+00 -0.0000000000e+00
1.4972199087e+05 1.3508580765e-13 1.4805985062e-14 4.2808077947e+07 2.3487107801e+07 3.8373812139e-18 9.8355329766e-19 -3.8745578632e+03 -4.6468266792e+02 -4.6638876064e+09 -1.0016901228e+07 1.9239776163e+06 6.3624070139e+02 0.0000000000e+00 -0.0000000000e+00
1.5035823157e+05 1.3757075317e-13 1.5455973252e-14 4.0312400896e+07 2.3174447024e+07 3.9759557789e-18 1.0613896223e-18 -3.9719187223e+03 -5.1936955389e+02 -4.6638874196e+09 -1.0016901228e+07 1.9239776163e+06 6.0005177872e+02 0.0000000000e+00 -0.0000000000e+00
1.5095828335e+05 1.3999867605e-13 1.6117474902e-14 3.7899434445e+07 2.2845505652e+07 4.1184846132e-18 1.1453030341e-18 -4.0720578045e+03 -5.7832612982e+02 -4.6638872124e+09 -1.0016901228e+07 1.9239776163e+06 5.6509070173e+02 0.0000000000e+00 -0.0000000000e+00
1.5152337405e+05 1.4236676078e-13 1.6789647249e-14 3.5569709772e+07 2.2501153723e+07 4.2648915419e-18 1.2357230349e-18 -4.1749215901e+03 -6.4185415863e+02 -4.6638869837e+09 -1.0016901228e+07 1.9239776163e+06 5.3148100950e+02 0.0000000000e+00 -0.0000000000e+00
1.5205485506e+05 1.4467280555e-13 1.7471704587e-14 3.3323181279e+07 2.2142249152e+07 4.4150889181e-18 1.3331133502e-18 -4.2804484996e+03 -7.1027944837e+02 -4.6638867323e+09 -1.0016901228e+07 1.9239776163e+06 4.9930724493e+02 0.0000000000e+00 -0.0000000000e+00
1.5255416230e+05 1.4691515517e-13 1.8162920258e-14 3.1159319720e+07 2.1769627502e+07 4.5689739552e-18 1.4379747255e-18 -4.3885663163e+03 -7.8395381702e+02 -4.6638864569e+09 -1.0016901228e+07 1.9239776163e+06 4.6862225933e+02 0.0000000000e+00 -0.0000000000e+00
1.5302278456e+05 1.4909264121e-13 1.8862629212e-14 2.9077191537e+07 2.1384093016e+07 4.7264247746e-18 1.5508480995e-18 -4.4991894096e+03 -8.6325732166e+02 -4.6638861563e+09 -1.0016901228e+07 1.9239776163e+06 4.3945326305e+02 0.0000000000e+00 -0.0000000000e+00
1.5346223783e+05 1.5120452857e-13 1.9570231064e-14 2.7075526690e+07 2.0986410660e+07 4.8872960515e-18 1.6723182007e-18 -4.6122156762e+03 -9.4860078571e+02 -4.6638858291e+09 -1.0016901228e+07 1.9239776163e+06 4.1180685891e+02 0.0000000000e+00 -0.0000000000e+00
1.5387404469e+05 1.5325046724e-13 2.0285193654e-14 2.5152776762e+07 2.0577298965e+07 5.0514141298e-18 1.8030176299e-18 -4.7275231072e+03 -1.0404286670e+03 -4.6638854741e+09 -1.0016901228e+07 1.9239776163e+06 3.8567324726e+02 0.0000000000e+00 -0.0000000000e+00
1.5425971793e+05 1.5523044902e-13 2.1007057162e-14 2.3307164759e+07 2.0157423415e+07 5.2185714618e-18 1.9436315072e-18 -4.8449658821e+03 -1.1392223229e+03 -4.6638850899e+09 -1.0016901228e+07 1.9239776163e+06 3.6102974525e+02 0.0000000000e+00 -0.0000000000e+00
1.5462074768e+05 1.5714476838e-13 2.1735438881e-14 2.1536727758e+07 1.9727390182e+07 5.3885201988e-18 2.0949027829e-18 -4.9643698653e+03 -1.2455037416e+03 -4.6638846755e+09 -1.0016901228e+07 1.9239776163e+06 3.3784373927e+02 0.0000000000e+00 -0.0000000000e+00
1.5495859142e+05 1.5899398730e-13 2.2470038822e-14 1.9839353315e+07 1.9287739941e+07 5.5609647228e-18 2.2576383398e-18 -5.0855273592e+03 -1.3598398293e+03 -4.6638842295e+09 -1.0016901228e+07 1.9239776163e+06 3.1607517089e+02 0.0000000000e+00 -0.0000000000e+00
1.5527466659e+05 1.6077890374e-13 2.3210646358e-14 1.8212810403e+07 1.8838941511e+07 5.7355528575e-18 2.4327160470e-18 -5.2081909286e+03 -1.4828473666e+03 -4.6638837510e+09 -1.0016901228e+07 1.9239776163e+06 2.9567863068e+02 0.0000000000e+00 -0.0000000000e+00
1.5557034522e+05 1.6250052350e-13 2.3957148220e-14 1.6654775482e+07 1.8381385034e+07 5.9118654252e-18 2.6210929732e-18 -5.3320660644e+03 -1.6151987788e+03 -4.6638832389e+09 -1.0016901228e+07 1.9239776163e+06 2.7660513700e+02 0.0000000000e+00 -0.0000000000e+00
1.5584695036e+05 1.6416003533e-13 2.4709538254e-14 1.5162854187e+07 1.7915374306e+07 6.0894037217e-18 2.8238150275e-18 -5.4568023829e+03 -1.7576289091e+03 -4.6638826925e+09 -1.0016901228e+07 1.9239776163e+06 2.5880365536e+02 0.0000000000e+00 -0.0000000000e+00
1.5610575401e+05 1.6575878924e-13 2.5467929469e-14 1.3734599013e+07 1.7441117848e+07 6.2675743454e-18 3.0420283775e-18 -5.5819829669e+03 -1.9109430417e+03 -4.6638821115e+09 -1.0016901228e+07 1.9239776163e+06 2.4222241809e+02 0.0000000000e+00 -0.0000000000e+00
1.5634797643e+05 1.6729827786e-13 2.6232569123e-14 1.2367523236e+07 1.6958718142e+07 6.4456706316e-18 3.2769931128e-18 -5.7071113224e+03 -2.0760265004e+03 -4.6638814957e+09 -1.0016901228e+07 1.9239776163e+06 2.2681009504e+02 0.0000000000e+00 -0.0000000000e+00
1.5657478652e+05 1.6878012107e-13 2.7003857835e-14 1.1059111243e+07 1.6468158301e+07 6.6228496772e-18 3.5300997753e-18 -5.8315952353e+03 -2.2538562638e+03 -4.6638808454e+09 -1.0016901228e+07 1.9239776163e+06 2.1251687225e+02 0.0000000000e+00 -0.0000000000e+00
1.5678730340e+05 1.7020605383e-13 2.7782374114e-14 9.8068252474e+06 1.5969285182e+07 6.7981035572e-18 3.8028896081e-18 -5.9547265496e+03 -2.4455151909e+03 -4.6638801619e+09 -1.0016901228e+07 1.9239776163e+06 1.9929549715e+02 0.0000000000e+00 -0.0000000000e+00
1.5698659889e+05 1.7157791770e-13 2.8568906232e-14 8.6081082685e+06 1.5461787566e+07 6.9702227724e-18 4.0970796930e-18 -6.0756554853e+03 -2.6522096836e+03 -4.6638794472e+09 -1.0016901228e+07 1.9239776163e+06 1.8710236229e+02 0.0000000000e+00 -0.0000000000e+00
1.5717370126e+05 1.7289765629e-13 2.9364494236e-14 7.4603830048e+06 1.4945167472e+07 7.1377491183e-18 4.4145946201e-18 -6.1933575250e+03 -2.8752919359e+03 -4.6638787045e+09 -1.0016901228e+07 1.9239776163e+06 1.7589872063e+02 0.0000000000e+00 -0.0000000000e+00
1.5734959998e+05 1.7416731546e-13 3.0170486121e-14 6.3610459788e+06 1.4418701785e+07 7.2989138649e-18 4.7576070198e-18 -6.3065899799e+03 -3.1162884125e+03 -4.6638779387e+09 -1.0016901228e+07 1.9239776163e+06 1.6565215725e+02 0.0000000000e+00 -0.0000000000e+00
1.5751525213e+05 1.7538904920e-13 3.0988614152e-14 5.3074559611e+06 1.3881390073e+07 7.4515550830e-18 5.1285903193e-18 -6.4138339040e+03 -3.3769369142e+03 -4.6638771569e+09 -1.0016901228e+07 1.9239776163e+06 1.5633850023e+02 0.0000000000e+00 -0.0000000000e+00
1.5767159063e+05 1.7656513246e-13 3.1821100386e-14 4.2969151890e+06 1.3331882306e+07 7.5930046267e-18 5.5303886204e-18 -6.5132146893e+03 -3.6592356735e+03 -4.6638763693e+09 -1.0016901228e+07 1.9239776163e+06 1.4794443674e+02 0.0000000000e+00 -0.0000000000e+00
1.5781953507e+05 1.7769798299e-13 3.2670805276e-14 3.3266412885e+06 1.2768376916e+07 7.7199297376e-18 5.9663108697e-18 -6.6023907789e+03 -3.9655095174e+03 -4.6638755903e+09 -1.0016901228e+07 1.9239776163e+06 1.4047122097e+02 0.0000000000e+00 -0.0000000000e+00
1.5796000629e+05 1.7879019378e-13 3.3541440976e-14 2.3937272625e+06 1.2188474219e+07 7.8281047144e-18 6.4402597039e-18 -6.6783932450e+03 -4.2985003924e+03 -4.6638748396e+09 -1.0016901228e+07 1.9239776163e+06 1.3072843450e+02 0.0000000000e+00 -0.0000000000e+00
1.5806933307e+05 1.7965000064e-13 3.4267889098e-14 1.6607999525e+06 1.1702826466e+07 7.8985015105e-18 6.8567309283e-18 -6.7278532057e+03 -4.5911081750e+03 -4.6638745866e+09 -1.0016901228e+07 1.9239776163e+06 1.1200802066e+02 0.0000000000e+00 -0.0000000000e+00
1.5816191809e+05 1.8038351162e-13 3.4920497123e-14 1.0363361232e+06 1.1265268393e+07 7.9440976194e-18 7.2468336508e-18 -6.7598884954e+03 -4.8651897584e+03 -4.6638744659e+09 -1.0016901228e+07 1.9239776163e+06 9.5639346618e+01 2.3857367901e-292 -1.6889441643e-284
1.5823621099e+05 1.8097467259e-13 3.5471380206e-14 5.3344225447e+05 1.0895040640e+07 7.9680966425e-18 7.5875088642e-18 -6.7767499267e+03 -5.1045441554e+03 -4.6638744241e+09 -1.0016901228e+07 1.9239776163e+06 7.9596935171e+01 4.7696425549e-268 -3.4396386798e-260
1.5826758407e+05 1.8122475733e-13 3.5711792648e-14 3.2076376431e+05 1.0733230994e+07 7.9740816587e-18 7.7393359931e-18 -6.7809549287e+03 -5.2112161100e+03 -4.6638744235e+09 -1.0016901228e+07 1.9239776163e+06 6.9665305341e+01 7.7555901009e-258 -5.6377482506e-250
1.5830824165e+05 1.8154905226e-13 3.6030577006e-14 4.5004673819e+04 1.0518459709e+07 7.9775687471e-18 7.9435091605e-18 -6.7834049159e+03 -5.3546657753e+03 -4.6638744213e+09 -1.0016901228e+07 1.9239776163e+06 4.6114144016e+01 1.1662977123e-244 -8.5674373628e-237
1.5835435579e+05 1.8191689890e-13 3.6402423768e-14 -2.6778367173e+05 1.0267642499e+07 7.9749300172e-18 8.1856312214e-18 -6.7815509754e+03 -5.5247778868e+03 -4.6638744176e+09 -1.0016901228e+07 1.9239776163e+06 6.4378233987e+01 8.3697078577e-230 -6.2229414866e-222
1.5841873403e+05 1.8242984417e-13 3.6940788043e-14 -7.0404009467e+05 9.9039661264e+06 7.9575610649e-18 8.5433189045e-18 -6.7693477538e+03 -5.7760850449e+03 -4.6638744002e+09 -1.0016901228e+07 1.9239776163e+06 7.6003478495e+01 2.9394701490e-209 -2.2233894912e-201
1.5849473751e+05 1.8303311360e-13 3.7607119599e-14 -1.2174570807e+06 9.4530128252e+06 7.9122912025e-18 8.9966692573e-18 -6.7375416811e+03 -6.0946036692e+03 -4.6638743689e+09 -1.0016901228e+07 1.9239776163e+06 8.2217335844e+01 2.2834584995e-185 -1.7633590877e-177
1.5857695484e+05 1.8368038288e-13 3.8368307133e-14 -1.7691106156e+06 8.9368213382e+06 7.8257801445e-18 9.5268140068e-18 -6.6767600295e+03 -6.4670771332e+03 -4.6638743336e+09 -1.0016901228e+07 1.9239776163e+06 8.6232283644e+01 4.2594125523e-160 -3.3653563735e-152
1.5866318712e+05 1.8434946386e-13 3.9215428101e-14 -2.3408202495e+06 8.3611628164e+06 7.6822547858e-18 1.0128393113e-17 -6.5759208010e+03 -6.8897395360e+03 -4.6638742743e+09 -1.0016901228e+07 1.9239776163e+06 8.9951330382e+01 2.0228570824e-134 -1.6376258704e-126
1.5875313845e+05 1.8503111383e-13 4.0156546188e-14 -2.9257434520e+06 7.7203048315e+06 7.4599234050e-18 1.0804709738e-17 -6.4197133885e+03 -7.3649116401e+03 -4.6638740647e+09 -1.0016901228e+07 1.9239776163e+06 9.5700380376e+01 8.3537354030e-109 -6.9374229209e-101
1.5884883884e+05 1.8572976121e-13 4.1226977740e-14 -3.5293838535e+06 6.9898940269e+06 7.1213306891e-18 1.1573392129e-17 -6.1818221298e+03 -7.9049788443e+03 -4.6638731775e+09 -1.0016901228e+07 1.9239776163e+06 1.0632400389e+02 3.0681191219e-83 -2.6170599684e-75
1.5895516284e+05 1.8646037583e-13 4.2504900018e-14 -4.1680035659e+06 6.1161073399e+06 6.5923837981e-18 1.2470218925e-17 -5.8101902671e+03 -8.5350788003e+03 -4.6638690720e+09 -1.0016901228e+07 1.9239776163e+06 9.5968495303e+01 1.8140997037e-57 -1.5921011645e-49
1.5903957983e+05 1.8699434381e-13 4.3588125772e-14 -4.6426451414e+06 5.3741534811e+06 6.0369231824e-18 1.3192843986e-17 -5.4199301733e+03 -9.0427866665e+03 -4.6638662026e+09 -1.0016901228e+07 1.9239776163e+06 8.4457886282e+01 1.7599649336e-39 -1.5771501851e-31
1.5912403772e+05 1.8747606689e-13 4.4732365104e-14 -5.0806282645e+06 4.5893414563e+06 5.3475517468e-18 1.3897647573e-17 -4.9355859129e+03 -9.5379733753e+03 -4.6638615524e+09 -1.0016901228e+07 1.9239776163e+06 7.7429825317e+01 3.7924972257e-24 -3.4619507659e-16
1.5920146754e+05 1.8786170736e-13 4.5832129478e-14 -5.4428225932e+06 3.8341862108e+06 4.5943265192e-18 1.4499523775e-17 -4.4063787295e+03 -9.9608445139e+03 -4.6638575269e+09 -1.0016901228e+07 1.9239776163e+06 7.2901413153e+01 8.2977619225e-13 -7.6821993942e-05
1.5926136547e+05 1.8811747951e-13 4.6713376200e-14 -5.6931123464e+06 3.2285905447e+06 3.9353778247e-18 1.4917064231e-17 -3.9434091190e+03 -1.0254203500e+04 -4.6638589165e+09 -1.0016901142e+07 1.9239778382e+06 6.3201483482e+01 4.9863435700e-06 -4.6564319171e+02
1.5927456659e+05 1.8816842082e-13 4.6910861290e-14 -5.7444600947e+06 3.0928279237e+06 3.7818731945e-18 1.5001901031e-17 -3.8355584356e+03 -1.0313808475e+04 -4.6638951212e+09 -1.0016899985e+07 1.9239809197e+06 3.6498601042e+01 8.7694243913e-05 -8.2023303370e+03
1.5928929740e+05 1.8822284923e-13 4.7132528011e-14 -5.8000604993e+06 2.9404218551e+06 3.6072962438e-18 1.5093131716e-17 -3.7128999745e+03 -1.0377898481e+04 -4.6646519515e+09 -1.0016876615e+07 1.9240455185e+06 2.2125830638e+01 1.6714746670e-03 -1.5659668400e+05
1.5930150596e+05 1.8826599280e-13 4.7317240067e-14 -5.8447598109e+06 2.8134091387e+06 3.4600914750e-18 1.5165864824e-17 -3.6094500202e+03 -1.0428926702e+04 -4.6719243157e+09 -1.0016658883e+07 1.9246677603e+06 1.4332396678e+01 1.5687994115e-02 -1.4716119394e+06
1.5931131604e+05 1.8829934975e-13 4.7466296968e-14 -5.8797560453e+06 2.7109061895e+06 3.3402204681e-18 1.5222344079e-17 -3.5251013067e+03 -1.0468229872e+04 -4.7094485484e+09 -1.0015564472e+07 1.9278849315e+06 1.0456814858e+01 8.2841980440e-02 -7.7779907974e+06
1.5931939324e+05 1.8832592725e-13 4.7589433964e-14 -5.9079450720e+06 2.6262277203e+06 3.2405033225e-18 1.5267492545e-17 -3.4546108126e+03 -1.0498654649e+04 -4.8377128827e+09 -1.0011906066e+07 1.9389009631e+06 8.3199035842e+00 2.9757441073e-01 -2.7955808784e+07
1.5932630251e+05 1.8834802004e-13 4.7695051822e-14 -5.9316022258e+06 2.5536077605e+06 3.1544981386e-18 1.5305119678e-17 -3.3930686578e+03 -1.0521659681e+04 -5.1767528113e+09 -1.0002420708e+07 1.9680674249e+06 7.0170002102e+00 8.3147371744e-01 -7.8133172673e+07
1.5933241814e+05 1.8836707763e-13 4.7788752042e-14 -5.9521819850e+06 2.4892112989e+06 3.0778455898e-18 1.5337646485e-17 -3.3367562138e+03 -1.0536813695e+04 -5.9361097018e+09 -9.9815339548e+06 2.0335084061e+06 6.1682398116e+00 1.9600314154e+00 -1.8413807513e+08
1.5933858638e+05 1.8838582283e-13 4.7883457575e-14 -5.9725804745e+06 2.4241957371e+06 3.0000480500e-18 1.5369701360e-17 -3.2764908214e+03 -1.0541445590e+04 -7.6963201069e+09 -9.9338850274e+06 2.1855690017e+06 5.5848541083e+00 4.4226663129e+00 -4.1498191714e+08
1.5934417123e+05 1.8840238000e-13 4.7969374612e-14 -5.9907142546e+06 2.3653518637e+06 2.9292009305e-18 1.5398064893e-17 -3.2162075088e+03 -1.0527244898e+04 -1.1042282765e+10 -9.8445758677e+06 2.4756619081e+06 5.2638210066e+00 8.8180551889e+00 -8.2505650639e+08
1.5934943506e+05 1.8841762229e-13 4.8050496350e-14 -6.0074757128e+06 2.3100349302e+06 2.8620832285e-18 1.5424218485e-17 -3.1504902614e+03 -1.0484312412e+04 -1.7019379197e+10 -9.6868061810e+06 2.9967772947e+06 5.3697813533e+00 1.6167048148e+01 -1.5043959169e+09
1.5935480484e+05 1.8843280647e-13 4.8133391363e-14 -6.0241817438e+06 2.2539607623e+06 2.7932834114e-18 1.5450315718e-17 -3.0686423767e+03 -1.0390077820e+04 -2.7892122758e+10 -9.4019716692e+06 3.9536239965e+06 6.2358362739e+00 2.8552253113e+01 -2.6292893772e+09
1.5935881626e+05 1.8844390807e-13 4.8195407572e-14 -6.0363444333e+06 2.2125073437e+06 2.7416771873e-18 1.5469426979e-17 -2.9929007467e+03 -1.0268875703e+04 -4.0729967791e+10 -9.0663601844e+06 5.0979744457e+06 4.1678329522e+00 4.2069842839e+01 -3.8248694237e+09
1.5936234449e+05 1.8845350105e-13 4.8250016499e-14 -6.0467662800e+06 2.1765362494e+06 2.6961441259e-18 1.5485965873e-17 -2.9123564371e+03 -1.0112858971e+04 -5.6469745422e+10 -8.6536569956e+06 6.5228869378e+06 3.5581296997e+00 5.7410090924e+01 -5.1354964430e+09
1.5936554513e+05 1.8846206418e-13 4.8299605241e-14 -6.0559524974e+06 2.1444609422e+06 2.6547270817e-18 1.5500752450e-17 -2.8255174521e+03 -9.9215873770e+03 -7.5048561656e+10 -8.1628682110e+06 8.2370009263e+06 3.2129734310e+00 7.4077218722e+01 -6.4955834930e+09
1.5936875810e+05 1.8847052682e-13 4.8349432319e-14 -6.0648707840e+06 2.1129649620e+06 2.6130477962e-18 1.5515391713e-17 -2.7232638501e+03 -9.6741067564e+03 -9.8236689326e+10 -7.5426212870e+06 1.0428011881e+07 2.9871827074e+00 9.2982992301e+01 -7.9431510553e+09
1.5937174529e+05 1.8847827448e-13 4.8395799731e-14 -6.0728454524e+06 2.0844785623e+06 2.5742091025e-18 1.5528822313e-17 -2.6136091531e+03 -9.3892597260e+03 -1.2394765315e+11 -6.8425010414e+06 1.2929419184e+07 2.8355956940e+00 1.1172263142e+02 -9.2554403222e+09
1.5937458088e+05 1.8848552154e-13 4.8439851082e-14 -6.0800933439e+06 2.0582978555e+06 2.5372660944e-18 1.5541415168e-17 -2.4963653116e+03 -9.0683019324e+03 -1.5180176093e+11 -6.0665520327e+06 1.5732764957e+07 2.7459891499e+00 1.2955935571e+02 -1.0357996331e+10
1.5937732687e+05 1.8849243965e-13 4.8482544221e-14 -6.0867790503e+06 2.0338759929e+06 2.5014240801e-18 1.5553469630e-17 -2.3712678141e+03 -8.7117412202e+03 -1.8145241121e+11 -5.2172718141e+06 1.8835520260e+07 2.6968948427e+00 1.4583291154e+02 -1.1191788348e+10
1.5938002377e+05 1.8849913819e-13 4.8524506111e-14 -6.0929972920e+06 2.0108992016e+06 2.4661625610e-18 1.5565179036e-17 -2.2386800588e+03 -8.3215369466e+03 -2.1240781449e+11 -4.3008576859e+06 2.2222185156e+07 2.6711086131e+00 1.5987015412e+02 -1.1710159590e+10
1.5938269488e+05 1.8850567887e-13 4.8566097748e-14 -6.0987929632e+06 1.9892252887e+06 2.4311825711e-18 1.5576655364e-17 -2.0997713710e+03 -7.9019825407e+03 -2.4400021347e+11 -3.3290343390e+06 2.5856934239e+07 2.6503688669e+00 1.7104763307e+02 -1.1887427886e+10
1.5938534524e+05 1.8851207635e-13 4.8607396595e-14 -6.1041695090e+06 1.9688622217e+06 2.3964227308e-18 1.5587929260e-17 -1.9567854342e+03 -7.4608048145e+03 -2.7536685624e+11 -2.3212396426e+06 2.9674272619e+07 2.6156848459e+00 1.7888741716e+02 -1.1728170167e+10
1.5938796093e+05 1.8851829972e-13 4.8648184142e-14 -6.1091002076e+06 1.9499347697e+06 2.3620706892e-18 1.5598950974e-17 -1.8130972681e+03 -7.0095754705e+03 -3.0550883573e+11 -1.3050406231e+06 3.3575543720e+07 2.5553136905e+00 1.8318710008e+02 -1.1273750285e+10
1.5939051624e+05 1.8852429263e-13 4.8688058010e-14 -6.1135535194e+06 1.9325945121e+06 2.3284692942e-18 1.5609623886e-17 -1.6725979148e+03 -6.5618836392e+03 -3.3349533963e+11 -3.1146365051e+05 3.7444662915e+07 2.4727399817e+00 1.8411988869e+02 -1.0597837191e+10
1.5939298898e+05 1.8853001009e-13 4.8726669234e-14 -6.1175230843e+06 1.9169041338e+06 2.2959166386e-18 1.5619868691e-17 -1.5385224672e+03 -6.1294945534e+03 -3.5872361581e+11 6.3377319442e+05 4.1181152119e+07 2.3821167403e+00 1.8219203513e+02 -9.7867869958e+09
1.5939537110e+05 1.8853544185e-13 4.8763889267e-14 -6.1210373619e+06 1.9027929564e+06 2.2645248146e-18 1.5629665728e-17 -1.4126838612e+03 -5.7196224203e+03 -3.8101264173e+11 1.5159293721e+06 4.4723573155e+07 2.2964140351e+00 1.7805947295e+02 -8.9168157255e+09
1.5939766751e+05 1.8854060736e-13 4.8799792235e-14 -6.1241461570e+06 1.8901021534e+06 2.2342344496e-18 1.5639047643e-17 -1.2956098132e+03 -5.3351469752e+03 -4.0048867520e+11 2.3301647204e+06 4.8047643236e+07 2.2220110484e+00 1.7234976256e+02 -8.0430082726e+09
1.5939988952e+05 1.8854553927e-13 4.8834552406e-14 -6.1269035191e+06 1.8786487343e+06 2.2049010423e-18 1.5648071035e-17 -1.1870835278e+03 -4.9762841384e+03 -4.1742083056e+11 3.0774590389e+06 5.1151865045e+07 2.1601915516e+00 1.6558037396e+02 -7.2003064252e+09
1.5940204972e+05 1.8855027146e-13 4.8868364668e-14 -6.1293583677e+06 1.8682628033e+06 2.1763621233e-18 1.5656795476e-17 -1.0865765472e+03 -4.6420093103e+03 -4.3211326502e+11 3.7613339491e+06 5.4045303447e+07 2.1098928415e+00 1.5815011575e+02 -6.4088135879e+09
1.5940415961e+05 1.8855483392e-13 4.8901407781e-14 -6.1315518129e+06 1.8587996804e+06 2.1484683911e-18 1.5665274320e-17 -9.9347556024e+02 -4.3308430175e+03 -4.4485644351e+11 4.3861109694e+06 5.6740852590e+07 2.0693645673e+00 1.5035773463e+02 -5.6787587138e+09
1.5940622897e+05 1.8855925157e-13 4.8933833516e-14 -6.1335175221e+06 1.8501399733e+06 2.1210929967e-18 1.5673552356e-17 -9.0717760422e+02 -4.0412062931e+03 -4.5591075076e+11 4.9561577405e+06 5.9252201181e+07 2.0368643653e+00 1.4242405060e+02 -5.0140539926e+09
1.5940826584e+05 1.8856354449e-13 4.8965766685e-14 -6.1352829682e+06 1.8421858138e+06 2.0941316122e-18 1.5681666232e-17 -8.2712326039e+02 -3.7715637955e+03 -4.6550376958e+11 5.4756062747e+06 6.1592618473e+07 2.0108784602e+00 1.3451063492e+02 -4.4146601531e+09
1.5941027672e+05 1.8856772876e-13 4.8997308638e-14 -6.1368707115e+06 1.8348566224e+06 2.0674995427e-18 1.5689645662e-17 -7.5280439585e+02 -3.5204743535e+03 -4.7383246097e+11 5.9482699044e+06 6.3774531891e+07 1.9901565981e+00 1.2673422169e+02 -3.8781351289e+09
1.5941226687e+05 1.8857181717e-13 4.9028541324e-14 -6.1382994744e+06 1.8280854387e+06 2.0411283415e-18 1.5697514714e-17 -6.8376241657e+02 -3.2866033800e+03 -4.8106672594e+11 6.3776379144e+06 6.5809429141e+07 1.9736848946e+00 1.1917757703e+02 -3.4006490073e+09
1.5941424056e+05 1.8857581989e-13 4.9059530952e-14 -6.1395849817e+06 1.8218160037e+06 2.0149627554e-18 1.5705292908e-17 -6.1958354699e+02 -3.0687205422e+03 -4.8735304995e+11 6.7668974261e+06 6.7707884636e+07 1.9606453041e+00 1.1189769449e+02 -2.9776503381e+09
1.5941620120e+05 1.8857974503e-13 4.9090331016e-14 -6.1407406025e+06 1.8160005084e+06 1.9889581879e-18 1.5712996121e-17 -5.5989360806e+02 -2.8656922983e+03 -4.9281780915e+11 7.1189626296e+06 6.9479628297e+07 1.9503769554e+00 1.0493201144e+02 -2.6043015202e+09
1.5941815158e+05 1.8858359901e-13 4.9120984737e-14 -6.1417778371e+06 1.8105978735e+06 1.9630786576e-18 1.5720637300e-17 -5.0435318008e+02 -2.6764732519e+03 -4.9757014034e+11 7.4365037126e+06 7.1133623314e+07 1.9423437515e+00 9.8303159484e+01 -2.2757593665e+09
1.5942009392e+05 1.8858738695e-13 4.9151526992e-14 -6.1427066873e+06 1.8055724343e+06 1.9372951768e-18 1.5728227024e-17 -4.5265339512e+02 -2.5000978334e+03 -5.0170439164e+11 7.7219729376e+06 7.2678140205e+07 1.9361087955e+00 9.2022617863e+01 -1.9873509171e+09
1.5942203003e+05 1.8859111287e-13 4.9181985860e-14 -6.1435359395e+06 1.8008929302e+06 1.9115844603e-18 1.5735773947e-17 -4.0451235527e+02 -2.3356727770e+03 -5.0530220550e+11 7.9776273769e+06 7.4120823407e+07 1.9313144265e+00 8.6093535190e+01 -1.7346780735e+09
1.5942396135e+05 1.8859477997e-13 4.9212383843e-14 -6.1442733837e+06 1.7965317227e+06 1.8859278927e-18 1.5743285147e-17 -3.5967210403e+02 -2.1823704840e+03 -5.0843428916e+11 8.2055484910e+06 7.5468749782e+07 1.9276665561e+00 8.0512914588e+01 -1.5136740200e+09
1.5942588901e+05 1.8859839072e-13 4.9242738860e-14 -6.1449259831e+06 1.7924641847e+06 1.8603107004e-18 1.5750766408e-17 -3.1789606468e+02 -2.0394232213e+03 -5.1116192241e+11 8.4076589527e+06 7.6728479610e+07 1.9249226926e+00 7.5273307502e+01 -1.3206272980e+09
1.5942781394e+05 1.8860194705e-13 4.9273065046e-14 -6.1455000081e+06 1.7886682199e+06 1.8347212774e-18 1.5758222449e-17 -2.7896685613e+02 -1.9061180238e+03 -5.1353824548e+11 8.5857371917e+06 7.7906101266e+07 1.9228824199e+00 7.0364124646e+01 -1.1521845216e+09
1.5942973682e+05 1.8860545042e-13 4.9303373405e-14 -6.1460011415e+06 1.7851238813e+06 1.8091506368e-18 1.5765657102e-17 -2.4268442038e+02 -1.7817922016e+03 -5.1560936218e+11 8.7414300299e+06 7.9007270501e+07 1.9213800526e+00 6.5772648030e+01 -1.0053394339e+09
1.5943165820e+05 1.8860890193e-13 4.9333672351e-14 -6.1464345632e+06 1.7818130654e+06 1.7835919562e-18 1.5773073466e-17 -2.0886440152e+02 -1.6658293418e+03 -5.1741528714e+11 8.8762637496e+06 8.0037245332e+07 1.9202785734e+00 6.1484808044e+01 -8.7741362687e+08
1.5943357848e+05 1.8861230239e-13 4.9363968153e-14 -6.1468050187e+06 1.7787192650e+06 1.7580402032e-18 1.5780474028e-17 -1.7733673623e+02 -1.5576557379e+03 -5.1899076100e+11 8.9916538355e+06 8.1000917120e+07 1.9194649219e+00 5.7485776431e+01 -7.6603263306e+08
1.5943549794e+05 1.8861565237e-13 4.9394265311e-14 -6.1471168736e+06 1.7758273682e+06 1.7324918218e-18 1.5787860768e-17 -1.4794441700e+02 -1.4567371685e+03 -5.2036595330e+11 9.0889136153e+06 8.1902838577e+07 1.9188461801e+00 5.3760414047e+01 -6.6909988684e+08
1.5943741679e+05 1.8861895224e-13 4.9424566864e-14 -6.1473741601e+06 1.7731234925e+06 1.7069444687e-18 1.5795235247e-17 -1.2054240110e+02 -1.3625759739e+03 -5.2156706944e+11 9.1692619578e+06 8.2747249118e+07 1.9183464041e+00 5.0293604549e+01 -5.8477024424e+08
1.5943933513e+05 1.8862220225e-13 4.9454874661e-14 -6.1475806137e+06 1.7705948474e+06 1.6813967910e-18 1.5802598674e-17 -9.4996644725e+01 -1.2747083939e+03 -5.2261687554e+11 9.2338301556e+06 8.3538097930e+07 1.9179040175e+00 4.7070498685e+01 -5.1142415854e+08
1.5944125304e+05 1.8862540251e-13 4.9485189581e-14 -6.1477397057e+06 1.7682296201e+06 1.6558482376e-18 1.5809951969e-17 -7.1183244726e+01 -1.1927021329e+03 -5.2353515257e+11 9.2836680947e+06 8.4279065027e+07 1.9174698398e+00 4.4076688638e+01 -4.4764318936e+08
1.5944317051e+05 1.8862855306e-13 4.9515511729e-14 -6.1478546687e+06 1.7660168776e+06 1.6302988969e-18 1.5817295818e-17 -4.8987671789e+01 -1.1161541185e+03 -5.2433908987e+11 9.3197498020e+06 8.4973580615e+07 1.9170052032e+00 4.1298327551e+01 -3.9218722771e+08
1.5944486923e+05 1.8863130326e-13 4.9542386497e-14 -6.1479220934e+06 1.7641753792e+06 1.6076588700e-18 1.5823795871e-17 -3.0586374259e+01 -1.0525817173e+03 -5.2496798250e+11 9.3409545904e+06 8.5552764344e+07 1.7380216453e+00 3.9005769676e+01 -3.4912976825e+08
1.5944626709e+05 1.8863353751e-13 4.9564509622e-14 -6.1479547661e+06 1.7627389077e+06 1.5890250501e-18 1.5829140724e-17 -1.6283202693e+01 -1.0030780364e+03 -5.2543352352e+11 9.3512503764e+06 8.6005465093e+07 1.4738824642e+00 3.7231797872e+01 -3.1748621235e+08
1.5944726758e+05 1.8863512064e-13 4.9580348416e-14 -6.1479661279e+06 1.7617524238e+06 1.5756862436e-18 1.5832964140e-17 -6.4895814380e+00 -9.6912628911e+02 -5.2574065969e+11 9.3548368044e+06 8.6316888388e+07 1.2168369681e+00 3.6021703821e+01 -2.9673808404e+08
1.5944848442e+05 1.8863702812e-13 4.9599617380e-14 -6.1479670164e+06 1.7605974848e+06 1.5594608067e-18 1.5837612142e-17 4.9431923179e+00 -9.2942298444e+02 -5.2608736941e+11 9.3551170722e+06 8.6682124347e+07 1.1321404079e+00 3.4614284904e+01 -2.7346001944e+08
1.5944961656e+05 1.8863878510e-13 4.9617550227e-14 -6.1479556154e+06 1.7595654408e+06 1.5443625684e-18 1.5841934563e-17 1.5125943234e+01 -8.9398631033e+02 -5.2638555631e+11 9.3515037762e+06 8.7009149572e+07 1.3552999122e+00 3.3365914259e+01 -2.5357998892e+08
1.5945097186e+05 1.8864086593e-13 4.9639024305e-14 -6.1479271625e+06 1.7583815544e+06 1.5262855823e-18 1.5847106514e-17 2.6763327843e+01 -8.5338372884e+02 -5.2671425928e+11 9.3424657841e+06 8.7385158404e+07 1.4793258715e+00 3.1945760368e+01 -2.3184086109e+08
1.5945245118e+05 1.8864310921e-13 4.9662471514e-14 -6.1478785792e+06 1.7571505797e+06 1.5065510446e-18 1.5852748859e-17 3.8807775662e+01 -8.1121852046e+02 -5.2704111279e+11 9.3269889318e+06 8.7777258760e+07 1.5595530420e+00 3.0484033255e+01 -2.1043869299e+08
1.5945401074e+05 1.8864544253e-13 4.9687199353e-14 -6.1478086157e+06 1.7559186069e+06 1.4857425988e-18 1.5858694135e-17 5.0796417703e+01 -7.6906927354e+02 -5.2735325337e+11 9.3046243507e+06 8.8171032551e+07 1.6160599986e+00 2.9038140736e+01 -1.9023851010e+08
1.5945562680e+05 1.8864782615e-13 4.9712832930e-14 -6.1477169802e+06 1.7547094493e+06 1.4641763104e-18 1.5864851738e-17 6.2488673626e+01 -7.2774452516e+02 -5.2764532696e+11 9.2752146514e+06 8.8559066114e+07 1.6583120864e+00 2.7637641788e+01 -1.7159080485e+08
1.5945728511e+05 1.8865023586e-13 4.9739147042e-14 -6.1476039157e+06 1.7535361587e+06 1.4420421194e-18 1.5871167304e-17 7.3751139003e+01 -6.8768060032e+02 -5.2791551039e+11 9.2387602189e+06 8.8937326036e+07 1.6914177935e+00 2.6298582630e+01 -1.5460422588e+08
1.5945897653e+05 1.8865265586e-13 4.9765997263e-14 -6.1474699729e+06 1.7524059381e+06 1.4194619005e-18 1.5877606035e-17 8.4508334611e+01 -6.4911158628e+02 -5.2816377256e+11 9.1953473142e+06 8.9303614757e+07 1.7184016864e+00 2.5029645224e+01 -1.3926523078e+08
1.5946069493e+05 1.8865507535e-13 4.9793286986e-14 -6.1473158800e+06 1.7513225692e+06 1.3965172293e-18 1.5884144712e-17 9.4718291854e+01 -6.1215346354e+02 -5.2839101090e+11 9.1451063742e+06 8.9656807781e+07 1.7411881402e+00 2.3835197273e+01 -1.2549762593e+08
1.5946243612e+05 1.8865748671e-13 4.9820950037e-14 -6.1471424638e+06 1.7502877331e+06 1.3732640399e-18 1.5890767481e-17 1.0435922868e+02 -5.7684993645e+02 -5.2859858914e+11 9.0881862900e+06 8.9996438934e+07 1.7610804667e+00 2.2716953530e+01 -1.1319444198e+08
1.5946419720e+05 1.8865988442e-13 4.9848940853e-14 -6.1469505995e+06 1.7493017783e+06 1.3497408976e-18 1.5897463468e-17 1.1342176338e+02 -5.4319915796e+02 -5.2878807865e+11 9.0247376293e+06 9.0322458987e+07 1.7790156867e+00 2.1674940989e+01 -1.0223573526e+08
1.5946597621e+05 1.8866226449e-13 4.9877228705e-14 -6.1467411772e+06 1.7483641917e+06 1.3259738770e-18 1.5904225379e-17 1.2190412539e+02 -5.1117013077e+02 -5.2896111042e+11 8.9549010591e+06 9.0635087854e+07 1.7957101940e+00 2.0708085893e+01 -9.2498724991e+07
1.5946777192e+05 1.8866462401e-13 4.9905794211e-14 -6.1465150785e+06 1.7474738964e+06 1.3019794984e-18 1.5911048651e-17 1.2980909218e+02 -4.8071317872e+02 -5.2911929030e+11 8.8787988477e+06 9.0934720525e+07 1.8117488908e+00 1.9814582217e+01 -8.3863552600e+07
1.5946958367e+05 1.8866696094e-13 4.9934627271e-14 -6.1462731587e+06 1.7466294479e+06 1.2777664771e-18 1.5917930944e-17 1.3714197149e+02 -4.5176684175e+02 -5.2926415161e+11 8.7965281587e+06 9.1221865443e+07 1.8276439630e+00 1.8992127555e+01 -7.6216455384e+07
1.5947141131e+05 1.8866927392e-13 4.9963725924e-14 -6.1460162333e+06 1.7458291639e+06 1.2533366883e-18 1.5924871865e-17 1.4390924476e+02 -4.2426252150e+02 -5.2939713041e+11 8.7081552832e+06 9.1497103344e+07 1.8438771618e+00 1.8238075316e+01 -6.9451379392e+07
1.5947325519e+05 1.8867156219e-13 4.9993095887e-14 -6.1457450647e+06 1.7450712115e+06 1.2286855686e-18 1.5931872846e-17 1.5011764297e+02 -3.9812766109e+02 -5.2951955466e+11 8.6137101812e+06 9.1761059518e+07 1.8609331528e+00 1.7549532491e+01 -6.3470639896e+07
1.5947511612e+05 1.8867382554e-13 5.0022750610e-14 -6.1454603496e+06 1.7443536666e+06 1.2038020712e-18 1.5938937156e-17 1.5577351131e+02 -3.7328794283e+02 -5.2963264212e+11 8.5131808154e+06 9.2014385185e+07 1.8793300666e+00 1.6923421448e+01 -5.8185002301e+07
1.5947699545e+05 1.8867606427e-13 5.0052711837e-14 -6.1451627057e+06 1.7436745527e+06 1.1786682134e-18 1.5946070026e-17 1.6088237036e+02 -3.4966879466e+02 -5.2973750351e+11 8.4065067186e+06 9.2257745439e+07 1.8996502495e+00 1.6356517416e+01 -5.3513413006e+07
1.5947889510e+05 1.8867827919e-13 5.0083010640e-14 -6.1448526546e+06 1.7430318651e+06 1.1532582122e-18 1.5953278888e-17 1.6544860535e+02 -3.2719640003e+02 -5.2983514910e+11 8.2935711885e+06 9.2491812116e+07 1.9063775566e+00 1.5845469830e+01 -4.9382527851e+07
1.5948080148e+05 1.8868045342e-13 5.0113430508e-14 -6.1445333468e+06 1.7424285398e+06 1.1277538688e-18 1.5960512300e-17 1.6944375773e+02 -3.0597318875e+02 -5.2992575647e+11 8.1752180452e+06 9.2715407351e+07 1.9083957257e+00 1.5390444725e+01 -4.5754937487e+07
1.5948270988e+05 1.8868258126e-13 5.0143896390e-14 -6.1442066215e+06 1.7418638928e+06 1.1022182298e-18 1.5967752543e-17 1.7287041114e+02 -2.8597981493e+02 -5.3000997231e+11 8.0518457629e+06 9.2928589760e+07 1.9111306318e+00 1.4988162988e+01 -4.2572870518e+07
1.5948462101e+05 1.8868466330e-13 5.0174419779e-14 -6.1438734099e+06 1.7413355337e+06 1.0766417647e-18 1.5975002477e-17 1.7574418212e+02 -2.6713993688e+02 -5.3008860364e+11 7.9235301668e+06 9.3132025328e+07 1.9144630022e+00 1.4633899923e+01 -3.9774997619e+07
1.5948653547e+05 1.8868669997e-13 5.0205010282e-14 -6.1435346327e+06 1.7408412719e+06 1.0510165345e-18 1.5982264499e-17 1.7808032243e+02 -2.4938671004e+02 -5.3016234024e+11 7.7903534845e+06 9.3326296554e+07 1.9182675675e+00 1.4323036982e+01 -3.7307957941e+07
1.5948845374e+05 1.8868869147e-13 5.0235675520e-14 -6.1431912042e+06 1.7403790886e+06 1.0253362733e-18 1.5989540523e-17 1.7989448207e+02 -2.3266176391e+02 -5.3023177060e+11 7.6524113220e+06 9.3511911008e+07 1.9223162358e+00 1.4051050097e+01 -3.5125255866e+07
1.5949037606e+05 1.8869063775e-13 5.0266419481e-14 -6.1428440521e+06 1.7399471327e+06 9.9959776742e-19 1.5996831586e-17 1.8120336891e+02 -2.1691495436e+02 -5.3029739218e+11 7.5098265028e+06 9.3689301121e+07 1.9262571933e+00 1.3813524855e+01 -3.3186453106e+07
1.5949230231e+05 1.8869253839e-13 5.0297240530e-14 -6.1424941393e+06 1.7395437155e+06 9.7380251421e-19 1.6004137386e-17 1.8202546584e+02 -2.0210398130e+02 -5.3035962014e+11 7.3627650745e+06 9.3858824629e+07 1.9296008571e+00 1.3606180158e+01 -3.1456487067e+07
1.5949423191e+05 1.8869439250e-13 5.0328129188e-14 -6.1421424859e+06 1.7391673017e+06 9.4795857157e-19 1.6011455754e-17 1.8238178224e+02 -1.8819379548e+02 -5.3041879494e+11 7.2114537385e+06 9.4020766502e+07 1.9317233071e+00 1.3424900598e+01 -2.9905096506e+07
1.5949616364e+05 1.8869619871e-13 5.0359065966e-14 -6.1417901881e+06 1.7388164961e+06 9.2208236214e-19 1.6018782148e-17 1.8229658896e+02 -1.7515568691e+02 -5.3047518946e+11 7.0561968729e+06 9.4175343649e+07 1.9318992366e+00 1.3265776948e+01 -2.8506331354e+07
1.5949809554e+05 1.8869795508e-13 5.0390019717e-14 -6.1414384269e+06 1.7384900215e+06 8.9620003742e-19 1.6026109267e-17 1.8179804288e+02 -1.6296594683e+02 -5.3052901648e+11 6.8973899879e+06 9.4322713993e+07 1.9293728452e+00 1.3125153121e+01 -2.7238120671e+07
1.5950002491e+05 1.8869965924e-13 5.0420947116e-14 -6.1410884604e+06 1.7381866878e+06 8.7034789251e-19 1.6033426935e-17 1.8091856157e+02 -1.5160405202e+02 -5.3058043727e+11 6.7355253874e+06 9.4462991214e+07 1.9234674767e+00 1.2999676442e+01 -2.6081872162e+07
1.5950194838e+05 1.8870130854e-13 5.0451793907e-14 -6.1407415935e+06 1.7379053532e+06 8.4457131126e-19 1.6040722402e-17 1.7969478358e+02 -1.4105043023e+02 -5.3062957199e+11 6.5711855313e+06 9.4596265528e+07 1.9137150786e+00 1.2886346003e+01 -2.5022078654e+07
1.5950386209e+05 1.8870290026e-13 5.0482498225e-14 -6.1403991242e+06 1.7376448821e+06 8.1892197472e-19 1.6047981132e-17 1.7816697813e+02 -1.3128404699e+02 -5.3067651159e+11 6.4050213471e+06 9.4722628919e+07 1.8999695956e+00 1.2782552295e+01 -2.4045916879e+07
1.5950576206e+05 1.8870443200e-13 5.0512995748e-14 -6.1400622717e+06 1.7374041067e+06 7.9345354659e-19 1.6055188024e-17 1.7637787257e+02 -1.2228021751e+02 -5.3072133054e+11 6.2377164971e+06 9.4842201032e+07 1.8824615825e+00 1.2686100897e+01 -2.3142838396e+07
1.5950764452e+05 1.8870590189e-13 5.0543225744e-14 -6.1397321021e+06 1.7371818029e+06 7.6821662292e-19 1.6062328844e-17 1.7437102599e+02 -1.1400910297e+02 -5.3076409850e+11 6.0699433930e+06 9.4955150482e+07 1.8617692799e+00 1.2595214841e+01 -2.2304168238e+07
1.5950950629e+05 1.8870730889e-13 5.0573136669e-14 -6.1394094666e+06 1.7369766860e+06 7.4325406583e-19 1.6069391539e-17 1.7218902525e+02 -1.0643521467e+02 -5.3080488934e+11 5.9023199957e+06 9.5061706944e+07 1.8387142573e+00 1.2508514194e+01 -2.1522735184e+07
1.5951134501e+05 1.8870865286e-13 5.0602690101e-14 -6.1390949681e+06 1.7367874250e+06 7.1859773367e-19 1.6076367163e-17 1.6987183453e+02 -9.9517967985e+01 -5.3084378621e+11 5.7353762590e+06 9.5162161969e+07 1.8142207103e+00 1.2424976063e+01 -2.0792555122e+07
1.5951315923e+05 1.8870993448e-13 5.0631862423e-14 -6.1387889574e+06 1.7366126727e+06 6.9426709670e-19 1.6083250270e-17 1.6745556085e+02 -9.3213031852e+01 -5.3088088283e+11 5.5695353687e+06 9.5256859845e+07 1.7891844871e+00 1.2343881708e+01 -2.0108577214e+07
1.5951494841e+05 1.8871115519e-13 5.0660644398e-14 -6.1384915574e+06 1.7364511003e+06 6.7026960941e-19 1.6090038807e-17 1.6497175016e+02 -8.7474058750e+01 -5.3091628176e+11 5.4051099838e+06 9.5346182256e+07 1.7643817816e+00 1.2264758566e+01 -1.9466489712e+07
1.5951671279e+05 1.8871231692e-13 5.0689039275e-14 -6.1382027020e+06 1.7363014298e+06 6.4660230891e-19 1.6096733659e-17 1.6244718358e+02 -8.2254398691e+01 -5.3095009118e+11 5.2423100492e+06 9.5430531021e+07 1.7404253163e+00 1.2187323920e+01 -1.8862574490e+07
1.5951845322e+05 1.8871342197e-13 5.0717060185e-14 -6.1379221817e+06 1.7361624583e+06 6.2325400278e-19 1.6103338033e-17 1.5990405335e+02 -7.7508530951e+01 -5.3098242121e+11 5.0812573581e+06 9.5510312219e+07 1.7177598322e+00 1.2111434706e+01 -1.8293597397e+07
1.5952017098e+05 1.8871447277e-13 5.0744727451e-14 -6.1376496860e+06 1.7360330745e+06 6.0020751945e-19 1.6109856823e-17 1.5736037331e+02 -7.3193099870e+01 -5.3101338068e+11 4.9220024793e+06 9.5585923596e+07 1.6966801362e+00 1.2037045537e+01 -1.7756723434e+07
1.5952186766e+05 1.8871547182e-13 5.0772066188e-14 -6.1373848405e+06 1.7359122652e+06 5.7744171791e-19 1.6116296039e-17 1.5483050047e+02 -6.9267562451e+01 -5.3104307465e+11 4.7645411934e+06 9.5657745662e+07 1.6773600273e+00 1.1964175348e+01 -1.7249449601e+07
1.5952354502e+05 1.8871642152e-13 5.0799104358e-14 -6.1371272351e+06 1.7357991165e+06 5.5493311079e-19 1.6122662350e-17 1.5232567912e+02 -6.5694512193e+01 -5.3107160276e+11 4.6088288102e+06 9.5726136202e+07 1.6598816392e+00 1.1892881916e+01 -1.6769550481e+07
1.5952354502e+05 1.8871642152e-13 5.0799104358e-14 -6.1371272351e+06 1.7357991165e+06 5.5493311079e-19 1.6122662350e-17 1.5232567912e+02 -6.5694512193e+01 -5.3107160276e+11 4.6088288102e+06 9.5726136202e+07 1.6598816392e+00 1.1892881916e+01 -1.6769550481e+07
