0.0000000000e+00 0.0000000000e+00 0.0000000000e+00 3.1415900000e+08 0.0000000000e+00 0.0000000000e+00 0.0000000000e+00 -1.1783244410e+03 2.2704957950e+02 -4.6638893053e+09 -1.0015757749e+07 1.9299214257e+06 1.0000000000e+01 0.0000000000e+00 -0.0000000000e+00
1.0000000000e+01 2.8740014332e-22 6.9238953692e-28 3.1414721655e+08 2.2704957945e+03 5.7480747337e-23 2.0772075673e-28 -1.1783648263e+03 2.2704957935e+02 -4.6638893053e+09 -1.0015757748e+07 1.9299214257e+06 5.0000000000e+01 0.0000000000e+00 -0.0000000000e+00
6.0000000000e+01 1.0347699006e-20 1.4959822419e-25 3.1408829326e+08 1.3622974665e+04 3.4494918181e-22 7.4807531243e-27 -1.1785667982e+03 2.2704957424e+02 -4.6638893053e+09 -1.0015757748e+07 1.9299214257e+06 2.5000000000e+02 0.0000000000e+00 -0.0000000000e+00
3.1000000000e+02 2.7639895647e-19 2.0661849267e-23 3.1379352523e+08 7.0385355128e+04 1.7839112213e-21 2.0006981208e-25 -1.1795777960e+03 2.2704943893e+02 -4.6638893053e+09 -1.0015757748e+07 1.9299214257e+06 1.2500000000e+03 0.0000000000e+00 -0.0000000000e+00
1.5600000000e+03 7.0214318274e-18 2.6517143439e-21 3.1231588070e+08 3.5419548096e+05 9.0195233867e-21 5.1144908055e-24 -1.1846614520e+03 2.2704598612e+02 -4.6638893053e+09 -1.0015757748e+07 1.9299214257e+06 3.6000000000e+03 0.0000000000e+00 -0.0000000000e+00
5.1600000000e+03 7.7526233274e-17 9.7960760555e-20 3.0802437687e+08 1.1715070041e+06 3.0247645964e-20 5.7520125722e-23 -1.1995760812e+03 2.2700916654e+02 -4.6638893052e+09 -1.0015757748e+07 1.9299214257e+06 3.6000000000e+03 0.0000000000e+00 -0.0000000000e+00
8.7600000000e+03 2.2552807696e-16 4.8948337989e-19 3.0367842452e+08 1.9886104112e+06 5.2078849338e-20 1.7051496762e-22 -1.2149144279e+03 2.2692977769e+02 -4.6638893051e+09 -1.0015757748e+07 1.9299214257e+06 3.6000000000e+03 0.0000000000e+00 -0.0000000000e+00
1.2360000000e+04 4.5325807508e-16 1.4046956339e-18 2.9927645612e+08 2.8053458800e+06 7.4546919701e-20 3.4938482250e-22 -1.2307002298e+03 2.2680410583e+02 -4.6638893050e+09 -1.0015757748e+07 1.9299214257e+06 3.6000000000e+03 0.0000000000e+00 -0.0000000000e+00
1.5960000000e+04 7.6307390153e-16 3.0911001490e-18 2.9481681518e+08 3.6215395182e+06 9.7688430964e-20 5.9998133343e-22 -1.2469591833e+03 2.2662803967e+02 -4.6638893048e+09 -1.0015757748e+07 1.9299214257e+06 3.6000000000e+03 0.0000000000e+00 -0.0000000000e+00
1.9560000000e+04 1.1574703697e-15 5.8183945652e-18 2.9029774887e+08 4.4370018395e+06 1.2154305249e-19 9.2879683450e-22 -1.2637191598e+03 2.2639701777e+02 -4.6638893046e+09 -1.0015757748e+07 1.9299214257e+06 3.6000000000e+03 0.0000000000e+00 -0.0000000000e+00
2.3160000000e+04 1.6390911933e-15 9.8809304625e-18 2.8571739976e+08 5.2515260357e+06 1.4615389976e-19 1.3430512181e-21 -1.2810104515e+03 2.2610596751e+02 -4.6638893045e+09 -1.0015757748e+07 1.9299214258e+06 3.6000000000e+03 0.0000000000e+00 -0.0000000000e+00
2.6760000000e+04 2.2107420983e-15 1.5600510001e-17 2.8107379657e+08 6.0648860126e+06 1.7156793542e-19 1.8507931086e-21 -1.2988660540e+03 2.2574923404e+02 -4.6638893042e+09 -1.0015757748e+07 1.9299214258e+06 3.6000000000e+03 0.0000000000e+00 -0.0000000000e+00
3.0360000000e+04 2.8754054808e-15 2.3329576661e-17 2.7636484391e+08 6.8768341475e+06 1.9783642923e-19 2.4610181487e-21 -1.3173219887e+03 2.2532049710e+02 -4.6638893040e+09 -1.0015757748e+07 1.9299214258e+06 3.6000000000e+03 0.0000000000e+00 -0.0000000000e+00
3.3960000000e+04 3.6362568443e-15 3.3454867673e-17 2.7158831070e+08 7.6870987234e+06 2.2501548797e-19 3.1838078464e-21 -1.3364176756e+03 2.2481267356e+02 -4.6638893037e+09 -1.0015757748e+07 1.9299214258e+06 3.6000000000e+03 0.0000000000e+00 -0.0000000000e+00
3.7560000000e+04 4.4966832881e-15 4.6401609572e-17 2.6674181722e+08 8.4953809810e+06 2.5316666776e-19 4.0304932505e-21 -1.3561963633e+03 2.2421780236e+02 -4.6638893033e+09 -1.0015757748e+07 1.9299214258e+06 3.6000000000e+03 0.0000000000e+00 -0.0000000000e+00
4.1160000000e+04 5.4603043721e-15 6.2638355437e-17 2.6182282040e+08 9.3013517206e+06 2.8235768497e-19 5.0138487555e-21 -1.3767056286e+03 2.2352690835e+02 -4.6638893029e+09 -1.0015757748e+07 1.9299214258e+06 3.6000000000e+03 0.0000000000e+00 -0.0000000000e+00
4.4760000000e+04 6.5309957466e-15 8.2682583791e-17 2.5682859724e+08 1.0104647368e+07 3.1266324489e-19 6.1483226717e-21 -1.3979979585e+03 2.2272984032e+02 -4.6638893024e+09 -1.0015757748e+07 1.9299214258e+06 3.6000000000e+03 0.0000000000e+00 -0.0000000000e+00
4.8360000000e+04 7.7129160129e-15 1.0710720595e-16 2.5175622598e+08 1.0904865402e+07 3.4416601206e-19 7.4503129129e-21 -1.4201314321e+03 2.2181507730e+02 -4.6638893018e+09 -1.0015757748e+07 1.9299214258e+06 3.6000000000e+03 0.0000000000e+00 -0.0000000000e+00
5.1960000000e+04 9.0105373750e-15 1.3654816253e-16 2.4660256449e+08 1.1701559018e+07 3.7695775218e-19 8.9384983881e-21 -1.4431705229e+03 2.2076949569e+02 -4.6638893011e+09 -1.0015757748e+07 1.9299214258e+06 3.6000000000e+03 0.0000000000e+00 -0.0000000000e+00
5.5560000000e+04 1.0428680766e-14 1.7171333303e-16 2.4136422564e+08 1.2494230869e+07 4.1114068274e-19 1.0634239616e-20 -1.4671870477e+03 2.1957808785e+02 -4.6638893002e+09 -1.0015757748e+07 1.9299214258e+06 3.6000000000e+03 0.0000000000e+00 -0.0000000000e+00
5.9160000000e+04 1.1972556280e-14 2.1339303757e-16 2.3603754888e+08 1.3282325686e+07 4.4682907923e-19 1.2562065949e-20 -1.4922612953e+03 2.1822361975e+02 -4.6638892992e+09 -1.0015757748e+07 1.9299214258e+06 3.6000000000e+03 0.0000000000e+00 -0.0000000000e+00
6.2760000000e+04 1.3647809938e-14 2.6247248147e-16 2.3061856738e+08 1.4065221532e+07 4.8415119670e-19 1.4750271965e-20 -1.5184833759e+03 2.1668621195e+02 -4.6638892979e+09 -1.0015757748e+07 1.9299214258e+06 3.6000000000e+03 0.0000000000e+00 -0.0000000000e+00
6.6360000000e+04 1.5460578041e-14 3.1994658630e-16 2.2510296985e+08 1.4842219388e+07 5.2325158275e-19 1.7231652534e-20 -1.5459548471e+03 2.1494282316e+02 -4.6638892963e+09 -1.0015757748e+07 1.9299214258e+06 3.6000000000e+03 0.0000000000e+00 -0.0000000000e+00
6.9960000000e+04 1.7417550711e-14 3.8693777365e-16 2.1948605589e+08 1.5612530654e+07 5.6429388073e-19 2.0044415543e-20 -1.5747906828e+03 2.1296660896e+02 -4.6638892942e+09 -1.0015757748e+07 1.9299214258e+06 3.6000000000e+03 0.0000000000e+00 -0.0000000000e+00
7.3560000000e+04 1.9526046582e-14 4.6471742989e-16 2.1376268351e+08 1.6375262069e+07 6.0746425131e-19 2.3233324263e-20 -1.6051216773e+03 2.1072611921e+02 -4.6638892917e+09 -1.0015757748e+07 1.9299214258e+06 3.6000000000e+03 0.0000000000e+00 -0.0000000000e+00
7.7160000000e+04 2.1794101173e-14 5.5473199885e-16 2.0792720705e+08 1.7129397378e+07 6.5297558164e-19 2.6851139474e-20 -1.6370974026e+03 2.0818428480e+02 -4.6638892885e+09 -1.0015757748e+07 1.9299214258e+06 3.6000000000e+03 0.0000000000e+00 -0.0000000000e+00
8.0760000000e+04 2.4230572159e-14 6.5863494430e-16 2.0197340321e+08 1.7873774877e+07 7.0107270702e-19 3.0960457002e-20 -1.6708898770e+03 2.0529712665e+02 -4.6638892843e+09 -1.0015757749e+07 1.9299214258e+06 3.6000000000e+03 0.0000000000e+00 -0.0000000000e+00
8.4360000000e+04 2.6845265702e-14 7.7832623068e-16 1.9589438230e+08 1.8607059674e+07 7.5203894788e-19 3.5636072808e-20 -1.7066981583e+03 2.0201209399e+02 -4.6638892789e+09 -1.0015757749e+07 1.9299214258e+06 3.6000000000e+03 0.0000000000e+00 -0.0000000000e+00
8.7960000000e+04 2.9649089280e-14 9.1600153545e-16 1.8968248085e+08 1.9327709111e+07 8.0620437509e-19 4.0968060728e-20 -1.7447541502e+03 1.9826590201e+02 -4.6638892718e+09 -1.0015757749e+07 1.9299214258e+06 3.6000000000e+03 0.0000000000e+00 -0.0000000000e+00
9.1560000000e+04 3.2654238209e-14 1.0742142037e-15 1.8332913058e+08 2.0033929237e+07 8.6395637428e-19 4.7065826003e-20 -1.7853300254e+03 1.9398168387e+02 -4.6638892623e+09 -1.0015757749e+07 1.9299214258e+06 3.6000000000e+03 0.0000000000e+00 -0.0000000000e+00
9.5160000000e+04 3.5874425494e-14 1.2559540999e-15 1.7682469689e+08 2.0723619411e+07 9.2575331021e-19 5.4063514889e-20 -1.8287478255e+03 1.8906518998e+02 -4.6638892493e+09 -1.0015757748e+07 1.9299214258e+06 3.6000000000e+03 0.0000000000e+00 -0.0000000000e+00
9.8760000000e+04 3.9325168101e-14 1.4647491791e-15 1.7015827775e+08 2.1394300931e+07 9.9214243382e-19 6.2127339891e-20 -1.8753920427e+03 1.8339964140e+02 -4.6638892315e+09 -1.0015757749e+07 1.9299214258e+06 3.6000000000e+03 0.0000000000e+00 -0.0000000000e+00
1.0236000000e+05 4.3024147715e-14 1.7047980813e-15 1.6331745020e+08 2.2043023882e+07 1.0637836922e-18 7.1465660441e-20 -1.9257263480e+03 1.7683864725e+02 -4.6638892063e+09 -1.0015757749e+07 1.9299214258e+06 3.6000000000e+03 0.0000000000e+00 -0.0000000000e+00
1.0596000000e+05 4.6991671382e-14 1.9811458192e-15 1.5628794676e+08 2.2666243699e+07 1.1414819031e-18 8.2343107668e-20 -1.9803161969e+03 1.6919628079e+02 -4.6638891701e+09 -1.0015757749e+07 1.9299214258e+06 3.6000000000e+03 0.0000000000e+00 -0.0000000000e+00
1.0956000000e+05 5.1251268368e-14 2.2999204824e-15 1.4905323604e+08 2.3259654857e+07 1.2262310265e-18 9.5100779955e-20 -2.0398599339e+03 1.6023289034e+02 -4.6638891167e+09 -1.0015757749e+07 1.9299214258e+06 3.6000000000e+03 0.0000000000e+00 -0.0000000000e+00
1.1316000000e+05 5.5830476473e-14 2.6686582297e-15 1.4159397032e+08 2.3817962540e+07 1.3192763391e-18 1.1018578664e-19 -2.1052324759e+03 1.4963434211e+02 -4.6638890356e+09 -1.0015757749e+07 1.9299214258e+06 3.3321486743e+03 0.0000000000e+00 -0.0000000000e+00
1.1615628118e+05 5.9908745978e-14 3.0203530926e-15 1.3519803479e+08 2.4251170249e+07 1.4041725670e-18 1.2493980817e-19 -2.1648795669e+03 1.3926834016e+02 -4.6638889868e+09 -1.0015757749e+07 1.9299214257e+06 3.0156620856e+03 0.0000000000e+00 -0.0000000000e+00
1.1917194327e+05 6.4282062087e-14 3.4225946610e-15 1.2857196600e+08 2.4653264864e+07 1.4976920811e-18 1.4229274098e-19 -2.2305852773e+03 1.2707637372e+02 -4.6638889115e+09 -1.0015757749e+07 1.9299214258e+06 2.7233890300e+03 0.0000000000e+00 -0.0000000000e+00
1.2161942977e+05 6.8047668472e-14 3.7903985156e-15 1.2304236209e+08 2.4950550984e+07 1.5805566070e-18 1.5863840836e-19 -2.2888049183e+03 1.1559210012e+02 -4.6638888723e+09 -1.0015757748e+07 1.9299214258e+06 2.4640807909e+03 0.0000000000e+00 -0.0000000000e+00
1.2408351056e+05 7.2052521770e-14 4.2040928270e-15 1.1732511266e+08 2.5219362735e+07 1.6713589033e-18 1.7760329287e-19 -2.3526015434e+03 1.0226759538e+02 -4.6638888133e+09 -1.0015757749e+07 1.9299214258e+06 2.2240965537e+03 0.0000000000e+00 -0.0000000000e+00
1.2607905776e+05 7.5466426006e-14 4.5756901700e-15 1.1257514167e+08 2.5411370966e+07 1.7511721381e-18 1.9518889027e-19 -2.4086773832e+03 8.9912161533e+01 -4.6638887837e+09 -1.0015757749e+07 1.9299214258e+06 2.0104429640e+03 0.0000000000e+00 -0.0000000000e+00
1.2788715045e+05 7.8702276603e-14 4.9445571024e-15 1.0817115131e+08 2.5562736083e+07 1.8290708533e-18 2.1318479033e-19 -2.4634081040e+03 7.7268453870e+01 -4.6638887586e+09 -1.0015757749e+07 1.9299214258e+06 1.8220836064e+03 0.0000000000e+00 -0.0000000000e+00
1.2951969791e+05 8.1749256921e-14 5.3071998899e-15 1.0410670821e+08 2.5678616742e+07 1.9045965392e-18 2.3142280881e-19 -2.5164715624e+03 6.4454636651e+01 -4.6638887380e+09 -1.0015757748e+07 1.9299214258e+06 1.6467445781e+03 0.0000000000e+00 -0.0000000000e+00
1.3098607207e+05 8.4594744964e-14 5.6597098718e-15 1.0037963728e+08 2.5763887012e+07 1.9771845828e-18 2.4968992849e-19 -2.5674710679e+03 5.1620373272e+01 -4.6638887217e+09 -1.0015757748e+07 1.9299214258e+06 1.4814539200e+03 0.0000000000e+00 -0.0000000000e+00
1.3229149805e+05 8.7220304593e-14 5.9972218176e-15 9.6996734628e+07 2.5823151510e+07 2.0460549600e-18 2.6769541062e-19 -2.6158585847e+03 3.8969933357e+01 -4.6638887096e+09 -1.0015757748e+07 1.9299214258e+06 1.3226146569e+03 0.0000000000e+00 -0.0000000000e+00
1.3343468880e+05 8.9595560332e-14 6.3130000219e-15 9.3980858291e+07 2.5860850437e+07 2.1100309928e-18 2.8501335156e-19 -2.6608073926e+03 2.6802551793e+01 -4.6638887015e+09 -1.0015757748e+07 1.9299214258e+06 1.1652500034e+03 0.0000000000e+00 -0.0000000000e+00
1.3440054942e+05 9.1660853767e-14 6.5958672755e-15 9.1391710240e+07 2.5881409481e+07 2.1670274333e-18 3.0092548180e-19 -2.7008524212e+03 1.5622876286e+01 -4.6638886971e+09 -1.0015757748e+07 1.9299214258e+06 1.0014611471e+03 0.0000000000e+00 -0.0000000000e+00
1.3512077804e+05 9.3237500526e-14 6.8171359353e-15 8.9435313790e+07 2.5889476329e+07 2.2114401228e-18 3.1364225547e-19 -2.7320562543e+03 6.6882207130e+00 -4.6638886959e+09 -1.0015757748e+07 1.9299214258e+06 8.2441718485e+02 0.0000000000e+00 -0.0000000000e+00
1.3585552407e+05 9.4879542744e-14 7.0525992440e-15 8.7415865044e+07 2.5890866355e+07 2.2585625706e-18 3.2744092064e-19 -2.7651639318e+03 -3.0065590935e+00 -4.6638886942e+09 -1.0015757748e+07 1.9299214258e+06 6.9812005658e+02 0.0000000000e+00 -0.0000000000e+00
1.3655364412e+05 9.6472447603e-14 7.2860134377e-15 8.5474096905e+07 2.5885380154e+07 2.3051560291e-18 3.4139610497e-19 -2.7978999476e+03 -1.2811307427e+01 -4.6638886927e+09 -1.0015757748e+07 1.9299214258e+06 8.6215552875e+02 0.0000000000e+00 -0.0000000000e+00
1.3741579965e+05 9.8485576446e-14 7.5882147502e-15 8.3043797332e+07 2.5868809117e+07 2.3653394495e-18 3.5988271319e-19 -2.8401841107e+03 -2.5799780870e+01 -4.6638886875e+09 -1.0015757748e+07 1.9299214258e+06 9.4482208498e+02 0.0000000000e+00 -0.0000000000e+00
1.3836062174e+05 1.0075297067e-13 7.9384943649e-15 8.0337445874e+07 2.5837228238e+07 2.4349497229e-18 3.8191791948e-19 -2.8890914698e+03 -4.1281457573e+01 -4.6638886770e+09 -1.0015757748e+07 1.9299214258e+06 9.8522439470e+02 0.0000000000e+00 -0.0000000000e+00
1.3934584613e+05 1.0318951965e-13 8.3269946786e-15 7.7464641236e+07 2.5787967273e+07 2.5120381193e-18 4.0714470386e-19 -2.9432528702e+03 -5.9005499495e+01 -4.6638886600e+09 -1.0015757749e+07 1.9299214258e+06 1.0001247243e+03 0.0000000000e+00 -0.0000000000e+00
1.4034597086e+05 1.0574316036e-13 8.7481040482e-15 7.4492011913e+07 2.5719178682e+07 2.5955385262e-18 4.3545708317e-19 -3.0019192737e+03 -7.8897444109e+01 -4.6638886356e+09 -1.0015757749e+07 1.9299214258e+06 9.9805372625e+02 0.0000000000e+00 -0.0000000000e+00
1.4134402458e+05 1.0837766377e-13 9.1981052013e-15 7.1465009709e+07 2.5629620845e+07 2.6847905391e-18 4.6686775175e-19 -3.0646266880e+03 -1.0096621032e+02 -4.6638886029e+09 -1.0015757749e+07 1.9299214258e+06 9.8413153659e+02 0.0000000000e+00 -0.0000000000e+00
1.4232815612e+05 1.1106581320e-13 9.6742658660e-15 6.8416721302e+07 2.5518522615e+07 2.7793525670e-18 5.0145783931e-19 -3.1310648563e+03 -1.2526879889e+02 -4.6638885608e+09 -1.0015757749e+07 1.9299214258e+06 9.6176375312e+02 0.0000000000e+00 -0.0000000000e+00
1.4328991987e+05 1.1378616667e-13 1.0174421205e-14 6.5372163223e+07 2.5385487414e+07 2.8789140548e-18 5.3935443309e-19 -3.2010155863e+03 -1.5189449985e+02 -4.6638885087e+09 -1.0015757748e+07 1.9299214257e+06 9.3336706333e+02 0.0000000000e+00 -0.0000000000e+00
1.4422328694e+05 1.1652130958e-13 1.0696758215e-14 6.2350674768e+07 2.5230420175e+07 2.9832485282e-18 5.8071942293e-19 -3.2743197599e+03 -1.8095705506e+02 -4.6638884455e+09 -1.0015757748e+07 1.9299214257e+06 9.0072931259e+02 0.0000000000e+00 -0.0000000000e+00
1.4512401625e+05 1.1925681901e-13 1.1239695388e-14 5.9367386662e+07 2.5053469117e+07 3.0921859571e-18 6.2574367978e-19 -3.3508579158e+03 -2.1259056822e+02 -4.6638883703e+09 -1.0015757748e+07 1.9299214257e+06 8.6520908322e+02 0.0000000000e+00 -0.0000000000e+00
1.4598922533e+05 1.2198060338e-13 1.1801811979e-14 5.6434190801e+07 2.4854977972e+07 3.2055952200e-18 6.7464403825e-19 -3.4305379297e+03 -2.4694738478e+02 -4.6638882822e+09 -1.0015757748e+07 1.9299214257e+06 8.2785625803e+02 0.0000000000e+00 -0.0000000000e+00
1.4681708159e+05 1.2468245556e-13 1.2381805066e-14 5.3560417980e+07 2.4635446068e+07 3.3233722475e-18 7.2766189290e-19 -3.5132866836e+03 -2.8419710572e+02 -4.6638881802e+09 -1.0015757749e+07 1.9299214257e+06 7.8949002917e+02 0.0000000000e+00 -0.0000000000e+00
1.4760657162e+05 1.2735373468e-13 1.2978463070e-14 5.0753333305e+07 2.4395494552e+07 3.4454315346e-18 7.8506280265e-19 -3.5990441027e+03 -3.2452630961e+02 -4.6638880635e+09 -1.0015757748e+07 1.9299214257e+06 7.5075225137e+02 0.0000000000e+00 -0.0000000000e+00
1.4835732387e+05 1.2998712922e-13 1.3590649423e-14 4.8018511553e+07 2.4135837606e+07 3.5716997227e-18 8.4713677624e-19 -3.6877586462e+03 -3.6813875317e+02 -4.6638879308e+09 -1.0015757749e+07 1.9299214257e+06 7.1214562689e+02 0.0000000000e+00 -0.0000000000e+00
1.4906946950e+05 1.3257647390e-13 1.4217292698e-14 4.5360129845e+07 2.3857257779e+07 3.7021104812e-18 9.1419905767e-19 -3.7793837109e+03 -4.1525592314e+02 -4.6638877813e+09 -1.0015757748e+07 1.9299214257e+06 6.7406203066e+02 0.0000000000e+00 -0.0000000000e+00
1.4974353153e+05 1.3511660311e-13 1.4857380971e-14 4.2781201178e+07 2.3560584789e+07 3.8366001992e-18 9.8659130854e-19 -3.8738746045e+03 -4.6611786693e+02 -4.6638876137e+09 -1.0015757748e+07 1.9299214257e+06 6.3680415649e+02 0.0000000000e+00 -0.0000000000e+00
1.5038033568e+05 1.3760323039e-13 1.5509958991e-14 4.0283764208e+07 2.3246677265e+07 3.9751041653e-18 1.0646831328e-18 -3.9711858616e+03 -5.2098426393e+02 -4.6638874271e+09 -1.0015757748e+07 1.9299214257e+06 6.0060243732e+02 0.0000000000e+00 -0.0000000000e+00
1.5098093812e+05 1.4003284681e-13 1.6174127253e-14 3.7869039765e+07 2.2916406989e+07 4.1175530076e-18 1.1488739181e-18 -4.0712687424e+03 -5.8013571921e+02 -4.6638872201e+09 -1.0015757748e+07 1.9299214257e+06 5.6562851746e+02 0.0000000000e+00 -0.0000000000e+00
1.5154656664e+05 1.4240263376e-13 1.6849042396e-14 3.5537561425e+07 2.2570645267e+07 4.2638692199e-18 1.2395949888e-18 -4.1740687917e+03 -6.4387527613e+02 -4.6638869917e+09 -1.0015757748e+07 1.9299214257e+06 5.3200613247e+02 0.0000000000e+00 -0.0000000000e+00
1.5207857277e+05 1.4471038684e-13 1.7533918537e-14 3.3289285433e+07 2.2210251116e+07 4.4139636368e-18 1.3373120804e-18 -4.2795233632e+03 -7.1253015510e+02 -4.6638867406e+09 -1.0015757748e+07 1.9299214257e+06 4.9981999004e+02 0.0000000000e+00 -0.0000000000e+00
1.5257839276e+05 1.4695444867e-13 1.8228029313e-14 3.1123683878e+07 2.1836060969e+07 4.5677317352e-18 1.4425281601e-18 -4.3875590201e+03 -7.8645373490e+02 -4.6638864655e+09 -1.0015757748e+07 1.9299214258e+06 4.6912308040e+02 0.0000000000e+00 -0.0000000000e+00
1.5304751584e+05 1.4913364916e-13 1.8930710493e-14 2.9039824065e+07 2.1448879637e+07 4.7250496447e-18 1.5557866269e-18 -4.4980887325e+03 -8.6602780117e+02 -4.6638861653e+09 -1.0015757748e+07 1.9299214257e+06 4.3994273351e+02 0.0000000000e+00 -0.0000000000e+00
1.5348745858e+05 1.5124725188e-13 1.9641363099e-14 2.7036436380e+07 2.1049472290e+07 4.8857697486e-18 1.6776749411e-18 -4.6110087867e+03 -9.5166509674e+02 -4.6638858385e+09 -1.0015757748e+07 1.9299214257e+06 4.1228565737e+02 0.0000000000e+00 -0.0000000000e+00
1.5389974423e+05 1.5329490602e-13 2.0359457045e-14 2.5111972409e+07 2.0638557216e+07 5.0497157461e-18 1.8088287463e-18 -4.7261953158e+03 -1.0438122173e+03 -4.6638854840e+09 -1.0015757748e+07 1.9299214258e+06 3.8614214712e+02 0.0000000000e+00 -0.0000000000e+00
1.5428588638e+05 1.5527660292e-13 2.1084535347e-14 2.3264654749e+07 2.0216799144e+07 5.2166770267e-18 1.9499365635e-18 -4.8435003473e+03 -1.1429529096e+03 -4.6638851005e+09 -1.0015757748e+07 1.9299214257e+06 3.6148960905e+02 0.0000000000e+00 -0.0000000000e+00
1.5464737599e+05 1.5719263707e-13 2.1816219013e-14 2.1492519656e+07 1.9784802872e+07 5.3864021814e-18 2.1017451589e-18 -4.9627472442e+03 -1.2496118427e+03 -4.6638846867e+09 -1.0015757748e+07 1.9299214258e+06 3.3829551750e+02 0.0000000000e+00 -0.0000000000e+00
1.5498567151e+05 1.5904357090e-13 2.2554212787e-14 1.9793453442e+07 1.9343106984e+07 5.5585914368e-18 2.2650657156e-18 -5.0837253893e+03 -1.3643589444e+03 -4.6638842415e+09 -1.0015757748e+07 1.9299214258e+06 3.1651990408e+02 0.0000000000e+00 -0.0000000000e+00
1.5530219141e+05 1.6083020332e-13 2.3298311967e-14 1.8165223388e+07 1.8892177365e+07 5.7328877439e-18 2.4407809737e-18 -5.2061839242e+03 -1.4878144175e+03 -4.6638837639e+09 -1.0015757748e+07 1.9299214258e+06 2.9611745670e+02 0.0000000000e+00 -0.0000000000e+00
1.5559830887e+05 1.6255354155e-13 2.4048410623e-14 1.6605503783e+07 1.8432400218e+07 5.9088661824e-18 2.6298535494e-18 -5.3298243047e+03 -1.6206545849e+03 -4.6638832529e+09 -1.0015757748e+07 1.9299214258e+06 2.7703930357e+02 0.0000000000e+00 -0.0000000000e+00
1.5587534817e+05 1.6421477638e-13 2.4804511627e-14 1.5111897552e+07 1.7964074206e+07 6.0860212405e-18 2.8333357095e-18 -5.4542913643e+03 -1.7636187566e+03 -4.6638827078e+09 -1.0015757748e+07 1.9299214258e+06 2.5923453885e+02 0.0000000000e+00 -0.0000000000e+00
1.5613458271e+05 1.6581526047e-13 2.5566739054e-14 1.3681953872e+07 1.7487401276e+07 6.2637513947e-18 3.0523809591e-18 -5.5791624797e+03 -1.9175173720e+03 -4.6638821282e+09 -1.0015757748e+07 1.9299214258e+06 2.4265154976e+02 0.0000000000e+00 -0.0000000000e+00
1.5637723426e+05 1.6735648985e-13 2.6335353725e-14 1.2313181987e+07 1.7002475583e+07 6.4413402196e-18 3.2882579224e-18 -5.7039342988e+03 -2.0832417514e+03 -4.6638815141e+09 -1.0015757748e+07 1.9299214257e+06 2.2723919808e+02 0.0000000000e+00 -0.0000000000e+00
1.5660447346e+05 1.6884008868e-13 2.7110772915e-14 1.1003061401e+07 1.6509269746e+07 6.6179329835e-18 3.5423671565e-18 -5.8280062972e+03 -2.2617759097e+03 -4.6638808659e+09 -1.0015757748e+07 1.9299214258e+06 2.1294791166e+02 0.0000000000e+00 -0.0000000000e+00
1.5681742137e+05 1.7026779728e-13 2.7893595677e-14 9.7490484087e+06 1.6007617418e+07 6.7925072923e-18 3.8162617720e-18 -5.9506601527e+03 -2.4542110443e+03 -4.6638801848e+09 -1.0015757748e+07 1.9299214258e+06 1.9973074797e+02 0.0000000000e+00 -0.0000000000e+00
1.5701715212e+05 1.7164146384e-13 2.8684635780e-14 8.5485788200e+06 1.5497190730e+07 6.9638357553e-18 4.1116730702e-18 -6.0710335152e+03 -2.6617635470e+03 -4.6638794730e+09 -1.0015757748e+07 1.9299214258e+06 1.8754450413e+02 0.0000000000e+00 -0.0000000000e+00
1.5720469662e+05 1.7296304027e-13 2.9484965190e-14 7.3990664941e+06 1.4977470603e+07 7.1304377705e-18 4.4305428873e-18 -6.1880861310e+03 -2.8857977291e+03 -4.6638787337e+09 -1.0015757748e+07 1.9299214258e+06 1.7635096813e+02 0.0000000000e+00 -0.0000000000e+00
1.5738104759e+05 1.7423458280e-13 3.0295972279e-14 6.2978970165e+06 1.4447706976e+07 7.2905161688e-18 4.7750650581e-18 -6.3005553304e+03 -3.1278549531e+03 -4.6638779722e+09 -1.0015757748e+07 1.9299214258e+06 1.6611844419e+02 0.0000000000e+00 -0.0000000000e+00
1.5754716603e+05 1.7545825844e-13 3.1119441045e-14 5.2424154849e+06 1.3906864632e+07 7.4418723131e-18 5.1477394734e-18 -6.4068963767e+03 -3.3896916129e+03 -4.6638771957e+09 -1.0015757748e+07 1.9299214258e+06 1.5682374191e+02 0.0000000000e+00 -0.0000000000e+00
1.5770398978e+05 1.7663635871e-13 3.1957660822e-14 4.2299068487e+06 1.3353548043e+07 7.5817897678e-18 5.5514438021e-18 -6.5052007343e+03 -3.6733295247e+03 -4.6638764146e+09 -1.0015757748e+07 1.9299214258e+06 1.4845490806e+02 0.0000000000e+00 -0.0000000000e+00
1.5785244468e+05 1.7777132243e-13 3.2813581056e-14 3.2575666455e+06 1.2785895181e+07 7.7068708319e-18 5.9895302936e-18 -6.5930812184e+03 -3.9811239397e+03 -4.6638756437e+09 -1.0015757748e+07 1.9299214258e+06 1.4101510446e+02 0.0000000000e+00 -0.0000000000e+00
1.5799345979e+05 1.7886576953e-13 3.3691033869e-14 2.3224594464e+06 1.2201424578e+07 7.8128002073e-18 6.4659583741e-18 -6.6675059513e+03 -4.3158567040e+03 -4.6638749033e+09 -1.0015757748e+07 1.9299214258e+06 1.2979448857e+02 0.0000000000e+00 -0.0000000000e+00
1.5810185399e+05 1.7971642250e-13 3.4413898005e-14 1.5970771341e+06 1.1718159599e+07 7.8802205838e-18 6.8790711503e-18 -6.7148747147e+03 -4.6061048804e+03 -4.6638746702e+09 -1.0015757748e+07 1.9299214258e+06 1.1112429371e+02 0.0000000000e+00 -0.0000000000e+00
1.5819338350e+05 1.8043977649e-13 3.5060894974e-14 9.8100567195e+05 1.1284368876e+07 7.9231879718e-18 7.2642708923e-18 -6.7450630960e+03 -4.8767416874e+03 -4.6638745613e+09 -1.0015757748e+07 1.9299214258e+06 9.4721927393e+01 3.3995286037e-293 -2.4051203801e-285
1.5826595710e+05 1.8101565864e-13 3.5599978784e-14 4.9088240684e+05 1.0922092739e+07 7.9450517672e-18 7.5959902719e-18 -6.7604243415e+03 -5.1098038210e+03 -4.6638745259e+09 -1.0015757748e+07 1.9299214258e+06 7.8508603440e+01 1.4993059671e-269 -1.0799708601e-261
1.5831156720e+05 1.8137821193e-13 3.5951441154e-14 1.8241323659e+05 1.0685515165e+07 7.9519134751e-18 7.8173248704e-18 -6.7652452967e+03 -5.2653109059e+03 -4.6638745223e+09 -1.0015757748e+07 1.9299214257e+06 6.2244252513e+01 8.8875745099e-255 -6.4762311354e-247
1.5837381145e+05 1.8187320983e-13 3.6447851388e-14 -2.3871039149e+05 1.0350875707e+07 7.9509579947e-18 8.1364364267e-18 -6.7645739874e+03 -5.4895149311e+03 -4.6638745067e+09 -1.0015757748e+07 1.9299214258e+06 6.3824647196e+01 9.3221330481e-235 -6.9030118316e-227
1.5843763610e+05 1.8238026255e-13 3.6978168394e-14 -6.7016580618e+05 9.9927725766e+06 7.9352468235e-18 8.4852503278e-18 -6.7535355034e+03 -5.7345874743e+03 -4.6638744906e+09 -1.0015757748e+07 1.9299214257e+06 7.6022056016e+01 1.9442816808e-214 -1.4642024896e-206
1.5851365815e+05 1.8298208087e-13 3.7639962070e-14 -1.1825749232e+06 9.5450649018e+06 7.8927272945e-18 8.9309330390e-18 -6.7236617825e+03 -6.0477189039e+03 -4.6638744604e+09 -1.0015757748e+07 1.9299214257e+06 8.2576801472e+01 1.3719063810e-190 -1.0545657861e-182
1.5859623496e+05 1.8363071790e-13 3.8398765296e-14 -1.7356019368e+06 9.0306877100e+06 7.8101393894e-18 9.4540981647e-18 -6.6656364920e+03 -6.4152885663e+03 -4.6638744257e+09 -1.0015757748e+07 1.9299214257e+06 8.6738696572e+01 3.0362125754e-165 -2.3875588320e-157
1.5868297365e+05 1.8430259416e-13 3.9244253625e-14 -2.3098606132e+06 8.4563515419e+06 7.6720104160e-18 1.0048689698e-17 -6.5685887003e+03 -6.8330415822e+03 -4.6638743704e+09 -1.0015757748e+07 1.9299214257e+06 9.0467115165e+01 1.9594956439e-139 -1.5786665275e-131
1.5877344077e+05 1.8498755101e-13 4.0183211909e-14 -2.8977028562e+06 7.8171910187e+06 7.4572228919e-18 1.0717341299e-17 -6.4176815128e+03 -7.3028283305e+03 -4.6638741814e+09 -1.0015757748e+07 1.9299214257e+06 9.6011500624e+01 1.1605595044e-113 -9.5905487379e-106
1.5886945227e+05 1.8568873811e-13 4.1248255221e-14 -3.5034813568e+06 7.0907034881e+06 7.1302055517e-18 1.1476071829e-17 -6.1879229768e+03 -7.8359034752e+03 -4.6638733871e+09 -1.0015757748e+07 1.9299214257e+06 1.0787634581e+02 5.8318706387e-88 -4.9494446279e-80
1.5897732861e+05 1.8643153549e-13 4.2534322326e-14 -4.1524753929e+06 6.2116211492e+06 6.6117527071e-18 1.2373036639e-17 -5.8236641077e+03 -8.4661003978e+03 -4.6638694525e+09 -1.0015757748e+07 1.9299214257e+06 9.7679371777e+01 1.0607732420e-61 -9.2651554737e-54
1.5906314741e+05 1.8697635670e-13 4.3627332037e-14 -4.6363827494e+06 5.4631705064e+06 6.0637613785e-18 1.3099154133e-17 -5.4386518472e+03 -8.9762620069e+03 -4.6638666199e+09 -1.0015757748e+07 1.9299214257e+06 8.5859752004e+01 2.6848147291e-43 -2.3951342540e-35
1.5914900716e+05 1.8746867284e-13 4.4782738160e-14 -5.0834489237e+06 4.6708901781e+06 5.3810076670e-18 1.3809361158e-17 -4.9589571218e+03 -9.4752451072e+03 -4.6638619575e+09 -1.0015757748e+07 1.9299214257e+06 7.8583429258e+01 1.4286800865e-27 -1.2987120622e-19
1.5922759059e+05 1.8786293245e-13 4.5892156944e-14 -5.4530478617e+06 3.9092679271e+06 4.6337939448e-18 1.4416764648e-17 -4.4339735514e+03 -9.9019996533e+03 -4.6638578957e+09 -1.0015757748e+07 1.9299214257e+06 7.3764687083e+01 6.3949693302e-16 -5.8974402891e-08
1.5929129988e+05 1.8813659445e-13 4.6825000931e-14 -5.7203897710e+06 3.2683278832e+06 3.9454041021e-18 1.4858516036e-17 -3.9503189466e+03 -1.0212368981e+04 -4.6638563317e+09 -1.0015757748e+07 1.9299214263e+06 6.4583789610e+01 1.2389268945e-08 -1.1531071636e+00
1.5933156585e+05 1.8828608777e-13 4.7428375430e-14 -5.8728684016e+06 2.8535464322e+06 3.4757240810e-18 1.5106442811e-17 -3.6203272098e+03 -1.0386559191e+04 -4.6638785251e+09 -1.0015757072e+07 1.9299233430e+06 5.4429701485e+01 4.2257180911e-05 -3.9508403829e+03
1.5935052024e+05 1.8834980198e-13 4.7715733006e-14 -5.9399676663e+06 2.6559559987e+06 3.2463405248e-18 1.5213419476e-17 -3.4591631661e+03 -1.0461714207e+04 -4.6644246749e+09 -1.0015741297e+07 1.9299703553e+06 2.9651076774e+01 9.7671199200e-04 -9.1478393851e+04
1.5936774982e+05 1.8840390826e-13 4.7978649576e-14 -5.9982839826e+06 2.4751463687e+06 3.0336460809e-18 1.5304831261e-17 -3.3097035382e+03 -1.0525867023e+04 -4.6715135871e+09 -1.0015545680e+07 1.9305825895e+06 1.9501191526e+01 1.1483072043e-02 -1.0769807932e+06
1.5938204528e+05 1.8844599712e-13 4.8197954626e-14 -6.0446987490e+06 2.3243143699e+06 2.8543719809e-18 1.5376274443e-17 -3.1836136619e+03 -1.0575624055e+04 -4.7145092634e+09 -1.0014406656e+07 1.9343065120e+06 1.4830650372e+01 6.6711258645e-02 -6.2626910318e+06
1.5939452900e+05 1.8848064290e-13 4.8390279411e-14 -6.0837459014e+06 2.1920384014e+06 2.6958951864e-18 1.5435286075e-17 -3.0717727100e+03 -1.0615394111e+04 -4.8800190935e+09 -1.0010181982e+07 1.9486784947e+06 1.2616617815e+01 2.5045658970e-01 -2.3526050112e+07
1.5940714562e+05 1.8851363671e-13 4.8585379526e-14 -6.1217767367e+06 2.0578853589e+06 2.5340476673e-18 1.5491639449e-17 -2.9564380880e+03 -1.0649242261e+04 -5.4408444983e+09 -9.9963910790e+06 1.9975115654e+06 1.1493067850e+01 7.7745964766e-01 -7.3036168905e+07
1.5941863869e+05 1.8854190684e-13 4.8763706805e-14 -6.1551367258e+06 1.9353637877e+06 2.3852570793e-18 1.5540034687e-17 -2.8481534867e+03 -1.0669448165e+04 -6.7833174544e+09 -9.9645493589e+06 2.1147777526e+06 1.0747940440e+01 1.8212728859e+00 -1.7095556863e+08
1.5942821447e+05 1.8856415027e-13 4.8912698957e-14 -6.1819640650e+06 1.8331658995e+06 2.2603819805e-18 1.5578178664e-17 -2.7543769874e+03 -1.0673198518e+04 -9.0179273848e+09 -9.9132032057e+06 2.3106955804e+06 9.6696600512e+00 3.2412214938e+00 -3.0368440708e+08
1.5943658842e+05 1.8858261917e-13 4.9043283738e-14 -6.2046737137e+06 1.7438226020e+06 2.1505593146e-18 1.5609892404e-17 -2.6689196024e+03 -1.0662803778e+04 -1.2172272052e+10 -9.8426763935e+06 2.5884453233e+06 8.4652898989e+00 4.8574990718e+00 -4.5383543379e+08
1.5944412612e+05 1.8859845542e-13 4.9161049901e-14 -6.2244916301e+06 1.6635254534e+06 2.0512476400e-18 1.5637117284e-17 -2.5889362168e+03 -1.0640542646e+04 -1.6147769930e+10 -9.7559069365e+06 2.9402519259e+06 7.5867163565e+00 6.4593320070e+00 -6.0125557020e+08
1.5945171284e+05 1.8861363720e-13 4.9279784204e-14 -6.2438187776e+06 1.5829238989e+06 1.9508884571e-18 1.5663247747e-17 -2.5056235001e+03 -1.0605486030e+04 -2.1248206513e+10 -9.6470938853e+06 3.3942842915e+06 6.9775091369e+00 7.9853165252e+00 -7.3966670157e+08
1.5945869035e+05 1.8862692656e-13 4.9389155190e-14 -6.2610283421e+06 1.5090662317e+06 1.8582613360e-18 1.5686150460e-17 -2.4269748470e+03 -1.0563321295e+04 -2.6773870921e+10 -9.5317495011e+06 3.8894595404e+06 6.5873721570e+00 9.0970397991e+00 -8.3808840402e+08
1.5946527772e+05 1.8863887886e-13 4.9492554173e-14 -6.2767678258e+06 1.4396313525e+06 1.7705505543e-18 1.5706778177e-17 -2.3515838123e+03 -1.0517073058e+04 -3.2495391713e+10 -9.4147344941e+06 4.4057582771e+06 6.3673172732e+00 9.7370297642e+00 -8.9193670909e+08
1.5947164504e+05 1.8864988201e-13 4.9592625247e-14 -6.2915079367e+06 1.3728174862e+06 1.6855483932e-18 1.5725798950e-17 -2.2783404495e+03 -1.0469141993e+04 -3.8228481171e+10 -9.2997988169e+06 4.9267643901e+06 6.2664911480e+00 9.9020726342e+00 -9.0178745933e+08
1.5947791153e+05 1.8866018186e-13 4.9691227178e-14 -6.3055598695e+06 1.3073620569e+06 1.6016990564e-18 1.5743638485e-17 -2.2065406820e+03 -1.0421644279e+04 -4.3804134901e+10 -9.1902490321e+06 5.4370326617e+06 6.2578475228e+00 9.6241077746e+00 -8.7144120979e+08
1.5948416938e+05 1.8866994260e-13 4.9789801940e-14 -6.3191457498e+06 1.2422881849e+06 1.5177926104e-18 1.5760583598e-17 -2.1356650056e+03 -1.0376444798e+04 -4.9071836668e+10 -9.0888950781e+06 5.9224244692e+06 6.3284854592e+00 8.9631578502e+00 -8.0711921455e+08
1.5949049786e+05 1.8867927901e-13 4.9889594463e-14 -6.3324376877e+06 1.1767545103e+06 1.4327818183e-18 1.5776837703e-17 -2.0652398591e+03 -1.0335136254e+04 -5.3904253507e+10 -8.9979657836e+06 6.3706166019e+06 6.4702172182e+00 8.0001950184e+00 -7.1670087975e+08
1.5949696808e+05 1.8868826785e-13 4.9991725329e-14 -6.3455714501e+06 1.1100043808e+06 1.3457225691e-18 1.5792540439e-17 -1.9947937924e+03 -1.0299027296e+04 -5.8198493000e+10 -8.9190920532e+06 6.7713194817e+06 6.6829440072e+00 6.8306044113e+00 -6.0907592977e+08
1.5950365102e+05 1.8869696039e-13 5.0097317496e-14 -6.3586642467e+06 1.0412808828e+06 1.2556675939e-18 1.5807789718e-17 -1.9237711078e+03 -1.0269078796e+04 -6.1882106225e+10 -8.8532075453e+06 7.1169504264e+06 6.9853450481e+00 5.5566906087e+00 -4.9346540303e+08
1.5951063637e+05 1.8870540253e-13 5.0207792985e-14 -6.3718484540e+06 9.6963371709e+05 1.1614148139e-18 1.5822677687e-17 -1.8513406914e+03 -1.0245820520e+04 -6.4921622513e+10 -8.8004266087e+06 7.4035567295e+06 7.3928368984e+00 4.2774425297e+00 -3.7855271437e+08
1.5951802921e+05 1.8871361961e-13 5.0324822124e-14 -6.3852572626e+06 8.9395354766e+05 1.0615522192e-18 1.5837265690e-17 -1.7764483447e+03 -1.0229401624e+04 -6.7315253353e+10 -8.7602210768e+06 7.6302368925e+06 7.9257766011e+00 3.0834012361e+00 -2.7211416488e+08
1.5952595498e+05 1.8872160863e-13 5.0450402361e-14 -6.3990242677e+06 8.1292121703e+05 9.5439325709e-19 1.5851572795e-17 -1.6977773103e+03 -1.0219574505e+04 -6.9092891383e+10 -8.7314706059e+06 7.7992094431e+06 8.5752032427e+00 2.0501607892e+00 -1.8053089395e+08
1.5953453019e+05 1.8872929536e-13 5.0586393691e-14 -6.4132231885e+06 7.2530711436e+05 8.3837730149e-19 1.5865501628e-17 -1.6140436023e+03 -1.0215677117e+04 -7.0312624555e+10 -8.7125813748e+06 7.9155202315e+06 9.3131913865e+00 1.2334367206e+00 -1.0843189417e+08
1.5954384338e+05 1.8873651641e-13 5.0734215572e-14 -6.4278359515e+06 6.3016558101e+05 7.1233333712e-19 1.5878806743e-17 -1.5241803820e+03 -1.0216545835e+04 -7.1066391149e+10 -8.7014785577e+06 7.9875942681e+06 1.0124859427e+01 6.5670913072e-01 -5.7660193061e+07
1.5955396824e+05 1.8874303499e-13 5.0895050496e-14 -6.4427768294e+06 5.2670567571e+05 5.7531191778e-19 1.5891123275e-17 -1.4272422746e+03 -1.0220589863e+04 -7.1475161870e+10 -8.6957965614e+06 8.0267743636e+06 1.1019115958e+01 3.0159731289e-01 -2.6455504903e+07
1.5956498735e+05 1.8874855316e-13 5.1070218932e-14 -6.4579249079e+06 4.1405366903e+05 4.2627273043e-19 1.5901992334e-17 -1.3222396223e+03 -1.0226086489e+04 -7.1664507306e+10 -8.6933360438e+06 8.0449630657e+06 1.2115738620e+01 1.1583359224e-01 -1.0152273496e+07
1.5957710309e+05 1.8875272600e-13 5.1262940517e-14 -6.4732472609e+06 2.9012284859e+05 2.6260064144e-19 1.5910906241e-17 -1.2071425949e+03 -1.0231523925e+04 -7.1737383033e+10 -8.6924610256e+06 8.0519787122e+06 1.3202042095e+01 3.5437612365e-02 -3.1033126322e+06
1.5959030513e+05 1.8875501751e-13 5.1473041443e-14 -6.4883579807e+06 1.5501661746e+05 8.4617540545e-20 1.5917020197e-17 -1.0820655696e+03 -1.0235570618e+04 -7.1759311060e+10 -8.6922213896e+06 8.0540943644e+06 1.3804200748e+01 8.3326908167e-03 -7.2900349499e+05
1.5960094220e+05 1.8875515653e-13 5.1642365726e-14 -6.4993332356e+06 4.6130739076e+04 -5.8416598579e-20 1.5919236302e-17 -9.8156636812e+02 -1.0237077556e+04 -7.1763712822e+10 -8.6921780558e+06 8.0545199640e+06 1.3294785150e+01 2.3057454643e-03 -2.0155498042e+05
1.5961423698e+05 1.8875319461e-13 5.1854008700e-14 -6.5115501723e+06 -8.9968987137e+04 -2.3660672682e-19 1.5918637731e-17 -8.5637074637e+02 -1.0236642422e+04 -7.1764992618e+10 -8.6921667167e+06 8.0546439408e+06 1.8855606787e+01 3.9933746916e-04 -3.4868313693e+04
1.5963309259e+05 1.8874636072e-13 5.2154108132e-14 -6.5260306511e+06 -2.8294761216e+05 -4.8796656500e-19 1.5911453723e-17 -6.7976807630e+02 -1.0231592414e+04 -7.1765220966e+10 -8.6921649747e+06 8.0546661126e+06 3.1194921947e+01 2.5141579468e-05 -2.1913467276e+03
1.5966428751e+05 1.8872470564e-13 5.2650081608e-14 -6.5427162102e+06 -6.0185218708e+05 -8.9938201544e-19 1.5883628609e-17 -3.9071241138e+02 -1.0212042660e+04 -7.1765234699e+10 -8.6921648929e+06 8.0546674474e+06 3.6877788255e+01 1.2786933340e-07 -1.1107481034e+01
1.5969033307e+05 1.8869686419e-13 5.3063313851e-14 -6.5497895233e+06 -8.6750332237e+05 -1.2376417827e-18 1.5845685171e-17 -1.5305507843e+02 -1.0185384046e+04 -7.1765234770e+10 -8.6921648927e+06 8.0546674532e+06 3.1729319953e+01 8.0347496198e-10 -6.9569312348e-02
1.5972206239e+05 1.8865115632e-13 5.3565128657e-14 -6.5501223524e+06 -1.1900055467e+06 -1.6419397204e-18 1.5782222782e-17 1.3099989615e+02 -1.0140796118e+04 -7.1765234803e+10 -8.6921648927e+06 8.0546674532e+06 3.1438888558e+01 7.5837345462e-13 -6.5374794075e-05
1.5975350128e+05 1.8859336417e-13 5.4060083030e-14 -6.5416679195e+06 -1.5079629255e+06 -2.0328175482e-18 1.5701710203e-17 4.0562605945e+02 -1.0084228927e+04 -7.1765234834e+10 -8.6921648927e+06 8.0546674532e+06 4.0441118736e+01 3.3327192211e-16 -2.8589818524e-08
1.5979394240e+05 1.8850124953e-13 5.4692587724e-14 -6.5183046529e+06 -1.9140309576e+06 -2.5194936591e-18 1.5574281891e-17 7.4755896937e+02 -9.9946992943e+03 -7.1765234941e+10 -8.6921648927e+06 8.0546674532e+06 4.7262697365e+01 5.0052076612e-21 -4.2640488942e-13
1.5984120509e+05 1.8836922060e-13 5.5424549518e-14 -6.4738738781e+06 -2.3835121954e+06 -3.0627383621e-18 1.5394743345e-17 1.1292363065e+03 -9.8685576238e+03 -7.1765235158e+10 -8.6921648927e+06 8.0546674532e+06 5.3709310883e+01 2.3979275092e-27 -2.0245731078e-19
1.5989491440e+05 1.8818894077e-13 5.6245133903e-14 -6.4021349367e+06 -2.9091497609e+06 -3.6437883414e-18 1.5156143578e-17 1.5374751861e+03 -9.7009202344e+03 -7.1765235521e+10 -8.6921648927e+06 8.0546674532e+06 6.0421084678e+01 2.3242878253e-35 -1.9404781701e-27
1.5995533549e+05 1.8795023963e-13 5.7151857630e-14 -6.2962133904e+06 -3.4889476849e+06 -4.2487204696e-18 1.4851699038e-17 1.9624933826e+03 -9.4870210825e+03 -7.1765236063e+10 -8.6921648927e+06 8.0546674532e+06 6.7675655387e+01 2.4235530455e-45 -1.9957220017e-37
1.6002301114e+05 1.8764152297e-13 5.8144421500e-14 -6.1485183403e+06 -4.1221813950e+06 -4.8636670649e-18 1.4476101073e-17 2.3945476258e+03 -9.2231303709e+03 -7.1765236800e+10 -8.6921648927e+06 8.0546674532e+06 7.5370119595e+01 1.3106667341e-57 -1.0615833736e-49
1.6009838126e+05 1.8725153580e-13 5.9218761571e-14 -5.9515920023e+06 -4.8055787658e+06 -5.4716490960e-18 1.4028200101e-17 2.8217086481e+03 -8.9084404177e+03 -7.1765237708e+10 -8.6921648927e+06 8.0546674532e+06 8.2878385523e+01 1.8980585128e-72 -1.5076177107e-64
1.6018125965e+05 1.8677341848e-13 6.0360231876e-14 -5.7004244643e+06 -5.5290261570e+06 -6.0511512787e-18 1.3515098653e-17 3.2288600639e+03 -8.5479413769e+03 -7.1765238693e+10 -8.6921648927e+06 8.0546674532e+06 8.9291092443e+01 5.6069000217e-90 -4.3547813306e-82
1.6027055074e+05 1.8620880908e-13 6.1541968734e-14 -5.3950462926e+06 -6.2746876231e+06 -6.5796195513e-18 1.2953946326e-17 3.6001556550e+03 -8.1536823540e+03 -7.1765239616e+10 -8.6921648927e+06 8.0546674532e+06 9.4276357244e+01 4.9924146010e-110 -3.7823279613e-102
1.6036482710e+05 1.8556600317e-13 6.2735431146e-14 -5.0398261450e+06 -7.0238632487e+06 -7.0416803626e-18 1.2366242712e-17 3.9247941450e+03 -7.7407687085e+03 -7.1765240393e+10 -8.6921648927e+06 8.0546674532e+06 9.8435876835e+01 3.0887299486e-132 -2.2785792464e-124
1.6046326298e+05 1.8485287304e-13 6.3923150062e-14 -4.6394505857e+06 -7.7650619682e+06 -7.4332959886e-18 1.1769133199e-17 4.1999386766e+03 -7.3212465895e+03 -7.1765241034e+10 -8.6921648927e+06 8.0546674532e+06 1.0261969121e+02 2.7003339496e-156 -1.9373084546e-148
1.6056588267e+05 1.8407273809e-13 6.5100037685e-14 -4.1962766283e+06 -8.4946861325e+06 -7.7581487816e-18 1.1172645029e-17 4.4281764272e+03 -6.9021610188e+03 -7.1765241593e+10 -8.6921648927e+06 8.0546674532e+06 1.0739100650e+02 4.5472196600e-182 -3.1696141490e-174
1.6067327367e+05 1.8322475860e-13 6.6267835560e-14 -3.7103150792e+06 -9.2134026105e+06 -8.0225837312e-18 1.0581823988e-17 4.6139653118e+03 -6.4870571063e+03 -7.1765242121e+10 -8.6921648927e+06 8.0546674532e+06 1.1261468906e+02 1.4555635731e-209 -9.8490414455e-202
1.6078588836e+05 1.8230890774e-13 6.7426436337e-14 -3.1820096798e+06 -9.9207073126e+06 -8.2322768559e-18 1.0001261921e-17 4.7612932342e+03 -6.0791610283e+03 -7.1765242645e+10 -8.6921648927e+06 8.0546674532e+06 1.1245656117e+02 9.3545091505e-239 -6.1398558624e-231
1.6089834492e+05 1.8137402439e-13 6.8520419988e-14 -2.6401705781e+06 -1.0582762626e+07 -8.3860145384e-18 9.4614088841e-18 4.8693075213e+03 -5.6998666356e+03 -7.1765243060e+10 -8.6921648927e+06 8.0546674532e+06 1.1274918393e+02 4.2564191052e-268 -2.7122279974e-260
1.6101109411e+05 1.8042196529e-13 6.9558495562e-14 -2.0865632277e+06 -1.1205260290e+07 -8.4954108280e-18 8.9587557135e-18 4.9461680673e+03 -5.3467084315e+03 -7.1765243399e+10 -8.6921648927e+06 8.0546674532e+06 1.1263319224e+02 1.4410921117e-297 -8.9219752341e-290
1.6112372730e+05 1.7946066311e-13 7.0540989151e-14 -1.5263431892e+06 -1.1788816621e+07 -8.5688709229e-18 8.4929915151e-18 4.9977802657e+03 -5.0194679853e+03 -7.1765243672e+10 -8.6921648927e+06 8.0546674532e+06 1.1120657105e+02 0.0000000000e+00 -0.0000000000e+00
1.6123493387e+05 1.7850505011e-13 7.1461444925e-14 -9.6866142480e+05 -1.2330137789e+07 -8.6132299301e-18 8.0662595821e-18 5.0289463824e+03 -4.7196511495e+03 -7.1765243880e+10 -8.6921648927e+06 8.0546674532e+06 1.0692723334e+02 0.0000000000e+00 -0.0000000000e+00
1.6133065695e+05 1.7767948749e-13 7.2216985756e-14 -4.8651799082e+05 -1.2770263940e+07 -8.6332253014e-18 7.7233171077e-18 5.0429948949e+03 -4.4787038017e+03 -7.1765243960e+10 -8.6921648927e+06 8.0546674532e+06 9.7876588217e+01 0.0000000000e+00 -0.0000000000e+00
1.6137499766e+05 1.7729657549e-13 7.2556063685e-14 -2.6283167874e+05 -1.2966478490e+07 -8.6376521689e-18 7.5716164146e-18 5.0461051600e+03 -4.3721206794e+03 -7.1765243962e+10 -8.6921648927e+06 8.0546674532e+06 8.9586648652e+01 0.0000000000e+00 -0.0000000000e+00
1.6146458431e+05 1.7652264131e-13 7.3221105828e-14 1.8931338255e+05 -1.3348836256e+07 -8.6385453361e-18 7.2781145329e-18 5.0467326888e+03 -4.1659097103e+03 -7.1765244006e+10 -8.6921648927e+06 8.0546674532e+06 8.6564752563e+01 0.0000000000e+00 -0.0000000000e+00
1.6155114906e+05 1.7577513725e-13 7.3839425853e-14 6.2597916294e+05 -1.3701231185e+07 -8.6305232168e-18 7.0100626309e-18 5.0410964421e+03 -3.9775795975e+03 -7.1765244038e+10 -8.6921648927e+06 8.0546674532e+06 1.1475318648e+02 0.0000000000e+00 -0.0000000000e+00
1.6166590225e+05 1.7478589760e-13 7.4624484169e-14 1.2036598151e+06 -1.4144062892e+07 -8.6087158330e-18 6.6764563113e-18 5.0257748308e+03 -3.7431917221e+03 -7.1765244147e+10 -8.6921648927e+06 8.0546674532e+06 1.3727406984e+02 0.0000000000e+00 -0.0000000000e+00
1.6180317632e+05 1.7360671138e-13 7.5515279406e-14 1.8917646717e+06 -1.4639843147e+07 -8.5691435072e-18 6.3069964528e-18 4.9979717803e+03 -3.4836135721e+03 -7.1765244359e+10 -8.6921648927e+06 8.0546674532e+06 1.5974614352e+02 0.0000000000e+00 -0.0000000000e+00
1.6196292246e+05 1.7224246103e-13 7.6490862757e-14 2.6869132877e+06 -1.5173899819e+07 -8.5088814233e-18 5.9132857231e-18 4.9556323491e+03 -3.2069970453e+03 -7.1765244706e+10 -8.6921648927e+06 8.0546674532e+06 1.7359538913e+02 0.0000000000e+00 -0.0000000000e+00
1.6213651785e+05 1.7077198922e-13 7.7483069778e-14 3.5425295105e+06 -1.5706512431e+07 -8.4306130687e-18 5.5242709705e-18 4.9006419240e+03 -2.9336798568e+03 -7.1765245097e+10 -8.6921648927e+06 8.0546674532e+06 1.8098952566e+02 0.0000000000e+00 -0.0000000000e+00
1.6231750738e+05 1.6925430432e-13 7.8449056882e-14 4.4237557966e+06 -1.6213696494e+07 -8.3389352189e-18 5.1561781938e-18 4.8362301452e+03 -2.6750622024e+03 -7.1765245451e+10 -8.6921648927e+06 8.0546674532e+06 1.8900584405e+02 0.0000000000e+00 -0.0000000000e+00
1.6250651322e+05 1.6768785769e-13 7.9390095718e-14 5.3310439537e+06 -1.6695755872e+07 -8.2356666521e-18 4.8072108015e-18 4.7636748651e+03 -2.4298818180e+03 -7.1765245773e+10 -8.6921648927e+06 8.0546674532e+06 1.9730972533e+02 0.0000000000e+00 -0.0000000000e+00
1.6270382295e+05 1.6607397528e-13 8.0305442158e-14 6.2631683141e+06 -1.7151895251e+07 -8.1224902814e-18 4.4763545869e-18 4.6841584785e+03 -2.1974261341e+03 -7.1765246065e+10 -8.6921648927e+06 8.0546674532e+06 2.0585909420e+02 0.0000000000e+00 -0.0000000000e+00
1.6290968204e+05 1.6441435917e-13 8.1194139905e-14 7.2186819852e+06 -1.7581210121e+07 -8.0008748981e-18 4.1626710834e-18 4.5987129410e+03 -1.9770357950e+03 -7.1765246329e+10 -8.6921648927e+06 8.0546674532e+06 2.1458707495e+02 0.0000000000e+00 -0.0000000000e+00
1.6312426912e+05 1.6271126666e-13 8.2054988205e-14 8.1958163705e+06 -1.7982687594e+07 -7.8721231326e-18 3.8653160990e-18 4.5082534653e+03 -1.7681176812e+03 -7.1765246566e+10 -8.6921648927e+06 8.0546674532e+06 2.2341109414e+02 0.0000000000e+00 -0.0000000000e+00
1.6334768021e+05 1.6096759409e-13 8.2886575004e-14 9.1924383099e+06 -1.8355244569e+07 -7.7374065176e-18 3.5835334187e-18 4.4136031565e+03 -1.5701404851e+03 -7.1765246778e+10 -8.6921648927e+06 8.0546674532e+06 2.3222771809e+02 0.0000000000e+00 -0.0000000000e+00
1.6357990793e+05 1.5918698177e-13 8.3687304563e-14 1.0205997740e+07 -1.8697766909e+07 -7.5977964430e-18 3.3166515318e-18 4.3155147606e+03 -1.3826324111e+03 -7.1765246966e+10 -8.6921648927e+06 8.0546674532e+06 2.4090649307e+02 0.0000000000e+00 -0.0000000000e+00
1.6382081442e+05 1.5737394270e-13 8.4455422533e-14 1.1233464846e+07 -1.9009152653e+07 -7.4542927153e-18 3.0640827794e-18 4.2146907298e+03 -1.2051805771e+03 -7.1765247132e+10 -8.6921648927e+06 8.0546674532e+06 2.4928145741e+02 0.0000000000e+00 -0.0000000000e+00
1.6407009588e+05 1.5553402662e-13 8.5189037997e-14 1.2271251112e+07 -1.9288361160e+07 -7.3078517224e-18 2.8253255803e-18 4.1118030110e+03 -1.0374325779e+03 -7.1765247276e+10 -8.6921648927e+06 8.0546674532e+06 2.5713901206e+02 0.0000000000e+00 -0.0000000000e+00
1.6432723489e+05 1.5367403753e-13 8.5886140982e-14 1.3315105246e+07 -1.9534470548e+07 -7.1594165259e-18 2.5999708266e-18 4.0075141882e+03 -8.7910097919e+02 -7.1765247401e+10 -8.6921648927e+06 8.0546674532e+06 2.6419974712e+02 0.0000000000e+00 -0.0000000000e+00
1.6459143464e+05 1.5180233571e-13 8.6544611740e-14 1.4359968252e+07 -1.9746746579e+07 -7.0099520855e-18 2.3877144412e-18 3.9025022308e+03 -7.2997213995e+02 -7.1765247506e+10 -8.6921648927e+06 8.0546674532e+06 2.7008962624e+02 0.0000000000e+00 -0.0000000000e+00
1.6486152427e+05 1.4992928106e-13 8.7162213894e-14 1.5399758698e+07 -1.9924727513e+07 -6.8604907430e-18 2.1883798506e-18 3.7974924499e+03 -5.8992200168e+02 -7.1765247594e+10 -8.6921648927e+06 8.0546674532e+06 2.7429096756e+02 0.0000000000e+00 -0.0000000000e+00
1.6513581523e+05 1.4806792853e-13 8.7736554262e-14 1.6427031048e+07 -2.0068332002e+07 -6.7121973105e-18 2.0019579041e-18 3.6933032289e+03 -4.5894413527e+02 -7.1765247666e+10 -8.6921648927e+06 8.0546674532e+06 2.7605120608e+02 0.0000000000e+00 -0.0000000000e+00
1.6541186644e+05 1.4623521251e-13 8.8264969754e-14 1.7432383693e+07 -2.0178002196e+07 -6.5664730756e-18 1.8286806779e-18 3.5909190958e+03 -3.3720159474e+02 -7.1765247722e+10 -8.6921648927e+06 8.0546674532e+06 2.7419118433e+02 0.0000000000e+00 -0.0000000000e+00
1.6568605762e+05 1.4445419552e-13 8.8744239575e-14 1.8403315280e+07 -2.0254905792e+07 -6.4251447697e-18 1.6691697929e-18 3.4916234908e+03 -2.2513112351e+02 -7.1765247763e+10 -8.6921648927e+06 8.0546674532e+06 2.6662502093e+02 0.0000000000e+00 -0.0000000000e+00
1.6595268264e+05 1.4275905925e-13 8.9169811229e-14 1.9321645298e+07 -2.0301251443e+07 -6.2908717304e-18 1.5247799060e-18 3.3972848331e+03 -1.2368448766e+02 -7.1765247791e+10 -8.6921648927e+06 8.0546674532e+06 2.4875458920e+02 0.0000000000e+00 -0.0000000000e+00
1.6615586066e+05 1.4149111147e-13 8.9468996782e-14 2.0004719104e+07 -2.0318922597e+07 -6.1905644764e-18 1.4211574744e-18 3.3268101365e+03 -5.0880586348e+01 -7.1765247797e+10 -8.6921648927e+06 8.0546674532e+06 2.1784101701e+02 0.0000000000e+00 -0.0000000000e+00
1.6634974880e+05 1.4029998646e-13 8.9735343182e-14 2.0643318031e+07 -2.0322324501e+07 -6.0964096915e-18 1.3270067975e-18 3.2606580924e+03 1.5268571607e+01 -7.1765247801e+10 -8.6921648927e+06 8.0546674532e+06 1.7875821010e+02 0.0000000000e+00 -0.0000000000e+00
1.6652850701e+05 1.3921786325e-13 8.9965085730e-14 2.1220805554e+07 -2.0314346214e+07 -6.0109123802e-18 1.2440081243e-18 3.2005886872e+03 7.3582462923e+01 -7.1765247803e+10 -8.6921648927e+06 8.0546674532e+06 2.5012888167e+02 0.0000000000e+00 -0.0000000000e+00
1.6677863589e+05 1.3772911673e-13 9.0262300118e-14 2.2010997638e+07 -2.0286141433e+07 -5.8933102576e-18 1.1335442163e-18 3.1179628195e+03 1.5119310511e+02 -7.1765247813e+10 -8.6921648927e+06 8.0546674532e+06 2.9836383068e+02 0.0000000000e+00 -0.0000000000e+00
1.6707699972e+05 1.3599133023e-13 9.0581830332e-14 2.2926836863e+07 -2.0227907669e+07 -5.7559865948e-18 1.0097103861e-18 3.0214808296e+03 2.3819729734e+02 -7.1765247833e+10 -8.6921648927e+06 8.0546674532e+06 3.4078651970e+02 0.0000000000e+00 -0.0000000000e+00
1.6741778624e+05 1.3405597025e-13 9.0903175212e-14 2.3938107114e+07 -2.0130748790e+07 -5.6028476031e-18 8.7779581611e-19 2.9138871757e+03 3.3087892229e+02 -7.1765247862e+10 -8.6921648927e+06 8.0546674532e+06 3.8175463919e+02 0.0000000000e+00 -0.0000000000e+00
1.6779954088e+05 1.3194910764e-13 9.1211786210e-14 2.5027978793e+07 -1.9985821522e+07 -5.4356795818e-18 7.4079759124e-19 2.7964368906e+03 4.2713226333e+02 -7.1765247902e+10 -8.6921648927e+06 8.0546674532e+06 4.2327385086e+02 0.0000000000e+00 -0.0000000000e+00
1.6822281473e+05 1.2968667411e-13 9.1495283849e-14 2.6184694900e+07 -1.9783905967e+07 -5.2553232077e-18 6.0069280068e-19 2.6697206240e+03 5.2556824089e+02 -7.1765247953e+10 -8.6921648927e+06 8.0546674532e+06 4.6654596569e+02 0.0000000000e+00 -0.0000000000e+00
1.6868936070e+05 1.2728011839e-13 9.1741977740e-14 2.7398419170e+07 -1.9515127533e+07 -5.0620796861e-18 4.5891218642e-19 2.5339499991e+03 6.2518163246e+02 -7.1765248014e+10 -8.6921648927e+06 8.0546674532e+06 5.1245971317e+02 0.0000000000e+00 -0.0000000000e+00
1.6920182041e+05 1.2473909955e-13 9.1940117301e-14 2.8659663895e+07 -1.9168727167e+07 -4.8558710715e-18 3.1655905445e-19 2.3890702525e+03 7.2519726824e+02 -7.1765248086e+10 -8.6921648927e+06 8.0546674532e+06 5.6178868545e+02 0.0000000000e+00 -0.0000000000e+00
1.6976360910e+05 1.2207310127e-13 9.2077420281e-14 2.9958273526e+07 -1.8732839209e+07 -4.6362996745e-18 1.7452870746e-19 2.2348019721e+03 8.2498611909e+02 -7.1765248167e+10 -8.6921648927e+06 8.0546674532e+06 6.1529410414e+02 0.0000000000e+00 -0.0000000000e+00
1.7037890320e+05 1.1929263604e-13 9.2140715677e-14 3.1282591236e+07 -1.8194252233e+07 -4.4026533871e-18 3.3583318149e-20 2.0706448394e+03 9.2401269144e+02 -7.1765248259e+10 -8.6921648927e+06 8.0546674532e+06 6.7379616485e+02 0.0000000000e+00 -0.0000000000e+00
1.7105269936e+05 1.1641034314e-13 9.2115626925e-14 3.2618627214e+07 -1.7538130579e+07 -4.1538716067e-18 -1.0559398365e-19 1.8958536874e+03 1.0217970263e+03 -7.1765248361e+10 -8.6921648927e+06 8.0546674532e+06 7.3824322234e+02 0.0000000000e+00 -0.0000000000e+00
1.7179094259e+05 1.1344216155e-13 9.1986251009e-14 3.3949103529e+07 -1.6747667446e+07 -3.8884712675e-18 -2.4235327828e-19 1.7093865314e+03 1.1178824978e+03 -7.1765248471e+10 -8.6921648927e+06 8.0546674532e+06 8.0980276270e+02 0.0000000000e+00 -0.0000000000e+00
1.7260074535e+05 1.1040872632e-13 9.1734792965e-14 3.5252248947e+07 -1.5803620459e+07 -3.6044199800e-18 -3.7603174380e-19 1.5098154385e+03 1.2118034150e+03 -7.1765248592e+10 -8.6921648927e+06 8.0546674532e+06 8.9001240293e+02 0.0000000000e+00 -0.0000000000e+00
1.7280000000e+05 1.0969740255e-13 9.1656809751e-14 3.5548257330e+07 -1.5560015082e+07 -3.5354831223e-18 -4.0657061934e-19 1.4613812134e+03 1.2332596696e+03 -7.1765248592e+10 -8.6921648927e+06 8.0546674532e+06 9.5245834283e+02 0.0000000000e+00 -0.0000000000e+00
1.7280000000e+05 1.0969740255e-13 9.1656809751e-14 3.5548257330e+07 -1.5560015082e+07 -3.5354831223e-18 -4.0657061934e-19 1.4613812134e+03 1.2332596696e+03 -7.1765248592e+10 -8.6921648927e+06 8.0546674532e+06 9.5245834283e+02 0.0000000000e+00 -0.0000000000e+00
