0.0000000000e+00 0.0000000000e+00 0.0000000000e+00 3.1415900000e+08 0.0000000000e+00 0.0000000000e+00 0.0000000000e+00 -1.1675124958e+03 2.7733476551e+02 -4.6638893045e+09 -9.9238562143e+06 2.3573455068e+06 1.0000000000e+01 0.0000000000e+00 -0.0000000000e+00
1.0000000000e+01 2.8740007737e-22 8.4573418348e-28 3.1414732467e+08 2.7733476545e+03 5.7480727553e-23 2.5372496981e-28 -1.1675528811e+03 2.7733476533e+02 -4.6638893045e+09 -9.9238562143e+06 2.3573455068e+06 5.0000000000e+01 0.0000000000e+00 -0.0000000000e+00
6.0000000000e+01 1.0347684756e-20 1.8272951647e-25 3.1408894198e+08 1.6640085802e+04 3.4494846919e-22 9.1374947562e-27 -1.1677548525e+03 2.7733475909e+02 -4.6638893045e+09 -9.9238562143e+06 2.3573455068e+06 2.5000000000e+02 0.0000000000e+00 -0.0000000000e+00
3.1000000000e+02 2.7639698697e-19 2.5237471366e-23 3.1379687693e+08 8.5973759576e+04 1.7838921450e-21 2.4437450272e-25 -1.1687658374e+03 2.7733459381e+02 -4.6638893045e+09 -9.9238562143e+06 2.3573455068e+06 1.2500000000e+03 0.0000000000e+00 -0.0000000000e+00
1.5600000000e+03 7.0211781821e-18 3.2387324252e-21 3.1233274751e+08 4.3263995870e+05 9.0190334593e-21 6.2465310268e-24 -1.1738491626e+03 2.7733037677e+02 -4.6638893045e+09 -9.9238562143e+06 2.3573455068e+06 3.6000000000e+03 0.0000000000e+00 -0.0000000000e+00
5.1600000000e+03 7.7516767326e-17 1.1962353769e-19 3.0808017315e+08 1.4309633439e+06 3.0242060819e-20 7.0233419409e-23 -1.1887602119e+03 2.7728542033e+02 -4.6638893044e+09 -9.9238562143e+06 2.3573455068e+06 3.6000000000e+03 0.0000000000e+00 -0.0000000000e+00
8.7600000000e+03 2.2548028589e-16 5.9760609984e-19 3.0377317074e+08 2.4290326748e+06 5.2062062208e-20 2.0814614821e-22 -1.2040906882e+03 2.7718852447e+02 -4.6638893043e+09 -9.9238562143e+06 2.3573455068e+06 3.6000000000e+03 0.0000000000e+00 -0.0000000000e+00
1.2360000000e+04 4.5311947123e-16 1.7146207696e-18 2.9941018914e+08 3.4266530293e+06 7.4512034851e-20 4.2636914540e-22 -1.2198637749e+03 2.7703520356e+02 -4.6638893042e+09 -9.9238562143e+06 2.3573455068e+06 3.6000000000e+03 0.0000000000e+00 -0.0000000000e+00
1.5960000000e+04 7.6276559528e-16 3.7722774792e-18 2.9498959043e+08 4.4236124997e+06 9.7627657356e-20 7.3196252954e-22 -1.2361045393e+03 2.7682049725e+02 -4.6638893040e+09 -9.9238562143e+06 2.3573455068e+06 3.6000000000e+03 0.0000000000e+00 -0.0000000000e+00
1.9560000000e+04 1.1568836305e-15 7.0989492689e-18 2.9050964275e+08 5.4196803751e+06 1.2144758082e-19 1.1327503794e-21 -1.2528401373e+03 2.7653890842e+02 -4.6638893039e+09 -9.9238562143e+06 2.3573455068e+06 3.6000000000e+03 0.0000000000e+00 -0.0000000000e+00
2.3160000000e+04 1.6380835337e-15 1.2052702026e-17 2.8596851238e+08 6.4146050825e+06 1.4601375988e-19 1.6374229787e-21 -1.2701000457e+03 2.7618433139e+02 -4.6638893037e+09 -9.9238562143e+06 2.3573455068e+06 3.6000000000e+03 0.0000000000e+00 -0.0000000000e+00
2.6760000000e+04 2.2091328034e-15 1.9024621323e-17 2.8136425489e+08 7.4081118499e+06 1.7137183032e-19 2.2556556661e-21 -1.2879163276e+03 2.7574996837e+02 -4.6638893035e+09 -9.9238562143e+06 2.3573455068e+06 3.6000000000e+03 0.0000000000e+00 -0.0000000000e+00
3.0360000000e+04 2.8729704924e-15 2.8442601720e-17 2.7669480536e+08 8.3999000435e+06 1.9757154130e-19 2.9982474971e-21 -1.3063239363e+03 2.7522823209e+02 -4.6638893032e+09 -9.9238562143e+06 2.3573455068e+06 3.6000000000e+03 0.0000000000e+00 -0.0000000000e+00
3.3960000000e+04 3.6327228888e-15 4.0775676685e-17 2.7195796728e+08 9.3896401259e+06 2.2466725187e-19 3.8772836520e-21 -1.3253610638e+03 2.7461063163e+02 -4.6638893030e+09 -9.9238562143e+06 2.3573455068e+06 3.6000000000e+03 0.0000000000e+00 -0.0000000000e+00
3.7560000000e+04 4.4917211164e-15 5.6538983033e-17 2.6715140025e+08 1.0376970168e+07 2.5271850325e-19 4.9063264361e-21 -1.3450695430e+03 2.7388763828e+02 -4.6638893026e+09 -9.9238562143e+06 2.3573455068e+06 3.6000000000e+03 0.0000000000e+00 -0.0000000000e+00
4.1160000000e+04 5.4535209544e-15 7.6299473248e-17 2.6227260601e+08 1.1361491836e+07 2.8179068133e-19 6.1006408798e-21 -1.3654953133e+03 2.7304852700e+02 -4.6638893023e+09 -9.9238562143e+06 2.3573455068e+06 3.6000000000e+03 0.0000000000e+00 -0.0000000000e+00
4.4760000000e+04 6.5219252280e-15 1.0068251321e-16 2.5731891275e+08 1.2342765755e+07 3.1195578644e-19 7.4774624271e-21 -1.3866889613e+03 2.7208118838e+02 -4.6638893018e+09 -9.9238562143e+06 2.3573455068e+06 3.6000000000e+03 0.0000000000e+00 -0.0000000000e+00
4.8360000000e+04 7.7010091959e-15 1.3037953312e-16 2.5228745724e+08 1.3320306134e+07 3.4329333200e-19 9.0563161057e-21 -1.4087063521e+03 2.7097190436e+02 -4.6638893012e+09 -9.9238562143e+06 2.3573455068e+06 3.6000000000e+03 0.0000000000e+00 -0.0000000000e+00
5.1960000000e+04 8.9951494431e-15 1.6615693747e-16 2.4717516454e+08 1.4293574506e+07 3.7589139814e-19 1.0859399035e-20 -1.4316093699e+03 2.6970507950e+02 -4.6638893006e+09 -9.9238562143e+06 2.3573455068e+06 3.6000000000e+03 0.0000000000e+00 -0.0000000000e+00
5.5560000000e+04 1.0409056894e-14 2.0886652805e-16 2.4197872482e+08 1.5261972406e+07 4.0984787343e-19 1.2912041351e-20 -1.4554667899e+03 2.6826291716e+02 -4.6638892998e+09 -9.9238562143e+06 2.3573455068e+06 3.6000000000e+03 0.0000000000e+00 -0.0000000000e+00
5.9160000000e+04 1.1947814693e-14 2.5945775569e-16 2.3669456671e+08 1.6224832761e+07 4.4527192565e-19 1.5243264849e-20 -1.4803553123e+03 2.6662502696e+02 -4.6638892988e+09 -9.9238562143e+06 2.3573455068e+06 3.6000000000e+03 0.0000000000e+00 -0.0000000000e+00
6.2760000000e+04 1.3616921873e-14 3.1899219535e-16 2.3131882666e+08 1.7181409720e+07 4.8228575373e-19 1.7886464271e-20 -1.5063607924e+03 2.6476794614e+02 -4.6638892976e+09 -9.9238562143e+06 2.3573455068e+06 3.6000000000e+03 0.0000000000e+00 -0.0000000000e+00
6.6360000000e+04 1.5422343927e-14 3.8866074191e-16 2.2584731338e+08 1.8130866574e+07 5.2102668696e-19 2.0880243662e-20 -1.5335797163e+03 2.6266455196e+02 -4.6638892962e+09 -9.9238562143e+06 2.3573455068e+06 3.6000000000e+03 0.0000000000e+00 -0.0000000000e+00
6.9960000000e+04 1.7370571690e-14 4.6980415802e-16 2.2027546648e+08 1.9072261321e+07 5.6164971631e-19 2.4269450402e-20 -1.5621209788e+03 2.6028333518e+02 -4.6638892943e+09 -9.9238562143e+06 2.3573455068e+06 3.6000000000e+03 0.0000000000e+00 -0.0000000000e+00
7.3560000000e+04 1.9468690273e-14 5.6393778246e-16 2.1459830807e+08 2.0004529299e+07 6.0433056759e-19 2.8106463377e-20 -1.5921080428e+03 2.5758749500e+02 -4.6638892921e+09 -9.9238562143e+06 2.3573455068e+06 3.6000000000e+03 0.0000000000e+00 -0.0000000000e+00
7.7160000000e+04 2.1724460240e-14 6.7278144332e-16 2.0881038564e+08 2.0926462180e+07 6.4926945995e-19 3.2452810949e-20 -1.6236815799e+03 2.5453380233e+02 -4.6638892892e+09 -9.9238562143e+06 2.3573455068e+06 3.6000000000e+03 0.0000000000e+00 -0.0000000000e+00
8.0760000000e+04 2.4146413829e-14 7.9829593822e-16 2.0290570456e+08 2.1836682328e+07 6.9669573863e-19 3.7381221193e-20 -1.6570027253e+03 2.5107115928e+02 -4.6638892855e+09 -9.9238562143e+06 2.3573455068e+06 3.6000000000e+03 0.0000000000e+00 -0.0000000000e+00
8.4360000000e+04 2.6743969787e-14 9.4272787714e-16 1.9687764732e+08 2.2733611303e+07 7.4687363464e-19 4.2978244870e-20 -1.6922571247e+03 2.4713875629e+02 -4.6638892808e+09 -9.9238562143e+06 2.3573455068e+06 3.6000000000e+03 0.0000000000e+00 -0.0000000000e+00
8.7960000000e+04 2.9527571468e-14 1.1086652811e-15 1.9071887654e+08 2.3615430791e+07 8.0010949151e-19 4.9347646202e-20 -1.7296600115e+03 2.4266368985e+02 -4.6638892745e+09 -9.9238562143e+06 2.3573455068e+06 3.6000000000e+03 0.0000000000e+00 -0.0000000000e+00
9.1560000000e+04 3.2508854258e-14 1.2991071667e-15 1.8442121734e+08 2.4480033718e+07 8.5676092480e-19 5.6614836163e-20 -1.7694626420e+03 2.3755784768e+02 -4.6638892663e+09 -9.9238562143e+06 2.3573455068e+06 3.6000000000e+03 0.0000000000e+00 -0.0000000000e+00
9.5160000000e+04 3.5700850392e-14 1.5175515338e-15 1.7797551342e+08 2.5324962432e+07 9.1724855944e-19 6.4932741227e-20 -1.8119605425e+03 2.3171378544e+02 -4.6638892552e+09 -9.9238562143e+06 2.3573455068e+06 3.6000000000e+03 0.0000000000e+00 -0.0000000000e+00
9.8760000000e+04 3.9118241971e-14 1.7681078866e-15 1.7137144932e+08 2.6147329642e+07 9.8207125273e-19 7.4489679070e-20 -1.8575042042e+03 2.2499919334e+02 -4.6638892401e+09 -9.9238562143e+06 2.3573455068e+06 3.6000000000e+03 0.0000000000e+00 -0.0000000000e+00
1.0236000000e+05 4.2777676937e-14 2.0556429366e-15 1.6459732838e+08 2.6943716054e+07 1.0518261024e-18 8.5520088100e-20 -1.9065131409e+03 2.1724935773e+02 -4.6638892191e+09 -9.9238562143e+06 2.3573455068e+06 3.6000000000e+03 0.0000000000e+00 -0.0000000000e+00
1.0596000000e+05 4.6698168404e-14 2.3859719033e-15 1.5763979222e+08 2.7710035964e+07 1.1272351329e-18 9.8319391704e-20 -1.9594946386e+03 2.0825671760e+02 -4.6638891892e+09 -9.9238562143e+06 2.3573455068e+06 3.6000000000e+03 0.0000000000e+00 -0.0000000000e+00
1.0956000000e+05 5.0901606136e-14 2.7661135996e-15 1.5048346133e+08 2.8441358036e+07 1.2091814775e-18 1.1326497935e-19 -2.0170691762e+03 1.9775612355e+02 -4.6638891459e+09 -9.9238562143e+06 2.3573455068e+06 3.6000000000e+03 0.0000000000e+00 -0.0000000000e+00
1.1316000000e+05 5.5413421500e-14 3.2046365402e-15 1.4311046795e+08 2.9131662133e+07 1.2987593416e-18 1.3084645126e-19 -2.0800055297e+03 1.8540358822e+02 -4.6638890814e+09 -9.9238562143e+06 2.3573455068e+06 3.4770075718e+03 0.0000000000e+00 -0.0000000000e+00
1.1663700757e+05 6.0091821365e-14 3.6935264452e-15 1.3576402946e+08 2.9752468917e+07 1.3938099846e-18 1.5093466849e-19 -2.1467869932e+03 1.7128984313e+02 -4.6638889987e+09 -9.9238562143e+06 2.3573455068e+06 3.1343946583e+03 0.0000000000e+00 -0.0000000000e+00
1.1945484426e+05 6.4136419645e-14 4.1450304740e-15 1.2963248274e+08 3.0216731577e+07 1.4780732862e-18 1.6998756406e-19 -2.2059893976e+03 1.5790350285e+02 -4.6638889557e+09 -9.9238562143e+06 2.3573455068e+06 2.8363089306e+03 0.0000000000e+00 -0.0000000000e+00
1.2229115320e+05 6.8457892814e-14 4.6579427939e-15 1.2328484041e+08 3.0642972487e+07 1.5705631970e-18 1.9226017321e-19 -2.2709717208e+03 1.4225502970e+02 -4.6638888902e+09 -9.9238562143e+06 2.3573455068e+06 2.5628843900e+03 0.0000000000e+00 -0.0000000000e+00
1.2459495127e+05 7.2169044448e-14 5.1243832479e-15 1.1798771589e+08 3.0954180212e+07 1.6522658217e-18 2.1313038666e-19 -2.3283750237e+03 1.2759186325e+02 -4.6638888565e+09 -9.9238562143e+06 2.3573455068e+06 2.3198138843e+03 0.0000000000e+00 -0.0000000000e+00
1.2691476516e+05 7.6103999151e-14 5.6460797738e-15 1.1251465132e+08 3.1231007410e+07 1.7414498368e-18 2.3720536837e-19 -2.3910346635e+03 1.1067706434e+02 -4.6638888066e+09 -9.9238562143e+06 2.3573455068e+06 2.0925838622e+03 0.0000000000e+00 -0.0000000000e+00
1.2878936813e+05 7.9440655751e-14 6.1110872380e-15 1.0798173325e+08 3.1424191212e+07 1.8193342104e-18 2.5934645536e-19 -2.4457553081e+03 9.5120997103e+01 -4.6638887823e+09 -9.9238562143e+06 2.3573455068e+06 1.8896303031e+03 0.0000000000e+00 -0.0000000000e+00
1.3048329454e+05 8.2585674489e-14 6.5690683033e-15 1.0379439984e+08 3.1572203786e+07 1.8948135259e-18 2.8180798606e-19 -2.4987861872e+03 7.9339789893e+01 -4.6638887623e+09 -9.9238562143e+06 2.3573455068e+06 1.7085539423e+03 0.0000000000e+00 -0.0000000000e+00
1.3200533493e+05 8.5524222255e-14 7.0148196198e-15 9.9952809566e+07 3.1681138871e+07 1.9672933452e-18 3.0431724851e-19 -2.5497096555e+03 6.3525046910e+01 -4.6638887466e+09 -9.9238562143e+06 2.3573455068e+06 1.5376238713e+03 0.0000000000e+00 -0.0000000000e+00
1.3336059001e+05 8.8236488961e-14 7.4420400802e-15 9.6464925645e+07 3.1756838152e+07 2.0359891308e-18 3.2651097110e-19 -2.5979745063e+03 4.7931998520e+01 -4.6638887350e+09 -9.9238562143e+06 2.3573455068e+06 1.3730924683e+03 0.0000000000e+00 -0.0000000000e+00
1.3454725613e+05 9.0689991050e-14 7.8419748799e-15 9.3355676425e+07 3.1804952436e+07 2.0997144530e-18 3.4785487597e-19 -2.6427471679e+03 3.2936022060e+01 -4.6638887272e+09 -9.9238562143e+06 2.3573455068e+06 1.2097093109e+03 0.0000000000e+00 -0.0000000000e+00
1.3554871573e+05 9.2820902013e-14 8.2000175892e-15 9.0689306847e+07 3.1831135406e+07 2.1563528849e-18 3.6744215752e-19 -2.6825406639e+03 1.9174228483e+01 -4.6638887231e+09 -9.9238562143e+06 2.3573455068e+06 1.0391035406e+03 0.0000000000e+00 -0.0000000000e+00
1.3628949241e+05 9.4434372782e-14 8.4779021518e-15 8.8690835247e+07 3.1841340106e+07 2.2000763501e-18 3.8296389813e-19 -2.7132602561e+03 8.2688361420e+00 -4.6638887219e+09 -9.9238562143e+06 2.3573455068e+06 8.5486068263e+02 0.0000000000e+00 -0.0000000000e+00
1.3704838064e+05 9.6121524228e-14 8.7748759004e-15 8.6619450992e+07 3.1843155934e+07 2.2466025009e-18 3.9986741686e-19 -2.7459489823e+03 -3.6073772532e+00 -4.6638887204e+09 -9.9238562143e+06 2.3573455068e+06 7.1762947750e+02 0.0000000000e+00 -0.0000000000e+00
1.3776601012e+05 9.7750054294e-14 9.0678715649e-15 8.4637423545e+07 3.1836324230e+07 2.2923241934e-18 4.1687037531e-19 -2.7780725056e+03 -1.5553455825e+01 -4.6638887191e+09 -9.9238562143e+06 2.3573455068e+06 8.9433425749e+02 0.0000000000e+00 -0.0000000000e+00
1.3866034438e+05 9.9826550626e-14 9.4507183882e-15 8.2134355231e+07 3.1815370538e+07 2.3518295918e-18 4.3958615108e-19 -2.8198802984e+03 -3.1513292641e+01 -4.6638887142e+09 -9.9238562143e+06 2.3573455068e+06 9.8331076557e+02 0.0000000000e+00 -0.0000000000e+00
1.3964365514e+05 1.0217270917e-13 9.8961213018e-15 7.9337944232e+07 3.1775141951e+07 2.4207693078e-18 4.6674260505e-19 -2.8683165318e+03 -5.0593097711e+01 -4.6638887043e+09 -9.9238562143e+06 2.3573455068e+06 1.0273736374e+03 0.0000000000e+00 -0.0000000000e+00
1.4067102878e+05 1.0469856954e-13 1.0391379701e-14 7.6363832893e+07 3.1712105654e+07 2.4971271751e-18 4.9788676769e-19 -2.9219646710e+03 -7.2474619978e+01 -4.6638886882e+09 -9.9238562143e+06 2.3573455068e+06 1.0445029948e+03 0.0000000000e+00 -0.0000000000e+00
1.4171553177e+05 1.0734953400e-13 1.0929388609e-14 7.3281826154e+07 3.1623783917e+07 2.5797971176e-18 5.3288779822e-19 -2.9800476001e+03 -9.7065932251e+01 -4.6638886650e+09 -9.9238562143e+06 2.3573455068e+06 1.0437594326e+03 0.0000000000e+00 -0.0000000000e+00
1.4275929121e+05 1.1008777512e-13 1.1505519064e-14 7.0139367979e+07 3.1508472215e+07 2.6680863729e-18 5.7176621250e-19 -3.0420785922e+03 -1.2438144873e+02 -4.6638886338e+09 -9.9238562143e+06 2.3573455068e+06 1.0305487080e+03 0.0000000000e+00 -0.0000000000e+00
1.4378983991e+05 1.1288494583e-13 1.2116424848e-14 6.6970930251e+07 3.1365063983e+07 2.7615224733e-18 6.1462983295e-19 -3.1077256970e+03 -1.5449692419e+02 -4.6638885939e+09 -9.9238562143e+06 2.3573455068e+06 1.0084525118e+03 0.0000000000e+00 -0.0000000000e+00
1.4479829243e+05 1.1571874353e-13 1.2759498540e-14 6.3802556419e+07 3.1192926914e+07 2.8597628695e-18 6.6164542561e-19 -3.1767482436e+03 -1.8752952646e+02 -4.6638885444e+09 -9.9238562143e+06 2.3573455068e+06 9.8000605920e+02 0.0000000000e+00 -0.0000000000e+00
1.4577829848e+05 1.1857106544e-13 1.3432592385e-14 6.0654379280e+07 3.0991808847e+07 2.9625465165e-18 7.1302480989e-19 -3.2489628248e+03 -2.2362807739e+02 -4.6638884844e+09 -9.9238562143e+06 2.3573455068e+06 9.4708186825e+02 0.0000000000e+00 -0.0000000000e+00
1.4672538035e+05 1.2142692010e-13 1.4133863510e-14 5.7542159477e+07 3.0761762733e+07 3.0696651860e-18 7.6901777501e-19 -3.3242231418e+03 -2.6296807595e+02 -4.6638884132e+09 -9.9238562143e+06 2.3573455068e+06 9.1110158334e+02 0.0000000000e+00 -0.0000000000e+00
1.4763648194e+05 1.2427373618e-13 1.4861683756e-14 5.4478297509e+07 3.0503084934e+07 3.1809450132e-18 8.2990858753e-19 -3.4024070392e+03 -3.0574924446e+02 -4.6638883299e+09 -9.9238562143e+06 2.3573455068e+06 8.7316347903e+02 0.0000000000e+00 -0.0000000000e+00
1.4850964542e+05 1.2710089650e-13 1.5614585709e-14 5.1472538655e+07 3.0216263469e+07 3.2962337289e-18 8.9601458873e-19 -3.4834075345e+03 -3.5219454318e+02 -4.6638882337e+09 -9.9238562143e+06 2.3573455068e+06 8.3412471417e+02 0.0000000000e+00 -0.0000000000e+00
1.4934377013e+05 1.2989940753e-13 1.6391230234e-14 4.8532486704e+07 2.9901933944e+07 3.4153911957e-18 9.6768612693e-19 -3.5671261689e+03 -4.0255012273e+02 -4.6638881238e+09 -9.9238562143e+06 2.3573455068e+06 7.9465745229e+02 0.0000000000e+00 -0.0000000000e+00
1.5013842758e+05 1.3266165429e-13 1.7190387405e-14 4.5663992123e+07 2.9560841656e+07 3.5382819007e-18 1.0453074272e-18 -3.6534677324e+03 -4.5708593513e+02 -4.6638879993e+09 -9.9238562143e+06 2.3573455068e+06 7.5528893302e+02 0.0000000000e+00 -0.0000000000e+00
1.5089371651e+05 1.3538121154e-13 1.8010926101e-14 4.2871453923e+07 2.9193808701e+07 3.6647685864e-18 1.1292981875e-18 -3.7423357896e+03 -5.1609685514e+02 -4.6638878593e+09 -9.9238562143e+06 2.3573455068e+06 7.1643116176e+02 0.0000000000e+00 -0.0000000000e+00
1.5161014768e+05 1.3805269338e-13 1.8851809477e-14 4.0158059879e+07 2.8801705202e+07 3.7947064888e-18 1.2201157948e-18 -3.8336286312e+03 -5.7990423761e+02 -4.6638877031e+09 -9.9238562143e+06 2.3573455068e+06 6.7840356536e+02 0.0000000000e+00 -0.0000000000e+00
1.5228855124e+05 1.4067162997e-13 1.9712094564e-14 3.7525981204e+07 2.8385423915e+07 3.9279378067e-18 1.3182581226e-18 -3.9272353878e+03 -6.4885788251e+02 -4.6638875297e+09 -9.9238562143e+06 2.3573455068e+06 6.4145069611e+02 0.0000000000e+00 -0.0000000000e+00
1.5293000194e+05 1.4323436417e-13 2.0590934952e-14 3.4976532601e+07 2.7945857576e+07 4.0642861081e-18 1.4242669119e-18 -4.0230321002e+03 -7.2333841070e+02 -4.6638873383e+09 -9.9238562143e+06 2.3573455068e+06 6.0575633476e+02 0.0000000000e+00 -0.0000000000e+00
1.5353575827e+05 1.4573796325e-13 2.1487585971e-14 3.2510305251e+07 2.7483878410e+07 4.2035504258e-18 1.5387317783e-18 -4.1208775715e+03 -8.0376007923e+02 -4.6638871280e+09 -9.9238562143e+06 2.3573455068e+06 5.7145489241e+02 0.0000000000e+00 -0.0000000000e+00
1.5410721317e+05 1.4818014235e-13 2.2401412054e-14 3.0127278220e+07 2.7000319263e+07 4.3454988019e-18 1.6622949183e-18 -4.2206088305e+03 -8.9057408771e+02 -4.6638868982e+09 -9.9238562143e+06 2.3573455068e+06 5.3864074681e+02 0.0000000000e+00 -0.0000000000e+00
1.5464585391e+05 1.5055919752e-13 2.3331896257e-14 2.7826912243e+07 2.6495955814e+07 4.4898610275e-18 1.7956566219e-18 -4.3220360318e+03 -9.8427245170e+02 -4.6638866481e+09 -9.9238562143e+06 2.3573455068e+06 5.0737596538e+02 0.0000000000e+00 -0.0000000000e+00
1.5515322988e+05 1.5287394680e-13 2.4278652078e-14 2.5608228852e+07 2.5971489307e+07 4.6363202951e-18 1.9395817413e-18 -4.4249365902e+03 -1.0853925473e+03 -4.6638863771e+09 -9.9238562143e+06 2.3573455068e+06 4.7769675738e+02 0.0000000000e+00 -0.0000000000e+00
1.5563092663e+05 1.5512367823e-13 2.5241437961e-14 2.3469877084e+07 2.5427529191e+07 4.7845034165e-18 2.0949073133e-18 -4.5290483079e+03 -1.1945224668e+03 -4.6638860845e+09 -9.9238562143e+06 2.3573455068e+06 4.4961891380e+02 0.0000000000e+00 -0.0000000000e+00
1.5608054555e+05 1.5730810414e-13 2.6220175070e-14 2.1410189440e+07 2.4864574968e+07 4.9339691786e-18 2.2625515984e-18 -4.6340611940e+03 -1.3123073692e+03 -4.6638857702e+09 -9.9238562143e+06 2.3573455068e+06 4.2314244676e+02 0.0000000000e+00 -0.0000000000e+00
1.5650368800e+05 1.5942732123e-13 2.7214969233e-14 1.9427228343e+07 2.4282996404e+07 5.0841942772e-18 2.4435248881e-18 -4.7396075809e+03 -1.4394570735e+03 -4.6638854339e+09 -9.9238562143e+06 2.3573455068e+06 3.9825560431e+02 0.0000000000e+00 -0.0000000000e+00
1.5690194360e+05 1.6148177632e-13 2.8226138283e-14 1.7518823973e+07 2.3683011050e+07 5.2345560884e-18 2.6389425484e-18 -4.8452500205e+03 -1.5767552226e+03 -4.6638850759e+09 -9.9238562143e+06 2.3573455068e+06 3.7493841569e+02 0.0000000000e+00 -0.0000000000e+00
1.5727688202e+05 1.6347223759e-13 2.9254246586e-14 1.5682604017e+07 2.3064657710e+07 5.3843112737e-18 2.8500409357e-18 -4.9504662518e+03 -1.7250704660e+03 -4.6638846967e+09 -9.9238562143e+06 2.3573455068e+06 3.5316591584e+02 0.0000000000e+00 -0.0000000000e+00
1.5763004793e+05 1.6539977176e-13 3.0300149221e-14 1.3916015570e+07 2.2427764009e+07 5.5325688210e-18 3.0781970553e-18 -5.0546302604e+03 -1.8853702715e+03 -4.6638842973e+09 -9.9238562143e+06 2.3573455068e+06 3.3291120406e+02 0.0000000000e+00 -0.0000000000e+00
1.5796295914e+05 1.6726572752e-13 3.1365049363e-14 1.2216339014e+07 2.1771905549e+07 5.6782555482e-18 3.3249531691e-18 -5.1569880409e+03 -2.0587382140e+03 -4.6638838798e+09 -9.9238562143e+06 2.3573455068e+06 3.1414850991e+02 0.0000000000e+00 -0.0000000000e+00
1.5827710765e+05 1.6907172615e-13 3.2450573965e-14 1.0580693313e+07 2.1096353037e+07 5.8200712061e-18 3.5920480487e-18 -5.2566260538e+03 -2.2463959341e+03 -4.6638834467e+09 -9.9238562143e+06 2.3573455068e+06 2.9685648423e+02 0.0000000000e+00 -0.0000000000e+00
1.5857396413e+05 1.7081966043e-13 3.3558875250e-14 9.0060315948e+06 2.0400002217e+07 5.9564289402e-18 3.8814572853e-18 -5.3524293936e+03 -2.4497314589e+03 -4.6638830021e+09 -9.9238562143e+06 2.3573455068e+06 2.8102200129e+02 0.0000000000e+00 -0.0000000000e+00
1.5885498613e+05 1.7251170365e-13 3.4692769145e-14 7.4891252412e+06 1.9681278877e+07 6.0853746588e-18 4.1954461150e-18 -5.4430251384e+03 -2.6703363167e+03 -4.6638825517e+09 -9.9238562143e+06 2.3573455068e+06 2.6664486751e+02 0.0000000000e+00 -0.0000000000e+00
1.5912163100e+05 1.7415033076e-13 3.5855927539e-14 6.0265338965e+06 1.8938007366e+07 6.2044752341e-18 4.5366397333e-18 -5.5267038015e+03 -2.9100549389e+03 -4.6638821036e+09 -9.9238562143e+06 2.3573455068e+06 2.5374397547e+02 0.0000000000e+00 -0.0000000000e+00
1.5937537497e+05 1.7573835404e-13 3.7053150093e-14 4.6145581577e+06 1.8167224910e+07 6.3106593385e-18 4.9081181461e-18 -5.6013075040e+03 -3.1710513013e+03 -4.6638816686e+09 -9.9238562143e+06 2.3573455068e+06 2.4236556897e+02 0.0000000000e+00 -0.0000000000e+00
1.5961774054e+05 1.7727897360e-13 3.8290754707e-14 3.2491721487e+06 1.7364914867e+07 6.3999841282e-18 5.3135449986e-18 -5.6640660503e+03 -3.4558994382e+03 -4.6638812618e+09 -9.9238562143e+06 2.3573455068e+06 2.2137299739e+02 0.0000000000e+00 -0.0000000000e+00
1.5980284366e+05 1.7846897410e-13 3.9305997212e-14 2.1969815984e+06 1.6702952956e+07 6.4554513229e-18 5.6619526666e-18 -5.7030366488e+03 -3.7006865668e+03 -4.6638811443e+09 -9.9238562143e+06 2.3573455068e+06 1.8986557341e+02 0.0000000000e+00 -0.0000000000e+00
1.5995855547e+05 1.7947700462e-13 4.0212375967e-14 1.3069557333e+06 1.6109326203e+07 6.4897309868e-18 5.9845401609e-18 -5.7271211374e+03 -3.9273327452e+03 -4.6638810935e+09 -9.9238562143e+06 2.3573455068e+06 1.6166094310e+02 0.0000000000e+00 -0.0000000000e+00
1.6007873972e+05 1.8025804493e-13 4.0947619037e-14 6.1788937958e+05 1.5626084345e+07 6.5059697810e-18 6.2537942927e-18 -5.7385303231e+03 -4.1165075305e+03 -4.6638810796e+09 -9.9238562143e+06 2.3573455068e+06 1.3324363573e+02 0.0000000000e+00 -0.0000000000e+00
1.6016088197e+05 1.8079269492e-13 4.1469262688e-14 1.4634848713e+05 1.5282364554e+07 6.5107555790e-18 6.4487055577e-18 -5.7418927685e+03 -4.2534498922e+03 -4.6638810776e+09 -9.9238562143e+06 2.3573455068e+06 9.6969193701e+01 0.0000000000e+00 -0.0000000000e+00
1.6025785116e+05 1.8142400552e-13 4.2106218725e-14 -4.1041565813e+05 1.4861739664e+07 6.5085727945e-18 6.6907925554e-18 -5.7403591698e+03 -4.4235373687e+03 -4.6638810732e+09 -9.9238562143e+06 2.3573455068e+06 1.1634945931e+02 0.0000000000e+00 -0.0000000000e+00
1.6037420062e+05 1.8218050489e-13 4.2902437226e-14 -1.0777626677e+06 1.4334593662e+07 6.4927284178e-18 6.9992176470e-18 -5.7292270971e+03 -4.6402332096e+03 -4.6638810641e+09 -9.9238562143e+06 2.3573455068e+06 1.3755777095e+02 0.0000000000e+00 -0.0000000000e+00
1.6051175839e+05 1.8307109783e-13 4.3891797280e-14 -1.8640832005e+06 1.3677630480e+07 6.4514150001e-18 7.3902984947e-18 -5.7002007759e+03 -4.9150020122e+03 -4.6638810466e+09 -9.9238562143e+06 2.3573455068e+06 1.4973103473e+02 0.0000000000e+00 -0.0000000000e+00
1.6066148943e+05 1.8403162608e-13 4.5032302638e-14 -2.7137519057e+06 1.2917850455e+07 6.3719662949e-18 7.8496623436e-18 -5.6443810503e+03 -5.2377456481e+03 -4.6638810152e+09 -9.9238562143e+06 2.3573455068e+06 1.5878945775e+02 0.0000000000e+00 -0.0000000000e+00
1.6082027889e+05 1.8503357554e-13 4.6319962944e-14 -3.6030984829e+06 1.2057193310e+07 6.2384573162e-18 8.3753172654e-18 -5.5505792125e+03 -5.6070646120e+03 -4.6638809195e+09 -9.9238562143e+06 2.3573455068e+06 1.6918670860e+02 0.0000000000e+00 -0.0000000000e+00
1.6098946559e+05 1.8607221737e-13 4.7787251654e-14 -4.5303636137e+06 1.1073214881e+07 6.0262076786e-18 8.9765456034e-18 -5.4014551142e+03 -6.0294805690e+03 -4.6638805467e+09 -9.9238562143e+06 2.3573455068e+06 1.9047117141e+02 0.0000000000e+00 -0.0000000000e+00
1.6117993677e+05 1.8718901312e-13 4.9564875135e-14 -5.5373886430e+06 9.8771018134e+06 5.6794105116e-18 9.6950962907e-18 -5.1577995047e+03 -6.5343258284e+03 -4.6638787367e+09 -9.9238562143e+06 2.3573455068e+06 1.8091185879e+02 5.5240171207e-293 -3.9087827188e-285
1.6134039611e+05 1.8806973555e-13 5.1170588439e-14 -6.3435121410e+06 8.7934474909e+06 5.2804592932e-18 1.0320329532e-17 -4.8775010722e+03 -6.9736073478e+03 -4.6638769766e+09 -9.9238562143e+06 2.3573455068e+06 1.6050296072e+02 4.0057255050e-264 -2.8975638727e-256
1.6150089907e+05 1.8887783066e-13 5.2877223295e-14 -7.0986594742e+06 7.6388989704e+06 4.7695776282e-18 1.0943317704e-17 -4.5185616247e+03 -7.4113115088e+03 -4.6638739419e+09 -9.9238562143e+06 2.3573455068e+06 1.4620424016e+02 3.1797879590e-239 -2.3460870617e-231
1.6164710331e+05 1.8953477066e-13 5.4517297524e-14 -7.7309130683e+06 6.5271496308e+06 4.2003649183e-18 1.1486068442e-17 -4.1186394713e+03 -7.7926417915e+03 -4.6638712298e+09 -9.9238562143e+06 2.3573455068e+06 1.3562631777e+02 1.3396124303e-220 -1.0036362588e-212
1.6178272963e+05 1.9006361951e-13 5.6106926302e-14 -8.2608214657e+06 5.4479090457e+06 3.5846227842e-18 1.1946522275e-17 -3.6860262920e+03 -8.1161512377e+03 -4.6638691034e+09 -9.9238562143e+06 2.3573455068e+06 1.2679122451e+02 3.0018414926e-207 -2.2744553298e-199
1.6189294608e+05 1.9042842301e-13 5.7442192341e-14 -8.6458072001e+06 4.5403336906e+06 3.0272299583e-18 1.2275576170e-17 -3.2944086500e+03 -8.3473406333e+03 -4.6638684020e+09 -9.9238562143e+06 2.3573455068e+06 1.1137449875e+02 1.9244541160e-199 -1.4679411215e-191
1.6200432058e+05 1.9073214059e-13 5.8825505320e-14 -8.9892267213e+06 3.5993222862e+06 2.4202494233e-18 1.2555574738e-17 -2.8679512671e+03 -8.5440643331e+03 -4.6638678941e+09 -9.9238562143e+06 2.3573455068e+06 1.0131046242e+02 1.7152907593e-194 -1.3140282065e-186
1.6210563104e+05 1.9094808679e-13 6.0108172584e-14 -9.2592292109e+06 2.7262322701e+06 1.8390185623e-18 1.2757000677e-17 -2.4595853021e+03 -8.6855838281e+03 -4.6638677856e+09 -9.9238562143e+06 2.3573455068e+06 9.4468688878e+01 1.2137627139e-192 -9.3132661791e-185
1.6220009973e+05 1.9109554426e-13 6.1320211489e-14 -9.4731244681e+06 1.9008674459e+06 1.2809670384e-18 1.2894858774e-17 -2.0675048668e+03 -8.7824413052e+03 -4.6638678678e+09 -9.9238562143e+06 2.3573455068e+06 8.7306508510e+01 3.1662296959e-193 -2.4282262831e-185
1.6228740624e+05 1.9118461619e-13 6.2449946580e-14 -9.6376367985e+06 1.1313419924e+06 7.5910621179e-19 1.2977706793e-17 -1.7008515895e+03 -8.8406493485e+03 -4.6638680175e+09 -9.9238562143e+06 2.3573455068e+06 7.8660271012e+01 9.7096494802e-196 -7.4301730021e-188
1.6235313310e+05 1.9122160122e-13 6.3304182159e-14 -9.7403589681e+06 5.4939446646e+05 3.6666572887e-19 1.3011776827e-17 -1.4251275232e+03 -8.8645865535e+03 -4.6638680683e+09 -9.9238562143e+06 2.3573455068e+06 6.8821845896e+01 7.2969967905e-199 -5.5688127423e-191
1.6239823272e+05 1.9123209985e-13 6.3891265980e-14 -9.8003895588e+06 1.4942397448e+05 9.9260318919e-20 1.3021352664e-17 -1.2372516281e+03 -8.8713144241e+03 -4.6638680772e+09 -9.9238562143e+06 2.3573455068e+06 5.3821429372e+01 1.3176354380e-201 -1.0031949225e-193
1.6245205415e+05 1.9122892611e-13 6.4592085796e-14 -9.8609969187e+06 -3.2803722990e+05 -2.1647832808e-19 1.3018509627e-17 -1.0154173693e+03 -8.8693169394e+03 -4.6638681007e+09 -9.9238562143e+06 2.3573455068e+06 6.3999088876e+01 1.6652612581e-205 -1.2636278014e-197
1.6251605324e+05 1.9120322476e-13 6.5424639504e-14 -9.9176591871e+06 -8.9523049787e+05 -5.8534944732e-19 1.2995744272e-17 -7.5625286057e+02 -8.8533222687e+03 -4.6638681601e+09 -9.9238562143e+06 2.3573455068e+06 7.9236780197e+01 5.3159156214e-211 -4.0149668638e-203
1.6259529002e+05 1.9113915317e-13 6.6452373206e-14 -9.9651531741e+06 -1.5953289919e+06 -1.0292541826e-18 1.2940243528e-17 -4.4437061600e+02 -8.8143280992e+03 -4.6638683344e+09 -9.9238562143e+06 2.3573455068e+06 7.4215018011e+01 4.7414350350e-219 -3.5568794818e-211
1.6265930869e+05 1.9106211562e-13 6.7278798736e-14 -9.9857700954e+06 -2.1582112445e+06 -1.3754675068e-18 1.2875166780e-17 -2.0112520747e+02 -8.7686059418e+03 -4.6638683905e+09 -9.9238562143e+06 2.3573455068e+06 6.6484971252e+01 1.6333428710e-226 -1.2177020932e-218
1.6269979928e+05 1.9100210190e-13 6.7799137458e-14 -9.9908784353e+06 -2.5125656592e+06 -1.5879926124e-18 1.2825491576e-17 -5.1807568560e+01 -8.7337047278e+03 -4.6638683957e+09 -9.9238562143e+06 2.3573455068e+06 5.2856221096e+01 1.1777633306e-231 -8.7434554201e-224
1.6275265550e+05 1.9091100699e-13 6.8475134461e-14 -9.9885865201e+06 -2.9728543332e+06 -1.8573369626e-18 1.2751578172e-17 1.3743060311e+02 -8.6817740398e+03 -4.6638684140e+09 -9.9238562143e+06 2.3573455068e+06 6.6546533571e+01 7.7330137022e-239 -5.7072985357e-231
1.6281920204e+05 1.9077649450e-13 6.9320249905e-14 -9.9717735363e+06 -3.5481668343e+06 -2.1827123242e-18 1.2645351802e-17 3.6603550425e+02 -8.6071406415e+03 -4.6638684653e+09 -9.9238562143e+06 2.3573455068e+06 8.5097930110e+01 1.3307104335e-248 -9.7443696931e-241
1.6290429997e+05 1.9057384999e-13 7.0389913601e-14 -9.9287507858e+06 -4.2760993478e+06 -2.5754713939e-18 1.2491086585e-17 6.4198340591e+02 -8.4987557150e+03 -4.6638686113e+09 -9.9238562143e+06 2.3573455068e+06 1.0180434471e+02 3.4912379112e-262 -2.5292354017e-254
1.6300610431e+05 1.9028920807e-13 7.1651226917e-14 -9.8476225669e+06 -5.1340493608e+06 -3.0100227634e-18 1.2284580261e-17 9.4729408573e+02 -8.3536668013e+03 -4.6638688826e+09 -9.9238562143e+06 2.3573455068e+06 1.1918285771e+02 6.6163024630e-280 -4.7280925898e-272
1.6312528717e+05 1.8990254133e-13 7.3099796222e-14 -9.7151025373e+06 -6.1187435626e+06 -3.4699185650e-18 1.2020455733e-17 1.2704114654e+03 -8.1680960154e+03 -4.6638692893e+09 -9.9238562143e+06 2.3573455068e+06 1.3643229647e+02 1.8114029326e-302 -1.2727562113e-294
1.6326171947e+05 1.8939673949e-13 7.4718031750e-14 -9.5190185262e+06 -7.2178593879e+06 -3.9339948486e-18 1.1699264338e-17 1.5964660025e+03 -7.9424307202e+03 -4.6638697730e+09 -9.9238562143e+06 2.3573455068e+06 1.4992498419e+02 0.0000000000e+00 -0.0000000000e+00
1.6341164445e+05 1.8877316244e-13 7.6444834849e-14 -9.2559399216e+06 -8.3895115195e+06 -4.3726764778e-18 1.1335319959e-17 1.9046785542e+03 -7.6867276812e+03 -4.6638701912e+09 -9.9238562143e+06 2.3573455068e+06 1.5748068575e+02 0.0000000000e+00 -0.0000000000e+00
1.6356912514e+05 1.8805302742e-13 7.8199695549e-14 -8.9338421983e+06 -9.5787811326e+06 -4.7615160961e-18 1.0951977974e-17 2.1778726955e+03 -7.4173961123e+03 -4.6638704626e+09 -9.9238562143e+06 2.3573455068e+06 1.6192302176e+02 0.0000000000e+00 -0.0000000000e+00
1.6373104816e+05 1.8725422108e-13 7.9941638177e-14 -8.5616574099e+06 -1.0757742646e+07 -5.0945518517e-18 1.0565604821e-17 2.4118596993e+03 -7.1459348808e+03 -4.6638706311e+09 -9.9238562143e+06 2.3573455068e+06 1.6653195196e+02 0.0000000000e+00 -0.0000000000e+00
1.6389758011e+05 1.8638151834e-13 8.1669031123e-14 -8.1429348667e+06 -1.1925203508e+07 -5.3770678699e-18 1.0182699640e-17 2.6103521299e+03 -6.8769102050e+03 -4.6638707598e+09 -9.9238562143e+06 2.3573455068e+06 1.7258139150e+02 0.0000000000e+00 -0.0000000000e+00
1.6407016150e+05 1.8543218703e-13 8.3393506595e-14 -7.6774367880e+06 -1.3088936867e+07 -5.6162103052e-18 9.8052947359e-18 2.7783707916e+03 -6.6117499595e+03 -4.6638708874e+09 -9.9238562143e+06 2.3573455068e+06 1.8034235142e+02 0.0000000000e+00 -0.0000000000e+00
1.6425050385e+05 1.8440047997e-13 8.5127981648e-14 -7.1631235005e+06 -1.4257543430e+07 -5.8180465672e-18 9.4340959060e-18 2.9201785747e+03 -6.3509500287e+03 -4.6638710346e+09 -9.9238562143e+06 2.3573455068e+06 1.8986284677e+02 0.0000000000e+00 -0.0000000000e+00
1.6444036670e+05 1.8327914702e-13 8.6884127257e-14 -6.5969554057e+06 -1.5438735106e+07 -5.9873587641e-18 9.0694469498e-18 3.0391353324e+03 -6.0947519621e+03 -4.6638712128e+09 -9.9238562143e+06 2.3573455068e+06 2.0119503527e+02 0.0000000000e+00 -0.0000000000e+00
1.6464156173e+05 1.8205978104e-13 8.8672373158e-14 -5.9751409283e+06 -1.6639337260e+07 -6.1279305488e-18 8.7115780857e-18 3.1378994145e+03 -5.8433175083e+03 -4.6638714287e+09 -9.9238562143e+06 2.3573455068e+06 2.1364130730e+02 0.0000000000e+00 -0.0000000000e+00
1.6485520304e+05 1.8073780420e-13 9.0495639189e-14 -5.2957644520e+06 -1.7861092362e+07 -6.2424453527e-18 8.3619226283e-18 3.2183561685e+03 -5.5976536976e+03 -4.6638716821e+09 -9.9238562143e+06 2.3573455068e+06 2.1978432464e+02 0.0000000000e+00 -0.0000000000e+00
1.6507498737e+05 1.7935561530e-13 9.2296701748e-14 -4.5812557355e+06 -1.9065543893e+07 -6.3308505002e-18 8.0322936887e-18 3.2804685850e+03 -5.3660602826e+03 -4.6638719262e+09 -9.9238562143e+06 2.3573455068e+06 2.2607100871e+02 0.0000000000e+00 -0.0000000000e+00
1.6530105837e+05 1.7791645678e-13 9.4076984844e-14 -3.8340606179e+06 -2.0253652501e+07 -6.3974367196e-18 7.7221036443e-18 3.3272512794e+03 -5.1481244067e+03 -4.6638721549e+09 -9.9238562143e+06 2.3573455068e+06 2.3159377511e+02 0.0000000000e+00 -0.0000000000e+00
1.6553265215e+05 1.7642892266e-13 9.5831231249e-14 -3.0593252738e+06 -2.1421936381e+07 -6.4456555524e-18 7.4315766203e-18 3.3611292641e+03 -4.9440035376e+03 -4.6638723606e+09 -9.9238562143e+06 2.3573455068e+06 2.3538130845e+02 0.0000000000e+00 -0.0000000000e+00
1.6576803346e+05 1.7490759026e-13 9.7548228229e-14 -2.2652656439e+06 -2.2562998840e+07 -6.4784863729e-18 7.1614779256e-18 3.3841958123e+03 -4.7542353724e+03 -4.6638725361e+09 -9.9238562143e+06 2.3573455068e+06 2.3584561112e+02 0.0000000000e+00 -0.0000000000e+00
1.6600387907e+05 1.7337707342e-13 9.9207565999e-14 -1.4652952217e+06 -2.3663421848e+07 -6.4986077421e-18 6.9134641923e-18 3.3983328496e+03 -4.5799838411e+03 -4.6638726747e+09 -9.9238562143e+06 2.3573455068e+06 2.2993419493e+02 0.0000000000e+00 -0.0000000000e+00
1.6623381326e+05 1.7188151483e-13 1.0077129072e-13 -6.8298439280e+05 -2.4698307696e+07 -6.5085668379e-18 6.6910369537e-18 3.4053299932e+03 -4.4237090801e+03 -4.6638727704e+09 -9.9238562143e+06 2.3573455068e+06 2.0958727291e+02 0.0000000000e+00 -0.0000000000e+00
1.6635319712e+05 1.7110435291e-13 1.0156356282e-13 -2.7634171703e+05 -2.5221839455e+07 -6.5106641199e-18 6.5823887544e-18 3.4068035188e+03 -4.3473741335e+03 -4.6638727734e+09 -9.9238562143e+06 2.3573455068e+06 1.8324253108e+02 0.0000000000e+00 -0.0000000000e+00
1.6653643965e+05 1.6991128122e-13 1.0275507151e-13 3.4795846660e+05 -2.6008159920e+07 -6.5104722532e-18 6.4239526018e-18 3.4066687155e+03 -4.2360587566e+03 -4.6638727954e+09 -9.9238562143e+06 2.3573455068e+06 1.9894167354e+02 0.0000000000e+00 -0.0000000000e+00
1.6673538133e+05 1.6861642923e-13 1.0401682724e-13 1.0254393560e+06 -2.6839481208e+07 -6.5063079063e-18 6.2624725917e-18 3.4037428944e+03 -4.1226048013e+03 -4.6638728226e+09 -9.9238562143e+06 2.3573455068e+06 2.5866418658e+02 0.0000000000e+00 -0.0000000000e+00
1.6699404551e+05 1.6693471588e-13 1.0561112315e-13 1.9049976981e+06 -2.7887878190e+07 -6.4959170974e-18 6.0673243891e-18 3.3964424343e+03 -3.9854959700e+03 -4.6638729035e+09 -9.9238562143e+06 2.3573455068e+06 3.0889162631e+02 0.0000000000e+00 -0.0000000000e+00
1.6730293714e+05 1.6493084185e-13 1.0745177338e-13 2.9522611866e+06 -2.9095431000e+07 -6.4777932739e-18 5.8537650244e-18 3.3837088491e+03 -3.8354516728e+03 -4.6638730530e+09 -9.9238562143e+06 2.3573455068e+06 3.6000779852e+02 0.0000000000e+00 -0.0000000000e+00
1.6766294494e+05 1.6260346744e-13 1.0951786463e-13 4.1671334593e+06 -3.0447199724e+07 -6.4509165065e-18 5.6281551910e-18 3.3648255486e+03 -3.6769408581e+03 -4.6638732881e+09 -9.9238562143e+06 2.3573455068e+06 4.1593538010e+02 0.0000000000e+00 -0.0000000000e+00
1.6807888032e+05 1.5992770610e-13 1.1180924294e-13 5.5614821456e+06 -3.1941741828e+07 -6.4145508778e-18 5.3941964864e-18 3.3392754857e+03 -3.5125642247e+03 -4.6638736293e+09 -9.9238562143e+06 2.3573455068e+06 4.7003073667e+02 0.0000000000e+00 -0.0000000000e+00
1.6854891106e+05 1.5692321455e-13 1.1428826415e-13 7.1236357996e+06 -3.3553117099e+07 -6.3690929698e-18 5.1588380362e-18 3.3073372943e+03 -3.3472041465e+03 -4.6638740587e+09 -9.9238562143e+06 2.3573455068e+06 5.0211372990e+02 0.0000000000e+00 -0.0000000000e+00
1.6905102479e+05 1.5373803884e-13 1.1682147468e-13 8.7752787279e+06 -3.5193667425e+07 -6.3176272158e-18 4.9358018800e-18 3.2711780610e+03 -3.1905015671e+03 -4.6638744599e+09 -9.9238562143e+06 2.3573455068e+06 5.3818277203e+02 0.0000000000e+00 -0.0000000000e+00
1.6958920756e+05 1.5035321497e-13 1.1941964010e-13 1.0525081044e+07 -3.6869851088e+07 -6.2609460773e-18 4.7237692681e-18 3.2313545599e+03 -3.0415299485e+03 -4.6638748395e+09 -9.9238562143e+06 2.3573455068e+06 5.7728949329e+02 0.0000000000e+00 -0.0000000000e+00
1.7016649705e+05 1.4675648907e-13 1.2208724199e-13 1.2378105654e+07 -3.8583974347e+07 -6.1998274747e-18 4.5220916058e-18 3.1884133488e+03 -2.8998335956e+03 -4.6638751984e+09 -9.9238562143e+06 2.3573455068e+06 6.1971267161e+02 0.0000000000e+00 -0.0000000000e+00
1.7078620972e+05 1.4293454278e-13 1.2482897224e-13 1.4339837861e+07 -4.0338413894e+07 -6.1349417053e-18 4.3301546373e-18 3.1428253705e+03 -2.7649809396e+03 -4.6638755378e+09 -9.9238562143e+06 2.3573455068e+06 6.6569844961e+02 0.0000000000e+00 -0.0000000000e+00
1.7145190817e+05 1.3887328795e-13 1.2764949512e-13 1.6416016473e+07 -4.2135458763e+07 -6.0668731286e-18 4.1473954285e-18 3.0950011894e+03 -2.6365764697e+03 -4.6638758588e+09 -9.9238562143e+06 2.3573455068e+06 7.1551779621e+02 0.0000000000e+00 -0.0000000000e+00
1.7216742597e+05 1.3455780046e-13 1.3055349086e-13 1.8612651239e+07 -4.3977334044e+07 -5.9961329284e-18 3.9732949570e-18 3.0452999570e+03 -2.5142555266e+03 -4.6638761625e+09 -9.9238562143e+06 2.3573455068e+06 7.6946505165e+02 0.0000000000e+00 -0.0000000000e+00
1.7280000000e+05 1.3078396837e-13 1.3302257076e-13 2.0525563183e+07 -4.5536645766e+07 -5.9359078332e-18 3.8354551997e-18 3.0029865136e+03 -2.4174109348e+03 -4.6638762742e+09 -9.9238562143e+06 2.3573455068e+06 8.2368893556e+02 0.0000000000e+00 -0.0000000000e+00
1.7280000000e+05 1.3078396837e-13 1.3302257076e-13 2.0525563183e+07 -4.5536645766e+07 -5.9359078332e-18 3.8354551997e-18 3.0029865136e+03 -2.4174109348e+03 -4.6638762742e+09 -9.9238562143e+06 2.3573455068e+06 8.2368893556e+02 0.0000000000e+00 -0.0000000000e+00
