0.0000000000e+00 0.0000000000e+00 0.0000000000e+00 3.1415900000e+08 0.0000000000e+00 0.0000000000e+00 0.0000000000e+00 -1.1764801220e+03 2.3642022220e+02 -4.6638893090e+09 -1.0000081037e+07 2.0095718887e+06 1.0000000000e+01 0.0000000000e+00 -0.0000000000e+00
1.0000000000e+01 2.8740013207e-22 7.2096532446e-28 3.1414723500e+08 2.3642022215e+03 5.7480743963e-23 2.1629364742e-28 -1.1765205073e+03 2.3642022205e+02 -4.6638893090e+09 -1.0000081037e+07 2.0095718887e+06 5.0000000000e+01 0.0000000000e+00 -0.0000000000e+00
6.0000000000e+01 1.0347696575e-20 1.5577226255e-25 3.1408840392e+08 1.4185213223e+04 3.4494906025e-22 7.7894884162e-27 -1.1767224792e+03 2.3642021673e+02 -4.6638893090e+09 -1.0000081037e+07 2.0095718887e+06 2.5000000000e+02 0.0000000000e+00 -0.0000000000e+00
3.1000000000e+02 2.7639862051e-19 2.1514532849e-23 3.1379409697e+08 7.3290253766e+04 1.7839079672e-21 2.0832620354e-25 -1.1777334748e+03 2.3642007583e+02 -4.6638893090e+09 -1.0000081037e+07 2.0095718887e+06 1.2500000000e+03 0.0000000000e+00 -0.0000000000e+00
1.5600000000e+03 7.0213885580e-18 2.7611159112e-21 3.1231875786e+08 3.6881360670e+05 9.0194398085e-21 5.3254741936e-24 -1.1828170743e+03 2.3641648058e+02 -4.6638893090e+09 -1.0000081037e+07 2.0095718887e+06 3.6000000000e+03 0.0000000000e+00 -0.0000000000e+00
5.1600000000e+03 7.7524618281e-17 1.0199896049e-19 3.0803389469e+08 1.2198566833e+06 3.0246693022e-20 5.9890303371e-23 -1.1977310927e+03 2.3637814398e+02 -4.6638893089e+09 -1.0000081037e+07 2.0095718887e+06 3.6000000000e+03 0.0000000000e+00 -0.0000000000e+00
8.7600000000e+03 2.2551992225e-16 5.0964366518e-19 3.0369458649e+08 2.0706830768e+06 5.2075984613e-20 1.7753297779e-22 -1.2130680961e+03 2.3629548962e+02 -4.6638893088e+09 -1.0000081037e+07 2.0095718887e+06 3.6000000000e+03 0.0000000000e+00 -0.0000000000e+00
1.2360000000e+04 4.5323442161e-16 1.4624982124e-18 2.9929926852e+08 2.9211264124e+06 7.4540965521e-20 3.6374696465e-22 -1.2288517274e+03 2.3616465786e+02 -4.6638893087e+09 -1.0000081037e+07 2.0095718887e+06 3.6000000000e+03 0.0000000000e+00 -0.0000000000e+00
1.5960000000e+04 7.6302128008e-16 3.2181769596e-18 2.9484628748e+08 3.7710056930e+06 9.7678056075e-20 6.2461265943e-22 -1.2451075750e+03 2.3598137669e+02 -4.6638893086e+09 -1.0000081037e+07 2.0095718887e+06 3.6000000000e+03 0.0000000000e+00 -0.0000000000e+00
1.9560000000e+04 1.1573702107e-15 6.0573546325e-18 2.9033389412e+08 4.6201237201e+06 1.2152675085e-19 9.6687486442e-22 -1.2618633874e+03 2.3574090730e+02 -4.6638893084e+09 -1.0000081037e+07 2.0095718887e+06 3.6000000000e+03 0.0000000000e+00 -0.0000000000e+00
2.3160000000e+04 1.6389191547e-15 1.0286315931e-17 2.8576023506e+08 5.4682653016e+06 1.4612996593e-19 1.3980326731e-21 -1.2791493169e+03 2.3543798089e+02 -4.6638893082e+09 -1.0000081037e+07 2.0095718887e+06 3.6000000000e+03 0.0000000000e+00 -0.0000000000e+00
2.6760000000e+04 2.2104672969e-15 1.6239854519e-17 2.8112334362e+08 6.3151952153e+06 1.7153443586e-19 1.9264441229e-21 -1.2969981986e+03 2.3506672522e+02 -4.6638893080e+09 -1.0000081037e+07 2.0095718887e+06 3.6000000000e+03 0.0000000000e+00 -0.0000000000e+00
3.0360000000e+04 2.8749896128e-15 2.4284579595e-17 2.7642112962e+08 7.1606558861e+06 1.9779116884e-19 2.5614485047e-21 -1.3154458703e+03 2.3462057862e+02 -4.6638893078e+09 -1.0000081037e+07 2.0095718887e+06 3.6000000000e+03 0.0000000000e+00 -0.0000000000e+00
3.3960000000e+04 3.6356531748e-15 3.4822699762e-17 2.7165136791e+08 8.0043647267e+06 2.2495597071e-19 3.3135098803e-21 -1.3345315405e+03 2.3409218914e+02 -4.6638893075e+09 -1.0000081037e+07 2.0095718887e+06 3.6000000000e+03 0.0000000000e+00 -0.0000000000e+00
3.7560000000e+04 4.4958354863e-15 4.8296368175e-17 2.6681168550e+08 8.8460110857e+06 2.5309005041e-19 4.1943861933e-21 -1.3542982139e+03 2.3347329581e+02 -4.6638893071e+09 -1.0000081037e+07 2.0095718887e+06 3.6000000000e+03 0.0000000000e+00 -0.0000000000e+00
4.1160000000e+04 5.4591451660e-15 6.5192690544e-17 2.6189954701e+08 9.6852527283e+06 2.8226072235e-19 5.2173294271e-21 -1.3747931848e+03 2.3275458792e+02 -4.6638893067e+09 -1.0000081037e+07 2.0095718887e+06 3.6000000000e+03 0.0000000000e+00 -0.0000000000e+00
4.4760000000e+04 6.5294453624e-15 8.6049519583e-17 2.5691223824e+08 1.0521711766e+07 3.1254222481e-19 6.3973236252e-21 -1.3960686122e+03 2.3192553788e+02 -4.6638893062e+09 -1.0000081037e+07 2.0095718887e+06 3.6000000000e+03 0.0000000000e+00 -0.0000000000e+00
4.8360000000e+04 7.7108803580e-15 1.1146218703e-16 2.5184684748e+08 1.1354969924e+07 3.4401667775e-19 7.7513693498e-21 -1.4181821925e+03 2.3097420129e+02 -4.6638893056e+09 -1.0000081037e+07 2.0095718887e+06 3.6000000000e+03 0.0000000000e+00 -0.0000000000e+00
5.1960000000e+04 9.0079059150e-15 1.4209135920e-16 2.4670024414e+08 1.2184563028e+07 3.7677520923e-19 9.2988254420e-21 -1.4411979514e+03 2.2988697684e+02 -4.6638893049e+09 -1.0000081037e+07 2.0095718887e+06 3.6000000000e+03 0.0000000000e+00 -0.0000000000e+00
5.5560000000e+04 1.0425324034e-14 1.7867224627e-16 2.4146905441e+08 1.3009974527e+07 4.1091928686e-19 1.1061821941e-20 -1.4651871786e+03 2.2864831624e+02 -4.6638893041e+09 -1.0000081037e+07 2.0095718887e+06 3.6000000000e+03 0.0000000000e+00 -0.0000000000e+00
5.9160000000e+04 1.1968322941e-14 2.2202545217e-16 2.3614963309e+08 1.3830627875e+07 4.4656230028e-19 1.3065761982e-20 -1.4902295405e+03 2.2724037155e+02 -4.6638893030e+09 -1.0000081037e+07 2.0095718887e+06 3.6000000000e+03 0.0000000000e+00 -0.0000000000e+00
6.2760000000e+04 1.3642523307e-14 2.7306982520e-16 2.3073803117e+08 1.4645877499e+07 4.8383145270e-19 1.5339935751e-20 -1.5164144085e+03 2.2564256381e+02 -4.6638893017e+09 -1.0000081037e+07 2.0095718887e+06 3.6000000000e+03 0.0000000000e+00 -0.0000000000e+00
6.6360000000e+04 1.5454031950e-14 3.3283776449e-16 2.2522995807e+08 1.5454998048e+07 5.2287003626e-19 1.7918276694e-20 -1.5438424581e+03 2.2383105180e+02 -4.6638893001e+09 -1.0000081037e+07 2.0095718887e+06 3.6000000000e+03 0.0000000000e+00 -0.0000000000e+00
6.9960000000e+04 1.7409504545e-14 4.0249356291e-16 2.1962073759e+08 1.6257171503e+07 5.6384018699e-19 2.0840299789e-20 -1.5726276040e+03 2.2177807275e+02 -4.6638892982e+09 -1.0000081037e+07 2.0095718887e+06 3.6000000000e+03 0.0000000000e+00 -0.0000000000e+00
7.3560000000e+04 1.9516219313e-14 4.8335553267e-16 2.1390525614e+08 1.7051471634e+07 6.0692624456e-19 2.4152274956e-20 -1.6028993611e+03 2.1945111796e+02 -4.6638892957e+09 -1.0000081037e+07 2.0095718887e+06 3.6000000000e+03 0.0000000000e+00 -0.0000000000e+00
7.7160000000e+04 2.1782164122e-14 5.7692288218e-16 2.0807790154e+08 1.7836845115e+07 6.5233888130e-19 2.7908707081e-20 -1.6348057454e+03 2.1681189294e+02 -4.6638892925e+09 -1.0000081037e+07 2.0095718887e+06 3.6000000000e+03 0.0000000000e+00 -0.0000000000e+00
8.0760000000e+04 2.4216140160e-14 6.8490861428e-16 2.0213249017e+08 1.8612088410e+07 7.0032021871e-19 3.2174220054e-20 -1.6685168686e+03 2.1381499371e+02 -4.6638892884e+09 -1.0000081037e+07 2.0095718887e+06 3.6000000000e+03 0.0000000000e+00 -0.0000000000e+00
8.4360000000e+04 2.6827886233e-14 8.0928012877e-16 1.9606217966e+08 1.9375819247e+07 7.5115022534e-19 3.7025979193e-20 -1.7042294333e+03 2.1040620482e+02 -4.6638892831e+09 -1.0000081037e+07 2.0095718887e+06 3.6000000000e+03 0.0000000000e+00 -0.0000000000e+00
8.7960000000e+04 2.9628228975e-14 9.5230978662e-16 1.8985936336e+08 2.0126441092e+07 8.0515479546e-19 4.2556840004e-20 -1.7421724089e+03 2.0652028708e+02 -4.6638892762e+09 -1.0000081037e+07 2.0095718887e+06 3.6000000000e+03 0.0000000000e+00 -0.0000000000e+00
9.1560000000e+04 3.2629265971e-14 1.1166385021e-15 1.8351554163e+08 2.0862098470e+07 8.6271606017e-19 4.8879490026e-20 -1.7826142763e+03 2.0207806756e+02 -4.6638892669e+09 -1.0000081037e+07 2.0095718887e+06 3.6000000000e+03 0.0000000000e+00 -0.0000000000e+00
9.5160000000e+04 3.5844591133e-14 1.3053565877e-15 1.7702116356e+08 2.1580620163e+07 9.2428570271e-19 5.6131968601e-20 -1.8258723828e+03 1.9698256144e+02 -4.6638892543e+09 -1.0000081037e+07 2.0095718887e+06 3.6000000000e+03 0.0000000000e+00 -0.0000000000e+00
9.8760000000e+04 3.9289575007e-14 1.5221077626e-15 1.7036542998e+08 2.2279446138e+07 9.9040237733e-19 6.4485129655e-20 -1.8723251805e+03 1.9111372875e+02 -4.6638892369e+09 -1.0000081037e+07 2.0095718887e+06 3.6000000000e+03 0.0000000000e+00 -0.0000000000e+00
1.0236000000e+05 4.2981717458e-14 1.7712247386e-15 1.6353604569e+08 2.2955532281e+07 1.0617148240e-18 7.4152893786e-20 -1.9224284665e+03 1.8432127141e+02 -4.6638892126e+09 -1.0000081037e+07 2.0095718887e+06 3.6000000000e+03 0.0000000000e+00 -0.0000000000e+00
1.0596000000e+05 4.6941097214e-14 2.0579085870e-15 1.5651890362e+08 2.3605224382e+07 1.1390130332e-18 8.5406584988e-20 -1.9767372790e+03 1.7641456037e+02 -4.6638891775e+09 -1.0000081037e+07 2.0095718887e+06 3.6000000000e+03 0.0000000000e+00 -0.0000000000e+00
1.0956000000e+05 5.1190953182e-14 2.3884699666e-15 1.4929767637e+08 2.4224088645e+07 1.2232710201e-18 9.8595383555e-20 -2.0359359493e+03 1.6714826566e+02 -4.6638891260e+09 -1.0000081037e+07 2.0095718887e+06 3.6000000000e+03 0.0000000000e+00 -0.0000000000e+00
1.1316000000e+05 5.5758448525e-14 2.7706596454e-15 1.4185327944e+08 2.4806679473e+07 1.3157067208e-18 1.1417616978e-19 -2.1008801851e+03 1.5620138856e+02 -4.6638890480e+09 -1.0000081037e+07 2.0095718887e+06 3.3566661397e+03 0.0000000000e+00 -0.0000000000e+00
1.1617964963e+05 5.9857840118e-14 3.1380266952e-15 1.3542053737e+08 2.5262477943e+07 1.4006645922e-18 1.2952856944e-19 -2.1605705861e+03 1.4541497318e+02 -4.6638889994e+09 -1.0000081037e+07 2.0095718887e+06 3.0390760996e+03 0.0000000000e+00 -0.0000000000e+00
1.1921872573e+05 6.4254532931e-14 3.5583823864e-15 1.2875606010e+08 2.5685640027e+07 1.4942371626e-18 1.4758917571e-19 -2.2263135732e+03 1.3272580369e+02 -4.6638889242e+09 -1.0000081037e+07 2.0095718887e+06 2.7447707742e+03 0.0000000000e+00 -0.0000000000e+00
1.2168568848e+05 6.8041646869e-14 3.9429903836e-15 1.2319294577e+08 2.5998658855e+07 1.5771536329e-18 1.6460851764e-19 -2.2845697097e+03 1.2076821428e+02 -4.6638888852e+09 -1.0000081037e+07 2.0095718887e+06 2.4836494758e+03 0.0000000000e+00 -0.0000000000e+00
1.2416933796e+05 7.2069908525e-14 4.3757484332e-15 1.1744077228e+08 2.6281793101e+07 1.6679987455e-18 1.8435874242e-19 -2.3483964171e+03 1.0689193870e+02 -4.6638888263e+09 -1.0000081037e+07 2.0095718887e+06 2.2420072254e+03 0.0000000000e+00 -0.0000000000e+00
1.2618122866e+05 7.5505059566e-14 4.7647049978e-15 1.1266032616e+08 2.6484168441e+07 1.7478577633e-18 2.0268053996e-19 -2.4045044234e+03 9.4019259299e+01 -4.6638887968e+09 -1.0000081037e+07 2.0095718887e+06 2.0268632745e+03 0.0000000000e+00 -0.0000000000e+00
1.2800435976e+05 7.8761822393e-14 5.1509759224e-15 1.0822728541e+08 2.6643804093e+07 1.8258005725e-18 2.2143551273e-19 -2.4592661242e+03 8.0842236082e+01 -4.6638887717e+09 -1.0000081037e+07 2.0095718887e+06 1.8371904270e+03 0.0000000000e+00 -0.0000000000e+00
1.2965073780e+05 8.1829269292e-14 5.5309006978e-15 1.0413520226e+08 2.6766110479e+07 1.9013704625e-18 2.4044897943e-19 -2.5123606399e+03 6.7483598062e+01 -4.6638887511e+09 -1.0000081037e+07 2.0095718887e+06 1.6606385685e+03 0.0000000000e+00 -0.0000000000e+00
1.3112982306e+05 8.4694687115e-14 5.9003857664e-15 1.0038187901e+08 2.6856200281e+07 1.9740056638e-18 2.5949970662e-19 -2.5633932778e+03 5.4098781267e+01 -4.6638887348e+09 -1.0000081037e+07 2.0095718887e+06 1.4942224455e+03 0.0000000000e+00 -0.0000000000e+00
1.3244692281e+05 8.7339575634e-14 6.2543417365e-15 9.6974069773e+07 2.6918903998e+07 2.0429311092e-18 2.7828589501e-19 -2.6118194849e+03 4.0899826319e+01 -4.6638887227e+09 -1.0000081037e+07 2.0095718887e+06 1.3343347547e+03 0.0000000000e+00 -0.0000000000e+00
1.3360084476e+05 8.9733565473e-14 6.5857376143e-15 9.3934514442e+07 2.6958879636e+07 2.1069798329e-18 2.9636600560e-19 -2.6568193646e+03 2.8196953322e+01 -4.6638887146e+09 -1.0000081037e+07 2.0095718887e+06 1.1759943122e+03 0.0000000000e+00 -0.0000000000e+00
1.3457669368e+05 9.1817295102e-14 6.8829547653e-15 9.1322443669e+07 2.6980768780e+07 2.1640911219e-18 3.1299772828e-19 -2.6969450843e+03 1.6511700634e+01 -4.6638887102e+09 -1.0000081037e+07 2.0095718887e+06 1.0113030955e+03 0.0000000000e+00 -0.0000000000e+00
1.3530759951e+05 9.3415273669e-14 7.1165580560e-15 8.9339826549e+07 2.6989442775e+07 2.2087928301e-18 3.2635320629e-19 -2.7283519786e+03 7.1282989110e+00 -4.6638887089e+09 -1.0000081037e+07 2.0095718887e+06 8.3301329207e+02 0.0000000000e+00 -0.0000000000e+00
1.3604344610e+05 9.5057710849e-14 7.3619109473e-15 8.7320160617e+07 2.6991029735e+07 2.2555930159e-18 3.4065525013e-19 -2.7612332386e+03 -2.9201488346e+00 -4.6638887073e+09 -1.0000081037e+07 2.0095718887e+06 6.9458437573e+02 0.0000000000e+00 -0.0000000000e+00
1.3673803048e+05 9.6640264539e-14 7.6034616968e-15 8.5391112301e+07 2.6985532813e+07 2.3015402904e-18 3.5501653338e-19 -2.7935152531e+03 -1.3010217489e+01 -4.6638887060e+09 -1.0000081037e+07 2.0095718887e+06 8.6435581499e+02 0.0000000000e+00 -0.0000000000e+00
1.3760238629e+05 9.8655230069e-14 7.9184943764e-15 8.2958523790e+07 2.6968545752e+07 2.3613087779e-18 3.7417518722e-19 -2.8355078892e+03 -2.6470862279e+01 -4.6638887009e+09 -1.0000081037e+07 2.0095718887e+06 9.4962991964e+02 0.0000000000e+00 -0.0000000000e+00
1.3855201621e+05 1.0093017817e-13 8.2845273756e-15 8.0242951292e+07 2.6935886990e+07 2.4305813152e-18 3.9706100271e-19 -2.8841779590e+03 -4.2550166998e+01 -4.6638886906e+09 -1.0000081037e+07 2.0095718887e+06 9.9151020502e+02 0.0000000000e+00 -0.0000000000e+00
1.3954352642e+05 1.0337779212e-13 8.6910094598e-15 7.7356794479e+07 2.6884710523e+07 2.5073600838e-18 4.2328860442e-19 -2.9381218185e+03 -6.0977371397e+01 -4.6638886740e+09 -1.0000081037e+07 2.0095718887e+06 1.0073365122e+03 0.0000000000e+00 -0.0000000000e+00
1.4055086293e+05 1.0594498634e-13 9.1319833227e-15 7.4368002644e+07 2.6813042197e+07 2.5905567147e-18 4.5274272867e-19 -2.9965747926e+03 -8.1671492581e+01 -4.6638886500e+09 -1.0000081037e+07 2.0095718887e+06 1.0058648187e+03 0.0000000000e+00 -0.0000000000e+00
1.4155672775e+05 1.0859494603e-13 9.6035265696e-15 7.1322792174e+07 2.6719548243e+07 2.6794975588e-18 4.8543479377e-19 -3.0590635833e+03 -1.0464055291e+02 -4.6638886178e+09 -1.0000081037e+07 2.0095718887e+06 9.9232646693e+02 0.0000000000e+00 -0.0000000000e+00
1.4254905421e+05 1.1130007051e-13 1.0102770511e-14 6.8254751177e+07 2.6603391367e+07 2.7737314165e-18 5.2144892079e-19 -3.1252711831e+03 -1.2994365485e+02 -4.6638885764e+09 -1.0000081037e+07 2.0095718887e+06 9.7019107835e+02 0.0000000000e+00 -0.0000000000e+00
1.4351924529e+05 1.1403864215e-13 1.0627451943e-14 6.5189252446e+07 2.6464129156e+07 2.8729396744e-18 5.6091791447e-19 -3.1949737379e+03 -1.5767410547e+02 -4.6638885249e+09 -1.0000081037e+07 2.0095718887e+06 9.4191624990e+02 0.0000000000e+00 -0.0000000000e+00
1.4446116154e+05 1.1679303553e-13 1.1175682555e-14 6.2145902314e+07 2.6301636827e+07 2.9768883709e-18 6.0401139290e-19 -3.2680068692e+03 -1.8795107643e+02 -4.6638884626e+09 -1.0000081037e+07 2.0095718887e+06 9.0931792859e+02 0.0000000000e+00 -0.0000000000e+00
1.4537047947e+05 1.1954865910e-13 1.1745820549e-14 5.9140039149e+07 2.6116045726e+07 3.0854000206e-18 6.5092961790e-19 -3.3442458776e+03 -2.2091526934e+02 -4.6638883884e+09 -1.0000081037e+07 2.0095718887e+06 8.7377502633e+02 0.0000000000e+00 -0.0000000000e+00
1.4624425450e+05 1.2229328202e-13 1.2336395367e-14 5.6183720422e+07 2.5907692893e+07 3.1983357336e-18 7.0190031609e-19 -3.4235931810e+03 -2.5672668223e+02 -4.6638883015e+09 -1.0000081037e+07 2.0095718887e+06 8.3635268662e+02 0.0000000000e+00 -0.0000000000e+00
1.4708060718e+05 1.2501657964e-13 1.2946062109e-14 5.3286411243e+07 2.5677078901e+07 3.3155831042e-18 7.5717721957e-19 -3.5059698042e+03 -2.9556358430e+02 -4.6638882009e+09 -1.0000081037e+07 2.0095718887e+06 7.9788186617e+02 0.0000000000e+00 -0.0000000000e+00
1.4787848905e+05 1.2770981037e-13 1.3573573500e-14 5.0455486865e+07 2.5424832188e+07 3.4370475062e-18 8.1703968155e-19 -3.5913092640e+03 -3.3762224582e+02 -4.6638880856e+09 -1.0000081037e+07 2.0095718887e+06 7.5901367576e+02 0.0000000000e+00 -0.0000000000e+00
1.4863750273e+05 1.3036557564e-13 1.4217762696e-14 4.7696612928e+07 2.5151678619e+07 3.5626454729e-18 8.8179302135e-19 -3.6795529178e+03 -3.8311718057e+02 -4.6638879548e+09 -1.0000081037e+07 2.0095718887e+06 7.2025819931e+02 0.0000000000e+00 -0.0000000000e+00
1.4935776093e+05 1.3297763453e-13 1.4877533000e-14 4.5014041625e+07 2.4858415369e+07 3.6922993711e-18 9.5176940687e-19 -3.7706462213e+03 -4.3228176578e+02 -4.6638878073e+09 -1.0000081037e+07 2.0095718887e+06 6.8201327065e+02 0.0000000000e+00 -0.0000000000e+00
1.5003977420e+05 1.3554075571e-13 1.5551852094e-14 4.2410847784e+07 2.4545888436e+07 3.8259328711e-18 1.0273291686e-18 -3.8645355462e+03 -4.8536916541e+02 -4.6638876421e+09 -1.0000081037e+07 2.0095718887e+06 6.4458643137e+02 0.0000000000e+00 -0.0000000000e+00
1.5068436063e+05 1.3805059572e-13 1.6239749311e-14 3.9889120593e+07 2.4214973212e+07 3.9634668791e-18 1.1088624889e-18 -3.9611653222e+03 -5.4265351707e+02 -4.6638874582e+09 -1.0000081037e+07 2.0095718887e+06 6.0821209085e+02 0.0000000000e+00 -0.0000000000e+00
1.5129257272e+05 1.4050359662e-13 1.6940314980e-14 3.7450121585e+07 2.3866557652e+07 4.1048156954e-18 1.1967914439e-18 -4.0604753377e+03 -6.0443136639e+02 -4.6638872543e+09 -1.0000081037e+07 2.0095718887e+06 5.7306517663e+02 0.0000000000e+00 -0.0000000000e+00
1.5186563790e+05 1.4289689807e-13 1.7652701233e-14 3.5094416360e+07 2.3501527648e+07 4.2498832147e-18 1.2915723950e-18 -4.1623980701e+03 -6.7102334754e+02 -4.6638870295e+09 -1.0000081037e+07 2.0095718887e+06 5.3927215823e+02 0.0000000000e+00 -0.0000000000e+00
1.5240491005e+05 1.4522826075e-13 1.8376123897e-14 3.2821985392e+07 2.3120754239e+07 4.3985590199e-18 1.3936987482e-18 -4.2668559416e+03 -7.4277612181e+02 -4.6638867824e+09 -1.0000081037e+07 2.0095718887e+06 5.0692004153e+02 0.0000000000e+00 -0.0000000000e+00
1.5291183010e+05 1.4749599891e-13 1.9109865219e-14 3.0632317886e+07 2.2725082367e+07 4.5507142310e-18 1.5037041111e-18 -4.3737584029e+03 -8.2006459562e+02 -4.6638865121e+09 -1.0000081037e+07 2.0095718887e+06 4.7606377607e+02 0.0000000000e+00 -0.0000000000e+00
1.5338789387e+05 1.4969892031e-13 1.9853277323e-14 2.8524491660e+07 2.2315320873e+07 4.7061969779e-18 1.6221658946e-18 -4.4829987516e+03 -9.0329445106e+02 -4.6638862172e+09 -1.0000081037e+07 2.0095718887e+06 4.4673239131e+02 0.0000000000e+00 -0.0000000000e+00
1.5383462626e+05 1.5183627252e-13 2.0605786346e-14 2.6497241364e+07 2.1892233457e+07 4.8648273538e-18 1.7497094211e-18 -4.5944505875e+03 -9.9290503224e+02 -4.6638858966e+09 -1.0000081037e+07 2.0095718887e+06 4.1893410849e+02 0.0000000000e+00 -0.0000000000e+00
1.5425356037e+05 1.5390769477e-13 2.1366897313e-14 2.4549016809e+07 2.1456530341e+07 5.0263916940e-18 1.8870126208e-18 -4.7079637922e+03 -1.0893726450e+03 -4.6638855492e+09 -1.0000081037e+07 2.0095718887e+06 3.9266061410e+02 0.0000000000e+00 -0.0000000000e+00
1.5464622099e+05 1.5591317461e-13 2.2136199835e-14 2.2678032858e+07 2.1008860350e+07 5.1906359933e-18 2.0348114204e-18 -4.8233599046e+03 -1.1932143428e+03 -4.6638851739e+09 -1.0000081037e+07 2.0095718887e+06 3.6789064581e+02 0.0000000000e+00 -0.0000000000e+00
1.5501411163e+05 1.5785300903e-13 2.2913374835e-14 2.0882311989e+07 2.0549803126e+07 5.3572582407e-18 2.1939059569e-18 -4.9404267353e+03 -1.3049922924e+03 -4.6638847695e+09 -1.0000081037e+07 2.0095718887e+06 3.4459301226e+02 0.0000000000e+00 -0.0000000000e+00
1.5535870464e+05 1.5972776957e-13 2.3698202544e-14 1.9159720457e+07 2.0079861167e+07 5.5258993918e-18 2.3651677869e-18 -5.0589120241e+03 -1.4253188393e+03 -4.6638843353e+09 -1.0000081037e+07 2.0095718887e+06 3.2272914688e+02 0.0000000000e+00 -0.0000000000e+00
1.5568143379e+05 1.6153827134e-13 2.4490572139e-14 1.7507998785e+07 1.9599451308e+07 5.6961326264e-18 2.5495483131e-18 -5.1785158920e+03 -1.5548624279e+03 -4.6638838704e+09 -1.0000081037e+07 2.0095718887e+06 3.0225528059e+02 0.0000000000e+00 -0.0000000000e+00
1.5598368907e+05 1.6328554556e-13 2.5290493494e-14 1.5924787149e+07 1.9108895236e+07 5.8674504340e-18 2.7480887135e-18 -5.2988817681e+03 -1.6943545774e+03 -4.6638833743e+09 -1.0000081037e+07 2.0095718887e+06 2.8312431040e+02 0.0000000000e+00 -0.0000000000e+00
1.5626681338e+05 1.6497081566e-13 2.6098111721e-14 1.4407646081e+07 1.8608408484e+07 6.0392489250e-18 2.9619317515e-18 -5.4195853667e+03 -1.8445981801e+03 -4.6638828466e+09 -1.0000081037e+07 2.0095718887e+06 2.6528742915e+02 0.0000000000e+00 -0.0000000000e+00
1.5653210081e+05 1.6659547694e-13 2.6913725386e-14 1.2954072794e+07 1.8098087231e+07 6.2108085612e-18 3.1923359697e-18 -5.5401211488e+03 -2.0064774732e+03 -4.6638822874e+09 -1.0000081037e+07 2.0095718887e+06 2.4869558577e+02 0.0000000000e+00 -0.0000000000e+00
1.5678079640e+05 1.6816107975e-13 2.7737809628e-14 1.1561513260e+07 1.7577892003e+07 6.3812702096e-18 3.4406929456e-18 -5.6598854975e+03 -2.1809701627e+03 -4.6638816975e+09 -1.0000081037e+07 2.0095718887e+06 2.3330084096e+02 0.0000000000e+00 -0.0000000000e+00
1.5701409724e+05 1.6966931654e-13 2.8571045895e-14 1.0227370034e+07 1.7047627041e+07 6.5496049948e-18 3.7085485355e-18 -5.7781555371e+03 -2.3691623488e+03 -4.6638810781e+09 -1.0000081037e+07 2.0095718887e+06 2.1905769550e+02 0.0000000000e+00 -0.0000000000e+00
1.5723315493e+05 1.7112201297e-13 2.9414360729e-14 8.9490055926e+06 1.6506913630e+07 6.7145757998e-18 3.9976293919e-18 -5.8940620839e+03 -2.5722671576e+03 -4.6638804314e+09 -1.0000081037e+07 2.0095718887e+06 2.0592448248e+02 0.0000000000e+00 -0.0000000000e+00
1.5743907941e+05 1.7252112379e-13 3.0268977056e-14 7.7237407277e+06 1.5955154964e+07 6.8746873102e-18 4.3098765645e-18 -6.0065545475e+03 -2.7916483476e+03 -4.6638797611e+09 -1.0000081037e+07 2.0095718887e+06 1.9386494134e+02 0.0000000000e+00 -0.0000000000e+00
1.5763294436e+05 1.7386873431e-13 3.1136483116e-14 6.5488471774e+06 1.5391489005e+07 7.0281200117e-18 4.6474887618e-18 -6.1143545585e+03 -3.0288507055e+03 -4.6638790722e+09 -1.0000081037e+07 2.0095718887e+06 1.8285014123e+02 0.0000000000e+00 -0.0000000000e+00
1.5781579450e+05 1.7516706860e-13 3.2018926610e-14 5.4215332249e+06 1.4814724059e+07 7.1726412009e-18 5.0129790051e-18 -6.2158934457e+03 -3.2856398506e+03 -4.6638783724e+09 -1.0000081037e+07 2.0095718887e+06 1.7286098813e+02 0.0000000000e+00 -0.0000000000e+00
1.5798865549e+05 1.7641850613e-13 3.2918945625e-14 4.3389204232e+06 1.4223249120e+07 7.3054822022e-18 5.4092501062e-18 -6.3092259704e+03 -3.5640552642e+03 -4.6638776721e+09 -1.0000081037e+07 2.0095718887e+06 1.6389166258e+02 0.0000000000e+00 -0.0000000000e+00
1.5815254715e+05 1.7762560890e-13 3.3839954142e-14 3.2980089383e+06 1.3614906675e+07 7.4231644885e-18 5.8396968736e-18 -6.3919081603e+03 -3.8664820989e+03 -4.6638769862e+09 -1.0000081037e+07 2.0095718887e+06 1.5595446849e+02 0.0000000000e+00 -0.0000000000e+00
1.5829244679e+05 1.7867048210e-13 3.4685542381e-14 2.3993041747e+06 1.3053881431e+07 7.5120145427e-18 6.2571395235e-18 -6.4543331631e+03 -4.1597723936e+03 -4.6638766084e+09 -1.0000081037e+07 2.0095718887e+06 1.4172228750e+02 0.0000000000e+00 -0.0000000000e+00
1.5841136106e+05 1.7956761453e-13 3.5452796205e-14 1.6290892036e+06 1.2542931659e+07 7.5742297871e-18 6.6540992870e-18 -6.4980448618e+03 -4.4386716534e+03 -4.6638764178e+09 -1.0000081037e+07 2.0095718887e+06 1.2189407372e+02 0.0000000000e+00 -0.0000000000e+00
1.5851126810e+05 1.8032638811e-13 3.6135670368e-14 9.7844517491e+05 1.2086772350e+07 7.6129440103e-18 7.0215672369e-18 -6.5252450196e+03 -4.6968503118e+03 -4.6638763324e+09 -1.0000081037e+07 2.0095718887e+06 1.0367287397e+02 0.0000000000e+00 -0.0000000000e+00
1.5858896042e+05 1.8091865648e-13 3.6693073223e-14 4.7092090840e+05 1.1713515698e+07 7.6316827370e-18 7.3310301261e-18 -6.5384106285e+03 -4.9142752970e+03 -4.6638763075e+09 -1.0000081037e+07 2.0095718887e+06 8.5477887232e+01 5.6579720892e-317 -3.9336503635e-309
1.5864771263e+05 1.8136724756e-13 3.7131033891e-14 8.6625278543e+04 1.1419699897e+07 7.6376280464e-18 7.5799122631e-18 -6.5425877329e+03 -5.0891369584e+03 -4.6638763013e+09 -1.0000081037e+07 2.0095718887e+06 5.8884196639e+01 8.7477155837e-299 -6.1632108064e-291
1.5870659683e+05 1.8181695364e-13 3.7585047428e-14 -2.9860900647e+05 1.1114636742e+07 7.6350927845e-18 7.8429748425e-18 -6.5408064877e+03 -5.2739616319e+03 -4.6638762954e+09 -1.0000081037e+07 2.0095718887e+06 7.3383777301e+01 1.0880939273e-280 -7.7710174490e-273
1.5877998061e+05 1.8237671519e-13 3.8173221874e-14 -7.7822544394e+05 1.0718741705e+07 7.6177960710e-18 8.1909320927e-18 -6.5286540203e+03 -5.5184323022e+03 -4.6638762799e+09 -1.0000081037e+07 2.0095718887e+06 8.6399634526e+01 2.2556700774e-258 -1.6390157653e-250
1.5886638024e+05 1.8303316602e-13 3.8899674837e-14 -1.3410875279e+06 1.0228771020e+07 7.5730361433e-18 8.6307441196e-18 -6.4972062217e+03 -5.8274390581e+03 -4.6638762528e+09 -1.0000081037e+07 2.0095718887e+06 9.3498987041e+01 1.6223081819e-232 -1.2035165253e-224
1.5895987923e+05 1.8373757914e-13 3.9730370259e-14 -1.9459995981e+06 9.6672392404e+06 7.4876505052e-18 9.1451001934e-18 -6.4372152769e+03 -6.1888195843e+03 -4.6638762201e+09 -1.0000081037e+07 2.0095718887e+06 9.8228125500e+01 3.4623082484e-205 -2.6279716174e-197
1.5905810736e+05 1.8446660247e-13 4.0657006431e-14 -2.5737662505e+06 9.0394186828e+06 7.3458862739e-18 9.7294201987e-18 -6.3376133959e+03 -6.5993559457e+03 -4.6638761553e+09 -1.0000081037e+07 2.0095718887e+06 1.0282324589e+02 2.0358937306e-177 -1.5833628484e-169
1.5916093060e+05 1.8521130436e-13 4.1690882376e-14 -3.2179545353e+06 8.3373391017e+06 7.1255149956e-18 1.0388076301e-17 -6.1827831283e+03 -7.0621199740e+03 -4.6638759163e+09 -1.0000081037e+07 2.0095718887e+06 1.1031187970e+02 1.1072370368e-149 -8.8338157443e-142
1.5927124248e+05 1.8597972204e-13 4.2877990974e-14 -3.8876154966e+06 7.5293705261e+06 6.7866022579e-18 1.1141952741e-17 -5.9446670260e+03 -7.5917846917e+03 -4.6638748958e+09 -1.0000081037e+07 2.0095718887e+06 1.1924983347e+02 7.0646528723e-122 -5.7901674049e-114
1.5937836441e+05 1.8668362672e-13 4.4112322551e-14 -4.5081974635e+06 6.6874694732e+06 6.3331853796e-18 1.1907213805e-17 -5.6261016616e+03 -8.1294481124e+03 -4.6638726258e+09 -1.0000081037e+07 2.0095718887e+06 1.0706886079e+02 2.4597748614e-97 -2.0670574856e-89
1.5947415518e+05 1.8726602093e-13 4.5286142233e-14 -5.0300767105e+06 5.8854044473e+06 5.8061757478e-18 1.2600210952e-17 -5.2558308944e+03 -8.6163397549e+03 -4.6638700107e+09 -1.0000081037e+07 2.0095718887e+06 9.5830728288e+01 6.1896297894e-78 -5.3100210404e-70
1.5956998590e+05 1.8779212942e-13 4.6526284066e-14 -5.5124572980e+06 5.0367517068e+06 5.1519959954e-18 1.3276434900e-17 -4.7962118966e+03 -9.0914467454e+03 -4.6638658178e+09 -1.0000081037e+07 2.0095718887e+06 8.7926710650e+01 2.0512389309e-61 -1.7922000161e-53
1.5965791261e+05 1.8821447501e-13 4.7719473071e-14 -5.9126363688e+06 4.2192188023e+06 4.4365583893e-18 1.3855056111e-17 -4.2935538515e+03 -9.4979792009e+03 -4.6638622058e+09 -1.0000081037e+07 2.0095718887e+06 8.2910570337e+01 3.3352967095e-49 -2.9550218630e-41
1.5972946296e+05 1.8850869405e-13 4.8726208446e-14 -6.2035287596e+06 3.5288143197e+06 3.7764703346e-18 1.4276748531e-17 -3.8297837501e+03 -9.7942553342e+03 -4.6638608128e+09 -1.0000081037e+07 2.0095718887e+06 7.2509428647e+01 1.3607881166e-41 -1.2164003996e-33
1.5979390010e+05 1.8873142166e-13 4.9657040705e-14 -6.4358235801e+06 2.8900567701e+06 3.1288423044e-18 1.4605421140e-17 -3.3747679152e+03 -1.0025176842e+04 -4.6638600908e+09 -1.0000081037e+07 2.0095718887e+06 6.4960421379e+01 1.1486733671e-36 -1.0328027396e-28
1.5985886053e+05 1.8891230777e-13 5.0614996049e-14 -6.6393366746e+06 2.2323665729e+06 2.4341864902e-18 1.4877424431e-17 -2.8867109126e+03 -1.0216283154e+04 -4.6638596044e+09 -1.0000081037e+07 2.0095718887e+06 5.9562476237e+01 1.2156211171e-33 -1.0969574860e-25
1.5991842300e+05 1.8903762546e-13 5.1507092130e-14 -6.7974574782e+06 1.6196721354e+06 1.7703540383e-18 1.5067691759e-17 -2.4203100416e+03 -1.0349962741e+04 -4.6638595198e+09 -1.0000081037e+07 2.0095718887e+06 5.5712805675e+01 1.2463403026e-32 -1.1260447176e-24
1.5997413581e+05 1.8911861611e-13 5.2350235926e-14 -6.9199055661e+06 1.0404608573e+06 1.1356432440e-18 1.5190797552e-17 -1.9743697047e+03 -1.0436455422e+04 -4.6638596319e+09 -1.0000081037e+07 2.0095718887e+06 5.0674057803e+01 3.1562112199e-33 -2.8495329163e-25
1.6001818130e+05 1.8915751329e-13 5.3020742687e-14 -6.9990529172e+06 5.7978394121e+05 6.3053990442e-19 1.5249625226e-17 -1.6194900407e+03 -1.0477787054e+04 -4.6638597079e+09 -1.0000081037e+07 2.0095718887e+06 4.5171489731e+01 9.4922153060e-35 -8.5542657798e-27
1.6005068769e+05 1.8917196216e-13 5.3516855025e-14 -7.0474476461e+06 2.3890641732e+05 2.5877166209e-19 1.5271311875e-17 -1.3582900474e+03 -1.0493023839e+04 -4.6638597302e+09 -1.0000081037e+07 2.0095718887e+06 3.8193254302e+01 1.8508699621e-36 -1.6645773261e-28
1.6008888095e+05 1.8917355813e-13 5.4100240132e-14 -7.0935025592e+06 -1.6194343781e+05 -1.7432583038e-19 1.5273707116e-17 -1.0540008445e+03 -1.0494706707e+04 -4.6638597907e+09 -1.0000081037e+07 2.0095718887e+06 3.5817959384e+01 4.2987598879e-39 -3.8539999695e-31
1.6012469891e+05 1.8916012527e-13 5.4647023001e-14 -7.1262039099e+06 -5.3763855910e+05 -5.7460718859e-19 1.5254051836e-17 -7.7276787138e+02 -1.0480897138e+04 -4.6638598395e+09 -1.0000081037e+07 2.0095718887e+06 4.6307396320e+01 3.6631471467e-42 -3.2722691901e-34
1.6017100630e+05 1.8912174871e-13 5.5352246773e-14 -7.1537207200e+06 -1.0221724795e+06 -1.0803752984e-18 1.5198901093e-17 -4.1742114761e+02 -1.0442148875e+04 -4.6638600276e+09 -1.0000081037e+07 2.0095718887e+06 4.2331103777e+01 5.8019239571e-47 -5.1537999517e-39
1.6020446943e+05 1.8907962540e-13 5.5859900173e-14 -7.1634940747e+06 -1.3709324275e+06 -1.4356592759e-18 1.5139555630e-17 -1.6780280486e+02 -1.0400453451e+04 -4.6638600638e+09 -1.0000081037e+07 2.0095718887e+06 3.6701758963e+01 5.4001781625e-51 -4.7745869558e-43
1.6024117118e+05 1.8901995505e-13 5.6414089979e-14 -7.1647492810e+06 -1.7516226269e+06 -1.8138650920e-18 1.5057189519e-17 9.7920152059e+01 -1.0342583990e+04 -4.6638601192e+09 -1.0000081037e+07 2.0095718887e+06 3.4314187959e+01 6.1913538952e-56 -5.4431847406e-48
1.6027548537e+05 1.8895181797e-13 5.6929226783e-14 -7.1572469250e+06 -2.1054391170e+06 -2.1554893003e-18 1.4965235065e-17 3.3794130167e+02 -1.0277977873e+04 -4.6638601558e+09 -1.0000081037e+07 2.0095718887e+06 4.5895855177e+01 5.0381154359e-61 -4.4038178751e-53
1.6032138123e+05 1.8884276550e-13 5.7612867834e-14 -7.1346235082e+06 -2.5749065682e+06 -2.5928301534e-18 1.4822134136e-17 6.4521183993e+02 -1.0177436843e+04 -4.6638602971e+09 -1.0000081037e+07 2.0095718887e+06 5.5207374189e+01 1.6668520284e-68 -1.4448586922e-60
1.6037658860e+05 1.8868580869e-13 5.8425806022e-14 -7.0892978747e+06 -3.1330152357e+06 -3.0873834102e-18 1.4623891175e-17 9.9267913985e+02 -1.0038153672e+04 -4.6638605942e+09 -1.0000081037e+07 2.0095718887e+06 6.4876895126e+01 1.8671029426e-78 -1.6008633874e-70
1.6044146550e+05 1.8846786824e-13 5.9366204761e-14 -7.0125018586e+06 -3.7783901166e+06 -3.6229072073e-18 1.4361781291e-17 1.3689318594e+03 -9.8539983508e+03 -4.6638611022e+09 -1.0000081037e+07 2.0095718887e+06 7.5752580823e+01 2.3171264309e-91 -1.9594400382e-83
1.6051721808e+05 1.8817169255e-13 6.0441618892e-14 -6.8935337068e+06 -4.5160539907e+06 -4.1854828999e-18 1.4026781265e-17 1.7641909225e+03 -9.6186312735e+03 -4.6638618562e+09 -1.0000081037e+07 2.0095718887e+06 8.7314313786e+01 6.6519771538e-108 -5.5292693352e-100
1.6060453239e+05 1.8778085479e-13 6.1648587624e-14 -6.7216592509e+06 -5.3434131530e+06 -4.7529094708e-18 1.3616692927e-17 2.1628581556e+03 -9.3305080317e+03 -4.6638627784e+09 -1.0000081037e+07 2.0095718887e+06 9.6541727282e+01 1.1572032028e-128 -9.4210486539e-121
1.6070107412e+05 1.8729547956e-13 6.2940698762e-14 -6.4942197487e+06 -6.2284108208e+06 -5.2867846126e-18 1.3150256121e-17 2.5379525494e+03 -9.0027950198e+03 -4.6638635818e+09 -1.0000081037e+07 2.0095718887e+06 1.0092868586e+02 2.2704731428e-153 -1.8051707126e-145
1.6080200280e+05 1.8673768913e-13 6.4243308010e-14 -6.2210633425e+06 -7.1197471710e+06 -5.7515546428e-18 1.2663418003e-17 2.8644945047e+03 -8.6607482853e+03 -4.6638640701e+09 -1.0000081037e+07 2.0095718887e+06 1.0283388799e+02 8.7511962902e-181 -6.7855376131e-173
1.6090483669e+05 1.8612555849e-13 6.5520526593e-14 -5.9119695851e+06 -7.9927939110e+06 -6.1406136744e-18 1.2179829752e-17 3.1378428031e+03 -8.3209848692e+03 -4.6638643462e+09 -1.0000081037e+07 2.0095718887e+06 1.0509315169e+02 5.0935063627e-210 -3.8501922646e-202
1.6100992984e+05 1.8546262589e-13 6.6775453021e-14 -5.5698409415e+06 -8.8496443088e+06 -6.4641087061e-18 1.1706266985e-17 3.3651266066e+03 -7.9882652404e+03 -4.6638645446e+09 -1.0000081037e+07 2.0095718887e+06 1.0855841180e+02 6.1673402912e-241 -4.5440405523e-233
1.6111848826e+05 1.8474574582e-13 6.8020893868e-14 -5.1938862541e+06 -9.6990109918e+06 -6.7331920011e-18 1.1243518496e-17 3.5541813640e+03 -7.6631435966e+03 -4.6638647374e+09 -1.0000081037e+07 2.0095718887e+06 1.1328772110e+02 1.0746973642e-273 -7.7164985978e-266
1.6123177598e+05 1.8396981260e-13 6.9268732803e-14 -4.7820054570e+06 -1.0548944439e+07 -6.9564595458e-18 1.0791323016e-17 3.7110465142e+03 -7.3454363720e+03 -4.6638649596e+09 -1.0000081037e+07 2.0095718887e+06 1.1924096846e+02 1.6001543697e-308 -1.1193417284e-300
1.6135101695e+05 1.8312889012e-13 7.0528810146e-14 -4.3314678432e+06 -1.1406068979e+07 -7.1403252864e-18 1.0349395291e-17 3.8402284204e+03 -7.0349431517e+03 -4.6638652291e+09 -1.0000081037e+07 2.0095718887e+06 1.2600149106e+02 0.0000000000e+00 -0.0000000000e+00
1.6147701844e+05 1.8221938059e-13 7.1805346209e-14 -3.8406953975e+06 -1.2273158898e+07 -7.2892712017e-18 9.9189133346e-18 3.9448760681e+03 -6.7324915936e+03 -4.6638655511e+09 -1.0000081037e+07 2.0095718887e+06 1.2906005787e+02 0.0000000000e+00 -0.0000000000e+00
1.6160607849e+05 1.8127087309e-13 7.3058993838e-14 -3.3261217747e+06 -1.3123444567e+07 -7.4037544816e-18 9.5143215679e-18 4.0253106738e+03 -6.4482301782e+03 -4.6638658662e+09 -1.0000081037e+07 2.0095718887e+06 1.3233677343e+02 0.0000000000e+00 -0.0000000000e+00
1.6173841527e+05 1.8028508236e-13 7.4292579806e-14 -2.7892083920e+06 -1.3958860466e+07 -7.4897911653e-18 9.1344312772e-18 4.0857590355e+03 -6.1813237293e+03 -4.6638661659e+09 -1.0000081037e+07 2.0095718887e+06 1.3527638601e+02 0.0000000000e+00 -0.0000000000e+00
1.6187369165e+05 1.7926741903e-13 7.5503867104e-14 -2.2333600874e+06 -1.4777914597e+07 -7.5520916015e-18 8.7791828986e-18 4.1295305891e+03 -5.9317303979e+03 -4.6638664396e+09 -1.0000081037e+07 2.0095718887e+06 1.3730826495e+02 0.0000000000e+00 -0.0000000000e+00
1.6201099992e+05 1.7822732401e-13 7.6686336367e-14 -1.6641420068e+06 -1.5576241140e+07 -7.5946273112e-18 8.4492471600e-18 4.1594156783e+03 -5.6999214295e+03 -4.6638666766e+09 -1.0000081037e+07 2.0095718887e+06 1.3753531337e+02 0.0000000000e+00 -0.0000000000e+00
1.6214853523e+05 1.7718082267e-13 7.7827279793e-14 -1.0906900408e+06 -1.6345338438e+07 -7.6209010065e-18 8.1463753972e-18 4.1778752675e+03 -5.4871272922e+03 -4.6638668666e+09 -1.0000081037e+07 2.0095718887e+06 1.3427740057e+02 0.0000000000e+00 -0.0000000000e+00
1.6228281263e+05 1.7615649530e-13 7.8902648540e-14 -5.2898437174e+05 -1.7069133976e+07 -7.6341834787e-18 7.8744374053e-18 4.1872073762e+03 -5.2960668583e+03 -4.6638670005e+09 -1.0000081037e+07 2.0095718887e+06 1.2326530090e+02 0.0000000000e+00 -0.0000000000e+00
1.6234454989e+05 1.7568508720e-13 7.9385134375e-14 -2.7041124535e+05 -1.7393526911e+07 -7.6369257612e-18 7.7565774311e-18 4.1891340717e+03 -5.2132598271e+03 -4.6638670028e+09 -1.0000081037e+07 2.0095718887e+06 1.1271683189e+02 0.0000000000e+00 -0.0000000000e+00
1.6245726672e+05 1.7482420055e-13 8.0247780752e-14 2.0182847283e+05 -1.7972963568e+07 -7.6373670915e-18 7.5520844921e-18 4.1894441451e+03 -5.0695854939e+03 -4.6638670435e+09 -1.0000081037e+07 2.0095718887e+06 1.1008460515e+02 0.0000000000e+00 -0.0000000000e+00
1.6256735133e+05 1.7398364673e-13 8.1068728169e-14 6.6287934677e+05 -1.8523725338e+07 -7.6329628160e-18 7.3646999793e-18 4.1863497530e+03 -4.9379313397e+03 -4.6638670734e+09 -1.0000081037e+07 2.0095718887e+06 1.4628728931e+02 0.0000000000e+00 -0.0000000000e+00
1.6271363862e+05 1.7286783215e-13 8.2128899176e-14 1.2747334554e+06 -1.9234003741e+07 -7.6211295396e-18 7.1327584997e-18 4.1780358322e+03 -4.7749719849e+03 -4.6638671742e+09 -1.0000081037e+07 2.0095718887e+06 1.7548070647e+02 0.0000000000e+00 -0.0000000000e+00
1.6288911933e+05 1.7153223583e-13 8.3357816586e-14 2.0066581572e+06 -2.0055939468e+07 -7.5999035072e-18 6.8774552072e-18 4.1631226715e+03 -4.5955988952e+03 -4.6638673672e+09 -1.0000081037e+07 2.0095718887e+06 2.0476179177e+02 0.0000000000e+00 -0.0000000000e+00
1.6309388112e+05 1.6997922284e-13 8.4737911280e-14 2.8568886321e+06 -2.0977167935e+07 -7.5679862750e-18 6.6071618610e-18 4.1406979997e+03 -4.4056939700e+03 -4.6638676766e+09 -1.0000081037e+07 2.0095718887e+06 2.3654047835e+02 0.0000000000e+00 -0.0000000000e+00
1.6333042160e+05 1.6819412072e-13 8.6266980811e-14 3.8327952118e+06 -2.1995551246e+07 -7.5244658057e-18 6.3266866114e-18 4.1101210299e+03 -4.2086353594e+03 -4.6638681310e+09 -1.0000081037e+07 2.0095718887e+06 2.6994405866e+02 0.0000000000e+00 -0.0000000000e+00
1.6360036565e+05 1.6617029004e-13 8.7935601212e-14 4.9371310189e+06 -2.3104084075e+07 -7.4692159934e-18 6.0417458768e-18 4.0713031618e+03 -4.0084393515e+03 -4.6638687379e+09 -1.0000081037e+07 2.0095718887e+06 2.8793369002e+02 0.0000000000e+00 -0.0000000000e+00
1.6388829934e+05 1.6402861194e-13 8.9635655335e-14 6.1031005903e+06 -2.4230448754e+07 -7.4065184340e-18 5.7723148526e-18 4.0272525942e+03 -3.8191402836e+03 -4.6638693049e+09 -1.0000081037e+07 2.0095718887e+06 3.0832375144e+02 0.0000000000e+00 -0.0000000000e+00
1.6419662310e+05 1.6175563620e-13 9.1375181790e-14 7.3373298424e+06 -2.5379725607e+07 -7.3373724685e-18 5.5165997376e-18 3.9786714523e+03 -3.6394778523e+03 -4.6638698422e+09 -1.0000081037e+07 2.0095718887e+06 3.3044710810e+02 0.0000000000e+00 -0.0000000000e+00
1.6452707020e+05 1.5934335416e-13 9.3157193997e-14 8.6434063675e+06 -2.6553622040e+07 -7.2627698528e-18 5.2737619832e-18 3.9262565322e+03 -3.4688629029e+03 -4.6638703511e+09 -1.0000081037e+07 2.0095718887e+06 3.5446697146e+02 0.0000000000e+00 -0.0000000000e+00
1.6488153718e+05 1.5678302119e-13 9.4984844397e-14 1.0025242843e+07 -2.7753904549e+07 -7.1835603609e-18 5.0430091088e-18 3.8706048751e+03 -3.3067386481e+03 -4.6638708332e+09 -1.0000081037e+07 2.0095718887e+06 3.8052322028e+02 0.0000000000e+00 -0.0000000000e+00
1.6526206040e+05 1.5406539217e-13 9.6861239522e-14 1.1486939023e+07 -2.8982274304e+07 -7.1004816850e-18 4.8236184653e-18 3.8122347748e+03 -3.1525973631e+03 -4.6638712899e+09 -1.0000081037e+07 2.0095718887e+06 4.0877080654e+02 0.0000000000e+00 -0.0000000000e+00
1.6567083120e+05 1.5118067361e-13 9.8789475429e-14 1.3032797615e+07 -3.0240388482e+07 -7.0141766698e-18 4.6149266671e-18 3.7515978865e+03 -3.0059729608e+03 -4.6638717226e+09 -1.0000081037e+07 2.0095718887e+06 4.3937871044e+02 0.0000000000e+00 -0.0000000000e+00
1.6611020991e+05 1.4811848733e-13 1.0077265892e-13 1.4667333351e+07 -3.1529871861e+07 -6.9252075036e-18 4.4163221992e-18 3.6890891970e+03 -2.8664357982e+03 -4.6638721326e+09 -1.0000081037e+07 2.0095718887e+06 4.7253079456e+02 0.0000000000e+00 -0.0000000000e+00
1.6658274071e+05 1.4486783220e-13 1.0281392570e-13 1.6395282312e+07 -3.2852326047e+07 -6.8340672700e-18 4.2272392979e-18 3.6250551411e+03 -2.7335883763e+03 -4.6638725211e+09 -1.0000081037e+07 2.0095718887e+06 5.0842670154e+02 0.0000000000e+00 -0.0000000000e+00
1.6709116741e+05 1.4141704454e-13 1.0491645581e-13 1.8221611218e+07 -3.4209336615e+07 -6.7411894618e-18 4.0471528678e-18 3.5598002858e+03 -2.6070617692e+03 -4.6638728892e+09 -1.0000081037e+07 2.0095718887e+06 5.4728286754e+02 0.0000000000e+00 -0.0000000000e+00
1.6763845028e+05 1.3775375680e-13 1.0708348707e-13 2.0151526669e+07 -3.5602478548e+07 -6.6469558880e-18 3.8755742137e-18 3.4935928854e+03 -2.4865126254e+03 -4.6638732379e+09 -1.0000081037e+07 2.0095718887e+06 5.8933363962e+02 0.0000000000e+00 -0.0000000000e+00
1.6822778392e+05 1.3386485458e-13 1.0931832682e-13 2.2190484304e+07 -3.7033320271e+07 -6.5517033032e-18 3.7120474216e-18 3.4266695399e+03 -2.3716206251e+03 -4.6638735684e+09 -1.0000081037e+07 2.0095718887e+06 6.3483249483e+02 0.0000000000e+00 -0.0000000000e+00
1.6886261641e+05 1.2973643171e-13 1.1162436236e-13 2.4344197837e+07 -3.8503426472e+07 -6.4557290072e-18 3.5561462618e-18 3.3592391287e+03 -2.2620863043e+03 -4.6638738815e+09 -1.0000081037e+07 2.0095718887e+06 6.8405336373e+02 0.0000000000e+00 -0.0000000000e+00
1.6954666977e+05 1.2535374337e-13 1.1400507040e-13 2.6618647914e+07 -4.0014359886e+07 -6.3592956084e-18 3.4074715152e-18 3.2914861572e+03 -2.1576291765e+03 -4.6638741782e+09 -1.0000081037e+07 2.0095718887e+06 7.3729205019e+02 0.0000000000e+00 -0.0000000000e+00
1.7028396182e+05 1.2070115727e-13 1.1646402557e-13 2.9020090732e+07 -4.1567682107e+07 -6.2626351011e-18 3.2656486474e-18 3.2235736220e+03 -2.0579860981e+03 -4.6638744593e+09 -1.0000081037e+07 2.0095718887e+06 7.9486775147e+02 0.0000000000e+00 -0.0000000000e+00
1.7107882958e+05 1.1576210262e-13 1.1900490818e-13 3.1555066312e+07 -4.3164953529e+07 -6.1659523759e-18 3.1303257712e-18 3.1556454767e+03 -1.9629098373e+03 -4.6638747256e+09 -1.0000081037e+07 2.0095718887e+06 8.5712467772e+02 0.0000000000e+00 -0.0000000000e+00
1.7193595425e+05 1.1051901714e-13 1.2163151139e-13 3.4230406348e+07 -4.4807732436e+07 -6.0694282576e-18 3.0011718486e-18 3.0878287667e+03 -1.8721678107e+03 -4.6638749778e+09 -1.0000081037e+07 2.0095718887e+06 9.2443377105e+02 0.0000000000e+00 -0.0000000000e+00
1.7280000000e+05 1.0531418559e-13 1.2417372910e-13 3.6870727115e+07 -4.6389586800e+07 -5.9792770398e-18 2.8854832246e-18 3.0244895818e+03 -1.7908863445e+03 -4.6638751505e+09 -1.0000081037e+07 2.0095718887e+06 9.9521959880e+02 0.0000000000e+00 -0.0000000000e+00
1.7280000000e+05 1.0531418559e-13 1.2417372910e-13 3.6870727115e+07 -4.6389586800e+07 -5.9792770398e-18 2.8854832246e-18 3.0244895818e+03 -1.7908863445e+03 -4.6638751505e+09 -1.0000081037e+07 2.0095718887e+06 9.9521959880e+02 0.0000000000e+00 -0.0000000000e+00
