0.0000000000e+00 0.0000000000e+00 0.0000000000e+00 3.1415900000e+08 0.0000000000e+00 0.0000000000e+00 0.0000000000e+00 -1.1843533050e+03 1.9315084600e+02 -4.6638893029e+09 -1.0067003093e+07 1.6417821910e+06 1.0000000000e+01 0.0000000000e+00 -0.0000000000e+00
1.0000000000e+01 2.8740018009e-22 5.8901524333e-28 3.1414715627e+08 1.9315084596e+03 5.7480758369e-23 1.7670790398e-28 -1.1843936903e+03 1.9315084588e+02 -4.6638893029e+09 -1.0067003093e+07 1.6417821910e+06 5.0000000000e+01 0.0000000000e+00 -0.0000000000e+00
6.0000000000e+01 1.0347706952e-20 1.2726327681e-25 3.1408793153e+08 1.1589050671e+04 3.4494957917e-22 6.3638837235e-27 -1.1845956625e+03 1.9315084153e+02 -4.6638893029e+09 -1.0067003093e+07 1.6417821910e+06 2.5000000000e+02 0.0000000000e+00 -0.0000000000e+00
3.1000000000e+02 2.7640005471e-19 1.7577171247e-23 3.1379165628e+08 5.9876749910e+04 1.7839218587e-21 1.7020121454e-25 -1.1856066675e+03 1.9315072642e+02 -4.6638893029e+09 -1.0067003093e+07 1.6417821910e+06 1.2500000000e+03 0.0000000000e+00 -0.0000000000e+00
1.5600000000e+03 7.0215732763e-18 2.2559128856e-21 3.1230647557e+08 3.0131373478e+05 9.0197966105e-21 4.3511553347e-24 -1.1906905080e+03 1.9314778893e+02 -4.6638893029e+09 -1.0067003093e+07 1.6417821910e+06 3.6000000000e+03 0.0000000000e+00 -0.0000000000e+00
5.1600000000e+03 7.7531513295e-17 8.3347868385e-20 3.0799326422e+08 9.9659980613e+05 3.0250761649e-20 4.8942344650e-23 -1.2056071342e+03 1.9311645968e+02 -4.6638893028e+09 -1.0067003093e+07 1.6417821910e+06 3.6000000000e+03 0.0000000000e+00 -0.0000000000e+00
8.7600000000e+03 2.2555474074e-16 4.1651349360e-19 3.0362559294e+08 1.6917087735e+06 5.2088217088e-20 1.4510866917e-22 -1.2209498735e+03 1.9304889436e+02 -4.6638893027e+09 -1.0067003093e+07 1.6417821910e+06 3.6000000000e+03 0.0000000000e+00 -0.0000000000e+00
1.2360000000e+04 4.5333542485e-16 1.1954303358e-18 2.9920188501e+08 2.3865045613e+06 7.4566393182e-20 2.9737481347e-22 -1.2367427756e+03 1.9294191395e+02 -4.6638893025e+09 -1.0067003093e+07 1.6417821910e+06 3.6000000000e+03 0.0000000000e+00 -0.0000000000e+00
1.5960000000e+04 7.6324600133e-16 2.6309241054e-18 2.9472047359e+08 3.0808390458e+06 9.7722368348e-20 5.1075288969e-22 -1.2530118913e+03 1.9279199703e+02 -4.6638893024e+09 -1.0067003093e+07 1.6417821910e+06 3.6000000000e+03 0.0000000000e+00 -0.0000000000e+00
1.9560000000e+04 1.1577979845e-15 4.9528374071e-18 2.9017959411e+08 3.7745507425e+06 1.2159638645e-19 7.9080736847e-22 -1.2697854956e+03 1.9259523405e+02 -4.6638893022e+09 -1.0067003093e+07 1.6417821910e+06 3.6000000000e+03 0.0000000000e+00 -0.0000000000e+00
2.3160000000e+04 1.6396540000e-15 8.4121505744e-18 2.8557737585e+08 4.4674633153e+06 1.4623221882e-19 1.1437305092e-21 -1.2870943416e+03 1.9234727440e+02 -4.6638893020e+09 -1.0067003093e+07 1.6417821910e+06 3.6000000000e+03 0.0000000000e+00 -0.0000000000e+00
2.6760000000e+04 2.2116412127e-15 1.3283395919e-17 2.8091183246e+08 5.1593838813e+06 1.7167757867e-19 1.5764303096e-21 -1.3049719520e+03 1.9204326461e+02 -4.6638893018e+09 -1.0067003093e+07 1.6417821910e+06 3.6000000000e+03 0.0000000000e+00 -0.0000000000e+00
3.0360000000e+04 2.8767663543e-15 1.9867414769e-17 2.7618085146e+08 5.8501010727e+06 1.9798459729e-19 2.0966334506e-21 -1.3234549538e+03 1.9167777600e+02 -4.6638893015e+09 -1.0067003093e+07 1.6417821910e+06 3.6000000000e+03 0.0000000000e+00 -0.0000000000e+00
3.3960000000e+04 3.6382325933e-15 2.8494516572e-17 2.7138218234e+08 6.5393828180e+06 2.2521037312e-19 2.7130062845e-21 -1.3425834636e+03 1.9124471970e+02 -4.6638893012e+09 -1.0067003093e+07 1.6417821910e+06 3.6000000000e+03 0.0000000000e+00 -0.0000000000e+00
3.7560000000e+04 4.4994585323e-15 3.9528111573e-17 2.6651342323e+08 7.2269737896e+06 2.5341760742e-19 3.4352976442e-21 -1.3624015346e+03 1.9073724629e+02 -4.6638893009e+09 -1.0067003093e+07 1.6417821910e+06 3.6000000000e+03 0.0000000000e+00 -0.0000000000e+00
4.1160000000e+04 5.4640996749e-15 5.3368903778e-17 2.6157200582e+08 7.9125924574e+06 2.8267534335e-19 4.2745081753e-21 -1.3829576756e+03 1.9014762684e+02 -4.6638893004e+09 -1.0067003093e+07 1.6417821910e+06 3.6000000000e+03 0.0000000000e+00 -0.0000000000e+00
4.4760000000e+04 6.5360727691e-15 7.0459749883e-17 2.5655517824e+08 8.5959276756e+06 3.1305982897e-19 5.2430920892e-21 -1.4043054578e+03 1.8946711118e+02 -4.6638892999e+09 -1.0067003093e+07 1.6417821910e+06 3.6000000000e+03 0.0000000000e+00 -0.0000000000e+00
4.8360000000e+04 7.7195835179e-15 9.1291313769e-17 2.5145998561e+08 9.2766347095e+06 3.4465552963e-19 6.3551987751e-21 -1.4265042253e+03 1.8868575811e+02 -4.6638892993e+09 -1.0067003093e+07 1.6417821910e+06 3.6000000000e+03 0.0000000000e+00 -0.0000000000e+00
5.1960000000e+04 9.0191582508e-15 1.1640867635e-16 2.4628324779e+08 9.9543305917e+06 3.7755632164e-19 7.6269637198e-21 -1.4496199347e+03 1.8779223102e+02 -4.6638892985e+09 -1.0067003093e+07 1.6417821910e+06 3.6000000000e+03 0.0000000000e+00 -0.0000000000e+00
5.5560000000e+04 1.0439680276e-14 1.4641909917e-16 2.4102153383e+08 1.0628588667e+07 4.1186690709e-19 9.0768608307e-21 -1.4737261484e+03 1.8677355037e+02 -4.6638892976e+09 -1.0067003093e+07 1.6417821910e+06 3.6000000000e+03 0.0000000000e+00 -0.0000000000e+00
5.9160000000e+04 1.1986431799e-14 1.8200118965e-16 2.3567113251e+08 1.1298932155e+07 4.4770450009e-19 1.0726131758e-20 -1.4989052197e+03 1.8561479202e+02 -4.6638892965e+09 -1.0067003093e+07 1.6417821910e+06 3.6000000000e+03 0.0000000000e+00 -0.0000000000e+00
6.2760000000e+04 1.3665142493e-14 2.2391578008e-16 2.3022801823e+08 1.1964826502e+07 4.8520084894e-19 1.2599312505e-20 -1.5252497132e+03 1.8429871726e+02 -4.6638892951e+09 -1.0067003093e+07 1.6417821910e+06 3.6000000000e+03 0.0000000000e+00 -0.0000000000e+00
6.6360000000e+04 1.5482046074e-14 2.7301891629e-16 2.2468781125e+08 1.2625670262e+07 5.2450467655e-19 1.4724883944e-20 -1.5528641201e+03 1.8280531578e+02 -4.6638892934e+09 -1.0067003093e+07 1.6417821910e+06 3.6000000000e+03 0.0000000000e+00 -0.0000000000e+00
6.9960000000e+04 1.7443946575e-14 3.3027746259e-16 2.1904573114e+08 1.3280784127e+07 5.6578464612e-19 1.7136081515e-20 -1.5818669411e+03 1.8111123673e+02 -4.6638892913e+09 -1.0067003093e+07 1.6417821910e+06 3.6000000000e+03 0.0000000000e+00 -0.0000000000e+00
7.3560000000e+04 1.9558296437e-14 3.9678797674e-16 2.1329654191e+08 1.3929397667e+07 6.0923299218e-19 1.9871911319e-20 -1.6123932379e+03 1.7918907489e+02 -4.6638892886e+09 -1.0067003093e+07 1.6417821910e+06 3.6000000000e+03 0.0000000000e+00 -0.0000000000e+00
7.7160000000e+04 2.1833289147e-14 4.7379970712e-16 2.0743448689e+08 1.4570633177e+07 6.5507000192e-19 2.2978436499e-20 -1.6445977816e+03 1.7700646685e+02 -4.6638892852e+09 -1.0067003093e+07 1.6417821910e+06 3.6000000000e+03 0.0000000000e+00 -0.0000000000e+00
8.0760000000e+04 2.4277969898e-14 5.6274283429e-16 2.0145321106e+08 1.5203485828e+07 7.0354959447e-19 2.6510421453e-20 -1.6786589730e+03 1.7452493577e+02 -4.6638892807e+09 -1.0067003093e+07 1.6417821910e+06 3.6000000000e+03 0.0000000000e+00 -0.0000000000e+00
8.4360000000e+04 2.6902368790e-14 6.6526345169e-16 1.9534566738e+08 1.5826799094e+07 7.5496633282e-19 3.0533455355e-20 -1.7147837685e+03 1.7169839949e+02 -4.6638892749e+09 -1.0067003093e+07 1.6417821910e+06 3.6000000000e+03 0.0000000000e+00 -0.0000000000e+00
8.7960000000e+04 2.9717662527e-14 7.8326730067e-16 1.8910400322e+08 1.6439234024e+07 8.0966432778e-19 3.5126725916e-20 -1.7532139362e+03 1.6847122163e+02 -4.6638892672e+09 -1.0067003093e+07 1.6417821910e+06 3.6000000000e+03 0.0000000000e+00 -0.0000000000e+00
9.1560000000e+04 3.2736372493e-14 9.1897501409e-16 1.8271942121e+08 1.7039230426e+07 8.6804867257e-19 4.0386687782e-20 -1.7942340900e+03 1.6477563430e+02 -4.6638892569e+09 -1.0067003093e+07 1.6417821910e+06 3.6000000000e+03 0.0000000000e+00 -0.0000000000e+00
9.5160000000e+04 3.5972609852e-14 1.0749926877e-15 1.7618200702e+08 1.7624957290e+07 9.3060031050e-19 4.6431980750e-20 -1.8381821349e+03 1.6052828258e+02 -4.6638892428e+09 -1.0067003093e+07 1.6417821910e+06 3.6000000000e+03 0.0000000000e+00 -0.0000000000e+00
9.8760000000e+04 3.9442382223e-14 1.2544031622e-15 1.6948051388e+08 1.8194248647e+07 9.9789563315e-19 5.3410123920e-20 -1.8854630369e+03 1.5562552129e+02 -4.6638892232e+09 -1.0067003093e+07 1.6417821910e+06 3.6000000000e+03 0.0000000000e+00 -0.0000000000e+00
1.0236000000e+05 4.3163982150e-14 1.4608857406e-15 1.6260208965e+08 1.8744519462e+07 1.0706327101e-18 6.1506781176e-20 -1.9365672514e+03 1.4993690516e+02 -4.6638891954e+09 -1.0067003093e+07 1.6417821910e+06 3.6000000000e+03 0.0000000000e+00 -0.0000000000e+00
1.0596000000e+05 4.7158486027e-14 1.6988756474e-15 1.5553192633e+08 1.9272653599e+07 1.1496669954e-18 7.0958828575e-20 -1.9920958105e+03 1.4329600785e+02 -4.6638891550e+09 -1.0067003093e+07 1.6417821910e+06 3.6000000000e+03 0.0000000000e+00 -0.0000000000e+00
1.0956000000e+05 5.1450404851e-14 1.9737801550e-15 1.4825280275e+08 1.9774851972e+07 1.2360608738e-18 8.2073177085e-20 -2.0527951330e+03 1.3548719735e+02 -4.6638890949e+09 -1.0067003093e+07 1.6417821910e+06 3.6000000000e+03 0.0000000000e+00 -0.0000000000e+00
1.1316000000e+05 5.6068548046e-14 2.2922773601e-15 1.4074447778e+08 2.0246422628e+07 1.3311539127e-18 9.5254543239e-20 -2.1196063834e+03 1.2622612456e+02 -4.6638890026e+09 -1.0067003093e+07 1.6417821910e+06 3.2526382772e+03 0.0000000000e+00 -0.0000000000e+00
1.1608051480e+05 6.0078095050e-14 2.5883813622e-15 1.3446849587e+08 2.0602483343e+07 1.4158573669e-18 1.0783555523e-19 -2.1791180338e+03 1.1738685355e+02 -4.6638889534e+09 -1.0067003093e+07 1.6417821910e+06 2.9397465938e+03 0.0000000000e+00 -0.0000000000e+00
1.1902026139e+05 6.4375421299e-14 2.9265466930e-15 1.2796754641e+08 2.0932706902e+07 1.5092130388e-18 1.2262235466e-19 -2.2447086306e+03 1.0699782223e+02 -4.6638888774e+09 -1.0067003093e+07 1.6417821910e+06 2.6540856099e+03 0.0000000000e+00 -0.0000000000e+00
1.2140464557e+05 6.8071215106e-14 3.2351301260e-15 1.2254697188e+08 2.1176445633e+07 1.5919163380e-18 1.3653197371e-19 -2.3028149956e+03 9.7225087528e+01 -4.6638888379e+09 -1.0067003092e+07 1.6417821910e+06 2.4006760352e+03 0.0000000000e+00 -0.0000000000e+00
1.2380532160e+05 7.2000124054e-14 3.5817894944e-15 1.1694331808e+08 2.1396579447e+07 1.6825876033e-18 1.5266054125e-19 -2.3665195599e+03 8.5893345726e+01 -4.6638887783e+09 -1.0067003093e+07 1.6417821910e+06 2.1660867302e+03 0.0000000000e+00 -0.0000000000e+00
1.2574795891e+05 7.5345183656e-14 3.8925593393e-15 1.1229234965e+08 2.1553458248e+07 1.7622587985e-18 1.6759485409e-19 -2.4224956044e+03 7.5400673219e+01 -4.6638887486e+09 -1.0067003093e+07 1.6417821910e+06 1.9572815702e+03 0.0000000000e+00 -0.0000000000e+00
1.2750738545e+05 7.8513320892e-14 4.2005968680e-15 1.0798267106e+08 2.1676869430e+07 1.8400202345e-18 1.8286242638e-19 -2.4771298745e+03 6.4673856547e+01 -4.6638887233e+09 -1.0067003092e+07 1.6417821910e+06 1.7731935776e+03 0.0000000000e+00 -0.0000000000e+00
1.2909519291e+05 8.1494071080e-14 4.5029895891e-15 1.0400790603e+08 2.1771098215e+07 1.9154072335e-18 1.9831895878e-19 -2.5300958930e+03 5.3814278726e+01 -4.6638887026e+09 -1.0067003092e+07 1.6417821910e+06 1.6017972953e+03 0.0000000000e+00 -0.0000000000e+00
1.3052046358e+05 8.4275097213e-14 4.7964741595e-15 1.0036596576e+08 2.1840191645e+07 1.9878454724e-18 2.1378162977e-19 -2.5809901475e+03 4.2950388004e+01 -4.6638886863e+09 -1.0067003093e+07 1.6417821910e+06 1.4401633023e+03 0.0000000000e+00 -0.0000000000e+00
1.3178815101e+05 8.6838155049e-14 5.0769719859e-15 9.7063801676e+07 2.1887972073e+07 2.0565380305e-18 2.2900046086e-19 -2.6292527307e+03 3.2257816322e+01 -4.6638886742e+09 -1.0067003093e+07 1.6417821910e+06 1.2847270130e+03 0.0000000000e+00 -0.0000000000e+00
1.3289664968e+05 8.9152817140e-14 5.3387948726e-15 9.4124693266e+07 2.1918125847e+07 2.1202750226e-18 2.4360762916e-19 -2.6740335914e+03 2.1994991721e+01 -4.6638886662e+09 -1.0067003093e+07 1.6417821910e+06 1.1305236614e+03 0.0000000000e+00 -0.0000000000e+00
1.3383017521e+05 9.1158352951e-14 5.5723680439e-15 9.1610003349e+07 2.1934331332e+07 2.1768863195e-18 2.5697608823e-19 -2.7138080226e+03 1.2602469657e+01 -4.6638886619e+09 -1.0067003093e+07 1.6417821910e+06 9.6965103526e+02 0.0000000000e+00 -0.0000000000e+00
1.3451517115e+05 9.2664281760e-14 5.7519569408e-15 8.9740678274e+07 2.1940461832e+07 2.2202853117e-18 2.6747682293e-19 -2.7442996440e+03 5.2247769990e+00 -4.6638886608e+09 -1.0067003093e+07 1.6417821910e+06 7.9688505814e+02 0.0000000000e+00 -0.0000000000e+00
1.3531205621e+05 9.4454405426e-14 5.9702358572e-15 8.7539164994e+07 2.1941020656e+07 2.2729153308e-18 2.8050604939e-19 -2.7812768762e+03 -3.9294042288e+00 -4.6638886580e+09 -1.0067003093e+07 1.6417821910e+06 7.3237544200e+02 0.0000000000e+00 -0.0000000000e+00
1.3604443165e+05 9.6137413565e-14 6.1803148101e-15 8.5489312001e+07 2.1934880592e+07 2.3234738222e-18 2.9332815097e-19 -2.8167986775e+03 -1.2938061953e+01 -4.6638886557e+09 -1.0067003093e+07 1.6417821910e+06 8.6604479193e+02 0.0000000000e+00 -0.0000000000e+00
1.3691047645e+05 9.8176568633e-14 6.4413240063e-15 8.3030922628e+07 2.1918775885e+07 2.3862011507e-18 3.0965472579e-19 -2.8608701605e+03 -2.4408921340e+01 -4.6638886493e+09 -1.0067003093e+07 1.6417821910e+06 9.3491418081e+02 0.0000000000e+00 -0.0000000000e+00
1.3784539063e+05 1.0044061604e-13 6.7396700972e-15 8.0332960856e+07 2.1889740897e+07 2.4578381113e-18 3.2886997601e-19 -2.9112014462e+03 -3.7909330087e+01 -4.6638886371e+09 -1.0067003093e+07 1.6417821910e+06 9.6739213761e+02 0.0000000000e+00 -0.0000000000e+00
1.3881278277e+05 1.0285605317e-13 7.0682188304e-15 7.7490169073e+07 2.1845759032e+07 2.5367219190e-18 3.5073628157e-19 -2.9666242815e+03 -5.3272339125e+01 -4.6638886182e+09 -1.0067003093e+07 1.6417821910e+06 9.7723572692e+02 0.0000000000e+00 -0.0000000000e+00
1.3979001849e+05 1.0537617719e-13 7.4227110172e-15 7.4562167221e+07 2.1785450899e+07 2.6219143421e-18 3.7518995369e-19 -3.0264794757e+03 -7.0453201465e+01 -4.6638885915e+09 -1.0067003093e+07 1.6417821910e+06 9.7179979957e+02 0.0000000000e+00 -0.0000000000e+00
1.4076181829e+05 1.0796779543e-13 7.8002312542e-15 7.1590372428e+07 2.1707913576e+07 2.7128272752e-18 4.0225407927e-19 -3.0903538330e+03 -8.9468137691e+01 -4.6638885559e+09 -1.0067003093e+07 1.6417821910e+06 9.5562622711e+02 0.0000000000e+00 -0.0000000000e+00
1.4171744452e+05 1.1060565294e-13 8.1985818857e-15 6.8605245697e+07 2.1612617123e+07 2.8090675695e-18 4.3200353798e-19 -3.1579711315e+03 -1.1036975739e+02 -4.6638885107e+09 -1.0067003093e+07 1.6417821910e+06 9.3179004010e+02 0.0000000000e+00 -0.0000000000e+00
1.4264923456e+05 1.1326969541e-13 8.6159860650e-15 6.5629952184e+07 2.1499329892e+07 2.9103617398e-18 4.6454883889e-19 -3.2291392238e+03 -1.3323570292e+02 -4.6638884549e+09 -1.0067003093e+07 1.6417821910e+06 9.0249833641e+02 0.0000000000e+00 -0.0000000000e+00
1.4355173290e+05 1.1594355568e-13 9.0509310924e-15 6.2682452527e+07 2.1368060949e+07 3.0165148275e-18 5.0002792499e-19 -3.3037211344e+03 -1.5816289142e+02 -4.6638883874e+09 -1.0067003093e+07 1.6417821910e+06 8.6939595647e+02 0.0000000000e+00 -0.0000000000e+00
1.4442112885e+05 1.1861363967e-13 9.5020796270e-15 5.9776810954e+07 2.1219013861e+07 3.1273858633e-18 5.3860182924e-19 -3.3816178198e+03 -1.8526446273e+02 -4.6638883074e+09 -1.0067003093e+07 1.6417821910e+06 8.3373861604e+02 0.0000000000e+00 -0.0000000000e+00
1.4525486747e+05 1.2126853465e-13 9.9682168961e-15 5.6924071889e+07 2.1052548619e+07 3.2428721881e-18 5.8045239252e-19 -3.4627571529e+03 -2.1466817613e+02 -4.6638882139e+09 -1.0067003092e+07 1.6417821910e+06 7.9649932062e+02 0.0000000000e+00 -0.0000000000e+00
1.4605136679e+05 1.2389860353e-13 1.0448218346e-14 5.4132879834e+07 2.0869149765e+07 3.3628988440e-18 6.2578118343e-19 -3.5470864693e+03 -2.4651565134e+02 -4.6638881058e+09 -1.0067003093e+07 1.6417821910e+06 7.5843818351e+02 0.0000000000e+00 -0.0000000000e+00
1.4680980497e+05 1.2649569260e-13 1.0941029494e-14 5.1409936838e+07 2.0669399427e+07 3.4874110254e-18 6.7480917323e-19 -3.6345672631e+03 -2.8096214018e+02 -4.6638879820e+09 -1.0067003093e+07 1.6417821910e+06 7.2015073816e+02 0.0000000000e+00 -0.0000000000e+00
1.4752995571e+05 1.2905291183e-13 1.1445653355e-14 4.8760351783e+07 2.0453954364e+07 3.6163684474e-18 7.2777692147e-19 -3.7251712306e+03 -3.1817665695e+02 -4.6638878415e+09 -1.0067003093e+07 1.6417821910e+06 6.8210282604e+02 0.0000000000e+00 -0.0000000000e+00
1.4821205854e+05 1.3156446340e-13 1.1961142692e-14 4.6187914463e+07 2.0223526358e+07 3.7497409493e-18 7.8494513253e-19 -3.8188771814e+03 -3.5834236947e+02 -4.6638876831e+09 -1.0067003093e+07 1.6417821910e+06 6.4465668631e+02 0.0000000000e+00 -0.0000000000e+00
1.4885671522e+05 1.3402550347e-13 1.2486595404e-14 4.3695315386e+07 1.9978865449e+07 3.8875049037e-18 8.4659550258e-19 -3.9156685150e+03 -4.0165719417e+02 -4.6638875056e+09 -1.0067003093e+07 1.6417821910e+06 6.0809100410e+02 0.0000000000e+00 -0.0000000000e+00
1.4946480623e+05 1.3643202772e-13 1.3021151975e-14 4.1284325168e+07 1.9720745582e+07 4.0296401457e-18 9.1303181052e-19 -4.0155310639e+03 -4.4833456252e+02 -4.6638873077e+09 -1.0067003093e+07 1.6417821910e+06 5.7261666052e+02 0.0000000000e+00 -0.0000000000e+00
1.5003742289e+05 1.3878077434e-13 1.3563994288e-14 3.8955942991e+07 1.9449952352e+07 4.1761272283e-18 9.8458122770e-19 -4.1184511647e+03 -4.9860434127e+02 -4.6638870881e+09 -1.0067003092e+07 1.6417821910e+06 5.3838931945e+02 0.0000000000e+00 -0.0000000000e+00
1.5057581221e+05 1.4106914030e-13 1.4114345336e-14 3.6710520823e+07 1.9167272533e+07 4.3269448606e-18 1.0615958360e-18 -4.2244138588e+03 -5.5271389903e+02 -4.6638868455e+09 -1.0067003092e+07 1.6417821910e+06 5.0551961768e+02 0.0000000000e+00 -0.0000000000e+00
1.5108133182e+05 1.4329510802e-13 1.4671469531e-14 3.4547868263e+07 1.8873485170e+07 4.4820674210e-18 1.1444543535e-18 -4.3334011448e+03 -6.1092931861e+02 -4.6638865784e+09 -1.0067003092e+07 1.6417821910e+06 4.7408150007e+02 0.0000000000e+00 -0.0000000000e+00
1.5155541332e+05 1.4545718045e-13 1.5234673397e-14 3.2467341616e+07 1.8569354002e+07 4.6414624572e-18 1.2335640745e-18 -4.4453902220e+03 -6.7353676023e+02 -4.6638862853e+09 -1.0067003093e+07 1.6417821910e+06 4.4411908740e+02 0.0000000000e+00 -0.0000000000e+00
1.5199953241e+05 1.4755432309e-13 1.5803306525e-14 3.0467919963e+07 1.8255621033e+07 4.8050880944e-18 1.3293630380e-18 -4.5603516697e+03 -7.4084398490e+02 -4.6638859647e+09 -1.0067003093e+07 1.6417821910e+06 4.1565236797e+02 0.0000000000e+00 -0.0000000000e+00
1.5241518478e+05 1.4958591184e-13 1.6376762702e-14 2.8548270351e+07 1.7933001077e+07 4.9728902836e-18 1.4323224442e-18 -4.6782475137e+03 -8.1318205243e+02 -4.6638856150e+09 -1.0067003093e+07 1.6417821910e+06 3.8868192979e+02 0.0000000000e+00 -0.0000000000e+00
1.5280386671e+05 1.5155168603e-13 1.6954481167e-14 2.6706803804e+07 1.7602177124e+07 5.1447998155e-18 1.5429493457e-18 -4.7990291283e+03 -8.9090721192e+02 -4.6638852345e+09 -1.0067003093e+07 1.6417821910e+06 3.6319290683e+02 0.0000000000e+00 -0.0000000000e+00
1.5316705962e+05 1.5345170585e-13 1.7535947992e-14 2.4941723508e+07 1.7263796390e+07 5.3207290297e-18 1.6617896452e-18 -4.9226349244e+03 -9.7440300826e+02 -4.6638848215e+09 -1.0067003093e+07 1.6417821910e+06 3.3915827245e+02 0.0000000000e+00 -0.0000000000e+00
1.5350621789e+05 1.5528631387e-13 1.8120697581e-14 2.3251066282e+07 1.6918466916e+07 5.5005681360e-18 1.7894314422e-18 -5.0489877648e+03 -1.0640826332e+03 -4.6638843743e+09 -1.0067003092e+07 1.6417821910e+06 3.1654158968e+02 0.0000000000e+00 -0.0000000000e+00
1.5382275948e+05 1.5705610007e-13 1.8708314323e-14 2.1632738239e+07 1.6566754582e+07 5.6841810577e-18 1.9265087772e-18 -5.1779920434e+03 -1.1603915560e+03 -4.6638838911e+09 -1.0067003092e+07 1.6417821910e+06 2.9529930639e+02 0.0000000000e+00 -0.0000000000e+00
1.5411805878e+05 1.5876187033e-13 1.9298434440e-14 2.0084545413e+07 1.6209180441e+07 5.8714006885e-18 2.0737058360e-18 -5.3095303534e+03 -1.2638104778e+03 -4.6638833701e+09 -1.0067003092e+07 1.6417821910e+06 2.7538266882e+02 0.0000000000e+00 -0.0000000000e+00
1.5439344145e+05 1.6040461782e-13 1.9890748098e-14 1.8604219975e+07 1.5846218229e+07 6.0620234364e-18 2.2317616899e-18 -5.4434596535e+03 -1.3748586613e+03 -4.6638828094e+09 -1.0067003092e+07 1.6417821910e+06 2.5673931524e+02 0.0000000000e+00 -0.0000000000e+00
1.5465018077e+05 1.6198549732e-13 2.0485001872e-14 1.7189442583e+07 1.5478291934e+07 6.2558028991e-18 2.4014756645e-18 -5.5796068242e+03 -1.4940977032e+03 -4.6638822073e+09 -1.0067003092e+07 1.6417821910e+06 2.3931459878e+02 0.0000000000e+00 -0.0000000000e+00
1.5488949537e+05 1.6350580206e-13 2.1081001665e-14 1.5837861325e+07 1.5105773309e+07 6.4524424792e-18 2.5837134549e-18 -5.7177634798e+03 -1.6221358308e+03 -4.6638815621e+09 -1.0067003092e+07 1.6417821910e+06 2.2305268675e+02 0.0000000000e+00 -0.0000000000e+00
1.5511254805e+05 1.6496694311e-13 2.1678616227e-14 1.4547107623e+07 1.4728979163e+07 6.6515867001e-18 2.7794141330e-18 -5.8576798665e+03 -1.7596328248e+03 -4.6638808719e+09 -1.0067003092e+07 1.6417821910e+06 2.0789747170e+02 0.0000000000e+00 -0.0000000000e+00
1.5532044553e+05 1.6637043107e-13 2.2277781463e-14 1.3314809438e+07 1.4348168290e+07 6.8528109212e-18 2.9895982324e-18 -5.9990576370e+03 -1.9073057003e+03 -4.6638801354e+09 -1.0067003092e+07 1.6417821910e+06 1.9379332837e+02 0.0000000000e+00 -0.0000000000e+00
1.5551423885e+05 1.6771785991e-13 2.2878505751e-14 1.2138602014e+07 1.3963537818e+07 7.0556090619e-18 3.2153771500e-18 -6.1415412247e+03 -2.0659353116e+03 -4.6638793511e+09 -1.0067003092e+07 1.6417821910e+06 1.8068574559e+02 0.0000000000e+00 -0.0000000000e+00
1.5569492460e+05 1.6901089304e-13 2.3480876592e-14 1.1016136391e+07 1.3575218757e+07 7.2593788319e-18 3.4579641695e-18 -6.2847074678e+03 -2.2363740976e+03 -4.6638785180e+09 -1.0067003092e+07 1.6417821910e+06 1.6852186077e+02 0.0000000000e+00 -0.0000000000e+00
1.5586344646e+05 1.7025125134e-13 2.4085068978e-14 9.9450858223e+06 1.3183270434e+07 7.4634038035e-18 3.7186875113e-18 -6.4280530126e+03 -2.4195552502e+03 -4.6638776354e+09 -1.0067003092e+07 1.6417821910e+06 1.5725092209e+02 0.0000000000e+00 -0.0000000000e+00
1.5602069738e+05 1.7144070333e-13 2.4691356039e-14 8.9231501969e+06 1.2787673426e+07 7.6668314391e-18 3.9990059423e-18 -6.5709788761e+03 -2.6165036819e+03 -4.6638767030e+09 -1.0067003092e+07 1.6417821910e+06 1.4682470544e+02 0.0000000000e+00 -0.0000000000e+00
1.5616752209e+05 1.7258105743e-13 2.5300122695e-14 7.9480584948e+06 1.2388320452e+07 7.8686458713e-18 4.3005276625e-18 -6.7127713219e+03 -2.8283492952e+03 -4.6638757213e+09 -1.0067003092e+07 1.6417821910e+06 1.3719791314e+02 0.0000000000e+00 -0.0000000000e+00
1.5630472000e+05 1.7367415641e-13 2.5911883341e-14 7.0175692144e+06 1.1985004512e+07 8.0676337780e-18 4.6250334486e-18 -6.8525778841e+03 -3.0563432428e+03 -4.6638746919e+09 -1.0067003092e+07 1.6417821910e+06 1.2832858825e+02 0.0000000000e+00 -0.0000000000e+00
1.5643304859e+05 1.7472187422e-13 2.6527305004e-14 6.1294686192e+06 1.1577403267e+07 8.2623410212e-18 4.9745054064e-18 -6.9893769025e+03 -3.3018781290e+03 -4.6638736175e+09 -1.0067003092e+07 1.6417821910e+06 1.2017858443e+02 0.0000000000e+00 -0.0000000000e+00
1.5655322717e+05 1.7572611563e-13 2.7147238035e-14 5.2815665097e+06 1.1165058209e+07 8.4510167104e-18 5.3511632354e-18 -7.1219382220e+03 -3.5665134883e+03 -4.6638725024e+09 -1.0067003092e+07 1.6417821910e+06 1.1271414783e+02 0.0000000000e+00 -0.0000000000e+00
1.5666594132e+05 1.7668881906e-13 2.7772757338e-14 4.4716890353e+06 1.0747346539e+07 8.6315397962e-18 5.7575107203e-18 -7.2487716183e+03 -3.8520084507e+03 -4.6638713536e+09 -1.0067003092e+07 1.6417821910e+06 1.0590668927e+02 5.0643005868e-312 -3.5335600261e-304
1.5677184801e+05 1.7761196332e-13 2.8405218628e-14 3.6976678021e+06 1.0323442643e+07 8.8013208442e-18 6.1963963886e-18 -7.3680577852e+03 -4.1603643579e+03 -4.6638701809e+09 -1.0067003092e+07 1.6417821910e+06 9.9733863681e+01 1.6620839412e-271 -1.1954158506e-263
1.5687158187e+05 1.7849757949e-13 2.9046336525e-14 2.9573241685e+06 9.8922644319e+06 8.9571676521e-18 6.6710941168e-18 -7.4775539189e+03 -4.4938813970e+03 -4.6638689986e+09 -1.0067003092e+07 1.6417821910e+06 9.4181133841e+01 4.9777662063e-233 -3.6912274630e-225
1.5696576301e+05 1.7934776919e-13 2.9698295014e-14 2.2484471509e+06 9.4523972333e+06 9.0950967007e-18 7.1854122627e-18 -7.5744612458e+03 -4.8552352755e+03 -4.6638678269e+09 -1.0067003092e+07 1.6417821910e+06 8.9244085102e+01 1.7666172256e-196 -1.3510097186e-188
1.5704562742e+05 1.8007839535e-13 3.0291565167e-14 1.6405301281e+06 9.0509984814e+06 9.1989814682e-18 7.6815155030e-18 -7.6474494612e+03 -5.2037915756e+03 -4.6638671802e+09 -1.0067003092e+07 1.6417821910e+06 8.0930211328e+01 2.1441676775e-165 -1.6858560729e-157
1.5711340536e+05 1.8070445595e-13 3.0827900645e-14 1.1203942875e+06 8.6872668513e+06 9.2720735124e-18 8.1530515231e-18 -7.6988030716e+03 -5.5350872359e+03 -4.6638668439e+09 -1.0067003093e+07 1.6417821910e+06 6.9484273862e+01 5.1084293938e-139 -4.1172508088e-131
1.5717036205e+05 1.8123395032e-13 3.1304532951e-14 6.8092092208e+05 8.3633918342e+06 9.3180353239e-18 8.5902231846e-18 -7.7310952996e+03 -5.8422389020e+03 -4.6638666869e+09 -1.0067003093e+07 1.6417821910e+06 5.9055514194e+01 6.5525464033e-117 -5.3971626189e-109
1.5721505026e+05 1.8165091628e-13 3.1696629183e-14 3.3503891310e+05 8.0965411998e+06 9.3408735672e-18 8.9623381567e-18 -7.7471411807e+03 -6.1036825036e+03 -4.6638666372e+09 -1.0067003093e+07 1.6417821910e+06 4.8745214816e+01 1.2232864357e-99 -1.0255186099e-91
1.5724597470e+05 1.8193991036e-13 3.1977981717e-14 9.5369615150e+04 7.9048393011e+06 9.3481872246e-18 9.2360849714e-18 -7.7522796703e+03 -6.2960137951e+03 -4.6638666290e+09 -1.0067003093e+07 1.6417821910e+06 3.6569431034e+01 9.5896683389e-88 -8.1405178811e-80
1.5728254413e+05 1.8228176781e-13 3.2321931592e-14 -1.8812653620e+05 7.6702475817e+06 9.3460568469e-18 9.5780969208e-18 -7.7507828920e+03 -6.5363073670e+03 -4.6638666108e+09 -1.0067003093e+07 1.6417821910e+06 4.0647045622e+01 9.2603111475e-74 -7.9806218117e-66
1.5732319118e+05 1.8266134082e-13 3.2719389642e-14 -5.0295052644e+05 7.3988492434e+06 9.3273422415e-18 9.9829115901e-18 -7.7376342304e+03 -6.8207253912e+03 -4.6638665822e+09 -1.0067003093e+07 1.6417821910e+06 4.7887093169e+01 2.3958478216e-58 -2.1005607711e-50
1.5737107827e+05 1.8310695491e-13 3.3209551974e-14 -8.7274897969e+05 7.0637163877e+06 9.2783165066e-18 1.0495239407e-17 -7.7031893259e+03 -7.1806808876e+03 -4.6638665292e+09 -1.0067003093e+07 1.6417821910e+06 5.1670453585e+01 2.0293272414e-40 -1.8165164579e-32
1.5742274873e+05 1.8358415320e-13 3.3767093107e-14 -1.2692189623e+06 6.6819747389e+06 9.1846458314e-18 1.1093461227e-17 -7.6373774115e+03 -7.6009845006e+03 -4.6638664737e+09 -1.0067003093e+07 1.6417821910e+06 5.3914619542e+01 1.9325493299e-21 -1.7700031479e-13
1.5744193679e+05 1.8375994361e-13 3.3982194767e-14 -1.4154526804e+06 6.5345530339e+06 9.1369707892e-18 1.1328031828e-17 -7.6038814877e+03 -7.7657910452e+03 -4.6638664731e+09 -1.0067003093e+07 1.6417821910e+06 5.4246904795e+01 1.6397610218e-14 -1.5148624382e-06
1.5744736148e+05 1.8380946874e-13 3.4043828811e-14 -1.4566732052e+06 6.4922974639e+06 9.1220765432e-18 1.1395583472e-17 -7.5934169657e+03 -7.8132520361e+03 -4.6638664731e+09 -1.0067003093e+07 1.6417821910e+06 2.7123452398e+01 1.4463588999e-12 -1.3394699006e-04
1.5746331613e+05 1.8395463595e-13 3.4227245222e-14 -1.5775619210e+06 6.3665129048e+06 9.0744315481e-18 1.1597426836e-17 -7.5599421519e+03 -7.9550648076e+03 -4.6638665733e+09 -1.0067003086e+07 1.6417821976e+06 5.5085610582e+01 7.0113590680e-07 -6.5403185597e+01
1.5746882469e+05 1.8400457423e-13 3.4291325064e-14 -1.6191720483e+06 6.3225551449e+06 9.0565976201e-18 1.1668213669e-17 -7.5474121914e+03 -8.0047987485e+03 -4.6638737173e+09 -1.0067002640e+07 1.6417826700e+06 1.5288247411e+01 6.2462137712e-05 -5.8411807614e+03
1.5747103072e+05 1.8402454523e-13 3.4317096872e-14 -1.6358161559e+06 6.3048742721e+06 9.0492495378e-18 1.1696719698e-17 -7.5422492514e+03 -8.0248264688e+03 -4.6639097527e+09 -1.0067000397e+07 1.6417850539e+06 8.4632714028e+00 3.7539635730e-04 -3.5140634293e+04
1.5747430330e+05 1.8405414154e-13 3.4355444789e-14 -1.6604860653e+06 6.2785635846e+06 9.0381282762e-18 1.1739173854e-17 -7.5344313923e+03 -8.0546497844e+03 -4.6644842740e+09 -1.0066964770e+07 1.6418230871e+06 5.3907851559e+00 5.3433295160e-03 -5.0093120338e+05
1.5747691833e+05 1.8407776471e-13 3.4386187634e-14 -1.6801805118e+06 6.2574691625e+06 9.0290499678e-18 1.1773240394e-17 -7.5280201406e+03 -8.0785492322e+03 -4.6690143499e+09 -1.0066684787e+07 1.6421231607e+06 3.3686389294e+00 4.4417444268e-02 -4.1690296352e+06
1.5747898617e+05 1.8409642780e-13 3.4410560726e-14 -1.6957418295e+06 6.2407445346e+06 9.0217494051e-18 1.1800268114e-17 -7.5227290813e+03 -8.0973646568e+03 -4.6913223994e+09 -1.0065309744e+07 1.6436015957e+06 2.3177026777e+00 2.3639757650e-01 -2.2208757720e+07
1.5748061295e+05 1.8411109944e-13 3.4429774444e-14 -1.7079759534e+06 6.2275601369e+06 9.0159296957e-18 1.1821586468e-17 -7.5180986955e+03 -8.1117589432e+03 -4.7661575840e+09 -1.0060706769e+07 1.6485633667e+06 1.7257915226e+00 8.7912930444e-01 -8.2646554425e+07
1.5748193182e+05 1.8412298716e-13 3.4445377029e-14 -1.7178883979e+06 6.2168545638e+06 9.0111618039e-18 1.1838905741e-17 -7.5133441312e+03 -8.1224099099e+03 -4.9605950867e+09 -1.0048766822e+07 1.6614608528e+06 1.3647270305e+00 2.5459724389e+00 -2.3944495901e+08
1.5748303437e+05 1.8413292018e-13 3.4458437973e-14 -1.7261692135e+06 6.2078951717e+06 9.0071416208e-18 1.1853408891e-17 -7.5074515846e+03 -8.1292798332e+03 -5.3857665622e+09 -1.0022688710e+07 1.6896793118e+06 1.1266748241e+00 6.1837108827e+00 -5.8162385651e+08
1.5748398097e+05 1.8414144470e-13 3.4469664324e-14 -1.7332721595e+06 6.2001985071e+06 9.0036650019e-18 1.1865878577e-17 -7.4990623050e+03 -8.1315966059e+03 -6.2104085514e+09 -9.9721422014e+06 1.7444557104e+06 9.6046580762e-01 1.3222611521e+01 -1.2432365422e+09
1.5748481269e+05 1.8414893197e-13 3.4479537996e-14 -1.7395044771e+06 6.1934363277e+06 9.0005911363e-18 1.1876848563e-17 -7.4863133827e+03 -8.1278136633e+03 -7.6788567447e+09 -9.8821334867e+06 1.8421234821e+06 8.4010517090e-01 2.5716424637e+01 -2.4154522056e+09
1.5748555937e+05 1.8415565151e-13 3.4488409893e-14 -1.7450876578e+06 6.1873713530e+06 8.9978162571e-18 1.1886707735e-17 -7.4666012259e+03 -8.1154441831e+03 -1.0139812863e+10 -9.7311517325e+06 2.0061430398e+06 7.5179085965e-01 4.6556137327e+01 -4.3639676751e+09
1.5748631116e+05 1.8416241493e-13 3.4497349946e-14 -1.7506892769e+06 6.1812795323e+06 8.9950077461e-18 1.1896644701e-17 -7.4322988231e+03 -8.0872654992e+03 -1.4608172786e+10 -9.4563537365e+06 2.3050054123e+06 6.8574699889e-01 8.4106355210e+01 -7.8523323911e+09
1.5748699691e+05 1.8416858235e-13 3.4505511145e-14 -1.7557692257e+06 6.1757490631e+06 8.9924331618e-18 1.1905717708e-17 -7.3789849303e+03 -8.0375647089e+03 -2.1693282855e+10 -9.0185610653e+06 2.7816461278e+06 6.4634212208e-01 1.4291717178e+02 -1.3254746943e+10
1.5748764325e+05 1.8417439375e-13 3.4513209077e-14 -1.7605140927e+06 6.1705781769e+06 8.9899953894e-18 1.1914277150e-17 -7.2967364660e+03 -7.9558082708e+03 -3.2682477299e+10 -8.3340074955e+06 3.5276928401e+06 6.5406683096e-01 2.3239204002e+02 -2.1324190502e+10
1.5748829732e+05 1.8418027300e-13 3.4521004645e-14 -1.7652464448e+06 6.1654157827e+06 8.9875175810e-18 1.1922946500e-17 -7.1635580181e+03 -7.8185117019e+03 -5.0373176813e+10 -7.2167881605e+06 4.7464870340e+06 1.1216597189e+00 3.7195455748e+02 -3.3525882184e+10
1.5748877180e+05 1.8418453699e-13 3.4526663369e-14 -1.7686135087e+06 6.1617395050e+06 8.9857133238e-18 1.1929240259e-17 -7.0215089487e+03 -7.6692203051e+03 -6.8978365048e+10 -6.0201460946e+06 6.0530502330e+06 5.4160489203e-01 5.1263914691e+02 -4.5308611705e+10
1.5748922757e+05 1.8418863202e-13 3.4532101743e-14 -1.7717737115e+06 6.1582865226e+06 8.9839749642e-18 1.1935289462e-17 -6.8373313240e+03 -7.4735601729e+03 -9.2620215555e+10 -4.4650177677e+06 7.7522871969e+06 4.6193110349e-01 6.8206309672e+02 -5.8725122834e+10
1.5748968950e+05 1.8419278159e-13 3.4537616441e-14 -1.7748779912e+06 6.1548920899e+06 8.9822079814e-18 1.1941423985e-17 -6.5926019870e+03 -7.2116187823e+03 -1.2313526896e+11 -2.3953708246e+06 1.0015424392e+07 4.2832019692e-01 8.8447781593e+02 -7.3457980109e+10
1.5749011782e+05 1.8419662849e-13 3.4542732413e-14 -1.7776425849e+06 6.1518668026e+06 8.9805651085e-18 1.1947115236e-17 -6.3065725043e+03 -6.9038743577e+03 -1.5745441687e+11 2.6068541344e+04 1.2665240150e+07 4.5004180740e-01 1.0886944945e+03 -8.6530842515e+10
1.5749056786e+05 1.8420066973e-13 3.4548110460e-14 -1.7804012952e+06 6.1488455910e+06 8.9788344981e-18 1.1953098165e-17 -5.9425606601e+03 -6.5107541806e+03 -1.9899358605e+11 3.1098340116e+06 1.6042491706e+07 4.8298442105e-01 1.2995687990e+03 -9.7373267126e+10
1.5749089810e+05 1.8420363467e-13 3.4552058538e-14 -1.7823140948e+06 6.1467492409e+06 8.9775618521e-18 1.1957490276e-17 -5.6368099642e+03 -6.1797270099e+03 -2.3201657309e+11 5.7011146850e+06 1.8882452341e+07 3.4137694918e-01 1.4357994906e+03 -1.0208122050e+11
1.5749119807e+05 1.8420632746e-13 3.4555645982e-14 -1.7839602273e+06 6.1449440147e+06 8.9764039585e-18 1.1961481105e-17 -5.3353008452e+03 -5.8527719479e+03 -2.6290173763e+11 8.2570272561e+06 2.1685403604e+07 3.0204619117e-01 1.5351083561e+03 -1.0333853089e+11
1.5749150011e+05 1.8420903857e-13 3.4559259509e-14 -1.7855236472e+06 6.1432284077e+06 8.9752363066e-18 1.1965500796e-17 -5.0145604971e+03 -5.5045323422e+03 -2.9391938973e+11 1.0976346998e+07 2.4669445846e+07 2.8107624989e-01 1.6042867652e+03 -1.0153945675e+11
1.5749178119e+05 1.8421156114e-13 3.4562623253e-14 -1.7868899806e+06 6.1417280929e+06 8.9741482503e-18 1.1969242427e-17 -4.7065759040e+03 -5.1698137771e+03 -3.2191623899e+11 1.3587718167e+07 2.7536898667e+07 2.7086051458e-01 1.6371274315e+03 -9.7288569478e+10
1.5749205205e+05 1.8421399175e-13 3.4565865736e-14 -1.7881242060e+06 6.1403719475e+06 8.9730984805e-18 1.1972848934e-17 -4.4067428334e+03 -4.8437055125e+03 -3.4748686338e+11 1.6130030042e+07 3.0330356976e+07 2.6843196060e-01 1.6392896790e+03 -9.1244438187e+10
1.5749232048e+05 1.8421640027e-13 3.4569080112e-14 -1.7892674274e+06 6.1391149319e+06 8.9720569809e-18 1.1976423890e-17 -4.1117967100e+03 -4.5227162601e+03 -3.7101623161e+11 1.8630852255e+07 3.3080115259e+07 2.7290917392e-01 1.6145279329e+03 -8.3883894491e+10
1.5749259339e+05 1.8421884868e-13 3.4572349084e-14 -1.7903493970e+06 6.1379243847e+06 8.9709970219e-18 1.1980059221e-17 -3.8188835570e+03 -4.2037814309e+03 -3.9278712941e+11 2.1114283980e+07 3.5812771507e+07 2.8612380258e-01 1.5654140195e+03 -7.5570282072e+10
1.5749287952e+05 1.8422141534e-13 3.4575777409e-14 -1.7913994989e+06 6.1367679520e+06 8.9698846439e-18 1.1983871333e-17 -3.5236509659e+03 -3.8821925817e+03 -4.1311924902e+11 2.3617117883e+07 3.8569042656e+07 3.1643311116e-01 1.4932018806e+03 -6.6543456291e+10
1.5749319595e+05 1.8422425351e-13 3.4579570170e-14 -1.7924651782e+06 6.1355932357e+06 8.9686532278e-18 1.1988088092e-17 -3.2154063785e+03 -3.5463250052e+03 -4.3262014260e+11 2.6229842859e+07 4.1449099540e+07 4.4012001992e-01 1.3958574560e+03 -5.6796605910e+10
1.5749352797e+05 1.8422723112e-13 3.4583551248e-14 -1.7934823296e+06 6.1344707417e+06 8.9673598925e-18 1.1992513480e-17 -2.9158099114e+03 -3.2198120511e+03 -4.4988184798e+11 2.8768689031e+07 4.4250888067e+07 3.4199546946e-01 1.2823139279e+03 -4.7346655331e+10
1.5749382350e+05 1.8422988104e-13 3.4587095943e-14 -1.7943073516e+06 6.1335591774e+06 8.9662077497e-18 1.1996453081e-17 -2.6710702641e+03 -2.9530622009e+03 -4.6274447383e+11 3.0842095436e+07 4.6541789091e+07 2.9746846116e-01 1.1776450663e+03 -3.9858330621e+10
1.5749412097e+05 1.8423254804e-13 3.4590665100e-14 -1.7950678843e+06 6.1327178205e+06 8.9650471894e-18 1.2000419146e-17 -2.4457926560e+03 -2.7075323265e+03 -4.7359962395e+11 3.2750024239e+07 4.8652478364e+07 2.8093610867e-01 1.0733498074e+03 -3.3288343824e+10
1.5749440191e+05 1.8423506649e-13 3.4594036977e-14 -1.7957273464e+06 6.1319873087e+06 8.9639504111e-18 1.2004165284e-17 -2.2519529304e+03 -2.4962944205e+03 -4.8218430652e+11 3.4391111947e+07 5.0470372505e+07 2.7364820088e-01 9.7861052106e+02 -2.7965423588e+10
1.5749467555e+05 1.8423751931e-13 3.4597322394e-14 -1.7963196893e+06 6.1313302428e+06 8.9628814673e-18 1.2007814669e-17 -2.0799589014e+03 -2.3089046725e+03 -4.8921622789e+11 3.5846677461e+07 5.2084979485e+07 2.7097533429e-01 8.9150362253e+02 -2.3548823828e+10
1.5749494653e+05 1.8423994789e-13 3.4600576706e-14 -1.7968619754e+06 6.1307278216e+06 8.9618224093e-18 1.2011428791e-17 -1.9249651811e+03 -2.1400896346e+03 -4.9508168402e+11 3.7157799389e+07 5.3541490845e+07 2.7105099377e-01 8.1119128672e+02 -1.9847275482e+10
1.5749521758e+05 1.8424237685e-13 3.4603832905e-14 -1.7973643351e+06 6.1301688755e+06 8.9607625436e-18 1.2015044276e-17 -1.7840451910e+03 -1.9866654216e+03 -5.0002670406e+11 3.8349289787e+07 5.4867188334e+07 2.7304204042e-01 7.3718766585e+02 -1.6731362032e+10
1.5749549062e+05 1.8424482337e-13 3.4607114015e-14 -1.7978335759e+06 6.1296458893e+06 8.9596944124e-18 1.2018686652e-17 -1.6551769882e+03 -1.8464330207e+03 -5.0422551262e+11 3.9438290632e+07 5.6080916011e+07 2.7649908093e-01 6.6910965601e+02 -1.4103140998e+10
1.5749576712e+05 1.8424730057e-13 3.4610437681e-14 -1.7982746039e+06 6.1291534363e+06 8.9586123013e-18 1.2022375461e-17 -1.5368518781e+03 -1.7177520828e+03 -5.0780888453e+11 4.0437591699e+07 5.7196733552e+07 2.8115902119e-01 6.0660771953e+02 -1.1884470628e+10
1.5749604828e+05 1.8424981921e-13 3.4613818407e-14 -1.7986911305e+06 6.1286874008e+06 8.9575115154e-18 1.2026126744e-17 -1.4278831004e+03 -1.5993326383e+03 -5.1087873034e+11 4.1357252416e+07 5.8225701487e+07 2.8685789411e-01 5.4934299877e+02 -1.0011203981e+10
1.5749633514e+05 1.8425238858e-13 3.4617268746e-14 -1.7990860618e+06 6.1282445487e+06 8.9563879944e-18 1.2029954356e-17 -1.3273021114e+03 -1.4901222087e+03 -5.1351649160e+11 4.2205481155e+07 5.9176848639e+07 2.9348966151e-01 4.9698152322e+02 -8.4298614139e+09
1.5749662863e+05 1.8425501702e-13 3.4620799988e-14 -1.7994617321e+06 6.1278222708e+06 8.9552380874e-18 1.2033870745e-17 -1.2342969615e+03 -1.3892387504e+03 -5.1578842111e+11 4.2989157686e+07 6.0057746709e+07 3.0098456817e-01 4.4919437187e+02 -7.0954718744e+09
1.5749692961e+05 1.8425771223e-13 3.4624422601e-14 -1.7998200540e+06 6.1274184168e+06 8.9540584124e-18 1.2037887429e-17 -1.1481731049e+03 -1.2959280188e+03 -5.1774912522e+11 4.3714165447e+07 6.0874875567e+07 3.0929672747e-01 4.0565974198e+02 -5.9700388691e+09
1.5749723891e+05 1.8426048150e-13 3.4628146519e-14 -1.8001626195e+06 6.1270311843e+06 8.9528457629e-18 1.2042015318e-17 -1.0683271469e+03 -1.2095350107e+03 -5.1944405832e+11 4.4385614148e+07 6.1633867889e+07 3.1839658203e-01 3.6606537478e+02 -5.0213778514e+09
1.5749755731e+05 1.8426333186e-13 3.4631981332e-14 -1.8004907703e+06 6.1266590410e+06 8.9515970452e-18 1.2046264930e-17 -9.9422848484e+02 -1.1294839967e+03 -5.2091134742e+11 4.5007995433e+07 6.2339680187e+07 3.2826608372e-01 3.3011072869e+02 -4.2221950867e+09
1.5749788557e+05 1.8426627016e-13 3.4635936431e-14 -1.8008056486e+06 6.1263006680e+06 8.9503092334e-18 1.2050646542e-17 -9.2540600281e+02 -1.0552640488e+03 -5.2218316721e+11 4.5585295718e+07 6.2996716732e+07 3.3889540560e-01 2.9750869456e+02 -3.5493360875e+09
1.5749822447e+05 1.8426930315e-13 3.4640021107e-14 -1.8011082350e+06 6.1259549186e+06 8.9489793375e-18 1.2055170304e-17 -8.6143814256e+02 -9.8641823971e+02 -5.2328680122e+11 4.6121080392e+07 6.3608922019e+07 3.5028064013e-01 2.6798682539e+02 -2.9831608091e+09
1.5749857475e+05 1.8427243756e-13 3.4644244618e-14 -1.8013993767e+06 6.1256207857e+06 8.9476043806e-18 1.2059846316e-17 -8.0194529572e+02 -9.2253536378e+02 -5.2424547678e+11 4.6618558347e+07 6.4179851607e+07 3.6242207247e-01 2.4128811354e+02 -2.5070179310e+09
1.5749893717e+05 1.8427568011e-13 3.4648616250e-14 -1.8016798096e+06 6.1252973781e+06 8.9461813822e-18 1.2064684682e-17 -7.4658384550e+02 -8.6324344942e+02 -5.2507903237e+11 4.7080632528e+07 6.4712727600e+07 3.7532286228e-01 2.1717138074e+02 -2.1067993200e+09
1.5749931249e+05 1.8427903754e-13 3.4653145342e-14 -1.8019501752e+06 6.1249839008e+06 8.9447073478e-18 1.2069695550e-17 -6.9504140349e+02 -8.0820456743e+02 -5.2580445798e+11 4.7509940351e+07 6.5210483002e+07 3.8898796296e-01 1.9541134680e+02 -1.7705608017e+09
1.5749970148e+05 1.8428251663e-13 3.4657841318e-14 -1.8022110342e+06 6.1246796394e+06 8.9431792613e-18 1.2074889137e-17 -6.4703293675e+02 -7.5711060396e+02 -5.2643633720e+11 4.7908886586e+07 6.5675797792e+07 4.0342316454e-01 1.7579844309e+02 -1.4881986597e+09
1.5750010490e+05 1.8428612420e-13 3.4662713695e-14 -1.8024628775e+06 6.1243839480e+06 8.9415940823e-18 1.2080275737e-17 -6.0229757406e+02 -7.0967976758e+02 -5.2698721224e+11 4.8279670480e+07 6.6111128677e+07 4.1863429320e-01 1.5813843020e+02 -1.2511734234e+09
1.5750052354e+05 1.8428986711e-13 3.4667772083e-14 -1.8027061349e+06 6.1240962389e+06 8.9399487457e-18 1.2085865725e-17 -5.6059592995e+02 -6.6565365472e+02 -5.2746788751e+11 4.8624308505e+07 6.6518734044e+07 4.3462646412e-01 1.4225186600e+02 -1.0522739540e+09
1.5750095816e+05 1.8429375228e-13 3.4673026181e-14 -1.8029411826e+06 6.1238159738e+06 8.9382401649e-18 1.2091669545e-17 -5.2170783759e+02 -6.2479475460e+02 -5.2788768369e+11 4.8944653645e+07 6.6900695106e+07 4.5140335608e-01 1.2797346719e+02 -8.8541604838e+08
1.5750140957e+05 1.8429778663e-13 3.4678485762e-14 -1.8031683489e+06 6.1235426571e+06 8.9364652372e-18 1.2097697691e-17 -4.8543041000e+02 -5.8688430544e+02 -5.2825465143e+11 4.9242411911e+07 6.7258934012e+07 4.6896654094e-01 1.1515139941e+02 -7.4547064459e+08
1.5750187853e+05 1.8430197710e-13 3.4684160646e-14 -1.8033879194e+06 6.1232758295e+06 8.9346208524e-18 1.2103960680e-17 -4.5157636466e+02 -5.5172043089e+02 -5.2857575197e+11 4.9519156631e+07 6.7595229518e+07 4.8731487969e-01 1.0364652248e+02 -6.2811740448e+08
1.5750236585e+05 1.8430633060e-13 3.4690060672e-14 -1.8036001414e+06 6.1230150634e+06 8.9327039036e-18 1.2110469016e-17 -4.1997256209e+02 -5.1911650289e+02 -5.2885701035e+11 4.9776340935e+07 6.7911230689e+07 5.0644389033e-01 9.3331612555e+01 -5.2972005273e+08
1.5750287229e+05 1.8431085401e-13 3.4696195658e-14 -1.8038052274e+06 6.1227599580e+06 8.9307113002e-18 1.2117233144e-17 -3.9045872729e+02 -4.8889969621e+02 -5.2910364575e+11 5.0015308703e+07 6.8208468918e+07 5.2634531360e-01 8.4090580420e+01 -4.4722037547e+08
1.5750339864e+05 1.8431555411e-13 3.4702575357e-14 -1.8040033586e+06 6.1225101358e+06 8.9286399829e-18 1.2124263400e-17 -3.6288631622e+02 -4.6090969405e+02 -5.2932018280e+11 5.0237304290e+07 6.8488368624e+07 5.4700659044e-01 7.5817696398e+01 -3.7804816426e+08
1.5750394565e+05 1.8432043754e-13 3.4709209407e-14 -1.8041946875e+06 6.1222652391e+06 8.9264869410e-18 1.2131569953e-17 -3.3711751604e+02 -4.3499753158e+02 -5.2951054672e+11 5.0443481126e+07 6.8752256743e+07 5.6841057994e-01 6.8416835790e+01 -3.2004482394e+08
1.5750451406e+05 1.8432551082e-13 3.4716107277e-14 -1.8043793411e+06 6.1220249274e+06 8.9242492302e-18 1.2139162747e-17 -3.1302435270e+02 -4.1102454935e+02 -5.2967814496e+11 5.0634909405e+07 6.9001371256e+07 5.9053540877e-01 6.1800749537e+01 -2.7139862308e+08
1.5750510459e+05 1.8433078021e-13 3.4723278212e-14 -1.8045574227e+06 6.1217888744e+06 8.9219239913e-18 1.2147051433e-17 -2.9048789350e+02 -3.8886144344e+02 -5.2982593724e+11 5.0812582981e+07 6.9236868890e+07 6.1335443227e-01 5.5890366186e+01 -2.3058987889e+08
1.5750571795e+05 1.8433625178e-13 3.4730731173e-14 -1.8047290149e+06 6.1215567664e+06 8.9195084696e-18 1.2155245309e-17 -2.6939753619e+02 -3.6838740324e+02 -5.2995649583e+11 5.0977425523e+07 6.9459832057e+07 6.3683648665e-01 5.0614129475e+01 -1.9634460691e+08
1.5750635478e+05 1.8434193124e-13 3.4738474786e-14 -1.8048941814e+06 6.1213282996e+06 8.9170000323e-18 1.2163753257e-17 -2.4965037163e+02 -3.4948932436e+02 -5.3007205755e+11 5.1130296034e+07 6.9671275193e+07 6.6094635913e-01 4.5907372666e+01 -1.6759536222e+08
1.5750701573e+05 1.8434782404e-13 3.4746517292e-14 -1.8050529694e+06 6.1211031791e+06 8.9143961848e-18 1.2172583691e-17 -2.3115061416e+02 -3.3206109098e+02 -5.3017456848e+11 5.1271993795e+07 6.9872150532e+07 6.8564552898e-01 4.1711731064e+01 -1.4344819177e+08
1.5750770137e+05 1.8435393523e-13 3.4754866510e-14 -1.8052054118e+06 6.1208811169e+06 8.9116945838e-18 1.2181744513e-17 -2.1380909342e+02 -3.1600292258e+02 -5.3026572268e+11 5.1403262760e+07 7.0063353391e+07 7.1089324209e-01 3.7974592788e+01 -1.2315476998e+08
1.5750841227e+05 1.8436026950e-13 3.4763529806e-14 -1.8053515296e+06 6.1206618312e+06 8.9088930463e-18 1.2191243081e-17 -1.9754280105e+02 -3.0122077990e+02 -5.3034699564e+11 5.1524795464e+07 7.0245727048e+07 7.3664788412e-01 3.4648586954e+01 -1.0608892446e+08
1.5750914892e+05 1.8436683115e-13 3.4772514085e-14 -1.8054913333e+06 6.1204450446e+06 8.9059895531e-18 1.2201086197e-17 -1.8227448833e+02 -2.8762582797e+02 -5.3041967318e+11 5.1637236460e+07 7.0420067232e+07 7.6286872224e-01 3.1691108284e+01 -9.1726877530e+07
1.5750991178e+05 1.8437362410e-13 3.4781825801e-14 -1.8056248259e+06 6.1202304838e+06 8.9029822453e-18 1.2211280124e-17 -1.6793230916e+02 -2.7513395295e+02 -5.3048487654e+11 5.1741185341e+07 7.0587126303e+07 7.8951798090e-01 2.9063876456e+01 -7.9630627684e+07
1.5751070130e+05 1.8438065194e-13 3.4791470991e-14 -1.8057520044e+06 6.1200178783e+06 8.8998694130e-18 1.2221830620e-17 -1.5444950431e+02 -2.6366533138e+02 -5.3054358407e+11 5.1837199348e+07 7.0747617149e+07 8.1656314567e-01 2.6732528497e+01 -6.9433982729e+07
1.5751151787e+05 1.8438791793e-13 3.4801455342e-14 -1.8058728619e+06 6.1198069604e+06 8.8966494744e-18 1.2232743011e-17 -1.4176412410e+02 -2.5314405153e+02 -5.3059665012e+11 5.1925795606e+07 7.0902216825e+07 8.4397970946e-01 2.4666242612e+01 -6.0830830836e+07
1.5751236184e+05 1.8439542512e-13 3.4811784289e-14 -1.8059873895e+06 6.1195974639e+06 8.8933209443e-18 1.2244022296e-17 -1.2981878237e+02 -2.4349778316e+02 -5.3064482136e+11 5.2007453029e+07 7.1051569998e+07 8.7175414638e-01 2.2837391048e+01 -5.3565295492e+07
1.5751323360e+05 1.8440317641e-13 3.4822463145e-14 -1.8060955780e+06 6.1193891237e+06 8.8898823911e-18 1.2255673298e-17 -1.1856043844e+02 -2.3465749554e+02 -5.3068875104e+11 5.2082613913e+07 7.1196292222e+07 8.9988720293e-01 2.1221220371e+01 -4.7423477899e+07
1.5751413349e+05 1.8441117470e-13 3.4833497280e-14 -1.8061974193e+06 6.1191816753e+06 8.8863323802e-18 1.2267700848e-17 -1.0794020158e+02 -2.2655722133e+02 -5.3072901134e+11 5.2151685261e+07 7.1336973084e+07 9.2839733314e-01 1.9795557301e+01 -4.2226534531e+07
1.5751506188e+05 1.8441942305e-13 3.4844892341e-14 -1.8062929080e+06 6.1189748538e+06 8.8826694041e-18 1.2280110030e-17 -9.7913154553e+01 -2.1913386542e+02 -5.3076610420e+11 5.2215039868e+07 7.1474179245e+07 9.5732449574e-01 1.8540538657e+01 -3.7824877807e+07
1.5751601921e+05 1.8442792484e-13 3.4856654516e-14 -1.8063820418e+06 6.1187683932e+06 8.8788917979e-18 1.2292906463e-17 -8.8438189558e+01 -2.1232705468e+02 -5.3080047066e+11 5.2273017206e+07 7.1608457432e+07 9.8673423953e-01 1.7438363692e+01 -3.4093319406e+07
1.5751700594e+05 1.8443668402e-13 3.4868790855e-14 -1.8064648230e+06 6.1185620245e+06 8.8749976376e-18 1.2306096644e-17 -7.9477851928e+01 -2.0607902543e+02 -5.3083249909e+11 5.2325924150e+07 7.1740337440e+07 1.0167219867e+00 1.6473067557e+01 -3.0927005175e+07
1.5751802266e+05 1.8444570539e-13 3.4881309644e-14 -1.8065412584e+06 6.1183554746e+06 8.8709846224e-18 1.2319688349e-17 -7.0998188382e+01 -2.0033454523e+02 -5.3086253237e+11 5.2374035564e+07 7.1870335184e+07 1.0474178326e+00 1.5630314879e+01 -2.8238014735e+07
1.5751907008e+05 1.8445499485e-13 3.4894220838e-14 -1.8066113591e+06 6.1181484638e+06 8.8668499374e-18 1.2333691097e-17 -6.2968594686e+01 -1.9504086290e+02 -5.3089087417e+11 5.2417594771e+07 7.1998955895e+07 1.0789919876e+00 1.4897212293e+01 -2.5952518185e+07
1.5752014907e+05 1.8446455981e-13 3.4907536575e-14 -1.8066751406e+06 6.1179407030e+06 8.8625900951e-18 1.2348116686e-17 -5.5361659343e+01 -1.9014768057e+02 -5.3091779450e+11 5.2456813944e+07 7.2126697562e+07 1.1116609918e+00 1.4262138992e+01 -2.4008400051e+07
1.5752126074e+05 1.8447440957e-13 3.4921271756e-14 -1.8067326214e+06 6.1177318902e+06 8.8582007521e-18 1.2362979813e-17 -4.8153001836e+01 -1.8560714113e+02 -5.3094353455e+11 5.2491874376e+07 7.2254054746e+07 1.1456953659e+00 1.3714594507e+01 -2.2353275320e+07
1.5752240643e+05 1.8448455577e-13 3.4935444740e-14 -1.8067838215e+06 6.1175217055e+06 8.8536764951e-18 1.2378298799e-17 -4.1321103184e+01 -1.8137382244e+02 -5.3096831107e+11 5.2522926652e+07 7.2381522939e+07 1.1814291144e+00 1.3245062793e+01 -2.0942834119e+07
1.5752358786e+05 1.8449501301e-13 3.4950078154e-14 -1.8068287610e+06 6.1173098059e+06 8.8490105902e-18 1.2394096436e-17 -3.4847129368e+01 -1.7740473012e+02 -5.3099232030e+11 5.2550090645e+07 7.2509603707e+07 1.2113024345e+00 1.2844891812e+01 -1.9739462291e+07
1.5752479916e+05 1.8450572894e-13 3.4965100964e-14 -1.8068672277e+06 6.1170972016e+06 8.8442261626e-18 1.2410294425e-17 -2.8753136978e+01 -1.7368274126e+02 -5.3101559234e+11 5.2573316979e+07 7.2637975008e+07 1.2082352048e+00 1.2508185775e+01 -1.8717210113e+07
1.5752600740e+05 1.8451641196e-13 3.4980105279e-14 -1.8068985492e+06 6.1168894457e+06 8.8394533277e-18 1.2426452301e-17 -2.3172532567e+01 -1.7026105794e+02 -5.3103767895e+11 5.2592248746e+07 7.2763554148e+07 1.1935592926e+00 1.2233833851e+01 -1.7868261400e+07
1.5752720096e+05 1.8452695956e-13 3.4994946513e-14 -1.8069231410e+06 6.1166881262e+06 8.8347379761e-18 1.2442414793e-17 -1.8105802729e+01 -1.6711790634e+02 -5.3105857359e+11 5.2607155870e+07 7.2885598939e+07 1.1656379877e+00 1.2012719393e+01 -1.7163950334e+07
1.5752720096e+05 1.8452695956e-13 3.4994946513e-14 -1.8069231410e+06 6.1166881262e+06 8.8347379761e-18 1.2442414793e-17 -1.8105802729e+01 -1.6711790634e+02 -5.3105857359e+11 5.2607155870e+07 7.2885598939e+07 1.1656379877e+00 1.2012719393e+01 -1.7163950334e+07
