0.0000000000e+00 0.0000000000e+00 0.0000000000e+00 3.1415900000e+08 0.0000000000e+00 0.0000000000e+00 0.0000000000e+00 -1.1784787160e+03 2.2624746700e+02 -4.6638893028e+09 -1.0017069086e+07 1.9231034695e+06 1.0000000000e+01 0.0000000000e+00 -0.0000000000e+00
1.0000000000e+01 2.8740014426e-22 6.8994349342e-28 3.1414721501e+08 2.2624746695e+03 5.7480747620e-23 2.0698693042e-28 -1.1785191013e+03 2.2624746685e+02 -4.6638893028e+09 -1.0017069086e+07 1.9231034695e+06 5.0000000000e+01 0.0000000000e+00 -0.0000000000e+00
6.0000000000e+01 1.0347699209e-20 1.4906973561e-25 3.1408828401e+08 1.3574847915e+04 3.4494919198e-22 7.4543258310e-27 -1.1787210732e+03 2.2624746176e+02 -4.6638893028e+09 -1.0017069086e+07 1.9231034695e+06 2.5000000000e+02 0.0000000000e+00 -0.0000000000e+00
3.1000000000e+02 2.7639898457e-19 2.0588860546e-23 3.1379347740e+08 7.0136700305e+04 1.7839114935e-21 1.9936307355e-25 -1.1797320712e+03 2.2624732693e+02 -4.6638893028e+09 -1.0017069086e+07 1.9231034695e+06 1.2500000000e+03 0.0000000000e+00 -0.0000000000e+00
1.5600000000e+03 7.0214354469e-18 2.6423495269e-21 3.1231564003e+08 3.5294419204e+05 9.0195303780e-21 5.0964304076e-24 -1.1848157319e+03 2.2624388631e+02 -4.6638893028e+09 -1.0017069086e+07 1.9231034695e+06 3.6000000000e+03 0.0000000000e+00 -0.0000000000e+00
5.1600000000e+03 7.7526368372e-17 9.7615070430e-20 3.0802358071e+08 1.1673683465e+06 3.0247725681e-20 5.7317221366e-23 -1.1997304122e+03 2.2620719659e+02 -4.6638893027e+09 -1.0017069086e+07 1.9231034695e+06 3.6000000000e+03 0.0000000000e+00 -0.0000000000e+00
8.7600000000e+03 2.2552875914e-16 4.8775746151e-19 3.0367707259e+08 1.9815851183e+06 5.2079088990e-20 1.6991412950e-22 -1.2150688712e+03 2.2612808733e+02 -4.6638893026e+09 -1.0017069086e+07 1.9231034695e+06 3.6000000000e+03 0.0000000000e+00 -0.0000000000e+00
1.2360000000e+04 4.5326005386e-16 1.3997468750e-18 2.9927454789e+08 2.7954352464e+06 7.4547417825e-20 3.4815512739e-22 -1.2308548547e+03 2.2600285730e+02 -4.6638893025e+09 -1.0017069086e+07 1.9231034695e+06 3.6000000000e+03 0.0000000000e+00 -0.0000000000e+00
1.5960000000e+04 7.6307830381e-16 3.0802198193e-18 2.9481434985e+08 3.6087454471e+06 9.7689298960e-20 5.9787220699e-22 -1.2471140682e+03 2.2582740902e+02 -4.6638893023e+09 -1.0017069086e+07 1.9231034695e+06 3.6000000000e+03 0.0000000000e+00 -0.0000000000e+00
1.9560000000e+04 1.1574787492e-15 5.7979334650e-18 2.9029472536e+08 4.4213268947e+06 1.2154441639e-19 9.2553600647e-22 -1.2638743930e+03 2.2559719629e+02 -4.6638893022e+09 -1.0017069086e+07 1.9231034695e+06 3.6000000000e+03 0.0000000000e+00 -0.0000000000e+00
2.3160000000e+04 1.6391055869e-15 9.8462167498e-18 2.8571381664e+08 5.2329734997e+06 1.4615590233e-19 1.3383424161e-21 -1.2811661335e+03 2.2530716336e+02 -4.6638893020e+09 -1.0017069086e+07 1.9231034695e+06 3.6000000000e+03 0.0000000000e+00 -0.0000000000e+00
2.6760000000e+04 2.2107650904e-15 1.5545758188e-17 2.8106965202e+08 6.0434599501e+06 1.7157073850e-19 1.8443134506e-21 -1.2990222984e+03 2.2495167407e+02 -4.6638893018e+09 -1.0017069086e+07 1.9231034695e+06 3.6000000000e+03 0.0000000000e+00 -0.0000000000e+00
3.0360000000e+04 2.8754402770e-15 2.3247786609e-17 2.7636013567e+08 6.8525394768e+06 1.9784021662e-19 2.4524151862e-21 -1.3174789247e+03 2.2452442894e+02 -4.6638893015e+09 -1.0017069086e+07 1.9231034695e+06 3.6000000000e+03 0.0000000000e+00 -0.0000000000e+00
3.3960000000e+04 3.6363073563e-15 3.3337712233e-17 2.7158303604e+08 7.6599412949e+06 2.2502046865e-19 3.1726962027e-21 -1.3365754500e+03 2.2401836797e+02 -4.6638893012e+09 -1.0017069086e+07 1.9231034695e+06 3.6000000000e+03 0.0000000000e+00 -0.0000000000e+00
3.7560000000e+04 4.4967542309e-15 4.6239309296e-17 2.6673597281e+08 8.4653676658e+06 2.5317307986e-19 4.0164507865e-21 -1.3563551434e+03 2.2342555593e+02 -4.6638893009e+09 -1.0017069086e+07 1.9231034695e+06 3.6000000000e+03 0.0000000000e+00 -0.0000000000e+00
4.1160000000e+04 5.4604013771e-15 6.2419538515e-17 2.6181640228e+08 9.2684905083e+06 2.8236580031e-19 4.9964121829e-21 -1.3768656053e+03 2.2273704658e+02 -4.6638893005e+09 -1.0017069086e+07 1.9231034695e+06 3.6000000000e+03 0.0000000000e+00 -0.0000000000e+00
4.4760000000e+04 6.5311254927e-15 8.2394129061e-17 2.5682160074e+08 1.0068947477e+07 3.1267337444e-19 6.1269825181e-21 -1.3981593504e+03 2.2194272116e+02 -4.6638893000e+09 -1.0017069086e+07 1.9231034695e+06 3.6000000000e+03 0.0000000000e+00 -0.0000000000e+00
4.8360000000e+04 7.7130863784e-15 1.0673406644e-16 2.5174864555e+08 1.0866337405e+07 3.4417851250e-19 7.4245077221e-21 -1.4202944897e+03 2.2103109522e+02 -4.6638892994e+09 -1.0017069086e+07 1.9231034695e+06 3.6000000000e+03 0.0000000000e+00 -0.0000000000e+00
5.1960000000e+04 9.0107576161e-15 1.3607316657e-16 2.4659439362e+08 1.1660214979e+07 3.7697303370e-19 8.9076080163e-21 -1.4433355345e+03 2.1998908640e+02 -4.6638892986e+09 -1.0017069086e+07 1.9231034695e+06 3.6000000000e+03 0.0000000000e+00 -0.0000000000e+00
5.5560000000e+04 1.0428961726e-14 1.7111695928e-16 2.4135545672e+08 1.2450084504e+07 4.1115921846e-19 1.0597577453e-20 -1.4673543457e+03 2.1880173376e+02 -4.6638892978e+09 -1.0017069086e+07 1.9231034695e+06 3.6000000000e+03 0.0000000000e+00 -0.0000000000e+00
5.9160000000e+04 1.1972910635e-14 2.1265315989e-16 2.3602817301e+08 1.3235392539e+07 4.4685141666e-19 1.2518869854e-20 -1.4924312643e+03 2.1745185632e+02 -4.6638892967e+09 -1.0017069086e+07 1.9231034695e+06 3.6000000000e+03 0.0000000000e+00 -0.0000000000e+00
6.2760000000e+04 1.3648252489e-14 2.6156407841e-16 2.3060857415e+08 1.4015519185e+07 4.8417797166e-19 1.4699693665e-20 -1.5186564627e+03 2.1591963517e+02 -4.6638892954e+09 -1.0017069086e+07 1.9231034695e+06 3.6000000000e+03 0.0000000000e+00 -0.0000000000e+00
6.6360000000e+04 1.5461126064e-14 3.1884140923e-16 2.2509234713e+08 1.4789767687e+07 5.2328353656e-19 1.7172745169e-20 -1.5461315725e+03 2.1418209828e+02 -4.6638892938e+09 -1.0017069086e+07 1.9231034695e+06 3.6000000000e+03 0.0000000000e+00 -0.0000000000e+00
6.9960000000e+04 1.7418224371e-14 3.8560396608e-16 2.1947478951e+08 1.5557351981e+07 5.6433188139e-19 1.9976118955e-20 -1.5749716567e+03 2.1221248084e+02 -4.6638892918e+09 -1.0017069086e+07 1.9231034695e+06 3.6000000000e+03 0.0000000000e+00 -0.0000000000e+00
7.3560000000e+04 1.9526869434e-14 4.6311908915e-16 2.1375075691e+08 1.6317381649e+07 6.0750931993e-19 2.3154447557e-20 -1.6053076170e+03 2.0997942455e+02 -4.6638892892e+09 -1.0017069086e+07 1.9231034695e+06 3.6000000000e+03 0.0000000000e+00 -0.0000000000e+00
7.7160000000e+04 2.1795100774e-14 5.5282866909e-16 2.0791460088e+08 1.7068843635e+07 6.5302892560e-19 2.6760340223e-20 -1.6372891564e+03 2.0744596679e+02 -4.6638892860e+09 -1.0017069086e+07 1.9231034695e+06 3.6000000000e+03 0.0000000000e+00 -0.0000000000e+00
8.0760000000e+04 2.4231780808e-14 6.5638102752e-16 2.0196009478e+08 1.7810579847e+07 7.0113576209e-19 3.0856216333e-20 -1.6710884538e+03 2.0456825242e+02 -4.6638892818e+09 -1.0017069086e+07 1.9231034695e+06 3.6000000000e+03 0.0000000000e+00 -0.0000000000e+00
8.4360000000e+04 2.6846721358e-14 7.7567029917e-16 1.9588034494e+08 1.8541259489e+07 7.5211343203e-19 3.5516665383e-20 -1.7069047650e+03 2.0129387574e+02 -4.6638892764e+09 -1.0017069086e+07 1.9231034695e+06 3.6000000000e+03 0.0000000000e+00 -0.0000000000e+00
8.7960000000e+04 2.9650836695e-14 9.1288552520e-16 1.8966768311e+08 1.9259344567e+07 8.0629235814e-19 4.0831518380e-20 -1.7449702410e+03 1.9755972256e+02 -4.6638892693e+09 -1.0017069086e+07 1.9231034695e+06 3.6000000000e+03 0.0000000000e+00 -0.0000000000e+00
9.1560000000e+04 3.2656330353e-14 1.0705724632e-15 1.8331353525e+08 1.9963046461e+07 8.6406036897e-19 4.6909893444e-20 -1.7855573658e+03 1.9328912775e+02 -4.6638892597e+09 -1.0017069086e+07 1.9231034695e+06 3.6000000000e+03 0.0000000000e+00 -0.0000000000e+00
9.5160000000e+04 3.5876925356e-14 1.2517122620e-15 1.7680825971e+08 2.0650270650e+07 9.2587639290e-19 5.3885595465e-20 -1.8289885770e+03 1.8838808157e+02 -4.6638892468e+09 -1.0017069086e+07 1.9231034695e+06 3.6000000000e+03 0.0000000000e+00 -0.0000000000e+00
9.8760000000e+04 3.9328150994e-14 1.4598228162e-15 1.7014094580e+08 2.1318545505e+07 9.9228840656e-19 6.1924428815e-20 -1.8756488765e+03 1.8274009184e+02 -4.6638892289e+09 -1.0017069086e+07 1.9231034695e+06 3.6000000000e+03 0.0000000000e+00 -0.0000000000e+00
1.0236000000e+05 4.3027704268e-14 1.6990910932e-15 1.6329915982e+08 2.1964929309e+07 1.0639573040e-18 7.1234262271e-20 -1.9260026006e+03 1.7619911238e+02 -4.6638892037e+09 -1.0017069086e+07 1.9231034695e+06 3.6000000000e+03 0.0000000000e+00 -0.0000000000e+00
1.0596000000e+05 4.6995911466e-14 1.9745484886e-15 1.5626862075e+08 2.2585887065e+07 1.1416891569e-18 8.2079134019e-20 -1.9806160860e+03 1.6857963308e+02 -4.6638891674e+09 -1.0017069086e+07 1.9231034695e+06 3.6000000000e+03 0.0000000000e+00 -0.0000000000e+00
1.0956000000e+05 5.1256326353e-14 2.2923071207e-15 1.4903278000e+08 2.3177124470e+07 1.2264796139e-18 9.4799422760e-20 -2.0401888636e+03 1.5964250786e+02 -4.6638891138e+09 -1.0017069086e+07 1.9231034695e+06 3.6000000000e+03 0.0000000000e+00 -0.0000000000e+00
1.1316000000e+05 5.5836518361e-14 2.6598843143e-15 1.4157226760e+08 2.3733359939e+07 1.3195762700e-18 1.0984136196e-19 -2.1055974789e+03 1.4907421834e+02 -4.6638890324e+09 -1.0017069086e+07 1.9231034695e+06 3.3301016703e+03 0.0000000000e+00 -0.0000000000e+00
1.1615433024e+05 5.9913022781e-14 3.0102441148e-15 1.3517940910e+08 2.4164660897e+07 1.4044673900e-18 1.2454411563e-19 -2.1652409810e+03 1.3874423658e+02 -4.6638889836e+09 -1.0017069086e+07 1.9231034695e+06 3.0137073273e+03 0.0000000000e+00 -0.0000000000e+00
1.1916803757e+05 6.4284385827e-14 3.4109436481e-15 1.2855655091e+08 2.4564977768e+07 1.4979825182e-18 1.4183643836e-19 -2.2309436100e+03 1.2659485408e+02 -4.6638889083e+09 -1.0017069086e+07 1.9231034695e+06 2.7216040969e+03 0.0000000000e+00 -0.0000000000e+00
1.2161389837e+05 6.8048195988e-14 3.7773183058e-15 1.2302974727e+08 2.4860937056e+07 1.5808427453e-18 1.5812444727e-19 -2.2891602307e+03 1.1515109064e+02 -4.6638888691e+09 -1.0017069086e+07 1.9231034695e+06 2.4624473604e+03 0.0000000000e+00 -0.0000000000e+00
1.2407634573e+05 7.2051094555e-14 4.1893921252e-15 1.1731541602e+08 2.5128541316e+07 1.6716415068e-18 1.7702213645e-19 -2.3529543723e+03 1.0187379654e+02 -4.6638888100e+09 -1.0017069086e+07 1.9231034695e+06 2.2226016685e+03 0.0000000000e+00 -0.0000000000e+00
1.2607052900e+05 7.5463225118e-14 4.5595151399e-15 1.1256799069e+08 2.5319676154e+07 1.7514509505e-18 1.9454478711e-19 -2.4090275485e+03 8.9562588338e+01 -4.6638887805e+09 -1.0017069086e+07 1.9231034695e+06 2.0090726088e+03 0.0000000000e+00 -0.0000000000e+00
1.2787736679e+05 7.8697330257e-14 4.9269048638e-15 1.0816642659e+08 2.5470344929e+07 1.8293460098e-18 2.1247581566e-19 -2.4637557007e+03 7.6964458636e+01 -4.6638887553e+09 -1.0017069086e+07 1.9231034695e+06 1.8208229844e+03 0.0000000000e+00 -0.0000000000e+00
1.2950876024e+05 8.1742602545e-14 5.2880817067e-15 1.0410429166e+08 2.5585684963e+07 1.9048680226e-18 2.3064759610e-19 -2.5168165784e+03 6.4197179485e+01 -4.6638887347e+09 -1.0017069086e+07 1.9231034695e+06 1.6455852660e+03 0.0000000000e+00 -0.0000000000e+00
1.3097407387e+05 8.4586427507e-14 5.6391526926e-15 1.0037941277e+08 2.5670550116e+07 1.9774521348e-18 2.4884781701e-19 -2.5678133218e+03 5.1409918388e+01 -4.6638887184e+09 -1.0017069086e+07 1.9231034695e+06 1.4803885987e+03 0.0000000000e+00 -0.0000000000e+00
1.3227852590e+05 8.7210374224e-14 5.9752716290e-15 9.6998589720e+07 2.5729525874e+07 2.0463179025e-18 2.6678669035e-19 -2.6161976000e+03 3.8806277029e+01 -4.6638887063e+09 -1.0017069086e+07 1.9231034695e+06 1.3216368597e+03 0.0000000000e+00 -0.0000000000e+00
1.3342082127e+05 8.9584066446e-14 6.2897279503e-15 9.3984690712e+07 2.5767033995e+07 2.1102878244e-18 2.8403965876e-19 -2.6611421145e+03 2.6684544397e+01 -4.6638886982e+09 -1.0017069086e+07 1.9231034695e+06 1.1643536073e+03 0.0000000000e+00 -0.0000000000e+00
1.3438584808e+05 9.1647820136e-14 6.5713822237e-15 9.1397458092e+07 2.5787481888e+07 2.1672745670e-18 2.9989053274e-19 -2.7011803294e+03 1.5547906821e+01 -4.6638886938e+09 -1.0017069086e+07 1.9231034695e+06 1.0006399443e+03 0.0000000000e+00 -0.0000000000e+00
1.3510518085e+05 9.3222674803e-14 6.7916119378e-15 8.9443265364e+07 2.5795498300e+07 2.2116626000e-18 3.1255315390e-19 -2.7323668392e+03 6.6512981692e+00 -4.6638886926e+09 -1.0017069086e+07 1.9231034695e+06 8.2370134493e+02 0.0000000000e+00 -0.0000000000e+00
1.3583984061e+05 9.4864697579e-14 7.0262317092e-15 8.7423818598e+07 2.5796872117e+07 2.2588125108e-18 3.2630850356e-19 -2.7654938118e+03 -3.0130486768e+00 -4.6638886910e+09 -1.0017069086e+07 1.9231034695e+06 6.9840933743e+02 0.0000000000e+00 -0.0000000000e+00
1.3653824994e+05 9.6458455643e-14 7.2589393277e-15 8.5481002393e+07 2.5791387826e+07 2.3054599945e-18 3.4022794849e-19 -2.7982677851e+03 -1.2792686929e+01 -4.6638886895e+09 -1.0017069086e+07 1.9231034695e+06 8.6197162024e+02 0.0000000000e+00 -0.0000000000e+00
1.3740022156e+05 9.8471431806e-14 7.5600445486e-15 8.3050893814e+07 2.5774853736e+07 2.3656783147e-18 3.5865657275e-19 -2.8405764684e+03 -2.5740421526e+01 -4.6638886842e+09 -1.0017069086e+07 1.9231034695e+06 9.4442170823e+02 0.0000000000e+00 -0.0000000000e+00
1.3834464327e+05 1.0073819833e-13 7.9089837009e-15 8.0345309438e+07 2.5743366212e+07 2.4353170519e-18 3.8061870403e-19 -2.8895038259e+03 -4.1170756584e+01 -4.6638886737e+09 -1.0017069086e+07 1.9231034695e+06 9.8470103018e+02 0.0000000000e+00 -0.0000000000e+00
1.3932934430e+05 1.0317382719e-13 8.2959566911e-15 7.7473616053e+07 2.5694269655e+07 2.5124315564e-18 4.0575966444e-19 -2.9436835695e+03 -5.8834499589e+01 -4.6638886567e+09 -1.0017069086e+07 1.9231034695e+06 9.9952424355e+02 0.0000000000e+00 -0.0000000000e+00
1.4032886855e+05 1.0572634032e-13 8.7153807714e-15 7.4502332312e+07 2.5625727059e+07 2.5959575734e-18 4.3397423679e-19 -3.0023679664e+03 -7.8657726192e+01 -4.6638886322e+09 -1.0017069086e+07 1.9231034695e+06 9.9740334146e+02 0.0000000000e+00 -0.0000000000e+00
1.4132627189e+05 1.0835955754e-13 9.1635559372e-15 7.1476846260e+07 2.5536504440e+07 2.6852358063e-18 4.6527521540e-19 -3.0650938025e+03 -1.0064942552e+02 -4.6638885994e+09 -1.0017069086e+07 1.9231034695e+06 9.8344921935e+02 0.0000000000e+00 -0.0000000000e+00
1.4230972111e+05 1.1104629423e-13 9.6377614782e-15 6.8430202700e+07 2.5425836101e+07 2.7798254673e-18 4.9974347310e-19 -3.1315513855e+03 -1.2486641786e+02 -4.6638885574e+09 -1.0017069086e+07 1.9231034695e+06 9.6106214924e+02 0.0000000000e+00 -0.0000000000e+00
1.4327078326e+05 1.1376513144e-13 1.0135840953e-14 6.5387388371e+07 2.5293329198e+07 2.8794166745e-18 5.3750561190e-19 -3.2015229960e+03 -1.5139765232e+02 -4.6638885052e+09 -1.0017069086e+07 1.9231034695e+06 9.3265540995e+02 0.0000000000e+00 -0.0000000000e+00
1.4420343867e+05 1.1649867224e-13 1.0655987835e-14 6.2367720217e+07 2.5138891042e+07 2.9837835779e-18 5.7872286772e-19 -3.2748499545e+03 -1.8035641135e+02 -4.6638884419e+09 -1.0017069086e+07 1.9231034695e+06 9.0001450372e+02 0.0000000000e+00 -0.0000000000e+00
1.4510345317e+05 1.1923250782e-13 1.1196625844e-14 5.9386311565e+07 2.4962671139e+07 3.0927567682e-18 6.2358531823e-19 -3.3514132360e+03 -2.1187624129e+02 -4.6638883666e+09 -1.0017069086e+07 1.9231034695e+06 8.6449631654e+02 0.0000000000e+00 -0.0000000000e+00
1.4596794949e+05 1.2195455827e-13 1.1756338592e-14 5.6455040431e+07 2.4765013650e+07 3.2062057697e-18 6.7230887902e-19 -3.4311211697e+03 -2.4610884188e+02 -4.6638882784e+09 -1.0017069086e+07 1.9231034695e+06 8.2714945886e+02 0.0000000000e+00 -0.0000000000e+00
1.4679509894e+05 1.2465462634e-13 1.2333826867e-14 5.3583226336e+07 2.4546417651e+07 3.3240272048e-18 7.2513390485e-19 -3.5139011239e+03 -2.8322308356e+02 -4.6638881764e+09 -1.0017069086e+07 1.9231034695e+06 7.8879213998e+02 0.0000000000e+00 -0.0000000000e+00
1.4758389108e+05 1.2732407960e-13 1.2927882285e-14 5.0778125133e+07 2.4307503527e+07 3.4461363243e-18 7.8232479328e-19 -3.5996935547e+03 -3.2340472894e+02 -4.6638880594e+09 -1.0017069086e+07 1.9231034695e+06 7.5006544386e+02 0.0000000000e+00 -0.0000000000e+00
1.4833395653e+05 1.2995561388e-13 1.3537371026e-14 4.8045303950e+07 2.4048984315e+07 3.5724606060e-18 8.4417026560e-19 -3.6884475088e+03 -3.6685663020e+02 -4.6638879266e+09 -1.0017069086e+07 1.9231034695e+06 7.1147145627e+02 0.0000000000e+00 -0.0000000000e+00
1.4904542798e+05 1.3254307024e-13 1.4161224010e-14 4.5388933581e+07 2.3771641163e+07 3.7029346530e-18 9.1098414442e-19 -3.7801170392e+03 -4.1379927541e+02 -4.6638877769e+09 -1.0017069086e+07 1.9231034695e+06 6.7340155595e+02 0.0000000000e+00 -0.0000000000e+00
1.4971882954e+05 1.3508128864e-13 1.4798431266e-14 4.2812021797e+07 2.3476302237e+07 3.8374959034e-18 9.8310652548e-19 -3.8746581907e+03 -4.6447161184e+02 -4.6638876092e+09 -1.0017069086e+07 1.9231034695e+06 6.3615803374e+02 0.0000000000e+00 -0.0000000000e+00
1.5035498757e+05 1.3756598741e-13 1.5448039097e-14 4.0316602966e+07 2.3163824562e+07 3.9760808307e-18 1.0609052893e-18 -3.9720263302e+03 -5.1913210801e+02 -4.6638874223e+09 -1.0017069086e+07 1.9231034695e+06 5.9997099170e+02 0.0000000000e+00 -0.0000000000e+00
1.5095495857e+05 1.3999366182e-13 1.6109149136e-14 3.7903894446e+07 2.2835078343e+07 4.1186214051e-18 1.1447779263e-18 -4.0721736608e+03 -5.7806003605e+02 -4.6638872151e+09 -1.0017069086e+07 1.9231034695e+06 5.6501180290e+02 0.0000000000e+00 -0.0000000000e+00
1.5151997037e+05 1.4236149681e-13 1.6780918714e-14 3.5574427057e+07 2.2490933430e+07 4.2650416469e-18 1.2351536709e-18 -4.1750468001e+03 -6.4155697098e+02 -4.6638869864e+09 -1.0017069086e+07 1.9231034695e+06 5.3140397663e+02 0.0000000000e+00 -0.0000000000e+00
1.5205137435e+05 1.4466729096e-13 1.7462562152e-14 3.3328154933e+07 2.2132247573e+07 4.4152541317e-18 1.3324959536e-18 -4.2805843248e+03 -7.0994851354e+02 -4.6638867349e+09 -1.0017069086e+07 1.9231034695e+06 4.9923203208e+02 0.0000000000e+00 -0.0000000000e+00
1.5255060638e+05 1.4690938939e-13 1.8153352753e-14 3.1164548630e+07 2.1759856207e+07 4.5691563275e-18 1.4373051938e-18 -4.3887141969e+03 -7.8358625266e+02 -4.6638864595e+09 -1.0017069086e+07 1.9231034695e+06 4.6854880024e+02 0.0000000000e+00 -0.0000000000e+00
1.5301915518e+05 1.4908662394e-13 1.8852625351e-14 2.9082674464e+07 2.1374563485e+07 4.7266266474e-18 1.5501219692e-18 -4.4993509911e+03 -8.6284999184e+02 -4.6638861588e+09 -1.0017069086e+07 1.9231034695e+06 4.3938147390e+02 0.0000000000e+00 -0.0000000000e+00
1.5345853665e+05 1.5119825967e-13 1.9559779359e-14 2.7081262328e+07 2.0977134344e+07 4.8875201024e-18 1.6715306077e-18 -4.6123928397e+03 -9.4815027292e+02 -4.6638858315e+09 -1.0017069086e+07 1.9231034695e+06 4.1173664061e+02 0.0000000000e+00 -0.0000000000e+00
1.5387027329e+05 1.5324394672e-13 2.0274282319e-14 2.5158763806e+07 2.0568287343e+07 5.0516634238e-18 1.8021632639e-18 -4.7277180062e+03 -1.0399312403e+03 -4.6638854764e+09 -1.0017069086e+07 1.9231034695e+06 3.8560448653e+02 0.0000000000e+00 -0.0000000000e+00
1.5425587778e+05 1.5522367694e-13 2.0995673997e-14 2.3313401962e+07 2.0148688075e+07 5.2188495121e-18 1.9427045590e-18 -4.8451809850e+03 -1.1386739008e+03 -4.6638850922e+09 -1.0017069086e+07 1.9231034695e+06 3.6096231607e+02 0.0000000000e+00 -0.0000000000e+00
1.5461684009e+05 1.5713774481e-13 2.1723571153e-14 2.1543213990e+07 1.9718942907e+07 5.3888310400e-18 2.0938968842e-18 -4.9646080067e+03 -1.2448998498e+03 -4.6638846777e+09 -1.0017069086e+07 1.9231034695e+06 3.3777750312e+02 0.0000000000e+00 -0.0000000000e+00
1.5495461760e+05 1.5898671224e-13 2.2457673109e-14 1.9846087627e+07 1.9279592813e+07 5.5613129977e-18 2.2565464921e-18 -5.0857918010e+03 -1.3591755507e+03 -4.6638842316e+09 -1.0017069086e+07 1.9231034695e+06 3.1600997549e+02 0.0000000000e+00 -0.0000000000e+00
1.5527062757e+05 1.6077137706e-13 2.3197768377e-14 1.8219792092e+07 1.8831107041e+07 5.7359439218e-18 2.4315305381e-18 -5.2084854338e+03 -1.4821172828e+03 -4.6638837529e+09 -1.0017069086e+07 1.9231034695e+06 2.9561431014e+02 0.0000000000e+00 -0.0000000000e+00
1.5556624188e+05 1.6249274485e-13 2.3943742626e-14 1.6662004159e+07 1.8373876299e+07 5.9123054745e-18 2.6198052787e-18 -5.3323949859e+03 -1.6143969006e+03 -4.6638832407e+09 -1.0017069086e+07 1.9231034695e+06 2.7654150916e+02 0.0000000000e+00 -0.0000000000e+00
1.5584278339e+05 1.6415200408e-13 2.4695588388e-14 1.5170329860e+07 1.7908205128e+07 6.0898999469e-18 2.8224156921e-18 -5.4571707728e+03 -1.7567485934e+03 -4.6638826941e+09 -1.0017069086e+07 1.9231034695e+06 2.5874051976e+02 0.0000000000e+00 -0.0000000000e+00
1.5610152391e+05 1.6575050437e-13 2.5453417068e-14 1.3742322167e+07 1.7434303000e+07 6.2681351245e-18 3.0405068724e-18 -5.5823967117e+03 -1.9099768909e+03 -4.6638821129e+09 -1.0017069086e+07 1.9231034695e+06 2.4215955153e+02 0.0000000000e+00 -0.0000000000e+00
1.5634368346e+05 1.6728973787e-13 2.6217473953e-14 1.2375494947e+07 1.6952273607e+07 6.4463057685e-18 3.2753376609e-18 -5.7075773100e+03 -2.0749662402e+03 -4.6638814968e+09 -1.0017069086e+07 1.9231034695e+06 2.2674724679e+02 0.0000000000e+00 -0.0000000000e+00
1.5657043071e+05 1.6877132381e-13 2.6988157246e-14 1.1067333291e+07 1.6462101582e+07 6.6235707026e-18 3.5282971356e-18 -5.8321215673e+03 -2.2526925911e+03 -4.6638808463e+09 -1.0017069086e+07 1.9231034695e+06 2.1245375653e+02 0.0000000000e+00 -0.0000000000e+00
1.5678288447e+05 1.7019699639e-13 2.7766042474e-14 9.8153002752e+06 1.5963635697e+07 6.7989241135e-18 3.8009248057e-18 -5.9553228108e+03 -2.4442375847e+03 -4.6638801624e+09 -1.0017069086e+07 1.9231034695e+06 1.9923178341e+02 0.0000000000e+00 -0.0000000000e+00
1.5698211625e+05 1.7156859621e-13 2.8551914212e-14 8.6168399641e+06 1.5456567146e+07 6.9711591108e-18 4.0949356773e-18 -6.0763330936e+03 -2.6508061642e+03 -4.6638794473e+09 -1.0017069086e+07 1.9231034695e+06 1.8703766165e+02 0.0000000000e+00 -0.0000000000e+00
1.5716915391e+05 1.7288806567e-13 2.9346807879e-14 7.4693763382e+06 1.4940401004e+07 7.1388207534e-18 4.4122518242e-18 -6.1941301912e+03 -2.8737487559e+03 -4.6638787040e+09 -1.0017069086e+07 1.9231034695e+06 1.7583256711e+02 0.0000000000e+00 -0.0000000000e+00
1.5734498648e+05 1.7415744915e-13 3.0152065623e-14 6.3703075046e+06 1.4414418060e+07 7.3001444518e-18 4.7550427860e-18 -6.3074743238e+03 -3.1145896528e+03 -4.6638779376e+09 -1.0017069086e+07 1.9231034695e+06 1.6558398123e+02 0.0000000000e+00 -0.0000000000e+00
1.5751057046e+05 1.7537889871e-13 3.0969412221e-14 5.3169942142e+06 1.3877622912e+07 7.4529736155e-18 5.1257781356e-18 -6.4148502962e+03 -3.3750639478e+03 -4.6638771550e+09 -1.0017069086e+07 1.9231034695e+06 1.5626759075e+02 0.0000000000e+00 -0.0000000000e+00
1.5766683805e+05 1.7655468694e-13 3.1801060003e-14 4.3067412066e+06 1.3328672111e+07 7.5946471133e-18 5.5272970904e-18 -6.5143884290e+03 -3.6571664417e+03 -4.6638763665e+09 -1.0017069086e+07 1.9231034695e+06 1.4786988740e+02 0.0000000000e+00 -0.0000000000e+00
1.5781470794e+05 1.7768722852e-13 3.2649856564e-14 3.3367693023e+06 1.2765772821e+07 7.7218416082e-18 5.9629023021e-18 -6.6037537847e+03 -3.9632175387e+03 -4.6638755863e+09 -1.0017069086e+07 1.9231034695e+06 1.4039185093e+02 0.0000000000e+00 -0.0000000000e+00
1.5795509979e+05 1.7877911255e-13 3.3519496750e-14 2.4041756171e+06 1.2186537158e+07 7.8303443764e-18 6.4364881584e-18 -6.6799865532e+03 -4.2959533897e+03 -4.6638748342e+09 -1.0017069086e+07 1.9231034695e+06 1.3086482140e+02 0.0000000000e+00 -0.0000000000e+00
1.5806456133e+05 1.7964024833e-13 3.4246452590e-14 1.6701536509e+06 1.1700551934e+07 7.9011801659e-18 6.8534426617e-18 -6.7297549455e+03 -4.5889007184e+03 -4.6638745781e+09 -1.0017069086e+07 1.9231034695e+06 1.1213619417e+02 0.0000000000e+00 -0.0000000000e+00
1.5815729679e+05 1.8037521776e-13 3.4899847253e-14 1.0444860198e+06 1.1262465692e+07 7.9471652339e-18 7.2442449179e-18 -6.7620635133e+03 -4.8634737859e+03 -4.6638744556e+09 -1.0017069086e+07 1.9231034695e+06 9.5771173721e+01 3.1635635339e-292 -2.2397994289e-284
1.5823182740e+05 1.8096851119e-13 3.5452345248e-14 5.3981229165e+05 1.0891149463e+07 7.9714825580e-18 7.5861674987e-18 -6.7791485791e+03 -5.1037045686e+03 -4.6638744128e+09 -1.0017069086e+07 1.9231034695e+06 7.9753416938e+01 7.8165235192e-268 -5.6378413942e-260
1.5825435758e+05 1.8114816497e-13 3.5624481681e-14 3.8703833021e+05 1.0775305826e+07 7.9761243653e-18 7.6947740197e-18 -6.7824098583e+03 -5.1800102325e+03 -4.6638744127e+09 -1.0017069086e+07 1.9231034695e+06 7.2458615794e+01 1.7135180251e-260 -1.2430066727e-252
1.5829281743e+05 1.8145502766e-13 3.5924076091e-14 1.2611609130e+05 1.0573515763e+07 7.9807003339e-18 7.8860783538e-18 -6.7856248800e+03 -5.3144184070e+03 -4.6638744110e+09 -1.0017069086e+07 1.9231034695e+06 5.6941336000e+01 5.2692623051e-248 -3.8603558558e-240
1.5834975877e+05 1.8190945574e-13 3.6381507009e-14 -2.6026387787e+05 1.0265013014e+07 7.9787038673e-18 8.1835642636e-18 -6.7842221861e+03 -5.5234285074e+03 -4.6638744003e+09 -1.0017069086e+07 1.9231034695e+06 6.4170153238e+01 1.2363710978e-229 -9.1937943745e-222
1.5841392892e+05 1.8242099528e-13 3.6917967870e-14 -6.9528870463e+05 9.9026202586e+06 7.9616673797e-18 8.5402778850e-18 -6.7722525503e+03 -5.7740513011e+03 -4.6638743830e+09 -1.0017069086e+07 1.9231034695e+06 7.5768684407e+01 3.8540081398e-209 -2.9154296712e-201
1.5848969760e+05 1.8302273214e-13 3.7581965264e-14 -1.2073537216e+06 9.4532459747e+06 7.9169584872e-18 8.9924100302e-18 -6.7408406084e+03 -6.0917140271e+03 -4.6638743518e+09 -1.0017069086e+07 1.9231034695e+06 8.2028326641e+01 2.6416980395e-185 -2.0401173327e-177
1.5857172593e+05 1.8366892695e-13 3.8341011711e-14 -1.7580312314e+06 8.9385075718e+06 7.8312362445e-18 9.5215209599e-18 -6.6806131692e+03 -6.4634611415e+03 -4.6638743166e+09 -1.0017069086e+07 1.9231034695e+06 8.6056239488e+01 4.5582954675e-160 -3.6016015652e-152
1.5865778217e+05 1.8433715572e-13 3.9185905012e-14 -2.3289363528e+06 8.3643654848e+06 7.6887890591e-18 1.0122100445e-17 -6.5805314526e+03 -6.8854212220e+03 -4.6638742582e+09 -1.0017069086e+07 1.9231034695e+06 8.9757037591e+01 2.0541609939e-134 -1.6629790556e-126
1.5874753921e+05 1.8501798481e-13 4.0124374616e-14 -2.9130556187e+06 7.7253150843e+06 7.4679767541e-18 1.0797287270e-17 -6.4253913249e+03 -7.3597995422e+03 -4.6638740537e+09 -1.0017069086e+07 1.9231034695e+06 9.5425175615e+01 8.1257179029e-109 -6.7479813294e-101
1.5884296438e+05 1.8571550088e-13 4.1190938837e-14 -3.5155787438e+06 6.9975493148e+06 7.1317993114e-18 1.1564294770e-17 -6.1891970086e+03 -7.8986899881e+03 -4.6638731895e+09 -1.0017069086e+07 1.9231034695e+06 1.0633655315e+02 2.8132627223e-83 -2.3995741190e-75
1.5894930094e+05 1.8644740988e-13 4.2468100822e-14 -4.1551247607e+06 6.1242887050e+06 6.6046277886e-18 1.2462287553e-17 -5.8188124988e+03 -8.5296091526e+03 -4.6638691162e+09 -1.0017069086e+07 1.9231034695e+06 9.6053994391e+01 1.9375892673e-57 -1.7005340936e-49
1.5903376192e+05 1.8698273602e-13 4.3551290287e-14 -4.6307740823e+06 5.3823616144e+06 6.0501992174e-18 1.3186624465e-17 -5.4292775073e+03 -9.0385197453e+03 -4.6638662484e+09 -1.0017069086e+07 1.9231034695e+06 8.4501846169e+01 2.1760798671e-39 -1.9502543617e-31
1.5911826377e+05 1.8746586180e-13 4.4695687659e-14 -5.0697961960e+06 4.5974398130e+06 5.3614566486e-18 1.3893579887e-17 -4.9453750813e+03 -9.5352183079e+03 -4.6638615817e+09 -1.0017069086e+07 1.9231034695e+06 7.7435752013e+01 5.4313089305e-24 -4.9588764057e-16
1.5919569952e+05 1.8785262762e-13 4.5795297789e-14 -5.4327896961e+06 3.8423863154e+06 4.6086457397e-18 1.4497481346e-17 -4.4164589933e+03 -9.9595123681e+03 -4.6638575352e+09 -1.0017069086e+07 1.9231034695e+06 7.2850216950e+01 1.3405010086e-12 -1.2413834066e-04
1.5925397759e+05 1.8810284646e-13 4.6652318175e-14 -5.6772699795e+06 3.2534391406e+06 3.9683519390e-18 1.4906066655e-17 -3.9665960897e+03 -1.0246579568e+04 -4.6638595820e+09 -1.0017068983e+07 1.9231037347e+06 6.3264513427e+01 6.0992497687e-06 -5.6963445307e+02
1.5926604853e+05 1.8814990583e-13 4.6832723693e-14 -5.7245586875e+06 3.1294193676e+06 3.8283817471e-18 1.4984420647e-17 -3.8682545462e+03 -1.0301629809e+04 -4.6638947654e+09 -1.0017067849e+07 1.9231067259e+06 3.5361686844e+01 8.8224384816e-05 -8.2519439662e+03
1.5928041450e+05 1.8820368955e-13 4.7048640898e-14 -5.7792764713e+06 2.9809687802e+06 3.6587260547e-18 1.5074530845e-17 -3.7490537325e+03 -1.0364932734e+04 -4.6646366095e+09 -1.0017044728e+07 1.9231699672e+06 2.1621113804e+01 1.6816569588e-03 -1.5755117899e+05
1.5929222710e+05 1.8824607253e-13 4.7227134471e-14 -5.8229750116e+06 2.8582342317e+06 3.5168156306e-18 1.5145949589e-17 -3.6493240731e+03 -1.0415039917e+04 -4.6716778726e+09 -1.0016831676e+07 1.9237716476e+06 1.3951100291e+01 1.5679193076e-02 -1.4707862437e+06
1.5930170413e+05 1.8827885588e-13 4.7370937283e-14 -5.8571759857e+06 2.7593462366e+06 3.4014528478e-18 1.5201432372e-17 -3.5681457655e+03 -1.0453656542e+04 -4.7079069658e+09 -1.0015762600e+07 1.9268735184e+06 1.0132903391e+01 8.2878814143e-02 -7.7814625974e+06
1.5930947478e+05 1.8830491667e-13 4.7489234987e-14 -5.8846410404e+06 2.6779970340e+06 3.3058933258e-18 1.5245683046e-17 -3.5005869236e+03 -1.0483500156e+04 -4.8314379486e+09 -1.0012193909e+07 1.9374678243e+06 8.0194153415e+00 2.9827502335e-01 -2.8021834603e+07
1.5931608867e+05 1.8832651064e-13 4.7590190297e-14 -5.9076002558e+06 2.6085836155e+06 3.2238932956e-18 1.5282444138e-17 -3.4418884652e+03 -1.0506038837e+04 -5.1569229515e+09 -1.0002961193e+07 1.9654262786e+06 6.7257681853e+00 8.3479140188e-01 -7.8446606103e+07
1.5932190930e+05 1.8834506450e-13 4.7679236186e-14 -5.9274798285e+06 2.5473852625e+06 3.1512362411e-18 1.5314097028e-17 -3.3884568111e+03 -1.0520930936e+04 -5.8826960320e+09 -9.9827000625e+06 2.0278744973e+06 5.8764939623e+00 1.9698058827e+00 -1.8506638220e+08
1.5932718794e+05 1.8836152395e-13 4.7760148200e-14 -5.9452325516e+06 2.4918308519e+06 3.0849572028e-18 1.5342228063e-17 -3.3371942322e+03 -1.0525986858e+04 -7.3326393367e+09 -9.9427865583e+06 2.1528976995e+06 5.3069696052e+00 4.1246186980e+00 -3.8713624460e+08
1.5933249490e+05 1.8837771811e-13 4.7841642753e-14 -5.9627956869e+06 2.4359891727e+06 3.0179608440e-18 1.5369952410e-17 -3.2805720159e+03 -1.0515068806e+04 -1.0319584673e+10 -9.8615999750e+06 2.4112709375e+06 4.9433760512e+00 8.3304131891e+00 -7.7995126019e+08
1.5933743828e+05 1.8839248212e-13 4.7917684986e-14 -5.9788663931e+06 2.3840861853e+06 2.9552376152e-18 1.5395269342e-17 -3.2196280187e+03 -1.0478311642e+04 -1.5652469714e+10 -9.7181591208e+06 2.8748995568e+06 4.8718736532e+00 1.5414706985e+01 -1.4362697098e+09
1.5934231015e+05 1.8840672849e-13 4.7992748591e-14 -5.9943804406e+06 2.3332090742e+06 2.8931317204e-18 1.5419737662e-17 -3.1464685637e+03 -1.0398608604e+04 -2.5048597767e+10 -9.4672001572e+06 3.6985001844e+06 6.0086350718e+00 2.7107905094e+01 -2.5033036006e+09
1.5934632954e+05 1.8841825376e-13 4.8054766350e-14 -6.0068812268e+06 2.2916289623e+06 2.8416836422e-18 1.5439563361e-17 -3.0710406967e+03 -1.0281819121e+04 -3.7575847807e+10 -9.1333112111e+06 4.8096098692e+06 4.2095164747e+00 4.1645919817e+01 -3.7985502677e+09
1.5934972471e+05 1.8842782778e-13 4.8107214387e-14 -6.0171790494e+06 2.2569592130e+06 2.7980827910e-18 1.5456056755e-17 -2.9925336265e+03 -1.0132178259e+04 -5.2797827375e+10 -8.7263853978e+06 6.1800557369e+06 3.4409276247e+00 5.8097485662e+01 -5.2172309502e+09
1.5935276178e+05 1.8843626641e-13 4.8154177758e-14 -6.0261427275e+06 2.2264540451e+06 2.7589736813e-18 1.5470615677e-17 -2.9077951322e+03 -9.9474883940e+03 -7.0867930846e+10 -8.2396677988e+06 7.8368654768e+06 3.0534013265e+00 7.6208183531e+01 -6.7133368977e+09
1.5935581519e+05 1.8844463051e-13 4.8201437870e-14 -6.0348709055e+06 2.1964364333e+06 2.7195562341e-18 1.5485069952e-17 -2.8063351103e+03 -9.7038902431e+03 -9.3852551981e+10 -7.6126586082e+06 9.9937706880e+06 2.8099681248e+00 9.7309040003e+01 -8.3552504474e+09
1.5935862515e+05 1.8845222131e-13 4.8244968924e-14 -6.0426067396e+06 2.1695513899e+06 2.6831978636e-18 1.5498212976e-17 -2.6970339352e+03 -9.4219824027e+03 -1.1947713342e+11 -6.9007308081e+06 1.2468477469e+07 2.6533639332e+00 1.1851215012e+02 -9.8724601268e+09
1.5936127852e+05 1.8845929519e-13 4.8286107636e-14 -6.0496098389e+06 2.1449643341e+06 2.6487955452e-18 1.5510487294e-17 -2.5792738416e+03 -9.1019709460e+03 -1.4744831912e+11 -6.1052206574e+06 1.5261877080e+07 2.5658783491e+00 1.3902487799e+02 -1.1179423183e+10
1.5936384440e+05 1.8846604893e-13 4.8325920756e-14 -6.0560677435e+06 2.1220600957e+06 2.6154656542e-18 1.5522234972e-17 -2.4523473451e+03 -8.7430554555e+03 -1.7750851779e+11 -5.2253915468e+06 1.8382815884e+07 2.5302789847e+00 1.5809068557e+02 -1.2202077401e+10
1.5936637467e+05 1.8847262514e-13 4.8365210878e-14 -6.0621023732e+06 2.1004328392e+06 2.5825416373e-18 1.5533706601e-17 -2.3158573392e+03 -8.3448029216e+03 -2.0931357924e+11 -4.2618487249e+06 2.1836470990e+07 2.5326714989e+00 1.7490539408e+02 -1.2875071979e+10
1.5936890735e+05 1.8847912408e-13 4.8404567080e-14 -6.0677846692e+06 2.0798437947e+06 2.5495333720e-18 1.5545081548e-17 -2.1700046105e+03 -7.9082926553e+03 -2.4235647675e+11 -3.2192258912e+06 2.5614739435e+07 2.5553845558e+00 1.8862856449e+02 -1.3148389801e+10
1.5937146273e+05 1.8848559651e-13 4.8444305295e-14 -6.0731344427e+06 2.0602303792e+06 2.5161784932e-18 1.5556455001e-17 -2.0161948017e+03 -7.4382456238e+03 -2.7585506997e+11 -2.1110378530e+06 2.9678061466e+07 2.5667224344e+00 1.9845209862e+02 -1.2999916685e+10
1.5937402945e+05 1.8849201180e-13 4.8484248952e-14 -6.0781070255e+06 2.0417662463e+06 2.4826278311e-18 1.5567780331e-17 -1.8581401703e+03 -6.9467916809e+03 -3.0860171207e+11 -9.6793804024e+05 3.3923054850e+07 2.5261465522e+00 2.0377992265e+02 -1.2455756380e+10
1.5937655560e+05 1.8849824153e-13 4.8523589429e-14 -6.0826038292e+06 2.0248380390e+06 2.4495640638e-18 1.5578836398e-17 -1.7022720105e+03 -6.4551980918e+03 -3.3905167198e+11 1.5948449945e+05 3.8167627190e+07 2.4226383528e+00 2.0456796202e+02 -1.1608196921e+10
1.5937897824e+05 1.8850413749e-13 4.8561344080e-14 -6.0865489615e+06 2.0097690619e+06 2.4178174875e-18 1.5589361230e-17 -1.5552153687e+03 -5.9860494696e+03 -3.6597618664e+11 1.2198754020e+06 4.2218244771e+07 2.2945761675e+00 2.0152072099e+02 -1.0594068415e+10
1.5938127281e+05 1.8850965082e-13 4.8597126430e-14 -6.0899616174e+06 1.9965348709e+06 2.3877175833e-18 1.5599264216e-17 -1.4201514859e+03 -5.5512169339e+03 -3.8907918896e+11 2.1881617769e+06 4.5973461959e+07 2.1763669027e+00 1.9572603036e+02 -9.5328275532e+09
1.5938344918e+05 1.8851481628e-13 4.8631086323e-14 -6.0929176034e+06 1.9848900051e+06 2.3591420437e-18 1.5608602467e-17 -1.2972201865e+03 -5.1525716319e+03 -4.0870033492e+11 3.0624246993e+06 4.9417715065e+07 2.0814009409e+00 1.8816267578e+02 -8.4980933088e+09
1.5938553058e+05 1.8851969814e-13 4.8663583337e-14 -6.0955001019e+06 1.9745484717e+06 2.3317910971e-18 1.5617487178e-17 -1.1852466101e+03 -4.7873566650e+03 -4.2537107887e+11 3.8508602455e+06 5.2575101773e+07 2.0085682911e+00 1.7953989888e+02 -7.5265121867e+09
1.5938753915e+05 1.8852435518e-13 4.8694960703e-14 -6.0977769967e+06 1.9652724856e+06 2.3053779045e-18 1.5626021387e-17 -1.0829001220e+03 -4.4519892578e+03 -4.3958317429e+11 4.5630658086e+06 5.5476691032e+07 1.9534643337e+00 1.7034543192e+02 -6.6341523357e+09
1.5938949261e+05 1.8852883355e-13 4.8725493657e-14 -6.0997997821e+06 1.9568801501e+06 2.2796723009e-18 1.5634286836e-17 -9.8901461814e+02 -4.1431980097e+03 -4.5174300678e+11 5.2075787266e+06 5.8150777904e+07 1.9119854961e+00 1.6091556398e+02 -5.8262130854e+09
1.5939140460e+05 1.8853316819e-13 4.8755393896e-14 -6.1016073046e+06 1.9492336119e+06 2.2544972385e-18 1.5642346082e-17 -9.0262187758e+02 -3.8582049248e+03 -4.6217937898e+11 5.7915715491e+06 6.0621348942e+07 1.8809483717e+00 1.5148421183e+02 -5.1020257332e+09
1.5939328555e+05 1.8853738548e-13 4.8784823776e-14 -6.1032293163e+06 1.9422269886e+06 2.2297169656e-18 1.5650246983e-17 -8.2292020357e+02 -3.5946711159e+03 -4.7115938789e+11 6.3210479884e+06 6.2908570497e+07 1.8579794230e+00 1.4221427812e+02 -4.4577257671e+09
1.5939514353e+05 1.8854150549e-13 4.8813908844e-14 -6.1046890698e+06 1.9357773730e+06 2.2052265559e-18 1.5658026514e-17 -7.4923809802e+02 -3.3506090591e+03 -4.7890216380e+11 6.8010891586e+06 6.5029557339e+07 1.8413087000e+00 1.3321808164e+02 -3.8877742349e+09
1.5939698484e+05 1.8854554364e-13 4.8842747185e-14 -6.1060051123e+06 1.9298185552e+06 2.1809440885e-18 1.5665713575e-17 -6.8100488199e+02 -3.1243068595e+03 -4.8558931448e+11 7.2360565997e+06 6.6999033164e+07 1.8295992768e+00 1.2457119071e+02 -3.3858638861e+09
1.5939881444e+05 1.8854951182e-13 4.8871416134e-14 -6.1071925223e+06 1.9242966746e+06 2.1568050313e-18 1.5673330991e-17 -6.1772875825e+02 -2.9142702479e+03 -4.9137268395e+11 7.6297452015e+06 6.8829835573e+07 1.8218237127e+00 1.1632213267e+02 -2.9454706133e+09
1.5940063626e+05 1.8855341923e-13 4.8899977075e-14 -6.1082637731e+06 1.9191671758e+06 2.1327582233e-18 1.5680896936e-17 -5.5898072190e+02 -2.7191795369e+03 -4.9638015537e+11 7.9854959733e+06 7.0533290441e+07 1.8171788047e+00 1.0849941285e+02 -2.5601888227e+09
1.5940245344e+05 1.8855727303e-13 4.8928478912e-14 -6.1092293469e+06 1.9143926399e+06 2.1087629633e-18 1.5688425962e-17 -5.0438267755e+02 -2.5378576298e+03 -5.0072006495e+11 8.3062796573e+06 7.2119489991e+07 1.8150262049e+00 1.0111669926e+02 -2.2239299210e+09
1.5940426846e+05 1.8856107874e-13 4.8956960628e-14 -6.1100981787e+06 1.9099412115e+06 2.0847868675e-18 1.5695929751e-17 -4.5359855398e+02 -2.3692460245e+03 -5.0448462092e+11 8.5947594638e+06 7.3597501262e+07 1.8148511068e+00 9.4176715313e+01 -1.9310324326e+09
1.5940608332e+05 1.8856484055e-13 4.8985453201e-14 -6.1108779848e+06 1.9057854393e+06 2.0608042645e-18 1.5703417680e-17 -4.0632754228e+02 -2.2123865173e+03 -5.0775259919e+11 8.8533389584e+06 7.4975524989e+07 1.8162330234e+00 8.7674194384e+01 -1.6763145096e+09
1.5940789955e+05 1.8856856165e-13 4.9013981061e-14 -6.1115755081e+06 1.9019014057e+06 2.0367949687e-18 1.5710897252e-17 -3.6229885709e+02 -2.0664070081e+03 -5.1059150259e+11 9.0841992678e+06 7.6261018819e+07 1.8188248893e+00 8.1598137962e+01 -1.4550890763e+09
1.5940971837e+05 1.8857224435e-13 4.9042563234e-14 -6.1121967044e+06 1.8982680658e+06 2.0127433252e-18 1.5718374423e-17 -3.2126760356e+02 -1.9305102844e+03 -5.1305931405e+11 9.2893285077e+06 7.7460794635e+07 1.8223378607e+00 7.5933547370e+01 -1.2631551529e+09
1.5941154071e+05 1.8857589029e-13 4.9071214239e-14 -6.1127468867e+06 1.8948667367e+06 1.9886374522e-18 1.5725853869e-17 -2.8301146026e+02 -1.8039649995e+03 -5.1520593662e+11 9.4705454526e+06 7.8581096810e+07 1.8265299804e+00 7.0662752413e+01 -1.0967745408e+09
1.5941336724e+05 1.8857950052e-13 4.9099944821e-14 -6.1132308368e+06 1.8916807004e+06 1.9644686308e-18 1.5733339196e-17 -2.4732797623e+02 -1.6860982992e+03 -5.1707438755e+11 9.6295188650e+06 7.9627666133e+07 1.8311978842e+00 6.5766428631e+01 -9.5264011035e+08
1.5941519844e+05 1.8858307566e-13 4.9128762541e-14 -6.1136528933e+06 1.8886948906e+06 1.9402308012e-18 1.5740833109e-17 -2.1403233155e+02 -1.5762896852e+03 -5.1870179658e+11 9.7677835266e+06 8.0605793003e+07 1.8361703461e+00 6.1224371422e+01 -8.2783988486e+08
1.5941703461e+05 1.8858661594e-13 4.9157672283e-14 -6.1140170214e+06 1.8858956432e+06 1.9159201445e-18 1.5748337559e-17 -1.8295546048e+02 -1.4739658404e+03 -5.2012024591e+11 9.8867536891e+06 8.1520362260e+07 1.8413032341e+00 5.7016080436e+01 -7.1981975761e+08
1.5941887591e+05 1.8859012128e-13 4.9186676669e-14 -6.1143268691e+06 1.8832704969e+06 1.8915347286e-18 1.5755853859e-17 -1.5394246046e+02 -1.3785962110e+03 -5.2135748066e+11 9.9877344852e+06 8.2375891454e+07 1.8464757805e+00 5.3121195221e+01 -6.2634668004e+08
1.5942072239e+05 1.8859359137e-13 4.9215776424e-14 -6.1145858114e+06 1.8808080315e+06 1.8670742027e-18 1.5763382787e-17 -1.2685122616e+02 -1.2896891729e+03 -5.2243751284e+11 1.0071931716e+07 8.3176564037e+07 1.8515873744e+00 4.9519813563e+01 -5.4547346649e+08
1.5942257398e+05 1.8859702571e-13 4.9244970688e-14 -6.1147969875e+06 1.8784977364e+06 1.8425395342e-18 1.5770924675e-17 -1.0155127068e+02 -1.2067886864e+03 -5.2338113626e+11 1.0140460298e+07 8.3926258326e+07 1.8565550962e+00 4.6192718382e+01 -4.7550591722e+08
1.5942443053e+05 1.8860042364e-13 4.9274257293e-14 -6.1149633297e+06 1.8763299027e+06 1.8179327769e-18 1.5778479483e-17 -7.7922698861e+01 -1.1294713400e+03 -5.2420636713e+11 1.0194351603e+07 8.4628573081e+07 1.8613116543e+00 4.3121532760e+01 -4.1497260727e+08
1.5942629184e+05 1.8860378442e-13 4.9303633004e-14 -6.1150875884e+06 1.8742955343e+06 1.7932568659e-18 1.5786046867e-17 -5.5855308928e+01 -1.0573437222e+03 -5.2492882182e+11 1.0234559878e+07 8.5286850251e+07 1.8658039081e+00 4.0288819017e+01 -3.6259747843e+08
1.5942815765e+05 1.8860710721e-13 4.9333093744e-14 -6.1151723517e+06 1.8723862734e+06 1.7685154324e-18 1.5793626241e-17 -3.5247800195e+01 -9.9004006000e+02 -5.2556204163e+11 1.0261967861e+07 8.5904195399e+07 1.7709793784e+00 3.7678134078e+01 -3.1727521514e+08
1.5942961155e+05 1.8860966444e-13 4.9356060454e-14 -6.1152125379e+06 1.8709829633e+06 1.7492319439e-18 1.5799528342e-17 -2.0171068583e+01 -9.4081538235e+02 -5.2600037486e+11 1.0274959086e+07 8.6357852506e+07 1.5162143383e+00 3.5791427822e+01 -2.8628734634e+08
1.5943075833e+05 1.8861166171e-13 4.9374181762e-14 -6.1152291323e+06 1.8699253967e+06 1.7340194266e-18 1.5804181364e-17 -8.8517117657e+00 -9.0385590139e+02 -5.2631583941e+11 1.0280324466e+07 8.6699795942e+07 1.2653217985e+00 3.4388913103e+01 -2.6421495672e+08
1.5943165349e+05 1.8861320860e-13 4.9388330512e-14 -6.1152332300e+06 1.8691288042e+06 1.7221434398e-18 1.5807812044e-17 -3.5186418643e-01 -8.7609484859e+02 -5.2654514892e+11 1.0281649777e+07 8.6957447316e+07 8.3560328022e-01 3.3344111986e+01 -2.4830716034e+08
1.5943248909e+05 1.8861464300e-13 4.9401540988e-14 -6.1152302992e+06 1.8684072726e+06 1.7110563188e-18 1.5811200180e-17 7.3262312806e+00 -8.5100730698e+02 -5.2674677249e+11 1.0280701302e+07 8.7190925367e+07 1.1843899442e+00 3.2406783705e+01 -2.3442516920e+08
1.5943367348e+05 1.8861666025e-13 4.9420270457e-14 -6.1152153730e+06 1.8674197778e+06 1.6953394734e-18 1.5816000929e-17 1.7800031541e+01 -8.1676046104e+02 -5.2701348295e+11 1.0275867604e+07 8.7510693630e+07 1.3666280305e+00 3.1138519083e+01 -2.1622937651e+08
1.5943504011e+05 1.8861896475e-13 4.9441888831e-14 -6.1151831117e+06 1.8663295430e+06 1.6772016254e-18 1.5821538116e-17 2.9312889080e+01 -7.7906732731e+02 -5.2729576000e+11 1.0265407664e+07 8.7864153350e+07 1.4758196857e+00 2.9758965513e+01 -1.9720546324e+08
1.5943651593e+05 1.8862142554e-13 4.9465242980e-14 -6.1151310799e+06 1.8652085440e+06 1.6576113866e-18 1.5827515193e-17 4.1088583865e+01 -7.4043529902e+02 -5.2757295586e+11 1.0248508164e+07 8.8228220688e+07 1.5499512950e+00 2.8364640253e+01 -1.7879319252e+08
1.5943806588e+05 1.8862397881e-13 4.9489779720e-14 -6.1150582616e+06 1.8640909390e+06 1.6370335948e-18 1.5833789873e-17 5.2757282233e+01 -7.0204132023e+02 -5.2783647050e+11 1.0224801527e+07 8.8592041897e+07 1.6043250440e+00 2.7000771639e+01 -1.6157740089e+08
1.5943967020e+05 1.8862658806e-13 4.9515187474e-14 -6.1149644126e+06 1.8629950377e+06 1.6157301820e-18 1.5840282045e-17 6.4119353308e+01 -6.6450367026e+02 -5.2808276512e+11 1.0194155150e+07 8.8949883176e+07 1.6465018014e+00 2.5690908266e+01 -1.4578344614e+08
1.5944131670e+05 1.8862923036e-13 4.9541274010e-14 -6.1148497350e+06 1.8619311451e+06 1.5938628349e-18 1.5846942327e-17 7.5060717151e+01 -6.2815866538e+02 -5.2831076243e+11 1.0156564946e+07 8.9298590924e+07 1.6807002126e+00 2.4447630520e+01 -1.3146304676e+08
1.5944299740e+05 1.8863189041e-13 4.9567913681e-14 -6.1147146968e+06 1.8609050794e+06 1.5715373107e-18 1.5853738484e-17 8.5514756990e+01 -5.9318516025e+02 -5.2852065608e+11 1.0112096254e+07 8.9636452362e+07 1.7094891676e+00 2.3277399224e+01 -1.1857968849e+08
1.5944470689e+05 1.8863455752e-13 4.9595021382e-14 -6.1145599254e+06 1.8599199693e+06 1.5488253092e-18 1.5860648717e-17 9.5442803556e+01 -5.5966831659e+02 -5.2871330190e+11 1.0060848577e+07 8.9962613450e+07 1.7345496453e+00 2.2183045648e+01 -1.0705225518e+08
1.5944644144e+05 1.8863722405e-13 4.9622538544e-14 -6.1143861411e+06 1.8589772559e+06 1.5257762425e-18 1.5867658060e-17 1.0482322916e+02 -5.2763520824e+02 -5.2888988575e+11 1.0002933168e+07 9.0276754667e+07 1.7570570080e+00 2.1165159336e+01 -9.6778713244e+07
1.5944819850e+05 1.8863988441e-13 4.9650425160e-14 -6.1141941124e+06 1.8580772866e+06 1.5024239359e-18 1.5874756314e-17 1.1364495870e+02 -4.9707597998e+02 -5.2905173528e+11 9.9384578941e+06 9.0578898880e+07 1.7778902199e+00 2.0222906303e+01 -8.7649395313e+07
1.5944997639e+05 1.8864253454e-13 4.9678655118e-14 -6.1139846253e+06 1.8572196844e+06 1.4787905540e-18 1.5881936845e-17 1.2190342398e+02 -4.6795702135e+02 -5.2920021144e+11 9.8675162923e+06 9.0869292157e+07 1.7977550466e+00 1.9354530150e+01 -7.9554523198e+07
1.5945177415e+05 1.8864517156e-13 4.9707213475e-14 -6.1137584594e+06 1.8564035856e+06 1.4548888939e-18 1.5889195874e-17 1.2959794890e+02 -4.4022947252e+02 -5.2933664633e+11 9.7901790398e+06 9.1148327245e+07 1.8172626757e+00 1.8557666606e+01 -7.2388407098e+07
1.5945359141e+05 1.8864779352e-13 4.9736094984e-14 -6.1135163689e+06 1.8556277960e+06 1.4307236343e-18 1.5896532095e-17 1.3673001383e+02 -4.1383486667e+02 -5.2946230859e+11 9.7064866614e+06 9.1416493307e+07 1.8369849144e+00 1.7829543297e+01 -6.6051672076e+07
1.5945542839e+05 1.8865039930e-13 4.9765303484e-14 -6.1132590651e+06 1.8548908966e+06 1.4062918529e-18 1.5903946510e-17 1.4330208124e+02 -3.8870894098e+02 -5.2957838598e+11 9.6164426361e+06 9.1674342557e+07 1.8574975090e+00 1.7167106404e+01 -6.0452294160e+07
1.5945728589e+05 1.8865298853e-13 4.9794851987e-14 -6.1129871990e+06 1.8541913135e+06 1.3815829675e-18 1.5911442440e-17 1.4931678816e+02 -3.6478423276e+02 -5.2968597840e+11 9.5200061815e+06 9.1922468273e+07 1.8794191652e+00 1.6567099743e+01 -5.5505915155e+07
1.5945916531e+05 1.8865556161e-13 4.9824763383e-14 -6.1127013426e+06 1.8535273645e+06 1.3565781584e-18 1.5919025702e-17 1.5477637971e+02 -3.4199183539e+02 -5.2978609766e+11 9.4170839895e+06 9.2161490894e+07 1.9034525560e+00 1.6026112409e+01 -5.1135723204e+07
1.5946106876e+05 1.8865811969e-13 4.9855071802e-14 -6.1124019659e+06 1.8528972887e+06 1.3312492441e-18 1.5926704944e-17 1.5968229640e+02 -3.2026253782e+02 -5.2987967162e+11 9.3075200050e+06 9.2392050356e+07 1.9077349334e+00 1.5540605453e+01 -4.7272076490e+07
1.5946297650e+05 1.8866063514e-13 4.9885463074e-14 -6.1120931320e+06 1.8523060627e+06 1.3058590250e-18 1.5934400620e-17 1.6398724364e+02 -2.9976398895e+02 -5.2996655548e+11 9.1924816684e+06 9.2612246596e+07 1.9115316220e+00 1.5111701156e+01 -4.3889559296e+07
1.5946488803e+05 1.8866310701e-13 4.9915929554e-14 -6.1117760195e+06 1.8517517198e+06 1.2804140132e-18 1.5942110914e-17 1.6770337478e+02 -2.8042952604e+02 -5.3004755446e+11 9.0721111724e+06 9.2822635408e+07 1.9160098924e+00 1.4734645988e+01 -4.0923556616e+07
1.5946680404e+05 1.8866553586e-13 4.9946482199e-14 -6.1114515964e+06 1.8512320661e+06 1.2549051841e-18 1.5949838711e-17 1.7084541558e+02 -2.6218793334e+02 -5.3012341208e+11 8.9464797919e+06 9.3023839351e+07 1.9211052635e+00 1.4404503860e+01 -3.8315684577e+07
1.5946872514e+05 1.8866792210e-13 4.9977130961e-14 -6.1111208141e+06 1.8507450757e+06 1.2293243676e-18 1.5957586626e-17 1.7342805951e+02 -2.4497694528e+02 -5.3019476426e+11 8.8156636292e+06 9.3216403297e+07 1.9266752633e+00 1.4116464210e+01 -3.6015176722e+07
1.5947065182e+05 1.8867026589e-13 5.0007883533e-14 -6.1107846236e+06 1.8502888843e+06 1.2036652876e-18 1.5965356690e-17 1.7546663204e+02 -2.2874291637e+02 -5.3026215123e+11 8.6797554698e+06 9.3400795365e+07 1.9324549858e+00 1.3865842447e+01 -3.3977912191e+07
1.5947258427e+05 1.8867256705e-13 5.0038743397e-14 -6.1104439979e+06 1.8498617886e+06 1.1779251948e-18 1.5973149858e-17 1.7697779085e+02 -2.1344060315e+02 -5.3032602663e+11 8.5388804859e+06 9.3577405828e+07 1.9380308271e+00 1.3648093879e+01 -3.2165629005e+07
1.5947452231e+05 1.8867482488e-13 5.0069707427e-14 -6.1100999571e+06 1.8494622438e+06 1.1521068512e-18 1.5980965410e-17 1.7798030022e+02 -1.9903280466e+02 -5.3038676517e+11 8.3932146670e+06 9.3746546591e+07 1.9428245557e+00 1.3458837571e+01 -3.0545269883e+07
1.5947646513e+05 1.8867703808e-13 5.0100763250e-14 -6.1097535947e+06 1.8490888565e+06 1.1262207271e-18 1.5988800286e-17 1.7849585695e+02 -1.8548975278e+02 -5.3044466918e+11 8.2430049665e+06 9.3908452412e+07 1.9461005099e+00 1.3293890161e+01 -2.9088436966e+07
1.5947841123e+05 1.8867920458e-13 5.0131886699e-14 -6.1094060987e+06 1.8487403714e+06 1.1002871058e-18 1.5996648453e-17 1.7854990693e+02 -1.7278811460e+02 -5.3049997511e+11 8.0885888051e+06 9.4063285584e+07 1.9470112888e+00 1.3149308914e+01 -2.7770928514e+07
1.5948035824e+05 1.8868132159e-13 5.0163039998e-14 -6.1090587602e+06 1.8484156466e+06 1.0743375788e-18 1.6004500450e-17 1.7817233526e+02 -1.6090947115e+02 -5.3055286082e+11 7.9304088705e+06 9.4211146180e+07 1.9446934294e+00 1.3021441908e+01 -2.6572326962e+07
1.5948230293e+05 1.8868338565e-13 5.0194171471e-14 -6.1087129612e+06 1.8481136179e+06 1.0484152673e-18 1.6012343328e-17 1.7739785272e+02 -1.4983820591e+02 -5.3060345454e+11 7.7690177245e+06 9.4352089602e+07 1.9384090021e+00 1.2906981191e+01 -2.5475606343e+07
1.5948424134e+05 1.8868539286e-13 5.0225217518e-14 -6.1083701335e+06 1.8478332523e+06 1.0225731550e-18 1.6020161150e-17 1.7626587331e+02 -1.3955890259e+02 -5.3065184640e+11 7.6050668046e+06 9.4486151718e+07 1.9277054917e+00 1.2803012277e+01 -2.4466732173e+07
1.5948616905e+05 1.8868733930e-13 5.0256107165e-14 -6.1080316903e+06 1.8475734980e+06 9.9687028704e-19 1.6027936146e-17 1.7481972435e+02 -1.3005358000e+02 -5.3069810181e+11 7.4392770112e+06 9.4613379237e+07 1.9125399665e+00 1.2707051452e+01 -2.3534240036e+07
1.5948808159e+05 1.8868922147e-13 5.0286768610e-14 -6.1076989386e+06 1.8473332417e+06 9.7136630945e-19 1.6035650360e-17 1.7310518097e+02 -1.2129930564e+02 -5.3074227560e+11 7.2723936383e+06 9.4733859851e+07 1.8933171752e+00 1.2617062708e+01 -2.2668800791e+07
1.5948997491e+05 1.8869103667e-13 5.0317136412e-14 -6.1073729941e+06 1.8471112849e+06 9.4611549563e-19 1.6043287455e-17 1.7116852565e+02 -1.1326673937e+02 -5.3078442438e+11 7.1051342079e+06 9.4847745399e+07 1.8708190913e+00 1.2531449167e+01 -2.1862797806e+07
1.5949184573e+05 1.8869278334e-13 5.0347157560e-14 -6.1070547177e+06 1.8469063449e+06 9.2116170865e-19 1.6050834242e-17 1.6905450141e+02 -1.0591993484e+02 -5.3082461514e+11 6.9381409861e+06 9.4955262645e+07 1.8460533736e+00 1.2449019392e+01 -2.1109949128e+07
1.5949369178e+05 1.8869446112e-13 5.0376795130e-14 -6.1067446881e+06 1.8467170791e+06 8.9653538204e-19 1.6058281583e-17 1.6680455276e+02 -9.9217332571e+01 -5.3086292904e+11 6.7719480000e+06 9.5056710286e+07 1.8200792948e+00 1.2368934490e+01 -2.0404998234e+07
1.5949551186e+05 1.8869607079e-13 5.0406029158e-14 -6.1064432107e+06 1.8465421243e+06 8.7225282185e-19 1.6065624608e-17 1.6445562045e+02 -9.3113540711e+01 -5.3089946091e+11 6.6069666259e+06 9.5152445065e+07 1.7938655414e+00 1.2290644996e+01 -1.9743479153e+07
1.5949730572e+05 1.8869761403e-13 5.0434855221e-14 -6.1061503533e+06 1.8463801379e+06 8.4831740676e-19 1.6072862350e-17 1.6203956154e+02 -8.7561378536e+01 -5.3093431592e+11 6.4434878262e+06 9.5242862234e+07 1.7682066443e+00 1.2213826509e+01 -1.9121546435e+07
1.5949907393e+05 1.8869909317e-13 5.0463281670e-14 -6.1058659963e+06 1.8462298343e+06 8.2472190513e-19 1.6079997040e-17 1.5958310487e+02 -8.2513748654e+01 -5.3096760507e+11 6.2816956088e+06 9.5328375459e+07 1.7436963220e+00 1.2138320742e+01 -1.8535853358e+07
1.5950081763e+05 1.8870051094e-13 5.0491326436e-14 -6.1055898833e+06 1.8460900104e+06 8.0145115011e-19 1.6087033305e-17 1.5710817535e+02 -7.7925095306e+01 -5.3099944082e+11 6.1216857589e+06 9.5409399589e+07 1.7207393992e+00 1.2064085548e+01 -1.7983462447e+07
1.5950253837e+05 1.8870187027e-13 5.0519014003e-14 -6.1053216676e+06 1.8459595607e+06 7.7848455768e-19 1.6093977404e-17 1.5463242054e+02 -7.3752388096e+01 -5.3102993356e+11 5.9634853531e+06 9.5486337758e+07 1.6995839246e+00 1.1991155004e+01 -1.7461776943e+07
1.5950423795e+05 1.8870317410e-13 5.0546372897e-14 -6.1050609481e+06 1.8458374829e+06 7.5579821786e-19 1.6100836595e-17 1.5216980992e+02 -6.9955680504e+01 -5.3105918908e+11 5.8070703414e+06 9.5559572859e+07 1.6803575470e+00 1.1919608944e+01 -1.6968486014e+07
1.5950423795e+05 1.8870317410e-13 5.0546372897e-14 -6.1050609481e+06 1.8458374829e+06 7.5579821786e-19 1.6100836595e-17 1.5216980992e+02 -6.9955680504e+01 -5.3105918908e+11 5.8070703414e+06 9.5559572859e+07 1.6803575470e+00 1.1919608944e+01 -1.6968486014e+07
