0.0000000000e+00 0.0000000000e+00 0.0000000000e+00 3.1415900000e+08 0.0000000000e+00 0.0000000000e+00 0.0000000000e+00 -1.1571224350e+03 3.1791141916e+02 -4.6638893045e+09 -9.8355406975e+06 2.7022470629e+06 1.0000000000e+01 0.0000000000e+00 -0.0000000000e+00
1.0000000000e+01 2.8740001400e-22 9.6947247353e-28 3.1414742857e+08 3.1791141909e+03 5.7480708542e-23 2.9084709853e-28 -1.1571628203e+03 3.1791141895e+02 -4.6638893045e+09 -9.8355406975e+06 2.7022470629e+06 5.0000000000e+01 0.0000000000e+00 -0.0000000000e+00
6.0000000000e+01 1.0347671062e-20 2.0946391927e-25 3.1408956538e+08 1.9074685002e+04 3.4494778439e-22 1.0474353574e-26 -1.1573647912e+03 3.1791141180e+02 -4.6638893045e+09 -9.8355406975e+06 2.7022470629e+06 2.5000000000e+02 0.0000000000e+00 -0.0000000000e+00
3.1000000000e+02 2.7639509436e-19 2.8929502311e-23 3.1380009785e+08 9.8552519614e+04 1.7838738137e-21 2.8012300806e-25 -1.1583757637e+03 3.1791122235e+02 -4.6638893045e+09 -9.8355406975e+06 2.7022470629e+06 1.2500000000e+03 0.0000000000e+00 -0.0000000000e+00
1.5600000000e+03 7.0209344633e-18 3.7122992807e-21 3.1234895618e+08 4.9593920567e+05 9.0185627242e-21 7.1597102076e-24 -1.1634587711e+03 3.1790638883e+02 -4.6638893045e+09 -9.8355406975e+06 2.7022470629e+06 3.6000000000e+03 0.0000000000e+00 -0.0000000000e+00
5.1600000000e+03 7.7507674428e-17 1.3708944414e-19 3.0813379226e+08 1.6403266054e+06 3.0236696521e-20 8.0480798741e-23 -1.1783663822e+03 3.1785487430e+02 -4.6638893044e+09 -9.8355406975e+06 2.7022470629e+06 3.6000000000e+03 0.0000000000e+00 -0.0000000000e+00
8.7600000000e+03 2.2543439201e-16 6.8472856704e-19 3.0386421992e+08 2.7844229496e+06 5.2045945402e-20 2.3845335443e-22 -1.1936893039e+03 3.1774388464e+02 -4.6638893043e+09 -9.8355406975e+06 2.7022470629e+06 3.6000000000e+03 0.0000000000e+00 -0.0000000000e+00
1.2360000000e+04 4.5298641152e-16 1.9641920229e-18 2.9953870378e+08 3.9280051226e+06 7.4478557319e-20 4.8831683261e-22 -1.2094501931e+03 3.1756833350e+02 -4.6638893042e+09 -9.8355406975e+06 2.7022470629e+06 3.6000000000e+03 0.0000000000e+00 -0.0000000000e+00
1.5960000000e+04 7.6246971920e-16 4.3204408714e-18 2.9515562368e+08 5.0708307588e+06 9.7569361894e-20 8.3806843580e-22 -1.2256735208e+03 3.1732260214e+02 -4.6638893040e+09 -9.8355406975e+06 2.7022470629e+06 3.6000000000e+03 0.0000000000e+00 -0.0000000000e+00
1.9560000000e+04 1.1563207433e-15 8.1287345758e-18 2.9071326782e+08 6.2126362055e+06 1.2135604615e-19 1.2965609009e-21 -1.2423857653e+03 3.1700047072e+02 -4.6638893039e+09 -9.8355406975e+06 2.7022470629e+06 3.6000000000e+03 0.0000000000e+00 -0.0000000000e+00
2.3160000000e+04 1.6371171919e-15 1.3797909467e-17 2.8620982513e+08 7.3531342189e+06 1.4587946744e-19 1.8736155658e-21 -1.2596156326e+03 3.1659503890e+02 -4.6638893037e+09 -9.8355406975e+06 2.7022470629e+06 3.6000000000e+03 0.0000000000e+00 -0.0000000000e+00
2.6760000000e+04 2.2075900933e-15 2.1774095915e-17 2.8164337681e+08 8.4920113531e+06 1.7118400954e-19 2.5801535487e-21 -1.2773943062e+03 3.1609863363e+02 -4.6638893035e+09 -9.8355406975e+06 2.7022470629e+06 3.6000000000e+03 0.0000000000e+00 -0.0000000000e+00
3.0360000000e+04 2.8706372064e-15 3.2544945425e-17 2.7701188694e+08 9.6289249899e+06 1.9731798942e-19 3.4283484911e-21 -1.2957557330e+03 3.1550270184e+02 -4.6638893033e+09 -9.8355406975e+06 2.7022470629e+06 3.6000000000e+03 0.0000000000e+00 -0.0000000000e+00
3.3960000000e+04 3.6293380003e-15 4.6644452599e-17 2.7231319193e+08 1.0763499951e+07 2.2433412314e-19 4.4318050775e-21 -1.3147369507e+03 3.1479768505e+02 -4.6638893031e+09 -9.8355406975e+06 2.7022470629e+06 3.6000000000e+03 0.0000000000e+00 -0.0000000000e+00
3.7560000000e+04 4.4869704322e-15 6.4658473789e-17 2.6754498870e+08 1.1895324621e+07 2.5229006171e-19 5.6057685155e-21 -1.3343784642e+03 3.1397287215e+02 -4.6638893027e+09 -9.8355406975e+06 2.7022470629e+06 3.6000000000e+03 0.0000000000e+00 -0.0000000000e+00
4.1160000000e+04 5.4470297997e-15 8.7231064976e-17 2.6270482152e+08 1.3023946493e+07 2.8124900940e-19 6.9673713745e-21 -1.3547246802e+03 3.1301622600e+02 -4.6638893024e+09 -9.8355406975e+06 2.7022470629e+06 3.6000000000e+03 0.0000000000e+00 -0.0000000000e+00
4.4760000000e+04 6.5132499899e-15 1.1507178719e-16 2.5779006699e+08 1.4148867038e+07 3.1128044031e-19 8.5359257355e-21 -1.3758244102e+03 3.1191417816e+02 -4.6638893020e+09 -9.8355406975e+06 2.7022470629e+06 3.6000000000e+03 0.0000000000e+00 -0.0000000000e+00
4.8360000000e+04 7.6896275134e-15 1.4896415977e-16 2.5279791722e+08 1.5269535764e+07 3.4246093206e-19 1.0333270590e-20 -1.3977314569e+03 3.1065138481e+02 -4.6638893014e+09 -9.8355406975e+06 2.7022470629e+06 3.6000000000e+03 0.0000000000e+00 -0.0000000000e+00
5.1960000000e+04 8.9804487841e-15 1.8977548202e-16 2.4772536061e+08 1.6385343318e+07 3.7487514011e-19 1.2384186985e-20 -1.4205052981e+03 3.0921043508e+02 -4.6638893008e+09 -9.8355406975e+06 2.7022470629e+06 3.6000000000e+03 0.0000000000e+00 -0.0000000000e+00
5.5560000000e+04 1.0390321203e-14 2.3846829446e-16 2.4256916007e+08 1.7495613430e+07 4.0861694179e-19 1.4716896743e-20 -1.4442118910e+03 3.0757150065e+02 -4.6638893001e+09 -9.8355406975e+06 2.7022470629e+06 3.6000000000e+03 0.0000000000e+00 -0.0000000000e+00
5.9160000000e+04 1.1924208720e-14 2.9611381544e-16 2.3732582798e+08 1.8599593474e+07 4.4379078618e-19 1.7363664924e-20 -1.4689246203e+03 3.0571191246e+02 -4.6638892992e+09 -9.8355406975e+06 2.7022470629e+06 3.6000000000e+03 0.0000000000e+00 -0.0000000000e+00
6.2760000000e+04 1.3587472688e-14 3.6390777113e-16 2.3199159752e+08 1.9696443348e+07 4.8051329547e-19 2.0361531975e-20 -1.4947254233e+03 3.0360564634e+02 -4.6638892981e+09 -9.8355406975e+06 2.7022470629e+06 3.6000000000e+03 0.0000000000e+00 -0.0000000000e+00
6.6360000000e+04 1.5385919024e-14 4.4318914378e-16 2.2656238952e+08 2.0785222297e+07 5.1891517509e-19 2.3753209108e-20 -1.5217061321e+03 3.0122269389e+02 -4.6638892968e+09 -9.8355406975e+06 2.7022470629e+06 3.6000000000e+03 0.0000000000e+00 -0.0000000000e+00
6.9960000000e+04 1.7325852910e-14 5.3546250096e-16 2.2103377403e+08 2.1864873231e+07 5.5914350607e-19 2.7588180789e-20 -1.5499700842e+03 2.9852828790e+02 -4.6638892951e+09 -9.8355406975e+06 2.7022470629e+06 3.6000000000e+03 0.0000000000e+00 -0.0000000000e+00
7.3560000000e+04 1.9414142563e-14 6.4242475083e-16 2.1540092552e+08 2.2934203921e+07 6.0136451367e-19 3.1924072123e-20 -1.5796340674e+03 2.9548194166e+02 -4.6638892931e+09 -9.8355406975e+06 2.7022470629e+06 3.6000000000e+03 0.0000000000e+00 -0.0000000000e+00
7.7160000000e+04 2.1658294019e-14 7.6599740865e-16 2.0965857034e+08 2.3991864335e+07 6.4576693437e-19 3.6828358096e-20 -1.6108306858e+03 2.9203624804e+02 -4.6638892905e+09 -9.8355406975e+06 2.7022470629e+06 3.6000000000e+03 0.0000000000e+00 -0.0000000000e+00
8.0760000000e+04 2.4066539342e-14 9.0836578234e-16 2.0380092474e+08 2.5036319099e+07 6.9256614087e-19 4.2380518189e-20 -1.6437112577e+03 2.8813536567e+02 -4.6638892872e+09 -9.8355406975e+06 2.7022470629e+06 3.6000000000e+03 0.0000000000e+00 -0.0000000000e+00
8.4360000000e+04 2.6647941351e-14 1.0720269207e-15 1.9782162130e+08 2.6065813818e+07 7.4200923610e-19 4.8674777221e-20 -1.6784493948e+03 2.8371309333e+02 -4.6638892830e+09 -9.8355406975e+06 2.7022470629e+06 3.6000000000e+03 0.0000000000e+00 -0.0000000000e+00
8.7960000000e+04 2.9412518849e-14 1.2598487648e-15 1.9171362090e+08 2.7078333509e+07 7.9438139833e-19 5.5823626450e-20 -1.7152454598e+03 2.7869039596e+02 -4.6638892776e+09 -9.8355406975e+06 2.7022470629e+06 3.6000000000e+03 0.0000000000e+00 -0.0000000000e+00
9.1560000000e+04 3.2371397493e-14 1.4751437717e-15 1.8546910681e+08 2.8071550879e+07 8.5001385877e-19 6.3962395777e-20 -1.7543321720e+03 2.7297219238e+02 -4.6638892704e+09 -9.8355406975e+06 2.7022470629e+06 3.6000000000e+03 0.0000000000e+00 -0.0000000000e+00
9.5160000000e+04 3.5536993078e-14 1.7217614441e-15 1.7907935583e+08 2.9042761313e+07 9.0929403380e-19 7.3255260660e-20 -1.7959817256e+03 2.6644313485e+02 -4.6638892609e+09 -9.8355406975e+06 2.7022470629e+06 3.6000000000e+03 0.0000000000e+00 -0.0000000000e+00
9.8760000000e+04 3.8923236234e-14 2.0042058624e-15 1.7253458046e+08 2.9988800296e+07 9.7267853745e-19 8.3903235725e-20 -1.8405149321e+03 2.5896199284e+02 -4.6638892480e+09 -9.8355406975e+06 2.7022470629e+06 3.6000000000e+03 0.0000000000e+00 -0.0000000000e+00
1.0236000000e+05 4.2545850617e-14 2.3277867328e-15 1.6582373345e+08 3.0905937292e+07 1.0407100968e-18 9.6154963216e-20 -1.8883131053e+03 2.5035407324e+02 -4.6638892302e+09 -9.8355406975e+06 2.7022470629e+06 3.6000000000e+03 0.0000000000e+00 -0.0000000000e+00
1.0596000000e+05 4.6422701146e-14 2.6988160341e-15 1.5893426311e+08 3.1789737579e+07 1.1140398369e-18 1.1032150238e-19 -1.9398337181e+03 2.4040082948e+02 -4.6638892054e+09 -9.8355406975e+06 2.7022470629e+06 3.6000000000e+03 0.0000000000e+00 -0.0000000000e+00
1.0956000000e+05 5.0574235207e-14 3.1248677399e-15 1.5185180336e+08 3.2634879772e+07 1.1934570773e-18 1.2679695829e-19 -1.9956313368e+03 2.2882536800e+02 -4.6638891698e+09 -9.8355406975e+06 2.7022470629e+06 3.6000000000e+03 0.0000000000e+00 -0.0000000000e+00
1.1316000000e+05 5.5024049222e-14 3.6151264091e-15 1.4455977561e+08 3.3434910908e+07 1.2799298299e-18 1.4608781935e-19 -2.0563860755e+03 2.1527183597e+02 -4.6638891178e+09 -9.8355406975e+06 2.7022470629e+06 3.6000000000e+03 0.0000000000e+00 -0.0000000000e+00
1.1676000000e+05 5.9799627240e-14 4.1808636071e-15 1.3703886992e+08 3.4181911717e+07 1.3746608645e-18 1.6885560199e-19 -2.1229429859e+03 1.9927545973e+02 -4.6638890395e+09 -9.8355406975e+06 2.7022470629e+06 3.2705828302e+03 0.0000000000e+00 -0.0000000000e+00
1.1970292320e+05 6.3967947973e-14 4.7090876950e-15 1.3070493435e+08 3.4746376577e+07 1.4592819857e-18 1.9065561215e-19 -2.1823967901e+03 1.8395902907e+02 -4.6638889970e+09 -9.8355406975e+06 2.7022470629e+06 2.9619136564e+03 0.0000000000e+00 -0.0000000000e+00
1.2266483685e+05 6.8425612698e-14 5.3106005674e-15 1.2414573482e+08 3.5265386884e+07 1.5520841373e-18 2.1616972117e-19 -2.2475984900e+03 1.6603311624e+02 -4.6638889326e+09 -9.8355406975e+06 2.7022470629e+06 2.6778965201e+03 0.0000000000e+00 -0.0000000000e+00
1.2507367808e+05 7.2261847061e-14 5.8595437913e-15 1.1866311746e+08 3.5645503965e+07 1.6340988388e-18 2.4013527809e-19 -2.3052210544e+03 1.4919519790e+02 -4.6638888994e+09 -9.8355406975e+06 2.7022470629e+06 2.4253324643e+03 0.0000000000e+00 -0.0000000000e+00
1.2749901054e+05 7.6332047286e-14 6.4747209041e-15 1.1299703606e+08 3.5984328648e+07 1.7235377336e-18 2.6780767889e-19 -2.3680597697e+03 1.2975289465e+02 -4.6638888503e+09 -9.8355406975e+06 2.7022470629e+06 2.1893605648e+03 0.0000000000e+00 -0.0000000000e+00
1.2946209557e+05 7.9791316051e-14 7.0249955788e-15 1.0829506480e+08 3.6221799283e+07 1.8017037874e-18 2.9332456199e-19 -2.4229783195e+03 1.1182503278e+02 -4.6638888262e+09 -9.8355406975e+06 2.7022470629e+06 1.9785137252e+03 0.0000000000e+00 -0.0000000000e+00
1.3123752326e+05 8.3056604773e-14 7.5683584217e-15 1.0394652415e+08 3.6404467678e+07 1.8774605833e-18 3.1925832035e-19 -2.4762041531e+03 9.3604279258e+01 -4.6638888064e+09 -9.8355406975e+06 2.7022470629e+06 1.7904148428e+03 0.0000000000e+00 -0.0000000000e+00
1.3283456290e+05 8.6112473084e-14 8.0986522181e-15 9.9951536626e+07 3.6539606634e+07 1.9502288889e-18 3.4530060183e-19 -2.5273303085e+03 7.5307278674e+01 -4.6638887908e+09 -9.8355406975e+06 2.7022470629e+06 1.6129509991e+03 0.0000000000e+00 -0.0000000000e+00
1.3425876577e+05 8.8938657013e-14 8.6084575514e-15 9.6317915953e+07 3.6634193761e+07 2.0192501953e-18 3.7104155053e-19 -2.5758238664e+03 5.7221990949e+01 -4.6638887791e+09 -9.8355406975e+06 2.7022470629e+06 1.4423091811e+03 0.0000000000e+00 -0.0000000000e+00
1.3550883655e+05 9.1502587684e-14 9.0875779405e-15 9.3070043487e+07 3.6694981186e+07 2.0833895750e-18 3.9588230605e-19 -2.6208874399e+03 3.9769168366e+01 -4.6638887713e+09 -9.8355406975e+06 2.7022470629e+06 1.2732032939e+03 0.0000000000e+00 -0.0000000000e+00
1.3656923108e+05 9.3741924666e-14 9.5193713243e-15 9.0269705367e+07 3.6728719765e+07 2.1406611543e-18 4.1882309315e-19 -2.6611257777e+03 2.3651241243e+01 -4.6638887670e+09 -9.8355406975e+06 2.7022470629e+06 1.0972498889e+03 0.0000000000e+00 -0.0000000000e+00
1.3737237495e+05 9.5479251074e-14 9.8631581676e-15 8.8119744473e+07 3.6742507783e+07 2.1859365196e-18 4.3747248721e-19 -2.6929357168e+03 1.0548396383e+01 -4.6638887657e+09 -9.8355406975e+06 2.7022470629e+06 9.0568220843e+02 0.0000000000e+00 -0.0000000000e+00
1.3814351021e+05 9.7182194488e-14 1.0207776384e-14 8.6030978560e+07 3.6745535782e+07 2.2310600258e-18 4.5651601597e-19 -2.7246389613e+03 -2.8313628845e+00 -4.6638887644e+09 -9.8355406975e+06 2.7022470629e+06 7.0133872218e+02 0.0000000000e+00 -0.0000000000e+00
1.3884484893e+05 9.8761753542e-14 1.0534330630e-14 8.4109664182e+07 3.6739066199e+07 2.2735966340e-18 4.7488975377e-19 -2.7545246818e+03 -1.5740534900e+01 -4.6638887635e+09 -9.8355406975e+06 2.7022470629e+06 9.1071008378e+02 0.0000000000e+00 -0.0000000000e+00
1.3975555902e+05 1.0085832795e-13 1.0978282589e-14 8.1582832597e+07 3.6716675911e+07 2.3311099837e-18 5.0039177648e-19 -2.7949328847e+03 -3.3657956031e+01 -4.6638887594e+09 -9.8355406975e+06 2.7022470629e+06 1.0141500335e+03 0.0000000000e+00 -0.0000000000e+00
1.4076970905e+05 1.0325625471e-13 1.1501157160e-14 7.8724581715e+07 3.6671720265e+07 2.3984282242e-18 5.3121780467e-19 -2.8422298885e+03 -5.5315960779e+01 -4.6638887506e+09 -9.8355406975e+06 2.7022470629e+06 1.0663507184e+03 0.0000000000e+00 -0.0000000000e+00
1.4183605977e+05 1.0585334256e-13 1.2086265134e-14 7.5666000001e+07 3.6599635357e+07 2.4732838350e-18 5.6675404541e-19 -2.8948225600e+03 -8.0283305454e+01 -4.6638887361e+09 -9.8355406975e+06 2.7022470629e+06 1.0885809210e+03 0.0000000000e+00 -0.0000000000e+00
1.4292464069e+05 1.0858943514e-13 1.2724657239e-14 7.2484032138e+07 3.6497180880e+07 2.5544572784e-18 6.0681891232e-19 -2.9518540663e+03 -1.0843240959e+02 -4.6638887149e+09 -9.8355406975e+06 2.7022470629e+06 1.0911586917e+03 0.0000000000e+00 -0.0000000000e+00
1.4401579938e+05 1.1142355573e-13 1.3410693552e-14 6.9230208153e+07 3.6362071645e+07 2.6411867262e-18 6.5142640860e-19 -3.0127891561e+03 -1.3977311168e+02 -4.6638886863e+09 -9.8355406975e+06 2.7022470629e+06 1.0801045508e+03 0.0000000000e+00 -0.0000000000e+00
1.4509590393e+05 1.1432530930e-13 1.4140417259e-14 6.5941657028e+07 3.6192753925e+07 2.7329476165e-18 7.0070100277e-19 -3.0772592780e+03 -1.7439286185e+02 -4.6638886494e+09 -9.8355406975e+06 2.7022470629e+06 1.0593526792e+03 0.0000000000e+00 -0.0000000000e+00
1.4615525661e+05 1.1727093418e-13 1.4910832202e-14 6.2646294890e+07 3.5988249763e+07 2.8293517176e-18 7.5484094939e-19 -3.1449916653e+03 -2.1243095140e+02 -4.6638886035e+09 -9.8355406975e+06 2.7022470629e+06 1.0316632656e+03 0.0000000000e+00 -0.0000000000e+00
1.4718691988e+05 1.2024122110e-13 1.5719539022e-14 5.9365645535e+07 3.5748039398e+07 2.9300936822e-18 8.1410073879e-19 -3.2157717844e+03 -2.5406618226e+02 -4.6638885479e+09 -9.8355406975e+06 2.7022470629e+06 9.9906356087e+02 0.0000000000e+00 -0.0000000000e+00
1.4818598344e+05 1.2322030266e-13 1.6564536636e-14 5.6116539018e+07 3.5471967730e+07 3.0349194568e-18 8.7878239908e-19 -3.2894211404e+03 -2.9951075581e+02 -4.6638884819e+09 -9.8355406975e+06 2.7022470629e+06 9.6308749394e+02 0.0000000000e+00 -0.0000000000e+00
1.4914907093e+05 1.2619489393e-13 1.7444108661e-14 5.2912216037e+07 3.5160167286e+07 3.1436058097e-18 9.4923143661e-19 -3.3657828933e+03 -3.4900742078e+02 -4.6638884047e+09 -9.8355406975e+06 2.7022470629e+06 9.2491810438e+02 0.0000000000e+00 -0.0000000000e+00
1.5007398903e+05 1.2915378599e-13 1.8356757168e-14 4.9763089798e+07 3.4812993209e+07 3.2559458972e-18 1.0258354872e-18 -3.4447117171e+03 -4.0282852550e+02 -4.6638883157e+09 -9.8355406975e+06 2.7022470629e+06 8.8547850035e+02 0.0000000000e+00 -0.0000000000e+00
1.5095946754e+05 1.3208749024e-13 1.9301164631e-14 4.6677296666e+07 3.4430967362e+07 3.3717382174e-18 1.1090247322e-18 -3.5260660391e+03 -4.6127631030e+02 -4.6638882142e+09 -9.8355406975e+06 2.7022470629e+06 8.4549341411e+02 0.0000000000e+00 -0.0000000000e+00
1.5180496095e+05 1.3498797734e-13 2.0276173668e-14 4.3661109155e+07 3.4014729495e+07 3.4907774437e-18 1.1992736008e-18 -3.6097015990e+03 -5.2468410365e+02 -4.6638880995e+09 -9.8355406975e+06 2.7022470629e+06 8.0553288107e+02 0.0000000000e+00 -0.0000000000e+00
1.5261049383e+05 1.3784847800e-13 2.1280778689e-14 4.0719254880e+07 3.3564993927e+07 3.6128462029e-18 1.2971035276e-18 -3.6954656731e+03 -5.9341825926e+02 -4.6638879711e+09 -9.8355406975e+06 2.7022470629e+06 7.6604445168e+02 0.0000000000e+00 -0.0000000000e+00
1.5337653828e+05 1.4066332593e-13 2.2314126084e-14 3.7855168617e+07 3.3082510483e+07 3.7377071553e-18 1.4030866753e-18 -3.7831915093e+03 -6.6788077201e+02 -4.6638878282e+09 -9.8355406975e+06 2.7022470629e+06 7.2737770759e+02 0.0000000000e+00 -0.0000000000e+00
1.5410391599e+05 1.4342783066e-13 2.3375521027e-14 3.5071195052e+07 3.2568028563e+07 3.8650948832e-18 1.5178506316e-18 -3.8726926282e+03 -7.4851257756e+02 -4.6638876704e+09 -9.8355406975e+06 2.7022470629e+06 6.8980341407e+02 0.0000000000e+00 -0.0000000000e+00
1.5479371940e+05 1.4613817219e-13 2.4464439976e-14 3.2368753971e+07 3.2022263302e+07 3.9947071539e-18 1.6420841620e-18 -3.9637566848e+03 -8.3579759444e+02 -4.6638874973e+09 -9.8355406975e+06 2.7022470629e+06 6.5352881254e+02 0.0000000000e+00 -0.0000000000e+00
1.5544724822e+05 1.4879131249e-13 2.5580548633e-14 2.9748475960e+07 3.1445862763e+07 4.1261951260e-18 1.7765441735e-18 -4.0561385870e+03 -9.3026761665e+02 -4.6638873084e+09 -9.8355406975e+06 2.7022470629e+06 6.1871006220e+02 0.0000000000e+00 -0.0000000000e+00
1.5606595828e+05 1.5138492035e-13 2.6723725706e-14 2.7210314296e+07 3.0839374994e+07 4.2591520176e-18 1.9220641204e-18 -4.1495525349e+03 -1.0325082193e+03 -4.6638871035e+09 -9.8355406975e+06 2.7022470629e+06 5.8546255222e+02 0.0000000000e+00 -0.0000000000e+00
1.5665142083e+05 1.5391730757e-13 2.7894093381e-14 2.4753636979e+07 3.0203213666e+07 4.3930996588e-18 2.0795641778e-18 -4.2436625717e+03 -1.1431659067e+03 -4.6638868826e+09 -9.8355406975e+06 2.7022470629e+06 5.5386961174e+02 0.0000000000e+00 -0.0000000000e+00
1.5720529044e+05 1.5638737501e-13 2.9092056074e-14 2.2377301695e+07 2.9537620646e+07 4.5274721843e-18 2.2500636347e-18 -4.3380711273e+03 -1.2629568192e+03 -4.6638866459e+09 -9.8355406975e+06 2.7022470629e+06 5.2399002960e+02 0.0000000000e+00 -0.0000000000e+00
1.5772928047e+05 1.5879456807e-13 3.0318349826e-14 2.0079715554e+07 2.8842623497e+07 4.6615958792e-18 2.4346961220e-18 -4.4323048574e+03 -1.3926774327e+03 -4.6638863939e+09 -9.8355406975e+06 2.7022470629e+06 4.9586474457e+02 0.0000000000e+00 -0.0000000000e+00
1.5822514522e+05 1.6113884121e-13 3.1574105801e-14 1.7858880604e+07 2.8117985187e+07 4.7946638147e-18 2.6347285311e-18 -4.5257968234e+03 -1.5332178500e+03 -4.6638861276e+09 -9.8355406975e+06 2.7022470629e+06 4.6952302409e+02 0.0000000000e+00 -0.0000000000e+00
1.5869466824e+05 1.6342063223e-13 3.2860932946e-14 1.5712425455e+07 2.7363142305e+07 4.9257033448e-18 2.8515848090e-18 -4.6178636556e+03 -1.6855785196e+03 -4.6638858486e+09 -9.8355406975e+06 2.7022470629e+06 4.4498847848e+02 0.0000000000e+00 -0.0000000000e+00
1.5913965672e+05 1.6564084706e-13 3.4181027156e-14 1.3637622484e+07 2.6577126562e+07 5.0535336619e-18 3.0868762980e-18 -4.7076757325e+03 -1.8508915517e+03 -4.6638855590e+09 -9.8355406975e+06 2.7022470629e+06 4.2228529131e+02 0.0000000000e+00 -0.0000000000e+00
1.5956194201e+05 1.6780085676e-13 3.5537317772e-14 1.1631389295e+07 2.5758462048e+07 5.1767092376e-18 3.3424409837e-18 -4.7942174428e+03 -2.0304482932e+03 -4.6638852623e+09 -9.8355406975e+06 2.7022470629e+06 4.0144515269e+02 0.0000000000e+00 -0.0000000000e+00
1.5996338716e+05 1.6990250882e-13 3.6933667536e-14 9.6902720927e+06 2.4905027129e+07 5.2934427643e-18 3.6203950045e-18 -4.8762330454e+03 -2.2257355181e+03 -4.6638849630e+09 -9.8355406975e+06 2.7022470629e+06 3.8251551006e+02 0.0000000000e+00 -0.0000000000e+00
1.6034590267e+05 1.7194815520e-13 3.8375150259e-14 7.8104077357e+06 2.4013864375e+07 5.4014975638e-18 3.9232011498e-18 -4.9521510763e+03 -2.4384835534e+03 -4.6638846675e+09 -9.8355406975e+06 2.7022470629e+06 3.6556989621e+02 0.0000000000e+00 -0.0000000000e+00
1.6071147257e+05 1.7394069862e-13 3.9868442600e-14 5.9874610402e+06 2.3080913589e+07 5.4980332541e-18 4.2537607503e-18 -5.0199759166e+03 -2.6707308398e+03 -4.6638843845e+09 -9.8355406975e+06 2.7022470629e+06 3.5072101952e+02 0.0000000000e+00 -0.0000000000e+00
1.6106219359e+05 1.7588365312e-13 4.1422383440e-14 4.2165369033e+06 2.2100631254e+07 5.5793778050e-18 4.6155366443e-18 -5.0771276410e+03 -2.9249103267e+03 -4.6638841252e+09 -9.8355406975e+06 2.7022470629e+06 3.2247158436e+02 0.0000000000e+00 -0.0000000000e+00
1.6133263329e+05 1.7739969188e-13 4.2712273744e-14 2.8384540587e+06 2.1280345372e+07 5.6301521960e-18 4.9290441183e-18 -5.1128011308e+03 -3.1451769896e+03 -4.6638840499e+09 -9.8355406975e+06 2.7022470629e+06 2.7729757018e+02 0.0000000000e+00 -0.0000000000e+00
1.6156023325e+05 1.7868489217e-13 4.3866661133e-14 1.6721264332e+06 2.0541642999e+07 5.6612895106e-18 5.2191763315e-18 -5.1346778417e+03 -3.3490204693e+03 -4.6638840185e+09 -9.8355406975e+06 2.7022470629e+06 2.3640453677e+02 0.0000000000e+00 -0.0000000000e+00
1.6173446017e+05 1.7967263165e-13 4.4796643291e-14 7.7655041762e+05 1.9943637203e+07 5.6757142299e-18 5.4590187009e-18 -5.1448124798e+03 -3.5175308963e+03 -4.6638840105e+09 -9.8355406975e+06 2.7022470629e+06 1.9484704166e+02 0.0000000000e+00 -0.0000000000e+00
1.6182372544e+05 1.8017945566e-13 4.5289678497e-14 3.1717098701e+05 1.9625614917e+07 5.6792734939e-18 5.5882322634e-18 -5.1473131768e+03 -3.6083148252e+03 -4.6638840102e+09 -9.8355406975e+06 2.7022470629e+06 1.5907743548e+02 0.0000000000e+00 -0.0000000000e+00
1.6198280288e+05 1.8108293914e-13 4.6197648835e-14 -5.0167794374e+05 1.9038258172e+07 5.6780440909e-18 5.8296377966e-18 -5.1464494127e+03 -3.7779235128e+03 -4.6638840056e+09 -9.8355406975e+06 2.7022470629e+06 1.7084502020e+02 0.0000000000e+00 -0.0000000000e+00
1.6215364790e+05 1.8205201426e-13 4.7216923861e-14 -1.3802273296e+06 1.8376441114e+07 5.6640612620e-18 6.1054346903e-18 -5.1366252417e+03 -3.9716951656e+03 -4.6638839996e+09 -9.8355406975e+06 2.7022470629e+06 2.0443007690e+02 0.0000000000e+00 -0.0000000000e+00
1.6235807797e+05 1.8320649377e-13 4.8500741577e-14 -2.4279016766e+06 1.7539436546e+07 5.6263658962e-18 6.4588467859e-18 -5.1101409211e+03 -4.2199983462e+03 -4.6638839847e+09 -9.8355406975e+06 2.7022470629e+06 2.2464307092e+02 0.0000000000e+00 -0.0000000000e+00
1.6258272105e+05 1.8446281894e-13 4.9998083006e-14 -3.5705205019e+06 1.6558838671e+07 5.5524029436e-18 6.8772593350e-18 -5.0581754208e+03 -4.5139700807e+03 -4.6638839454e+09 -9.8355406975e+06 2.7022470629e+06 2.4133245584e+02 0.0000000000e+00 -0.0000000000e+00
1.6282405350e+05 1.8578857928e-13 5.1715495801e-14 -4.7812353137e+06 1.5428926989e+07 5.4254802427e-18 7.3613052665e-18 -4.9690010243e+03 -4.8540550575e+03 -4.6638838069e+09 -9.8355406975e+06 2.7022470629e+06 2.6392814664e+02 0.0000000000e+00 -0.0000000000e+00
1.6308798165e+05 1.8719470220e-13 5.3732345005e-14 -6.0745579190e+06 1.4095818238e+07 5.2162595239e-18 7.9279496071e-18 -4.8220050088e+03 -5.2521727048e+03 -4.6638832415e+09 -9.8355406975e+06 2.7022470629e+06 2.8249100693e+02 0.0000000000e+00 -0.0000000000e+00
1.6337047265e+05 1.8862508728e-13 5.6061584160e-14 -7.4064063304e+06 1.2549129328e+07 4.8916094563e-18 8.5670085079e-18 -4.5939096907e+03 -5.7011679701e+03 -4.6638813206e+09 -9.8355406975e+06 2.7022470629e+06 2.5649542765e+02 0.0000000000e+00 -0.0000000000e+00
1.6359964873e+05 1.8970724038e-13 5.8085563487e-14 -8.4318991369e+06 1.1199962954e+07 4.5377954216e-18 9.0962978265e-18 -4.3453241124e+03 -6.0730404184e+03 -4.6638799729e+09 -9.8355406975e+06 2.7022470629e+06 2.2925784745e+02 0.0000000000e+00 -0.0000000000e+00
1.6382890657e+05 1.9069842333e-13 6.0231074019e-14 -9.3935720174e+06 9.7654361830e+06 4.0935614446e-18 9.6176960035e-18 -4.0332105464e+03 -6.4393686436e+03 -4.6638779167e+09 -9.8355406975e+06 2.7022470629e+06 2.1080995571e+02 0.0000000000e+00 -0.0000000000e+00
1.6403971653e+05 1.9151099804e-13 6.2307021941e-14 -1.0208410375e+07 8.3739184883e+06 3.6023587835e-18 1.0071551118e-17 -3.6880973356e+03 -6.7582419075e+03 -4.6638761941e+09 -9.8355406975e+06 2.7022470629e+06 1.9996468632e+02 0.0000000000e+00 -0.0000000000e+00
1.6423968121e+05 1.9217879160e-13 6.4360773826e-14 -1.0908977900e+07 6.9945476325e+06 3.0658125741e-18 1.0461580934e-17 -3.3111262811e+03 -7.0322722674e+03 -4.6638748415e+09 -9.8355406975e+06 2.7022470629e+06 1.8478690224e+02 0.0000000000e+00 -0.0000000000e+00
1.6440349805e+05 1.9264179084e-13 6.6097933176e-14 -1.1423831852e+07 5.8261191516e+06 2.5805664216e-18 1.0739981139e-17 -2.9701980432e+03 -7.2278729767e+03 -4.6638744326e+09 -9.8355406975e+06 2.7022470629e+06 1.6511330067e+02 0.0000000000e+00 -0.0000000000e+00
1.6456861135e+05 1.9302510532e-13 6.7891278190e-14 -1.1884200401e+07 4.6186274467e+06 2.0575366452e-18 1.0974268882e-17 -2.6027234756e+03 -7.3924807883e+03 -4.6638742046e+09 -9.8355406975e+06 2.7022470629e+06 1.5226610297e+02 0.0000000000e+00 -0.0000000000e+00
1.6472087745e+05 1.9330021361e-13 6.9575770759e-14 -1.2253678773e+07 3.4835299180e+06 1.5531958972e-18 1.1143545397e-17 -2.2483795995e+03 -7.5114124764e+03 -4.6638742154e+09 -9.8355406975e+06 2.7022470629e+06 1.4272079658e+02 0.0000000000e+00 -0.0000000000e+00
1.6486359825e+05 1.9348742990e-13 7.1174902414e-14 -1.2550360168e+07 2.4053714016e+06 1.0691580352e-18 1.1258498984e-17 -1.9083002922e+03 -7.5921775143e+03 -4.6638743375e+09 -9.8355406975e+06 2.7022470629e+06 1.3135061428e+02 0.0000000000e+00 -0.0000000000e+00
1.6499494886e+05 1.9359840257e-13 7.2658549485e-14 -1.2780317004e+07 1.4047362840e+06 6.2057563275e-19 1.1326028533e-17 -1.5931315737e+03 -7.6396229809e+03 -4.6638744781e+09 -9.8355406975e+06 2.7022470629e+06 1.1865308037e+02 0.0000000000e+00 -0.0000000000e+00
1.6509300059e+05 1.9364288974e-13 7.3770559847e-14 -1.2925031023e+07 6.5462265028e+05 2.8731081752e-19 1.1352759993e-17 -1.3589836353e+03 -7.6584041898e+03 -4.6638745184e+09 -9.8355406975e+06 2.7022470629e+06 1.0349511602e+02 0.0000000000e+00 -0.0000000000e+00
1.6515867416e+05 1.9365448436e-13 7.4516409838e-14 -1.3009169629e+07 1.5147560034e+05 6.6131804245e-20 1.1359646154e-17 -1.2035858626e+03 -7.6632423256e+03 -4.6638745242e+09 -9.8355406975e+06 2.7022470629e+06 7.8626910640e+01 0.0000000000e+00 -0.0000000000e+00
1.6523730107e+05 1.9364937282e-13 7.5409545242e-14 -1.3096559280e+07 -4.5103443406e+05 -1.9549944672e-19 1.1356665741e-17 -1.0197668237e+03 -7.6611483228e+03 -4.6638745394e+09 -9.8355406975e+06 2.7022470629e+06 9.9588277711e+01 0.0000000000e+00 -0.0000000000e+00
1.6533688935e+05 1.9361365632e-13 7.6539664836e-14 -1.3186701118e+07 -1.2133829149e+06 -5.2045207774e-19 1.1336136775e-17 -7.9145892814e+02 -7.6467249125e+03 -4.6638745902e+09 -9.8355406975e+06 2.7022470629e+06 1.2469401372e+02 0.0000000000e+00 -0.0000000000e+00
1.6546158336e+05 1.9352401988e-13 7.7950352004e-14 -1.3268009854e+07 -2.1648734720e+06 -9.1468379972e-19 1.1285899198e-17 -5.1447635830e+02 -7.6114285824e+03 -4.6638747421e+09 -9.8355406975e+06 2.7022470629e+06 1.2220462925e+02 0.0000000000e+00 -0.0000000000e+00
1.6558378799e+05 1.9338944813e-13 7.9325300421e-14 -1.3314867046e+07 -3.0920458069e+06 -1.2848521630e-18 1.1212802649e-17 -2.5440042116e+02 -7.5600718067e+03 -4.6638748658e+09 -9.8355406975e+06 2.7022470629e+06 1.1249538938e+02 0.0000000000e+00 -0.0000000000e+00
1.6566017258e+05 1.9328276896e-13 8.0179681733e-14 -1.3328301839e+07 -3.6680405309e+06 -1.5071466281e-18 1.1156427455e-17 -9.8218945258e+01 -7.5204632585e+03 -4.6638748760e+09 -9.8355406975e+06 2.7022470629e+06 9.7985035740e+01 0.0000000000e+00 -0.0000000000e+00
1.6575815762e+05 1.9312155401e-13 8.1268872508e-14 -1.3328414795e+07 -4.4021425936e+06 -1.7813632575e-18 1.1073467452e-17 9.4442432516e+01 -7.4621765365e+03 -4.6638749073e+09 -9.8355406975e+06 2.7022470629e+06 1.0193874364e+02 0.0000000000e+00 -0.0000000000e+00
1.6586009636e+05 1.9292599628e-13 8.2392809852e-14 -1.3308973838e+07 -5.1594002584e+06 -2.0530613398e-18 1.0976006275e-17 2.8533430866e+02 -7.3937014602e+03 -4.6638749394e+09 -9.8355406975e+06 2.7022470629e+06 1.3416187403e+02 0.0000000000e+00 -0.0000000000e+00
1.6599425824e+05 1.9262774327e-13 8.3855959497e-14 -1.3254666501e+07 -6.1447403936e+06 -2.3889723422e-18 1.0833207757e-17 5.2134142706e+02 -7.2933729016e+03 -4.6638750404e+09 -9.8355406975e+06 2.7022470629e+06 1.6116742081e+02 0.0000000000e+00 -0.0000000000e+00
1.6615542566e+05 1.9221236203e-13 8.5586930889e-14 -1.3149314964e+07 -7.3096635655e+06 -2.7597545503e-18 1.0644522951e-17 7.8184864432e+02 -7.1608051762e+03 -4.6638752223e+09 -9.8355406975e+06 2.7022470629e+06 1.8695136834e+02 0.0000000000e+00 -0.0000000000e+00
1.6634237703e+05 1.9165959430e-13 8.7555159166e-14 -1.2977272487e+07 -8.6330836227e+06 -3.1460544190e-18 1.0409171987e-17 1.0532583874e+03 -6.9954503581e+03 -4.6638754690e+09 -9.8355406975e+06 2.7022470629e+06 2.0914403633e+02 0.0000000000e+00 -0.0000000000e+00
1.6655152106e+05 1.9096100639e-13 8.9703505611e-14 -1.2728458091e+07 -1.0075997283e+07 -3.5254523218e-18 1.0133527090e-17 1.3198188904e+03 -6.8017854964e+03 -4.6638757195e+09 -9.8355406975e+06 2.7022470629e+06 2.2448947779e+02 0.0000000000e+00 -0.0000000000e+00
1.6677601054e+05 1.9012919374e-13 9.1944569708e-14 -1.2403798124e+07 -1.1579174783e+07 -3.8759893122e-18 9.8320374755e-18 1.5661020559e+03 -6.5899624401e+03 -4.6638759108e+09 -9.8355406975e+06 2.7022470629e+06 2.3415970206e+02 0.0000000000e+00 -0.0000000000e+00
1.6701017024e+05 1.8918424926e-13 9.4210108312e-14 -1.2010842696e+07 -1.3096473510e+07 -4.1861328484e-18 9.5191392921e-18 1.7840052556e+03 -6.3701238576e+03 -4.6638760384e+09 -9.8355406975e+06 2.7022470629e+06 2.4214573971e+02 0.0000000000e+00 -0.0000000000e+00
1.6725231598e+05 1.8813703383e-13 9.6476679195e-14 -1.1555273718e+07 -1.4611958651e+07 -4.4552508480e-18 9.2032696309e-18 1.9730843961e+03 -6.1481975497e+03 -4.6638761317e+09 -9.8355406975e+06 2.7022470629e+06 2.5108401841e+02 0.0000000000e+00 -0.0000000000e+00
1.6750340000e+05 1.8698835119e-13 9.8747624267e-14 -1.1038757759e+07 -1.6127675465e+07 -4.6872120257e-18 8.8882273505e-18 2.1360575906e+03 -5.9268525499e+03 -4.6638762173e+09 -9.8355406975e+06 2.7022470629e+06 2.6196510823e+02 0.0000000000e+00 -0.0000000000e+00
1.6776536511e+05 1.8573350120e-13 1.0103472025e-13 -1.0460240623e+07 -1.7651280497e+07 -4.8864424582e-18 8.5757468412e-18 2.2760345486e+03 -5.7073074203e+03 -4.6638763115e+09 -9.8355406975e+06 2.7022470629e+06 2.7510656497e+02 0.0000000000e+00 -0.0000000000e+00
1.6804047167e+05 1.8436494883e-13 1.0335100635e-13 -9.8170438103e+06 -1.9191216339e+07 -5.0568071501e-18 8.2667666238e-18 2.3957307768e+03 -5.4902215546e+03 -4.6638764237e+09 -9.8355406975e+06 2.7022470629e+06 2.9066353314e+02 0.0000000000e+00 -0.0000000000e+00
1.6833113521e+05 1.8287330048e-13 1.0570901369e-13 -9.1053625243e+06 -2.0755519300e+07 -5.2015011243e-18 7.9618932362e-18 2.4973910608e+03 -5.2760210993e+03 -4.6638765597e+09 -9.8355406975e+06 2.7022470629e+06 3.0879531391e+02 0.0000000000e+00 -0.0000000000e+00
1.6863993052e+05 1.8124755739e-13 1.0812063001e-13 -8.3204485377e+06 -2.2351723002e+07 -5.3231601959e-18 7.6615667826e-18 2.5828672932e+03 -5.0650152662e+03 -4.6638767233e+09 -9.8355406975e+06 2.7022470629e+06 3.2971470843e+02 0.0000000000e+00 -0.0000000000e+00
1.6896964523e+05 1.7947507800e-13 1.1059736590e-13 -7.4566456605e+06 -2.3987028424e+07 -5.4239853140e-18 7.3661244135e-18 2.6537058350e+03 -4.8574409335e+03 -4.6638769169e+09 -9.8355406975e+06 2.7022470629e+06 3.4539601883e+02 0.0000000000e+00 -0.0000000000e+00
1.6931504125e+05 1.7758714288e-13 1.1309186621e-13 -6.5298701404e+06 -2.5629829657e+07 -5.5041835111e-18 7.0823506275e-18 2.7100521448e+03 -4.6580648099e+03 -4.6638771178e+09 -9.8355406975e+06 2.7022470629e+06 3.5646076720e+02 0.0000000000e+00 -0.0000000000e+00
1.6967150202e+05 1.7561360722e-13 1.1556798776e-13 -5.5557559510e+06 -2.7256200582e+07 -5.5655717559e-18 6.8144717216e-18 2.7531828034e+03 -4.4698562422e+03 -4.6638773060e+09 -9.8355406975e+06 2.7022470629e+06 3.6682720212e+02 0.0000000000e+00 -0.0000000000e+00
1.7003832922e+05 1.7356318128e-13 1.1802081767e-13 -4.5396147913e+06 -2.8862911459e+07 -5.6110379291e-18 6.5625307588e-18 2.7851268018e+03 -4.2928454858e+03 -4.6638774767e+09 -9.8355406975e+06 2.7022470629e+06 3.7504514954e+02 0.0000000000e+00 -0.0000000000e+00
1.7041337437e+05 1.7145238473e-13 1.2043725155e-13 -3.4905671298e+06 -3.0441438340e+07 -5.6430394212e-18 6.3270748735e-18 2.8076106736e+03 -4.1274169508e+03 -4.6638776247e+09 -9.8355406975e+06 2.7022470629e+06 3.7911017083e+02 0.0000000000e+00 -0.0000000000e+00
1.7079248454e+05 1.6930879537e-13 1.2279401181e-13 -2.4231833457e+06 -3.1976746919e+07 -5.6637768360e-18 6.1092142852e-18 2.8221805373e+03 -3.9743506645e+03 -4.6638777452e+09 -9.8355406975e+06 2.7022470629e+06 3.7542521904e+02 0.0000000000e+00 -0.0000000000e+00
1.7116790976e+05 1.6718005825e-13 1.2504986786e-13 -1.3619706358e+06 -3.3442332881e+07 -5.6753111963e-18 5.9111482855e-18 2.8302844432e+03 -3.8351918233e+03 -4.6638778338e+09 -9.8355406975e+06 2.7022470629e+06 3.5595457604e+02 0.0000000000e+00 -0.0000000000e+00
1.7145624881e+05 1.6554297757e-13 1.2673368117e-13 -5.4542059458e+05 -3.4533694024e+07 -5.6793074929e-18 5.7697141152e-18 2.8330921941e+03 -3.7358218392e+03 -4.6638778526e+09 -9.8355406975e+06 2.7022470629e+06 3.1303857943e+02 0.0000000000e+00 -0.0000000000e+00
1.7176928739e+05 1.6376496900e-13 1.2851703015e-13 3.4156334711e+05 -3.5687135498e+07 -5.6797556495e-18 5.6256546752e-18 2.8334070637e+03 -3.6346073715e+03 -4.6638778759e+09 -9.8355406975e+06 2.7022470629e+06 2.9874144952e+02 0.0000000000e+00 -0.0000000000e+00
1.7206802884e+05 1.6206852529e-13 1.3017817099e-13 1.1877843066e+06 -3.6759260190e+07 -5.6770528621e-18 5.4965760317e-18 2.8315081171e+03 -3.5439182351e+03 -4.6638778910e+09 -9.8355406975e+06 2.7022470629e+06 4.0187524185e+02 0.0000000000e+00 -0.0000000000e+00
1.7246990408e+05 1.5978843972e-13 1.3235414029e-13 2.3247267440e+06 -3.8160309892e+07 -5.6695050655e-18 5.3346295805e-18 2.8262051239e+03 -3.4301365638e+03 -4.6638779444e+09 -9.8355406975e+06 2.7022470629e+06 4.8389928201e+02 0.0000000000e+00 -0.0000000000e+00
1.7280000000e+05 1.5791837062e-13 1.3409440923e-13 3.2566538979e+06 -3.9278061112e+07 -5.6605921594e-18 5.2106804138e-18 2.8199430210e+03 -3.3430513374e+03 -4.6638779602e+09 -9.8355406975e+06 2.7022470629e+06 5.4689159666e+02 0.0000000000e+00 -0.0000000000e+00
1.7280000000e+05 1.5791837062e-13 1.3409440923e-13 3.2566538979e+06 -3.9278061112e+07 -5.6605921594e-18 5.2106804138e-18 2.8199430210e+03 -3.3430513374e+03 -4.6638779602e+09 -9.8355406975e+06 2.7022470629e+06 5.4689159666e+02 0.0000000000e+00 -0.0000000000e+00
