0.0000000000e+00 0.0000000000e+00 0.0000000000e+00 3.1415900000e+08 0.0000000000e+00 0.0000000000e+00 0.0000000000e+00 -1.1783719680e+03 2.2680278690e+02 -4.6638893082e+09 -1.0016161728e+07 1.9278236886e+06 1.0000000000e+01 0.0000000000e+00 -0.0000000000e+00
1.0000000000e+01 2.8740014361e-22 6.9163694246e-28 3.1414721608e+08 2.2680278685e+03 5.7480747424e-23 2.0749497431e-28 -1.1784123533e+03 2.2680278675e+02 -4.6638893082e+09 -1.0016161728e+07 1.9278236886e+06 5.0000000000e+01 0.0000000000e+00 -0.0000000000e+00
6.0000000000e+01 1.0347699069e-20 1.4943561974e-25 3.1408829041e+08 1.3608167109e+04 3.4494918494e-22 7.4726220204e-27 -1.1786143252e+03 2.2680278165e+02 -4.6638893082e+09 -1.0016161728e+07 1.9278236887e+06 2.5000000000e+02 0.0000000000e+00 -0.0000000000e+00
3.1000000000e+02 2.7639896513e-19 2.0639392227e-23 3.1379351050e+08 7.0308849438e+04 1.7839113051e-21 1.9985236405e-25 -1.1796253231e+03 2.2680264649e+02 -4.6638893082e+09 -1.0016161728e+07 1.9278236886e+06 1.2500000000e+03 0.0000000000e+00 -0.0000000000e+00
1.5600000000e+03 7.0214329424e-18 2.6488329966e-21 3.1231580655e+08 3.5381048653e+05 9.0195255405e-21 5.1089340222e-24 -1.1847089805e+03 2.2679919742e+02 -4.6638893082e+09 -1.0016161728e+07 1.9278236886e+06 3.6000000000e+03 0.0000000000e+00 -0.0000000000e+00
5.1600000000e+03 7.7526274893e-17 9.7854399647e-20 3.0802413160e+08 1.1702336291e+06 3.0247670522e-20 5.7457696801e-23 -1.1996236255e+03 2.2676241780e+02 -4.6638893081e+09 -1.0016161728e+07 1.9278236886e+06 3.6000000000e+03 0.0000000000e+00 -0.0000000000e+00
8.7600000000e+03 2.2552828712e-16 4.8895235606e-19 3.0367800804e+08 1.9864488811e+06 5.2078923166e-20 1.7033010455e-22 -1.2149620067e+03 2.2668311497e+02 -4.6638893080e+09 -1.0016161728e+07 1.9278236886e+06 3.6000000000e+03 0.0000000000e+00 -0.0000000000e+00
1.2360000000e+04 4.5325868467e-16 1.4031730239e-18 2.9927586826e+08 2.8022965932e+06 7.4547073155e-20 3.4900647727e-22 -1.2307478646e+03 2.2655757906e+02 -4.6638893079e+09 -1.0016161728e+07 1.9278236886e+06 3.6000000000e+03 0.0000000000e+00 -0.0000000000e+00
1.5960000000e+04 7.6307525771e-16 3.0877525532e-18 2.9481605569e+08 3.6176030603e+06 9.7688698362e-20 5.9933241296e-22 -1.2470068982e+03 2.2638170300e+02 -4.6638893078e+09 -1.0016161728e+07 1.9278236887e+06 3.6000000000e+03 0.0000000000e+00 -0.0000000000e+00
1.9560000000e+04 1.1574729511e-15 5.8120992361e-18 2.9029681743e+08 4.4321789992e+06 1.2154347266e-19 9.2779357177e-22 -1.2637669820e+03 2.2615093005e+02 -4.6638893076e+09 -1.0016161728e+07 1.9278236887e+06 3.6000000000e+03 0.0000000000e+00 -0.0000000000e+00
2.3160000000e+04 1.6390956275e-15 9.8702500273e-18 2.8571629592e+08 5.2458178231e+06 1.4615451668e-19 1.3416024628e-21 -1.2810584120e+03 2.2586019279e+02 -4.6638893074e+09 -1.0016161728e+07 1.9278236887e+06 3.6000000000e+03 0.0000000000e+00 -0.0000000000e+00
2.6760000000e+04 2.2107491813e-15 1.5583664469e-17 2.8107251977e+08 6.0582936781e+06 1.7156879894e-19 1.8487995255e-21 -1.2989141877e+03 2.2550384210e+02 -4.6638893072e+09 -1.0016161728e+07 1.9278236886e+06 3.6000000000e+03 0.0000000000e+00 -0.0000000000e+00
3.0360000000e+04 2.8754162002e-15 2.3304412353e-17 2.7636339346e+08 6.8693592043e+06 1.9783759598e-19 2.4583713077e-21 -1.3173703354e+03 2.2507556414e+02 -4.6638893069e+09 -1.0016161728e+07 1.9278236886e+06 3.6000000000e+03 0.0000000000e+00 -0.0000000000e+00
3.3960000000e+04 3.6362724051e-15 3.3418822663e-17 2.7158668575e+08 7.6787429715e+06 2.2501702232e-19 3.1803891894e-21 -1.3364662806e+03 2.2456828287e+02 -4.6638893066e+09 -1.0016161728e+07 1.9278236887e+06 3.6000000000e+03 0.0000000000e+00 -0.0000000000e+00
3.7560000000e+04 4.4967051428e-15 4.6351675149e-17 2.6674001675e+08 8.4861465343e+06 2.5316864306e-19 4.0261729120e-21 -1.3562452782e+03 2.2397404518e+02 -4.6638893063e+09 -1.0016161728e+07 1.9278236887e+06 3.6000000000e+03 0.0000000000e+00 -0.0000000000e+00
4.1160000000e+04 5.4603342555e-15 6.2571033027e-17 2.6182084319e+08 9.2912410371e+06 2.8236018497e-19 5.0084842138e-21 -1.3767549121e+03 2.2328388481e+02 -4.6638893059e+09 -1.0016161728e+07 1.9278236887e+06 3.6000000000e+03 0.0000000000e+00 -0.0000000000e+00
4.4760000000e+04 6.5310357162e-15 8.2593836669e-17 2.5682644185e+08 1.0093663284e+07 3.1266636537e-19 6.1417572005e-21 -1.3980476779e+03 2.2248766055e+02 -4.6638893054e+09 -1.0016161728e+07 1.9278236887e+06 3.6000000000e+03 0.0000000000e+00 -0.0000000000e+00
4.8360000000e+04 7.7129684955e-15 1.0699240497e-16 2.5175389070e+08 1.0893011169e+07 3.4416986289e-19 7.4423737983e-21 -1.4201816646e+03 2.2157386263e+02 -4.6638893048e+09 -1.0016161728e+07 1.9278236887e+06 3.6000000000e+03 0.0000000000e+00 -0.0000000000e+00
5.1960000000e+04 9.0106052220e-15 1.3640202496e-16 2.4660004732e+08 1.1688838349e+07 3.7696245972e-19 8.9289948675e-21 -1.4432213573e+03 2.2052938015e+02 -4.6638893041e+09 -1.0016161728e+07 1.9278236887e+06 3.6000000000e+03 0.0000000000e+00 -0.0000000000e+00
5.5560000000e+04 1.0428767317e-14 1.7152985337e-16 2.4136152423e+08 1.2480647983e+07 4.1114639272e-19 1.0622960486e-20 -1.4672385865e+03 2.1933921984e+02 -4.6638893032e+09 -1.0016161728e+07 1.9278236887e+06 3.6000000000e+03 0.0000000000e+00 -0.0000000000e+00
5.9160000000e+04 1.1972665441e-14 2.1316540909e-16 2.3603466049e+08 1.3267885364e+07 4.4683596031e-19 1.2548776780e-20 -1.4923136568e+03 2.1798616397e+02 -4.6638893021e+09 -1.0016161728e+07 1.9278236887e+06 3.6000000000e+03 0.0000000000e+00 -0.0000000000e+00
6.2760000000e+04 1.3647946268e-14 2.6219300685e-16 2.3061548880e+08 1.4049929184e+07 4.8415944471e-19 1.4734711840e-20 -1.5185366979e+03 2.1645035171e+02 -4.6638893008e+09 -1.0016161728e+07 1.9278236887e+06 3.6000000000e+03 0.0000000000e+00 -0.0000000000e+00
6.6360000000e+04 1.5460746862e-14 3.1960657563e-16 2.2509969735e+08 1.4826081119e+07 5.2326142605e-19 1.7213530224e-20 -1.5460092899e+03 2.1470876308e+02 -4.6638892992e+09 -1.0016161728e+07 1.9278236887e+06 3.6000000000e+03 0.0000000000e+00 -0.0000000000e+00
6.9960000000e+04 1.7417758234e-14 3.8652742733e-16 2.1948258510e+08 1.5595553348e+07 5.6430558668e-19 2.0023404981e-20 -1.5748464343e+03 2.1273457813e+02 -4.6638892972e+09 -1.0016161728e+07 1.9278236887e+06 3.6000000000e+03 0.0000000000e+00 -0.0000000000e+00
7.3560000000e+04 1.9526300062e-14 4.6422570391e-16 2.1375900933e+08 1.6357453486e+07 6.0747813441e-19 2.3209059187e-20 -1.6051789584e+03 2.1049637496e+02 -4.6638892947e+09 -1.0016161728e+07 1.9278236887e+06 3.6000000000e+03 0.0000000000e+00 -0.0000000000e+00
7.7160000000e+04 2.1794409099e-14 5.5414644888e-16 2.0792332352e+08 1.7110766262e+07 6.5299201379e-19 2.6823207037e-20 -1.6371564746e+03 2.0795711720e+02 -4.6638892914e+09 -1.0016161728e+07 1.9278236887e+06 3.6000000000e+03 0.0000000000e+00 -0.0000000000e+00
8.0760000000e+04 2.4230944481e-14 6.5794154463e-16 2.0196930334e+08 1.7854331081e+07 7.0109213042e-19 3.0928390114e-20 -1.6709510507e+03 2.0507286387e+02 -4.6638892873e+09 -1.0016161728e+07 1.9278236887e+06 3.6000000000e+03 0.0000000000e+00 -0.0000000000e+00
8.4360000000e+04 2.6845714111e-14 7.7750916291e-16 1.9589005788e+08 1.8586814312e+07 7.5206189166e-19 3.5599340917e-20 -1.7067618053e+03 2.0179110879e+02 -4.6638892819e+09 -1.0016161728e+07 1.9278236887e+06 3.6000000000e+03 0.0000000000e+00 -0.0000000000e+00
8.7960000000e+04 2.9649627561e-14 9.1504294049e-16 1.8967792219e+08 1.9306674731e+07 8.0623147673e-19 4.0926058646e-20 -1.7448207185e+03 1.9804861958e+02 -4.6638892747e+09 -1.0016161728e+07 1.9278236887e+06 3.6000000000e+03 0.0000000000e+00 -0.0000000000e+00
9.1560000000e+04 3.2654882677e-14 1.0730938895e-15 1.8332432622e+08 2.0012120026e+07 8.6398840765e-19 4.7017860303e-20 -1.7854000586e+03 1.9376859140e+02 -4.6638892652e+09 -1.0016161728e+07 1.9278236886e+06 3.6000000000e+03 0.0000000000e+00 -0.0000000000e+00
9.5160000000e+04 3.5875195550e-14 1.2546491948e-15 1.7681963319e+08 2.0701051438e+07 9.2579122274e-19 5.4008787250e-20 -1.8288219894e+03 1.8885684838e+02 -4.6638892523e+09 -1.0016161728e+07 1.9278236886e+06 3.6000000000e+03 0.0000000000e+00 -0.0000000000e+00
9.8760000000e+04 3.9326086941e-14 1.4632337184e-15 1.7015293842e+08 2.1370992438e+07 9.9218739639e-19 6.2064926598e-20 -1.8754711599e+03 1.8319669965e+02 -4.6638892344e+09 -1.0016161728e+07 1.9278236886e+06 3.6000000000e+03 0.0000000000e+00 -0.0000000000e+00
1.0236000000e+05 4.3025243253e-14 1.7030425124e-15 1.6331181563e+08 2.2018995634e+07 1.0638371673e-18 7.1394487061e-20 -1.9258114460e+03 1.7664186023e+02 -4.6638892092e+09 -1.0016161728e+07 1.9278236886e+06 3.6000000000e+03 0.0000000000e+00 -0.0000000000e+00
1.0596000000e+05 4.6992977455e-14 1.9791164039e-15 1.5628199317e+08 2.2641519398e+07 1.1415457392e-18 8.2261917664e-20 -1.9804085744e+03 1.6900653134e+02 -4.6638891730e+09 -1.0016161728e+07 1.9278236886e+06 3.6000000000e+03 0.0000000000e+00 -0.0000000000e+00
1.0956000000e+05 5.1252826360e-14 2.2975785744e-15 1.4904693436e+08 2.3234261657e+07 1.2263075919e-18 9.5008095829e-20 -2.0399612550e+03 1.6005121651e+02 -4.6638891195e+09 -1.0016161728e+07 1.9278236886e+06 3.6000000000e+03 0.0000000000e+00 -0.0000000000e+00
1.1316000000e+05 5.5832337505e-14 2.6659593955e-15 1.4158728462e+08 2.3791931659e+07 1.3193687160e-18 1.1007986207e-19 -2.1053449059e+03 1.4946197087e+02 -4.6638890383e+09 -1.0016161728e+07 1.9278236886e+06 3.3315179934e+03 0.0000000000e+00 -0.0000000000e+00
1.1615568009e+05 5.9910063213e-14 3.0172433819e-15 1.3519229706e+08 2.4224552257e+07 1.4042633695e-18 1.2481811038e-19 -2.1649908907e+03 1.3910705100e+02 -4.6638889896e+09 -1.0016161728e+07 1.9278236886e+06 3.0150598239e+03 0.0000000000e+00 -0.0000000000e+00
1.1917073992e+05 6.4282777605e-14 3.4190103589e-15 1.2856721740e+08 2.4626099476e+07 1.4977815316e-18 1.4215239535e-19 -2.2306956511e+03 1.2692818631e+02 -4.6638889142e+09 -1.0016161728e+07 1.9278236886e+06 2.7228390886e+03 0.0000000000e+00 -0.0000000000e+00
1.2161772554e+05 6.8047830584e-14 3.7863743285e-15 1.2303847621e+08 2.4922977031e+07 1.5806447324e-18 1.5848032237e-19 -2.2889143611e+03 1.1545637688e+02 -4.6638888750e+09 -1.0016161728e+07 1.9278236886e+06 2.4635775256e+03 0.0000000000e+00 -0.0000000000e+00
1.2408130306e+05 7.2052081635e-14 4.1995698624e-15 1.1732212583e+08 2.5191416958e+07 1.6714459389e-18 1.7742453187e-19 -2.3527102206e+03 1.0214639816e+02 -4.6638888160e+09 -1.0016161728e+07 1.9278236886e+06 2.2236359716e+03 0.0000000000e+00 -0.0000000000e+00
1.2607643003e+05 7.5465439399e-14 4.5707133952e-15 1.1257293914e+08 2.5383156234e+07 1.7512580052e-18 1.9499076076e-19 -2.4087852394e+03 8.9804572397e+01 -4.6638887864e+09 -1.0016161728e+07 1.9278236886e+06 2.0100207481e+03 0.0000000000e+00 -0.0000000000e+00
1.2788413607e+05 7.8700752213e-14 4.9391256156e-15 1.0816969629e+08 2.5534306911e+07 1.8291555935e-18 2.1296669955e-19 -2.4635151685e+03 7.7174889287e+01 -4.6638887613e+09 -1.0016161728e+07 1.9278236886e+06 1.8216951980e+03 0.0000000000e+00 -0.0000000000e+00
1.2951632797e+05 8.1747206274e-14 5.3013171432e-15 1.0410596433e+08 2.5650021076e+07 1.9046801475e-18 2.3118433572e-19 -2.5165778316e+03 6.4375392438e+01 -4.6638887407e+09 -1.0016161728e+07 1.9278236886e+06 1.6463873834e+03 0.0000000000e+00 -0.0000000000e+00
1.3098237536e+05 8.4592181907e-14 5.6533841455e-15 1.0037956876e+08 2.5735166577e+07 1.9772669797e-18 2.4943086918e-19 -2.5675764859e+03 5.1555592695e+01 -4.6638887244e+09 -1.0016161728e+07 1.9278236886e+06 1.4811256823e+03 0.0000000000e+00 -0.0000000000e+00
1.3228750126e+05 8.7217244582e-14 5.9904672519e-15 9.6997306839e+07 2.5794342143e+07 2.0461359368e-18 2.6741585360e-19 -2.6159630050e+03 3.8919554227e+01 -4.6638887123e+09 -1.0016161728e+07 1.9278236886e+06 1.3223133862e+03 0.0000000000e+00 -0.0000000000e+00
1.3343041613e+05 8.9592018590e-14 6.3058384944e-15 9.3982039713e+07 2.5831982296e+07 2.1101100874e-18 2.8471379946e-19 -2.6609104906e+03 2.6766220976e+01 -4.6638887042e+09 -1.0016161728e+07 1.9278236887e+06 1.1649738131e+03 0.0000000000e+00 -0.0000000000e+00
1.3439601986e+05 9.1656837635e-14 6.5883322867e-15 9.1393481783e+07 2.5852507097e+07 2.1671035417e-18 3.0060707682e-19 -2.7009534211e+03 1.5599791283e+01 -4.6638886998e+09 -1.0016161728e+07 1.9278236887e+06 1.0012081255e+03 0.0000000000e+00 -0.0000000000e+00
1.3511597254e+05 9.3232932433e-14 6.8092810049e-15 8.9437764061e+07 2.5860558402e+07 2.2115086432e-18 3.1330718020e-19 -2.7321519230e+03 6.6768480617e+00 -4.6638886986e+09 -1.0016161728e+07 1.9278236887e+06 8.2419660132e+02 0.0000000000e+00 -0.0000000000e+00
1.3585069188e+05 9.4874968415e-14 7.0444847250e-15 8.7418316219e+07 2.5861943430e+07 2.2586395425e-18 3.2709252182e-19 -2.7652655383e+03 -3.0085707864e+00 -4.6638886970e+09 -1.0016161728e+07 1.9278236887e+06 6.9820926229e+02 0.0000000000e+00 -0.0000000000e+00
1.3654890115e+05 9.6468136283e-14 7.2776816789e-15 8.5476224996e+07 2.5856457800e+07 2.3052496436e-18 3.4103672563e-19 -2.7980132470e+03 -1.2805604334e+01 -4.6638886955e+09 -1.0016161728e+07 1.9278236887e+06 8.6209886066e+02 0.0000000000e+00 -0.0000000000e+00
1.3741100001e+05 9.8481218050e-14 7.5795457067e-15 8.3045984299e+07 2.5839898110e+07 2.3654438115e-18 3.5950550079e-19 -2.8403049612e+03 -2.5781548480e+01 -4.6638886902e+09 -1.0016161728e+07 1.9278236887e+06 9.4469870765e+02 0.0000000000e+00 -0.0000000000e+00
1.3835569871e+05 1.0074841881e-13 7.9294127561e-15 8.0339869240e+07 2.5808345937e+07 2.4350628497e-18 3.8151822771e-19 -2.8892184784e+03 -4.1247431440e+01 -4.6638886797e+09 -1.0016161728e+07 1.9278236886e+06 9.8506312068e+02 0.0000000000e+00 -0.0000000000e+00
1.3934076183e+05 1.0318468424e-13 8.3174429481e-15 7.7467407046e+07 2.5759135550e+07 2.5121592853e-18 4.0671860838e-19 -2.9433855270e+03 -5.8952922423e+01 -4.6638886627e+09 -1.0016161728e+07 1.9278236886e+06 9.9993968852e+02 0.0000000000e+00 -0.0000000000e+00
1.4034070152e+05 1.0573797746e-13 8.7380335409e-15 7.4495192366e+07 2.5690422655e+07 2.5956675781e-18 4.3500089574e-19 -3.0020574711e+03 -7.8823724792e+01 -4.6638886383e+09 -1.0016161728e+07 1.9278236887e+06 9.9785331396e+02 0.0000000000e+00 -0.0000000000e+00
1.4133855484e+05 1.0837208453e-13 9.1874725800e-15 7.1468657358e+07 2.5600967987e+07 2.6849276651e-18 4.6637781507e-19 -3.0647705581e+03 -1.0086877917e+02 -4.6638886055e+09 -1.0016161728e+07 1.9278236886e+06 9.8392128441e+02 0.0000000000e+00 -0.0000000000e+00
1.4232247612e+05 1.1105979862e-13 9.6630313525e-15 6.8420875801e+07 2.5490002077e+07 2.7794982025e-18 5.0093041702e-19 -3.1312147051e+03 -1.2514503080e+02 -4.6638885635e+09 -1.0016161728e+07 1.9278236886e+06 9.6154755737e+02 0.0000000000e+00 -0.0000000000e+00
1.4328402368e+05 1.1377968485e-13 1.0162547604e-14 6.5376855047e+07 2.5357129501e+07 2.8790688427e-18 5.3878563949e-19 -3.2011718655e+03 -1.5174166475e+02 -4.6638885113e+09 -1.0016161728e+07 1.9278236886e+06 9.3314776986e+02 0.0000000000e+00 -0.0000000000e+00
1.4421717145e+05 1.1651433406e-13 1.0684210326e-14 6.2355927507e+07 2.5202255925e+07 2.9834133038e-18 5.8010517100e-19 -3.2744830563e+03 -1.8077228148e+02 -4.6638884481e+09 -1.0016161728e+07 1.9278236886e+06 9.0050904492e+02 0.0000000000e+00 -0.0000000000e+00
1.4511768049e+05 1.1924932769e-13 1.1226439616e-14 5.9373218546e+07 2.5025529966e+07 3.0923617470e-18 6.2507963825e-19 -3.3510289507e+03 -2.1237081306e+02 -4.6638883729e+09 -1.0016161728e+07 1.9278236886e+06 8.6498944228e+02 0.0000000000e+00 -0.0000000000e+00
1.4598266994e+05 1.2197257774e-13 1.1787816067e-14 5.6440615786e+07 2.4827295492e+07 3.2057832497e-18 6.7392559285e-19 -3.4307175641e+03 -2.4668940610e+02 -4.6638882847e+09 -1.0016161728e+07 1.9278236886e+06 8.2763845359e+02 0.0000000000e+00 -0.0000000000e+00
1.4681030839e+05 1.2467388014e-13 1.2367037898e-14 5.3567446549e+07 2.4608051756e+07 3.3235739558e-18 7.2688410921e-19 -3.5134759285e+03 -2.8389743665e+02 -4.6638881828e+09 -1.0016161728e+07 1.9278236886e+06 7.8927496656e+02 0.0000000000e+00 -0.0000000000e+00
1.4759958336e+05 1.2734459659e-13 1.2962894512e-14 5.0760973092e+07 2.4368419671e+07 3.4456485932e-18 7.8422038854e-19 -3.5992441325e+03 -3.2418123197e+02 -4.6638880659e+09 -1.0016161728e+07 1.9278236886e+06 7.5054060015e+02 0.0000000000e+00 -0.0000000000e+00
1.4835012396e+05 1.2997741787e-13 1.3574250182e-14 4.8026767835e+07 2.4109113070e+07 3.5719340612e-18 8.4622404315e-19 -3.6879708166e+03 -3.6774427024e+02 -4.6638879333e+09 -1.0016161728e+07 1.9278236886e+06 7.1193786562e+02 0.0000000000e+00 -0.0000000000e+00
1.4906206182e+05 1.3256618063e-13 1.4200034200e-14 4.5369005951e+07 2.3830914072e+07 3.7023643169e-18 9.1320987921e-19 -3.7796095798e+03 -4.1480773059e+02 -4.6638877836e+09 -1.0016161728e+07 1.9278236886e+06 6.7385848543e+02 0.0000000000e+00 -0.0000000000e+00
1.4973592031e+05 1.3510572098e-13 1.4839235242e-14 4.2790698829e+07 2.3534651923e+07 3.8368760728e-18 9.8551907605e-19 -3.8741159571e+03 -4.6561132159e+02 -4.6638876160e+09 -1.0016161728e+07 1.9278236886e+06 6.3660502924e+02 0.0000000000e+00 -0.0000000000e+00
1.5037252534e+05 1.3759175393e-13 1.5490898529e-14 4.0293883804e+07 2.3221184759e+07 3.9754049831e-18 1.0635207068e-18 -3.9714447397e+03 -5.2041434966e+02 -4.6638874293e+09 -1.0016161728e+07 1.9278236886e+06 6.0040782759e+02 0.0000000000e+00 -0.0000000000e+00
1.5097293316e+05 1.4002077185e-13 1.6154124903e-14 3.7879780638e+07 2.2891383880e+07 4.1178820895e-18 1.1476135745e-18 -4.0715474784e+03 -5.7949700918e+02 -4.6638872223e+09 -1.0016161728e+07 1.9278236886e+06 5.6543844176e+02 0.0000000000e+00 -0.0000000000e+00
1.5153837161e+05 1.4238995722e-13 1.6828071211e-14 3.5548922058e+07 2.2546120147e+07 4.2642303566e-18 1.2382283596e-18 -4.1743700491e+03 -6.4316189118e+02 -4.6638869938e+09 -1.0016161728e+07 1.9278236886e+06 5.3182053721e+02 0.0000000000e+00 -0.0000000000e+00
1.5207019214e+05 1.4469710656e-13 1.7511951626e-14 3.3301263663e+07 2.2186252193e+07 4.4143611559e-18 1.3358300876e-18 -4.2798501825e+03 -7.1173571699e+02 -4.6638867426e+09 -1.0016161728e+07 1.9278236886e+06 4.9963876342e+02 0.0000000000e+00 -0.0000000000e+00
1.5256983091e+05 1.4694056325e-13 1.8205039678e-14 3.1136277069e+07 2.1812616145e+07 4.5681705784e-18 1.4409209404e-18 -4.3879148732e+03 -7.8557131380e+02 -4.6638864674e+09 -1.0016161728e+07 1.9278236886e+06 4.6894606206e+02 0.0000000000e+00 -0.0000000000e+00
1.5303877697e+05 1.4911915780e-13 1.8906670840e-14 2.9053029278e+07 2.1426016619e+07 4.7255354583e-18 1.5540434475e-18 -4.4984775865e+03 -8.6504985645e+02 -4.6638861670e+09 -1.0016161728e+07 1.9278236886e+06 4.3976972008e+02 0.0000000000e+00 -0.0000000000e+00
1.5347854669e+05 1.5123215424e-13 1.9616245630e-14 2.7050250527e+07 2.1027218718e+07 4.8863089895e-18 1.6757841038e-18 -4.6114351780e+03 -9.5058340930e+02 -4.6638858401e+09 -1.0016161728e+07 1.9278236886e+06 4.1211640864e+02 0.0000000000e+00 -0.0000000000e+00
1.5389066310e+05 1.5327920204e-13 2.0333233223e-14 2.5126392403e+07 2.0616940820e+07 5.0503158067e-18 1.8067774772e-18 -4.7266644383e+03 -1.0426178124e+03 -4.6638854854e+09 -1.0016161728e+07 1.9278236887e+06 3.8597638918e+02 0.0000000000e+00 -0.0000000000e+00
1.5427663949e+05 1.5526029270e-13 2.1057175623e-14 2.3279677651e+07 2.0195847928e+07 5.2173463831e-18 1.9477108863e-18 -4.8440181562e+03 -1.1416359676e+03 -4.6638851017e+09 -1.0016161728e+07 1.9278236886e+06 3.6132703630e+02 0.0000000000e+00 -0.0000000000e+00
1.5463796652e+05 1.5717572071e-13 2.1787692517e-14 2.1508142819e+07 1.9764545331e+07 5.3871505694e-18 2.0993297481e-18 -4.9633205798e+03 -1.2481615962e+03 -4.6638846876e+09 -1.0016161728e+07 1.9278236886e+06 3.3813579350e+02 0.0000000000e+00 -0.0000000000e+00
1.5497610232e+05 1.5902604833e-13 2.2524486966e-14 1.9809674660e+07 1.9323572360e+07 5.5594300630e-18 2.2624437251e-18 -5.0843621252e+03 -1.3627635574e+03 -4.6638842422e+09 -1.0016161728e+07 1.9278236886e+06 3.1636265993e+02 0.0000000000e+00 -0.0000000000e+00
1.5529246498e+05 1.6081207412e-13 2.3267352160e-14 1.8182041059e+07 1.8873395947e+07 5.7338295395e-18 2.4379338343e-18 -5.2068931456e+03 -1.4860608435e+03 -4.6638837642e+09 -1.0016161728e+07 1.9278236886e+06 2.9596228902e+02 0.0000000000e+00 -0.0000000000e+00
1.5558842726e+05 1.6253480482e-13 2.4016179560e-14 1.6622917075e+07 1.8414403698e+07 5.9099261114e-18 2.6267607294e-18 -5.3306165254e+03 -1.6187283985e+03 -4.6638832528e+09 -1.0016161728e+07 1.9278236886e+06 2.7688577011e+02 0.0000000000e+00 -0.0000000000e+00
1.5586531304e+05 1.6419543047e-13 2.4770968829e-14 1.5129906598e+07 1.7946896101e+07 6.0872166778e-18 2.8299744273e-18 -5.4551787915e+03 -1.7615039519e+03 -4.6638827073e+09 -1.0016161728e+07 1.9278236886e+06 2.5908215138e+02 0.0000000000e+00 -0.0000000000e+00
1.5612439519e+05 1.6579530279e-13 2.5531840110e-14 1.3700559981e+07 1.7471077445e+07 6.2651025916e-18 3.0487258364e-18 -5.5801593418e+03 -1.9151961184e+03 -4.6638821272e+09 -1.0016161728e+07 1.9278236886e+06 2.4249976492e+02 0.0000000000e+00 -0.0000000000e+00
1.5636689495e+05 1.6733591662e-13 2.6299049401e-14 1.2332387904e+07 1.6987044845e+07 6.4428708853e-18 3.2842805592e-18 -5.7050572536e+03 -2.0806940954e+03 -4.6638815125e+09 -1.0016161728e+07 1.9278236886e+06 2.2708740423e+02 0.0000000000e+00 -0.0000000000e+00
1.5659398236e+05 1.6881889458e-13 2.7073008056e-14 1.1022871605e+07 1.6494774656e+07 6.6196710191e-18 3.5380356060e-18 -5.8292749475e+03 -2.2589794059e+03 -4.6638808635e+09 -1.0016161728e+07 1.9278236886e+06 2.1279541074e+02 0.0000000000e+00 -0.0000000000e+00
1.5680677777e+05 1.7024597509e-13 2.7854307820e-14 9.7694694828e+06 1.5994105225e+07 6.7944857278e-18 3.8115398833e-18 -5.9520977052e+03 -2.4511402934e+03 -4.6638801816e+09 -1.0016161728e+07 1.9278236886e+06 1.9957673156e+02 0.0000000000e+00 -0.0000000000e+00
1.5700635450e+05 1.7161900398e-13 2.8643753396e-14 8.5696199118e+06 1.5484714611e+07 6.9660939656e-18 4.1065196530e-18 -6.0726676342e+03 -2.6583896093e+03 -4.6638794688e+09 -1.0016161728e+07 1.9278236886e+06 1.8738801945e+02 0.0000000000e+00 -0.0000000000e+00
1.5719374252e+05 1.7293993021e-13 2.9442405389e-14 7.4207398950e+06 1.4966091241e+07 7.1330230766e-18 4.4249106370e-18 -6.1899500637e+03 -2.8820873689e+03 -4.6638787283e+09 -1.0016161728e+07 1.9278236886e+06 1.7619087139e+02 0.0000000000e+00 -0.0000000000e+00
1.5736993339e+05 1.7421080632e-13 3.0251637800e-14 6.3202189104e+06 1.4437494650e+07 7.2934859860e-18 4.7688991489e-18 -6.3026894161e+03 -3.1237696504e+03 -4.6638779652e+09 -1.0016161728e+07 1.9278236886e+06 1.6595333495e+02 0.0000000000e+00 -0.0000000000e+00
1.5753588672e+05 1.7543379467e-13 3.1073216205e-14 5.2654069225e+06 1.3897902007e+07 7.4452970939e-18 5.1409756887e-18 -6.4093501144e+03 -3.3851862499e+03 -4.6638771868e+09 -1.0016161728e+07 1.9278236886e+06 1.5665186904e+02 0.0000000000e+00 -0.0000000000e+00
1.5769253859e+05 1.7661118090e-13 3.1909405966e-14 4.2535950375e+06 1.3345933999e+07 7.5857571259e-18 5.5440060070e-18 -6.5080356805e+03 -3.6683506100e+03 -4.6638764035e+09 -1.0016161728e+07 1.9278236886e+06 1.4827403469e+02 0.0000000000e+00 -0.0000000000e+00
1.5784081263e+05 1.7774539632e-13 3.2763124804e-14 3.2819866609e+06 1.2779750151e+07 7.7114914785e-18 5.9813269707e-18 -6.5963751574e+03 -3.9756071742e+03 -4.6638756297e+09 -1.0016161728e+07 1.9278236886e+06 1.4082231172e+02 0.0000000000e+00 -0.0000000000e+00
1.5798163494e+05 1.7883905127e-13 3.3638162047e-14 2.3476564934e+06 1.2196898172e+07 7.8182167467e-18 6.4568778227e-18 -6.6713590752e+03 -4.3097236080e+03 -4.6638748857e+09 -1.0016161728e+07 1.9278236886e+06 1.3012546233e+02 0.0000000000e+00 -0.0000000000e+00
1.5809036160e+05 1.7969295902e-13 3.4362317968e-14 1.6195905062e+06 1.1712774252e+07 7.8866858732e-18 6.8711906462e-18 -6.7194646780e+03 -4.6008149236e+03 -4.6638746456e+09 -1.0016161728e+07 1.9278236886e+06 1.1143867868e+02 0.0000000000e+00 -0.0000000000e+00
1.5818227032e+05 1.8041994705e-13 3.5011349062e-14 1.0005146074e+06 1.1277617795e+07 7.9305777686e-18 7.2581508222e-18 -6.7503026073e+03 -4.8726885908e+03 -4.6638745327e+09 -1.0016161728e+07 1.9278236886e+06 9.5049996179e+01 6.8032836424e-293 -4.8143144004e-285
1.5825547239e+05 1.8100138563e-13 3.5554769311e-14 5.0574343838e+05 1.0912419553e+07 7.9531892753e-18 7.5931307035e-18 -6.7661891859e+03 -5.1080415144e+03 -4.6638744950e+09 -1.0016161728e+07 1.9278236886e+06 7.8897395329e+01 5.1926141993e-269 -3.7418734014e-261
1.5829796413e+05 1.8133949456e-13 3.5881764155e-14 2.1812100689e+05 1.0692314069e+07 7.9600699809e-18 7.7993428319e-18 -6.7710234887e+03 -5.2529237298e+03 -4.6638744925e+09 -1.0016161728e+07 1.9278236886e+06 6.4470699778e+01 3.1657507623e-255 -2.3060136928e-247
1.5836243483e+05 1.8185275576e-13 3.6395128920e-14 -2.1846074386e+05 1.0346252158e+07 7.9599518630e-18 8.1298007231e-18 -6.7709405004e+03 -5.4850995564e+03 -4.6638744735e+09 -1.0016161728e+07 1.9278236886e+06 6.2673209962e+01 1.8789213542e-234 -1.3916813632e-226
1.5842510804e+05 1.8235125524e-13 3.6915275216e-14 -6.4255296593e+05 9.9950179491e+06 7.9453245736e-18 8.4725102896e-18 -6.7606635390e+03 -5.7258832660e+03 -4.6638744584e+09 -1.0016161728e+07 1.9278236886e+06 7.5302382582e+01 1.8318232950e-214 -1.3794820709e-206
1.5850041042e+05 1.8294819782e-13 3.7569687094e-14 -1.1506920167e+06 9.5523146527e+06 7.9045804993e-18 8.9139291107e-18 -6.7320372317e+03 -6.0360189365e+03 -4.6638744285e+09 -1.0016161728e+07 1.9278236886e+06 8.2039753110e+01 8.6575276743e-191 -6.6537567664e-183
1.5858245018e+05 1.8359368649e-13 3.8322016160e-14 -1.7008781089e+06 9.0423439469e+06 7.8245053758e-18 9.4335275370e-18 -6.6757773920e+03 -6.4010826779e+03 -4.6638743939e+09 -1.0016161728e+07 1.9278236886e+06 8.6259895725e+01 1.5282993434e-165 -1.2014663948e-157
1.5866871007e+05 1.8426323440e-13 3.9160916223e-14 -2.2729408329e+06 8.4725066165e+06 7.6898148695e-18 1.0024692791e-17 -6.5811454269e+03 -6.8164284302e+03 -4.6638743414e+09 -1.0016161728e+07 1.9278236886e+06 8.9946021648e+01 8.6110253594e-140 -6.9350870393e-132
1.5875865609e+05 1.8494605378e-13 4.0092136652e-14 -2.8586715642e+06 7.8386421067e+06 7.4798442756e-18 1.0689548394e-17 -6.4336225579e+03 -7.2835481553e+03 -4.6638741667e+09 -1.0016161728e+07 1.9278236886e+06 9.5266111701e+01 4.6183557447e-114 -3.8149417794e-106
1.5885392220e+05 1.8564429143e-13 4.1146006440e-14 -3.4615040386e+06 7.1198122122e+06 7.1603289667e-18 1.1442929169e-17 -6.2091348608e+03 -7.8128646247e+03 -4.6638734362e+09 -1.0016161728e+07 1.9278236886e+06 1.0800648809e+02 2.0210449479e-88 -1.7143991478e-80
1.5896192869e+05 1.8639156093e-13 4.2430193013e-14 -4.1137986159e+06 6.2420540065e+06 6.6478466507e-18 1.2342961396e-17 -5.8490708148e+03 -8.4452166789e+03 -4.6638696103e+09 -1.0016161728e+07 1.9278236886e+06 9.8052093564e+01 6.1291890610e-62 -5.3520077292e-54
1.5904798930e+05 1.8694118143e-13 4.3523906459e-14 -4.6013669303e+06 5.4931425930e+06 6.1033706361e-18 1.3074255484e-17 -5.4665283726e+03 -8.9590153013e+03 -4.6638667861e+09 -1.0016161728e+07 1.9278236886e+06 8.6100651629e+01 2.5604158930e-43 -2.2841023203e-35
1.5913408996e+05 1.8743839921e-13 4.4680684845e-14 -5.0521648835e+06 4.6999315754e+06 5.4229133796e-18 1.3791057370e-17 -4.9884471095e+03 -9.4626318738e+03 -4.6638620763e+09 -1.0016161728e+07 1.9278236886e+06 7.8701869466e+01 2.2412262190e-27 -2.0378254925e-19
1.5921279182e+05 1.8783662112e-13 4.5790576674e-14 -5.4246909872e+06 3.9379844376e+06 4.6772314682e-18 1.4404753422e-17 -4.4645397713e+03 -9.8938074998e+03 -4.6638579495e+09 -1.0016161728e+07 1.9278236886e+06 7.3688787198e+01 1.5067285816e-15 -1.3901530530e-07
1.5927677216e+05 1.8811417219e-13 4.6726838445e-14 -5.6950877422e+06 3.2946888505e+06 3.9868769712e-18 1.4853308586e-17 -3.9795048235e+03 -1.0208957081e+04 -4.6638563368e+09 -1.0016161727e+07 1.9278236906e+06 6.4848872582e+01 4.1822928899e-08 -3.8952129591e+00
1.5930722937e+05 1.8823026364e-13 4.7182198084e-14 -5.8125421464e+06 2.9816663062e+06 3.6339126294e-18 1.5045776979e-17 -3.7315161823e+03 -1.0344182980e+04 -4.6638691190e+09 -1.0016161327e+07 1.9278247864e+06 5.3573059743e+01 2.6895502417e-05 -2.5139638690e+03
1.5932405821e+05 1.8828973140e-13 4.7436246340e-14 -5.8741541233e+06 2.8069918329e+06 3.4327550203e-18 1.5145408387e-17 -3.5901841748e+03 -1.0414179862e+04 -4.6641638278e+09 -1.0016152504e+07 1.9278500565e+06 2.9806093585e+01 5.8917726973e-04 -5.5166454501e+04
1.5933977022e+05 1.8834216715e-13 4.7674911706e-14 -5.9295093741e+06 2.6428721348e+06 3.2412771963e-18 1.5233811135e-17 -3.4556400479e+03 -1.0476248549e+04 -4.6683190564e+09 -1.0016032991e+07 1.9282074318e+06 1.8907707861e+01 7.6521046876e-03 -7.1751839746e+05
1.5935253426e+05 1.8838253280e-13 4.7869796483e-14 -5.9729099980e+06 2.5088451198e+06 3.0832690794e-18 1.5302199591e-17 -3.3445369688e+03 -1.0524022884e+04 -4.6953872057e+09 -1.0015281293e+07 1.9305414396e+06 1.3619528686e+01 4.8877665808e-02 -4.5877974231e+06
1.5936320673e+05 1.8841472663e-13 4.8033402790e-14 -6.0081026109e+06 2.3963257380e+06 2.9495593302e-18 1.5356940848e-17 -3.2502531012e+03 -1.0561389343e+04 -4.8030015388e+09 -1.0012383040e+07 1.9398413260e+06 1.0937793971e+01 1.9655584233e-01 -1.8461854490e+07
1.5937255618e+05 1.8844175135e-13 4.8177198591e-14 -6.0380990663e+06 2.2974426004e+06 2.8312962032e-18 1.5403021018e-17 -3.1661847211e+03 -1.0590532054e+04 -5.1203003175e+09 -1.0004069204e+07 1.9673190632e+06 9.4436229120e+00 5.8992553108e-01 -5.5427265837e+07
1.5938199980e+05 1.8846792100e-13 4.8322871561e-14 -6.0675894225e+06 2.1973167429e+06 2.7108287426e-18 1.5447748987e-17 -3.0788294335e+03 -1.0612712505e+04 -6.0255423614e+09 -9.9809809340e+06 2.0459006609e+06 8.5564918493e+00 1.5952281402e+00 -1.4983570359e+08
1.5939055630e+05 1.8849064620e-13 4.8455217712e-14 -6.0935815916e+06 2.1064666531e+06 2.6008464528e-18 1.5486670530e-17 -2.9957710049e+03 -1.0619796646e+04 -8.0033866821e+09 -9.9317985251e+06 2.2181249137e+06 8.1441975558e+00 3.5476225202e+00 -3.3273557781e+08
1.5939870049e+05 1.8851139935e-13 4.8581490174e-14 -6.1176382109e+06 2.0200189293e+06 2.4954713870e-18 1.5522278660e-17 -2.9106469023e+03 -1.0604906087e+04 -1.1881809516e+10 -9.8375435461e+06 2.5573464152e+06 8.2339136876e+00 6.9198457728e+00 -6.4683417679e+08
1.5940693441e+05 1.8853150602e-13 4.8709442554e-14 -6.1412185356e+06 1.9328780716e+06 2.3882907730e-18 1.5556838046e-17 -2.8150300723e+03 -1.0554016368e+04 -1.9136080476e+10 -9.6648831181e+06 3.1962976843e+06 9.1173954142e+00 1.2366410397e+01 -1.1481642420e+09
1.5941605180e+05 1.8855273731e-13 4.8851448455e-14 -6.1663431501e+06 1.8371385656e+06 2.2689061085e-18 1.5593404991e-17 -2.6931184277e+03 -1.0434564848e+04 -3.2973815247e+10 -9.3415993550e+06 4.4300133960e+06 9.3820885723e+00 2.0968952199e+01 -1.9207619102e+09
1.5942369216e+05 1.8856968865e-13 4.8970700198e-14 -6.1864777964e+06 1.7580088595e+06 2.1683362346e-18 1.5622672472e-17 -2.5748988657e+03 -1.0268050781e+04 -5.0499146248e+10 -8.9373363652e+06 6.0201683642e+06 7.7595727448e+00 2.9707733147e+01 -2.6731264675e+09
1.5943055235e+05 1.8858425303e-13 4.9077961853e-14 -6.2037397195e+06 1.6882474270e+06 2.0776604221e-18 1.5647891243e-17 -2.4555563221e+03 -1.0060796664e+04 -7.1125937835e+10 -8.4644406971e+06 7.9324348628e+06 6.9806255984e+00 3.7809973521e+01 -3.3283018541e+09
1.5943664286e+05 1.8859666118e-13 4.9173331506e-14 -6.2183477132e+06 1.6276481890e+06 1.9968840943e-18 1.5669451546e-17 -2.3400500490e+03 -9.8321183811e+03 -9.2937886474e+10 -7.9650336055e+06 1.0004958391e+07 6.1539828583e+00 4.4395262538e+01 -3.8138802903e+09
1.5944279684e+05 1.8860869821e-13 4.9269826079e-14 -6.2323700447e+06 1.5679496951e+06 1.9150248575e-18 1.5690459449e-17 -2.2160805627e+03 -9.5638574986e+03 -1.1755515579e+11 -7.4001563336e+06 1.2410635094e+07 5.6598207773e+00 4.9846699161e+01 -4.1595385049e+09
1.5944845666e+05 1.8861932338e-13 4.9358684337e-14 -6.2445791268e+06 1.5145815518e+06 1.8395417083e-18 1.5709106423e-17 -2.0977012749e+03 -9.2912583644e+03 -1.4164772596e+11 -6.8447177543e+06 1.4839087462e+07 5.3452548563e+00 5.3486582756e+01 -4.3304601421e+09
1.5945380192e+05 1.8862896531e-13 4.9442699284e-14 -6.2554882755e+06 1.4656423957e+06 1.7680938198e-18 1.5726139240e-17 -1.9839289179e+03 -9.0179851263e+03 -1.6494645593e+11 -6.3043395097e+06 1.7263629970e+07 5.1259115140e+00 5.5658831887e+01 -4.3684337427e+09
1.5945892783e+05 1.8863785251e-13 4.9523350842e-14 -6.2653771386e+06 1.4201082011e+06 1.6994426618e-18 1.5741960240e-17 -1.8745091513e+03 -8.7473321840e+03 -1.8722420196e+11 -5.7842562092e+06 1.9658662989e+07 4.9587924018e+00 5.6682587627e+01 -4.3101653397e+09
1.5946388662e+05 1.8864611479e-13 4.9601448937e-14 -6.2744114800e+06 1.3773891053e+06 1.6329127788e-18 1.5756801094e-17 -1.7694663336e+03 -8.4820661695e+03 -2.0831480664e+11 -5.2887087206e+06 2.2002053694e+07 4.8271215578e+00 5.6851223904e+01 -4.1870739457e+09
1.5946871374e+05 1.8865384053e-13 4.9677542938e-14 -6.2827090879e+06 1.3370687273e+06 1.5680465170e-18 1.5770821986e-17 -1.6687477048e+03 -8.2239402714e+03 -2.2814720016e+11 -4.8199816908e+06 2.4279856596e+07 4.7240330789e+00 5.6423038441e+01 -4.0245466758e+09
1.5947343778e+05 1.8866109791e-13 4.9752076452e-14 -6.2903632937e+06 1.2988109021e+06 1.5044735828e-18 1.5784148641e-17 -1.5721454239e+03 -7.9736987308e+03 -2.4673384162e+11 -4.3785198673e+06 2.6486496470e+07 4.6457156231e+00 5.5612114047e+01 -3.8417554362e+09
1.5947808349e+05 1.8866794188e-13 4.9825434842e-14 -6.2974505656e+06 1.2623320153e+06 1.4418713148e-18 1.5796884818e-17 -1.4793321676e+03 -7.7313076972e+03 -2.6414315796e+11 -3.9634679326e+06 2.8622880705e+07 4.5891105333e+00 5.4587536496e+01 -3.6523596056e+09
1.5948267260e+05 1.8867441675e-13 4.9897956690e-14 -6.3040333444e+06 1.2273933603e+06 1.3799554244e-18 1.5809116832e-17 -1.3899181700e+03 -7.4962093700e+03 -2.8047414522e+11 -3.5732106505e+06 3.0694266078e+07 4.5514764162e+00 5.3478790634e+01 -3.4656291570e+09
1.5948722408e+05 1.8868055770e-13 4.9969938489e-14 -6.3101619978e+06 1.1937966733e+06 1.3184763675e-18 1.5820916316e-17 -1.3034944299e+03 -7.2675133943e+03 -2.9583896434e+11 -3.2057617876e+06 3.2708648385e+07 4.5305100091e+00 5.2383459757e+01 -3.2875660969e+09
1.5949175459e+05 1.8868639232e-13 5.0041641311e-14 -6.3158767692e+06 1.1613787135e+06 1.2572139252e-18 1.5832342915e-17 -1.2196567333e+03 -7.0441142753e+03 -3.1035294111e+11 -2.8590006716e+06 3.4675780547e+07 4.5245637670e+00 5.1374782338e+01 -3.1218323430e+09
1.5949627915e+05 1.8869194213e-13 5.0113300991e-14 -6.3212097219e+06 1.1300047251e+06 1.1959687060e-18 1.5843447168e-17 -1.1380146017e+03 -6.8247490319e+03 -3.2412974236e+11 -2.5307990022e+06 3.6606699717e+07 4.5328850019e+00 5.0508097161e+01 -2.9704481322e+09
1.5950081204e+05 1.8869722414e-13 5.0185142163e-14 -6.3261865736e+06 1.0995611380e+06 1.1345502870e-18 1.5854273558e-17 -1.0581895813e+03 -6.6080095433e+03 -3.3727986097e+11 -2.2190771271e+06 3.8513640570e+07 4.5559473005e+00 4.9826027076e+01 -2.8342892344e+09
1.5950536799e+05 1.8870225236e-13 5.0257397631e-14 -6.3308283948e+06 1.0699473690e+06 1.0727607417e-18 1.5864863901e-17 -9.7980480438e+02 -6.3923154411e+03 -3.4991135396e+11 -1.9218136876e+06 4.0410285967e+07 4.5960331283e+00 4.9362590607e+01 -2.7134247642e+09
1.5950996402e+05 1.8870703945e-13 5.0330337074e-14 -6.3351532397e+06 1.0410657506e+06 1.0103701350e-18 1.5875261544e-17 -9.0246436046e+02 -6.1758406847e+03 -3.6213260238e+11 -1.6370166175e+06 4.2312416121e+07 4.6584107663e+00 4.9146557051e+01 -2.6073308173e+09
1.5951462243e+05 1.8871159877e-13 5.0404314560e-14 -6.3391779082e+06 1.0128070819e+06 9.4707586675e-19 1.5885517462e-17 -8.2571547177e+02 -5.9563649696e+03 -3.7405788887e+11 -1.3626444338e+06 4.4239208043e+07 4.7540027178e+00 4.9204467178e+01 -2.5150012691e+09
1.5951937643e+05 1.8871594752e-13 5.0479858670e-14 -6.3429203336e+06 9.8502542942e+05 8.8242548365e-19 1.5895700981e-17 -7.4897351642e+02 -5.7309690320e+03 -3.8581865368e+11 -1.0964299012e+06 4.6215889484e+07 4.9064483344e+00 4.9564040549e+01 -2.4349562098e+09
1.5952428288e+05 1.8872011328e-13 5.0557875300e-14 -6.3464040620e+06 9.5748323137e+05 8.1564289334e-19 1.5905923127e-17 -6.7134899443e+02 -5.4953300265e+03 -3.9758951939e+11 -8.3544709365e+05 4.8279867692e+07 5.1760478133e+00 5.0259773496e+01 -2.3651035994e+09
1.5952945893e+05 1.8872415262e-13 5.0640232373e-14 -6.3496706710e+06 9.2969296431e+05 7.4512724734e-19 1.5916403466e-17 -5.9113914980e+02 -5.2416818332e+03 -4.0966475286e+11 -5.7478285222e+05 5.0498465915e+07 5.2987423440e+00 5.1347366612e+01 -2.3022482047e+09
1.5953403427e+05 1.8872741914e-13 5.0713076047e-14 -6.3522159119e+06 9.0623426945e+05 6.8274215354e-19 1.5925419684e-17 -5.2168149371e+02 -5.0117139001e+03 -4.2008339454e+11 -3.5695655561e+05 5.2507038200e+07 4.6185878526e+00 5.2595406054e+01 -2.2526472778e+09
1.5953865286e+05 1.8873042692e-13 5.0786649580e-14 -6.3544661830e+06 8.8363600536e+05 6.1971767224e-19 1.5934296390e-17 -4.5301066966e+02 -4.7728626127e+03 -4.3037638623e+11 -1.4963675347e+05 5.4590285832e+07 4.1904485280e+00 5.4097432902e+01 -2.2045601737e+09
1.5954284331e+05 1.8873290393e-13 5.0853437974e-14 -6.3562363453e+06 8.6410128368e+05 5.6249293643e-19 1.5942164127e-17 -3.9207442990e+02 -4.5494735066e+03 -4.3952059969e+11 2.6575162184e+04 5.6536079358e+07 3.8759977623e+00 5.5628962195e+01 -2.1591748947e+09
1.5954671930e+05 1.8873498151e-13 5.0915243625e-14 -6.3576488819e+06 8.4687794792e+05 5.0952674637e-19 1.5949291488e-17 -3.3701075549e+02 -4.3366882707e+03 -4.4780118824e+11 1.7830230762e+05 5.8387318464e+07 3.6367609622e+00 5.7138601226e+01 -2.1125848561e+09
1.5955035606e+05 1.8873674412e-13 5.0973259355e-14 -6.3587825039e+06 8.3147801435e+05 4.5979902609e-19 1.5955854207e-17 -2.8663543430e+02 -4.1314425202e+03 -4.5539481532e+11 3.0951859230e+05 6.0171099905e+07 3.4439461698e+00 5.8581224602e+01 -2.0621573774e+09
1.5955380001e+05 1.8873824652e-13 5.1028221006e-14 -6.3596893829e+06 8.1759143409e+05 4.1268064448e-19 1.5961963108e-17 -2.4024268546e+02 -3.9321073740e+03 -4.6240294849e+11 4.2246598243e+05 6.1901931003e+07 3.2832067522e+00 5.9911811864e+01 -2.0061612333e+09
1.5955708322e+05 1.8873952766e-13 5.1080636865e-14 -6.3604073788e+06 8.0499940592e+05 3.6773710510e-19 1.5967695771e-17 -1.9736601775e+02 -3.7377912615e+03 -4.6888944313e+11 5.1851484076e+05 6.3587853420e+07 3.1463461792e+00 6.1087199045e+01 -1.9435189391e+09
1.5956022956e+05 1.8874061690e-13 5.1130885302e-14 -6.3609655384e+06 7.9353669661e+05 3.2464501266e-19 1.5973110267e-17 -1.5767414287e+02 -3.5480356215e+03 -4.7489723187e+11 5.9854980122e+05 6.5233111734e+07 3.0280705264e+00 6.2067455977e+01 -1.8736965757e+09
1.5956325763e+05 1.8874153714e-13 5.1179260807e-14 -6.3613869621e+06 7.8307304935e+05 2.8315269106e-19 1.5978251863e-17 -1.2091969980e+02 -3.3626664733e+03 -4.8045675698e+11 6.6317042273e+05 6.6839455103e+07 2.9246191114e+00 6.2817148092e+01 -1.7966419802e+09
1.5956618225e+05 1.8874230663e-13 5.1225998295e-14 -6.3616905002e+06 7.7350277237e+05 2.4305940996e-19 1.5983156697e-17 -8.6910428566e+01 -3.1817110934e+03 -4.8559082466e+11 7.1281215345e+05 6.8406867503e+07 2.8331124688e+00 6.3306586858e+01 -1.7127364085e+09
1.5956901537e+05 1.8874294020e-13 5.1271287041e-14 -6.3618918508e+06 7.6473830470e+05 2.0420346619e-19 1.5987853997e-17 -5.5491137548e+01 -3.0053446361e+03 -4.9031768859e+11 7.4782843091e+05 6.9934034665e+07 2.7512217767e+00 6.3513036941e+01 -1.6227443478e+09
1.5957140881e+05 1.8874338966e-13 5.1309557825e-14 -6.3619941702e+06 7.5772375656e+05 1.7136455701e-19 1.5991783142e-17 -3.0207156777e+01 -2.8561350242e+03 -4.9410428923e+11 7.6662830189e+05 7.1225781216e+07 2.4863042484e+00 6.3451118568e+01 -1.5404983279e+09
1.5957304675e+05 1.8874365193e-13 5.1335753600e-14 -6.3620299722e+06 7.5312908494e+05 1.4888470000e-19 1.5994452353e-17 -1.3605931970e+01 -2.7542153952e+03 -4.9657933305e+11 7.7348900668e+05 7.2108038595e+07 1.9887462909e+00 6.3272158402e+01 -1.4812718726e+09
1.5957417735e+05 1.8874381149e-13 5.1353837963e-14 -6.3620390451e+06 7.5005484153e+05 1.3336464930e-19 1.5996285830e-17 -2.4914543955e+00 -2.6840714719e+03 -4.9823033983e+11 7.7527632325e+05 7.2715211464e+07 1.4329825368e+00 6.3080439542e+01 -1.4391560898e+09
1.5957561033e+05 1.8874398850e-13 5.1376762020e-14 -6.3620327633e+06 7.4627211077e+05 1.1369002081e-19 1.5998599496e-17 1.1180849686e+01 -2.5955262095e+03 -5.0025362893e+11 7.7399402662e+05 7.3481663407e+07 1.7654046891e+00 6.2754868111e+01 -1.3845090378e+09
1.5957737574e+05 1.8874416781e-13 5.1405008528e-14 -6.3619986248e+06 7.4178573001e+05 8.9445668308e-20 1.6001434777e-17 2.7372952007e+01 -2.4871812513e+03 -5.0263722054e+11 7.6683962320e+05 7.4419527851e+07 1.9978814820e+00 6.2224024346e+01 -1.3155602926e+09
1.5957937362e+05 1.8874431910e-13 5.1436980687e-14 -6.3619263598e+06 7.3693808369e+05 6.2001308258e-20 1.6004624162e-17 4.4810076894e+01 -2.3658639033e+03 -5.0518624025e+11 7.5115746652e+05 7.5469772316e+07 2.0989693215e+00 6.1448246831e+01 -1.2359362335e+09
1.5958147259e+05 1.8874441897e-13 5.1470577401e-14 -6.3618139768e+06 7.3210437058e+05 3.3159985948e-20 1.6007953987e-17 6.2096156894e+01 -2.2402897857e+03 -5.0769166271e+11 7.2584876969e+05 7.6557038032e+07 2.1401890816e+00 6.0433671253e+01 -1.1512479469e+09
1.5958361278e+05 1.8874445846e-13 5.1504841064e-14 -6.3616631992e+06 7.2744461971e+05 3.7436032408e-21 1.6011328325e-17 7.8618910535e+01 -2.1146791222e+03 -5.1006291414e+11 6.9061753810e+05 7.7644880216e+07 2.1503274519e+00 5.9193893582e+01 -1.0647318372e+09
1.5958576311e+05 1.8874443473e-13 5.1539274290e-14 -6.3614773017e+06 7.2303048527e+05 -2.5820803200e-20 1.6014698648e-17 9.4094933137e+01 -1.9913910220e+03 -5.1225961220e+11 6.4560509495e+05 7.8712956642e+07 2.1429321171e+00 5.7749890084e+01 -9.7861282829e+08
1.5958790604e+05 1.8874434782e-13 5.1573596284e-14 -6.3612601351e+06 7.1889177426e+05 -5.5292033611e-20 1.6018038648e-17 1.0840227364e+02 -1.8718586020e+03 -5.1426623991e+11 5.9121530121e+05 7.9748928691e+07 2.1252654469e+00 5.6128246370e+01 -8.9454146840e+08
1.5959003130e+05 1.8874419924e-13 5.1607642372e-14 -6.3610156359e+06 7.1503633329e+05 -8.4528529981e-20 1.6021333800e-17 1.2150784852e+02 -1.7569760936e+03 -5.1608100190e+11 5.2801233136e+05 8.0745108656e+07 2.1016390098e+00 5.4359047120e+01 -8.1375317631e+08
1.5959213294e+05 1.8874399120e-13 5.1641316842e-14 -6.3607475634e+06 7.1145977631e+05 -1.1344791878e-19 1.6024576453e-17 1.3343079399e+02 -1.6472856466e+03 -5.1771008299e+11 4.5665077793e+05 8.1696842579e+07 2.0748170055e+00 5.2473847017e+01 -7.3714140894e+08
1.5959420776e+05 1.8874372620e-13 5.1674568215e-14 -6.3604593592e+06 7.0815078424e+05 -1.4200579963e-19 1.6027763259e-17 1.4422148620e+02 -1.5430819749e+03 -5.1916429693e+11 3.7782399732e+05 8.2601605396e+07 2.0466606716e+00 5.0503925549e+01 -6.6530637867e+08
1.5959625442e+05 1.8874340672e-13 5.1707374813e-14 -6.3601540810e+06 7.0509424592e+05 -1.7018336766e-19 1.6030893678e-17 1.5394833520e+02 -1.4444799252e+03 -5.2045695473e+11 2.9222577756e+05 8.3458417679e+07 2.0184494451e+00 4.8478936755e+01 -5.9859918422e+08
1.5959827287e+05 1.8874303517e-13 5.1739735467e-14 -6.3598343841e+06 7.0227322725e+05 -1.9797943604e-19 1.6033969026e-17 1.6268898577e+02 -1.3514631192e+03 -5.2160244972e+11 2.0052318697e+05 8.4267426512e+07 1.9910592938e+00 4.6425985141e+01 -5.3716588083e+08
1.5960026393e+05 1.8874261368e-13 5.1771663061e-14 -6.3595025343e+06 6.9967023494e+05 -2.2540490041e-19 1.6036991837e-17 1.7052434354e+02 -1.2639210824e+03 -5.2261531578e+11 1.0333885483e+05 8.5029586049e+07 1.9650739984e+00 4.4369093024e+01 -4.8099053527e+08
1.5960222900e+05 1.8874214414e-13 5.1803179860e-14 -6.3591604395e+06 6.9726802182e+05 -2.5247872673e-19 1.6039965398e-17 1.7753456369e+02 -1.1816781176e+03 -5.2350961875e+11 1.2408352849e+03 8.5746409358e+07 1.9408629981e+00 4.2328987114e+01 -4.2993511257e+08
1.5960416987e+05 1.8874162816e-13 5.1834314078e-14 -6.3588096896e+06 6.9505008052e+05 -2.7922500526e-19 1.6042893432e-17 1.8379645372e+02 -1.1045156069e+03 -5.2429858739e+11 -1.0526187473e+05 8.6419776918e+07 1.9186395954e+00 4.0323119037e+01 -3.8377445886e+08
1.5960608851e+05 1.8874106706e-13 5.1865097379e-14 -6.3584515994e+06 6.9300092272e+05 -3.0567080212e-19 1.6045779863e-17 1.8938189501e+02 -1.0321889229e+03 -5.2499441420e+11 -2.1571992264e+05 8.7051791498e+07 1.8985053696e+00 3.8365840523e+01 -3.4222553845e+08
1.5960798701e+05 1.8874046189e-13 5.1895563083e-14 -6.3580872505e+06 6.9110621324e+05 -3.3184462015e-19 1.6048628657e-17 1.9435698265e+02 -9.6443996884e+02 -5.2560817308e+11 -3.2974171903e+05 8.7644670606e+07 1.8804843460e+00 3.6468669064e+01 -3.0497087609e+08
1.5960986750e+05 1.8873981349e-13 5.1925744926e-14 -6.3577175294e+06 6.8935280809e+05 -3.5777532886e-19 1.6051443718e-17 1.9878165736e+02 -9.0100624295e+02 -5.2614981428e+11 -4.4699017639e+05 8.8200668817e+07 1.8645490502e+00 3.4640596371e+01 -2.7167666403e+08
1.5961173205e+05 1.8873912242e-13 5.1955676228e-14 -6.3573431609e+06 6.8772873164e+05 -3.8349145245e-19 1.6054228818e-17 2.0270966128e+02 -8.4162720931e+02 -5.2662820748e+11 -5.6717883312e+05 8.8722023222e+07 1.8506397670e+00 3.2888407090e+01 -2.4200625832e+08
1.5961358268e+05 1.8873838910e-13 5.1985389376e-14 -6.3569647370e+06 6.8622311795e+05 -4.0902072291e-19 1.6056987564e-17 2.0618869584e+02 -7.8604864227e+02 -5.2705121250e+11 -6.9006784253e+05 8.9210916273e+07 1.8386789129e+00 3.1216987529e+01 -2.1562987268e+08
1.5961542136e+05 1.8873761372e-13 5.2014915536e-14 -6.3565827414e+06 6.8482613265e+05 -4.3438983097e-19 1.6059723377e-17 2.0926069769e+02 -7.3402546736e+02 -5.2742576391e+11 -8.1546014014e+05 8.9669451535e+07 1.8285815463e+00 2.9629612338e+01 -1.9223123575e+08
1.5961724995e+05 1.8873679633e-13 5.2044284534e-14 -6.3561975694e+06 6.8352888653e+05 -4.5962432205e-19 1.6062439491e-17 2.1196217571e+02 -6.8532351304e+02 -5.2775796025e+11 -9.4319795775e+05 9.0099638781e+07 1.8202631971e+00 2.8128203210e+01 -1.7151189226e+08
1.5961907021e+05 1.8873593682e-13 5.2073524859e-14 -6.3558095445e+06 6.8232334764e+05 -4.8474860038e-19 1.6065138963e-17 2.1432457239e+02 -6.3972048388e+02 -5.2805315229e+11 -1.0731597762e+06 9.0503385773e+07 1.8136455338e+00 2.6713557309e+01 -1.5319371833e+08
1.5962088385e+05 1.8873503496e-13 5.2102663762e-14 -6.3554189323e+06 6.8120225634e+05 -5.0978601145e-19 1.6067824685e-17 2.1637462655e+02 -5.9700639445e+02 -5.2831602681e+11 -1.2052577347e+06 9.0882494664e+07 1.8086610449e+00 2.5385545731e+01 -1.3702011653e+08
1.5962269252e+05 1.8873409034e-13 5.2131727430e-14 -6.3550259506e+06 6.8015904535e+05 -5.3475898939e-19 1.6070499410e-17 2.1813472503e+02 -5.5698362684e+02 -5.2855068430e+11 -1.3394355218e+06 9.1238661645e+07 1.8052566690e+00 2.4143283257e+01 -1.2275625421e+08
1.5962449777e+05 1.8873310247e-13 5.2160741214e-14 -6.3546307786e+06 6.7918776617e+05 -5.5968925479e-19 1.6073165775e-17 2.1962323675e+02 -5.1946674279e+02 -5.2876070959e+11 -1.4756667172e+06 9.1573478696e+07 1.8033970624e+00 2.2985271791e+01 -1.1018863257e+08
1.5962630117e+05 1.8873207066e-13 5.2189729913e-14 -6.3542335626e+06 6.7828302211e+05 -5.8459805788e-19 1.6075826336e-17 2.2085482737e+02 -4.8428213781e+02 -5.2894923533e+11 -1.6139535690e+06 9.1888436708e+07 1.8030680969e+00 2.1909519998e+01 -9.9124202993e+07
1.5962810424e+05 1.8873099414e-13 5.2218718119e-14 -6.3538344212e+06 6.7743990781e+05 -6.0950647044e-19 1.6078483597e-17 2.2184075572e+02 -4.5126759363e+02 -5.2911899864e+11 -1.7543262178e+06 9.2184929498e+07 1.8042798751e+00 2.0913641572e+01 -8.9389192403e+07
1.5962990852e+05 1.8872987193e-13 5.2247730600e-14 -6.3534334479e+06 6.7665395516e+05 -6.3443571968e-19 1.6081140054e-17 2.2258915406e+02 -4.2027178600e+02 -5.2927239117e+11 -1.8968423084e+06 9.2464258224e+07 1.8070709387e+00 1.9994935157e+01 -8.0827762856e+07
1.5963171559e+05 1.8872870290e-13 5.2276792763e-14 -6.3530307123e+06 6.7592108480e+05 -6.5940758068e-19 1.6083798236e-17 2.2310529570e+02 -3.9115376162e+02 -5.2941150334e+11 -2.0415870584e+06 9.2727636095e+07 1.8115121506e+00 1.9150447935e+01 -7.3300588982e+07
1.5963352710e+05 1.8872748569e-13 5.2305931171e-14 -6.3526262601e+06 6.7523756311e+05 -6.8444482287e-19 1.6086460757e-17 2.2339185293e+02 -3.6378242046e+02 -5.2953816311e+11 -2.1886737323e+06 9.2976193070e+07 1.8177120328e+00 1.8377025792e+01 -6.6683421306e+07
1.5963534481e+05 1.8872621874e-13 5.2335174151e-14 -6.3522201111e+06 6.7459996387e+05 -7.0957173079e-19 1.6089130372e-17 2.2344914795e+02 -3.3803600334e+02 -5.2965397009e+11 -2.3382446186e+06 9.3210980555e+07 1.8258223711e+00 1.7671351914e+01 -6.0865675939e+07
1.5963717063e+05 1.8872490014e-13 5.2364552491e-14 -6.3518122561e+06 6.7400513435e+05 -7.3481470273e-19 1.6091810042e-17 2.2327539837e+02 -3.1380160273e+02 -5.2976032536e+11 -2.4904725186e+06 9.3432975950e+07 1.8360453507e+00 1.7029976255e+01 -5.5749083248e+07
1.5963900668e+05 1.8872352768e-13 5.2394100257e-14 -6.3514026514e+06 6.7345016537e+05 -7.6020294877e-19 1.6094503010e-17 2.2286695731e+02 -2.9097469425e+02 -5.2985845763e+11 -2.6455628729e+06 9.3643087076e+07 1.8374951998e+00 1.6449337644e+01 -5.1246412938e+07
1.5964084417e+05 1.8872210746e-13 5.2423676304e-14 -6.3509936899e+06 6.7293536911e+05 -7.8561513624e-19 1.6097196552e-17 2.2222317033e+02 -2.6958419732e+02 -5.2994891905e+11 -2.8027966458e+06 9.3840992131e+07 1.8368315075e+00 1.5928762170e+01 -4.7302648792e+07
1.5964268101e+05 1.8872064109e-13 5.2453246613e-14 -6.3505862745e+06 6.7245877468e+05 -8.1102197956e-19 1.6099887718e-17 2.2134428646e+02 -2.4956751715e+02 -5.3003256478e+11 -2.9619968270e+06 9.4027205557e+07 1.8364430679e+00 1.5464665877e+01 -4.3849297220e+07
1.5964451745e+05 1.8871912836e-13 5.2482815610e-14 -6.3501807751e+06 6.7201784553e+05 -8.3642722426e-19 1.6102577053e-17 2.2023053524e+02 -2.3083916440e+02 -5.3011025020e+11 -3.1231838337e+06 9.4202457262e+07 1.8361369718e+00 1.5052602585e+01 -4.0820588044e+07
1.5964635359e+05 1.8871756925e-13 5.2512384615e-14 -6.3497776031e+06 6.7161025398e+05 -8.6183194856e-19 1.6105264807e-17 2.1888311082e+02 -2.1332280003e+02 -5.3018270681e+11 -3.2863539548e+06 9.4367397627e+07 1.8357024029e+00 1.4688133159e+01 -3.8159016027e+07
1.5964818929e+05 1.8871596387e-13 5.2541951554e-14 -6.3493772124e+06 6.7123385370e+05 -8.8723431339e-19 1.6107950914e-17 2.1730472924e+02 -1.9695030389e+02 -5.3025055849e+11 -3.4514731211e+06 9.4522605275e+07 1.8348699599e+00 1.4366844602e+01 -3.5814321808e+07
1.5965002416e+05 1.8871431261e-13 5.2571510012e-14 -6.3489801078e+06 6.7088666226e+05 -9.1262874929e-19 1.6110634905e-17 2.1550018293e+02 -1.8166113502e+02 -5.3031433401e+11 -3.6184673359e+06 9.4668592005e+07 1.8333094337e+00 1.4084381747e+01 -3.3742661046e+07
1.5965185747e+05 1.8871261622e-13 5.2601048248e-14 -6.3485868509e+06 6.7056684338e+05 -9.3800511205e-19 1.6113315820e-17 2.1347685339e+02 -1.6740155137e+02 -5.3037447813e+11 -3.7872132753e+06 9.4805808892e+07 1.8306374006e+00 1.3836482538e+01 -3.1905877022e+07
1.5965368811e+05 1.8871087587e-13 5.2630548336e-14 -6.3481980635e+06 6.7027268800e+05 -9.6334794298e-19 1.6115992133e-17 2.1124513819e+02 -1.5412365148e+02 -5.3043136164e+11 -3.9575302409e+06 9.4934653981e+07 1.8264382174e+00 1.3619017183e+01 -3.0270864386e+07
1.5965551454e+05 1.8870909328e-13 5.2659985638e-14 -6.3478144237e+06 6.7000259378e+05 -9.8863601956e-19 1.6118661703e-17 2.0881873449e+02 -1.4178421890e+02 -5.3048529075e+11 -4.1291750656e+06 9.5055481829e+07 1.8203005828e+00 1.3428030779e+01 -2.8809010173e+07
1.5965733484e+05 1.8870727073e-13 5.2689328869e-14 -6.3474366538e+06 6.6975504329e+05 -1.0138424122e-18 1.6121321782e-17 2.0621471261e+02 -1.3034338280e+02 -5.3053651645e+11 -4.3018418287e+06 9.5168614928e+07 1.8118675660e+00 1.3259788100e+01 -2.7495697030e+07
1.5965914671e+05 1.8870541105e-13 5.2718540967e-14 -6.3470654974e+06 6.6952858192e+05 -1.0389352346e-18 1.6123969095e-17 2.0345331845e+02 -1.1976316349e+02 -5.3058524385e+11 -4.4751680144e+06 9.5274356549e+07 1.8008926559e+00 1.3110818183e+01 -2.6309854298e+07
1.5966094760e+05 1.8870351758e-13 5.2747580874e-14 -6.3467016860e+06 6.6932179780e+05 -1.0638791708e-18 1.6126600003e-17 2.0055747072e+02 -1.1000603149e+02 -5.3063164179e+11 -4.6487479071e+06 9.5373003950e+07 1.7872889931e+00 1.2977955248e+01 -2.5233544808e+07
1.5966273489e+05 1.8870159399e-13 5.2776406102e-14 -6.3463458996e+06 6.6913330617e+05 -1.0886376863e-18 1.6129210731e-17 1.9755196889e+02 -1.0103365701e+02 -5.3067585208e+11 -4.8221525268e+06 9.5464860402e+07 1.7711567931e+00 1.2858371846e+01 -2.4251579334e+07
1.5966450605e+05 1.8869964412e-13 5.2804975754e-14 -6.3459987251e+06 6.6896174094e+05 -1.1131756202e-18 1.6131797647e-17 1.9446249106e+02 -9.2806033509e+01 -5.3071799814e+11 -4.9949536297e+06 9.5550244265e+07 1.7527804093e+00 1.2749600227e+01 -2.3351155832e+07
1.5966625883e+05 1.8869767168e-13 5.2833253496e-14 -6.3456606221e+06 6.6880575445e+05 -1.1374617394e-18 1.6134357528e-17 1.9131451107e+02 -8.5281097560e+01 -5.3075819221e+11 -5.1667481634e+06 9.5629493826e+07 1.7325932759e+00 1.2649538995e+01 -2.2521523863e+07
1.5966799142e+05 1.8869568012e-13 5.2861209967e-14 -6.3453318998e+06 6.6866402508e+05 -1.1614708075e-18 1.6136887776e-17 1.8813228528e+02 -7.8414872203e+01 -5.3079654066e+11 -5.3371792377e+06 9.5702967382e+07 1.7111214069e+00 1.2556444196e+01 -2.1753677683e+07
1.5966970255e+05 1.8869367242e-13 5.2888824279e-14 -6.3450127094e+06 6.6853527016e+05 -1.1851848728e-18 1.6139386557e-17 1.8493803548e+02 -7.2162044588e+01 -5.3083314737e+11 -5.5059507588e+06 9.5771039137e+07 1.6889205561e+00 1.2468906254e+01 -2.1040080850e+07
1.5967139147e+05 1.8869165097e-13 5.2916084504e-14 -6.3447030511e+06 6.6841826122e+05 -1.2085936845e-18 1.6141852842e-17 1.8175139989e+02 -6.6476812446e+01 -5.3086811516e+11 -5.6728345847e+06 9.5834092265e+07 1.6665213316e+00 1.2385816077e+01 -2.0374423934e+07
1.5967305799e+05 1.8868961757e-13 5.2942987274e-14 -6.3444027920e+06 6.6831183814e+05 -1.2316943490e-18 1.6144286372e-17 1.7858916241e+02 -6.1313814030e+01 -5.3090154601e+11 -5.8376707715e+06 9.5892510794e+07 1.6443906995e+00 1.2306324665e+01 -1.9751414942e+07
1.5967470238e+05 1.8868757344e-13 5.2969536762e-14 -6.3441116905e+06 6.6821492017e+05 -1.2544904510e-18 1.6146687565e-17 1.7546522159e+02 -5.6628987801e+01 -5.3093354033e+11 -6.0003625900e+06 9.5946671742e+07 1.6229123685e+00 1.2229800491e+01 -1.9166600653e+07
1.5967632529e+05 1.8868551925e-13 5.2995743344e-14 -6.3438294226e+06 6.6812651273e+05 -1.2769909027e-18 1.6149057395e-17 1.7239073483e+02 -5.2380264158e+01 -5.3096419596e+11 -6.1608684246e+06 9.5996938517e+07 1.6023822240e+00 1.2155788145e+01 -1.8616215923e+07
1.5967792767e+05 1.8868345523e-13 5.3021622181e-14 -6.3435556067e+06 6.6804570989e+05 -1.2992087272e-18 1.6151397264e-17 1.6937437187e+02 -4.8528053019e+01 -5.3099360720e+11 -6.3191923581e+06 9.6043656010e+07 1.5830146577e+00 1.2083970623e+01 -1.8097058035e+07
1.5967951069e+05 1.8868138119e-13 5.3047191910e-14 -6.3432898251e+06 6.6797169332e+05 -1.3211599309e-18 1.6153708884e-17 1.6642262035e+02 -4.5035532192e+01 -5.3102186391e+11 -6.4753748341e+06 9.6087147434e+07 1.5649541720e+00 1.2014136563e+01 -1.7606382808e+07
1.5968107564e+05 1.8867929665e-13 5.3072473512e-14 -6.3430316420e+06 6.6790372850e+05 -1.3428625338e-18 1.6155994177e-17 1.6354010323e+02 -4.1868768286e+01 -5.3104905099e+11 -6.6294841745e+06 9.6127712695e+07 1.5482892225e+00 1.1946152827e+01 -1.7141819571e+07
1.5968107564e+05 1.8867929665e-13 5.3072473512e-14 -6.3430316420e+06 6.6790372850e+05 -1.3428625338e-18 1.6155994177e-17 1.6354010323e+02 -4.1868768286e+01 -5.3104905099e+11 -6.6294841745e+06 9.6127712695e+07 1.5482892225e+00 1.1946152827e+01 -1.7141819571e+07
