0.0000000000e+00 0.0000000000e+00 0.0000000000e+00 3.1415900000e+08 0.0000000000e+00 0.0000000000e+00 0.0000000000e+00 -1.1956810674e+03 1.0171914806e+02 -4.6638893045e+09 -1.0163289073e+07 8.6461275850e+05 1.0000000000e+01 0.0000000000e+00 -0.0000000000e+00
1.0000000000e+01 2.8740024918e-22 3.1019362531e-28 3.1414704299e+08 1.0171914804e+03 5.7480779097e-23 9.3059858571e-29 -1.1957214527e+03 1.0171914799e+02 -4.6638893045e+09 -1.0163289073e+07 8.6461275850e+05 5.0000000000e+01 0.0000000000e+00 -0.0000000000e+00
6.0000000000e+01 1.0347721882e-20 6.7020954801e-26 3.1408725187e+08 6.1031488364e+03 3.4495032579e-22 3.3514304811e-27 -1.1959234254e+03 1.0171914570e+02 -4.6638893045e+09 -1.0163289073e+07 8.6461275850e+05 2.5000000000e+02 0.0000000000e+00 -0.0000000000e+00
3.1000000000e+02 2.7640211825e-19 9.2568319122e-24 3.1378814467e+08 3.1532929394e+04 1.7839418461e-21 8.9635177570e-26 -1.1969344439e+03 1.0171908508e+02 -4.6638893045e+09 -1.0163289073e+07 8.6461275850e+05 1.2500000000e+03 0.0000000000e+00 -0.0000000000e+00
1.5600000000e+03 7.0218390738e-18 1.1881339157e-21 3.1228880407e+08 1.5868103620e+05 9.0203100437e-21 2.2917120872e-24 -1.2020186311e+03 1.0171753793e+02 -4.6638893045e+09 -1.0163289073e+07 8.6461275850e+05 3.6000000000e+03 0.0000000000e+00 -0.0000000000e+00
5.1600000000e+03 7.7541437332e-17 4.3906159695e-20 3.0793480599e+08 5.2483995603e+05 3.0256618381e-20 2.5784469304e-23 -1.2169390115e+03 1.0170103219e+02 -4.6638893044e+09 -1.0163289073e+07 8.6461275850e+05 3.6000000000e+03 0.0000000000e+00 -0.0000000000e+00
8.7600000000e+03 2.2560486885e-16 2.1945816028e-19 3.0352632652e+08 8.9090554827e+05 5.2105832036e-20 7.6469932938e-23 -1.2322900120e+03 1.0166542118e+02 -4.6638893042e+09 -1.0163289073e+07 8.6461275850e+05 3.6000000000e+03 0.0000000000e+00 -0.0000000000e+00
1.2360000000e+04 4.5348088056e-16 6.3000310031e-19 2.9906177168e+08 1.2568060372e+06 7.4603023637e-20 1.5675878141e-22 -1.2480962741e+03 1.0160901118e+02 -4.6638893041e+09 -1.0163289073e+07 8.6461275850e+05 3.6000000000e+03 0.0000000000e+00 -0.0000000000e+00
1.5960000000e+04 7.6356972187e-16 1.3868415098e-18 2.9453945506e+08 1.6224632245e+06 9.7786229810e-20 2.6932446108e-22 -1.2643845220e+03 1.0152992386e+02 -4.6638893040e+09 -1.0163289073e+07 8.6461275850e+05 3.6000000000e+03 0.0000000000e+00 -0.0000000000e+00
1.9560000000e+04 1.1584144061e-15 2.6114236814e-18 2.8995758999e+08 1.9877917805e+06 1.2169678698e-19 4.1713864613e-22 -1.2811837982e+03 1.0142607135e+02 -4.6638893038e+09 -1.0163289073e+07 8.6461275850e+05 3.6000000000e+03 0.0000000000e+00 -0.0000000000e+00
2.3160000000e+04 1.6407132653e-15 4.4364956823e-18 2.8531428064e+08 2.3526984394e+06 1.4637971535e-19 6.0351251267e-22 -1.2985257333e+03 1.0129512727e+02 -4.6638893036e+09 -1.0163289073e+07 8.6461275850e+05 3.6000000000e+03 0.0000000000e+00 -0.0000000000e+00
2.6760000000e+04 2.2133339867e-15 7.0074060859e-18 2.8060751222e+08 2.7170810810e+06 1.7188415958e-19 8.3214496290e-22 -1.3164448557e+03 1.0113449280e+02 -4.6638893033e+09 -1.0163289073e+07 8.6461275850e+05 3.6000000000e+03 0.0000000000e+00 -0.0000000000e+00
3.0360000000e+04 2.8793293524e-15 1.0483600869e-17 2.7583513987e+08 3.0808276804e+06 1.9826389631e-19 1.1071791946e-21 -1.3349789484e+03 1.0094125698e+02 -4.6638893031e+09 -1.0163289073e+07 8.6461275850e+05 3.6000000000e+03 0.0000000000e+00 -0.0000000000e+00
3.3960000000e+04 3.6419549450e-15 1.5040339509e-17 2.7099487625e+08 3.4438151025e+06 2.2557792095e-19 1.4332693402e-21 -1.3541694608e+03 1.0071214988e+02 -4.6638893027e+09 -1.0163289073e+07 8.6461275850e+05 3.6000000000e+03 0.0000000000e+00 -0.0000000000e+00
3.7560000000e+04 4.5046891305e-15 2.0870672248e-17 2.6608427752e+08 3.8059077123e+06 2.5389112903e-19 1.8156593176e-21 -1.3740619877e+03 1.0044348718e+02 -4.6638893023e+09 -1.0163289073e+07 8.6461275850e+05 3.6000000000e+03 0.0000000000e+00 -0.0000000000e+00
4.1160000000e+04 5.4712556914e-15 2.8187727128e-17 2.6110072739e+08 4.1669557686e+06 2.8327511058e-19 2.2602765709e-21 -1.3947068274e+03 1.0013110433e+02 -4.6638893019e+09 -1.0163289073e+07 8.6461275850e+05 3.6000000000e+03 0.0000000000e+00 -0.0000000000e+00
4.4760000000e+04 6.5456495576e-15 3.7227366213e-17 2.5604141905e+08 4.5267935576e+06 3.1380908080e-19 2.7738440696e-21 -1.4161596357e+03 9.9770277849e+01 -4.6638893013e+09 -1.0163289073e+07 8.6461275850e+05 3.6000000000e+03 0.0000000000e+00 -0.0000000000e+00
4.8360000000e+04 7.7321661743e-15 4.8251284137e-17 2.5090333459e+08 4.8852372155e+06 3.4558097548e-19 3.3640148344e-21 -1.4384821951e+03 9.9355630813e+01 -4.6638893006e+09 -1.0163289073e+07 8.6461275850e+05 3.6000000000e+03 0.0000000000e+00 -0.0000000000e+00
5.1960000000e+04 9.0354351627e-15 6.1550639428e-17 2.4568322129e+08 5.2420821780e+06 3.7868874729e-19 4.0395344324e-21 -1.4617433261e+03 9.8881018690e+01 -4.6638892998e+09 -1.0163289073e+07 8.6461275850e+05 3.6000000000e+03 0.0000000000e+00 -0.0000000000e+00
5.5560000000e+04 1.0460459076e-14 7.7450331388e-17 2.4037756441e+08 5.5971001745e+06 4.1324190815e-19 4.8104384394e-21 -1.4860199704e+03 9.8339390604e+01 -4.6638892988e+09 -1.0163289073e+07 8.6461275850e+05 3.6000000000e+03 0.0000000000e+00 -0.0000000000e+00
5.9160000000e+04 1.2012658233e-14 9.6314064016e-17 2.3498255570e+08 5.9500356709e+06 4.4936337525e-19 5.6882939406e-21 -1.5113984882e+03 9.7722619657e+01 -4.6638892976e+09 -1.0163289073e+07 8.6461275850e+05 3.6000000000e+03 0.0000000000e+00 -0.0000000000e+00
6.2760000000e+04 1.3697922854e-14 1.1855037587e-16 2.2949405677e+08 6.3006016328e+06 4.8719169473e-19 6.6864969232e-21 -1.5379762204e+03 9.7021293985e+01 -4.6638892961e+09 -1.0163289073e+07 8.6461275850e+05 3.6000000000e+03 0.0000000000e+00 -0.0000000000e+00
6.6360000000e+04 1.5522674024e-14 1.4461986394e-16 2.2390755622e+08 6.6484744502e+06 5.2688373825e-19 7.8206412100e-21 -1.5658633833e+03 9.6224457552e+01 -4.6638892942e+09 -1.0163289073e+07 8.6461275850e+05 3.6000000000e+03 0.0000000000e+00 -0.0000000000e+00
6.9960000000e+04 1.7493935384e-14 1.7504389477e-16 2.1821811934e+08 6.9932878171e+06 5.6861799720e-19 9.1089797864e-21 -1.5951853826e+03 9.5319286025e+01 -4.6638892918e+09 -1.0163289073e+07 8.6461275850e+05 3.6000000000e+03 0.0000000000e+00 -0.0000000000e+00
7.3560000000e+04 1.9619418014e-14 2.1041518348e-16 2.1242032840e+08 7.3346252988e+06 6.1259863889e-19 1.0573006617e-20 -1.6260856640e+03 9.4290677998e+01 -4.6638892888e+09 -1.0163289073e+07 8.6461275850e+05 3.6000000000e+03 0.0000000000e+00 -0.0000000000e+00
7.7160000000e+04 2.1907621595e-14 2.5141073977e-16 2.0650821164e+08 7.6720112362e+06 6.5906054348e-19 1.2238197254e-20 -1.6587292516e+03 9.3120734647e+01 -4.6638892849e+09 -1.0163289073e+07 8.6461275850e+05 3.6000000000e+03 0.0000000000e+00 -0.0000000000e+00
8.0760000000e+04 2.4367955902e-14 2.9880784250e-16 2.0047515786e+08 8.0048995225e+06 7.0827561740e-19 1.4134961097e-20 -1.6933071835e+03 9.1788090686e+01 -4.6638892798e+09 -1.0163289073e+07 8.6461275850e+05 3.6000000000e+03 0.0000000000e+00 -0.0000000000e+00
8.4360000000e+04 2.7010887912e-14 3.5350393032e-16 1.9431381308e+08 8.3326596277e+06 7.6056078666e-19 1.6299879292e-20 -1.7300421283e+03 9.0267044631e+01 -4.6638892732e+09 -1.0163289073e+07 8.6461275850e+05 3.6000000000e+03 0.0000000000e+00 -0.0000000000e+00
8.7960000000e+04 2.9848121515e-14 4.1654161463e-16 1.8801595429e+08 8.6545590253e+06 8.1628822961e-19 1.8777333361e-20 -1.7691955741e+03 8.8526414549e+01 -4.6638892643e+09 -1.0163289073e+07 8.6461275850e+05 3.6000000000e+03 0.0000000000e+00 -0.0000000000e+00
9.1560000000e+04 3.2892819239e-14 4.8914047744e-16 1.8157233365e+08 8.9697408514e+06 8.7589863639e-19 2.1621676295e-20 -1.8110771446e+03 8.6528012667e+01 -4.6638892523e+09 -1.0163289073e+07 8.6461275850e+05 3.6000000000e+03 0.0000000000e+00 -0.0000000000e+00
9.5160000000e+04 3.6159878772e-14 5.7273798239e-16 1.7497248421e+08 9.2771951609e+06 9.3991862176e-19 2.4900169215e-20 -1.8560568332e+03 8.4224582111e+01 -4.6638892356e+09 -1.0163289073e+07 8.6461275850e+05 3.6000000000e+03 0.0000000000e+00 -0.0000000000e+00
9.8760000000e+04 3.9666282022e-14 6.6904281539e-16 1.6820447470e+08 9.5757214513e+06 1.0089839348e-18 2.8697018175e-20 -1.9045813096e+03 8.1556960701e+01 -4.6638892122e+09 -1.0163289073e+07 8.6461275850e+05 3.6000000000e+03 0.0000000000e+00 -0.0000000000e+00
1.0236000000e+05 4.3431541667e-14 7.8010547170e-16 1.6125459573e+08 9.8638790686e+06 1.0838709124e-18 3.3119024123e-20 -1.9571960190e+03 7.8450111346e+01 -4.6638891786e+09 -1.0163289073e+07 8.6461275850e+05 3.6000000000e+03 0.0000000000e+00 -0.0000000000e+00
1.0596000000e+05 4.7478281119e-14 9.0841323613e-16 1.5410695235e+08 1.0139920476e+07 1.1655399054e-18 3.8303652414e-20 -2.0145756927e+03 7.4807452503e+01 -4.6638891289e+09 -1.0163289073e+07 8.6461275850e+05 3.6000000000e+03 0.0000000000e+00 -0.0000000000e+00
1.0956000000e+05 5.1833000693e-14 1.0570204201e-15 1.4674292577e+08 1.0401699750e+07 1.2551965136e-18 4.4430825214e-20 -2.0775673708e+03 7.0502572979e+01 -4.6638890536e+09 -1.0163289073e+07 8.6461275850e+05 3.4640461744e+03 0.0000000000e+00 -0.0000000000e+00
1.1267590327e+05 5.5874845713e-14 1.2049416434e-15 1.4017754646e+08 1.0614719065e+07 1.3404215161e-18 5.0678089237e-20 -2.1374454549e+03 6.6113318773e+01 -4.6638889981e+09 -1.0163289073e+07 8.6461275850e+05 3.1359259414e+03 0.0000000000e+00 -0.0000000000e+00
1.1581182921e+05 6.0223682200e-14 1.3751300258e-15 1.3337253783e+08 1.0814130425e+07 1.4346804506e-18 5.8068197951e-20 -2.2036706734e+03 6.0921115333e+01 -4.6638889108e+09 -1.0163289073e+07 8.6461275850e+05 2.8285875819e+03 0.0000000000e+00 -0.0000000000e+00
1.1835115223e+05 6.3971533779e-14 1.5312410847e-15 1.2770312095e+08 1.0962746405e+07 1.5183656873e-18 6.5052850934e-20 -2.2624669362e+03 5.6013780320e+01 -4.6638888652e+09 -1.0163289073e+07 8.6461275850e+05 2.5564473833e+03 0.0000000000e+00 -0.0000000000e+00
1.2090759962e+05 6.7969068310e-14 1.7076970256e-15 1.2183780448e+08 1.1098810187e+07 1.6104704437e-18 7.3201327621e-20 -2.3271786544e+03 5.0288756464e+01 -4.6638887951e+09 -1.0163289073e+07 8.6461275850e+05 2.3066616330e+03 0.0000000000e+00 -0.0000000000e+00
1.2297761391e+05 7.1385808210e-14 1.8669171877e-15 1.1696216632e+08 1.1197504065e+07 1.6917943225e-18 8.0798201419e-20 -2.3843158549e+03 4.4951282309e+01 -4.6638887594e+09 -1.0163289073e+07 8.6461275850e+05 2.0848728243e+03 0.0000000000e+00 -0.0000000000e+00
1.2506248673e+05 7.5004458783e-14 2.0442825448e-15 1.1192690204e+08 1.1284960739e+07 1.7808289462e-18 8.9548490805e-20 -2.4468705341e+03 3.8803431930e+01 -4.6638887059e+09 -1.0163289073e+07 8.6461275850e+05 1.8776268369e+03 0.0000000000e+00 -0.0000000000e+00
1.2674138512e+05 7.8058710361e-14 2.2012154075e-15 1.0777359379e+08 1.1345477670e+07 1.8585323773e-18 9.7555626679e-20 -2.5014640506e+03 3.3177712467e+01 -4.6638886800e+09 -1.0163289073e+07 8.6461275850e+05 1.6928263400e+03 0.0000000000e+00 -0.0000000000e+00
1.2825609695e+05 8.0930269752e-14 2.3550040504e-15 1.0394495769e+08 1.1391502776e+07 1.9339179051e-18 1.0565437306e-19 -2.5544290355e+03 2.7487628542e+01 -4.6638886588e+09 -1.0163289073e+07 8.6461275850e+05 1.5282513871e+03 0.0000000000e+00 -0.0000000000e+00
1.2961476629e+05 8.3606496282e-14 2.5039544659e-15 1.0044013722e+08 1.1425054653e+07 2.0063756546e-18 1.1374575248e-19 -2.6053369979e+03 2.1802720551e+01 -4.6638886421e+09 -1.0163289073e+07 8.6461275850e+05 1.3730884891e+03 0.0000000000e+00 -0.0000000000e+00
1.3082217479e+05 8.6070063079e-14 2.6460154252e-15 9.7265588681e+07 1.1448060858e+07 2.0750956430e-18 1.2169830392e-19 -2.6536188533e+03 1.6215351469e+01 -4.6638886298e+09 -1.0163289073e+07 8.6461275850e+05 1.2239211839e+03 0.0000000000e+00 -0.0000000000e+00
1.3187673067e+05 8.8291657488e-14 2.7783117934e-15 9.4443810089e+07 1.1462379512e+07 2.1388432139e-18 1.2931822248e-19 -2.6984071466e+03 1.0861686338e+01 -4.6638886216e+09 -1.0163289073e+07 8.6461275850e+05 1.0759531130e+03 0.0000000000e+00 -0.0000000000e+00
1.3276293375e+05 9.0211951774e-14 2.8959562068e-15 9.2035017666e+07 1.1469867754e+07 2.1953893184e-18 1.3627315539e-19 -2.7381357744e+03 5.9752322939e+00 -4.6638886173e+09 -1.0163289073e+07 8.6461275850e+05 9.2155344278e+02 0.0000000000e+00 -0.0000000000e+00
1.3340677358e+05 9.1639166807e-14 2.9854174355e-15 9.0262446078e+07 1.1472504186e+07 2.2383299142e-18 1.4167779387e-19 -2.7683053318e+03 2.1779968798e+00 -4.6638886163e+09 -1.0163289073e+07 8.6461275850e+05 7.5670481205e+02 0.0000000000e+00 -0.0000000000e+00
1.3416347839e+05 9.3352683176e-14 3.0951573381e-15 8.8153772019e+07 1.1472373590e+07 2.2909645469e-18 1.4844770036e-19 -2.8052858055e+03 -2.5784597720e+00 -4.6638886134e+09 -1.0163289073e+07 8.6461275850e+05 7.4617580394e+02 0.0000000000e+00 -0.0000000000e+00
1.3490965420e+05 9.5082274735e-14 3.2085660515e-15 8.6046393056e+07 1.1468594330e+07 2.3453451706e-18 1.5561027241e-19 -2.8434929919e+03 -7.6107986254e+00 -4.6638886101e+09 -1.0163289073e+07 8.6461275850e+05 8.5294707997e+02 0.0000000000e+00 -0.0000000000e+00
1.3576260128e+05 9.7110384106e-14 3.3450139650e-15 8.3601614597e+07 1.1459488681e+07 2.4108011424e-18 1.6445846249e-19 -2.8894815877e+03 -1.3827432883e+01 -4.6638886021e+09 -1.0163289073e+07 8.6461275850e+05 9.0788273866e+02 0.0000000000e+00 -0.0000000000e+00
1.3667048401e+05 9.9332319366e-14 3.4989223957e-15 8.0954970821e+07 1.1443703487e+07 2.4847326428e-18 1.7475084360e-19 -2.9414249900e+03 -2.1058738765e+01 -4.6638885879e+09 -1.0163289073e+07 8.6461275850e+05 9.3208288453e+02 0.0000000000e+00 -0.0000000000e+00
1.3760256690e+05 1.0168562280e-13 3.6671393036e-15 7.8187093657e+07 1.1420326944e+07 2.5657381589e-18 1.8639220347e-19 -2.9983385127e+03 -2.9237821253e+01 -4.6638885664e+09 -1.0163289073e+07 8.6461275850e+05 9.3663214205e+02 0.0000000000e+00 -0.0000000000e+00
1.3853919904e+05 1.0412915759e-13 3.8476865147e-15 7.5350381544e+07 1.1388750021e+07 2.6530089582e-18 1.9936091106e-19 -3.0596539496e+03 -3.8349482629e+01 -4.6638885365e+09 -1.0163289073e+07 8.6461275850e+05 9.2774154788e+02 0.0000000000e+00 -0.0000000000e+00
1.3946694059e+05 1.0663307666e-13 4.0391590849e-15 7.2481874455e+07 1.1348592726e+07 2.7460372734e-18 2.1367392860e-19 -3.1250145493e+03 -4.8405640366e+01 -4.6638884972e+09 -1.0163289073e+07 8.6461275850e+05 9.0935744446e+02 0.0000000000e+00 -0.0000000000e+00
1.4037629803e+05 1.0917438661e-13 4.2404666645e-15 6.9609078500e+07 1.1299655453e+07 2.8444889833e-18 2.2937200855e-19 -3.1941855625e+03 -5.9434926656e+01 -4.6638884476e+09 -1.0163289073e+07 8.6461275850e+05 8.8420020182e+02 0.0000000000e+00 -0.0000000000e+00
1.4126049824e+05 1.1173469091e-13 4.4507067592e-15 6.6753017381e+07 1.1241883327e+07 2.9481398628e-18 2.4651261681e-19 -3.2670094510e+03 -7.1477716362e+01 -4.6638883865e+09 -1.0163289073e+07 8.6461275850e+05 8.5424519064e+02 0.0000000000e+00 -0.0000000000e+00
1.4211474343e+05 1.1429890956e-13 4.6690963718e-15 6.3930022722e+07 1.1175338448e+07 3.0568400684e-18 2.6516625187e-19 -3.3433809366e+03 -8.4583540905e+01 -4.6638883131e+09 -1.0163289073e+07 8.6461275850e+05 8.2097562539e+02 0.0000000000e+00 -0.0000000000e+00
1.4293571905e+05 1.1685449018e-13 4.8949326468e-15 6.1152876836e+07 1.1100177479e+07 3.1704927374e-18 2.8541444827e-19 -3.4232319648e+03 -9.8809685481e+01 -4.6638882262e+09 -1.0163289073e+07 8.6461275850e+05 7.8552910789e+02 0.0000000000e+00 -0.0000000000e+00
1.4372124816e+05 1.1939088857e-13 5.1275691959e-15 5.8431590884e+07 1.1016633128e+07 3.2890402900e-18 3.0734869730e-19 -3.5065220805e+03 -1.1422043080e+02 -4.6638881247e+09 -1.0163289073e+07 8.6461275850e+05 7.4878938759e+02 0.0000000000e+00 -0.0000000000e+00
1.4447003755e+05 1.2189920744e-13 5.3664014500e-15 5.5773962263e+07 1.0924998615e+07 3.4124552319e-18 3.3106990773e-19 -3.5932319668e+03 -1.3088667417e+02 -4.6638880076e+09 -1.0163289073e+07 8.6461275850e+05 7.1144748689e+02 0.0000000000e+00 -0.0000000000e+00
1.4518148503e+05 1.2437193276e-13 5.6108574532e-15 5.3185990253e+07 1.0825614535e+07 3.5407337301e-18 3.5668820630e-19 -3.6833589304e+03 -1.4888578935e+02 -4.6638878735e+09 -1.0163289073e+07 8.6461275850e+05 6.7404452803e+02 0.0000000000e+00 -0.0000000000e+00
1.4585552956e+05 1.2680273333e-13 5.8603920512e-15 5.0672196089e+07 1.0718857697e+07 3.6738909710e-18 3.8432296584e-19 -3.7769136414e+03 -1.6830164629e+02 -4.6638877212e+09 -1.0163289073e+07 8.6461275850e+05 6.3700298460e+02 0.0000000000e+00 -0.0000000000e+00
1.4649253255e+05 1.2918630279e-13 6.1144832476e-15 4.8235875817e+07 1.0605131613e+07 3.8119577080e-18 4.1410299580e-19 -3.8739177064e+03 -1.8922474499e+02 -4.6638875495e+09 -1.0163289073e+07 8.6461275850e+05 6.0065024060e+02 0.0000000000e+00 -0.0000000000e+00
1.4709318279e+05 1.3151823121e-13 6.3726299634e-15 4.5879304224e+07 1.0484858398e+07 3.9549776207e-18 4.4616685540e-19 -3.9744018145e+03 -2.1175243552e+02 -4.6638873569e+09 -1.0163289073e+07 8.6461275850e+05 5.6523682134e+02 0.0000000000e+00 -0.0000000000e+00
1.4765841961e+05 1.3379489793e-13 6.6343507091e-15 4.3603902004e+07 1.0358471889e+07 4.1030052444e-18 4.8066326534e-19 -4.0784042815e+03 -2.3598920731e+02 -4.6638871418e+09 -1.0163289073e+07 8.6461275850e+05 5.3095079144e+02 0.0000000000e+00 -0.0000000000e+00
1.4818937040e+05 1.3601338028e-13 6.8991828474e-15 4.1410374600e+07 1.0226411807e+07 4.2561043048e-18 5.1775160321e-19 -4.1859698802e+03 -2.6204703716e+02 -4.6638869029e+09 -1.0163289073e+07 8.6461275850e+05 4.9792930953e+02 0.0000000000e+00 -0.0000000000e+00
1.4868729971e+05 1.3817137436e-13 7.1666822301e-15 3.9298828699e+07 1.0089118833e+07 4.4143463439e-18 5.5760247356e-19 -4.2971488751e+03 -2.9004578984e+02 -4.6638866384e+09 -1.0163289073e+07 8.6461275850e+05 4.6626801451e+02 0.0000000000e+00 -0.0000000000e+00
1.4915356772e+05 1.4026712549e-13 7.4364230635e-15 3.7268870772e+07 9.9470304817e+06 4.5778095570e-18 6.0039834775e-19 -4.4119962056e+03 -3.2011366756e+02 -4.6638863465e+09 -1.0163289073e+07 8.6461275850e+05 4.3602872059e+02 0.0000000000e+00 -0.0000000000e+00
1.4958959644e+05 1.4229936636e-13 7.7079979018e-15 3.5319690957e+07 9.8005776653e+06 4.7465777805e-18 6.4633427113e-19 -4.5305707739e+03 -3.5238770690e+02 -4.6638860255e+09 -1.0163289073e+07 8.6461275850e+05 4.0724577093e+02 0.0000000000e+00 -0.0000000000e+00
1.4999684222e+05 1.4426726172e-13 7.9810177025e-15 3.3450134775e+07 9.6501818582e+06 4.9207395867e-18 6.9561863736e-19 -4.6529348100e+03 -3.8701432280e+02 -4.6638856733e+09 -1.0163289073e+07 8.6461275850e+05 3.7993130684e+02 0.0000000000e+00 -0.0000000000e+00
1.5037677352e+05 1.4617035852e-13 8.2551118969e-15 3.1658764679e+07 9.4962527907e+06 5.1003874501e-18 7.4847403097e-19 -4.7791532852e+03 -4.2414990053e+02 -4.6638852879e+09 -1.0163289073e+07 8.6461275850e+05 3.5407965240e+02 0.0000000000e+00 -0.0000000000e+00
1.5073085317e+05 1.4800854095e-13 8.5299284456e-15 2.9943912990e+07 9.3391865973e+06 5.2856169580e-18 8.0513814023e-19 -4.9092933583e+03 -4.6396143706e+02 -4.6638848672e+09 -1.0163289073e+07 8.6461275850e+05 3.2967097050e+02 0.0000000000e+00 -0.0000000000e+00
1.5106052415e+05 1.4978198962e-13 8.8051338608e-15 2.8303727483e+07 9.1793643605e+06 5.4765260431e-18 8.6586474401e-19 -5.0434238356e+03 -5.0662723444e+02 -4.6638844087e+09 -1.0163289073e+07 8.6461275850e+05 3.0667431113e+02 0.0000000000e+00 -0.0000000000e+00
1.5136719846e+05 1.5149114453e-13 9.0804131842e-15 2.6736210681e+07 9.0171509962e+06 5.6732142176e-18 9.3092477636e-19 -5.1816146330e+03 -5.5233764775e+02 -4.6638839100e+09 -1.0163289073e+07 8.6461275850e+05 2.8505015360e+02 0.0000000000e+00 -0.0000000000e+00
1.5165224861e+05 1.5313667152e-13 9.3554699129e-15 2.5239253706e+07 8.8528944333e+06 5.8757817912e-18 1.0006074741e-18 -5.3239362270e+03 -6.0129589140e+02 -4.6638833686e+09 -1.0163289073e+07 8.6461275850e+05 2.6475252312e+02 0.0000000000e+00 -0.0000000000e+00
1.5191700113e+05 1.5471943174e-13 9.6300258753e-15 2.3810665419e+07 8.6869250453e+06 6.0843290583e-18 1.0752216131e-18 -5.4704590834e+03 -6.5371890767e+02 -4.6638827816e+09 -1.0163289073e+07 8.6461275850e+05 2.4573074769e+02 0.0000000000e+00 -0.0000000000e+00
1.5216273188e+05 1.5624045400e-13 9.9038210541e-15 2.2448197470e+07 8.5195552961e+06 6.2989554374e-18 1.1550968399e-18 -5.6212530523e+03 -7.0983830226e+02 -4.6638821461e+09 -1.0163289073e+07 8.6461275850e+05 2.2793091337e+02 0.0000000000e+00 -0.0000000000e+00
1.5239066279e+05 1.5770090974e-13 1.0176613363e-14 2.1149565772e+07 8.3510795676e+06 6.5197585478e-18 1.2405851055e-18 -5.7763867201e+03 -7.6990135194e+02 -4.6638814591e+09 -1.0163289073e+07 8.6461275850e+05 2.1129706309e+02 0.0000000000e+00 -0.0000000000e+00
1.5260195986e+05 1.5910209035e-13 1.0448178379e-14 1.9912468864e+07 8.1817741392e+06 6.7468332091e-18 1.3320622117e-18 -5.9359267056e+03 -8.3417209056e+02 -4.6638807174e+09 -1.0163289073e+07 8.6461275850e+05 1.9577217845e+02 0.0000000000e+00 -0.0000000000e+00
1.5279773204e+05 1.6044538672e-13 1.0718309040e-14 1.8734603546e+07 8.0118972942e+06 6.9802703442e-18 1.4299294769e-18 -6.0999368904e+03 -9.0293247972e+02 -4.6638799173e+09 -1.0163289073e+07 8.6461275850e+05 1.8129897872e+02 0.0000000000e+00 -0.0000000000e+00
1.5297903101e+05 1.6173227087e-13 1.0986815304e-14 1.7613678130e+07 7.8416895298e+06 7.2201557715e-18 1.5346155339e-18 -6.2684775694e+03 -9.7648367173e+02 -4.6638790553e+09 -1.0163289073e+07 8.6461275850e+05 1.6782056512e+02 0.0000000000e+00 -0.0000000000e+00
1.5314685158e+05 1.6296427933e-13 1.1253523790e-14 1.6547423605e+07 7.6713738502e+06 7.4665688637e-18 1.6465782707e-18 -6.4416045090e+03 -1.0551473734e+03 -4.6638781277e+09 -1.0163289073e+07 8.6461275850e+05 1.5528093439e+02 0.0000000000e+00 -0.0000000000e+00
1.5330213251e+05 1.6414299841e-13 1.1518277395e-14 1.5533602973e+07 7.5011561261e+06 7.7195810547e-18 1.7663069286e-18 -6.6193678978e+03 -1.1392673199e+03 -4.6638771301e+09 -1.0163289073e+07 8.6461275850e+05 1.4362538209e+02 0.0000000000e+00 -0.0000000000e+00
1.5344575790e+05 1.6527005093e-13 1.1780934902e-14 1.4570018984e+07 7.3312255034e+06 7.9792541678e-18 1.8943243720e-18 -6.8018111721e+03 -1.2292108695e+03 -4.6638760586e+09 -1.0163289073e+07 8.6461275850e+05 1.3280081405e+02 0.0000000000e+00 -0.0000000000e+00
1.5357855871e+05 1.6634708446e-13 1.2041370576e-14 1.3654520478e+07 7.1617548488e+06 8.2456385403e-18 2.0311895474e-18 -6.9889696983e+03 -1.3253707316e+03 -4.6638749084e+09 -1.0163289073e+07 8.6461275850e+05 1.2275597970e+02 0.0000000000e+00 -0.0000000000e+00
1.5370131469e+05 1.6737576091e-13 1.2299473765e-14 1.2785007501e+07 6.9929012179e+06 8.5187709122e-18 2.1775001513e-18 -7.1808692895e+03 -1.4281668406e+03 -4.6638736749e+09 -1.0163289073e+07 8.6461275850e+05 1.1344164128e+02 0.0000000000e+00 -0.0000000000e+00
1.5381475633e+05 1.6835774735e-13 1.2555148511e-14 1.1959435359e+07 6.8248063365e+06 8.7986720436e-18 2.3338955296e-18 -7.3775245314e+03 -1.5380483934e+03 -4.6638723531e+09 -1.0163289073e+07 8.6461275850e+05 1.0481068943e+02 0.0000000000e+00 -0.0000000000e+00
1.5391956702e+05 1.6929470791e-13 1.2808313164e-14 1.1175817739e+07 6.6575970839e+06 9.0853440195e-18 2.5010598327e-18 -7.5789368891e+03 -1.6554960662e+03 -4.6638709377e+09 -1.0163289073e+07 8.6461275850e+05 9.6818214286e+01 0.0000000000e+00 -0.0000000000e+00
1.5401638523e+05 1.7018829674e-13 1.3058900025e-14 1.0432229029e+07 6.4913859694e+06 9.3787671951e-18 2.6797254580e-18 -7.7850925602e+03 -1.7810244325e+03 -4.6638694234e+09 -1.0163289073e+07 8.6461275850e+05 8.9421540318e+01 0.0000000000e+00 -0.0000000000e+00
1.5410580678e+05 1.7104015195e-13 1.3306855016e-14 9.7268059394e+06 6.3262715931e+06 9.6788967235e-18 2.8706768109e-18 -7.9959600360e+03 -1.9151846066e+03 -4.6638678042e+09 -1.0163289073e+07 8.6461275850e+05 8.2580232012e+01 8.8947271533e-310 -6.2163510679e-302
1.5418838701e+05 1.7185189029e-13 1.3552137376e-14 9.0577485121e+06 6.1623390833e+06 9.9856586030e-18 3.0747544268e-18 -8.2114873235e+03 -2.0585671386e+03 -4.6638660744e+09 -1.0163289073e+07 8.6461275850e+05 7.6256075244e+01 7.0442010175e-271 -5.0688323108e-263
1.5426464308e+05 1.7262510271e-13 1.3794719412e-14 8.4233206159e+06 5.9996605018e+06 1.0298945162e-17 3.2928594984e-18 -8.4315987744e+03 -2.2118051960e+03 -4.6638642276e+09 -1.0163289073e+07 8.6461275850e+05 7.0413040203e+01 4.9313483236e-234 -3.6538062178e-226
1.5433505612e+05 1.7336135058e-13 1.4034586290e-14 7.8218499903e+06 5.8382952101e+06 1.0618609895e-17 3.5259588628e-18 -8.6561914550e+03 -2.3755780671e+03 -4.6638622573e+09 -1.0163289073e+07 8.6461275850e+05 6.5017229514e+01 3.8405518283e-199 -2.9302682635e-191
1.5440007335e+05 1.7406216250e-13 1.4271735893e-14 7.2517279043e+06 5.6782901861e+06 1.0944461530e-17 3.7750905143e-18 -8.8851309800e+03 -2.5506150345e+03 -4.6638601569e+09 -1.0163289073e+07 8.6461275850e+05 6.0036815213e+01 4.1507165857e-166 -3.2613774393e-158
1.5446011017e+05 1.7472903182e-13 1.4506178753e-14 6.7114084878e+06 5.5196802846e+06 1.1276257204e-17 4.0413697190e-18 -9.1182467174e+03 -2.7376996710e+03 -4.6638579195e+09 -1.0163289073e+07 8.6461275850e+05 5.5441967258e+01 7.6975260331e-135 -6.2290793886e-127
1.5451555213e+05 1.7536341448e-13 1.4737938064e-14 6.1994077835e+06 5.3624884288e+06 1.1613694580e-17 4.3259958231e-18 -9.3553262478e+03 -2.9376746232e+03 -4.6638555380e+09 -1.0163289073e+07 8.6461275850e+05 5.1204776702e+01 3.0027707545e-105 -2.5027669012e-97
1.5456675691e+05 1.7596672751e-13 1.4967049804e-14 5.7143025606e+06 5.2067257222e+06 1.1956402705e-17 4.6302598687e-18 -9.5961089440e+03 -3.1514469620e+03 -4.6638530051e+09 -1.0163289073e+07 8.6461275850e+05 4.7299174913e+01 2.9950139853e-77 -2.5713067769e-69
1.5461405609e+05 1.7654034786e-13 1.5193562973e-14 5.2547289267e+06 5.0523914661e+06 1.2303931372e-17 4.9555531534e-18 -9.8402784974e+03 -3.3799941969e+03 -4.6638503137e+09 -1.0163289073e+07 8.6461275850e+05 4.3700851157e+01 9.2075712967e-51 -8.1430834274e-43
1.5465775694e+05 1.7708561158e-13 1.5417539985e-14 4.8193807690e+06 4.8994730658e+06 1.2655738692e-17 5.3033769018e-18 -1.0087454181e+04 -3.6243710705e+03 -4.6638474564e+09 -1.0163289073e+07 8.6461275850e+05 4.0387169845e+01 1.0433216630e-25 -9.5056879379e-18
1.5467199183e+05 1.7726662677e-13 1.5493915132e-14 4.6751812298e+06 4.8472607473e+06 1.2777475859e-17 5.4283598234e-18 -1.0172985283e+04 -3.7121826008e+03 -4.6638474422e+09 -1.0163289073e+07 8.6461275850e+05 3.8075695973e+01 2.0344638105e-17 -1.8726741955e-09
1.5467579940e+05 1.7731534102e-13 1.5514649549e-14 4.6364025348e+06 4.8330802931e+06 1.2810675155e-17 5.4628741354e-18 -1.0196310718e+04 -3.7364319504e+03 -4.6638474421e+09 -1.0163289073e+07 8.6461275850e+05 1.9037847987e+01 3.4440211609e-15 -3.1789882602e-07
1.5469483725e+05 1.7756083755e-13 1.5620343625e-14 4.4411563641e+06 4.7607573924e+06 1.2980876668e-17 5.6427912583e-18 -1.0315891452e+04 -3.8628392874e+03 -4.6639319663e+09 -1.0163281880e+07 8.6461545174e+05 1.9387117671e+01 5.6592369640e-04 -5.2987968312e+04
1.5469677596e+05 1.7758602091e-13 1.5631301806e-14 4.4211447558e+06 4.7532555091e+06 1.2998613487e-17 5.6618324407e-18 -1.0328348044e+04 -3.8762154898e+03 -4.6644413195e+09 -1.0163238630e+07 8.6463167257e+05 3.2756212421e+00 7.9764104831e-03 -7.4794797204e+05
1.5469833932e+05 1.7760635359e-13 1.5640165336e-14 4.4049900088e+06 4.7471871316e+06 1.3012972122e-17 5.6772880826e-18 -1.0338395450e+04 -3.8870591104e+03 -4.6685317737e+09 -1.0162891813e+07 8.6476199063e+05 2.0397021028e+00 6.7503766624e-02 -6.3374126038e+06
1.5469957698e+05 1.7762246632e-13 1.5647199513e-14 4.3921896933e+06 4.7423709522e+06 1.3024374991e-17 5.6895884206e-18 -1.0346202200e+04 -3.8956241220e+03 -4.6890846701e+09 -1.0161151257e+07 8.6541701080e+05 1.3952891104e+00 3.6660361321e-01 -3.4449778069e+07
1.5470054867e+05 1.7763512625e-13 1.5652732703e-14 4.3821336592e+06 4.7385824292e+06 1.3033349446e-17 5.6992856287e-18 -1.0351810855e+04 -3.9021747614e+03 -4.7590755393e+09 -1.0155229372e+07 8.6764830306e+05 1.0336386596e+00 1.3849807433e+00 -1.3023575349e+08
1.5470133433e+05 1.7764536892e-13 1.5657213504e-14 4.3739992204e+06 4.7355146917e+06 1.3040620078e-17 5.7071524229e-18 -1.0355091297e+04 -3.9070124985e+03 -4.9428210832e+09 -1.0139692923e+07 8.7350803276e+05 8.1412005973e-01 4.0575318472e+00 -3.8171207639e+08
1.5470198945e+05 1.7765391411e-13 1.5660954542e-14 4.3672150918e+06 4.7329540302e+06 1.3046692460e-17 5.7137300195e-18 -1.0355333542e+04 -3.9101148473e+03 -5.3475033727e+09 -1.0105487737e+07 8.8641947414e+05 6.7000325112e-01 9.9395643987e+00 -9.3517565781e+08
1.5470255062e+05 1.7766123693e-13 1.5664162479e-14 4.3614049243e+06 4.7307594190e+06 1.3051901039e-17 5.7193772482e-18 -1.0351148546e+04 -3.9111193888e+03 -6.1363549431e+09 -1.0038809631e+07 9.1160612167e+05 5.6968314437e-01 2.1391133000e+01 -2.0119627094e+09
1.5470304262e+05 1.7766765957e-13 1.5666977624e-14 4.3563144519e+06 4.7288354562e+06 1.3056473011e-17 5.7243382940e-18 -1.0340335719e+04 -3.9093039743e+03 -7.5459179934e+09 -9.9195967887e+06 9.5666450990e+05 4.9714223429e-01 4.1808251340e+01 -3.9284910914e+09
1.5470348333e+05 1.7767341469e-13 1.5669501417e-14 4.3517613394e+06 4.7271136415e+06 1.3060572714e-17 5.7287900922e-18 -1.0319629768e+04 -3.9035120591e+03 -9.9131283114e+09 -9.7191127842e+06 1.0324819281e+06 4.4386302596e-01 7.5968712709e+01 -7.1245324021e+09
1.5470392720e+05 1.7767921271e-13 1.5672045212e-14 4.3471888223e+06 4.7253835816e+06 1.3064705763e-17 5.7332811681e-18 -1.0279389735e+04 -3.8903430726e+03 -1.4230994297e+10 -9.3523899331e+06 1.1712390186e+06 4.0369482135e-01 1.3786801631e+02 -1.2880034870e+10
1.5470433089e+05 1.7768448762e-13 1.5674360533e-14 4.3430512168e+06 4.7238172840e+06 1.3068468329e-17 5.7373723394e-18 -1.0213200601e+04 -3.8671601945e+03 -2.1085062194e+10 -8.7673122489e+06 1.3927259572e+06 3.7875627664e-01 2.3503398088e+02 -2.1817500069e+10
1.5470470965e+05 1.7768943806e-13 1.5676534327e-14 4.3392011322e+06 4.7223591429e+06 1.3072001514e-17 5.7412164007e-18 -1.0108245392e+04 -3.8291704241e+03 -3.1695125564e+10 -7.8540927923e+06 1.7385957406e+06 3.7916221588e-01 3.8277734634e+02 -3.5168948728e+10
1.5470508881e+05 1.7769439514e-13 1.5678711910e-14 4.3353983218e+06 4.7209182429e+06 1.3075541420e-17 5.7450699894e-18 -9.9372962605e+03 -3.7661609996e+03 -4.8592326944e+10 -6.3798848569e+06 2.2971894802e+06 5.6187758706e-01 6.1123364848e+02 -5.5212600143e+10
1.5470538262e+05 1.7769823726e-13 1.5680400307e-14 4.3325061497e+06 4.7198219314e+06 1.3078286454e-17 5.7480597755e-18 -9.7386862376e+03 -3.6922442447e+03 -6.7771702005e+10 -4.6753063139e+06 2.9433368998e+06 3.2595705118e-01 8.6005637580e+02 -7.6139501424e+10
1.5470565173e+05 1.7770175715e-13 1.5681947560e-14 4.3299173131e+06 4.7188402540e+06 1.3080802253e-17 5.7508010165e-18 -9.4888760845e+03 -3.5987719908e+03 -9.1286129819e+10 -2.5368956665e+06 3.7542217487e+06 2.7338829510e-01 1.1492586221e+03 -9.9136612767e+10
1.5470592512e+05 1.7770533364e-13 1.5683520143e-14 4.3273669936e+06 4.7178728418e+06 1.3083359432e-17 5.7535884258e-18 -9.1533918355e+03 -3.4727885388e+03 -1.2185411446e+11 3.2999192461e+05 4.8417274991e+06 2.5205860230e-01 1.4976447464e+03 -1.2462699020e+11
1.5470617718e+05 1.7770863171e-13 1.5684970708e-14 4.3251075134e+06 4.7170154508e+06 1.3085718330e-17 5.7561606341e-18 -8.7610044323e+03 -3.3250689094e+03 -1.5617527830e+11 3.6793721904e+06 6.1127055771e+06 2.6385889006e-01 1.8489894129e+03 -1.4727482277e+11
1.5470644104e+05 1.7771208482e-13 1.5686489878e-14 4.3228598006e+06 4.7161622153e+06 1.3088188869e-17 5.7588554956e-18 -8.2612655515e+03 -3.1366002623e+03 -1.9768218074e+11 7.9419067366e+06 7.7307827902e+06 2.8419037057e-01 2.2122472972e+03 -1.6616567939e+11
1.5470663426e+05 1.7771461397e-13 1.5687602826e-14 4.3213034249e+06 4.7155712117e+06 1.3089998803e-17 5.7608303354e-18 -7.8410698867e+03 -2.9779430824e+03 -2.3068436892e+11 1.1524378816e+07 9.0911625627e+06 1.9986963099e-01 2.4477127982e+03 -1.7450707789e+11
1.5470680961e+05 1.7771690939e-13 1.5688613123e-14 4.3199644801e+06 4.7150626260e+06 1.3091641780e-17 5.7626233972e-18 -7.4262189798e+03 -2.8211867019e+03 -2.6157182250e+11 1.5060423383e+07 1.0434299962e+07 1.7658169400e-01 2.6202870438e+03 -1.7693322505e+11
1.5470698619e+05 1.7771922128e-13 1.5689630857e-14 4.3186918909e+06 4.7145791036e+06 1.3093296801e-17 5.7644299598e-18 -6.9840410720e+03 -2.6540074712e+03 -2.9264335399e+11 1.8828819386e+07 1.1866112215e+07 1.6410538371e-01 2.7417669787e+03 -1.7411919893e+11
1.5470715030e+05 1.7772137009e-13 1.5690576968e-14 4.3175804980e+06 4.7141567011e+06 1.3094835285e-17 5.7661096163e-18 -6.5593168197e+03 -2.4933532079e+03 -3.2069273353e+11 2.2448163356e+07 1.3241704361e+07 1.5792215331e-01 2.8008971739e+03 -1.6706346932e+11
1.5470730822e+05 1.7772343817e-13 1.5691487693e-14 4.3165772740e+06 4.7137752944e+06 1.3096316141e-17 5.7677266145e-18 -6.1458252415e+03 -2.3368918449e+03 -3.4631140449e+11 2.5971685441e+07 1.4581282660e+07 1.5626845351e-01 2.8074002139e+03 -1.5690149450e+11
1.5470746449e+05 1.7772548483e-13 1.5692389131e-14 4.3156487253e+06 4.7134221666e+06 1.3097781797e-17 5.7693272489e-18 -5.7391647494e+03 -2.1829712703e+03 -3.6988265230e+11 2.9437052520e+07 1.5899166533e+07 1.5855454946e-01 2.7677567749e+03 -1.4445645914e+11
1.5470762304e+05 1.7772756166e-13 1.5693304013e-14 4.3147709073e+06 4.7130882187e+06 1.3099269185e-17 5.7709518393e-18 -5.3356052495e+03 -2.0301889953e+03 -3.9168262021e+11 3.2876190955e+07 1.7207517924e+07 1.6567627128e-01 2.6864679939e+03 -1.3036022870e+11
1.5470778872e+05 1.7772973202e-13 1.5694260264e-14 4.3139208115e+06 4.7127646959e+06 1.3100823674e-17 5.7726499407e-18 -4.9296435526e+03 -1.8764685296e+03 -4.1201333865e+11 3.6336148785e+07 1.8524282944e+07 1.8176237161e-01 2.5659482055e+03 -1.1504428274e+11
1.5470797048e+05 1.7773211342e-13 1.5695309684e-14 4.3130634898e+06 4.7124382812e+06 1.3102529410e-17 5.7745135029e-18 -4.5083933856e+03 -1.7169355734e+03 -4.3141479658e+11 3.9926961858e+07 1.9891442265e+07 2.3664466096e-01 2.4037576134e+03 -9.8568977066e+10
1.5470817218e+05 1.7773475642e-13 1.5696474624e-14 4.3121984455e+06 4.7121087533e+06 1.3104422623e-17 5.7765821586e-18 -4.0753927965e+03 -1.5529359445e+03 -4.4955889839e+11 4.3618773135e+07 2.1297793123e+07 2.0560675823e-01 2.2023017033e+03 -8.1640560933e+10
1.5470834601e+05 1.7773703449e-13 1.5697478917e-14 4.3115201685e+06 4.7118502257e+06 1.3106054488e-17 5.7783654537e-18 -3.7334549179e+03 -1.4234210633e+03 -4.6259916323e+11 4.6534990598e+07 2.2409319451e+07 1.7521824612e-01 2.0217980765e+03 -6.8665505994e+10
1.5470852123e+05 1.7773933105e-13 1.5698491549e-14 4.3108940294e+06 4.7116114332e+06 1.3107699626e-17 5.7801634317e-18 -3.4184341580e+03 -1.3041031579e+03 -4.7360725823e+11 4.9222491825e+07 2.3434259173e+07 1.6486032861e-01 1.8414853622e+03 -5.7268884639e+10
1.5470868609e+05 1.7774149212e-13 1.5699444608e-14 4.3103530569e+06 4.7114049948e+06 1.3109247710e-17 5.7818554866e-18 -3.1485595495e+03 -1.2018911725e+03 -4.8227098059e+11 5.1525671150e+07 2.4313166000e+07 1.6033609898e-01 1.6782427227e+03 -4.8075526582e+10
1.5470884643e+05 1.7774359412e-13 1.5700371780e-14 4.3098676876e+06 4.7112196573e+06 1.3110753477e-17 5.7835014176e-18 -2.9095846247e+03 -1.1113914970e+03 -4.8935222219e+11 5.3565950455e+07 2.5092242741e+07 1.5869220868e-01 1.5283651412e+03 -4.0462384781e+10
1.5470900512e+05 1.7774567482e-13 1.5701289706e-14 4.3094233013e+06 4.7110498548e+06 1.3112243957e-17 5.7851307520e-18 -2.6944373989e+03 -1.0299272328e+03 -4.9525311536e+11 5.5403603019e+07 2.5794419373e+07 1.5870322082e-01 1.3902490236e+03 -3.4087298101e+10
1.5470916382e+05 1.7774775589e-13 1.5702207954e-14 4.3090114461e+06 4.7108923688e+06 1.3113734679e-17 5.7867604565e-18 -2.4989665326e+03 -9.5592731749e+02 -5.0022485366e+11 5.7074007974e+07 2.6433151247e+07 1.5985952916e-01 1.2630239282e+03 -2.8724037528e+10
1.5470932368e+05 1.7774985237e-13 1.5703133155e-14 4.3086264743e+06 4.7107450474e+06 1.3115236392e-17 5.7884022759e-18 -2.3203240015e+03 -8.8831409236e+02 -5.0444439457e+11 5.8601437722e+07 2.7017668607e+07 1.6189249348e-01 1.1460151416e+03 -2.4202354051e+10
1.5470948558e+05 1.7775197575e-13 1.5704070388e-14 4.3082643203e+06 4.7106063403e+06 1.3116757327e-17 5.7900652035e-18 -2.1563908174e+03 -8.2628587027e+02 -5.0804422377e+11 6.0003952809e+07 2.7554839498e+07 1.6464386045e-01 1.0386109989e+03 -2.0386762211e+10
1.5470965022e+05 1.7775413547e-13 1.5705023826e-14 4.3079219127e+06 4.7104750745e+06 1.3118304229e-17 5.7917566123e-18 -2.0055058053e+03 -7.6921425834e+02 -5.1112734815e+11 6.1295713509e+07 2.8050049293e+07 1.6801588329e-01 9.4022250180e+02 -1.7166284991e+10
1.5470981823e+05 1.7775633968e-13 1.5705997078e-14 4.3075968467e+06 4.7103503304e+06 1.3119882927e-17 5.7934828746e-18 -1.8663165860e+03 -7.1658775036e+02 -5.1377595407e+11 6.2488249860e+07 2.8507683849e+07 1.7194601700e-01 8.5027133024e+02 -1.4448532453e+10
1.5470999018e+05 1.7775859573e-13 1.5706993396e-14 4.3072871883e+06 4.7102313669e+06 1.3121498665e-17 5.7952497234e-18 -1.7376915780e+03 -6.6797842100e+02 -5.1605682238e+11 6.3591211616e+07 2.8931414770e+07 1.7639370300e-01 7.6818915813e+02 -1.2155890861e+10
1.5471016657e+05 1.7776091043e-13 1.5708015802e-14 4.3069913495e+06 4.7101175737e+06 1.3123156307e-17 5.7970624773e-18 -1.6186643085e+03 -6.2302085051e+02 -5.1802494581e+11 6.4612842843e+07 2.9324379885e+07 1.8133292893e-01 6.9342071908e+02 -1.0222831335e+10
1.5471034791e+05 1.7776329025e-13 1.5709067169e-14 4.3067080041e+06 4.7100084394e+06 1.3124860472e-17 5.7989261894e-18 -1.5083961961e+03 -5.8139804146e+02 -5.1972606910e+11 6.5560299073e+07 2.9689303851e+07 1.8674765295e-01 6.2542767301e+02 -8.5938787376e+09
1.5471053466e+05 1.7776574145e-13 1.5710150284e-14 4.3064360294e+06 4.7099035295e+06 1.3126615632e-17 5.8008457499e-18 -1.4061506314e+03 -5.4283161138e+02 -5.2119854180e+11 6.6439868185e+07 3.0028582122e+07 1.9262894711e-01 5.6369217848e+02 -7.2220086134e+09
1.5471072728e+05 1.7776827019e-13 1.5711267886e-14 4.3061744639e+06 4.7098024698e+06 1.3128426172e-17 5.8028259586e-18 -1.3112742270e+03 -5.0707469847e+02 -5.2247471194e+11 6.7257130172e+07 3.0344341688e+07 1.9897306323e-01 5.0771973300e+02 -6.0673423744e+09
1.5471092626e+05 1.7777088258e-13 1.5712422695e-14 4.3059224758e+06 4.7097049348e+06 1.3130296448e-17 5.8048715782e-18 -1.2231828522e+03 -4.7390667744e+02 -5.2358199993e+11 6.8017076141e+07 3.0638486307e+07 2.0578008721e-01 4.5704121440e+02 -5.0960646032e+09
1.5471113204e+05 1.7777358473e-13 1.5713617440e-14 4.3056793399e+06 4.7096106384e+06 1.3132230811e-17 5.8069873734e-18 -1.1413509515e+03 -4.4312911807e+02 -5.2454374238e+11 6.8724199317e+07 3.0912731090e+07 2.1305294875e-01 4.1121416880e+02 -4.2795133988e+09
1.5471134509e+05 1.7777638280e-13 1.5714854869e-14 4.3054444191e+06 4.7095193271e+06 1.3134233646e-17 5.8091781404e-18 -1.0653031914e+03 -4.1456262371e+02 -5.2537986575e+11 6.9382566207e+07 3.1168629553e+07 2.2079668805e-01 3.6982344701e+02 -3.5934102898e+09
1.5471156589e+05 1.7777928303e-13 1.5716137767e-14 4.3052171501e+06 4.7094307746e+06 1.3136309382e-17 5.8114487280e-18 -9.9460778701e+02 -3.8804430514e+02 -5.2610743137e+11 6.9995873443e+07 3.1407595210e+07 2.2901782609e-01 3.3248129633e+02 -3.0172052812e+09
1.5471179490e+05 1.7778229172e-13 1.5717468962e-14 4.3049970321e+06 4.7093447768e+06 1.3138462513e-17 5.8138040535e-18 -9.2887109020e+02 -3.6342573115e+02 -5.2674108094e+11 7.0567493861e+07 3.1630919093e+07 2.3772388488e-01 2.9882702571e+02 -2.5335185978e+09
1.5471203263e+05 1.7778541531e-13 1.5718851333e-14 4.3047836176e+06 4.7092611491e+06 1.3140697601e-17 5.8162491121e-18 -8.6773311662e+02 -3.4057123336e+02 -5.2729340418e+11 7.1100514583e+07 3.1839784214e+07 2.4692295372e-01 2.6852633064e+02 -2.1276641624e+09
1.5471227955e+05 1.7778866034e-13 1.5720287812e-14 4.3045765049e+06 4.7091797227e+06 1.3143019287e-17 5.8187889834e-18 -8.1086380210e+02 -3.1935648651e+02 -5.2777524441e+11 7.1597768865e+07 3.2035277674e+07 2.5662325337e-01 2.4127036701e+02 -1.7872428182e+09
1.5471253617e+05 1.7779203346e-13 1.5721781387e-14 4.3043753322e+06 4.7091003426e+06 1.3145432289e-17 5.8214288324e-18 -7.5795983970e+02 -2.9966730736e+02 -5.2819595415e+11 7.2061862994e+07 3.2218400874e+07 2.6683281144e-01 2.1677464855e+02 -1.5017952417e+09
1.5471280301e+05 1.7779554142e-13 1.5723335101e-14 4.3041797721e+06 4.7090228653e+06 1.3147941401e-17 5.8241739074e-18 -7.0874195915e+02 -2.8139862006e+02 -5.2856361003e+11 7.2495199395e+07 3.2390078305e+07 2.7755907524e-01 1.9477781573e+02 -1.2625058713e+09
1.5471308057e+05 1.7779919112e-13 1.5724952050e-14 4.3039895274e+06 4.7089471572e+06 1.3150551488e-17 5.8270295344e-18 -6.6295258064e+02 -2.6445356214e+02 -5.2888519442e+11 7.2899996549e+07 3.2551165101e+07 2.8880858928e-01 1.7504033336e+02 -1.0619506868e+09
1.5471336938e+05 1.7780298950e-13 1.5726635375e-14 4.3038043274e+06 4.7088730932e+06 1.3153267475e-17 5.8300011073e-18 -6.2035376390e+02 -2.4874270110e+02 -5.2916674933e+11 7.3278306369e+07 3.2702453653e+07 3.0058667256e-01 1.5734314889e+02 -8.9388250700e+08
1.5471366996e+05 1.7780694362e-13 1.5728388261e-14 4.3036239247e+06 4.7088005551e+06 1.3156094341e-17 5.8330940756e-18 -5.8072540469e+02 -2.3418334341e+02 -5.2941350743e+11 7.3632029464e+07 3.2844679401e+07 3.1289711295e-01 1.4148634328e+02 -7.5304844526e+08
1.5471398286e+05 1.7781106059e-13 1.5730213923e-14 4.3034480926e+06 4.7087294307e+06 1.3159037098e-17 5.8363139287e-18 -5.4386363846e+02 -2.2069892077e+02 -5.2963000381e+11 7.3962928623e+07 3.2978525955e+07 3.2574190118e-01 1.2728779752e+02 -6.3503488276e+08
1.5471430860e+05 1.7781534753e-13 1.5732115601e-14 4.3032766224e+06 4.7086596125e+06 1.3162100779e-17 5.8396661769e-18 -5.0957941747e+02 -2.0821844066e+02 -5.2982017156e+11 7.4272640802e+07 3.3104629663e+07 3.3912100871e-01 1.1458189173e+02 -5.3613595488e+08
1.5471464772e+05 1.7781981162e-13 1.5734096546e-14 4.3031093210e+06 4.7085909971e+06 1.3165290416e-17 5.8431563312e-18 -4.7769723627e+02 -1.9667599199e+02 -5.2998742371e+11 7.4562687855e+07 3.3223583678e+07 3.5303215540e-01 1.0321824983e+02 -4.5324211144e+08
1.5471500075e+05 1.7782445998e-13 1.5736160010e-14 4.3029460096e+06 4.7085234844e+06 1.3168611020e-17 5.8467898796e-18 -4.4805399059e+02 -1.8601029989e+02 -5.3013472356e+11 7.4834486094e+07 3.3335941612e+07 3.6747076391e-01 9.3060540968e+01 -3.8374580332e+08
1.5471536823e+05 1.7782929969e-13 1.5738309229e-14 4.3027865214e+06 4.7084569764e+06 1.3172067562e-17 5.8505722638e-18 -4.2049794157e+02 -1.7616431951e+02 -5.3026464521e+11 7.5089354976e+07 3.3442220844e+07 3.8242984247e-01 8.3985339613e+01 -3.2546172048e+08
1.5471575065e+05 1.7783433777e-13 1.5740547415e-14 4.3026306998e+06 4.7083913772e+06 1.3175664943e-17 5.8545088540e-18 -3.9488778605e+02 -1.6708486884e+02 -5.3037942568e+11 7.5328524861e+07 3.3542905491e+07 3.9790003023e-01 7.5881052976e+01 -2.7655943656e+08
1.5471614855e+05 1.7783958111e-13 1.5742877739e-14 4.3024783974e+06 4.7083265918e+06 1.3179407981e-17 5.8586049248e-18 -3.7109181386e+02 -1.5872229376e+02 -5.3048100983e+11 7.5553144046e+07 3.3638449114e+07 4.1386975323e-01 6.8646914498e+01 -2.3550656784e+08
1.5471614855e+05 1.7783958111e-13 1.5742877739e-14 4.3024783974e+06 4.7083265918e+06 1.3179407981e-17 5.8586049248e-18 -3.7109181386e+02 -1.5872229376e+02 -5.3048100983e+11 7.5553144046e+07 3.3638449114e+07 4.1386975323e-01 6.8646914498e+01 -2.3550656784e+08
