0.0000000000e+00 0.0000000000e+00 0.0000000000e+00 3.1415900000e+08 0.0000000000e+00 0.0000000000e+00 0.0000000000e+00 -1.1786167030e+03 2.2552753310e+02 -4.6638893012e+09 -1.0018241975e+07 1.9169840314e+06 1.0000000000e+01 0.0000000000e+00 -0.0000000000e+00
1.0000000000e+01 2.8740014510e-22 6.8774805366e-28 3.1414721363e+08 2.2552753305e+03 5.7480747872e-23 2.0632828659e-28 -1.1786570883e+03 2.2552753296e+02 -4.6638893012e+09 -1.0018241975e+07 1.9169840314e+06 5.0000000000e+01 0.0000000000e+00 -0.0000000000e+00
6.0000000000e+01 1.0347699391e-20 1.4859539206e-25 3.1408827573e+08 1.3531651882e+04 3.4494920107e-22 7.4306060816e-27 -1.1788590603e+03 2.2552752788e+02 -4.6638893012e+09 -1.0018241975e+07 1.9169840314e+06 2.5000000000e+02 0.0000000000e+00 -0.0000000000e+00
3.1000000000e+02 2.7639900971e-19 2.0523349675e-23 3.1379343463e+08 6.9913520842e+04 1.7839117370e-21 1.9872874173e-25 -1.1798700584e+03 2.2552739348e+02 -4.6638893012e+09 -1.0018241975e+07 1.9169840313e+06 1.2500000000e+03 0.0000000000e+00 -0.0000000000e+00
1.5600000000e+03 7.0214386842e-18 2.6339441328e-21 3.1231542476e+08 3.5182110106e+05 9.0195366312e-21 5.0802202742e-24 -1.1849537233e+03 2.2552396380e+02 -4.6638893012e+09 -1.0018241975e+07 1.9169840314e+06 3.6000000000e+03 0.0000000000e+00 -0.0000000000e+00
5.1600000000e+03 7.7526489206e-17 9.7304793701e-20 3.0802286861e+08 1.1636537056e+06 3.0247796981e-20 5.7135102362e-23 -1.1998684493e+03 2.2548739065e+02 -4.6638893011e+09 -1.0018241975e+07 1.9169840313e+06 3.6000000000e+03 0.0000000000e+00 -0.0000000000e+00
8.7600000000e+03 2.2552936930e-16 4.8620833789e-19 3.0367586340e+08 1.9752795857e+06 5.2079303343e-20 1.6937483469e-22 -1.2152070088e+03 2.2540853233e+02 -4.6638893010e+09 -1.0018241975e+07 1.9169840313e+06 3.6000000000e+03 0.0000000000e+00 -0.0000000000e+00
1.2360000000e+04 4.5326182374e-16 1.3953050047e-18 2.9927284113e+08 2.7865399842e+06 7.4547863367e-20 3.4705137587e-22 -1.2309931548e+03 2.2528369889e+02 -4.6638893008e+09 -1.0018241975e+07 1.9169840313e+06 3.6000000000e+03 0.0000000000e+00 -0.0000000000e+00
1.5960000000e+04 7.6308224138e-16 3.0704538456e-18 2.9481214481e+08 3.5972621635e+06 9.7690075335e-20 5.9597907077e-22 -1.2472526006e+03 2.2510880522e+02 -4.6638893007e+09 -1.0018241975e+07 1.9169840313e+06 3.6000000000e+03 0.0000000000e+00 -0.0000000000e+00
1.9560000000e+04 1.1574862442e-15 5.7795678030e-18 2.9029202107e+08 4.4072578911e+06 1.2154563634e-19 9.2260907318e-22 -1.2640132371e+03 2.2487931882e+02 -4.6638893005e+09 -1.0018241975e+07 1.9169840313e+06 3.6000000000e+03 0.0000000000e+00 -0.0000000000e+00
2.3160000000e+04 1.6391184613e-15 9.8150577885e-18 2.8571061181e+08 5.2163217225e+06 1.4615769354e-19 1.3341157168e-21 -1.2813053790e+03 2.2459019909e+02 -4.6638893003e+09 -1.0018241975e+07 1.9169840313e+06 3.6000000000e+03 0.0000000000e+00 -0.0000000000e+00
2.6760000000e+04 2.2107856557e-15 1.5496612556e-17 2.8106594504e+08 6.0242290481e+06 1.7157324576e-19 1.8384971163e-21 -1.2991620470e+03 2.2423582666e+02 -4.6638893001e+09 -1.0018241975e+07 1.9169840313e+06 3.6000000000e+03 0.0000000000e+00 -0.0000000000e+00
3.0360000000e+04 2.8754714008e-15 2.3174370452e-17 2.7635592452e+08 6.8307338649e+06 1.9784360432e-19 2.4446927909e-21 -1.3176192918e+03 2.2380992071e+02 -4.6638892999e+09 -1.0018241975e+07 1.9169840313e+06 3.6000000000e+03 0.0000000000e+00 -0.0000000000e+00
3.3960000000e+04 3.6363525373e-15 3.3232550289e-17 2.7157831825e+08 7.6355662252e+06 2.2502492377e-19 3.1627217417e-21 -1.3367165671e+03 2.2330544201e+02 -4.6638892996e+09 -1.0018241975e+07 1.9169840313e+06 3.6000000000e+03 0.0000000000e+00 -0.0000000000e+00
3.7560000000e+04 4.4968176869e-15 4.6093622342e-17 2.6673074543e+08 8.4384293065e+06 2.5317881539e-19 4.0038452296e-21 -1.3564971601e+03 2.2271447855e+02 -4.6638892992e+09 -1.0018241975e+07 1.9169840313e+06 3.6000000000e+03 0.0000000000e+00 -0.0000000000e+00
4.1160000000e+04 5.4604881456e-15 6.2223117545e-17 2.6181066177e+08 9.2389960320e+06 2.8237305943e-19 4.9807595313e-21 -1.3770086925e+03 2.2202811005e+02 -4.6638892988e+09 -1.0018241975e+07 1.9169840313e+06 3.6000000000e+03 0.0000000000e+00 -0.0000000000e+00
4.4760000000e+04 6.5312415481e-15 8.2135194234e-17 2.5681534290e+08 1.0036905160e+07 3.1268243538e-19 6.1078252773e-21 -1.3983037035e+03 2.2123624692e+02 -4.6638892983e+09 -1.0018241975e+07 1.9169840314e+06 3.6000000000e+03 0.0000000000e+00 -0.0000000000e+00
4.8360000000e+04 7.7132387683e-15 1.0639910854e-16 2.5174186543e+08 1.0831756739e+07 3.4418969434e-19 7.4013416870e-21 -1.4204403330e+03 2.2032743751e+02 -4.6638892977e+09 -1.0018241975e+07 1.9169840313e+06 3.6000000000e+03 0.0000000000e+00 -0.0000000000e+00
5.1960000000e+04 9.0109546207e-15 1.3564676824e-16 2.4658708541e+08 1.1623106796e+07 3.7698670342e-19 8.8798762425e-21 -1.4434831257e+03 2.1928863652e+02 -4.6638892970e+09 -1.0018241975e+07 1.9169840314e+06 3.6000000000e+03 0.0000000000e+00 -0.0000000000e+00
5.5560000000e+04 1.0429213045e-14 1.7058159292e-16 2.4134761359e+08 1.2410461119e+07 4.1117579936e-19 1.0564663259e-20 -1.4675039823e+03 2.1810492498e+02 -4.6638892961e+09 -1.0018241975e+07 1.9169840313e+06 3.6000000000e+03 0.0000000000e+00 -0.0000000000e+00
5.9160000000e+04 1.1973227609e-14 2.1198895828e-16 2.3601978699e+08 1.3193267910e+07 4.4687139859e-19 1.2480088672e-20 -1.4925832903e+03 2.1675916962e+02 -4.6638892951e+09 -1.0018241975e+07 1.9169840314e+06 3.6000000000e+03 0.0000000000e+00 -0.0000000000e+00
6.2760000000e+04 1.3648648361e-14 2.6074857359e-16 2.3059963595e+08 1.3970909097e+07 4.8420192355e-19 1.4654283497e-20 -1.5188112780e+03 2.1523160592e+02 -4.6638892937e+09 -1.0018241975e+07 1.9169840313e+06 3.6000000000e+03 0.0000000000e+00 -0.0000000000e+00
6.6360000000e+04 1.5461616288e-14 3.1784923418e-16 2.2508284589e+08 1.4742689964e+07 5.2331212174e-19 1.7119855378e-20 -1.5462896431e+03 2.1349932412e+02 -4.6638892921e+09 -1.0018241975e+07 1.9169840313e+06 3.6000000000e+03 0.0000000000e+00 -0.0000000000e+00
6.9960000000e+04 1.7418826987e-14 3.8440651239e-16 2.1946471254e+08 1.5507826722e+07 5.6436587656e-19 1.9914797031e-20 -1.5751335283e+03 2.1153563100e+02 -4.6638892901e+09 -1.0018241975e+07 1.9169840313e+06 3.6000000000e+03 0.0000000000e+00 -0.0000000000e+00
7.3560000000e+04 1.9527605518e-14 4.6168411289e-16 2.1374008943e+08 1.6265431509e+07 6.0754963883e-19 2.3083623409e-20 -1.6054739316e+03 2.0930925086e+02 -4.6638892876e+09 -1.0018241975e+07 1.9169840313e+06 3.6000000000e+03 0.0000000000e+00 -0.0000000000e+00
7.7160000000e+04 2.1795994981e-14 5.5111983478e-16 2.0790332555e+08 1.7014494142e+07 6.5307664875e-19 2.6678807459e-20 -1.6374606732e+03 2.0678331685e+02 -4.6638892843e+09 -1.0018241975e+07 1.9169840313e+06 3.6000000000e+03 0.0000000000e+00 -0.0000000000e+00
8.0760000000e+04 2.4232862039e-14 6.5435737828e-16 2.0194819129e+08 1.7753859777e+07 7.0119217442e-19 3.0762609810e-20 -1.6712660754e+03 2.0391408536e+02 -4.6638892802e+09 -1.0018241975e+07 1.9169840313e+06 3.6000000000e+03 0.0000000000e+00 -0.0000000000e+00
8.4360000000e+04 2.6848023577e-14 7.7328563810e-16 1.9586778943e+08 1.8482201300e+07 7.5218007116e-19 3.5409434163e-20 -1.7070895718e+03 2.0064928124e+02 -4.6638892747e+09 -1.0018241975e+07 1.9169840313e+06 3.6000000000e+03 0.0000000000e+00 -0.0000000000e+00
8.7960000000e+04 2.9652399947e-14 9.1008768937e-16 1.8965444745e+08 1.9197984908e+07 8.0637107668e-19 4.0708892945e-20 -1.7451635348e+03 1.9692594384e+02 -4.6638892676e+09 -1.0018241975e+07 1.9169840313e+06 3.6000000000e+03 0.0000000000e+00 -0.0000000000e+00
9.1560000000e+04 3.2658202039e-14 1.0673024673e-15 1.8329958613e+08 1.9899426774e+07 8.6415341616e-19 4.6769845752e-20 -1.7857607267e+03 1.9266758971e+02 -4.6638892580e+09 -1.0018241975e+07 1.9169840313e+06 3.6000000000e+03 0.0000000000e+00 -0.0000000000e+00
9.5160000000e+04 3.5879161847e-14 1.2479032826e-15 1.7679355754e+08 2.0584437885e+07 9.2598652269e-19 5.3725789997e-20 -1.8292039399e+03 1.8778042512e+02 -4.6638892450e+09 -1.0018241975e+07 1.9169840314e+06 3.6000000000e+03 0.0000000000e+00 -0.0000000000e+00
9.8760000000e+04 3.9330819692e-14 1.4553989801e-15 1.7012544321e+08 2.1250552968e+07 9.9241902287e-19 6.1742162292e-20 -1.8758786329e+03 1.8214821625e+02 -4.6638892271e+09 -1.0018241975e+07 1.9169840314e+06 3.6000000000e+03 0.0000000000e+00 -0.0000000000e+00
1.0236000000e+05 4.3030886287e-14 1.6939660238e-15 1.6328279982e+08 2.1894837689e+07 1.0641126589e-18 7.1026389069e-20 -1.9262497382e+03 1.7562522774e+02 -4.6638892018e+09 -1.0018241975e+07 1.9169840314e+06 3.6000000000e+03 0.0000000000e+00 -0.0000000000e+00
1.0596000000e+05 4.6999705154e-14 1.9686235534e-15 1.5625133425e+08 2.2513765659e+07 1.1418746260e-18 8.1841973646e-20 -1.9808843814e+03 1.6802632526e+02 -4.6638891654e+09 -1.0018241975e+07 1.9169840314e+06 3.6000000000e+03 0.0000000000e+00 -0.0000000000e+00
1.0956000000e+05 5.1260851993e-14 2.2854693062e-15 1.4901448248e+08 2.3103052680e+07 1.2267020859e-18 9.4528645040e-20 -2.0404831567e+03 1.5911281920e+02 -4.6638891117e+09 -1.0018241975e+07 1.9169840314e+06 3.6000000000e+03 0.0000000000e+00 -0.0000000000e+00
1.1316000000e+05 5.5841924573e-14 2.6520036406e-15 1.4155285465e+08 2.3657429088e+07 1.3198447108e-18 1.0953184528e-19 -2.1059240692e+03 1.4857174722e+02 -4.6638890301e+09 -1.0018241975e+07 1.9169840314e+06 3.3282712966e+03 0.0000000000e+00 -0.0000000000e+00
1.1615258577e+05 5.9916850499e-14 3.0011660120e-15 1.3516274805e+08 2.4087022201e+07 1.4047312686e-18 1.2418857727e-19 -2.1655643661e+03 1.3827409975e+02 -4.6638889813e+09 -1.0018241975e+07 1.9169840314e+06 3.0119594547e+03 0.0000000000e+00 -0.0000000000e+00
1.1916454523e+05 6.4286467009e-14 3.4004826193e-15 1.2854276118e+08 2.4485746836e+07 1.4982424813e-18 1.4142649498e-19 -2.2312642440e+03 1.2616294157e+02 -4.6638889059e+09 -1.0018241975e+07 1.9169840314e+06 2.7200080935e+03 0.0000000000e+00 -0.0000000000e+00
1.2160895244e+05 6.8048670973e-14 3.7655757209e-15 1.2301846177e+08 2.4780517845e+07 1.5810988698e-18 1.5766275357e-19 -2.2894781677e+03 1.1475553730e+02 -4.6638888667e+09 -1.0018241975e+07 1.9169840314e+06 2.4609868438e+03 0.0000000000e+00 -0.0000000000e+00
1.2406993928e+05 7.2049821635e-14 4.1761965673e-15 1.1730674019e+08 2.5047040761e+07 1.6718944764e-18 1.7650013549e-19 -2.3532700928e+03 1.0152061437e+02 -4.6638888077e+09 -1.0018241975e+07 1.9169840314e+06 2.2212650504e+03 0.0000000000e+00 -0.0000000000e+00
1.2606290304e+05 7.5460366268e-14 4.5449978310e-15 1.1256159128e+08 2.5237393533e+07 1.7517005345e-18 1.9396629778e-19 -2.4093408903e+03 8.9249094235e+01 -4.6638887781e+09 -1.0018241975e+07 1.9169840314e+06 2.0078473518e+03 0.0000000000e+00 -0.0000000000e+00
1.2786861882e+05 7.8692910746e-14 4.9110633442e-15 1.0816219678e+08 2.5387438835e+07 1.8295923286e-18 2.1183911479e-19 -2.4640667485e+03 7.6691863275e+01 -4.6638887530e+09 -1.0018241975e+07 1.9169840314e+06 1.8196958593e+03 0.0000000000e+00 -0.0000000000e+00
1.2949898048e+05 8.1736655865e-14 5.2709261938e-15 1.0410212578e+08 2.5502294873e+07 1.9051110597e-18 2.2995146181e-19 -2.5171253205e+03 6.3966341342e+01 -4.6638887323e+09 -1.0018241975e+07 1.9169840314e+06 1.6445487366e+03 0.0000000000e+00 -0.0000000000e+00
1.3096334591e+05 8.4578993871e-14 5.6207074632e-15 1.0037920698e+08 2.5586797393e+07 1.9776916579e-18 2.4809166130e-19 -2.5681195949e+03 5.1221250595e+01 -4.6638887160e+09 -1.0018241975e+07 1.9169840314e+06 1.4794361167e+03 0.0000000000e+00 -0.0000000000e+00
1.3226692716e+05 8.7201498493e-14 5.9555780280e-15 9.7000243452e+07 2.5645514737e+07 2.0465533030e-18 2.6597077901e-19 -2.6165009766e+03 3.8659592833e+01 -4.6638887039e+09 -1.0018241975e+07 1.9169840314e+06 1.3207626380e+03 0.0000000000e+00 -0.0000000000e+00
1.3340842199e+05 8.9573792760e-14 6.2688498696e-15 9.3988112543e+07 2.5682852138e+07 2.1105177560e-18 2.8316546708e-19 -2.6614416487e+03 2.6578807288e+01 -4.6638886959e+09 -1.0018241975e+07 1.9169840314e+06 1.1635521651e+03 0.0000000000e+00 -0.0000000000e+00
1.3437270325e+05 9.1636169612e-14 6.5494174617e-15 9.1402592828e+07 2.5703200623e+07 2.1674958135e-18 2.9896140591e-19 -2.7014737616e+03 1.5480766498e+01 -4.6638886915e+09 -1.0018241975e+07 1.9169840314e+06 9.9990572199e+02 0.0000000000e+00 -0.0000000000e+00
1.3509123442e+05 9.3209420418e-14 6.7687169167e-15 8.9450372476e+07 2.5711171969e+07 2.2118617311e-18 3.1157549272e-19 -2.7326447334e+03 6.6182575094e+00 -4.6638886903e+09 -1.0018241975e+07 1.9169840314e+06 8.2306152269e+02 0.0000000000e+00 -0.0000000000e+00
1.3582581785e+05 9.4851427775e-14 7.0025799753e-15 8.7430925130e+07 2.5712531323e+07 2.2590362778e-18 3.2529193501e-19 -2.7657890149e+03 -3.0187534716e+00 -4.6638886886e+09 -1.0018241975e+07 1.9169840314e+06 6.9866738759e+02 0.0000000000e+00 -0.0000000000e+00
1.3652448524e+05 9.6445947681e-14 7.2346521510e-15 8.5487173151e+07 2.5707048875e+07 2.3057320903e-18 3.3917917681e-19 -2.7985969434e+03 -1.2775766183e+01 -4.6638886871e+09 -1.0018241975e+07 1.9169840314e+06 8.6180721916e+02 0.0000000000e+00 -0.0000000000e+00
1.3738629245e+05 9.8458787600e-14 7.5347739048e-15 8.3057235121e+07 2.5690548118e+07 2.3659816573e-18 3.5755569898e-19 -2.8409275803e+03 -2.5686894467e+01 -4.6638886818e+09 -1.0018241975e+07 1.9169840314e+06 9.4406387616e+02 0.0000000000e+00 -0.0000000000e+00
1.3833035633e+05 1.0072499338e-13 7.8825110010e-15 8.0352336148e+07 2.5659144522e+07 2.4356458861e-18 3.7945220831e-19 -2.8898728479e+03 -4.1071124316e+01 -4.6638886713e+09 -1.0018241975e+07 1.9169840314e+06 9.8423325830e+02 0.0000000000e+00 -0.0000000000e+00
1.3931458959e+05 1.0315980004e-13 8.2681147232e-15 7.7481635874e+07 2.5610195582e+07 2.5127837735e-18 4.0451611807e-19 -2.9440690201e+03 -5.8680732441e+01 -4.6638886542e+09 -1.0018241975e+07 1.9169840314e+06 9.9898753067e+02 0.0000000000e+00 -0.0000000000e+00
1.4031357712e+05 1.0571130551e-13 8.6860281705e-15 7.4511554763e+07 2.5541873704e+07 2.5963327267e-18 4.3264289502e-19 -3.0027695317e+03 -7.8442275026e+01 -4.6638886298e+09 -1.0018241975e+07 1.9169840314e+06 9.9682201281e+02 0.0000000000e+00 -0.0000000000e+00
1.4131039913e+05 1.0834337325e-13 9.1325667985e-15 7.1487423859e+07 2.5452951727e+07 2.6856344395e-18 4.6384542192e-19 -3.0655118645e+03 -1.0036480334e+02 -4.6638885969e+09 -1.0018241975e+07 1.9169840314e+06 9.8283934748e+02 0.0000000000e+00 -0.0000000000e+00
1.4229323848e+05 1.1102884731e-13 9.6050202598e-15 6.8442250507e+07 2.5342668817e+07 2.7802488430e-18 4.9820434104e-19 -3.1319868313e+03 -1.2450497569e+02 -4.6638885548e+09 -1.0018241975e+07 1.9169840314e+06 9.6043504236e+02 0.0000000000e+00 -0.0000000000e+00
1.4325367352e+05 1.1374632937e-13 1.0101239645e-14 6.5400994796e+07 2.5210635461e+07 2.8798666573e-18 5.3584581940e-19 -3.2019771356e+03 -1.5095143554e+02 -4.6638885026e+09 -1.0018241975e+07 1.9169840314e+06 9.3201933047e+02 0.0000000000e+00 -0.0000000000e+00
1.4418569285e+05 1.1647843827e-13 1.0619424246e-14 6.2382953673e+07 2.5056761077e+07 2.9842625907e-18 5.7693050703e-19 -3.2753244902e+03 -1.7981705372e+02 -4.6638884392e+09 -1.0018241975e+07 1.9169840314e+06 8.9937561753e+02 0.0000000000e+00 -0.0000000000e+00
1.4508506847e+05 1.1921077785e-13 1.1158002481e-14 5.9403224905e+07 2.4881196309e+07 3.0932677887e-18 6.2164777094e-19 -3.3519102600e+03 -2.1123487726e+02 -4.6638883638e+09 -1.0018241975e+07 1.9169840314e+06 8.6385927462e+02 0.0000000000e+00 -0.0000000000e+00
1.4594892774e+05 1.2193127865e-13 1.1715561884e-14 5.6473674080e+07 2.4684285683e+07 3.2067523527e-18 6.7021270361e-19 -3.4316431795e+03 -2.4535602760e+02 -4.6638882756e+09 -1.0018241975e+07 1.9169840314e+06 8.2651777258e+02 0.0000000000e+00 -0.0000000000e+00
1.4677544552e+05 1.2462975224e-13 1.2290806591e-14 5.3603610635e+07 2.4466528034e+07 3.3246135231e-18 7.2286472864e-19 -3.5144510512e+03 -2.8234872095e+02 -4.6638881734e+09 -1.0018241975e+07 1.9169840314e+06 7.8816844309e+02 0.0000000000e+00 -0.0000000000e+00
1.4756361396e+05 1.2729757375e-13 1.2882531099e-14 5.0800282136e+07 2.4228543041e+07 3.4467672258e-18 7.7986720375e-19 -3.6002748057e+03 -3.2239798934e+02 -4.6638880564e+09 -1.0018241975e+07 1.9169840314e+06 7.4945168054e+02 0.0000000000e+00 -0.0000000000e+00
1.4831306564e+05 1.2992744557e-13 1.3489604079e-14 4.8069248866e+07 2.3971042696e+07 3.5731416857e-18 8.4150769771e-19 -3.6890640144e+03 -3.6570587522e+02 -4.6638879235e+09 -1.0018241975e+07 1.9169840314e+06 7.1086901909e+02 0.0000000000e+00 -0.0000000000e+00
1.4902393466e+05 1.3251321447e-13 1.4110958578e-14 4.5414675955e+07 2.3694806871e+07 3.7036723392e-18 9.0809876084e-19 -3.7807733159e+03 -4.1249197275e+02 -4.6638877736e+09 -1.0018241975e+07 1.9169840314e+06 6.7281139512e+02 0.0000000000e+00 -0.0000000000e+00
1.4969674606e+05 1.3504972538e-13 1.4745586404e-14 4.2839566486e+07 2.3400662321e+07 3.8382975613e-18 9.7997908775e-19 -3.8753594132e+03 -4.6299424479e+02 -4.6638876057e+09 -1.0018241975e+07 1.9169840314e+06 6.3558073747e+02 0.0000000000e+00 -0.0000000000e+00
1.5033232679e+05 1.3753270095e-13 1.5392535285e-14 4.0345950988e+07 2.3089464604e+07 3.9769548824e-18 1.0575150169e-18 -3.9727784156e+03 -5.1747007642e+02 -4.6638874186e+09 -1.0018241975e+07 1.9169840314e+06 5.9940685382e+02 0.0000000000e+00 -0.0000000000e+00
1.5093173365e+05 1.3995864016e-13 1.6050907910e-14 3.7935043704e+07 2.2762082493e+07 4.1195774703e-18 1.1411023418e-18 -4.0729833680e+03 -5.7619754750e+02 -4.6638872111e+09 -1.0018241975e+07 1.9169840314e+06 5.6446087403e+02 0.0000000000e+00 -0.0000000000e+00
1.5149619452e+05 1.4232473118e-13 1.6719862268e-14 3.5607372980e+07 2.2419384499e+07 4.2660907069e-18 1.2311684278e-18 -4.1759218444e+03 -6.3947691997e+02 -4.6638869821e+09 -1.0018241975e+07 1.9169840314e+06 5.3086610632e+02 0.0000000000e+00 -0.0000000000e+00
1.5202706063e+05 1.4462877527e-13 1.7398612906e-14 3.3362891048e+07 2.2062227209e+07 4.4164087202e-18 1.3281746445e-18 -4.2815335121e+03 -7.0763234656e+02 -4.6638867304e+09 -1.0018241975e+07 1.9169840314e+06 4.9870690153e+02 0.0000000000e+00 -0.0000000000e+00
1.5252576753e+05 1.4686911976e-13 1.8086432881e-14 3.1201067084e+07 2.1691445124e+07 4.5704307532e-18 1.4326191347e-18 -4.3897475804e+03 -7.8101381659e+02 -4.6638864546e+09 -1.0018241975e+07 1.9169840314e+06 4.6803594808e+02 0.0000000000e+00 -0.0000000000e+00
1.5299380348e+05 1.4904459826e-13 1.8782656243e-14 2.9120966499e+07 2.1307841773e+07 4.7280372542e-18 1.5450399553e-18 -4.5004800538e+03 -8.5999936258e+02 -4.6638861535e+09 -1.0018241975e+07 1.9169840314e+06 4.3888031704e+02 0.0000000000e+00 -0.0000000000e+00
1.5343268379e+05 1.5115447715e-13 1.9486681032e-14 2.7121318735e+07 2.0912181835e+07 4.8890855748e-18 1.6660186364e-18 -4.6136307092e+03 -9.4499756063e+02 -4.6638858258e+09 -1.0018241975e+07 1.9169840314e+06 4.1124648886e+02 0.0000000000e+00 -0.0000000000e+00
1.5384393028e+05 1.5319840748e-13 2.0197972733e-14 2.5200575351e+07 2.0505184060e+07 5.0534051463e-18 1.7961842175e-18 -4.7290797070e+03 -1.0364503666e+03 -4.6638854702e+09 -1.0018241975e+07 1.9169840314e+06 3.8512455376e+02 0.0000000000e+00 -0.0000000000e+00
1.5422905484e+05 1.5517638155e-13 2.0916068295e-14 2.3356959807e+07 2.0087514757e+07 5.2207919953e-18 1.9362178404e-18 -4.8466837378e+03 -1.1348363425e+03 -4.6638850854e+09 -1.0018241975e+07 1.9169840314e+06 3.6049172493e+02 0.0000000000e+00 -0.0000000000e+00
1.5458954656e+05 1.5708869386e-13 2.1640580765e-14 2.1588510112e+07 1.9659781628e+07 5.3910024254e-18 2.0868579936e-18 -4.9662715835e+03 -1.2406743419e+03 -4.6638846701e+09 -1.0018241975e+07 1.9169840314e+06 3.3731528834e+02 0.0000000000e+00 -0.0000000000e+00
1.5492686185e+05 1.5893590588e-13 2.2371204732e-14 1.9893115247e+07 1.9222527710e+07 5.5637456633e-18 2.2489065340e-18 -5.0876389502e+03 -1.3545277399e+03 -4.6638842232e+09 -1.0018241975e+07 1.9169840314e+06 3.1555508119e+02 0.0000000000e+00 -0.0000000000e+00
1.5524241693e+05 1.6071881451e-13 2.3107722769e-14 1.8268546123e+07 1.8776225161e+07 5.7386752098e-18 2.4232356420e-18 -5.2105423916e+03 -1.4770093203e+03 -4.6638837436e+09 -1.0018241975e+07 1.9169840314e+06 2.9516558249e+02 0.0000000000e+00 -0.0000000000e+00
1.5553758251e+05 1.6243842392e-13 2.3850013187e-14 1.6712481697e+07 1.8321268612e+07 5.9153785746e-18 2.6107959114e-18 -5.3346920968e+03 -1.6087869590e+03 -4.6638832303e+09 -1.0018241975e+07 1.9169840314e+06 2.7609768457e+02 0.0000000000e+00 -0.0000000000e+00
1.5581368020e+05 1.6409592056e-13 2.4598059463e-14 1.5222530721e+07 1.7857967729e+07 6.0933649747e-18 2.8126258359e-18 -5.4597432476e+03 -1.7505902895e+03 -4.6638826825e+09 -1.0018241975e+07 1.9169840314e+06 2.5830020618e+02 0.0000000000e+00 -0.0000000000e+00
1.5607198040e+05 1.6569265137e-13 2.5351961899e-14 1.3796249502e+07 1.7386538555e+07 6.2720504519e-18 3.0298630324e-18 -5.5852855617e+03 -1.9032185880e+03 -4.6638820997e+09 -1.0018241975e+07 1.9169840314e+06 2.4172120246e+02 0.0000000000e+00 -0.0000000000e+00
1.5631370161e+05 1.6723010509e-13 2.6111952181e-14 1.2431155954e+07 1.6907093110e+07 6.4507396811e-18 3.2637576531e-18 -5.7108305119e+03 -2.0675501968e+03 -4.6638814819e+09 -1.0018241975e+07 1.9169840314e+06 2.2630912501e+02 0.0000000000e+00 -0.0000000000e+00
1.5654001073e+05 1.6870989669e-13 2.6878411814e-14 1.1124740072e+07 1.6419626528e+07 6.6286034868e-18 3.5156885910e-18 -5.8357955292e+03 -2.2445539099e+03 -4.6638808293e+09 -1.0018241975e+07 1.9169840314e+06 2.1201388472e+02 0.0000000000e+00 -0.0000000000e+00
1.5675202462e+05 1.7013375500e-13 2.7651895743e-14 9.8744708656e+06 1.5924000787e+07 6.8046507184e-18 3.7871833005e-18 -5.9594842430e+03 -2.4353028987e+03 -4.6638801430e+09 -1.0018241975e+07 1.9169840314e+06 1.9878787646e+02 0.0000000000e+00 -0.0000000000e+00
1.5695081249e+05 1.7150351397e-13 2.8433163024e-14 8.6777996220e+06 1.5419923727e+07 6.9776925921e-18 4.0799423636e-18 -6.0810614277e+03 -2.6409919722e+03 -4.6638794249e+09 -1.0018241975e+07 1.9169840314e+06 1.8658703388e+02 0.0000000000e+00 -0.0000000000e+00
1.5713739953e+05 1.7282110771e-13 2.9223217166e-14 7.5321591674e+06 1.4906921494e+07 7.1462967984e-18 4.3958703850e-18 -6.1995207595e+03 -2.8629592833e+03 -4.6638786781e+09 -1.0018241975e+07 1.9169840314e+06 1.7537200358e+02 0.0000000000e+00 -0.0000000000e+00
1.5731277153e+05 1.7408857023e-13 3.0023360005e-14 6.4349585388e+06 1.4384301765e+07 7.3087274334e-18 4.7371154608e-18 -6.3136426127e+03 -3.1027140589e+03 -4.6638779073e+09 -1.0018241975e+07 1.9169840314e+06 1.6510955679e+02 0.0000000000e+00 -0.0000000000e+00
1.5747788109e+05 1.7530804058e-13 3.0835264752e-14 5.3835721346e+06 1.3851103793e+07 7.4628648575e-18 5.1061204482e-18 -6.4219377535e+03 -3.3619726218e+03 -4.6638771194e+09 -1.0018241975e+07 1.9169840314e+06 1.5577441275e+02 0.0000000000e+00 -0.0000000000e+00
1.5763365550e+05 1.7648177484e-13 3.1661076799e-14 4.3753219248e+06 1.3306029383e+07 7.6060964348e-18 5.5056907421e-18 -6.5225705746e+03 -3.6427060095e+03 -4.6638763243e+09 -1.0018241975e+07 1.9169840314e+06 1.4735172448e+02 0.0000000000e+00 -0.0000000000e+00
1.5778100722e+05 1.7761216667e-13 3.2503555376e-14 3.4074507239e+06 1.2747345717e+07 7.7351638697e-18 5.9390854425e-18 -6.6132518359e+03 -3.9472040272e+03 -4.6638755359e+09 -1.0018241975e+07 1.9169840314e+06 1.3984059582e+02 0.0000000000e+00 -0.0000000000e+00
1.5792084782e+05 1.7870177831e-13 3.3366276473e-14 2.4770839430e+06 1.2172745928e+07 7.8459438922e-18 6.4101419187e-18 -6.6910845764e+03 -4.2781627655e+03 -4.6638747733e+09 -1.0018241975e+07 1.9169840314e+06 1.3181332934e+02 0.0000000000e+00 -0.0000000000e+00
1.5803123681e+05 1.7957210163e-13 3.4096656670e-14 1.7354987048e+06 1.1684485152e+07 7.9198616909e-18 6.8304079899e-18 -6.7430183522e+03 -4.5734367629e+03 -4.6638744955e+09 -1.0018241975e+07 1.9169840313e+06 1.1302145788e+02 0.0000000000e+00 -0.0000000000e+00
1.5812499376e+05 1.8031704765e-13 3.4755302963e-14 1.1016048865e+06 1.1242872789e+07 7.9685858686e-18 7.2259644558e-18 -6.7772513862e+03 -4.8513500822e+03 -4.6638743599e+09 -1.0018241975e+07 1.9169840313e+06 9.6673102136e+01 2.2164648451e-291 -1.5702478719e-283
1.5820109470e+05 1.8092456047e-13 3.5318357424e-14 5.8507969053e+05 1.0864440206e+07 7.9951609329e-18 7.5761853096e-18 -6.7959227138e+03 -5.0974111338e+03 -4.6638743099e+09 -1.0018241975e+07 1.9169840314e+06 8.0821748616e+01 2.2603368801e-266 -1.6321682696e-258
1.5824515735e+05 1.8127706008e-13 3.5656900991e-14 2.8548464175e+05 1.0636520818e+07 8.0038635620e-18 7.7919224828e-18 -6.8020370785e+03 -5.2489855336e+03 -4.6638743065e+09 -1.0018241975e+07 1.9169840314e+06 6.7537165338e+01 5.6750923966e-252 -4.1445518895e-244
1.5830448066e+05 1.8175200299e-13 3.6128140961e-14 -1.1812410963e+05 1.0318812200e+07 8.0062214170e-18 8.0983973386e-18 -6.8036936797e+03 -5.4643111617e+03 -4.6638742923e+09 -1.0018241975e+07 1.9169840313e+06 5.5014778208e+01 1.0455827789e-232 -7.7554908601e-225
1.5835949544e+05 1.8219226670e-13 3.6581888708e-14 -4.9228954810e+05 1.0012421718e+07 7.9970854193e-18 8.3999462387e-18 -6.7972748352e+03 -5.6761758713e+03 -4.6638742832e+09 -1.0018241975e+07 1.9169840314e+06 7.1016604546e+01 5.3767600985e-215 -4.0472339948e-207
1.5843051204e+05 1.8275922427e-13 3.7192994312e-14 -9.7432862446e+05 9.5990823098e+06 7.9658163797e-18 8.8152949368e-18 -6.7753055759e+03 -5.9679949801e+03 -4.6638742563e+09 -1.0018241975e+07 1.9169840314e+06 7.9006463268e+01 2.0618753741e-192 -1.5824063987e-184
1.5850951851e+05 1.8338619385e-13 3.7908891739e-14 -1.5079484111e+06 9.1139193323e+06 7.8993515159e-18 9.3137379579e-18 -6.7286081445e+03 -6.3181951827e+03 -4.6638742221e+09 -1.0018241975e+07 1.9169840314e+06 8.3675285122e+01 9.2938332540e-168 -7.2915135935e-160
1.5859319379e+05 1.8404268566e-13 3.8711808434e-14 -2.0678129183e+06 8.5686705896e+06 7.7833161527e-18 9.8850357591e-18 -6.6470830635e+03 -6.7195822967e+03 -4.6638741800e+09 -1.0018241975e+07 1.9169840314e+06 8.7249236462e+01 2.3979413556e-142 -1.9265130229e-134
1.5868044303e+05 1.8471426725e-13 3.9601993157e-14 -2.6424916556e+06 7.9629143811e+06 7.5992414505e-18 1.0528553410e-17 -6.5177543433e+03 -7.1717102273e+03 -4.6638740673e+09 -1.0018241975e+07 1.9169840314e+06 9.1599948141e+01 7.6762764944e-117 -6.3231862517e-109
1.5877204298e+05 1.8539827322e-13 4.0599255968e-14 -3.2310274272e+06 7.2829075727e+06 7.3188260481e-18 1.1253709075e-17 -6.3207377806e+03 -7.6811960661e+03 -4.6638736107e+09 -1.0018241975e+07 1.9169840313e+06 1.0062142110e+02 1.8036169528e-91 -1.5250237876e-83
1.5887266440e+05 1.8611399414e-13 4.1773759587e-14 -3.8524786122e+06 6.4804080489e+06 6.8824292447e-18 1.2098219211e-17 -6.0141305206e+03 -8.2745389524e+03 -4.6638714801e+09 -1.0018241975e+07 1.9169840314e+06 1.0004199525e+02 9.6519171469e-66 -8.3922174754e-58
1.5896117621e+05 1.8670125239e-13 4.2878446562e-14 -4.3694008601e+06 5.7242298278e+06 6.3644847841e-18 1.2864865041e-17 -5.6502288360e+03 -8.8131752935e+03 -4.6638687544e+09 -1.0018241975e+07 1.9169840313e+06 8.8525536200e+01 1.8659697674e-45 -1.6604398528e-37
1.5904970175e+05 1.8723647692e-13 4.4051217268e-14 -4.8497809903e+06 4.9202198732e+06 5.7022947170e-18 1.3627406539e-17 -5.1849818853e+03 -9.3489279789e+03 -4.6638637529e+09 -1.0018241975e+07 1.9169840313e+06 7.9979587576e+01 7.0688966275e-28 -6.4234449533e-20
1.5912968134e+05 1.8766415848e-13 4.5167676946e-14 -5.2445303020e+06 4.1538460373e+06 4.9712275675e-18 1.4283280804e-17 -4.6713427069e+03 -9.8097375212e+03 -4.6638592410e+09 -1.0018241975e+07 1.9169840314e+06 7.3803341418e+01 9.2237552908e-15 -8.5185189824e-07
1.5919508223e+05 1.8796712909e-13 4.6118127707e-14 -5.5344764657e+06 3.5008202154e+06 4.2802308217e-18 1.4773400914e-17 -4.1858565163e+03 -1.0154090129e+04 -4.6638588130e+09 -1.0018241921e+07 1.9169841625e+06 6.7227594974e+01 2.9142126142e-06 -2.7205851109e+02
1.5920313322e+05 1.8800122532e-13 4.6237296168e-14 -5.5679211119e+06 3.4189095776e+06 4.1896433944e-18 1.4829859880e-17 -4.1222108259e+03 -1.0193757461e+04 -4.6638661765e+09 -1.0018241669e+07 1.9169847830e+06 3.8468849236e+01 2.3017913913e-05 -2.1513327100e+03
1.5921557671e+05 1.8805247672e-13 4.6422364903e-14 -5.6185958484e+06 3.2916888195e+06 4.0473636492e-18 1.4915207663e-17 -4.0222460497e+03 -1.0253720038e+04 -4.6640445077e+09 -1.0018235710e+07 1.9169998452e+06 2.4099557648e+01 4.8179160916e-04 -4.5106529607e+04
1.5922640495e+05 1.8809562218e-13 4.6584263486e-14 -5.6616716520e+06 3.1803829399e+06 3.9213617633e-18 1.4987499343e-17 -3.9337101628e+03 -1.0304489389e+04 -4.6662469451e+09 -1.0018163934e+07 1.9171862706e+06 1.4664181654e+01 5.8316902655e-03 -5.4674040734e+05
1.5923520088e+05 1.8812965857e-13 4.6716345452e-14 -5.6959519974e+06 3.0895680877e+06 3.8175468261e-18 1.5044809074e-17 -3.8607158417e+03 -1.0344607882e+04 -4.6809468152e+09 -1.0017695008e+07 1.9184327924e+06 9.9343381824e+00 3.9761360834e-02 -3.7317332110e+06
1.5924219781e+05 1.8815607804e-13 4.6821769652e-14 -5.7227596694e+06 3.0170790665e+06 3.7340511702e-18 1.5089461444e-17 -3.8018338002e+03 -1.0375386715e+04 -4.7403387000e+09 -1.0015833714e+07 1.9234766651e+06 7.4015877195e+00 1.7094436307e-01 -1.6055955202e+07
1.5924793874e+05 1.8817731685e-13 4.6908500725e-14 -5.7444450552e+06 2.9574460072e+06 3.6649517221e-18 1.5125462641e-17 -3.7526542869e+03 -1.0398942894e+04 -4.9140466686e+09 -1.0010469754e+07 1.9382482977e+06 5.9140642811e+00 5.4026097819e-01 -5.0768510935e+07
1.5925280968e+05 1.8819502499e-13 4.6982249449e-14 -5.7626200549e+06 2.9067502362e+06 3.6059128698e-18 1.5155549663e-17 -3.7096952601e+03 -1.0415952016e+04 -5.3262964881e+09 -9.9978980522e+06 1.9733504509e+06 4.9570299245e+00 1.3875085272e+00 -1.3040250658e+08
1.5925706445e+05 1.8821025706e-13 4.7046788092e-14 -5.7783208971e+06 2.8624096895e+06 3.5540390027e-18 1.5181480569e-17 -3.6702297023e+03 -1.0425636653e+04 -6.1769570696e+09 -9.9722315457e+06 2.0458904112e+06 4.3018201467e+00 3.0821181904e+00 -2.8956142140e+08
1.5926087815e+05 1.8822372206e-13 4.7104729611e-14 -5.7922460080e+06 2.8226456624e+06 3.5073058461e-18 1.5204442208e-17 -3.6317822637e+03 -1.0425730471e+04 -7.7725249769e+09 -9.9245187283e+06 2.1822198619e+06 3.8403214180e+00 6.1672705610e+00 -5.7874639936e+08
1.5926471848e+05 1.8823710053e-13 4.7163163520e-14 -5.8061105255e+06 2.7826312529e+06 3.4600238812e-18 1.5227292560e-17 -3.5874683884e+03 -1.0409746794e+04 -1.0949986139e+10 -9.8302186833e+06 2.4545434251e+06 3.5091381871e+00 1.2118869909e+01 -1.1342036523e+09
1.5926822761e+05 1.8824916614e-13 4.7216634474e-14 -5.8186160917e+06 2.7461635905e+06 3.4166273378e-18 1.5247932043e-17 -3.5381110050e+03 -1.0369200952e+04 -1.6382689639e+10 -9.6698450806e+06 2.9224420718e+06 3.3332277148e+00 2.1945340393e+01 -2.0437211147e+09
1.5927156084e+05 1.8826048560e-13 4.7267491680e-14 -5.8303135259e+06 2.7117175245e+06 3.3752395060e-18 1.5267323259e-17 -3.4778099285e+03 -1.0290842429e+04 -2.5390366081e+10 -9.4044540622e+06 3.7042938599e+06 3.4720363739e+00 3.7602200931e+01 -3.4718978420e+09
1.5927503288e+05 1.8827212947e-13 4.7320535128e-14 -5.8422486692e+06 2.6762218667e+06 3.3319592315e-18 1.5287300555e-17 -3.3924665378e+03 -1.0141423427e+04 -4.1188614290e+10 -8.9375050412e+06 5.0936597888e+06 3.5019891094e+00 6.3678141376e+01 -5.7881695988e+09
1.5927745483e+05 1.8828016264e-13 4.7357576916e-14 -5.8503727087e+06 2.6518476474e+06 3.3016692521e-18 1.5301102805e-17 -3.3129708800e+03 -9.9764248668e+03 -5.7784384281e+10 -8.4426837065e+06 6.5785745830e+06 2.5035975413e+00 8.9528804632e+01 -7.9996749447e+09
1.5927961175e+05 1.8828725495e-13 4.7390593475e-14 -5.8574258544e+06 2.6305379175e+06 3.2746268610e-18 1.5313303719e-17 -3.2238135544e+03 -9.7729936601e+03 -7.7528084828e+10 -7.8463435986e+06 8.3806037019e+06 2.1751131173e+00 1.1846401864e+02 -1.0362447555e+10
1.5928178687e+05 1.8829434792e-13 4.7423914946e-14 -5.8643213412e+06 2.6095623041e+06 3.2472946030e-18 1.5325522075e-17 -3.1127185103e+03 -9.5020036956e+03 -1.0290527649e+11 -7.0652639681e+06 1.0756986422e+07 1.9870355302e+00 1.5293189360e+02 -1.2997721860e+10
1.5928377390e+05 1.8830077556e-13 4.7454378331e-14 -5.8703881592e+06 2.5909821494e+06 3.2222732839e-18 1.5336610663e-17 -2.9901938350e+03 -9.1883490564e+03 -1.3116108229e+11 -6.1732315462e+06 1.3489271899e+07 1.8934476484e+00 1.8779618936e+02 -1.5424192773e+10
1.5928566735e+05 1.8830685416e-13 4.7483427354e-14 -5.8759237637e+06 2.5739171449e+06 3.1983857563e-18 1.5347113826e-17 -2.8537017108e+03 -8.8266509194e+03 -1.6239231029e+11 -5.1557048052e+06 1.6626430954e+07 1.8920527185e+00 2.2199893680e+02 -1.7504664308e+10
1.5928755940e+05 1.8831288306e-13 4.7512474784e-14 -5.8811791545e+06 2.5576067751e+06 3.1744742668e-18 1.5357549954e-17 -2.6985165976e+03 -8.4044518853e+03 -1.9711340105e+11 -3.9794307583e+06 2.0277447298e+07 2.0328948609e+00 2.5449949880e+02 -1.9095077280e+10
1.5928959230e+05 1.8831931028e-13 4.7543706413e-14 -5.8864795910e+06 2.5410348974e+06 3.1487390626e-18 1.5368699948e-17 -2.5132748903e+03 -7.8895966975e+03 -2.3701220829e+11 -2.5585668855e+06 2.4720304161e+07 3.5845448833e+00 2.8420430931e+02 -2.0002866268e+10
1.5929137842e+05 1.8832491410e-13 4.7571165510e-14 -5.8908137346e+06 2.5273796604e+06 3.1260927310e-18 1.5378445576e-17 -2.3383106000e+03 -7.3952870653e+03 -2.7284735853e+11 -1.2066143108e+06 2.8980136923e+07 1.9672993955e+00 3.0328312804e+02 -1.9994647538e+10
1.5929312746e+05 1.8833036233e-13 4.7598071302e-14 -5.8947483943e+06 2.5148878367e+06 3.1038869478e-18 1.5387945647e-17 -2.1601643272e+03 -6.8858757117e+03 -3.0727883250e+11 1.7501607077e+05 3.3366867852e+07 1.7623584933e+00 3.1405631974e+02 -1.9264981561e+10
1.5929488982e+05 1.8833581276e-13 4.7625198784e-14 -5.8983951973e+06 2.5032142646e+06 3.0814844824e-18 1.5397477784e-17 -1.9783845230e+03 -6.3610379577e+03 -3.4012440627e+11 1.5863568837e+06 3.7884914686e+07 1.7310237928e+00 3.1650439010e+02 -1.7921596713e+10
1.5929662084e+05 1.8834112782e-13 4.7651860261e-14 -5.9016665157e+06 2.4926487145e+06 3.0594554647e-18 1.5406804023e-17 -1.8019309873e+03 -5.8476498283e+03 -3.6968884129e+11 2.9546546432e+06 4.2304410084e+07 1.8779494211e+00 3.1116386043e+02 -1.6184056507e+10
1.5929849879e+05 1.8834685086e-13 4.7680802931e-14 -5.9048755837e+06 2.4821785914e+06 3.0355311188e-18 1.5416884437e-17 -1.6171818176e+03 -5.3067711769e+03 -3.9810602113e+11 4.3821463917e+06 4.6962078852e+07 2.4863145478e+00 2.9809527836e+02 -1.4056844869e+10
1.5930012939e+05 1.8835178363e-13 4.7705948747e-14 -5.9073874249e+06 2.4738932052e+06 3.0147382294e-18 1.5425608265e-17 -1.4651870447e+03 -4.8597149668e+03 -4.1948681991e+11 5.5499268262e+06 5.0814155339e+07 1.6813421449e+00 2.8215992540e+02 -1.2173558684e+10
1.5930162285e+05 1.8835627182e-13 4.7728992360e-14 -5.9094768683e+06 2.4669266439e+06 2.9956791905e-18 1.5433576976e-17 -1.3343345048e+03 -4.4736682275e+03 -4.3641972008e+11 6.5483528343e+06 5.4143141766e+07 1.5007637757e+00 2.6509927730e+02 -1.0519558107e+10
1.5930312362e+05 1.8836075325e-13 4.7752160510e-14 -5.9113862070e+06 2.4604881208e+06 2.9765139586e-18 1.5441565653e-17 -1.2116669817e+03 -4.1110328016e+03 -4.5103685720e+11 7.4765720161e+06 5.7273251264e+07 1.4100138293e+00 2.4662691165e+02 -8.9846037243e+09
1.5930453363e+05 1.8836493747e-13 4.7773938613e-14 -5.9130183495e+06 2.4549173839e+06 2.9584965720e-18 1.5449055351e-17 -1.1047591428e+03 -3.7946074505e+03 -4.6277307803e+11 8.2776888144e+06 6.0007595229e+07 1.3575030797e+00 2.2882550803e+02 -7.6870102374e+09
1.5930589114e+05 1.8836894186e-13 4.7794915640e-14 -5.9144525375e+06 2.4499602197e+06 2.9411407866e-18 1.5456252726e-17 -1.0094543958e+03 -3.5123977073e+03 -4.7244084664e+11 8.9841304127e+06 6.2449360766e+07 1.3262956248e+00 2.1181636942e+02 -6.5798441567e+09
1.5930721743e+05 1.8837283143e-13 4.7815419857e-14 -5.9157335338e+06 2.4454729914e+06 2.9241757079e-18 1.5463272929e-17 -9.2337212291e+02 -3.2575444563e+03 -4.8052466260e+11 9.6145142829e+06 6.4657538056e+07 1.3091566451e+00 1.9568409576e+02 -5.6317913841e+09
1.5930852659e+05 1.8837664867e-13 4.7835668234e-14 -5.9168903341e+06 2.4413623277e+06 2.9074223626e-18 1.5470191925e-17 -8.4492452227e+02 -3.0254725533e+03 -4.8735252847e+11 1.0181267910e+07 6.6671469472e+07 1.3013847184e+00 1.8047180666e+02 -4.8186929545e+09
1.5930982797e+05 1.8838042151e-13 4.7855805376e-14 -5.9179424760e+06 2.4375651877e+06 2.8907615657e-18 1.5477060289e-17 -7.7300912970e+02 -2.8130060798e+03 -4.9315831813e+11 1.0693050468e+07 6.8518452368e+07 1.3003548324e+00 1.6620143827e+02 -4.1212828642e+09
1.5931112833e+05 1.8838416970e-13 4.7875935503e-14 -5.9189040243e+06 2.4340360099e+06 2.8741075009e-18 1.5483914408e-17 -7.0679976683e+02 -2.6177621458e+03 -4.9811864937e+11 1.1156371977e+07 7.0218958607e+07 1.3044345522e+00 1.5287498710e+02 -3.5234274342e+09
1.5931243276e+05 1.8838790788e-13 4.7896137736e-14 -5.9197855618e+06 2.4307403190e+06 2.8573950965e-18 1.5490781837e-17 -6.4564516202e+02 -2.4378579231e+03 -5.0237182114e+11 1.1576379639e+07 7.1789156787e+07 1.3125261895e+00 1.4047846261e+02 -3.0113243372e+09
1.5931374529e+05 1.8839164725e-13 4.7916474323e-14 -5.9205953074e+06 2.4276511467e+06 2.8405732283e-18 1.5497684193e-17 -5.8901337376e+02 -2.2717505233e+03 -5.0602880447e+11 1.1957289643e+07 7.3242290554e+07 1.3238455161e+00 1.2898586334e+02 -2.5730582412e+09
1.5931506913e+05 1.8839539649e-13 4.7936995467e-14 -5.9213397995e+06 2.4247468545e+06 2.8236007369e-18 1.5504638853e-17 -5.3645852445e+02 -2.1181413916e+03 -5.0918019533e+11 1.2302646143e+07 7.4589501400e+07 1.3378029339e+00 1.1836256706e+02 -2.1983085077e+09
1.5931640694e+05 1.8839916244e-13 4.7957742316e-14 -5.9220243392e+06 2.4220097255e+06 2.8064439556e-18 1.5511660010e-17 -4.8759956361e+02 -1.9759153897e+03 -5.1190089897e+11 1.2615487012e+07 7.5840352766e+07 1.3539354309e+00 1.0856807454e+02 -1.8781308417e+09
1.5931776087e+05 1.8840295043e-13 4.7978748909e-14 -5.9226532924e+06 2.4194250104e+06 2.7890751048e-18 1.5518759364e-17 -4.4210598657e+02 -1.8440998814e+03 -5.1425344250e+11 1.2898455640e+07 7.7003181933e+07 1.3718644251e+00 9.9558173509e+01 -1.6047798942e+09
1.5931913274e+05 1.8840676458e-13 4.8000043473e-14 -5.9232303034e+06 2.4169802573e+06 2.7714712209e-18 1.5525946583e-17 -3.9968785003e+02 -1.7218361453e+03 -5.1629040566e+11 1.3153879406e+07 7.8085345759e+07 1.3912697443e+00 9.1286625700e+01 -1.3715582779e+09
1.5932052401e+05 1.8841060803e-13 4.8021649320e-14 -5.9237584511e+06 2.4146648247e+06 2.7536134165e-18 1.5533229618e-17 -3.6008852248e+02 -1.6083586157e+03 -5.1805625988e+11 1.3383826882e+07 7.9093399046e+07 1.4118720082e+00 8.3706460361e+01 -1.1726846857e+09
1.5932193588e+05 1.8841448298e-13 4.8043585466e-14 -5.9242403665e+06 2.4124695196e+06 2.7354863641e-18 1.5540614933e-17 -3.2307928341e+02 -1.5029794070e+03 -5.1958879203e+11 1.3590150658e+07 8.0033227420e+07 1.4334212630e+00 7.6770956757e+01 -1.0031775777e+09
1.5932336930e+05 1.8841839089e-13 4.8065867085e-14 -5.9246783230e+06 2.4103863224e+06 2.7170779250e-18 1.5548107663e-17 -2.8845518557e+02 -1.4050764428e+03 -5.2092022877e+11 1.3774520291e+07 8.0910149202e+07 1.4556892371e+00 7.0434375810e+01 -8.5875215567e+08
1.5932482499e+05 1.8842233250e-13 4.8088505833e-14 -5.9250743074e+06 2.4084081731e+06 2.6983788753e-18 1.5555711738e-17 -2.5603181878e+02 -1.3140841589e+03 -5.2207813806e+11 1.3938448184e+07 8.1728995150e+07 1.4784643519e+00 6.4652493531e+01 -7.3572916799e+08
1.5932630345e+05 1.8842630792e-13 4.8111510104e-14 -5.9254300776e+06 2.4065288038e+06 2.6793826956e-18 1.5563429971e-17 -2.2564272601e+02 -1.2294860695e+03 -5.2308616158e+11 1.4083310287e+07 8.2494172196e+07 1.5015486733e+00 5.9382976983e+01 -6.3095435367e+08
1.5932780500e+05 1.8843031665e-13 4.8134885234e-14 -5.9257472080e+06 2.4047426044e+06 2.6600853998e-18 1.5571264137e-17 -1.9713730318e+02 -1.1508087202e+03 -5.2396461593e+11 1.4210362931e+07 8.3209715305e+07 1.5247560320e+00 5.4585635965e+01 -5.4172750238e+08
1.5932932976e+05 1.8843435769e-13 4.8158633675e-14 -5.9260271288e+06 2.4030445143e+06 2.6404853865e-18 1.5579215037e-17 -1.7037906893e+02 -1.0776167051e+03 -5.2473099042e+11 1.4320756643e+07 8.3879330208e+07 1.5479114513e+00 5.0222577906e+01 -4.6574020902e+08
1.5933087767e+05 1.8843842953e-13 4.8182755165e-14 -5.9262711570e+06 2.4014299340e+06 2.6205832982e-18 1.5587282559e-17 -1.4524421480e+02 -1.0095084957e+03 -5.2540036231e+11 1.4415547631e+07 8.4506429226e+07 1.5708510754e+00 4.6258286432e+01 -4.0102142613e+08
1.5933244852e+05 1.8844253021e-13 4.8207246892e-14 -5.9264805235e+06 2.3998946532e+06 2.6003818804e-18 1.5595465737e-17 -1.2162037947e+02 -9.4611292439e+02 -5.2598574519e+11 1.4495707364e+07 8.5094161522e+07 1.5934229482e+00 4.2659641669e+01 -3.4589000809e+08
1.5933404194e+05 1.8844665739e-13 4.8232103676e-14 -5.9266563953e+06 2.3984347908e+06 2.5798858310e-18 1.5603762817e-17 -9.9405597256e+01 -8.8708618020e+02 -5.2649838295e+11 1.4562130606e+07 8.5645439010e+07 1.6154880882e+00 3.9395895224e+01 -2.9891346499e+08
1.5933565743e+05 1.8845080837e-13 4.8257318162e-14 -5.9267998941e+06 2.3970467455e+06 2.5591016352e-18 1.5612171324e-17 -7.8507389099e+01 -8.3210922979e+02 -5.2694799869e+11 1.4615642158e+07 8.6162958692e+07 1.6369220219e+00 3.6438611220e+01 -2.5887222285e+08
1.5933729435e+05 1.8845498018e-13 4.8282881040e-14 -5.9269121119e+06 2.3957271548e+06 2.5380373804e-18 1.5620688139e-17 -5.8841968170e+01 -7.8088558414e+02 -5.2734300646e+11 1.4657002506e+07 8.6649222098e+07 1.6576162109e+00 3.3761581793e+01 -2.2472873323e+08
1.5933895197e+05 1.8845916959e-13 4.8308781291e-14 -5.9269941231e+06 2.3944728617e+06 2.5167025529e-18 1.5629309581e-17 -4.0333543694e+01 -7.3313936513e+02 -5.2769069179e+11 1.4686912524e+07 8.7106552211e+07 1.6774800452e+00 3.1340724462e+01 -1.9560084579e+08
1.5934038388e+05 1.8846276008e-13 4.8331166350e-14 -5.9270410652e+06 2.3934507616e+06 2.4982694038e-18 1.5636754836e-17 -2.5386073438e+01 -6.9490898518e+02 -5.2795502387e+11 1.4703883255e+07 8.7475973504e+07 1.4724153447e+00 2.9458755465e+01 -1.7412087829e+08
1.5934160068e+05 1.8846579045e-13 4.8350197025e-14 -5.9270645905e+06 2.3926239211e+06 2.4826029506e-18 1.5643080129e-17 -1.3384928286e+01 -6.6442370568e+02 -5.2815697962e+11 1.4712332930e+07 8.7772873035e+07 1.2716637828e+00 2.7996930828e+01 -1.5814758908e+08
1.5934247704e+05 1.8846796116e-13 4.8363908024e-14 -5.9270726752e+06 2.3920508652e+06 2.4713183526e-18 1.5647634918e-17 -5.1164297063e+00 -6.4352498076e+02 -5.2829096649e+11 1.4715223549e+07 8.7977713395e+07 1.0590149583e+00 2.7016049431e+01 -1.4778144347e+08
1.5934353606e+05 1.8847057111e-13 4.8380482017e-14 -5.9270729757e+06 2.3913822532e+06 2.4576803277e-18 1.5653138184e-17 4.4782078787e+00 -6.1937644299e+02 -5.2844133235e+11 1.4715331684e+07 8.8215841469e+07 1.0195972189e+00 2.5905437682e+01 -1.3638791643e+08
1.5934455565e+05 1.8847307026e-13 4.8396444614e-14 -5.9270638682e+06 2.3907621297e+06 2.4445484244e-18 1.5658435794e-17 1.3324302925e+01 -5.9720252063e+02 -5.2857525493e+11 1.4712099765e+07 8.8435957139e+07 1.2227342015e+00 2.4908360293e+01 -1.2647181861e+08
1.5934577839e+05 1.8847604966e-13 4.8415594603e-14 -5.9270413322e+06 2.3900475116e+06 2.4287983053e-18 1.5664787875e-17 2.3451980656e+01 -5.7191164458e+02 -5.2872323988e+11 1.4704125315e+07 8.8688864208e+07 1.3444339423e+00 2.3799330597e+01 -1.1579170180e+08
1.5934712282e+05 1.8847930338e-13 4.8436659570e-14 -5.9270026371e+06 2.3892964555e+06 2.4114781940e-18 1.5671771032e-17 3.4014000776e+01 -5.4562654708e+02 -5.2887177669e+11 1.4690466781e+07 8.8953990951e+07 1.4307761414e+00 2.2680716759e+01 -1.0539340458e+08
1.5934855360e+05 1.8848274047e-13 4.8459087682e-14 -5.9269463011e+06 2.3885348313e+06 2.3930430700e-18 1.5679201448e-17 4.4630758263e+01 -5.1927111629e+02 -5.2901546410e+11 1.4670614659e+07 8.9222386559e+07 1.4977072952e+00 2.1596559104e+01 -9.5674426939e+07
1.5935005130e+05 1.8848631010e-13 4.8482576360e-14 -5.9268715414e+06 2.3877767455e+06 2.3737426472e-18 1.5686978241e-17 5.5093524425e+01 -4.9332555206e+02 -5.2915194860e+11 1.4644286047e+07 8.9489366863e+07 1.5528711134e+00 2.0568854185e+01 -8.6786891424e+07
1.5935160418e+05 1.8848998068e-13 4.8506942475e-14 -5.9267779963e+06 2.3870305037e+06 2.3537282575e-18 1.5695040290e-17 6.5276956448e+01 -4.6805095294e+02 -5.2928034465e+11 1.4611319284e+07 8.9752347511e+07 1.6004992177e+00 1.9608672235e+01 -7.8766825853e+07
1.5935320467e+05 1.8849373131e-13 4.8532069023e-14 -5.9266655701e+06 2.3863011710e+06 2.3330967699e-18 1.5703348490e-17 7.5101270488e+01 -4.4358701168e+02 -5.2940053273e+11 1.4571614709e+07 9.0009907580e+07 1.6432094219e+00 1.8721069064e+01 -7.1592110430e+07
1.5935484788e+05 1.8849754767e-13 4.8557879921e-14 -5.9265343386e+06 2.3855918460e+06 2.3119113585e-18 1.5711877356e-17 8.4513318376e+01 -4.2000114920e+02 -5.2951280506e+11 1.4525097839e+07 9.0261321801e+07 1.6827960923e+00 1.7907575155e+01 -6.5211647582e+07
1.5935653068e+05 1.8850141989e-13 4.8584327155e-14 -5.9263844848e+06 2.3849043563e+06 2.2902120970e-18 1.5720610739e-17 9.3476172708e+01 -3.9731567677e+02 -5.2961767286e+11 1.4471694111e+07 9.0506304082e+07 1.7206290163e+00 1.7167569501e+01 -5.9561007381e+07
1.5935825131e+05 1.8850534140e-13 4.8611384176e-14 -5.9262162493e+06 2.3842396658e+06 2.2680214166e-18 1.5729539614e-17 1.0196300457e+02 -3.7552380326e+02 -5.2971575707e+11 1.4411309439e+07 9.0744858248e+07 1.7578827474e+00 1.6499080252e+01 -5.4571075166e+07
1.5936000919e+05 1.8850930839e-13 4.8639042880e-14 -5.9260298885e+06 2.3835981199e+06 2.2453466119e-18 1.5738661061e-17 1.0995330779e+02 -3.5459947210e+02 -5.2980772543e+11 1.4343813082e+07 9.0977188342e+07 1.7956913434e+00 1.5899267250e+01 -5.0172844705e+07
1.5936180488e+05 1.8851331954e-13 4.8667313022e-14 -5.9258256310e+06 2.3829795967e+06 2.2221803507e-18 1.5747978051e-17 1.1743048170e+02 -3.3450351726e+02 -5.2989425690e+11 1.4269020149e+07 9.1203645024e+07 1.8352774568e+00 1.5364717777e+01 -4.6299996162e+07
1.5936364016e+05 1.8851737612e-13 4.8696223669e-14 -5.9256036308e+06 2.3823835962e+06 2.1984995205e-18 1.5757499907e-17 1.2438022729e+02 -3.1518743445e+02 -5.2997602337e+11 1.4186671068e+07 9.1424696249e+07 1.8734003131e+00 1.4891627824e+01 -4.2890162389e+07
1.5936551356e+05 1.8852147215e-13 4.8725752879e-14 -5.9253645187e+06 2.3818106739e+06 2.1743228214e-18 1.5767219140e-17 1.3077429020e+02 -2.9664044475e+02 -5.3005349594e+11 1.4096637356e+07 9.1640388926e+07 1.8860708102e+00 1.4476869137e+01 -3.9892357450e+07
1.5936739963e+05 1.8852555012e-13 4.8755500198e-14 -5.9251123450e+06 2.3812679272e+06 2.1499786301e-18 1.5777003822e-17 1.3651770638e+02 -2.7906784013e+02 -5.3012622101e+11 1.4000072883e+07 9.1848190185e+07 1.9001264942e+00 1.4120986335e+01 -3.7289236294e+07
1.5936929976e+05 1.8852961205e-13 4.8785487866e-14 -5.9248479896e+06 2.3807536601e+06 2.1254490537e-18 1.5786861258e-17 1.4161991307e+02 -2.6239618840e+02 -5.3019486821e+11 1.3896951010e+07 9.2048767833e+07 1.9152698492e+00 1.3817507465e+01 -3.5020226852e+07
1.5937121503e+05 1.8853365917e-13 4.8815733480e-14 -5.9245723637e+06 2.3802664110e+06 2.1007200321e-18 1.5796797207e-17 1.4608837666e+02 -2.4656589915e+02 -5.3025999511e+11 1.3787251234e+07 9.2242662775e+07 1.9315509055e+00 1.3560335888e+01 -3.3033730272e+07
1.5937314658e+05 1.8853769273e-13 4.8846255476e-14 -5.9242863701e+06 2.3798048257e+06 2.0757768534e-18 1.5806817680e-17 1.4993076557e+02 -2.3152680144e+02 -5.3032207526e+11 1.3670950876e+07 9.2430337373e+07 1.9488474819e+00 1.3343620661e+01 -3.1285203156e+07
1.5937509543e+05 1.8854171358e-13 4.8877070404e-14 -5.9239909313e+06 2.3793676784e+06 2.0506063779e-18 1.5816928053e-17 1.5315559677e+02 -2.1723848712e+02 -5.3038150414e+11 1.3548043862e+07 9.2612167194e+07 1.9667966381e+00 1.3161748894e+01 -2.9736246070e+07
1.5937706222e+05 1.8854572172e-13 4.8908189120e-14 -5.9236870288e+06 2.3789538937e+06 2.0252001509e-18 1.5827131815e-17 1.5577307985e+02 -2.0367064279e+02 -5.3043860292e+11 1.3418566480e+07 9.2788430733e+07 1.9847061465e+00 1.3009351336e+01 -2.8353879093e+07
1.5937904693e+05 1.8854971570e-13 4.8939611544e-14 -5.9233757574e+06 2.3785625699e+06 1.9995586608e-18 1.5837428856e-17 1.5779620176e+02 -1.9080334361e+02 -5.3049362002e+11 1.3282632037e+07 9.2959296706e+07 2.0014748544e+00 1.2881324643e+01 -2.7109991008e+07
1.5938104840e+05 1.8855369189e-13 4.8971320151e-14 -5.9230583888e+06 2.3781929980e+06 1.9736966306e-18 1.5847813352e-17 1.5924210583e+02 -1.7862706647e+02 -5.3054673121e+11 1.3140474177e+07 9.3124811271e+07 2.0155647529e+00 1.2772872374e+01 -2.5980930352e+07
1.5938306397e+05 1.8855764375e-13 4.9003272985e-14 -5.9227364358e+06 2.3778446663e+06 1.9476486745e-18 1.5858271490e-17 1.6013373921e+02 -1.6714200405e+02 -5.3059804004e+11 1.2992494668e+07 9.3284890302e+07 2.0250952625e+00 1.2679566008e+01 -2.4947192960e+07
1.5938508906e+05 1.8856156142e-13 4.9035398135e-14 -5.9224116917e+06 2.3775172340e+06 1.9214737402e-18 1.5868779690e-17 1.6050156672e+02 -1.5635609608e+02 -5.3064758160e+11 1.2839304494e+07 9.3439325491e+07 2.0281272785e+00 1.2597423883e+01 -2.3993137918e+07
1.5938711719e+05 1.8856543183e-13 4.9067592713e-14 -5.9220862143e+06 2.3772104610e+06 1.8952558813e-18 1.5879304297e-17 1.6038487902e+02 -1.4628126834e+02 -5.3069533327e+11 1.2681739595e+07 9.3587814483e+07 2.0231343933e+00 1.2522998957e+01 -2.3106645980e+07
1.5938914033e+05 1.8856923973e-13 4.9099729300e-14 -5.9217622239e+06 2.3769240908e+06 1.8690989363e-18 1.5889803719e-17 1.5983199580e+02 -1.3692791877e+02 -5.3074123495e+11 1.2520830812e+07 9.3730020498e+07 2.0095117637e+00 1.2453456663e+01 -2.2278643838e+07
1.5939114984e+05 1.8857296960e-13 4.9131670526e-14 -5.9214419172e+06 2.3766577109e+06 1.8431146213e-18 1.5900233202e-17 1.5889875268e+02 -1.2829872085e+02 -5.3078521721e+11 1.2357719916e+07 9.3865653553e+07 1.9878560861e+00 1.2386617680e+01 -2.1502477494e+07
1.5939313769e+05 1.8857660789e-13 4.9163288157e-14 -5.9211272446e+06 2.3764106385e+06 1.8174069900e-18 1.5910551070e-17 1.5764524868e+02 -1.2038370445e+02 -5.3082723031e+11 1.2193539158e+07 9.3994549500e+07 1.9598265173e+00 1.2320945190e+01 -2.0773211652e+07
1.5939509752e+05 1.8858014486e-13 4.9194480045e-14 -5.9208197289e+06 2.3761818791e+06 1.7920586818e-18 1.5920724238e-17 1.5613165724e+02 -1.1315839272e+02 -5.3086726476e+11 1.2029293534e+07 9.4116718813e+07 1.9276562066e+00 1.2255474025e+01 -2.0086992787e+07
1.5939702518e+05 1.8858357530e-13 4.9225179373e-14 -5.9205203826e+06 2.3759701668e+06 1.7671234776e-18 1.5930731200e-17 1.5441434035e+02 -1.0658538789e+02 -5.3090535820e+11 1.1865783301e+07 9.4232350928e+07 1.8935899693e+00 1.2189699759e+01 -1.9440587282e+07
1.5939891877e+05 1.8858689831e-13 4.9255354954e-14 -5.9202297307e+06 2.3757740620e+06 1.7426261298e-18 1.5940562088e-17 1.5254321081e+02 -1.0061826529e+02 -5.3094158979e+11 1.1703580539e+07 9.4341781535e+07 1.8594945076e+00 1.2123455642e+01 -1.8831118035e+07
1.5940077826e+05 1.8859011635e-13 4.9285005318e-14 -5.9199479008e+06 2.3755920616e+06 1.7185672359e-18 1.5950216722e-17 1.5056058773e+02 -9.5206060952e+01 -5.3097606788e+11 1.1543048528e+07 9.4445442745e+07 1.8267105705e+00 1.2056800532e+01 -1.8255948815e+07
1.5940260497e+05 1.8859323408e-13 4.9314150410e-14 -5.9196747363e+06 2.3754226911e+06 1.6949300320e-18 1.5959701878e-17 1.4850123503e+02 -9.0297082089e+01 -5.3100891675e+11 1.1384382649e+07 9.4543814420e+07 1.7960819135e+00 1.1989929512e+01 -1.7712646591e+07
1.5940440105e+05 1.8859625744e-13 4.9342823718e-14 -5.9194098984e+06 2.3752645648e+06 1.6716868165e-18 1.5969028716e-17 1.4639308945e+02 -8.5841538006e+01 -5.3104026580e+11 1.1227654928e+07 9.4637386420e+07 1.7680625704e+00 1.1923108828e+01 -1.7198970953e+07
1.5940616912e+05 1.8859919286e-13 4.9371066077e-14 -5.9191529463e+06 2.3751164183e+06 1.6488039903e-18 1.5978210753e-17 1.4425826456e+02 -8.1793049640e+01 -5.3107024208e+11 1.1072852679e+07 9.4726633696e+07 1.7428354491e+00 1.1856631625e+01 -1.6712866396e+07
1.5940616912e+05 1.8859919286e-13 4.9371066077e-14 -5.9191529463e+06 2.3751164183e+06 1.6488039903e-18 1.5978210753e-17 1.4425826456e+02 -8.1793049640e+01 -5.3107024208e+11 1.1072852679e+07 9.4726633696e+07 1.7428354491e+00 1.1856631625e+01 -1.6712866396e+07
