0.0000000000e+00 0.0000000000e+00 0.0000000000e+00 3.1415900000e+08 0.0000000000e+00 0.0000000000e+00 0.0000000000e+00 -1.1743721962e+03 2.4667781556e+02 -4.6638893045e+09 -9.9821636681e+06 2.0967614322e+06 1.0000000000e+01 0.0000000000e+00 -0.0000000000e+00
1.0000000000e+01 2.8740011921e-22 7.5224586026e-28 3.1414725608e+08 2.4667781551e+03 5.7480740105e-23 2.2567797631e-28 -1.1744125815e+03 2.4667781540e+02 -4.6638893045e+09 -9.9821636681e+06 2.0967614322e+06 5.0000000000e+01 0.0000000000e+00 -0.0000000000e+00
6.0000000000e+01 1.0347693797e-20 1.6253067475e-25 3.1408853040e+08 1.4800668819e+04 3.4494892132e-22 8.1274453650e-27 -1.1746145533e+03 2.4667780985e+02 -4.6638893045e+09 -9.9821636681e+06 2.0967614322e+06 2.5000000000e+02 0.0000000000e+00 -0.0000000000e+00
3.1000000000e+02 2.7639823653e-19 2.2447916382e-23 3.1379475043e+08 7.6470107052e+04 1.7839042480e-21 2.1736397216e-25 -1.1756255464e+03 2.4667766284e+02 -4.6638893045e+09 -9.9821636681e+06 2.0967614322e+06 1.2500000000e+03 0.0000000000e+00 -0.0000000000e+00
1.5600000000e+03 7.0213391052e-18 2.8808671589e-21 3.1232204626e+08 3.8481536821e+05 9.0193442873e-21 5.5564136781e-24 -1.1807090814e+03 2.4667391169e+02 -4.6638893045e+09 -9.9821636681e+06 2.0967614322e+06 3.6000000000e+03 0.0000000000e+00 -0.0000000000e+00
5.1600000000e+03 7.7522772597e-17 1.0641871077e-19 3.0804477288e+08 1.2727827597e+06 3.0245603987e-20 6.2484293300e-23 -1.1956224018e+03 2.4663391483e+02 -4.6638893044e+09 -9.9821636681e+06 2.0967614322e+06 3.6000000000e+03 0.0000000000e+00 -0.0000000000e+00
8.7600000000e+03 2.2551060322e-16 5.3170633022e-19 3.0371305846e+08 2.1605240937e+06 5.2072711015e-20 1.8521252573e-22 -1.2109578704e+03 2.4654768742e+02 -4.6638893043e+09 -9.9821636681e+06 2.0967614322e+06 3.6000000000e+03 0.0000000000e+00 -0.0000000000e+00
1.2360000000e+04 4.5320739251e-16 1.5257478065e-18 2.9932534147e+08 3.0478658278e+06 7.4534162062e-20 3.7946042129e-22 -1.2267390216e+03 2.4641121113e+02 -4.6638893041e+09 -9.9821636681e+06 2.0967614322e+06 3.6000000000e+03 0.0000000000e+00 -0.0000000000e+00
1.5960000000e+04 7.6296115265e-16 3.3572118389e-18 2.9487997222e+08 3.9346191988e+06 9.7666202360e-20 6.5155699352e-22 -1.2429913210e+03 2.4622003928e+02 -4.6638893040e+09 -9.9821636681e+06 2.0967614322e+06 3.6000000000e+03 0.0000000000e+00 -0.0000000000e+00
1.9560000000e+04 1.1572557725e-15 6.3187676712e-18 2.9037520555e+08 4.8205785805e+06 1.2150812726e-19 1.0085212476e-21 -1.2597423770e+03 2.4596924040e+02 -4.6638893038e+09 -9.9821636681e+06 2.0967614322e+06 3.6000000000e+03 0.0000000000e+00 -0.0000000000e+00
2.3160000000e+04 1.6387226026e-15 1.0729732474e-17 2.8580919271e+08 5.7055196245e+06 1.4610262565e-19 1.4581552906e-21 -1.2770221822e+03 2.4565333281e+02 -4.6638893037e+09 -9.9821636681e+06 2.0967614322e+06 3.6000000000e+03 0.0000000000e+00 -0.0000000000e+00
2.6760000000e+04 2.2101533622e-15 1.6939080581e-17 2.8117997228e+08 6.5891971456e+06 1.7149617227e-19 2.0091526986e-21 -1.2948633893e+03 2.4526620851e+02 -4.6638893035e+09 -9.9821636681e+06 2.0967614322e+06 3.6000000000e+03 0.0000000000e+00 -0.0000000000e+00
3.0360000000e+04 2.8745145593e-15 2.5328874684e-17 2.7648546001e+08 7.4713427110e+06 1.9773947745e-19 2.6712251162e-21 -1.3133016268e+03 2.4480104422e+02 -4.6638893032e+09 -9.9821636681e+06 2.0967614322e+06 3.6000000000e+03 0.0000000000e+00 -0.0000000000e+00
3.3960000000e+04 3.6349636478e-15 3.6318190959e-17 2.7172343752e+08 8.3516618827e+06 2.2488800452e-19 3.4552507427e-21 -1.3323758625e+03 2.4425019704e+02 -4.6638893029e+09 -9.9821636681e+06 2.0967614322e+06 3.6000000000e+03 0.0000000000e+00 -0.0000000000e+00
3.7560000000e+04 4.4948671882e-15 5.0367624769e-17 2.6689153950e+08 9.2298310518e+06 2.5300256736e-19 4.3734492194e-21 -1.3521288236e+03 2.4360508159e+02 -4.6638893026e+09 -9.9821636681e+06 2.0967614322e+06 3.6000000000e+03 0.0000000000e+00 -0.0000000000e+00
4.1160000000e+04 5.4578213250e-15 6.7984481699e-17 2.6198723935e+08 1.0105493791e+07 2.8215002322e-19 5.4395885241e-21 -1.3726074831e+03 2.4285602466e+02 -4.6638893022e+09 -9.9821636681e+06 2.0967614322e+06 3.6000000000e+03 0.0000000000e+00 -0.0000000000e+00
4.4760000000e+04 6.5276749580e-15 8.9728781281e-17 2.5700783287e+08 1.0978256638e+07 3.1240407946e-19 6.6692308743e-21 -1.3938636271e+03 2.4199209241e+02 -4.6638893017e+09 -9.9821636681e+06 2.0967614322e+06 3.6000000000e+03 0.0000000000e+00 -0.0000000000e+00
4.8360000000e+04 7.7085560559e-15 1.1622022908e-16 2.5195041979e+08 1.1847684195e+07 3.4384623719e-19 8.0800264464e-21 -1.4159545172e+03 2.4100088404e+02 -4.6638893011e+09 -9.9821636681e+06 2.0967614322e+06 3.6000000000e+03 0.0000000000e+00 -0.0000000000e+00
5.1960000000e+04 9.0049016558e-15 1.4814634853e-16 2.4681188272e+08 1.2713293415e+07 3.7656690022e-19 9.6920660544e-21 -1.4389436701e+03 2.3986828397e+02 -4.6638893004e+09 -9.9821636681e+06 2.0967614322e+06 3.6000000000e+03 0.0000000000e+00 -0.0000000000e+00
5.5560000000e+04 1.0421492204e-14 1.8627200935e-16 2.4158886296e+08 1.3574546910e+07 4.1066668494e-19 1.1528306995e-20 -1.4629017777e+03 2.3857816269e+02 -4.6638892996e+09 -9.9821636681e+06 2.0967614322e+06 3.6000000000e+03 0.0000000000e+00 -0.0000000000e+00
5.9160000000e+04 1.1963491040e-14 2.3145064727e-16 2.3627773281e+08 1.4430845067e+07 4.4625797589e-19 1.3615090303e-20 -1.4879078000e+03 2.3711201329e+02 -4.6638892985e+09 -9.9821636681e+06 2.0967614322e+06 3.6000000000e+03 0.0000000000e+00 -0.0000000000e+00
6.2760000000e+04 1.3636490004e-14 2.8463754494e-16 2.3087456352e+08 1.5281516714e+07 4.8346678371e-19 1.5982773047e-20 -1.5140502706e+03 2.3544850725e+02 -4.6638892973e+09 -9.9821636681e+06 2.0967614322e+06 3.6000000000e+03 0.0000000000e+00 -0.0000000000e+00
6.6360000000e+04 1.5446562390e-14 3.4690564118e-16 2.2537508805e+08 1.6125808018e+07 5.2243497787e-19 1.8666506506e-20 -1.5414288654e+03 2.3356294769e+02 -4.6638892957e+09 -9.9821636681e+06 2.0967614322e+06 3.6000000000e+03 0.0000000000e+00 -0.0000000000e+00
6.9960000000e+04 1.7400324734e-14 4.1946446336e-16 2.1977465770e+08 1.6962869179e+07 5.6332298764e-19 2.1707200896e-20 -1.5701563000e+03 2.3142659159e+02 -4.6638892938e+09 -9.9821636681e+06 2.0967614322e+06 3.6000000000e+03 0.0000000000e+00 -0.0000000000e+00
7.3560000000e+04 1.9505009361e-14 5.0368294737e-16 2.1406819114e+08 1.7791738399e+07 6.0631309237e-19 2.5152730764e-20 -1.6003606418e+03 2.2900580284e+02 -4.6638892913e+09 -9.9821636681e+06 2.0967614322e+06 3.6000000000e+03 0.0000000000e+00 -0.0000000000e+00
7.7160000000e+04 2.1768550059e-14 6.0111713597e-16 2.0825011417e+08 1.8611322421e+07 6.5161346048e-19 2.9059453837e-20 -1.6321881475e+03 2.2626098517e+02 -4.6638892882e+09 -9.9821636681e+06 2.0967614322e+06 3.6000000000e+03 0.0000000000e+00 -0.0000000000e+00
8.0760000000e+04 2.4199683951e-14 7.1354405289e-16 2.0231428819e+08 1.9420372728e+07 6.9946314835e-19 3.3494142408e-20 -1.6658067753e+03 2.2314522515e+02 -4.6638892843e+09 -9.9821636681e+06 2.0967614322e+06 3.6000000000e+03 0.0000000000e+00 -0.0000000000e+00
8.4360000000e+04 2.6808073505e-14 8.4300347018e-16 1.9625392447e+08 2.0217456200e+07 7.5013834249e-19 3.8536463694e-20 -1.7014105705e+03 2.1960254954e+02 -4.6638892791e+09 -9.9821636681e+06 2.0967614322e+06 3.6000000000e+03 0.0000000000e+00 -0.0000000000e+00
8.7960000000e+04 2.9604453813e-14 9.9184986860e-16 1.9006148066e+08 2.1000918608e+07 8.0396022986e-19 4.4282199719e-20 -1.7392251954e+03 2.1556566300e+02 -4.6638892723e+09 -9.9821636681e+06 2.0967614322e+06 3.6000000000e+03 0.0000000000e+00 -0.0000000000e+00
9.1560000000e+04 3.2600811892e-14 1.1628177104e-15 1.8372853482e+08 2.1768838749e+07 8.6130502650e-19 5.0847476654e-20 -1.7795149749e+03 2.1095297667e+02 -4.6638892633e+09 -9.9821636681e+06 2.0967614322e+06 3.6000000000e+03 0.0000000000e+00 -0.0000000000e+00
9.5160000000e+04 3.5810607060e-14 1.3591043151e-15 1.7724563059e+08 2.2518970226e+07 9.2261690464e-19 5.8374392243e-20 -1.8225919791e+03 2.0566465433e+02 -4.6638892511e+09 -9.9821636681e+06 2.0967614322e+06 3.6000000000e+03 0.0000000000e+00 -0.0000000000e+00
9.8760000000e+04 3.9249044565e-14 1.5844763287e-15 1.7060208494e+08 2.3248666637e+07 9.8842486923e-19 6.7038610710e-20 -1.8688278808e+03 1.9957727636e+02 -4.6638892343e+09 -9.9821636681e+06 2.0967614322e+06 3.6000000000e+03 0.0000000000e+00 -0.0000000000e+00
1.0236000000e+05 4.2933419284e-14 1.8434082970e-15 1.6378574670e+08 2.3954784218e+07 1.0593651025e-18 7.7059775710e-20 -1.9186696541e+03 1.9253652373e+02 -4.6638892107e+09 -9.9821636681e+06 2.0967614322e+06 3.6000000000e+03 0.0000000000e+00 -0.0000000000e+00
1.0596000000e+05 4.6883552903e-14 2.1412656551e-15 1.5678268939e+08 2.4633553279e+07 1.1362110136e-18 8.8716039554e-20 -1.9726606872e+03 1.8434696989e+02 -4.6638891770e+09 -9.9821636681e+06 2.0967614322e+06 3.6000000000e+03 0.0000000000e+00 -0.0000000000e+00
1.0956000000e+05 5.1122357985e-14 2.4845503271e-15 1.4957681490e+08 2.5280405643e+07 1.2199143623e-18 1.0236473829e-19 -2.0314696753e+03 1.7475755473e+02 -4.6638891275e+09 -9.9821636681e+06 2.0967614322e+06 3.6000000000e+03 0.0000000000e+00 -0.0000000000e+00
1.1316000000e+05 5.5676577436e-14 2.8812364522e-15 1.4214933398e+08 2.5889738774e+07 1.3116626555e-18 1.1847247230e-19 -2.0959309467e+03 1.6344045031e+02 -4.6638890530e+09 -9.9821636681e+06 2.0967614322e+06 3.3847886413e+03 0.0000000000e+00 -0.0000000000e+00
1.1654478864e+05 6.0274371185e-14 3.3117475035e-15 1.3494397652e+08 2.6422219043e+07 1.4066041849e-18 1.3641238349e-19 -2.1626357483e+03 1.5083607977e+02 -4.6638889689e+09 -9.9821636681e+06 2.0967614322e+06 3.0464577321e+03 0.0000000000e+00 -0.0000000000e+00
1.1928242021e+05 6.4238567188e-14 3.7078613485e-15 1.2894378064e+08 2.6819227091e+07 1.4906476710e-18 1.5337986524e-19 -2.2216837129e+03 1.3891492671e+02 -4.6638889255e+09 -9.9821636681e+06 2.0967614322e+06 2.7557330906e+03 0.0000000000e+00 -0.0000000000e+00
1.2203815330e+05 6.8471654944e-14 4.1571463413e-15 1.2273340667e+08 2.7183342960e+07 1.5829476553e-18 1.7319924733e-19 -2.2865325960e+03 1.2499006203e+02 -4.6638888592e+09 -9.9821636681e+06 2.0967614322e+06 2.4891558198e+03 0.0000000000e+00 -0.0000000000e+00
1.2427467153e+05 7.2101905733e-14 4.5647911864e-15 1.1755633034e+08 2.7448635919e+07 1.6644587411e-18 1.9174141850e-19 -2.3438013259e+03 1.1196255070e+02 -4.6638888253e+09 -9.9821636681e+06 2.0967614322e+06 2.2522228276e+03 0.0000000000e+00 -0.0000000000e+00
1.2652689436e+05 7.5949490005e-14 5.0201488042e-15 1.1220811503e+08 2.7684280421e+07 1.7534888278e-18 2.1311737531e-19 -2.4063528174e+03 9.6944054929e+01 -4.6638887749e+09 -9.9821636681e+06 2.0967614322e+06 2.0306456546e+03 0.0000000000e+00 -0.0000000000e+00
1.2834492341e+05 7.9207173977e-14 5.4250900023e-15 1.0778426183e+08 2.7848240933e+07 1.8311991352e-18 2.3274220909e-19 -2.4609511651e+03 8.3155877598e+01 -4.6638887504e+09 -9.9821636681e+06 2.0967614322e+06 1.8327935031e+03 0.0000000000e+00 -0.0000000000e+00
1.2998678175e+05 8.2274855374e-14 5.8232392458e-15 1.0370079219e+08 2.7973515988e+07 1.9065050796e-18 2.5262698495e-19 -2.5138602357e+03 6.9185068014e+01 -4.6638887303e+09 -9.9821636681e+06 2.0967614322e+06 1.6562509915e+03 0.0000000000e+00 -0.0000000000e+00
1.3146094557e+05 8.5138066602e-14 6.2100637123e-15 9.9957916665e+07 2.8065381179e+07 1.9788013255e-18 2.7252683870e-19 -2.5646547276e+03 5.5203664890e+01 -4.6638887146e+09 -9.9821636681e+06 2.0967614322e+06 1.4895346167e+03 0.0000000000e+00 -0.0000000000e+00
1.3277221404e+05 8.7777251913e-14 6.5800534554e-15 9.6563738875e+07 2.8128891581e+07 2.0472847265e-18 2.9211500978e-19 -2.6127703594e+03 4.1441246332e+01 -4.6638887030e+09 -9.9821636681e+06 2.0967614322e+06 1.3289359048e+03 0.0000000000e+00 -0.0000000000e+00
1.3391842987e+05 9.0159907657e-14 6.9254918011e-15 9.3543628978e+07 2.8168936681e+07 2.1107318263e-18 3.1090858241e-19 -2.6573475452e+03 2.8237103306e+01 -4.6638886953e+09 -9.9821636681e+06 2.0967614322e+06 1.1692217525e+03 0.0000000000e+00 -0.0000000000e+00
1.3488218369e+05 9.2220994878e-14 7.2332980605e-15 9.0963727661e+07 2.8190412310e+07 2.1669300299e-18 3.2807795003e-19 -2.6968317419e+03 1.6174107609e+01 -4.6638886912e+09 -9.9821636681e+06 2.0967614322e+06 1.0020273350e+03 0.0000000000e+00 -0.0000000000e+00
1.3558139342e+05 9.3750916407e-14 7.4673075274e-15 8.9067690328e+07 2.8198479540e+07 2.2094729518e-18 3.4140447688e-19 -2.7267218984e+03 6.8110466238e+00 -4.6638886902e+09 -9.9821636681e+06 2.0967614322e+06 8.2309051858e+02 0.0000000000e+00 -0.0000000000e+00
1.3640448394e+05 9.5590812165e-14 7.7551159068e-15 8.6808386594e+07 2.8199306930e+07 2.2616119414e-18 3.5812627422e-19 -2.7633541390e+03 -4.9374914606e+00 -4.6638886876e+09 -9.9821636681e+06 2.0967614322e+06 7.5085636708e+02 0.0000000000e+00 -0.0000000000e+00
1.3715534030e+05 9.7307468274e-14 8.0300788731e-15 8.4720499367e+07 2.8191340793e+07 2.3112613037e-18 3.7445081465e-19 -2.7982371969e+03 -1.6406921508e+01 -4.6638886855e+09 -9.9821636681e+06 2.0967614322e+06 8.9502889464e+02 0.0000000000e+00 -0.0000000000e+00
1.3805036920e+05 9.9403622328e-14 8.3744675105e-15 8.2196669140e+07 2.8170161161e+07 2.3732620363e-18 3.9539027757e-19 -2.8417981822e+03 -3.1118741811e+01 -4.6638886795e+09 -9.9821636681e+06 2.0967614322e+06 9.6937561339e+02 0.0000000000e+00 -0.0000000000e+00
1.3901974481e+05 1.0173825008e-13 8.7695467297e-15 7.9417979380e+07 2.8131706608e+07 2.4441902347e-18 4.2010589667e-19 -2.8916315000e+03 -4.8483645023e+01 -4.6638886680e+09 -9.9821636681e+06 2.0967614322e+06 1.0050683211e+03 0.0000000000e+00 -0.0000000000e+00
1.4002481313e+05 1.0423367774e-13 9.2057079049e-15 7.6484396969e+07 2.8073192956e+07 2.5223177434e-18 4.4828031239e-19 -2.9465229684e+03 -6.8278658041e+01 -4.6638886501e+09 -9.9821636681e+06 2.0967614322e+06 1.0168663297e+03 0.0000000000e+00 -0.0000000000e+00
1.4104167946e+05 1.0684094541e-13 9.6773110205e-15 7.3458381838e+07 2.7992688520e+07 2.6066672107e-18 4.7983043465e-19 -3.0057859118e+03 -9.0445402762e+01 -4.6638886246e+09 -9.9821636681e+06 2.0967614322e+06 1.0125784972e+03 0.0000000000e+00 -0.0000000000e+00
1.4205425796e+05 1.0952540993e-13 1.0180554119e-14 7.0383164614e+07 2.7888896491e+07 2.6966194898e-18 5.1478920365e-19 -3.0689853248e+03 -1.1500702258e+02 -4.6638885907e+09 -9.9821636681e+06 2.0967614322e+06 9.9699664582e+02 0.0000000000e+00 -0.0000000000e+00
1.4305125460e+05 1.1226077826e-13 1.0712612435e-14 6.7290481863e+07 2.7761015532e+07 2.7917525160e-18 5.5325874010e-19 -3.1358246699e+03 -1.4203526631e+02 -4.6638885476e+09 -9.9821636681e+06 2.0967614322e+06 9.7335179433e+02 0.0000000000e+00 -0.0000000000e+00
1.4402460640e+05 1.1502619882e-13 1.1271233145e-14 6.4204452631e+07 2.7608639488e+07 2.8917634376e-18 5.9538892387e-19 -3.2060911668e+03 -1.7163543778e+02 -4.6638884944e+09 -9.9821636681e+06 2.0967614322e+06 9.4395679168e+02 0.0000000000e+00 -0.0000000000e+00
1.4496856319e+05 1.1780466223e-13 1.1854522818e-14 6.1143780316e+07 2.7431680225e+07 2.9964260575e-18 6.4136666870e-19 -3.2796258922e+03 -2.0393886038e+02 -4.6638884301e+09 -9.9821636681e+06 2.0967614322e+06 9.1053232999e+02 0.0000000000e+00 -0.0000000000e+00
1.4587909552e+05 1.2058204017e-13 1.2460827642e-14 5.8123123396e+07 2.7230305715e+07 3.1055653193e-18 6.9141035322e-19 -3.3563058535e+03 -2.3909896437e+02 -4.6638883540e+09 -9.9821636681e+06 2.0967614322e+06 8.7439071891e+02 0.0000000000e+00 -0.0000000000e+00
1.4675348624e+05 1.2334646578e-13 1.3088662685e-14 5.5154010337e+07 2.7004888993e+07 3.2190408226e-18 7.4576701772e-19 -3.4360324071e+03 -2.7728931736e+02 -4.6638882651e+09 -9.9821636681e+06 2.0967614322e+06 8.3654837938e+02 0.0000000000e+00 -0.0000000000e+00
1.4759003462e+05 1.2608791047e-13 1.3736668965e-14 5.2245484390e+07 2.6755965331e+07 3.3367354528e-18 8.0471118537e-19 -3.5187232697e+03 -3.1870279609e+02 -4.6638881625e+09 -9.9821636681e+06 2.0967614322e+06 7.9779941241e+02 0.0000000000e+00 -0.0000000000e+00
1.4838783403e+05 1.2879788030e-13 1.4403587147e-14 4.9404578023e+07 2.6484195879e+07 3.4585470497e-18 8.6854472215e-19 -3.6043066646e+03 -3.6355148805e+02 -4.6638880453e+09 -9.9821636681e+06 2.0967614322e+06 7.5876634947e+02 0.0000000000e+00 -0.0000000000e+00
1.4914660038e+05 1.3146918843e-13 1.5088241585e-14 4.6636674254e+07 2.6190336551e+07 3.5843819287e-18 9.3759741929e-19 -3.6927167702e+03 -4.1206710068e+02 -4.6638879124e+09 -9.9821636681e+06 2.0967614322e+06 7.1993672329e+02 0.0000000000e+00 -0.0000000000e+00
1.4986653710e+05 1.3409577818e-13 1.5789531037e-14 4.3945789524e+07 2.5875211251e+07 3.7141495409e-18 1.0122281246e-18 -3.7838899678e+03 -4.6450175619e+02 -4.6638877630e+09 -9.9821636681e+06 2.0967614322e+06 6.8169035260e+02 0.0000000000e+00 -0.0000000000e+00
1.5054822746e+05 1.3667258084e-13 1.6506423794e-14 4.1334800098e+07 2.5539688721e+07 3.8477578070e-18 1.0928263283e-18 -3.8777615637e+03 -5.2112910589e+02 -4.6638875960e+09 -9.9821636681e+06 2.0967614322e+06 6.4432028124e+02 0.0000000000e+00 -0.0000000000e+00
1.5119254774e+05 1.3919539819e-13 1.7237955803e-14 3.8805626483e+07 2.5184662457e+07 3.9851088132e-18 1.1798141582e-18 -3.9742627648e+03 -5.8224573185e+02 -4.6638874104e+09 -9.9821636681e+06 2.0967614322e+06 6.0804920740e+02 0.0000000000e+00 -0.0000000000e+00
1.5180059694e+05 1.4166080332e-13 1.7983230906e-14 3.6359385759e+07 2.4811033188e+07 4.1260946321e-18 1.2736487706e-18 -4.0733177424e+03 -6.4817282658e+02 -4.6638872050e+09 -9.9821636681e+06 2.0967614322e+06 5.7304260074e+02 0.0000000000e+00 -0.0000000000e+00
1.5237363955e+05 1.4406605519e-13 1.8741422599e-14 3.3996518793e+07 2.4419693521e+07 4.2705930854e-18 1.3748251455e-18 -4.1748406558e+03 -7.1925815722e+02 -4.6638869790e+09 -9.9821636681e+06 2.0967614322e+06 5.3941932536e+02 0.0000000000e+00 -0.0000000000e+00
1.5291305887e+05 1.4640902410e-13 1.9511777009e-14 3.1716897348e+07 2.4011514357e+07 4.4184632864e-18 1.4838793173e-18 -4.2787325194e+03 -7.9587833537e+02 -4.6638867310e+09 -9.9821636681e+06 2.0967614322e+06 5.0726032869e+02 0.0000000000e+00 -0.0000000000e+00
1.5342031920e+05 1.4868812586e-13 2.0293616853e-14 2.9519914836e+07 2.3587332750e+07 4.5695408066e-18 1.6013920877e-18 -4.3848778076e+03 -8.7844142534e+02 -4.6638864602e+09 -9.9821636681e+06 2.0967614322e+06 4.7661580979e+02 0.0000000000e+00 -0.0000000000e+00
1.5389693501e+05 1.5090226334e-13 2.1086346358e-14 2.7404563536e+07 2.3147940873e+07 4.7236323066e-18 1.7279932856e-18 -4.4931406827e+03 -9.6738993755e+02 -4.6638861654e+09 -9.9821636681e+06 2.0967614322e+06 4.4751117572e+02 0.0000000000e+00 -0.0000000000e+00
1.5434444619e+05 1.5305077416e-13 2.1889457140e-14 2.5369500425e+07 2.2694075765e+07 4.8805094565e-18 1.8643666647e-18 -4.6033607226e+03 -1.0632042694e+03 -4.6638858456e+09 -9.9821636681e+06 2.0967614322e+06 4.1995201219e+02 0.0000000000e+00 -0.0000000000e+00
1.5476439820e+05 1.5513338391e-13 2.2702535190e-14 2.3413103353e+07 2.2226409538e+07 5.0399019368e-18 2.0112555523e-18 -4.7153480040e+03 -1.1664066736e+03 -4.6638854998e+09 -9.9821636681e+06 2.0967614322e+06 3.9392825481e+02 0.0000000000e+00 -0.0000000000e+00
1.5515832645e+05 1.5715016419e-13 2.3525269171e-14 2.1533518862e+07 2.1745539683e+07 5.2014892725e-18 2.1694693960e-18 -4.8288773651e+03 -1.2775658589e+03 -4.6638851272e+09 -9.9821636681e+06 2.0967614322e+06 3.6941770579e+02 0.0000000000e+00 -0.0000000000e+00
1.5552774416e+05 1.5910149525e-13 2.4357460357e-14 1.9728702735e+07 2.1251979099e+07 5.3648911888e-18 2.3398914026e-18 -4.9436816291e+03 -1.3973023558e+03 -4.6638847270e+09 -9.9821636681e+06 2.0967614322e+06 3.4638901681e+02 0.0000000000e+00 -0.0000000000e+00
1.5587413317e+05 1.6098803272e-13 2.5199034668e-14 1.7996454075e+07 2.0746145375e+07 5.5296560893e-18 2.5234875159e-18 -5.0594435098e+03 -1.5262948251e+03 -4.6638842985e+09 -9.9821636681e+06 2.0967614322e+06 3.2480423746e+02 0.0000000000e+00 -0.0000000000e+00
1.5619893741e+05 1.6281067842e-13 2.6050057428e-14 1.6334443583e+07 2.0228348796e+07 5.6952471400e-18 2.7213170598e-18 -5.1757858339e+03 -1.6652875351e+03 -4.6638838415e+09 -9.9821636681e+06 2.0967614322e+06 3.0462102379e+02 0.0000000000e+00 -0.0000000000e+00
1.5650355844e+05 1.6457055511e-13 2.6910751692e-14 1.4740236461e+07 1.9698778380e+07 5.8610252707e-18 2.9345454811e-18 -5.2922595982e+03 -1.8150993154e+03 -4.6638833558e+09 -9.9821636681e+06 2.0967614322e+06 2.8579458453e+02 0.0000000000e+00 -0.0000000000e+00
1.5678935302e+05 1.6626898521e-13 2.7781521324e-14 1.3211310242e+07 1.9157485065e+07 6.0262281643e-18 3.1644597722e-18 -5.4083292077e+03 -1.9766343915e+03 -4.6638828419e+09 -9.9821636681e+06 2.0967614322e+06 2.6827944928e+02 0.0000000000e+00 -0.0000000000e+00
1.5705763247e+05 1.6790747359e-13 2.8662980439e-14 1.1745067654e+07 1.8604360850e+07 6.1899439567e-18 3.4124873623e-18 -5.5233539974e+03 -2.1508956583e+03 -4.6638823007e+09 -9.9821636681e+06 2.0967614322e+06 2.5203114379e+02 0.0000000000e+00 -0.0000000000e+00
1.5730966361e+05 1.6948769487e-13 2.9555991509e-14 1.0338844407e+07 1.8039112270e+07 6.3510778540e-18 3.6802195653e-18 -5.6365647779e+03 -2.3390011543e+03 -4.6638817339e+09 -9.9821636681e+06 2.0967614322e+06 2.3700787080e+02 0.0000000000e+00 -0.0000000000e+00
1.5754667148e+05 1.7101148559e-13 3.0461715381e-14 8.9899115222e+06 1.7461225916e+07 6.5083091043e-18 3.9694411060e-18 -5.7470336046e+03 -2.5422048062e+03 -4.6638811443e+09 -9.9821636681e+06 2.0967614322e+06 2.2317231955e+02 0.0000000000e+00 -0.0000000000e+00
1.5776984380e+05 1.7248084216e-13 3.1381677965e-14 7.6954715183e+06 1.6869922689e+07 6.6600345726e-18 4.2821678766e-18 -5.8536341336e+03 -2.7619229561e+03 -4.6638805359e+09 -9.9821636681e+06 2.0967614322e+06 2.1049376816e+02 0.0000000000e+00 -0.0000000000e+00
1.5798033757e+05 1.7389792565e-13 3.2317860589e-14 6.4526472964e+06 1.6264095934e+07 6.8042932996e-18 4.6206960181e-18 -5.9549886180e+03 -2.9997688456e+03 -4.6638799146e+09 -9.9821636681e+06 2.0967614322e+06 1.9895071144e+02 0.0000000000e+00 -0.0000000000e+00
1.5817928828e+05 1.7526507511e-13 3.3272824609e-14 5.2584619897e+06 1.5642226175e+07 6.9386634018e-18 4.9876668101e-18 -6.0493954710e+03 -3.2575982068e+03 -4.6638792891e+09 -9.9821636681e+06 2.0967614322e+06 1.8853434465e+02 0.0000000000e+00 -0.0000000000e+00
1.5836782263e+05 1.7658483123e-13 3.4249886391e-14 4.1098073726e+06 1.5002261302e+07 7.0601176374e-18 5.3861538802e-18 -6.1347277880e+03 -3.5375705342e+03 -4.6638786710e+09 -9.9821636681e+06 2.0967614322e+06 1.7925337203e+02 0.0000000000e+00 -0.0000000000e+00
1.5854707600e+05 1.7785997259e-13 3.5253367654e-14 3.0033978779e+06 1.4341445003e+07 7.1648153499e-18 5.8197820403e-18 -6.2082871692e+03 -3.8422325779e+03 -4.6638780766e+09 -9.9821636681e+06 2.0967614322e+06 1.7054569361e+02 0.0000000000e+00 -0.0000000000e+00
1.5869020220e+05 1.7889068824e-13 3.6113817325e-14 2.1111457583e+06 1.3772209245e+07 7.2357248979e-18 6.2110776410e-18 -6.2581073833e+03 -4.1171522635e+03 -4.6638778509e+09 -9.9821636681e+06 2.0967614322e+06 1.4646475798e+02 0.0000000000e+00 -0.0000000000e+00
1.5881199474e+05 1.7977495674e-13 3.6892402380e-14 1.3468393452e+06 1.3255228063e+07 7.2827456797e-18 6.5802575208e-18 -6.2911436314e+03 -4.3765337037e+03 -4.6638777416e+09 -9.9821636681e+06 2.0967614322e+06 1.2547628582e+02 0.0000000000e+00 -0.0000000000e+00
1.5891126607e+05 1.8049931720e-13 3.7561719760e-14 7.2133070904e+05 1.2809461582e+07 7.3086644645e-18 6.9086759477e-18 -6.3093538647e+03 -4.6072766267e+03 -4.6638777010e+09 -9.9821636681e+06 2.0967614322e+06 1.0514575301e+02 0.0000000000e+00 -0.0000000000e+00
1.5897186622e+05 1.8094252253e-13 3.7986808093e-14 3.3877272424e+05 1.2525748233e+07 7.3175675876e-18 7.1223322064e-18 -6.3156090943e+03 -4.7573890005e+03 -4.6638776974e+09 -9.9821636681e+06 2.0967614322e+06 8.7200120352e+01 0.0000000000e+00 -0.0000000000e+00
1.5904888763e+05 1.8150628540e-13 3.8546316461e-14 -1.4777222879e+05 1.2151643707e+07 7.3197022613e-18 7.4092564670e-18 -6.3171088909e+03 -4.9589786104e+03 -4.6638776865e+09 -9.9821636681e+06 2.0967614322e+06 7.1791741140e+01 0.0000000000e+00 -0.0000000000e+00
1.5912067937e+05 1.8203152702e-13 3.9088329305e-14 -6.0111103514e+05 1.1788541290e+07 7.3107453194e-18 7.6930270867e-18 -6.3108158489e+03 -5.1583525093e+03 -4.6638776794e+09 -9.9821636681e+06 2.0967614322e+06 9.2343597772e+01 0.0000000000e+00 -0.0000000000e+00
1.5921302297e+05 1.8270540658e-13 3.9816495679e-14 -1.1830166398e+06 1.1299719279e+07 7.2804520323e-18 8.0824660429e-18 -6.2895321417e+03 -5.4319677384e+03 -4.6638776593e+09 -9.9821636681e+06 2.0967614322e+06 1.0279816778e+02 2.8655270487e-295 -2.0241879562e-287
1.5931582113e+05 1.8345082854e-13 4.0671070991e-14 -1.8274646463e+06 1.0724662746e+07 7.2162293344e-18 8.5498773825e-18 -6.2444100298e+03 -5.7603654466e+03 -4.6638776323e+09 -9.9821636681e+06 2.0967614322e+06 1.0918111735e+02 2.5725027196e-266 -1.8576614128e-258
1.5942500225e+05 1.8423303550e-13 4.1633477860e-14 -2.5052533219e+06 1.0075419562e+07 7.1039300381e-18 9.0866363298e-18 -6.1655098653e+03 -6.1374859682e+03 -4.6638775879e+09 -9.9821636681e+06 2.0967614322e+06 1.1448107294e+02 1.7910468255e-236 -1.3244112824e-228
1.5953948332e+05 1.8503671488e-13 4.2708055094e-14 -3.2043523901e+06 9.3486741806e+06 6.9247607528e-18 9.6937755810e-18 -6.0396276334e+03 -6.5640548632e+03 -4.6638774433e+09 -9.9821636681e+06 2.0967614322e+06 1.2160965528e+02 1.7883957793e-206 -1.3559405324e-198
1.5966109298e+05 1.8586300807e-13 4.3928471617e-14 -3.9277112625e+06 8.5212222934e+06 6.6480147596e-18 1.0384532393e-17 -5.8451891544e+03 -7.0493724731e+03 -4.6638768533e+09 -9.9821636681e+06 2.0967614322e+06 1.3827501029e+02 1.8155186933e-176 -1.4131777500e-168
1.5979936799e+05 1.8675301771e-13 4.5421329926e-14 -4.7154078906e+06 7.5064669858e+06 6.1986802410e-18 1.1214127365e-17 -5.5294920079e+03 -7.6322361402e+03 -4.6638737747e+09 -9.9821636681e+06 2.0967614322e+06 1.2605051742e+02 2.3806673709e-145 -1.9071658289e-137
1.5991030218e+05 1.8741490126e-13 4.6703121981e-14 -5.3107175166e+06 6.6332599710e+06 5.7144223363e-18 1.1895322433e-17 -5.1892581013e+03 -8.1108357808e+03 -4.6638714367e+09 -9.9821636681e+06 2.0967614322e+06 1.1098177347e+02 2.7393086561e-123 -2.2419849224e-115
1.6002128395e+05 1.8801650301e-13 4.8060739975e-14 -5.8637297382e+06 5.7067902824e+06 5.1055155255e-18 1.2566164136e-17 -4.7614473396e+03 -8.5821612694e+03 -4.6638675326e+09 -9.9821636681e+06 2.0967614322e+06 1.0138346159e+02 2.2424294632e-104 -1.8707120289e-96
1.6012266741e+05 1.8850106245e-13 4.9364425104e-14 -6.3232374131e+06 4.8158454990e+06 4.4353002212e-18 1.3143823691e-17 -4.2905619517e+03 -8.9880180763e+03 -4.6638641104e+09 -9.9821636681e+06 2.0967614322e+06 9.4808969860e+01 2.5435085763e-90 -2.1532452617e-82
1.6020696559e+05 1.8884855709e-13 5.0491102272e-14 -6.6663805010e+06 4.0450498661e+06 3.7974028005e-18 1.3578494681e-17 -3.8423827286e+03 -9.2934128003e+03 -4.6638625890e+09 -9.9821636681e+06 2.0967614322e+06 8.5256432481e+01 2.8500411954e-81 -2.4362010712e-73
1.6028204890e+05 1.8911056184e-13 5.1523646231e-14 -6.9386377011e+06 3.3381180138e+06 3.1735458420e-18 1.3916801993e-17 -3.4040681690e+03 -9.5311035377e+03 -4.6638618146e+09 -9.9821636681e+06 2.0967614322e+06 7.5772776240e+01 2.1241208623e-75 -1.8273044833e-67
1.6035782167e+05 1.8932574547e-13 5.2589305326e-14 -7.1788086288e+06 2.6080899337e+06 2.4996222937e-18 1.4200495443e-17 -2.9305774125e+03 -9.7304232178e+03 -4.6638612607e+09 -9.9821636681e+06 2.0967614322e+06 6.9136292449e+01 1.1174714731e-71 -9.6525317725e-64
1.6042695796e+05 1.8947642807e-13 5.3578354316e-14 -7.3658681887e+06 1.9302501390e+06 1.8556363517e-18 1.4401386992e-17 -2.4781204659e+03 -9.8715672567e+03 -4.6638611400e+09 -9.9821636681e+06 2.0967614322e+06 6.4491118936e+01 2.8069255535e-70 -2.4283231210e-62
1.6049144908e+05 1.8957628296e-13 5.4511704996e-14 -7.5117616353e+06 1.2903974599e+06 1.2393439774e-18 1.4534812563e-17 -2.0451206942e+03 -9.9653104937e+03 -4.6638612294e+09 -9.9821636681e+06 2.0967614322e+06 5.9231520475e+01 1.0360783845e-70 -8.9590217196e-63
1.6054385004e+05 1.8962798990e-13 5.5275301185e-14 -7.6096285454e+06 7.6682991338e+05 7.3395065294e-19 1.4603601059e-17 -1.6900372903e+03 -1.0013640481e+04 -4.6638613111e+09 -9.9821636681e+06 2.0967614322e+06 5.3379953325e+01 2.6990178021e-72 -2.3297833915e-64
1.6058627962e+05 1.8965045534e-13 5.5895636741e-14 -7.6752406164e+06 3.4145588546e+05 3.2534049332e-19 1.4633254844e-17 -1.4029525993e+03 -1.0034474882e+04 -4.6638613513e+09 -9.9821636681e+06 2.0967614322e+06 4.5814815840e+01 2.2354277884e-74 -1.9252095428e-66
1.6061591421e+05 1.8965588962e-13 5.6329419981e-14 -7.7138607226e+06 4.3995081312e+04 4.1748956025e-20 1.4640369091e-17 -1.2037045216e+03 -1.0039473268e+04 -4.6638613591e+09 -9.9821636681e+06 2.0967614322e+06 3.0793037235e+01 3.0083947438e-76 -2.5856159288e-68
1.6064670724e+05 1.8965267002e-13 5.6780207121e-14 -7.7477611561e+06 -2.6512670114e+05 -2.5035110302e-19 1.4636205928e-17 -9.9847845657e+02 -1.0036548279e+04 -4.6638613695e+09 -9.9821636681e+06 2.0967614322e+06 4.4687741859e+01 1.5050498164e-78 -1.2903060831e-70
1.6069139499e+05 1.8963212212e-13 5.7433766882e-14 -7.7858044804e+06 -7.1328662541e+05 -6.6783859891e-19 1.4609960495e-17 -7.0515665358e+02 -1.0018108547e+04 -4.6638614428e+09 -9.9821636681e+06 2.0967614322e+06 5.2755658432e+01 1.6106054771e-82 -1.3748870764e-74
1.6074415064e+05 1.8958415695e-13 5.8203074302e-14 -7.8140594956e+06 -1.2407793174e+06 -1.1479854017e-18 1.4549912379e-17 -3.6781115873e+02 -9.9759194462e+03 -4.6638616168e+09 -9.9821636681e+06 2.0967614322e+06 4.8089969998e+01 3.8806998249e-88 -3.2928875312e-80
1.6078044963e+05 1.8953664008e-13 5.8730203715e-14 -7.8233032191e+06 -1.6021800873e+06 -1.4686733423e-18 1.4491643739e-17 -1.4249958444e+02 -9.9349805852e+03 -4.6638616425e+09 -9.9821636681e+06 2.0967614322e+06 4.1459770520e+01 1.4505444017e-92 -1.2250720862e-84
1.6082190940e+05 1.8946834234e-13 5.9329378198e-14 -7.8240072313e+06 -2.0129258245e+06 -1.8239239773e-18 1.4409621771e-17 1.0709533230e+02 -9.8773529155e+03 -4.6638616900e+09 -9.9821636681e+06 2.0967614322e+06 4.0786318839e+01 3.7091776945e-98 -3.1143158983e-90
1.6086269572e+05 1.8938703583e-13 5.9915196150e-14 -7.8147805527e+06 -2.4144535454e+06 -2.1608777180e-18 1.4314283145e-17 3.4383506635e+02 -9.8103691185e+03 -4.6638617300e+09 -9.9821636681e+06 2.0967614322e+06 5.3900643238e+01 3.4332933520e-104 -2.8647172302e-96
1.6091659636e+05 1.8925900602e-13 6.0682913117e-14 -7.7881277373e+06 -2.9405463619e+06 -2.5857203754e-18 1.4168603397e-17 6.4232451928e+02 -9.7080162419e+03 -4.6638618726e+09 -9.9821636681e+06 2.0967614322e+06 6.4766280826e+01 6.2778420601e-113 -5.1916850755e-105
1.6098136264e+05 1.8907586280e-13 6.1594213916e-14 -7.7355131790e+06 -3.5648391770e+06 -3.0637835797e-18 1.3968492390e-17 9.7820610234e+02 -9.5674206022e+03 -4.6638621640e+09 -9.9821636681e+06 2.0967614322e+06 7.6145589783e+01 1.6952106850e-124 -1.3857844631e-116
1.6105750823e+05 1.8882262120e-13 6.2648011632e-14 -7.6470118739e+06 -4.2864416270e+06 -3.5793116982e-18 1.3705735708e-17 1.3404100933e+03 -9.3828108487e+03 -4.6638626501e+09 -9.9821636681e+06 2.0967614322e+06 8.8737262111e+01 1.8832117288e-139 -1.5171833042e-131
1.6114624549e+05 1.8848065165e-13 6.3849628565e-14 -7.5109586655e+06 -5.1087940338e+06 -4.1169864032e-18 1.3373044968e-17 1.7181740155e+03 -9.1490662493e+03 -4.6638633430e+09 -9.9821636681e+06 2.0967614322e+06 1.0132153736e+02 1.6634366010e-158 -1.3162195736e-150
1.6124756703e+05 1.8803574317e-13 6.5184446874e-14 -7.3173603993e+06 -6.0216278982e+06 -4.6514913999e-18 1.2972642107e-17 2.0937109379e+03 -8.8677479092e+03 -4.6638641264e+09 -9.9821636681e+06 2.0967614322e+06 1.1028861313e+02 4.3388393268e-182 -3.3603566322e-174
1.6135785564e+05 1.8749472139e-13 6.6590655968e-14 -7.0667647461e+06 -6.9824081101e+06 -5.1450218084e-18 1.2527424354e-17 2.4404595966e+03 -8.5549431540e+03 -4.6638647444e+09 -9.9821636681e+06 2.0967614322e+06 1.1434561545e+02 1.3767889371e-209 -1.0410995547e-201
1.6147220126e+05 1.8688128747e-13 6.7996819860e-14 -6.7700575964e+06 -7.9421557911e+06 -5.5709219059e-18 1.2069012881e-17 2.7396919946e+03 -8.2328686459e+03 -4.6638651081e+09 -9.9821636681e+06 2.0967614322e+06 1.1666093023e+02 1.0461095496e-239 -7.7153088287e-232
1.6158886219e+05 1.8620983759e-13 6.9378128785e-14 -6.4353081626e+06 -8.8838695276e+06 -5.9282889885e-18 1.1614585226e-17 2.9907739025e+03 -7.9135931219e+03 -4.6638653265e+09 -9.9821636681e+06 2.0967614322e+06 1.1968368980e+02 9.4188673691e-272 -6.7730168952e-264
1.6170854588e+05 1.8548182186e-13 7.0741300020e-14 -6.0643660737e+06 -9.8120942882e+06 -6.2269267712e-18 1.1168796975e-17 3.2005932952e+03 -7.6003875416e+03 -4.6638654985e+09 -9.9821636681e+06 2.0967614322e+06 1.2403966288e+02 1.1107959835e-305 -7.7864342090e-298
1.6183258554e+05 1.8469339347e-13 7.2099324920e-14 -5.6560942989e+06 -1.0735628774e+07 -6.4763840026e-18 1.0732344140e-17 3.3758590112e+03 -7.2937409145e+03 -4.6638656760e+09 -9.9821636681e+06 2.0967614322e+06 1.2976583600e+02 0.0000000000e+00 -0.0000000000e+00
1.6196235138e+05 1.8383897834e-13 7.3463973517e-14 -5.2081856712e+06 -1.1662404470e+07 -6.6840178495e-18 1.0305186643e-17 3.5217401093e+03 -6.9936250824e+03 -4.6638658847e+09 -9.9821636681e+06 2.0967614322e+06 1.3684132196e+02 0.0000000000e+00 -0.0000000000e+00
1.6209919270e+05 1.8291210497e-13 7.4845177349e-14 -4.7176779829e+06 -1.2599066315e+07 -6.8554046709e-18 9.8872274537e-18 3.6421544737e+03 -6.6999718731e+03 -4.6638661386e+09 -9.9821636681e+06 2.0967614322e+06 1.4479901366e+02 0.0000000000e+00 -0.0000000000e+00
1.6224399171e+05 1.8190891537e-13 7.6246917467e-14 -4.1828967094e+06 -1.3548193726e+07 -6.9944688424e-18 9.4797307223e-18 3.7398593246e+03 -6.4136694637e+03 -4.6638664408e+09 -9.9821636681e+06 2.0967614322e+06 1.4849266759e+02 0.0000000000e+00 -0.0000000000e+00
1.6239248438e+05 1.8086194801e-13 7.7625712909e-14 -3.6216954185e+06 -1.4480289336e+07 -7.1014927448e-18 9.0964134949e-18 3.8150530593e+03 -6.1443552894e+03 -4.6638667353e+09 -9.9821636681e+06 2.0967614322e+06 1.5239367648e+02 0.0000000000e+00 -0.0000000000e+00
1.6254487806e+05 1.7977325959e-13 7.8984100648e-14 -3.0357626404e+06 -1.5397084441e+07 -7.1819792511e-18 8.7362776367e-18 3.8716019317e+03 -5.8913280722e+03 -4.6638670145e+09 -9.9821636681e+06 2.0967614322e+06 1.5587222013e+02 0.0000000000e+00 -0.0000000000e+00
1.6270075028e+05 1.7864896749e-13 8.0319194291e-14 -2.4289002408e+06 -1.6296655309e+07 -7.2402691204e-18 8.3993548361e-18 3.9125557081e+03 -5.6546100763e+03 -4.6638672684e+09 -9.9821636681e+06 2.0967614322e+06 1.5827352274e+02 0.0000000000e+00 -0.0000000000e+00
1.6285902380e+05 1.7749964961e-13 8.1623454335e-14 -1.8072750464e+06 -1.7173970504e+07 -7.2800454222e-18 8.0863482105e-18 3.9405020698e+03 -5.4346953037e+03 -4.6638674874e+09 -9.9821636681e+06 2.0967614322e+06 1.5855672191e+02 0.0000000000e+00 -0.0000000000e+00
1.6301758052e+05 1.7634322642e-13 8.2882490846e-14 -1.1809903239e+06 -1.8019442319e+07 -7.3045728399e-18 7.7989845264e-18 3.9577347449e+03 -5.2327969600e+03 -4.6638676623e+09 -9.9821636681e+06 2.0967614322e+06 1.5475925511e+02 0.0000000000e+00 -0.0000000000e+00
1.6317233978e+05 1.7521169063e-13 8.4069224627e-14 -5.6773155727e+05 -1.8815051837e+07 -7.3169140618e-18 7.5410274064e-18 3.9664055422e+03 -5.0515593222e+03 -4.6638677850e+09 -9.9821636681e+06 2.0967614322e+06 1.4184945272e+02 0.0000000000e+00 -0.0000000000e+00
1.6323025106e+05 1.7478788966e-13 8.4503278242e-14 -3.3798338001e+05 -1.9105727371e+07 -7.3190991563e-18 7.4497204837e-18 3.9679407639e+03 -4.9874081525e+03 -4.6638677858e+09 -9.9821636681e+06 2.0967614322e+06 1.3347562450e+02 0.0000000000e+00 -0.0000000000e+00
1.6336372669e+05 1.7381085322e-13 8.5484104175e-14 1.9172086724e+05 -1.9761918657e+07 -7.3198998285e-18 7.2492302303e-18 3.9685033068e+03 -4.8465460592e+03 -4.6638678290e+09 -9.9821636681e+06 2.0967614322e+06 1.2312128694e+02 0.0000000000e+00 -0.0000000000e+00
1.6348684797e+05 1.7290980810e-13 8.6365849763e-14 6.8019434629e+05 -2.0351051444e+07 -7.3161589922e-18 7.0757160861e-18 3.9658750392e+03 -4.7246370628e+03 -4.6638678529e+09 -9.9821636681e+06 2.0967614322e+06 1.6621480994e+02 0.0000000000e+00 -0.0000000000e+00
1.6365306278e+05 1.7169455377e-13 8.7523540542e-14 1.3388196913e+06 -2.1123429859e+07 -7.3055852817e-18 6.8572107298e-18 3.9584460746e+03 -4.5711177702e+03 -4.6638679401e+09 -9.9821636681e+06 2.0967614322e+06 2.0011500999e+02 0.0000000000e+00 -0.0000000000e+00
1.6385317779e+05 1.7023442636e-13 8.8871227005e-14 2.1296785317e+06 -2.2020934580e+07 -7.2862490205e-18 6.6155801482e-18 3.9448606450e+03 -4.4013509662e+03 -4.6638681103e+09 -9.9821636681e+06 2.0967614322e+06 2.3384655775e+02 0.0000000000e+00 -0.0000000000e+00
1.6408702435e+05 1.6853387567e-13 9.0387769629e-14 3.0498425429e+06 -2.3028754827e+07 -7.2568804003e-18 6.3591703240e-18 3.9242265979e+03 -4.2212004403e+03 -4.6638683853e+09 -9.9821636681e+06 2.0967614322e+06 2.7030170919e+02 0.0000000000e+00 -0.0000000000e+00
1.6435732606e+05 1.6657764887e-13 9.2069985499e-14 4.1068296662e+06 -2.4143982472e+07 -7.2165894477e-18 6.0927211542e-18 3.8959186487e+03 -4.0339963883e+03 -4.6638687908e+09 -9.9821636681e+06 2.0967614322e+06 3.1038692611e+02 0.0000000000e+00 -0.0000000000e+00
1.6466771299e+05 1.6434561878e-13 9.3917947712e-14 5.3105179747e+06 -2.5365773413e+07 -7.1649070816e-18 5.8202166762e-18 3.8596072263e+03 -3.8425379480e+03 -4.6638693491e+09 -9.9821636681e+06 2.0967614322e+06 3.3105023263e+02 0.0000000000e+00 -0.0000000000e+00
1.6499876322e+05 1.6198333715e-13 9.5801220872e-14 6.5814530652e+06 -2.6607276231e+07 -7.1060799785e-18 5.5625174411e-18 3.8182759957e+03 -3.6614814971e+03 -4.6638698698e+09 -9.9821636681e+06 2.0967614322e+06 3.5455246221e+02 0.0000000000e+00 -0.0000000000e+00
1.6535331568e+05 1.5947535131e-13 9.7729179327e-14 7.9271578579e+06 -2.7874376932e+07 -7.0410504270e-18 5.3178494206e-18 3.7725869979e+03 -3.4895806244e+03 -4.6638703630e+09 -9.9821636681e+06 2.0967614322e+06 3.8004572708e+02 0.0000000000e+00 -0.0000000000e+00
1.6573336141e+05 1.5681278875e-13 9.9705149361e-14 9.3515278534e+06 -2.9168921382e+07 -6.9707643827e-18 5.0854243355e-18 3.7232048500e+03 -3.3262814940e+03 -4.6638708299e+09 -9.9821636681e+06 2.0967614322e+06 4.0772163747e+02 0.0000000000e+00 -0.0000000000e+00
1.6614108305e+05 1.5398593320e-13 1.0173263864e-13 1.0858826353e+07 -3.0492835615e+07 -6.8960324683e-18 4.8644933919e-18 3.6706990862e+03 -3.1710580122e+03 -4.6638712721e+09 -9.9821636681e+06 2.0967614322e+06 4.3774098276e+02 0.0000000000e+00 -0.0000000000e+00
1.6657882403e+05 1.5098451235e-13 1.0381510801e-13 1.2453518488e+07 -3.1847973101e+07 -6.8175588565e-18 4.6543734236e-18 3.6155644498e+03 -3.0234301946e+03 -4.6638716908e+09 -9.9821636681e+06 2.0967614322e+06 4.7028194805e+02 0.0000000000e+00 -0.0000000000e+00
1.6704910598e+05 1.4779764406e-13 1.0595601093e-13 1.4140288611e+07 -3.3236138182e+07 -6.7359575467e-18 4.4544368783e-18 3.5582323295e+03 -2.8829571300e+03 -4.6638720874e+09 -9.9821636681e+06 2.0967614322e+06 5.0553871508e+02 0.0000000000e+00 -0.0000000000e+00
1.6755464469e+05 1.4441379648e-13 1.0815881633e-13 1.5924049500e+07 -3.4659098156e+07 -6.6517658050e-18 4.2641049257e-18 3.4990802023e+03 -2.7492321393e+03 -4.6638724630e+09 -9.9821636681e+06 2.0967614322e+06 5.4372243893e+02 0.0000000000e+00 -0.0000000000e+00
1.6809836713e+05 1.4082074622e-13 1.1042702814e-13 1.7809951829e+07 -3.6118592825e+07 -6.5654551121e-18 4.0828417430e-18 3.4384393248e+03 -2.6218787597e+03 -4.6638728187e+09 -9.9821636681e+06 2.0967614322e+06 5.8506225815e+02 0.0000000000e+00 -0.0000000000e+00
1.6868342939e+05 1.3700553494e-13 1.1276420192e-13 1.9803393538e+07 -3.7616341749e+07 -6.4774401852e-18 3.9101497659e-18 3.3766010727e+03 -2.5005474082e+03 -4.6638731557e+09 -9.9821636681e+06 2.0967614322e+06 6.2980643060e+02 0.0000000000e+00 -0.0000000000e+00
1.6931323582e+05 1.3295442431e-13 1.1517395926e-13 2.1910029044e+07 -3.9154049629e+07 -6.3880864827e-18 3.7455656979e-18 3.3138222126e+03 -2.3849125783e+03 -4.6638734748e+09 -9.9821636681e+06 2.0967614322e+06 6.7822359016e+02 0.0000000000e+00 -0.0000000000e+00
1.6999145941e+05 1.2865284903e-13 1.1766000034e-13 2.4135778302e+07 -4.0733410129e+07 -6.2977164984e-18 3.5886571234e-18 3.2503293248e+03 -2.2746704599e+03 -4.6638737771e+09 -9.9821636681e+06 2.0967614322e+06 7.3060410160e+02 0.0000000000e+00 -0.0000000000e+00
1.7072206351e+05 1.2408536802e-13 1.2022611507e-13 2.6486835582e+07 -4.2356108330e+07 -6.2066150821e-18 3.4390196089e-18 3.1863225414e+03 -2.1695369026e+03 -4.6638740634e+09 -9.9821636681e+06 2.0967614322e+06 7.8726154167e+02 0.0000000000e+00 -0.0000000000e+00
1.7150932505e+05 1.1923561352e-13 1.2287619308e-13 2.8969677972e+07 -4.4023822006e+07 -6.1150339667e-18 3.2962741967e-18 3.1219787272e+03 -2.0692456553e+03 -4.6638743346e+09 -9.9821636681e+06 2.0967614322e+06 8.4853426688e+02 0.0000000000e+00 -0.0000000000e+00
1.7235785932e+05 1.1408623822e-13 1.2561423261e-13 3.1591073430e+07 -4.5738221786e+07 -6.0231956467e-18 3.1600652256e-18 3.0574542040e+03 -1.9735468347e+03 -4.6638745914e+09 -9.9821636681e+06 2.0967614322e+06 9.1478709754e+02 0.0000000000e+00 -0.0000000000e+00
1.7280000000e+05 1.1143321136e-13 1.2699695434e-13 3.2935821164e+07 -4.6600639508e+07 -5.9779103541e-18 3.0952515824e-18 3.0256372902e+03 -1.9280095315e+03 -4.6638745986e+09 -9.9821636681e+06 2.0967614322e+06 9.7105058154e+02 0.0000000000e+00 -0.0000000000e+00
1.7280000000e+05 1.1143321136e-13 1.2699695434e-13 3.2935821164e+07 -4.6600639508e+07 -5.9779103541e-18 3.0952515824e-18 3.0256372902e+03 -1.9280095315e+03 -4.6638745986e+09 -9.9821636681e+06 2.0967614322e+06 9.7105058154e+02 0.0000000000e+00 -0.0000000000e+00
