0.0000000000e+00 0.0000000000e+00 0.0000000000e+00 3.1415900000e+08 0.0000000000e+00 0.0000000000e+00 0.0000000000e+00 -1.1958567800e+03 9.9632137050e+01 -4.6638893002e+09 -1.0164782630e+07 8.4687316492e+05 1.0000000000e+01 0.0000000000e+00 -0.0000000000e+00
1.0000000000e+01 2.8740025025e-22 3.0382926556e-28 3.1414704123e+08 9.9632137029e+02 5.7480779418e-23 9.1150514566e-29 -1.1958971653e+03 9.9632136986e+01 -4.6638893002e+09 -1.0164782630e+07 8.4687316493e+05 5.0000000000e+01 0.0000000000e+00 -0.0000000000e+00
6.0000000000e+01 1.0347722113e-20 6.5645863317e-26 3.1408724132e+08 5.9779281769e+03 3.4495033737e-22 3.2826681092e-27 -1.1960991380e+03 9.9632134744e+01 -4.6638893002e+09 -1.0164782630e+07 8.4687316492e+05 2.5000000000e+02 0.0000000000e+00 -0.0000000000e+00
3.1000000000e+02 2.7640215026e-19 9.0669082824e-24 3.1378809020e+08 3.0885956115e+04 1.7839421561e-21 8.7796128554e-26 -1.1971101568e+03 9.9632075365e+01 -4.6638893002e+09 -1.0164782630e+07 8.4687316492e+05 1.2500000000e+03 0.0000000000e+00 -0.0000000000e+00
1.5600000000e+03 7.0218431971e-18 1.1637580505e-21 3.1228852996e+08 1.5542531616e+05 9.0203180086e-21 2.2446961043e-24 -1.2021943493e+03 9.9630559953e+01 -4.6638893002e+09 -1.0164782630e+07 8.4687316492e+05 3.6000000000e+03 0.0000000000e+00 -0.0000000000e+00
5.1600000000e+03 7.7541591305e-17 4.3005511886e-20 3.0793389921e+08 5.1407161201e+05 3.0256709256e-20 2.5255590361e-23 -1.2171147880e+03 9.9614392769e+01 -4.6638893001e+09 -1.0164782630e+07 8.4687316492e+05 3.6000000000e+03 0.0000000000e+00 -0.0000000000e+00
8.7600000000e+03 2.2560564672e-16 2.1495711561e-19 3.0352478673e+08 8.7262649422e+05 5.2106105414e-20 7.4901749221e-23 -1.2324659167e+03 9.9579511962e+01 -4.6638893000e+09 -1.0164782630e+07 8.4687316492e+05 3.6000000000e+03 0.0000000000e+00 -0.0000000000e+00
1.2360000000e+04 4.5348313807e-16 6.1708396967e-19 2.9905959828e+08 1.2310196580e+06 7.4603592262e-20 1.5354481409e-22 -1.2482723862e+03 9.9524258270e+01 -4.6638892998e+09 -1.0164782630e+07 8.4687316492e+05 3.6000000000e+03 0.0000000000e+00 -0.0000000000e+00
1.5960000000e+04 7.6357474700e-16 1.3584071666e-18 2.9453664716e+08 1.5891745064e+06 9.7787221395e-20 2.6380389600e-22 -1.2645609313e+03 9.9446791536e+01 -4.6638892997e+09 -1.0164782630e+07 8.4687316492e+05 3.6000000000e+03 0.0000000000e+00 -0.0000000000e+00
1.9560000000e+04 1.1584239767e-15 2.5578913715e-18 2.8995414633e+08 1.9470074563e+06 1.2169834632e-19 4.0859032732e-22 -1.2813606064e+03 9.9345066293e+01 -4.6638892995e+09 -1.0164782630e+07 8.4687316492e+05 3.6000000000e+03 0.0000000000e+00 -0.0000000000e+00
2.3160000000e+04 1.6407297148e-15 4.3455677667e-18 2.8531019958e+08 2.3044271493e+06 1.4638200678e-19 5.9114811307e-22 -1.2987030558e+03 9.9216803340e+01 -4.6638892993e+09 -1.0164782630e+07 8.4687316492e+05 3.6000000000e+03 0.0000000000e+00 -0.0000000000e+00
2.6760000000e+04 2.2133602796e-15 6.8638145147e-18 2.8060279167e+08 2.6613335521e+06 1.7188736988e-19 8.1510119496e-22 -1.3166228239e+03 9.9059456540e+01 -4.6638892991e+09 -1.0164782630e+07 8.4687316492e+05 3.6000000000e+03 0.0000000000e+00 -0.0000000000e+00
3.0360000000e+04 2.8793691709e-15 1.0268821644e-17 2.7582977725e+08 3.0176169276e+06 1.9826823802e-19 1.0845088967e-21 -1.3351577115e+03 9.8870173858e+01 -4.6638892988e+09 -1.0164782630e+07 8.4687316492e+05 3.6000000000e+03 0.0000000000e+00 -0.0000000000e+00
3.3960000000e+04 3.6420127888e-15 1.4732272745e-17 2.7098886841e+08 3.3731566527e+06 2.2558363642e-19 1.4039312411e-21 -1.3543491890e+03 9.8645751477e+01 -4.6638892984e+09 -1.0164782630e+07 8.4687316492e+05 3.6000000000e+03 0.0000000000e+00 -0.0000000000e+00
3.7560000000e+04 4.5047704323e-15 2.0443282650e-17 2.6607762063e+08 3.7278198577e+06 2.5389849506e-19 1.7785062395e-21 -1.3742428756e+03 9.8382579490e+01 -4.6638892981e+09 -1.0164782630e+07 8.4687316492e+05 3.6000000000e+03 0.0000000000e+00 -0.0000000000e+00
4.1160000000e+04 5.4713669507e-15 2.7610638763e-17 2.6109341688e+08 4.0814598510e+06 2.8328444408e-19 2.2140417800e-21 -1.3948890976e+03 9.8076577343e+01 -4.6638892976e+09 -1.0164782630e+07 8.4687316492e+05 3.6000000000e+03 0.0000000000e+00 -0.0000000000e+00
4.4760000000e+04 6.5457984966e-15 3.6465404292e-17 2.5603344951e+08 4.4339142903e+06 3.1382074537e-19 2.7171254184e-21 -1.4163435437e+03 9.7723116697e+01 -4.6638892970e+09 -1.0164782630e+07 8.4687316492e+05 3.6000000000e+03 0.0000000000e+00 -0.0000000000e+00
4.8360000000e+04 7.7323619202e-15 4.7263955083e-17 2.5089469960e+08 4.7850030489e+06 3.4559538950e-19 3.2952562572e-21 -1.4386680348e+03 9.7316928771e+01 -4.6638892963e+09 -1.0164782630e+07 8.4687316492e+05 3.6000000000e+03 0.0000000000e+00 -0.0000000000e+00
5.1960000000e+04 9.0356884615e-15 6.0291538772e-17 2.4567391330e+08 5.1345257153e+06 3.7870639351e-19 3.9570042518e-21 -1.4619314367e+03 9.6851992416e+01 -4.6638892955e+09 -1.0164782630e+07 8.4687316492e+05 3.6000000000e+03 0.0000000000e+00 -0.0000000000e+00
5.5560000000e+04 1.0460782544e-14 7.5866466842e-17 2.4036757456e+08 5.4822586474e+06 4.1326334541e-19 4.7122038082e-21 -1.4862107446e+03 9.6321398092e+01 -4.6638892945e+09 -1.0164782630e+07 8.4687316492e+05 3.6000000000e+03 0.0000000000e+00 -0.0000000000e+00
5.9160000000e+04 1.2013066658e-14 9.4345078328e-17 2.3497187359e+08 5.8279514858e+06 4.4938925278e-19 5.5721905699e-21 -1.5115923821e+03 9.5717181511e+01 -4.6638892933e+09 -1.0164782630e+07 8.4687316492e+05 3.6000000000e+03 0.0000000000e+00 -0.0000000000e+00
6.2760000000e+04 1.3698433549e-14 1.1612765066e-16 2.2948267023e+08 6.1713230001e+06 4.8722276966e-19 6.5500930242e-21 -1.5381737659e+03 9.5030118751e+01 -4.6638892918e+09 -1.0164782630e+07 8.4687316492e+05 3.6000000000e+03 0.0000000000e+00 -0.0000000000e+00
6.6360000000e+04 1.5523307252e-14 1.4166548128e-16 2.2389545103e+08 6.5120561141e+06 5.2692089731e-19 7.6611942818e-21 -1.5660652034e+03 9.4249472079e+01 -4.6638892899e+09 -1.0164782630e+07 8.4687316492e+05 3.6000000000e+03 0.0000000000e+00 -0.0000000000e+00
6.9960000000e+04 1.7494714875e-14 1.7146942782e-16 2.1820527882e+08 6.8497919053e+06 5.6866228379e-19 8.9233844896e-21 -1.5953922104e+03 9.3362672089e+01 -4.6638892875e+09 -1.0164782630e+07 8.4687316493e+05 3.6000000000e+03 0.0000000000e+00 -0.0000000000e+00
7.3560000000e+04 1.9620371585e-14 2.0612028002e-16 2.1240673302e+08 7.1841223176e+06 6.1265128702e-19 1.0357731451e-20 -1.6262983666e+03 9.2354916788e+01 -4.6638892845e+09 -1.0164782630e+07 8.4687316493e+05 3.6000000000e+03 0.0000000000e+00 -0.0000000000e+00
7.7160000000e+04 2.1908781911e-14 2.4628145328e-16 2.0649383844e+08 7.5145812431e+06 6.5912302086e-19 1.1989207042e-20 -1.6589488601e+03 9.1208661232e+01 -4.6638892806e+09 -1.0164782630e+07 8.4687316493e+05 3.6000000000e+03 0.0000000000e+00 -0.0000000000e+00
8.0760000000e+04 2.4369361414e-14 2.9271465289e-16 2.0045997982e+08 7.8406335167e+06 7.0834968057e-19 1.3847621311e-20 -1.6935349320e+03 8.9902961230e+01 -4.6638892755e+09 -1.0164782630e+07 8.4687316493e+05 3.6000000000e+03 0.0000000000e+00 -0.0000000000e+00
8.4360000000e+04 2.7012584019e-14 3.4629937978e-16 1.9429779830e+08 8.1616612114e+06 7.6064855234e-19 1.5968836899e-20 -1.7302795041e+03 8.8412620113e+01 -4.6638892689e+09 -1.0164782630e+07 8.4687316493e+05 3.6000000000e+03 0.0000000000e+00 -0.0000000000e+00
8.7960000000e+04 2.9850162020e-14 4.0805746177e-16 1.8799906497e+08 8.4769464030e+06 8.1639226807e-19 1.8396366945e-20 -1.7694443829e+03 8.6707066062e+01 -4.6638892600e+09 -1.0164782630e+07 8.4687316493e+05 3.6000000000e+03 0.0000000000e+00 -0.0000000000e+00
9.1560000000e+04 3.2895268193e-14 4.7918424217e-16 1.8155452479e+08 8.7856492572e+06 8.7602209520e-19 2.1183505510e-20 -1.8113395979e+03 8.4748855296e+01 -4.6638892479e+09 -1.0164782630e+07 8.4687316493e+05 3.6000000000e+03 0.0000000000e+00 -0.0000000000e+00
9.5160000000e+04 3.6162812841e-14 5.6108871141e-16 1.7495370196e+08 9.0867798341e+06 9.4006539227e-19 2.4396209608e-20 -1.8563356650e+03 8.2491647194e+01 -4.6638892312e+09 -1.0164782630e+07 8.4687316493e+05 3.6000000000e+03 0.0000000000e+00 -0.0000000000e+00
9.8760000000e+04 3.9669793547e-14 6.5544583810e-16 1.6818465416e+08 9.3791613203e+06 1.0091588794e-18 2.8117061541e-20 -1.9048799362e+03 7.9877420400e+01 -4.6638892077e+09 -1.0164782630e+07 8.4687316493e+05 3.6000000000e+03 0.0000000000e+00 -0.0000000000e+00
1.0236000000e+05 4.3435742699e-14 7.6426582998e-16 1.6123365819e+08 9.6613813677e+06 1.0840801805e-18 3.2450815620e-20 -1.9575187610e+03 7.6832575770e+01 -4.6638891740e+09 -1.0164782630e+07 8.4687316493e+05 3.6000000000e+03 0.0000000000e+00 -0.0000000000e+00
1.0596000000e+05 4.7483308810e-14 8.8998734454e-16 1.5408480145e+08 9.9317266040e+06 1.1657913817e-18 3.7532321783e-20 -2.0149280896e+03 7.3262369322e+01 -4.6638891242e+09 -1.0164782630e+07 8.4687316493e+05 3.6000000000e+03 0.0000000000e+00 -0.0000000000e+00
1.0956000000e+05 5.1839024639e-14 1.0356053234e-15 1.4671944234e+08 1.0188092819e+07 1.2555004680e-18 4.3538107464e-20 -2.0779566382e+03 6.9042774959e+01 -4.6638890486e+09 -1.0164782630e+07 8.4687316493e+05 3.4619778550e+03 0.0000000000e+00 -0.0000000000e+00
1.1267392421e+05 5.5879247981e-14 1.1804595230e-15 1.4015702157e+08 1.0396566886e+07 1.3407250484e-18 4.9657934694e-20 -2.1378344257e+03 6.4743056345e+01 -4.6638889930e+09 -1.0164782630e+07 8.4687316493e+05 3.1339431781e+03 0.0000000000e+00 -0.0000000000e+00
1.1580786739e+05 6.0226287846e-14 1.3471134450e-15 1.3335509531e+08 1.0591719257e+07 1.4349854502e-18 5.6897222397e-20 -2.2040606751e+03 5.9656817973e+01 -4.6638889057e+09 -1.0164782630e+07 8.4687316493e+05 2.8267743577e+03 0.0000000000e+00 -0.0000000000e+00
1.1834553743e+05 6.3972475057e-14 1.4999745383e-15 1.2768837832e+08 1.0737154341e+07 1.5186719813e-18 6.3739131476e-20 -2.2628578473e+03 5.4849773147e+01 -4.6638888600e+09 -1.0164782630e+07 8.4687316493e+05 2.5547860552e+03 0.0000000000e+00 -0.0000000000e+00
1.2090032349e+05 6.7968198015e-14 1.6727521422e-15 1.2182587215e+08 1.0870301624e+07 1.6107800434e-18 7.1721022455e-20 -2.3275718882e+03 4.9241790450e+01 -4.6638887899e+09 -1.0164782630e+07 8.4687316493e+05 2.3051423849e+03 0.0000000000e+00 -0.0000000000e+00
1.2296895468e+05 7.1383298305e-14 1.8286463801e-15 1.1695267623e+08 1.0966874313e+07 1.6921069879e-18 7.9162403360e-20 -2.3847112426e+03 4.4013563771e+01 -4.6638887542e+09 -1.0164782630e+07 8.4687316493e+05 2.0834819289e+03 0.0000000000e+00 -0.0000000000e+00
1.2505243661e+05 7.5000191261e-14 2.0023029495e-15 1.1191994380e+08 1.1052447007e+07 1.7811469054e-18 8.7733558111e-20 -2.4472696410e+03 3.7991571281e+01 -4.6638887006e+09 -1.0164782630e+07 8.4687316493e+05 1.8763592490e+03 0.0000000000e+00 -0.0000000000e+00
1.2673018823e+05 7.8052894040e-14 2.1559486727e-15 1.0776880010e+08 1.1111655308e+07 1.8588553820e-18 9.5576621349e-20 -2.5018667025e+03 3.2481127321e+01 -4.6638886748e+09 -1.0164782630e+07 8.4687316493e+05 1.6916713208e+03 0.0000000000e+00 -0.0000000000e+00
1.2824385849e+05 8.0922972132e-14 2.3065126951e-15 1.0394218414e+08 1.1156681001e+07 1.9342469940e-18 1.0350936230e-19 -2.5548359621e+03 2.6907676856e+01 -4.6638886536e+09 -1.0164782630e+07 8.4687316493e+05 1.5272010383e+03 0.0000000000e+00 -0.0000000000e+00
1.2960159069e+05 8.3597804227e-14 2.4523373737e-15 1.0043922533e+08 1.1189500058e+07 2.0067119450e-18 1.1143486250e-19 -2.6057489842e+03 2.1339313656e+01 -4.6638886368e+09 -1.0164782630e+07 8.4687316493e+05 1.3721409682e+03 0.0000000000e+00 -0.0000000000e+00
1.3080816974e+05 8.6060089299e-14 2.5914157182e-15 9.7266357068e+07 1.1211999298e+07 2.0754404082e-18 1.1922440691e-19 -2.6540367939e+03 1.5866471393e+01 -4.6638886245e+09 -1.0164782630e+07 8.4687316493e+05 1.2230780568e+03 0.0000000000e+00 -0.0000000000e+00
1.3186201559e+05 8.8280556394e-14 2.7209348774e-15 9.4446034309e+07 1.1225997575e+07 2.1391980841e-18 1.2668825831e-19 -2.6988321869e+03 1.0622457212e+01 -4.6638886164e+09 -1.0164782630e+07 8.4687316493e+05 1.0752215510e+03 0.0000000000e+00 -0.0000000000e+00
1.3274766359e+05 9.0199967743e-14 2.8361142649e-15 9.2038370303e+07 1.1233312896e+07 2.1957570614e-18 1.3350110452e-19 -2.7385698589e+03 5.8358316164e+00 -4.6638886120e+09 -1.0164782630e+07 8.4687316493e+05 9.2095024268e+02 0.0000000000e+00 -0.0000000000e+00
1.3339130174e+05 9.1626980103e-14 2.9237286289e-15 9.0266069170e+07 1.1235883118e+07 2.2387220161e-18 1.3879707492e-19 -2.7687565306e+03 2.1149451196e+00 -4.6638886110e+09 -1.0164782630e+07 8.4687316493e+05 7.5621919517e+02 0.0000000000e+00 -0.0000000000e+00
1.3414752093e+05 9.3339698485e-14 3.0311680048e-15 8.8158403533e+07 1.1235741211e+07 2.2913705748e-18 1.4542879457e-19 -2.8057467886e+03 -2.5444230860e+00 -4.6638886081e+09 -1.0164782630e+07 8.4687316493e+05 7.4724934589e+02 0.0000000000e+00 -0.0000000000e+00
1.3489477028e+05 9.5072130218e-14 3.1424355709e-15 8.6047614182e+07 1.1232015977e+07 2.3458828023e-18 1.5246036572e-19 -2.8440464383e+03 -7.4847222507e+00 -4.6638886048e+09 -1.0164782630e+07 8.4687316493e+05 8.5323861744e+02 0.0000000000e+00 -0.0000000000e+00
1.3574800889e+05 9.7101430653e-14 3.2761708441e-15 8.3601500385e+07 1.1223065135e+07 2.4114323600e-18 1.6113835541e-19 -2.8901007863e+03 -1.3581775717e+01 -4.6638885967e+09 -1.0164782630e+07 8.4687316493e+05 9.0775807429e+02 0.0000000000e+00 -0.0000000000e+00
1.3665576697e+05 9.9323667706e-14 3.4269540122e-15 8.0954634128e+07 1.1207568531e+07 2.4854402859e-18 1.7122882491e-19 -2.9420978844e+03 -2.0671220874e+01 -4.6638885824e+09 -1.0164782630e+07 8.4687316493e+05 9.3170548669e+02 0.0000000000e+00 -0.0000000000e+00
1.3758747246e+05 1.0167670845e-13 3.5917156152e-15 7.8187229063e+07 1.1184636776e+07 2.5665136911e-18 1.8263952270e-19 -2.9990591051e+03 -2.8688242896e+01 -4.6638885608e+09 -1.0164782630e+07 8.4687316493e+05 9.3608807610e+02 0.0000000000e+00 -0.0000000000e+00
1.3852356053e+05 1.0411957877e-13 3.7685262009e-15 7.5351469844e+07 1.1153676194e+07 2.6538480431e-18 1.9534971282e-19 -3.0604191934e+03 -3.7618272944e+01 -4.6638885308e+09 -1.0164782630e+07 8.4687316493e+05 9.2708362730e+02 0.0000000000e+00 -0.0000000000e+00
1.3945064416e+05 1.0662252784e-13 3.9560138696e-15 7.2484268030e+07 1.1114316887e+07 2.7469380349e-18 2.0937623969e-19 -3.1258231264e+03 -4.7473145704e+01 -4.6638884914e+09 -1.0164782630e+07 8.4687316493e+05 9.0862128744e+02 0.0000000000e+00 -0.0000000000e+00
1.4035926545e+05 1.0916262606e-13 4.1531130113e-15 6.9613043975e+07 1.1066365230e+07 2.8454512042e-18 2.2475914431e-19 -3.1950373202e+03 -5.8280993516e+01 -4.6638884417e+09 -1.0164782630e+07 8.4687316493e+05 8.8341128549e+02 0.0000000000e+00 -0.0000000000e+00
1.4124267673e+05 1.1172152276e-13 4.3589410381e-15 6.6758759885e+07 1.1009769034e+07 2.9491645762e-18 2.4155478015e-19 -3.2679051152e+03 -7.0081409661e+01 -4.6638883805e+09 -1.0164782630e+07 8.4687316493e+05 8.5342243086e+02 0.0000000000e+00 -0.0000000000e+00
1.4209609916e+05 1.1428417290e-13 4.5727318463e-15 6.3937701045e+07 1.0944590428e+07 3.0579293409e-18 2.5983222989e-19 -3.3443219593e+03 -8.2922930818e+01 -4.6638883069e+09 -1.0164782630e+07 8.4687316493e+05 8.2013339670e+02 0.0000000000e+00 -0.0000000000e+00
1.4291623256e+05 1.1683805193e-13 4.7937974898e-15 6.1162613600e+07 1.0870983950e+07 3.1716495551e-18 2.7967136084e-19 -3.4242204439e+03 -9.6861670826e+01 -4.6638882198e+09 -1.0164782630e+07 8.4687316493e+05 7.8467848744e+02 0.0000000000e+00 -0.0000000000e+00
1.4370091105e+05 1.1937263857e-13 5.0215051158e-15 5.8443479755e+07 1.0789178446e+07 3.2902685061e-18 3.0116177368e-19 -3.5075607233e+03 -1.1196058206e+02 -4.6638881182e+09 -1.0164782630e+07 8.4687316493e+05 7.4793896921e+02 0.0000000000e+00 -0.0000000000e+00
1.4444885002e+05 1.2187905482e-13 5.2552626913e-15 5.5788073296e+07 1.0699461881e+07 3.4137595546e-18 3.2440227713e-19 -3.5943240812e+03 -1.2828908636e+02 -4.6638880008e+09 -1.0164782630e+07 8.4687316493e+05 7.1060394643e+02 0.0000000000e+00 -0.0000000000e+00
1.4515945396e+05 1.2434980321e-13 5.4945100316e-15 5.3202374000e+07 1.0602168504e+07 3.5421197388e-18 3.4950069382e-19 -3.6845084365e+03 -1.4592293865e+02 -4.6638878664e+09 -1.0164782630e+07 8.4687316493e+05 6.7321303225e+02 0.0000000000e+00 -0.0000000000e+00
1.4583266699e+05 1.2677856691e-13 5.7387131361e-15 5.0690886831e+07 1.0497667929e+07 3.6753651548e-18 3.7657388820e-19 -3.7781250982e+03 -1.6494424652e+02 -4.6638877139e+09 -1.0164782630e+07 8.4687316493e+05 6.3618749628e+02 0.0000000000e+00 -0.0000000000e+00
1.4646885449e+05 1.2916005216e-13 5.9873606375e-15 4.8256894179e+07 1.0386355840e+07 3.8135275216e-18 4.0574795266e-19 -3.8751963516e+03 -1.8544160099e+02 -4.6638875418e+09 -1.0164782630e+07 8.4687316492e+05 5.9985375307e+02 0.0000000000e+00 -0.0000000000e+00
1.4706870824e+05 1.3148986014e-13 6.2399616183e-15 4.5902659324e+07 1.0268646074e+07 3.9566515572e-18 4.3715851329e-19 -3.9757536153e+03 -2.0751029135e+02 -4.6638873489e+09 -1.0164782630e+07 8.4687316492e+05 5.6446154253e+02 0.0000000000e+00 -0.0000000000e+00
1.4763316979e+05 1.3376438003e-13 6.4960443168e-15 4.3629593245e+07 1.0144963892e+07 4.1047929235e-18 4.7095113168e-19 -4.0798359964e+03 -2.3125258746e+02 -4.6638871335e+09 -1.0164782630e+07 8.4687316492e+05 5.3019829186e+02 0.0000000000e+00 -0.0000000000e+00
1.4816336808e+05 1.3598069788e-13 6.7551554088e-15 4.1438393179e+07 1.0015740276e+07 4.2580165758e-18 5.0728178828e-19 -4.1874891318e+03 -2.5677807938e+02 -4.6638868941e+09 -1.0164782630e+07 8.4687316492e+05 4.9720064078e+02 0.0000000000e+00 -0.0000000000e+00
1.4866056872e+05 1.3813651754e-13 7.0168596535e-15 3.9329158893e+07 9.8814071153e+06 4.4163954054e-18 5.4631743856e-19 -4.2987642342e+03 -2.8420406802e+02 -4.6638866291e+09 -1.0164782630e+07 8.4687316492e+05 4.6556380537e+02 0.0000000000e+00 -0.0000000000e+00
1.4912613252e+05 1.4023009118e-13 7.2807397614e-15 3.7301491048e+07 9.7423931728e+06 4.5800090923e-18 5.8823663687e-19 -4.4137172858e+03 -3.1365600358e+02 -4.6638863367e+09 -1.0164782630e+07 8.4687316492e+05 4.3534925825e+02 0.0000000000e+00 -0.0000000000e+00
1.4956148178e+05 1.4226015758e-13 7.5463963877e-15 3.5354574916e+07 9.5991207295e+06 4.7489431115e-18 6.3323022605e-19 -4.5324083402e+03 -3.4526797000e+02 -4.6638860151e+09 -1.0164782630e+07 8.4687316493e+05 4.0659106644e+02 0.0000000000e+00 -0.0000000000e+00
1.4996807285e+05 1.4422588684e-13 7.8134481845e-15 3.3487251980e+07 9.4520028157e+06 4.9232878470e-18 6.8150209215e-19 -4.6549009002e+03 -3.7918321522e+02 -4.6638856623e+09 -1.0164782630e+07 8.4687316492e+05 3.7930114907e+02 0.0000000000e+00 -0.0000000000e+00
1.5034737400e+05 1.4612683065e-13 8.0815318671e-15 3.1698081373e+07 9.3014409583e+06 5.1031377789e-18 7.3326998529e-19 -4.7812613466e+03 -4.1555472791e+02 -4.6638852763e+09 -1.0164782630e+07 8.4687316492e+05 3.5347365457e+02 0.0000000000e+00 -0.0000000000e+00
1.5070084765e+05 1.4796287732e-13 8.3503022662e-15 2.9985392720e+07 9.1478233735e+06 5.2885907186e-18 7.8876640911e-19 -4.9115584002e+03 -4.5454586238e+02 -4.6638848547e+09 -1.0164782630e+07 8.4687316492e+05 3.2908860699e+02 0.0000000000e+00 -0.0000000000e+00
1.5102993626e+05 1.4973421103e-13 8.6194323463e-15 2.8347331649e+07 8.9915235467e+06 5.4797470662e-18 8.4823958147e-19 -5.0458626011e+03 -4.9633101360e+02 -4.6638843954e+09 -1.0164782630e+07 8.4687316492e+05 3.0611494938e+02 0.0000000000e+00 -0.0000000000e+00
1.5133605121e+05 1.5144127491e-13 8.8886131800e-15 2.6781899013e+07 8.8328991463e+06 5.6767090738e-18 9.1195447086e-19 -5.1842457904e+03 -5.4109634530e+02 -4.6638838958e+09 -1.0164782630e+07 8.4687316493e+05 2.8451308027e+02 0.0000000000e+00 -0.0000000000e+00
1.5162056429e+05 1.5308473744e-13 9.1575538726e-15 2.5286984681e+07 8.6722912259e+06 5.8795800967e-18 9.8019391294e-19 -5.3267805844e+03 -5.8904057449e+02 -4.6638833533e+09 -1.0164782630e+07 8.4687316492e+05 2.6423696508e+02 0.0000000000e+00 -0.0000000000e+00
1.5188480125e+05 1.5466546200e-13 9.4259814347e-15 2.3860396633e+07 8.5100236723e+06 6.0884638156e-18 1.0532598127e-18 -5.4735398278e+03 -6.4037581606e+02 -4.6638827651e+09 -1.0164782630e+07 8.4687316492e+05 2.4523589035e+02 0.0000000000e+00 -0.0000000000e+00
1.5213003714e+05 1.5618447929e-13 9.6936406054e-15 2.2499885955e+07 8.3464028637e+06 6.3034634172e-18 1.1314744389e-18 -5.6245960186e+03 -6.9532849222e+02 -4.6638821284e+09 -1.0164782630e+07 8.4687316493e+05 2.2745591514e+02 0.0000000000e+00 -0.0000000000e+00
1.5235749306e+05 1.5764296226e-13 9.9602936275e-15 2.1203168282e+07 8.1817175064e+06 6.5246807167e-18 1.2151818172e-18 -5.7800206906e+03 -7.5414031146e+02 -4.6638814399e+09 -1.0164782630e+07 8.4687316492e+05 2.1084106734e+02 0.0000000000e+00 -0.0000000000e+00
1.5256833413e+05 1.5904220351e-13 1.0225719981e-14 1.9967942118e+07 8.0162386193e+06 6.7522152078e-18 1.3047492315e-18 -5.9398837472e+03 -8.1706932300e+02 -4.6638806965e+09 -1.0164782630e+07 8.4687316493e+05 1.9533432281e+02 0.0000000000e+00 -0.0000000000e+00
1.5276366845e+05 1.6038359488e-13 1.0489716077e-14 1.8791904451e+07 7.8502196440e+06 6.9861630243e-18 1.4005688400e-18 -6.1042527307e+03 -8.8439105264e+02 -4.6638798947e+09 -1.0164782630e+07 8.4687316492e+05 1.8087840317e+02 0.0000000000e+00 -0.0000000000e+00
1.5294454685e+05 1.6166860902e-13 1.0752094923e-14 1.7672763970e+07 7.6838966558e+06 7.2266157975e-18 1.5030594189e-18 -6.2731920203e+03 -9.5639972759e+02 -4.6638790308e+09 -1.0164782630e+07 8.4687316492e+05 1.6741641791e+02 0.0000000000e+00 -0.0000000000e+00
1.5311196327e+05 1.6289878291e-13 1.1012685757e-14 1.6608252205e+07 7.5174886569e+06 7.4736593895e-18 1.6126682428e-18 -6.4467619416e+03 -1.0334095977e+03 -4.6638781009e+09 -1.0164782630e+07 8.4687316492e+05 1.5489237673e+02 0.0000000000e+00 -0.0000000000e+00
1.5326685565e+05 1.6407570307e-13 1.1271333669e-14 1.5596132852e+07 7.3511979353e+06 7.7273724837e-18 1.7298731159e-18 -6.6250177767e+03 -1.1157563627e+03 -4.6638771009e+09 -1.0164782630e+07 8.4687316492e+05 1.4325159164e+02 0.0000000000e+00 -0.0000000000e+00
1.5341010724e+05 1.6520099231e-13 1.1527899202e-14 1.4634209482e+07 7.1852104724e+06 7.9878250093e-18 1.8551845675e-18 -6.8080086571e+03 -1.2037987143e+03 -4.6638760265e+09 -1.0164782630e+07 8.4687316493e+05 1.3244098755e+02 0.0000000000e+00 -0.0000000000e+00
1.5354254823e+05 1.6627629804e-13 1.1782257951e-14 1.3720331874e+07 7.0196963865e+06 8.2550763754e-18 1.9891482285e-18 -6.9957763228e+03 -1.2979200065e+03 -4.6638748733e+09 -1.0164782630e+07 8.4687316493e+05 1.2240933442e+02 0.0000000000e+00 -0.0000000000e+00
1.5366495756e+05 1.6730328183e-13 1.2034300156e-14 1.2852401115e+07 6.8548104019e+06 8.5291734838e-18 2.1323474066e-18 -7.1883537265e+03 -1.3985300644e+03 -4.6638736363e+09 -1.0164782630e+07 8.4687316493e+05 1.1310741639e+02 0.0000000000e+00 -0.0000000000e+00
1.5377806498e+05 1.6828361023e-13 1.2283930306e-14 1.2028373643e+07 6.6906923290e+06 8.8101484907e-18 2.2854058819e-18 -7.3857634608e+03 -1.5060671485e+03 -4.6638723107e+09 -1.0164782630e+07 8.4687316493e+05 1.0448814590e+02 0.0000000000e+00 -0.0000000000e+00
1.5388255312e+05 1.6921894673e-13 1.2531066747e-14 1.1246264364e+07 6.5274675504e+06 9.0980162759e-18 2.4489909457e-18 -7.5880159800e+03 -1.6210000897e+03 -4.6638708910e+09 -1.0164782630e+07 8.4687316493e+05 9.6506634916e+01 0.0000000000e+00 -0.0000000000e+00
1.5397905976e+05 1.7011094471e-13 1.2775641313e-14 1.0504148965e+07 6.3652475001e+06 9.3927715780e-18 2.6238167097e-18 -7.7951075875e+03 -1.7438306148e+03 -4.6638693717e+09 -1.0164782630e+07 8.4687316493e+05 8.9120229140e+01 0.0000000000e+00 -0.0000000000e+00
1.5406817999e+05 1.7096124134e-13 1.3017598976e-14 9.8001655237e+06 6.2041301309e+06 9.6943857426e-18 2.8106477187e-18 -8.0070181512e+03 -1.8750958837e+03 -4.6638677471e+09 -1.0164782630e+07 8.4687316493e+05 8.2288513018e+01 1.5947692760e-309 -1.1147592867e-301
1.5415046850e+05 1.7177145235e-13 1.3256897534e-14 9.1325155249e+06 6.0442003604e+06 1.0002803025e-17 3.0103029007e-18 -8.2237085050e+03 -2.0153712657e+03 -4.6638660110e+09 -1.0164782630e+07 8.4687316492e+05 7.5973291031e+01 1.1821250557e-270 -8.5077550818e-263
1.5422644179e+05 1.7254316752e-13 1.3493507321e-14 8.4994643496e+06 5.8855304888e+06 1.0317936372e-17 3.2236598983e-18 -8.4451174877e+03 -2.1652733821e+03 -4.6638641572e+09 -1.0164782630e+07 8.4687316493e+05 7.0138550157e+01 7.7640696462e-234 -5.7535937705e-226
1.5429658034e+05 1.7327794693e-13 1.3727410981e-14 7.8993413208e+06 5.7281805825e+06 1.0639662610e-17 3.4516598311e-18 -8.6711585575e+03 -2.3254634525e+03 -4.6638621790e+09 -1.0164782630e+07 8.4687316492e+05 6.4750407604e+01 5.6855294321e-199 -4.3385904818e-191
1.5436133075e+05 1.7397731779e-13 1.3958603282e-14 7.3305393666e+06 5.5721988131e+06 1.0967816921e-17 3.6953125468e-18 -8.9017159157e+03 -2.4966509841e+03 -4.6638600696e+09 -1.0164782630e+07 8.4687316493e+05 5.9777047323e+01 5.7896153248e-166 -4.5497252638e-158
1.5442110780e+05 1.7464277189e-13 1.4187090998e-14 6.7915143575e+06 5.4176217469e+06 1.1302186504e-17 3.9557024317e-18 -9.1366400507e+03 -2.6795978538e+03 -4.6638578219e+09 -1.0164782630e+07 8.4687316493e+05 5.5188648362e+01 1.0135740666e-134 -8.2031098488e-127
1.5447629645e+05 1.7527576352e-13 1.4412892866e-14 6.2807841657e+06 5.2644745739e+06 1.1642503267e-17 4.2339948630e-18 -9.3757426051e+03 -2.8751228420e+03 -4.6638554287e+09 -1.0164782630e+07 8.4687316493e+05 5.0957307306e+01 3.7390655248e-105 -3.1167631349e-97
1.5452725375e+05 1.7587770789e-13 1.4636039632e-14 5.7969274911e+06 5.1127712668e+06 1.1988435381e-17 4.5314434033e-18 -9.6187904385e+03 -3.0841066870e+03 -4.6638528825e+09 -1.0164782630e+07 8.4687316493e+05 4.7056957059e+01 3.5323461935e-77 -3.0328587309e-69
1.5457431071e+05 1.7644997996e-13 1.4856574202e-14 5.3385824888e+06 4.9625146581e+06 1.2339577467e-17 4.8493978597e-18 -9.8654987369e+03 -3.3074977475e+03 -4.6638501757e+09 -1.0164782630e+07 8.4687316493e+05 4.3463283870e+01 1.0300183414e-50 -9.1098904026e-43
1.5461777399e+05 1.7699391363e-13 1.5074551915e-14 4.9044452286e+06 4.8136964209e+06 1.2695439170e-17 5.1893133571e-18 -1.0115522983e+04 -3.5463183769e+03 -4.6638473008e+09 -1.0164782630e+07 8.4687316493e+05 4.0153643612e+01 1.1083753054e-25 -1.0098715092e-17
1.5463191645e+05 1.7717432453e-13 1.5148797170e-14 4.7607782988e+06 4.7629416211e+06 1.2818577183e-17 5.3113345813e-18 -1.0202038302e+04 -3.6320490535e+03 -4.6638472865e+09 -1.0164782630e+07 8.4687316493e+05 3.7847738487e+01 2.0902288891e-17 -1.9240327783e-09
1.5463570122e+05 1.7722290346e-13 1.5168963025e-14 4.7221212664e+06 4.7491504138e+06 1.2852187478e-17 5.3450485882e-18 -1.0225652500e+04 -3.6557361181e+03 -4.6638472865e+09 -1.0164782630e+07 8.4687316493e+05 1.8923869244e+01 3.5171425226e-15 -3.2465197649e-07
1.5465462509e+05 1.7746773616e-13 1.5271755628e-14 4.5274744548e+06 4.6788149658e+06 1.3024581088e-17 5.5208003616e-18 -1.0346773384e+04 -3.7792169404e+03 -4.6639307247e+09 -1.0164775508e+07 8.4687576607e+05 1.9322992917e+01 5.6200827852e-04 -5.2621159429e+04
1.5465655739e+05 1.7749292095e-13 1.5282441465e-14 4.5074691702e+06 4.6714997434e+06 1.3042603340e-17 5.5394517323e-18 -1.0359430539e+04 -3.7923193202e+03 -4.6644364684e+09 -1.0164732435e+07 8.4689152342e+05 3.2653944842e+00 7.9569508515e-03 -7.4612222190e+05
1.5465811363e+05 1.7751322971e-13 1.5291073936e-14 4.4913394673e+06 4.6655897332e+06 1.3057176155e-17 5.5545723863e-18 -1.0369628561e+04 -3.8029280089e+03 -4.6685010636e+09 -1.0164386770e+07 8.4701821512e+05 2.0322688050e+00 6.7406433041e-02 -6.3282697419e+06
1.5465934612e+05 1.7752932963e-13 1.5297927286e-14 4.4785541196e+06 4.6608975006e+06 1.3068754238e-17 5.5666107603e-18 -1.0377558762e+04 -3.8113109905e+03 -4.6889571942e+09 -1.0162649165e+07 8.4765604158e+05 1.3898472143e+00 3.6660384383e-01 -3.4449803975e+07
1.5466031364e+05 1.7754197837e-13 1.5303317701e-14 4.4685107547e+06 4.6572068408e+06 1.3077866210e-17 5.5761006163e-18 -1.0383264481e+04 -3.8177225696e+03 -4.7586915157e+09 -1.0156731084e+07 8.4983103857e+05 1.0293484827e+00 1.3863911138e+00 -1.3036849983e+08
1.5466109585e+05 1.7755221091e-13 1.5307682398e-14 4.4603874106e+06 4.6542186780e+06 1.3085247767e-17 5.5837984123e-18 -1.0386622729e+04 -3.8224584881e+03 -4.9418932610e+09 -1.0141193535e+07 8.5554696918e+05 8.1059497368e-01 4.0645627881e+00 -3.8237422687e+08
1.5466174803e+05 1.7756074683e-13 1.5311326126e-14 4.4536131919e+06 4.6517246932e+06 1.3091412387e-17 5.5902340893e-18 -1.0386927527e+04 -3.8254976856e+03 -5.3455735935e+09 -1.0106969199e+07 8.6814765383e+05 6.6701414866e-01 9.9618729050e+00 -9.3727750641e+08
1.5466230662e+05 1.7756806109e-13 1.5314450341e-14 4.4478119927e+06 4.6495874143e+06 1.3096699781e-17 5.5957590149e-18 -1.0382790804e+04 -3.8264866309e+03 -6.1327414674e+09 -1.0040230736e+07 8.9273647403e+05 5.6708365149e-01 2.1447211177e+01 -2.0172471919e+09
1.5466279633e+05 1.7757447574e-13 1.5317191798e-14 4.4427297497e+06 4.6477138579e+06 1.3101340693e-17 5.6006122585e-18 -1.0372010261e+04 -3.8247200456e+03 -7.5396403372e+09 -9.9208805965e+06 9.3673601998e+05 4.9483123178e-01 4.1929738895e+01 -3.9399369122e+09
1.5466323496e+05 1.7758022327e-13 1.5319649340e-14 4.4381843190e+06 4.6460372782e+06 1.3105501994e-17 5.6049670023e-18 -1.0351316409e+04 -3.8190680986e+03 -9.9027782819e+09 -9.7201315700e+06 1.0107841000e+06 4.4176400402e-01 7.6205845055e+01 -7.1468554320e+09
1.5466367672e+05 1.7758601374e-13 1.5322126382e-14 4.4336194307e+06 4.6443526439e+06 1.3109697281e-17 5.6093602313e-18 -1.0311052790e+04 -3.8062075858e+03 -1.4214250776e+10 -9.3528365487e+06 1.1463348217e+06 4.0174640606e-01 1.3833052339e+02 -1.2923479168e+10
1.5466407847e+05 1.7759128128e-13 1.5324380726e-14 4.4294890872e+06 4.6428276098e+06 1.3113516216e-17 5.6133618919e-18 -1.0244788786e+04 -3.7835614161e+03 -2.1058906327e+10 -8.7667858379e+06 1.3627251819e+06 3.7687271073e-01 2.3586276378e+02 -2.1895042953e+10
1.5466445534e+05 1.7759622408e-13 1.5326496957e-14 4.4256462679e+06 4.6414080751e+06 1.3117101877e-17 5.6171213082e-18 -1.0139692891e+04 -3.7464490359e+03 -3.1654390099e+10 -7.8520571614e+06 1.7006316474e+06 3.7715451034e-01 3.8416741793e+02 -3.5298188923e+10
1.5466483249e+05 1.7760117193e-13 1.5328616190e-14 4.4218517678e+06 4.6400057486e+06 1.3120693263e-17 5.6208888332e-18 -9.9685425328e+03 -3.6849106167e+03 -4.8523925030e+10 -6.3758313617e+06 2.2462078696e+06 5.5488918002e-01 6.1344365971e+02 -5.5416297605e+10
1.5466512549e+05 1.7760501668e-13 1.5330263530e-14 4.4189585425e+06 4.6389360626e+06 1.3123485358e-17 5.6238193008e-18 -9.7690862385e+03 -3.6125002562e+03 -6.7729579424e+10 -4.6637784682e+06 2.8791966863e+06 3.2456470120e-01 8.6391527588e+02 -7.6484834998e+10
1.5466539329e+05 1.7760853143e-13 1.5331769923e-14 4.4163743324e+06 4.6379802882e+06 1.3126038839e-17 5.6265004047e-18 -9.5186249448e+03 -3.5210860816e+03 -9.1236358743e+10 -2.5196080863e+06 3.6722287234e+06 2.7206812227e-01 1.1545389080e+03 -9.9598063116e+10
1.5466566536e+05 1.7761210296e-13 1.5333301085e-14 4.4138283566e+06 4.6370383258e+06 1.3128634539e-17 5.6292268651e-18 -9.1821939981e+03 -3.3978527710e+03 -1.2180054928e+11 3.5555648402e+05 4.7359942845e+06 2.5079507889e-01 1.5047210889e+03 -1.2522450373e+11
1.5466591615e+05 1.7761539586e-13 1.5334713183e-14 4.4115731093e+06 4.6362036345e+06 1.3131028558e-17 5.6317423703e-18 -8.7887255294e+03 -3.2533696276e+03 -1.5611502549e+11 3.7143355484e+06 5.9791236009e+06 2.6245518326e-01 1.8578713233e+03 -1.4799477462e+11
1.5466617861e+05 1.7761884249e-13 1.5336191608e-14 4.4093302378e+06 4.6353732245e+06 1.3133535135e-17 5.6343770162e-18 -8.2877312042e+03 -3.0690770484e+03 -1.9760437988e+11 7.9877565886e+06 7.5613446290e+06 2.8308603482e-01 2.2229576024e+03 -1.6699041048e+11
1.5466637089e+05 1.7762136804e-13 1.5337275196e-14 4.4077764738e+06 4.6347977582e+06 1.3135372318e-17 5.6363086040e-18 -7.8662588201e+03 -2.9138551320e+03 -2.3061041718e+11 1.1581243509e+07 8.8922663613e+06 1.9892299118e-01 2.4597759164e+03 -1.7538961025e+11
1.5466654538e+05 1.7762366010e-13 1.5338258796e-14 4.4064398266e+06 4.6343025629e+06 1.3137039964e-17 5.6380623163e-18 -7.4501328233e+03 -2.7604881927e+03 -2.6150260640e+11 1.5128273669e+07 1.0206358515e+07 1.7571615351e-01 2.6333780545e+03 -1.7784106741e+11
1.5466672109e+05 1.7762596864e-13 1.5339249650e-14 4.4051693944e+06 4.6338317621e+06 1.3138719873e-17 5.6398292618e-18 -7.0065591370e+03 -2.5969108378e+03 -2.9258148216e+11 1.8908682416e+07 1.1607318230e+07 1.6328555243e-01 2.7556307345e+03 -1.7502350738e+11
1.5466688438e+05 1.7762811413e-13 1.5340170686e-14 4.4040599843e+06 4.6334205106e+06 1.3140281353e-17 5.6414719305e-18 -6.5805109137e+03 -2.4397244986e+03 -3.2063640608e+11 2.2539417475e+07 1.2953212131e+07 1.5712251271e-01 2.8151880008e+03 -1.6793961889e+11
1.5466704150e+05 1.7763017888e-13 1.5341057213e-14 4.4030586103e+06 4.6330491958e+06 1.3141784250e-17 5.6430532145e-18 -6.1657403655e+03 -2.2866445911e+03 -3.4625962180e+11 2.6073942433e+07 1.4263834773e+07 1.5546851990e-01 2.8218324921e+03 -1.5773155945e+11
1.5466719697e+05 1.7763222213e-13 1.5341934652e-14 4.4021318159e+06 4.6327054280e+06 1.3143271644e-17 5.6446184101e-18 -5.7578290601e+03 -2.1360534360e+03 -3.6983479926e+11 2.9550071250e+07 1.5553206939e+07 1.5773357152e-01 2.7820832092e+03 -1.4522719123e+11
1.5466735470e+05 1.7763429539e-13 1.5342825123e-14 4.4012556967e+06 4.6323803476e+06 1.3144781012e-17 5.6462069384e-18 -5.3530374733e+03 -1.9865795778e+03 -3.9163811541e+11 3.2999813681e+07 1.6833221425e+07 1.6480476317e-01 2.7004682234e+03 -1.3106201648e+11
1.5466751951e+05 1.7763646184e-13 1.5343755781e-14 4.4004073009e+06 4.6320654366e+06 1.3146358347e-17 5.6478672096e-18 -4.9458545834e+03 -1.8361947603e+03 -4.1197133791e+11 3.6470288090e+07 1.8121407513e+07 1.8077483533e-01 2.5794207939e+03 -1.1567029004e+11
1.5466770028e+05 1.7763883853e-13 1.5344776938e-14 4.3995518171e+06 4.6317477576e+06 1.3148088859e-17 5.6496889401e-18 -4.5233906482e+03 -1.6801434575e+03 -4.3137322401e+11 4.0071566156e+07 1.9458722961e+07 2.3509461678e-01 2.4165100178e+03 -9.9114183566e+10
1.5466790113e+05 1.7764147945e-13 1.5345911852e-14 4.3986876176e+06 4.6314266746e+06 1.3150011865e-17 5.6517135674e-18 -4.0886230383e+03 -1.5195311779e+03 -4.4953902731e+11 4.3778575030e+07 2.0836018412e+07 2.0468828753e-01 2.2138755891e+03 -8.2081210623e+10
1.5466807409e+05 1.7764375407e-13 1.5346889547e-14 4.3980105269e+06 4.6311749682e+06 1.3151668207e-17 5.6534576367e-18 -3.7455491062e+03 -1.3927872129e+03 -4.6258438765e+11 4.6704595129e+07 2.1923757697e+07 1.7435225978e-01 2.0324259874e+03 -6.9035495823e+10
1.5466824844e+05 1.7764604724e-13 1.5347875393e-14 4.3973854674e+06 4.6309424713e+06 1.3153338085e-17 5.6552161264e-18 -3.4294719176e+03 -1.2760184226e+03 -4.7359699146e+11 4.9401223741e+07 2.2926794115e+07 1.6403175069e-01 1.8511530323e+03 -5.7576258402e+10
1.5466841247e+05 1.7764820493e-13 1.5348803164e-14 4.3968454766e+06 4.6307414946e+06 1.3154909320e-17 5.6568708810e-18 -3.1587163658e+03 -1.1759989503e+03 -4.8226340116e+11 5.1712029350e+07 2.3786841824e+07 1.5952431794e-01 1.6870499873e+03 -4.8333126051e+10
1.5466857200e+05 1.7765030358e-13 1.5349705701e-14 4.3963610069e+06 4.6305610684e+06 1.3156437554e-17 5.6584804693e-18 -2.9189707551e+03 -1.0874439525e+03 -4.8934652674e+11 5.3758993653e+07 2.4549171766e+07 1.5788568588e-01 1.5363851111e+03 -4.0679007117e+10
1.5466872988e+05 1.7765238091e-13 1.5350599220e-14 4.3959174525e+06 4.6303957694e+06 1.3157950246e-17 5.6600737972e-18 -2.7031341251e+03 -1.0077317653e+03 -4.9524885349e+11 5.5602638806e+07 2.5236240712e+07 1.5789568173e-01 1.3975441854e+03 -3.4269696953e+10
1.5466888778e+05 1.7765445862e-13 1.5351493047e-14 4.3955063698e+06 4.6302424616e+06 1.3159463178e-17 5.6616674778e-18 -2.5070383723e+03 -9.3532383224e+02 -5.0022175536e+11 5.7278487935e+07 2.5861225603e+07 1.5904493151e-01 1.2696508356e+03 -2.8877655124e+10
1.5466904682e+05 1.7765655168e-13 1.5352393634e-14 4.3951221220e+06 4.6300990502e+06 1.3160987257e-17 5.6632729941e-18 -2.3278264322e+03 -8.6916569899e+02 -5.0444224112e+11 5.8810891226e+07 2.6433157880e+07 1.6106673727e-01 1.1520273706e+03 -2.4331727612e+10
1.5466920789e+05 1.7765867161e-13 1.5353305930e-14 4.3947606496e+06 4.6299640253e+06 1.3162530839e-17 5.6648991444e-18 -2.1633719443e+03 -8.0847270129e+02 -5.0804284950e+11 6.0217972644e+07 2.6958759730e+07 1.6380352642e-01 1.0440588657e+03 -2.0495689372e+10
1.5466937170e+05 1.7766082780e-13 1.5354233996e-14 4.3944188859e+06 4.6298362451e+06 1.3164100772e-17 5.6665531409e-18 -2.0120080812e+03 -7.5262983565e+02 -5.1112662333e+11 6.1513941121e+07 2.7443301755e+07 1.6715798235e-01 9.4515323581e+02 -1.7257962006e+10
1.5466953885e+05 1.7766302842e-13 1.5355181346e-14 4.3940944303e+06 4.6297148139e+06 1.3165702974e-17 5.6682412169e-18 -1.8723779363e+03 -7.0113652179e+02 -5.1377577471e+11 6.2710365705e+07 2.7891076112e+07 1.7106784604e-01 8.5472914935e+02 -1.4525657055e+10
1.5466970992e+05 1.7766528079e-13 1.5356151148e-14 4.3937853519e+06 4.6295990101e+06 1.3167342769e-17 5.6699689800e-18 -1.7433461825e+03 -6.5357399015e+02 -5.1605710381e+11 6.3816928464e+07 2.8305675832e+07 1.7549275860e-01 7.7221532330e+02 -1.2220742987e+10
1.5466988541e+05 1.7766759171e-13 1.5357146342e-14 4.3934900653e+06 4.6294882395e+06 1.3169025092e-17 5.6717416325e-18 -1.6239431692e+03 -6.0958464696e+02 -5.1802561835e+11 6.4841900914e+07 2.8690171530e+07 1.8040681567e-01 6.9705359652e+02 -1.0277338608e+10
1.5467006582e+05 1.7766996765e-13 1.5358169727e-14 4.3932072466e+06 4.6293820043e+06 1.3170754636e-17 5.6735641169e-18 -1.5133275893e+03 -5.6885829487e+02 -5.1972707469e+11 6.5792462174e+07 2.9047229400e+07 1.8579405923e-01 6.2870282722e+02 -8.6396710121e+09
1.5467025161e+05 1.7767241486e-13 1.5359224016e-14 4.3929357749e+06 4.6292798814e+06 1.3172535936e-17 5.6754412165e-18 -1.4107604506e+03 -5.3112252694e+02 -5.2119983173e+11 6.6674920782e+07 2.9379193466e+07 1.9164561573e-01 5.6664247343e+02 -7.2604634357e+09
1.5467044326e+05 1.7767493950e-13 1.5360311875e-14 4.3926746901e+06 4.6291815064e+06 1.3174373449e-17 5.6773776260e-18 -1.3155862598e+03 -4.9613578278e+02 -5.2247624518e+11 6.7494875027e+07 2.9688145029e+07 1.9795775975e-01 5.1037544882e+02 -6.0996233718e+09
1.5467064122e+05 1.7767754765e-13 1.5361435954e-14 4.3924231621e+06 4.6290865626e+06 1.3176271591e-17 5.6793780042e-18 -1.2272190136e+03 -4.6368217845e+02 -5.2358374169e+11 6.8257332327e+07 2.9975946924e+07 2.0473059412e-01 4.5943017838e+02 -5.1231540858e+09
1.5467084595e+05 1.7768024544e-13 1.5362598908e-14 4.3921804666e+06 4.6289947713e+06 1.3178234785e-17 5.6814470120e-18 -1.1451314761e+03 -4.3356754915e+02 -5.2454566308e+11 6.8966800590e+07 3.0244277388e+07 2.1196704822e-01 4.1336189089e+02 -4.3022399945e+09
1.5467105792e+05 1.7768303901e-13 1.5363803415e-14 4.3919459674e+06 4.6289058858e+06 1.3180267480e-17 5.6835893409e-18 -1.0688467997e+03 -4.0561635630e+02 -5.2538194014e+11 6.9627359592e+07 3.0494656515e+07 2.1967214530e-01 3.7175326105e+02 -3.6124724739e+09
1.5467127759e+05 1.7768593458e-13 1.5365052185e-14 4.3917191020e+06 4.6288196856e+06 1.3182374173e-17 5.6858097345e-18 -9.9793183171e+02 -3.7966921616e+02 -5.2610963782e+11 7.0242717993e+07 3.0728467397e+07 2.2785240572e-01 3.3421450360e+02 -3.0331914027e+09
1.5467150544e+05 1.7768893846e-13 1.5366347973e-14 4.3914993704e+06 4.6287359722e+06 1.3184559427e-17 5.6881130030e-18 -9.3199167725e+02 -3.5558089156e+02 -5.2674340087e+11 7.0816259640e+07 3.0946973276e+07 2.3651533654e-01 3.0038303312e+02 -2.5469238435e+09
1.5467174196e+05 1.7769205708e-13 1.5367693582e-14 4.3912863255e+06 4.6286545658e+06 1.3186827875e-17 5.6905040337e-18 -8.7066521615e+02 -3.3321863478e+02 -5.2729582161e+11 7.1351081730e+07 3.1151331693e+07 2.4566900542e-01 2.6992278846e+02 -2.1389050105e+09
1.5467198762e+05 1.7769529697e-13 1.5369091867e-14 4.3910795661e+06 4.6285753020e+06 1.3189184228e-17 5.6929877962e-18 -8.1362134813e+02 -3.1246079865e+02 -5.2777774556e+11 7.1850026752e+07 3.1342606330e+07 2.5532164587e-01 2.4252330259e+02 -1.7966693135e+09
1.5467224295e+05 1.7769866476e-13 1.5370545740e-14 4.3908787308e+06 4.6284980299e+06 1.3191633279e-17 5.6955693443e-18 -7.6055581208e+02 -2.9319565856e+02 -5.2819852712e+11 7.2315709540e+07 3.1521777026e+07 2.6548126977e-01 2.1789859091e+02 -1.5097013652e+09
1.5467250843e+05 1.7770216723e-13 1.5372058163e-14 4.3906834922e+06 4.6284226099e+06 1.3194179896e-17 5.6982538137e-18 -7.1118846489e+02 -2.7532040310e+02 -5.2856624451e+11 7.2750540388e+07 3.1689748349e+07 2.7615532011e-01 1.9578591802e+02 -1.2691383749e+09
1.5467278458e+05 1.7770581124e-13 1.5373632152e-14 4.3904935535e+06 4.6283489120e+06 1.3196829020e-17 5.7010464160e-18 -6.6526092543e+02 -2.5874025845e+02 -5.2888788145e+11 7.3156745039e+07 3.1847357000e+07 2.8735037562e-01 1.7594448745e+02 -1.0675165581e+09
1.5467307193e+05 1.7770960375e-13 1.5375270767e-14 4.3903086440e+06 4.6282768141e+06 1.3199585654e-17 5.7039524303e-18 -6.2253451204e+02 -2.4336772012e+02 -5.2916948112e+11 7.3536382174e+07 3.1995378293e+07 2.9907176784e-01 1.5815409098e+02 -8.9855526215e+08
1.5467337100e+05 1.7771355180e-13 1.5376977111e-14 4.3901285163e+06 4.6282062013e+06 1.3202454855e-17 5.7069771903e-18 -5.8278843896e+02 -2.2912187892e+02 -5.2941627719e+11 7.3891358664e+07 3.2134531810e+07 3.1132332535e-01 1.4221375513e+02 -7.5697347025e+08
1.5467368233e+05 1.7771766250e-13 1.5378754316e-14 4.3899529436e+06 4.6281369642e+06 1.3205441716e-17 5.7101260692e-18 -5.4581821192e+02 -2.1592781945e+02 -5.2963280559e+11 7.4223443127e+07 3.2265486420e+07 3.2410709217e-01 1.2794039948e+02 -6.3833393056e+08
1.5467400644e+05 1.7772194298e-13 1.5380605539e-14 4.3897817169e+06 4.6280689984e+06 1.3208551350e-17 5.7134044616e-18 -5.1143420098e+02 -2.0371608272e+02 -5.2982300015e+11 7.4534277953e+07 3.2388864741e+07 3.3742309740e-01 1.1516752921e+02 -5.3891093929e+08
1.5467434386e+05 1.7772640040e-13 1.5382533950e-14 4.3896146431e+06 4.6280022030e+06 1.3211788870e-17 5.7168177630e-18 -4.7946036276e+02 -1.9242218274e+02 -5.2999027450e+11 7.4825390051e+07 3.2505247127e+07 3.5126915914e-01 1.0374397358e+02 -4.5557830601e+08
1.5467469513e+05 1.7773104188e-13 1.5384542716e-14 4.3894515431e+06 4.6279364805e+06 1.3215159371e-17 5.7203713475e-18 -4.4973309311e+02 -1.8198617021e+02 -5.3013759248e+11 7.5098200475e+07 3.2615175241e+07 3.6564079559e-01 9.3532680230e+01 -3.8571452799e+08
1.5467506077e+05 1.7773587453e-13 1.5386634993e-14 4.3892922495e+06 4.6278717356e+06 1.3218667903e-17 5.7240705446e-18 -4.2210018986e+02 -1.7235223575e+02 -5.3026752864e+11 7.5354033105e+07 3.2719155289e+07 3.8053110844e-01 8.4409570065e+01 -3.2712260635e+08
1.5467544130e+05 1.7774090534e-13 1.5388813913e-14 4.3891366055e+06 4.6278078747e+06 1.3222319452e-17 5.7279206146e-18 -3.9641992093e+02 -1.6346835107e+02 -5.3038232037e+11 7.5594122438e+07 3.2817660927e+07 3.9593089395e-01 7.6262459332e+01 -2.7796233054e+08
1.5467583723e+05 1.7774614121e-13 1.5391082566e-14 4.3889844631e+06 4.6277448054e+06 1.3226118914e-17 5.7319267252e-18 -3.7256017512e+02 -1.5528594007e+02 -5.3048391287e+11 7.5819620663e+07 3.2911135912e+07 4.1182869899e-01 6.8990046694e+01 -2.3669312528e+08
1.5467583723e+05 1.7774614121e-13 1.5391082566e-14 4.3889844631e+06 4.6277448054e+06 1.3226118914e-17 5.7319267252e-18 -3.7256017512e+02 -1.5528594007e+02 -5.3048391287e+11 7.5819620663e+07 3.2911135912e+07 4.1182869899e-01 6.8990046694e+01 -2.3669312528e+08
