0.0000000000e+00 0.0000000000e+00 0.0000000000e+00 3.1415900000e+08 0.0000000000e+00 0.0000000000e+00 0.0000000000e+00 -1.1786953550e+03 2.2511610460e+02 -4.6638893026e+09 -1.0018910518e+07 1.9134868891e+06 1.0000000000e+01 0.0000000000e+00 -0.0000000000e+00
1.0000000000e+01 2.8740014558e-22 6.8649340167e-28 3.1414721284e+08 2.2511610455e+03 5.7480748016e-23 2.0595188419e-28 -1.1787357403e+03 2.2511610446e+02 -4.6638893026e+09 -1.0018910518e+07 1.9134868891e+06 5.0000000000e+01 0.0000000000e+00 -0.0000000000e+00
6.0000000000e+01 1.0347699495e-20 1.4832431374e-25 3.1408827101e+08 1.3506966172e+04 3.4494920626e-22 7.4170506953e-27 -1.1789377123e+03 2.2511609939e+02 -4.6638893026e+09 -1.0018910518e+07 1.9134868891e+06 2.5000000000e+02 0.0000000000e+00 -0.0000000000e+00
3.1000000000e+02 2.7639902404e-19 2.0485911443e-23 3.1379341025e+08 6.9785978033e+04 1.7839118757e-21 1.9836623296e-25 -1.1799487105e+03 2.2511596523e+02 -4.6638893026e+09 -1.0018910518e+07 1.9134868891e+06 1.2500000000e+03 0.0000000000e+00 -0.0000000000e+00
1.5600000000e+03 7.0214405295e-18 2.6291405984e-21 3.1231530206e+08 3.5117927597e+05 9.0195401955e-21 5.0709564614e-24 -1.1850323778e+03 2.2511254181e+02 -4.6638893026e+09 -1.0018910518e+07 1.9134868891e+06 3.6000000000e+03 0.0000000000e+00 -0.0000000000e+00
5.1600000000e+03 7.7526558082e-17 9.7127474985e-20 3.0802246272e+08 1.1615308591e+06 3.0247837623e-20 5.7031023658e-23 -1.1999471299e+03 2.2507603527e+02 -4.6638893025e+09 -1.0018910518e+07 1.9134868891e+06 3.6000000000e+03 0.0000000000e+00 -0.0000000000e+00
8.7600000000e+03 2.2552971709e-16 4.8532303044e-19 3.0367517416e+08 1.9716760940e+06 5.2079425524e-20 1.6906663199e-22 -1.2152857467e+03 2.2499732037e+02 -4.6638893024e+09 -1.0018910518e+07 1.9134868891e+06 3.6000000000e+03 0.0000000000e+00 -0.0000000000e+00
1.2360000000e+04 4.5326283258e-16 1.3927665075e-18 2.9927186828e+08 2.7814565115e+06 7.4548117328e-20 3.4642058512e-22 -1.2310719852e+03 2.2487271357e+02 -4.6638893022e+09 -1.0018910518e+07 1.9134868891e+06 3.6000000000e+03 0.0000000000e+00 -0.0000000000e+00
1.5960000000e+04 7.6308448581e-16 3.0648726238e-18 2.9481088795e+08 3.5906996860e+06 9.7690517874e-20 5.9489713905e-22 -1.2473315636e+03 2.2469813687e+02 -4.6638893021e+09 -1.0018910518e+07 1.9134868891e+06 3.6000000000e+03 0.0000000000e+00 -0.0000000000e+00
1.9560000000e+04 1.1574905164e-15 5.7690718142e-18 2.9029047964e+08 4.3992177240e+06 1.2154633173e-19 9.2093630782e-22 -1.2640923777e+03 2.2446906558e+02 -4.6638893019e+09 -1.0018910518e+07 1.9134868891e+06 3.6000000000e+03 0.0000000000e+00 -0.0000000000e+00
2.3160000000e+04 1.6391257998e-15 9.7972502893e-18 2.8570878508e+08 5.2068055497e+06 1.4615871456e-19 1.3317001002e-21 -1.2813847483e+03 2.2418046778e+02 -4.6638893017e+09 -1.0018910518e+07 1.9134868891e+06 3.6000000000e+03 0.0000000000e+00 -0.0000000000e+00
2.6760000000e+04 2.2107973782e-15 1.5468525369e-17 2.8106383207e+08 6.0132389552e+06 1.7157467494e-19 1.8351729656e-21 -1.2992417031e+03 2.2382673366e+02 -4.6638893015e+09 -1.0018910518e+07 1.9134868891e+06 3.6000000000e+03 0.0000000000e+00 -0.0000000000e+00
3.0360000000e+04 2.8754891417e-15 2.3132412095e-17 2.7635352418e+08 6.8182723751e+06 1.9784553538e-19 2.4402792377e-21 -1.3176993006e+03 2.2340159312e+02 -4.6638893013e+09 -1.0018910518e+07 1.9134868891e+06 3.6000000000e+03 0.0000000000e+00 -0.0000000000e+00
3.3960000000e+04 3.6363782912e-15 3.3172448261e-17 2.7157562914e+08 7.6216363403e+06 2.2502746329e-19 3.1570210039e-21 -1.3367970033e+03 2.2289801878e+02 -4.6638893010e+09 -1.0018910518e+07 1.9134868891e+06 3.6000000000e+03 0.0000000000e+00 -0.0000000000e+00
3.7560000000e+04 4.4968538580e-15 4.6010358764e-17 2.6672776585e+08 8.4230345520e+06 2.5318208480e-19 3.9966406393e-21 -1.3565781092e+03 2.2230811191e+02 -4.6638893006e+09 -1.0018910518e+07 1.9134868891e+06 3.6000000000e+03 0.0000000000e+00 -0.0000000000e+00
4.1160000000e+04 5.4605376055e-15 6.2110857200e-17 2.6180738971e+08 9.2221405078e+06 2.8237719736e-19 4.9718132787e-21 -1.3770902518e+03 2.2162296708e+02 -4.6638893002e+09 -1.0018910518e+07 1.9134868891e+06 3.6000000000e+03 0.0000000000e+00 -0.0000000000e+00
4.4760000000e+04 6.5313077024e-15 8.1987203906e-17 2.5681177596e+08 1.0018593597e+07 3.1268760042e-19 6.0968758202e-21 -1.3983859844e+03 2.2083251138e+02 -4.6638892997e+09 -1.0018910518e+07 1.9134868891e+06 3.6000000000e+03 0.0000000000e+00 -0.0000000000e+00
4.8360000000e+04 7.7133256347e-15 1.0620766633e-16 2.5173800079e+08 1.0811994562e+07 3.4419606843e-19 7.3881007667e-21 -1.4205234633e+03 2.1992531192e+02 -4.6638892991e+09 -1.0018910518e+07 1.9134868891e+06 3.6000000000e+03 0.0000000000e+00 -0.0000000000e+00
5.1960000000e+04 9.0110669193e-15 1.3540306133e-16 2.4658291975e+08 1.1601900197e+07 3.7699449577e-19 8.8640254336e-21 -1.4435672525e+03 2.1888834461e+02 -4.6638892984e+09 -1.0018910518e+07 1.9134868891e+06 3.6000000000e+03 0.0000000000e+00 -0.0000000000e+00
5.5560000000e+04 1.0429356306e-14 1.7027560196e-16 2.4134314303e+08 1.2387817137e+07 4.1118525130e-19 1.0545849965e-20 -1.4675892751e+03 2.1770671448e+02 -4.6638892975e+09 -1.0018910518e+07 1.9134868891e+06 3.6000000000e+03 0.0000000000e+00 -0.0000000000e+00
5.9160000000e+04 1.1973408297e-14 2.1160932615e-16 2.3601500699e+08 1.3169194525e+07 4.4688278942e-19 1.2457921455e-20 -1.4926699454e+03 2.1636331555e+02 -4.6638892964e+09 -1.0018910518e+07 1.9134868891e+06 3.6000000000e+03 0.0000000000e+00 -0.0000000000e+00
6.2760000000e+04 1.3648874024e-14 2.6028245605e-16 2.3059454121e+08 1.3945415333e+07 4.8421557763e-19 1.4628326624e-20 -1.5188995232e+03 2.1483841441e+02 -4.6638892951e+09 -1.0018910518e+07 1.9134868891e+06 3.6000000000e+03 0.0000000000e+00 -0.0000000000e+00
6.6360000000e+04 1.5461895738e-14 3.1728212913e-16 2.2507743020e+08 1.4715786010e+07 5.2332841728e-19 1.7089622394e-20 -1.5463797442e+03 2.1310913696e+02 -4.6638892935e+09 -1.0018910518e+07 1.9134868891e+06 3.6000000000e+03 0.0000000000e+00 -0.0000000000e+00
6.9960000000e+04 1.7419170509e-14 3.8372206403e-16 2.1945896870e+08 1.5479524070e+07 5.6438525643e-19 1.9879743183e-20 -1.5752257963e+03 2.1114883092e+02 -4.6638892915e+09 -1.0018910518e+07 1.9134868891e+06 3.6000000000e+03 0.0000000000e+00 -0.0000000000e+00
7.3560000000e+04 1.9528025128e-14 4.6086388611e-16 2.1373400897e+08 1.6235743110e+07 6.0757262405e-19 2.3043136650e-20 -1.6055687327e+03 2.0892626789e+02 -4.6638892889e+09 -1.0018910518e+07 1.9134868891e+06 3.6000000000e+03 0.0000000000e+00 -0.0000000000e+00
7.7160000000e+04 2.1796504735e-14 5.5014305420e-16 2.0789689861e+08 1.6983434593e+07 6.5310385546e-19 2.6632197721e-20 -1.6375584403e+03 2.0640463580e+02 -4.6638892857e+09 -1.0018910518e+07 1.9134868891e+06 3.6000000000e+03 0.0000000000e+00 -0.0000000000e+00
8.0760000000e+04 2.4233478415e-14 6.5320062488e-16 2.0194140630e+08 1.7721445533e+07 7.0122433536e-19 3.0709096145e-20 -1.6713673233e+03 2.0354025493e+02 -4.6638892815e+09 -1.0018910518e+07 1.9134868891e+06 3.6000000000e+03 0.0000000000e+00 -0.0000000000e+00
8.4360000000e+04 2.6848765940e-14 7.7192249507e-16 1.9586063277e+08 1.8448450920e+07 7.5221806317e-19 3.5348129233e-20 -1.7071949166e+03 2.0028092486e+02 -4.6638892761e+09 -1.0018910518e+07 1.9134868891e+06 3.6000000000e+03 0.0000000000e+00 -0.0000000000e+00
8.7960000000e+04 2.9653291132e-14 9.0848832638e-16 1.8964690309e+08 1.9162919351e+07 8.0641595632e-19 4.0638784237e-20 -1.7452737187e+03 1.9656377290e+02 -4.6638892689e+09 -1.0018910518e+07 1.9134868891e+06 3.6000000000e+03 0.0000000000e+00 -0.0000000000e+00
9.1560000000e+04 3.2659269074e-14 1.0654331500e-15 1.8329163507e+08 1.9863069741e+07 8.6420646625e-19 4.6689772658e-20 -1.7858766511e+03 1.9231241962e+02 -4.6638892594e+09 -1.0018910518e+07 1.9134868891e+06 3.6000000000e+03 0.0000000000e+00 -0.0000000000e+00
9.5160000000e+04 3.5880436874e-14 1.2457257906e-15 1.7678517719e+08 2.0546816229e+07 9.2604931397e-19 5.3634415739e-20 -1.8293267083e+03 1.8743319510e+02 -4.6638892464e+09 -1.0018910518e+07 1.9134868891e+06 3.6000000000e+03 0.0000000000e+00 -0.0000000000e+00
9.8760000000e+04 3.9332341149e-14 1.4528699128e-15 1.7011660658e+08 2.1211697182e+07 9.9249349695e-19 6.1637939305e-20 -1.8760096096e+03 1.8181001360e+02 -4.6638892284e+09 -1.0018910518e+07 1.9134868891e+06 3.6000000000e+03 0.0000000000e+00 -0.0000000000e+00
1.0236000000e+05 4.3032700432e-14 1.6910359671e-15 1.6327347441e+08 2.1854782491e+07 1.0642012414e-18 7.0907516170e-20 -1.9263906272e+03 1.7529731795e+02 -4.6638892031e+09 -1.0018910518e+07 1.9134868891e+06 3.6000000000e+03 0.0000000000e+00 -0.0000000000e+00
1.0596000000e+05 4.7001868076e-14 1.9652360743e-15 1.5624148064e+08 2.2472550698e+07 1.1419803835e-18 8.1706342846e-20 -1.9810373374e+03 1.6771018937e+02 -4.6638891667e+09 -1.0018910518e+07 1.9134868891e+06 3.6000000000e+03 0.0000000000e+00 -0.0000000000e+00
1.0956000000e+05 5.1263432296e-14 2.2815597339e-15 1.4900405247e+08 2.3060723393e+07 1.2268289489e-18 9.4373775483e-20 -2.0406509412e+03 1.5881020023e+02 -4.6638891129e+09 -1.0018910518e+07 1.9134868891e+06 3.6000000000e+03 0.0000000000e+00 -0.0000000000e+00
1.1316000000e+05 5.5845007029e-14 2.6474975823e-15 1.4154178869e+08 2.3614037742e+07 1.3199977954e-18 1.0935480157e-19 -2.1061102767e+03 1.4828470754e+02 -4.6638890311e+09 -1.0018910518e+07 1.9134868891e+06 3.3272282080e+03 0.0000000000e+00 -0.0000000000e+00
1.1615159165e+05 5.9919033323e-14 2.9959760070e-15 1.3515325056e+08 2.4042656360e+07 1.4048817557e-18 1.2398523035e-19 -2.1657487485e+03 1.3800554040e+02 -4.6638889823e+09 -1.0018910518e+07 1.9134868891e+06 3.0109633858e+03 0.0000000000e+00 -0.0000000000e+00
1.1916255504e+05 6.4287654449e-14 3.3945027742e-15 1.2853490020e+08 2.4440472490e+07 1.4983907396e-18 1.4119205468e-19 -2.2314470605e+03 1.2591622806e+02 -4.6638889069e+09 -1.0018910518e+07 1.9134868891e+06 2.7190985803e+03 0.0000000000e+00 -0.0000000000e+00
1.2160613389e+05 6.8048943048e-14 3.7588640055e-15 1.2301202803e+08 2.4734565529e+07 1.5812449428e-18 1.5739873931e-19 -2.2896594489e+03 1.1452960211e+02 -4.6638888677e+09 -1.0018910518e+07 1.9134868891e+06 2.4601545487e+03 0.0000000000e+00 -0.0000000000e+00
1.2406628844e+05 7.2049097602e-14 4.1686551386e-15 1.1730179377e+08 2.5000471508e+07 1.6720387538e-18 1.7620165834e-19 -2.3534501124e+03 1.0131889241e+02 -4.6638888087e+09 -1.0018910518e+07 1.9134868891e+06 2.2205033695e+03 0.0000000000e+00 -0.0000000000e+00
1.2605855726e+05 7.5458738463e-14 4.5367016940e-15 1.1255794220e+08 2.5190378125e+07 1.7518428845e-18 1.9363554254e-19 -2.4095195557e+03 8.9070050476e+01 -4.6638887791e+09 -1.0018910518e+07 1.9134868891e+06 2.0071491402e+03 0.0000000000e+00 -0.0000000000e+00
1.2786363367e+05 7.8690393586e-14 4.9020111459e-15 1.0815978415e+08 2.5340067772e+07 1.8297328195e-18 2.1147509855e-19 -2.4642441077e+03 7.6536188301e+01 -4.6638887540e+09 -1.0018910518e+07 1.9134868891e+06 1.8190535715e+03 0.0000000000e+00 -0.0000000000e+00
1.2949340738e+05 8.1733268452e-14 5.2611238193e-15 1.0410088937e+08 2.5454647741e+07 1.9052496817e-18 2.2955348829e-19 -2.5173013666e+03 6.3834524356e+01 -4.6638887333e+09 -1.0018910518e+07 1.9134868891e+06 1.6439580808e+03 0.0000000000e+00 -0.0000000000e+00
1.3095723250e+05 8.4574759128e-14 5.6101688237e-15 1.0037908758e+08 2.5538943436e+07 1.9778282778e-18 2.4765939658e-19 -2.5682942344e+03 5.1113526205e+01 -4.6638887170e+09 -1.0018910518e+07 1.9134868891e+06 1.4788933598e+03 0.0000000000e+00 -0.0000000000e+00
1.3226031755e+05 8.7196441988e-14 5.9443267811e-15 9.7001183756e+07 2.5597513416e+07 2.0466875732e-18 2.6550437735e-19 -2.6166739652e+03 3.8575852653e+01 -4.6638887049e+09 -1.0018910518e+07 1.9134868891e+06 1.3202644808e+03 0.0000000000e+00 -0.0000000000e+00
1.3340135619e+05 8.9567939633e-14 6.2569225505e-15 9.3990060456e+07 2.5634753482e+07 2.1106489077e-18 2.8266577439e-19 -2.6616124464e+03 2.6518456992e+01 -4.6638886969e+09 -1.0018910518e+07 1.9134868891e+06 1.1630954797e+03 0.0000000000e+00 -0.0000000000e+00
1.3436521260e+05 9.1629531843e-14 6.5368699832e-15 9.1405516959e+07 2.5655045308e+07 2.1676220102e-18 2.9843033805e-19 -2.7016410780e+03 1.5442460032e+01 -4.6638886925e+09 -1.0018910518e+07 1.9134868891e+06 9.9948733685e+02 0.0000000000e+00 -0.0000000000e+00
1.3508328672e+05 9.3201868046e-14 6.7556387645e-15 8.9454421407e+07 2.5662990985e+07 2.2119752959e-18 3.1101671820e-19 -2.7328031747e+03 6.5994174108e+00 -4.6638886912e+09 -1.0018910518e+07 1.9134868891e+06 8.2269701421e+02 0.0000000000e+00 -0.0000000000e+00
1.3581782700e+05 9.4843867459e-14 6.9890695462e-15 8.7434972724e+07 2.5664342110e+07 2.2591639160e-18 3.2471091309e-19 -2.7659573440e+03 -3.0219628085e+00 -4.6638886896e+09 -1.0018910518e+07 1.9134868891e+06 6.9881419649e+02 0.0000000000e+00 -0.0000000000e+00
1.3651664120e+05 9.6438821098e-14 7.2207780511e-15 8.5490688014e+07 2.5658860771e+07 2.3058872798e-18 3.3857969861e-19 -2.7987846297e+03 -1.2766008351e+01 -4.6638886881e+09 -1.0018910518e+07 1.9134868891e+06 8.6171355586e+02 0.0000000000e+00 -0.0000000000e+00
1.3737835475e+05 9.8451583509e-14 7.5203379130e-15 8.3060847058e+07 2.5642379135e+07 2.3661546713e-18 3.5692642068e-19 -2.8411277900e+03 -2.5656199438e+01 -4.6638886828e+09 -1.0018910518e+07 1.9134868891e+06 9.4386003086e+02 0.0000000000e+00 -0.0000000000e+00
1.3832221478e+05 1.0071746996e-13 7.8673885118e-15 8.0356338464e+07 2.5611023560e+07 2.4358334445e-18 3.7878541412e-19 -2.8900832762e+03 -4.1014071064e+01 -4.6638886722e+09 -1.0018910518e+07 1.9134868891e+06 9.8396677461e+02 0.0000000000e+00 -0.0000000000e+00
1.3930618156e+05 1.0315180831e-13 8.2522103922e-15 7.7486203906e+07 2.5562159002e+07 2.5129846737e-18 4.0380528270e-19 -2.9442888222e+03 -5.8592736374e+01 -4.6638886552e+09 -1.0018910518e+07 1.9134868891e+06 9.9868176286e+02 0.0000000000e+00 -0.0000000000e+00
1.4030486332e+05 1.0570273978e-13 8.6692613860e-15 7.4516807912e+07 2.5493963228e+07 2.5965467132e-18 4.3188188248e-19 -3.0029985281e+03 -7.8319025064e+01 -4.6638886307e+09 -1.0018910518e+07 1.9134868891e+06 9.9649082253e+02 0.0000000000e+00 -0.0000000000e+00
1.4130135414e+05 1.0833415271e-13 9.1148657686e-15 7.1493449041e+07 2.5405212964e+07 2.6858618218e-18 4.6302814626e-19 -3.0657502726e+03 -1.0020202357e+02 -4.6638885979e+09 -1.0018910518e+07 1.9134868891e+06 9.8249189423e+02 0.0000000000e+00 -0.0000000000e+00
1.4228384604e+05 1.1101890749e-13 9.5863191082e-15 6.8449113285e+07 2.5295150142e+07 2.7804903401e-18 4.9732458455e-19 -3.1322351563e+03 -1.2429829763e+02 -4.6638885557e+09 -1.0018910518e+07 1.9134868891e+06 9.6007777157e+02 0.0000000000e+00 -0.0000000000e+00
1.4324392381e+05 1.1373561756e-13 1.0081476799e-14 6.5408745546e+07 2.5163387142e+07 2.8801233313e-18 5.3489711598e-19 -3.2022361238e+03 -1.5069631618e+02 -4.6638885034e+09 -1.0018910518e+07 1.9134868891e+06 9.3165695106e+02 0.0000000000e+00 -0.0000000000e+00
1.4417558076e+05 1.1646691074e-13 1.0598541458e-14 6.2391631370e+07 2.5009834579e+07 2.9845358220e-18 5.7590605619e-19 -3.2755951113e+03 -1.7950871511e+02 -4.6638884400e+09 -1.0018910518e+07 1.9134868891e+06 8.9901164516e+02 0.0000000000e+00 -0.0000000000e+00
1.4507459240e+05 1.1919839808e-13 1.1135944193e-14 5.9412859649e+07 2.4834643739e+07 3.0935592738e-18 6.2054036664e-19 -3.3521937059e+03 -2.1086825653e+02 -4.6638883646e+09 -1.0018910518e+07 1.9134868891e+06 8.6349636034e+02 0.0000000000e+00 -0.0000000000e+00
1.4593808876e+05 1.2191801608e-13 1.1692274787e-14 5.6484288889e+07 2.4638159346e+07 3.2070641165e-18 6.6901467017e-19 -3.4319408731e+03 -2.4492573190e+02 -4.6638882763e+09 -1.0018910518e+07 1.9134868891e+06 8.2615791898e+02 0.0000000000e+00 -0.0000000000e+00
1.4676424668e+05 1.2461558134e-13 1.2266239290e-14 5.3615222771e+07 2.4420880091e+07 3.3249479430e-18 7.2156785913e-19 -3.5147646627e+03 -2.8184898419e+02 -4.6638881741e+09 -1.0018910518e+07 1.9134868891e+06 7.8781315226e+02 0.0000000000e+00 -0.0000000000e+00
1.4755205984e+05 1.2728247332e-13 1.2856633858e-14 5.0812904138e+07 2.4183425241e+07 3.4471270634e-18 7.7846269809e-19 -3.6006062753e+03 -3.2182262870e+02 -4.6638880570e+09 -1.0018910518e+07 1.9134868891e+06 7.4910206053e+02 0.0000000000e+00 -0.0000000000e+00
1.4830116190e+05 1.2991139814e-13 1.3462328591e-14 4.8082889369e+07 2.3926506186e+07 3.5735301277e-18 8.3998609840e-19 -3.6894155812e+03 -3.6504824594e+02 -4.6638879240e+09 -1.0018910518e+07 1.9134868891e+06 7.1052586536e+02 0.0000000000e+00 -0.0000000000e+00
1.4901168776e+05 1.3249620583e-13 1.4082257762e-14 4.5429340358e+07 2.3650902058e+07 3.7040930472e-18 9.0644988485e-19 -3.7811475524e+03 -4.1174492038e+02 -4.6638877740e+09 -1.0018910518e+07 1.9134868891e+06 6.7247524922e+02 0.0000000000e+00 -0.0000000000e+00
1.4968416301e+05 1.3503174414e-13 1.4715414207e-14 4.2855257521e+07 2.3357438798e+07 3.8387547296e-18 9.7819195299e-19 -3.8757592662e+03 -4.6215005343e+02 -4.6638876060e+09 -1.0018910518e+07 1.9134868891e+06 6.3525193649e+02 0.0000000000e+00 -0.0000000000e+00
1.5031941495e+05 1.3751373820e-13 1.5360846481e-14 4.0362669188e+07 2.3046971117e+07 3.9774533068e-18 1.0555777622e-18 -3.9732072548e+03 -5.1652041256e+02 -4.6638874188e+09 -1.0018910518e+07 1.9134868891e+06 5.9908556610e+02 0.0000000000e+00 -0.0000000000e+00
1.5091850051e+05 1.3993868912e-13 1.6017657889e-14 3.7952787825e+07 2.2720366958e+07 4.1201226282e-18 1.1390021386e-18 -4.0734450416e+03 -5.7513339798e+02 -4.6638872112e+09 -1.0018910518e+07 1.9134868891e+06 5.6414712976e+02 0.0000000000e+00 -0.0000000000e+00
1.5148264764e+05 1.4230378688e-13 1.6685006815e-14 3.5626140363e+07 2.2378494058e+07 4.2666888502e-18 1.2288913826e-18 -4.1764207448e+03 -6.3828852326e+02 -4.6638869821e+09 -1.0018910518e+07 1.9134868891e+06 5.3055982077e+02 0.0000000000e+00 -0.0000000000e+00
1.5201320746e+05 1.4460683429e-13 1.7362107953e-14 3.3382677948e+07 2.2022208324e+07 4.4170669836e-18 1.3257056891e-18 -4.2820746522e+03 -7.0630911601e+02 -4.6638867301e+09 -1.0018910518e+07 1.9134868891e+06 4.9840789430e+02 0.0000000000e+00 -0.0000000000e+00
1.5251161536e+05 1.4684617995e-13 1.8048234236e-14 3.1221868961e+07 2.1652343713e+07 4.5711572805e-18 1.4299419039e-18 -4.3903366819e+03 -7.7954425424e+02 -4.6638864542e+09 -1.0018910518e+07 1.9134868891e+06 4.6774395842e+02 0.0000000000e+00 -0.0000000000e+00
1.5297935932e+05 1.4902065849e-13 1.8742719297e-14 2.9142778294e+07 2.1269703378e+07 4.7288413463e-18 1.5421366485e-18 -4.5011236515e+03 -8.5837096187e+02 -4.6638861528e+09 -1.0018910518e+07 1.9134868891e+06 4.3859501441e+02 0.0000000000e+00 -0.0000000000e+00
1.5341795433e+05 1.5112953705e-13 1.9444960414e-14 2.7144135123e+07 2.0875051832e+07 4.8899778628e-18 1.6628698597e-18 -4.6143362722e+03 -9.4319669567e+02 -4.6638858249e+09 -1.0018910518e+07 1.9134868891e+06 4.1096748239e+02 0.0000000000e+00 -0.0000000000e+00
1.5382892181e+05 1.5317246718e-13 2.0154421934e-14 2.5224390986e+07 2.0469107913e+07 5.0543977954e-18 1.7927688041e-18 -4.7298557826e+03 -1.0344621658e+03 -4.6638854689e+09 -1.0018910518e+07 1.9134868891e+06 3.8485139769e+02 0.0000000000e+00 -0.0000000000e+00
1.5421377321e+05 1.5514944146e-13 2.0870639231e-14 2.3381769557e+07 2.0052538314e+07 5.2218989459e-18 1.9325126431e-18 -4.8475401203e+03 -1.1326445430e+03 -4.6638850838e+09 -1.0018910518e+07 1.9134868891e+06 3.6022392242e+02 0.0000000000e+00 -0.0000000000e+00
1.5457399713e+05 1.5706075441e-13 2.1593223277e-14 2.1614309301e+07 1.9625951471e+07 5.3922396799e-18 2.0828376455e-18 -4.9672195160e+03 -1.2382611212e+03 -4.6638846681e+09 -1.0018910518e+07 1.9134868891e+06 3.3705229302e+02 0.0000000000e+00 -0.0000000000e+00
1.5491104943e+05 1.5890696727e-13 2.2321866008e-14 1.9919899893e+07 1.9189891559e+07 5.5651316284e-18 2.2445431689e-18 -5.0886913650e+03 -1.3518735195e+03 -4.6638842208e+09 -1.0018910518e+07 1.9134868891e+06 3.1529629560e+02 0.0000000000e+00 -0.0000000000e+00
1.5522634572e+05 1.6068887644e-13 2.3056346671e-14 1.8296313195e+07 1.8744832361e+07 5.7402311090e-18 2.4184985658e-18 -5.2117142001e+03 -1.4740925348e+03 -4.6638837406e+09 -1.0018910518e+07 1.9134868891e+06 2.9491035395e+02 0.0000000000e+00 -0.0000000000e+00
1.5552125608e+05 1.6240748526e-13 2.3796539443e-14 1.6741229390e+07 1.8291170697e+07 5.9171289469e-18 2.6056512132e-18 -5.3360005398e+03 -1.6055837831e+03 -4.6638832267e+09 -1.0018910518e+07 1.9134868891e+06 2.7584529936e+02 0.0000000000e+00 -0.0000000000e+00
1.5579710138e+05 1.6406397907e-13 2.4542422724e-14 1.5252258755e+07 1.7829219098e+07 6.0953382849e-18 2.8070359231e-18 -5.4612083241e+03 -1.7470743110e+03 -4.6638826782e+09 -1.0018910518e+07 1.9134868891e+06 2.5804987835e+02 0.0000000000e+00 -0.0000000000e+00
1.5605515125e+05 1.6565970333e-13 2.5294090584e-14 1.3826959473e+07 1.7359197286e+07 6.2742798418e-18 3.0237860693e-18 -5.5869305568e+03 -1.8993604137e+03 -4.6638820946e+09 -1.0018910518e+07 1.9134868891e+06 2.4147206023e+02 0.0000000000e+00 -0.0000000000e+00
1.5629662331e+05 1.6719614486e-13 2.6051767076e-14 1.2462851731e+07 1.6881221946e+07 6.4532639049e-18 3.2571468770e-18 -5.7126826538e+03 -2.0633169718e+03 -4.6638814757e+09 -1.0018910518e+07 1.9134868891e+06 2.2606018969e+02 0.0000000000e+00 -0.0000000000e+00
1.5652268350e+05 1.6867491622e-13 2.6815824336e-14 1.1157428276e+07 1.6395294093e+07 6.6314680873e-18 3.5084914680e-18 -5.8378868158e+03 -2.2399087244e+03 -4.6638808220e+09 -1.0018910518e+07 1.9134868891e+06 2.1176404418e+02 0.0000000000e+00 -0.0000000000e+00
1.5673444755e+05 1.7009774325e-13 2.7586805773e-14 9.9081614476e+06 1.5901283103e+07 6.8079095267e-18 3.7793404716e-18 -5.9618524954e+03 -2.4302040479e+03 -4.6638801343e+09 -1.0018910518e+07 1.9134868891e+06 1.9853584677e+02 0.0000000000e+00 -0.0000000000e+00
1.5693298339e+05 1.7146645616e-13 2.8365456139e-14 8.7125065842e+06 1.5398906133e+07 6.9814096638e-18 4.0713863106e-18 -6.0837516506e+03 -2.6353920186e+03 -4.6638794145e+09 -1.0018910518e+07 1.9134868891e+06 1.8633130875e+02 0.0000000000e+00 -0.0000000000e+00
1.5711931470e+05 1.7278298442e-13 2.9152761080e-14 7.5679014666e+06 1.4887701122e+07 7.1505489563e-18 4.3865237187e-18 -6.2025869276e+03 -2.8568038540e+03 -4.6638786656e+09 -1.0018910518e+07 1.9134868891e+06 1.7511078233e+02 0.0000000000e+00 -0.0000000000e+00
1.5729442549e+05 1.7404935625e-13 2.9949999878e-14 6.4717612510e+06 1.4366990779e+07 7.3136076625e-18 4.7268886882e-18 -6.3171500562e+03 -3.0959402773e+03 -4.6638778924e+09 -1.0018910518e+07 1.9134868891e+06 1.6484064456e+02 0.0000000000e+00 -0.0000000000e+00
1.5745926613e+05 1.7526770341e-13 3.0758816935e-14 5.4214679676e+06 1.3835833714e+07 7.4684869324e-18 5.0949090155e-18 -6.4259664092e+03 -3.3545070296e+03 -4.6638771015e+09 -1.0018910518e+07 1.9134868891e+06 1.5549507817e+02 0.0000000000e+00 -0.0000000000e+00
1.5761476121e+05 1.7644027276e-13 3.1581320286e-14 4.4143532145e+06 1.3292956983e+07 7.6126013711e-18 5.4933710528e-18 -6.5272195183e+03 -3.6344617692e+03 -4.6638763027e+09 -1.0018910518e+07 1.9134868891e+06 1.4705849480e+02 0.0000000000e+00 -0.0000000000e+00
1.5776181970e+05 1.7756944618e-13 3.2420219918e-14 3.4476720839e+06 1.2736661206e+07 7.7427291498e-18 5.9255094124e-18 -6.6186457647e+03 -3.9380770967e+03 -4.6638755096e+09 -1.0018910518e+07 1.9134868891e+06 1.3952895984e+02 0.0000000000e+00 -0.0000000000e+00
1.5790134866e+05 1.7865777094e-13 3.3279025688e-14 2.5185657795e+06 1.2164684592e+07 7.8547970440e-18 6.3951294419e-18 -6.6973833487e+03 -4.2680266045e+03 -4.6638747411e+09 -1.0018910518e+07 1.9134868891e+06 1.3235087739e+02 0.0000000000e+00 -0.0000000000e+00
1.5801225587e+05 1.7953325927e-13 3.4011266178e-14 1.7727321717e+06 1.1675188036e+07 7.9304830176e-18 6.8172345767e-18 -6.7505594234e+03 -4.5645927062e+03 -4.6638744503e+09 -1.0018910518e+07 1.9134868891e+06 1.1351845783e+02 0.0000000000e+00 -0.0000000000e+00
1.5810657330e+05 1.8028373520e-13 3.4672725572e-14 1.1342850919e+06 1.1231686820e+07 7.9807848657e-18 7.2154024876e-18 -6.7859009101e+03 -4.8443407961e+03 -4.6638743070e+09 -1.0018910518e+07 1.9134868891e+06 9.7172886625e+01 6.6026579251e-291 -4.6792945990e-283
1.5818350565e+05 1.8089887568e-13 3.5241284525e-14 6.1141481943e+05 1.0849542701e+07 8.0086725691e-18 7.5700593466e-18 -6.8054944824e+03 -5.0935185328e+03 -4.6638742525e+09 -1.0018910518e+07 1.9134868891e+06 8.1410667769e+01 1.4463784708e-265 -1.0450712609e-257
1.5823184346e+05 1.8128626224e-13 3.5612903326e-14 2.8226602450e+05 1.0599329323e+07 8.0185365248e-18 7.8078417738e-18 -6.8124247816e+03 -5.2605816687e+03 -4.6638742470e+09 -1.0018910518e+07 1.9134868891e+06 6.7163860915e+01 9.8036055857e-250 -7.1723851002e-242
1.5829098256e+05 1.8176059648e-13 3.6083657014e-14 -1.2070260950e+05 1.0281896483e+07 8.0208266744e-18 8.1155390130e-18 -6.8140338138e+03 -5.4767661290e+03 -4.6638742326e+09 -1.0018910518e+07 1.9134868891e+06 5.4992656328e+01 1.7137565569e-230 -1.2734699121e-222
1.5834597522e+05 1.8220148204e-13 3.6538221421e-14 -4.9528320957e+05 9.9749046115e+06 8.0115095760e-18 8.4191747572e-18 -6.8074877301e+03 -5.6900970307e+03 -4.6638742232e+09 -1.0018910518e+07 1.9134868891e+06 7.0760164813e+01 9.3668911567e-213 -7.0640610088e-205
1.5841673538e+05 1.8276740166e-13 3.7148537077e-14 -9.7629635078e+05 9.5620332643e+06 7.9798932453e-18 8.8361376069e-18 -6.7852744681e+03 -5.9830502235e+03 -4.6638741961e+09 -1.0018910518e+07 1.9134868891e+06 7.8650462117e+01 3.2772223308e-190 -2.5199925438e-182
1.5849538585e+05 1.8339263381e-13 3.7862907136e-14 -1.5082820410e+06 9.0778307509e+06 7.9129017321e-18 9.3361088957e-18 -6.7382070190e+03 -6.3343241689e+03 -4.6638741616e+09 -1.0018910518e+07 1.9134868891e+06 8.3267501350e+01 1.2670121655e-165 -9.9598219565e-158
1.5857865335e+05 1.8404702532e-13 3.8663837485e-14 -2.0661968325e+06 8.5338513661e+06 7.7961251216e-18 9.9089601020e-18 -6.6561611463e+03 -6.7368026871e+03 -4.6638741192e+09 -1.0018910518e+07 1.9134868891e+06 8.6811181408e+01 2.7227882557e-140 -2.1918072799e-132
1.5866546453e+05 1.8471630486e-13 3.9551700287e-14 -2.6387487004e+06 7.9295920013e+06 7.6110285626e-18 1.0554119510e-17 -6.5261144816e+03 -7.1900840967e+03 -4.6638740054e+09 -1.0018910518e+07 1.9134868891e+06 9.1142425175e+01 7.1619098307e-115 -5.9111882170e-107
1.5875660695e+05 1.8539790610e-13 4.0546394833e-14 -3.2250628631e+06 7.2512489434e+06 7.3291713941e-18 1.1281099564e-17 -6.3280849509e+03 -7.7008517306e+03 -4.6638735435e+09 -1.0018910518e+07 1.9134868891e+06 1.0015961965e+02 1.3776029723e-89 -1.1671376333e-81
1.5885676657e+05 1.8611126832e-13 4.1718370290e-14 -3.8443204462e+06 6.4503803187e+06 6.8904555398e-18 1.2127978075e-17 -6.0198483531e+03 -8.2958586085e+03 -4.6638713843e+09 -1.0018910518e+07 1.9134868891e+06 9.9449596123e+01 6.0939352071e-64 -5.3092739444e-56
1.5894473477e+05 1.8669554982e-13 4.2818926010e-14 -4.3585174683e+06 5.6969458766e+06 6.3707501545e-18 1.2895399760e-17 -5.6547094635e+03 -8.8350400562e+03 -4.6638686451e+09 -1.0018910518e+07 1.9134868891e+06 8.7982510031e+01 9.3294550079e-44 -8.3183655849e-36
1.5903271728e+05 1.8722795829e-13 4.3987215321e-14 -4.8362859688e+06 4.8959258307e+06 5.7066227830e-18 1.3658487799e-17 -5.1881013856e+03 -9.3711767348e+03 -4.6638636259e+09 -1.0018910518e+07 1.9134868891e+06 7.9500585895e+01 2.8664034454e-26 -2.6097858020e-18
1.5911221787e+05 1.8765334529e-13 4.5099474602e-14 -5.2288648427e+06 4.1323624080e+06 4.9735975888e-18 1.4314698429e-17 -4.6730865080e+03 -9.8322226033e+03 -4.6638591007e+09 -1.0018910518e+07 1.9134868891e+06 7.3378237119e+01 3.1879385421e-13 -2.9498979086e-05
1.5916252203e+05 1.8789044162e-13 4.5829349061e-14 -5.4547392195e+06 3.6308854767e+06 4.4447072233e-18 1.4698737879e-17 -4.3014943563e+03 -1.0102044196e+04 -4.6638592754e+09 -1.0018910491e+07 1.9134869509e+06 6.8174978896e+01 1.6949244210e-06 -1.5818319625e+02
1.5916933953e+05 1.8792048682e-13 4.5929727082e-14 -5.4838843770e+06 3.5618957893e+06 4.3692906788e-18 1.4748328014e-17 -4.2485075661e+03 -1.0136885610e+04 -4.6638624661e+09 -1.0018910378e+07 1.9134872185e+06 3.4087489448e+01 1.1045404967e-05 -1.0319182668e+03
1.5918315135e+05 1.8797976533e-13 4.6134111346e-14 -5.5418126859e+06 3.4214070787e+06 4.2138604472e-18 1.4846767236e-17 -4.1393035198e+03 -1.0206046396e+04 -4.6640093652e+09 -1.0018905328e+07 1.9134995704e+06 2.4561504753e+01 4.1576583203e-04 -3.8921819944e+04
1.5919295000e+05 1.8802050632e-13 4.6279924448e-14 -5.5819864126e+06 3.3211664060e+06 4.1014884285e-18 1.4914878646e-17 -4.0603457427e+03 -1.0253884333e+04 -4.6656576554e+09 -1.0018849918e+07 1.9136384443e+06 1.4248400491e+01 4.7454614164e-03 -4.4485158229e+05
1.5920128922e+05 1.8805430600e-13 4.6404540417e-14 -5.6155628826e+06 3.2354904696e+06 4.0045084537e-18 1.4971663672e-17 -3.9921630344e+03 -1.0293663787e+04 -4.6774450288e+09 -1.0018461307e+07 1.9146332633e+06 9.5676218843e+00 3.4373669614e-02 -3.2258273427e+06
1.5920786343e+05 1.8808037880e-13 4.6503112343e-14 -5.6416295059e+06 3.1677170699e+06 3.9271992650e-18 1.5015637459e-17 -3.9376576341e+03 -1.0324067188e+04 -4.7269331075e+09 -1.0016855879e+07 1.9188158069e+06 7.0142487836e+00 1.5416042446e-01 -1.4478866285e+07
1.5921321088e+05 1.8810120991e-13 4.6583502088e-14 -5.6625657058e+06 3.1124465205e+06 3.8637697010e-18 1.5050876159e-17 -3.8925335504e+03 -1.0347347216e+04 -4.8754242115e+09 -1.0012102524e+07 1.9313810812e+06 5.5326463966e+00 5.0217096276e-01 -4.7188982943e+07
1.5921770699e+05 1.8811846124e-13 4.6651238378e-14 -5.6799797023e+06 3.0658841613e+06 3.8100645612e-18 1.5080129409e-17 -3.8534676722e+03 -1.0364331910e+04 -5.2334310916e+09 -1.0000769654e+07 1.9617115935e+06 4.5873793346e+00 1.3177892771e+00 -1.2385751016e+08
1.5922159965e+05 1.8813320158e-13 4.6709989036e-14 -5.6949114028e+06 3.0255175626e+06 3.7632953269e-18 1.5105174826e-17 -3.8178576372e+03 -1.0374487599e+04 -5.9789749151e+09 -9.9773902240e+06 2.0249594675e+06 3.9425665506e+00 2.9731872777e+00 -2.7937497988e+08
1.5922505682e+05 1.8814613982e-13 4.6762248272e-14 -5.7080518534e+06 2.9896458728e+06 3.7215492383e-18 1.5127196158e-17 -3.7833886104e+03 -1.0375923978e+04 -7.3828031605e+09 -9.9337111375e+06 2.1442616457e+06 3.4858976451e+00 6.0152150933e+00 -5.6468131026e+08
1.5922854272e+05 1.8815903911e-13 4.6815018520e-14 -5.7211726520e+06 2.9534934138e+06 3.6792594270e-18 1.5149186513e-17 -3.7433536131e+03 -1.0362916200e+04 -1.0221367346e+10 -9.8459684135e+06 2.3861541540e+06 3.1466665462e+00 1.2008448002e+01 -1.1246568460e+09
1.5923168938e+05 1.8817055623e-13 4.6862718943e-14 -5.7328844447e+06 2.9209322590e+06 3.6409175954e-18 1.5168850687e-17 -3.6988253748e+03 -1.0327807895e+04 -1.5079982683e+10 -9.6964558062e+06 2.8020091936e+06 2.9321091986e+00 2.1977357298e+01 -2.0493129523e+09
1.5923462149e+05 1.8818117924e-13 4.6907222336e-14 -5.7436544254e+06 2.8907389576e+06 3.6050492386e-18 1.5187014093e-17 -3.6448403970e+03 -1.0259843645e+04 -2.3041779663e+10 -9.4517893215e+06 3.4881771822e+06 2.9110855318e+00 3.7790438418e+01 -3.4974399551e+09
1.5923753258e+05 1.8819162185e-13 4.6951459095e-14 -5.7541642964e+06 2.8610341647e+06 3.5693059860e-18 1.5204894349e-17 -3.5717143486e+03 -1.0136654487e+04 -3.6282208854e+10 -9.0436766143e+06 4.6420659111e+06 3.9956301486e+00 6.3025657393e+01 -5.7576339206e+09
1.5923979515e+05 1.8819966616e-13 4.6985876931e-14 -5.7621624728e+06 2.8382616353e+06 3.5414363486e-18 1.5218686518e-17 -3.4947495647e+03 -9.9829260188e+03 -5.1979365839e+10 -8.5559134259e+06 6.0311247246e+06 2.4401616174e+00 9.1529170070e+01 -8.2288532821e+09
1.5924178987e+05 1.8820670577e-13 4.7016245988e-14 -5.7690494447e+06 2.8185312841e+06 3.5168030653e-18 1.5230770533e-17 -3.4069248275e+03 -9.7893592032e+03 -7.1027208564e+10 -7.9565131275e+06 7.7486083943e+06 2.0237159404e+00 1.2427909516e+02 -1.0949577486e+10
1.5924359523e+05 1.8821303469e-13 4.7043752787e-14 -5.7751133929e+06 2.8010600957e+06 3.4944586932e-18 1.5241647394e-17 -3.3073258555e+03 -9.5552412399e+03 -9.3297637262e+10 -7.2433624558e+06 9.8035677008e+06 1.8154383889e+00 1.6015560115e+02 -1.3764919813e+10
1.5924541066e+05 1.8821935824e-13 4.7071432945e-14 -5.7810099343e+06 2.7839764255e+06 3.4719435222e-18 1.5252528684e-17 -3.1847011818e+03 -9.2534066122e+03 -1.2098345693e+11 -6.3355133304e+06 1.2434145095e+07 1.7047631210e+00 2.0119874454e+02 -1.6736092731e+10
1.5924711543e+05 1.8822525903e-13 4.7097443567e-14 -5.7863250198e+06 2.7684906295e+06 3.4507604675e-18 1.5262696596e-17 -3.0471799283e+03 -8.9031998735e+03 -1.5180687146e+11 -5.2930878785e+06 1.5471625149e+07 1.6846028668e+00 2.4220693751e+02 -1.9373378439e+10
1.5924880003e+05 1.8823105453e-13 4.7123163580e-14 -5.7913286272e+06 2.7538296693e+06 3.4297910709e-18 1.5272698348e-17 -2.8897201188e+03 -8.4919856534e+03 -1.8632863271e+11 -4.0799087345e+06 1.9026676477e+07 1.8113251717e+00 2.8205003291e+02 -2.1505359477e+10
1.5925061136e+05 1.8823724655e-13 4.7150837106e-14 -5.7963927426e+06 2.7388997872e+06 3.4072055341e-18 1.5283403825e-17 -2.6983792970e+03 -7.9821306223e+03 -2.2672024908e+11 -2.5883925747e+06 2.3424377355e+07 2.5479651831e+00 3.1995302215e+02 -2.2915062345e+10
1.5925212905e+05 1.8824240327e-13 4.7174039452e-14 -5.8003569003e+06 2.7271393839e+06 3.3882521845e-18 1.5292337110e-17 -2.5236845483e+03 -7.5096165053e+03 -2.6182544049e+11 -1.2166766146e+06 2.7494096923e+07 1.6091776623e+00 3.4455567490e+02 -2.3202314016e+10
1.5925355873e+05 1.8824723460e-13 4.7195908554e-14 -5.8038421288e+06 2.7167382853e+06 3.3703753273e-18 1.5300723474e-17 -2.3508492251e+03 -7.0371673450e+03 -2.9471876062e+11 1.4566304075e+05 3.1559998155e+07 1.4395668548e+00 3.5977552946e+02 -2.2689356163e+10
1.5925499830e+05 1.8825207351e-13 4.7217941030e-14 -5.8070983635e+06 2.7069601052e+06 3.3523540125e-18 1.5309141369e-17 -2.1727170801e+03 -6.5461639791e+03 -3.2658662664e+11 1.5521629817e+06 3.5783798431e+07 1.3798363664e+00 3.6638333162e+02 -2.1480022454e+10
1.5925637813e+05 1.8825668729e-13 4.7239070694e-14 -5.8099783128e+06 2.6982547008e+06 3.3350622162e-18 1.5317186737e-17 -2.0019087970e+03 -6.0722081657e+03 -3.5512207624e+11 2.9007667805e+06 3.9860469784e+07 1.3975478192e+00 3.6454889532e+02 -1.9811926474e+10
1.5925777568e+05 1.8826133595e-13 4.7260482876e-14 -5.8126570053e+06 2.6901003793e+06 3.3175316267e-18 1.5325313876e-17 -1.8323521467e+03 -5.5992410468e+03 -3.8142853622e+11 4.2373056277e+06 4.3929225569e+07 1.5155434884e+00 3.5535809519e+02 -1.7795339652e+10
1.5925929122e+05 1.8826634939e-13 4.7283715720e-14 -5.8152990860e+06 2.6819922487e+06 3.2985032856e-18 1.5334104692e-17 -1.6558184804e+03 -5.1046743167e+03 -4.0662701921e+11 5.6242045384e+06 4.8185541531e+07 2.2726958145e+00 3.3863612139e+02 -1.5447001499e+10
1.5926072543e+05 1.8827106721e-13 4.7305713943e-14 -5.8175596840e+06 2.6749919085e+06 3.2804806769e-18 1.5342403994e-17 -1.4982902380e+03 -4.6618928301e+03 -4.2718988894e+11 6.8555635799e+06 5.1998747594e+07 1.4940783646e+00 3.1816481930e+02 -1.3242763777e+10
1.5926202894e+05 1.8827533267e-13 4.7325717853e-14 -5.8194245138e+06 2.6691634834e+06 3.2640884343e-18 1.5349931814e-17 -1.3645124125e+03 -4.2850572249e+03 -4.4320751865e+11 7.8947806234e+06 5.5246806380e+07 1.3114164578e+00 2.9713925466e+02 -1.1358168083e+10
1.5926334036e+05 1.8827960243e-13 4.7345852965e-14 -5.8211309755e+06 2.6637780043e+06 3.2475862032e-18 1.5357491930e-17 -1.2396038045e+03 -3.9327537291e+03 -4.5695156279e+11 8.8579524677e+06 5.8286535108e+07 1.2291324179e+00 2.7487312647e+02 -9.6342109168e+09
1.5926456949e+05 1.8828358463e-13 4.7364733705e-14 -5.8225872936e+06 2.6591341018e+06 3.2321104992e-18 1.5364566533e-17 -1.1315081958e+03 -3.6277007010e+03 -4.6789293516e+11 9.6843442370e+06 6.0921735375e+07 1.1852308710e+00 2.5384159176e+02 -8.1992319424e+09
1.5926575472e+05 1.8828740658e-13 4.7382948302e-14 -5.8238706493e+06 2.6549973888e+06 3.2171800013e-18 1.5371379050e-17 -1.0353767941e+03 -3.3564350065e+03 -4.7687555105e+11 1.0412296218e+07 6.3268178132e+07 1.1605514275e+00 2.3398735694e+02 -6.9859863869e+09
1.5926691527e+05 1.8829113180e-13 4.7400791444e-14 -5.8250212523e+06 2.6512459285e+06 3.2025537182e-18 1.5378041470e-17 -9.4867448066e+02 -3.1119357382e+03 -4.8437008517e+11 1.1061917720e+07 6.5386209885e+07 1.1485296214e+00 2.1532575553e+02 -5.9544606964e+09
1.5926806380e+05 1.8829480171e-13 4.7418457363e-14 -5.8260648656e+06 2.6478012835e+06 3.1880728821e-18 1.5384627458e-17 -8.6973171048e+02 -2.8895809946e+03 -4.9069103552e+11 1.1646451713e+07 6.7315556728e+07 1.1448820015e+00 1.9785237107e+02 -5.0748904129e+09
1.5926920868e+05 1.8829844341e-13 4.7436074701e-14 -5.8270186180e+06 2.6446111565e+06 3.1736324274e-18 1.5391185739e-17 -7.9740490906e+02 -2.6862072032e+03 -4.9606015642e+11 1.2174991129e+07 6.9083400005e+07 1.1472808256e+00 1.8155625857e+02 -4.3242244711e+09
1.5927035597e+05 1.8830207615e-13 4.7453736480e-14 -5.8278947392e+06 2.6416380183e+06 3.1591564572e-18 1.5397751466e-17 -7.3084386723e+02 -2.4994613817e+03 -5.0064377794e+11 1.2654309491e+07 7.0709950012e+07 1.1543054903e+00 1.6641382359e+02 -3.6835730371e+09
1.5927151027e+05 1.8830571438e-13 4.7471513999e-14 -5.8287023746e+06 2.6388536002e+06 3.1445868699e-18 1.5404351508e-17 -6.6938175910e+02 -2.3274956667e+03 -5.0457153917e+11 1.3089727835e+07 7.2211074036e+07 1.1650147975e+00 1.5238977828e+02 -3.1370408565e+09
1.5927267529e+05 1.8830936930e-13 4.7489464174e-14 -5.8294485887e+06 2.6362358597e+06 3.1298773500e-18 1.5411007238e-17 -6.1247576814e+02 -2.1688027735e+03 -5.0794710826e+11 1.3485583505e+07 7.3599711648e+07 1.1787442093e+00 1.3943968973e+02 -2.6710822334e+09
1.5927385403e+05 1.8831304985e-13 4.7507633776e-14 -5.8301389706e+06 2.6337671553e+06 3.1149899032e-18 1.5417736154e-17 -5.5967193601e+02 -2.0221187535e+03 -5.1085489697e+11 1.3845508246e+07 7.4886710906e+07 1.1949986489e+00 1.2751261331e+02 -2.2740855860e+09
1.5927504903e+05 1.8831676324e-13 4.7526062023e-14 -5.8307780236e+06 2.6314330768e+06 3.0998927343e-18 1.5424552868e-17 -5.1058289559e+02 -1.8863614668e+03 -5.1336455142e+11 1.4172604797e+07 7.6081357262e+07 1.2133913503e+00 1.1655339701e+02 -1.9360732664e+09
1.5927626242e+05 1.8832051532e-13 4.7544782239e-14 -5.8313694286e+06 2.6292216563e+06 3.0845588924e-18 1.5431469741e-17 -4.6487299816e+02 -1.7605895036e+03 -5.1553410920e+11 1.4469565221e+07 7.7191726515e+07 1.2336066038e+00 1.0650457106e+02 -1.6484666982e+09
1.5927749603e+05 1.8832431083e-13 4.7563822937e-14 -5.8319162298e+06 2.6271228168e+06 3.0689653826e-18 1.5438497300e-17 -4.2224795442e+02 -1.6439735617e+03 -5.1741230602e+11 1.4738753652e+07 7.8224930601e+07 1.2553760135e+00 9.7307846594e+01 -1.4038932168e+09
1.5927875140e+05 1.8832815358e-13 4.7583208543e-14 -5.8324209700e+06 2.6251279737e+06 3.0530925755e-18 1.5445644516e-17 -3.8244736324e+02 -1.5357757744e+03 -5.1904031317e+11 1.4982266273e+07 7.9187294970e+07 1.2784630941e+00 8.8905275250e+01 -1.1960224481e+09
1.5928002987e+05 1.8833204651e-13 4.7602959880e-14 -5.8328857921e+06 2.6232297380e+06 3.0369238097e-18 1.5452918998e-17 -3.4523915386e+02 -1.4353342968e+03 -5.2045307894e+11 1.5201976184e+07 8.0084490735e+07 1.3026526092e+00 8.1240124436e+01 -1.0194253990e+09
1.5928133252e+05 1.8833599183e-13 4.7623094491e-14 -5.8333125172e+06 2.6214216921e+06 3.0204451277e-18 1.5460327114e-17 -3.1041535468e+02 -1.3420515305e+03 -5.2168038442e+11 1.5399567788e+07 8.0921635518e+07 1.3277436233e+00 7.4257522822e+01 -8.6945217476e+08
1.5928266026e+05 1.8833999106e-13 4.7643626852e-14 -5.8337027067e+06 2.6196982151e+06 3.0036450991e-18 1.5467874082e-17 -2.7778879131e+02 -1.2553848964e+03 -5.2274768820e+11 1.5576563806e+07 8.1703372399e+07 1.3535447752e+00 6.7904918528e+01 -7.4212544121e+08
1.5928401381e+05 1.8834404503e-13 4.7664568517e-14 -5.8340577117e+06 2.6180543457e+06 2.9865147028e-18 1.5475564025e-17 -2.4719046289e+02 -1.1748394664e+03 -5.2367681095e+11 1.5734346871e+07 8.2433932893e+07 1.3798711372e+00 6.2132388771e+01 -6.3404756362e+08
1.5928539368e+05 1.8834815399e-13 4.7685928208e-14 -5.8343787148e+06 2.6164856720e+06 2.9690472485e-18 1.5483400014e-17 -2.1846742355e+02 -1.0999619836e+03 -5.2448649612e+11 1.5874177068e+07 8.3117188021e+07 1.4065427391e+00 5.6892832510e+01 -5.4231973594e+08
1.5928680022e+05 1.8835231755e-13 4.7707711887e-14 -5.8346667636e+06 2.6149882423e+06 2.9512383167e-18 1.5491384096e-17 -1.9148103872e+02 -1.0303359158e+03 -5.2519287358e+11 1.5997206398e+07 8.3756690537e+07 1.4333838968e+00 5.2142069966e+01 -4.6447163935e+08
1.5928823360e+05 1.8835653480e-13 4.7729922817e-14 -5.8349228008e+06 2.6135584921e+06 2.9330857068e-18 1.5499517325e-17 -1.6610553474e+02 -9.6557732594e+02 -5.2580984553e+11 1.6104490796e+07 8.4355710192e+07 1.4602234447e+00 4.7838870981e+01 -3.9840040390e+08
1.5928969383e+05 1.8836080426e-13 4.7752561623e-14 -5.8351476889e+06 2.6121931828e+06 2.9145893819e-18 1.5507799784e-17 -1.4222677654e+02 -9.0533138213e+02 -5.2634940987e+11 1.6197000188e+07 8.4917263559e+07 1.4868957655e+00 4.3944928589e+01 -3.4231775299e+08
1.5929118072e+05 1.8836512394e-13 4.7775626373e-14 -5.8353422321e+06 2.6108893516e+06 2.8957514005e-18 1.5516230623e-17 -1.1974122462e+02 -8.4926938070e+02 -5.2682193262e+11 1.6275626954e+07 8.5444139542e+07 1.5132424197e+00 4.0424790987e+01 -2.9470433129e+08
1.5929269397e+05 1.8836949141e-13 4.7799112682e-14 -5.8355071953e+06 2.6096442686e+06 2.8765758276e-18 1.5524808098e-17 -9.8555035807e+01 -7.9708618818e+02 -5.2723637823e+11 1.6341193038e+07 8.5938921362e+07 1.5391142879e+00 3.7245762676e+01 -2.5427032647e+08
1.5929423308e+05 1.8837390378e-13 4.7823013848e-14 -5.8356433201e+06 2.6084554006e+06 2.8570686181e-18 1.5533529627e-17 -7.8583280451e+01 -7.4849803205e+02 -5.2760050535e+11 1.6394455904e+07 8.6404005659e+07 1.5643739863e+00 3.4377783286e+01 -2.1992158777e+08
1.5929579745e+05 1.8837835779e-13 4.7847321030e-14 -5.8357513392e+06 2.6073203813e+06 2.8372374697e-18 1.5542391854e-17 -5.9749256162e+01 -7.0324058932e+02 -5.2792103346e+11 1.6436113492e+07 8.6841619140e+07 1.5888989513e+00 3.1793290976e+01 -1.9073053335e+08
1.5929738635e+05 1.8838284987e-13 4.7872023469e-14 -5.8358319881e+06 2.6062369852e+06 2.8170916363e-18 1.5551390735e-17 -4.1983876449e+01 -6.6106731920e+02 -5.2820378531e+11 1.6466808302e+07 8.7253833254e+07 1.6125842800e+00 2.9467074959e+01 -1.6591120831e+08
1.5929881711e+05 1.8838686747e-13 4.7894279573e-14 -5.8358812617e+06 2.6053165426e+06 2.7989476914e-18 1.5559492198e-17 -2.7054498454e+01 -6.2601825778e+02 -5.2842728182e+11 1.6485352376e+07 8.7600132216e+07 1.4597043280e+00 2.7599363606e+01 -1.4699757795e+08
1.5930004427e+05 1.8839029267e-13 4.7913377796e-14 -5.8359069921e+06 2.6045657188e+06 2.7833833498e-18 1.5566439572e-17 -1.4989756797e+01 -5.9795325748e+02 -5.2859886453e+11 1.6494952432e+07 8.7880174437e+07 1.2725884194e+00 2.6150176283e+01 -1.3295271213e+08
1.5930099670e+05 1.8839293790e-13 4.7928206298e-14 -5.8359169893e+06 2.6040061054e+06 2.7713020041e-18 1.5571830890e-17 -6.0654502641e+00 -5.7733846774e+02 -5.2872079424e+11 1.6498659241e+07 8.8087597099e+07 1.0676389144e+00 2.5113753704e+01 -1.2324945788e+08
1.5930206434e+05 1.8839588942e-13 4.7944834616e-14 -5.8359183150e+06 2.6034015539e+06 2.7577577630e-18 1.5577873669e-17 3.5082745408e+00 -5.5535480248e+02 -5.2884706062e+11 1.6499149694e+07 8.8310545729e+07 9.6221735918e-01 2.4036301964e+01 -1.1346600766e+08
1.5930302656e+05 1.8839853711e-13 4.7959826537e-14 -5.8359109386e+06 2.6028763261e+06 2.7455495890e-18 1.5583319182e-17 1.1767078967e+01 -5.3649337925e+02 -5.2895235850e+11 1.6496442317e+07 8.8503388433e+07 1.1758462884e+00 2.3136025278e+01 -1.0553013182e+08
1.5930420240e+05 1.8840175668e-13 4.7978154037e-14 -5.8358913864e+06 2.6022584921e+06 2.7306293057e-18 1.5589972997e-17 2.1408756448e+01 -5.1458368582e+02 -5.2907123210e+11 1.6489292643e+07 8.8729357408e+07 1.3023732270e+00 2.2119947735e+01 -9.6835493427e+07
1.5930550478e+05 1.8840530221e-13 4.7998462799e-14 -5.8358568460e+06 2.6016033807e+06 2.7141013986e-18 1.5597341974e-17 3.1540219059e+01 -4.9167129620e+02 -5.2919169310e+11 1.6476705414e+07 8.8968120252e+07 1.3927908515e+00 2.1093722970e+01 -8.8336210815e+07
1.5930689757e+05 1.8840907008e-13 4.8020192122e-14 -5.8358057202e+06 2.6009348075e+06 2.6964236051e-18 1.5605221681e-17 4.1774134800e+01 -4.6861565802e+02 -5.2930906356e+11 1.6458121916e+07 8.9211150787e+07 1.4637742360e+00 2.0101326908e+01 -8.0385776281e+07
1.5930836134e+05 1.8841300344e-13 4.8043040703e-14 -5.8357370859e+06 2.6002656915e+06 2.6778422035e-18 1.5613502118e-17 5.1898218708e+01 -4.4585870054e+02 -5.2942128631e+11 1.6433208498e+07 8.9454035693e+07 1.5231972002e+00 1.9164435443e+01 -7.3119733132e+07
1.5930988454e+05 1.8841706759e-13 4.8066829708e-14 -5.8356504238e+06 2.5996036637e+06 2.6585036300e-18 1.5622117882e-17 6.1784153028e+01 -4.2363893573e+02 -5.2952755405e+11 1.6401748979e+07 8.9694357039e+07 1.5754070483e+00 1.8293798951e+01 -6.6571590160e+07
1.5931145995e+05 1.8842124006e-13 4.8091447921e-14 -5.8355454685e+06 2.5989534211e+06 2.6384991965e-18 1.5631028199e-17 7.1349018060e+01 -4.0208283590e+02 -5.2962771150e+11 1.6363583855e+07 8.9930796300e+07 1.6231248527e+00 1.7494189133e+01 -6.0723999117e+07
1.5931308307e+05 1.8842550594e-13 4.8116826482e-14 -5.8354221146e+06 2.5983178774e+06 2.6178857069e-18 1.5640207709e-17 8.0536258523e+01 -3.8125023422e+02 -5.2972195693e+11 1.6318571639e+07 9.0162693445e+07 1.6682748201e+00 1.6766882012e+01 -5.5534290557e+07
1.5931475135e+05 1.8842985562e-13 4.8142926516e-14 -5.8352803505e+06 2.5976987833e+06 2.5966955552e-18 1.5649641951e-17 8.9305311492e+01 -3.6115918431e+02 -5.2981068103e+11 1.6266561003e+07 9.0389808667e+07 1.7124096906e+00 1.6111019359e+01 -5.0948085412e+07
1.5931646376e+05 1.8843428360e-13 4.8169733405e-14 -5.8351202029e+06 2.5970970799e+06 2.5749414270e-18 1.5659325262e-17 9.7625563449e+01 -3.4180043390e+02 -5.2989437645e+11 1.6207367492e+07 9.0612186775e+07 1.7569709345e+00 1.5524397556e+01 -4.6906771984e+07
1.5931822073e+05 1.8843878809e-13 4.8197255112e-14 -5.8349416837e+06 2.5965131048e+06 2.5526176995e-18 1.5669260136e-17 1.0547265895e+02 -3.2314610548e+02 -5.2997358677e+11 1.6140750503e+07 9.0830079634e+07 1.8034904839e+00 1.5003940102e+01 -4.3351612090e+07
1.5932002422e+05 1.8844337104e-13 4.8225523670e-14 -5.8347447287e+06 2.5959467055e+06 2.5296992772e-18 1.5679457740e-17 1.1282616282e+02 -3.0515479974e+02 -5.3004887947e+11 1.6066386468e+07 9.1043905823e+07 1.8488544107e+00 1.4545984781e+01 -4.0225905957e+07
1.5932187307e+05 1.8844802637e-13 4.8254522368e-14 -5.8345297111e+06 2.5953987094e+06 2.5062006305e-18 1.5689911641e-17 1.1965071795e+02 -2.8781911446e+02 -5.3012064981e+11 1.5984061268e+07 9.1253689847e+07 1.8657126218e+00 1.4147434710e+01 -3.7482775631e+07
1.5932373878e+05 1.8845268009e-13 4.8283805075e-14 -5.8343006064e+06 2.5948772266e+06 2.4824839393e-18 1.5700460773e-17 1.2582700695e+02 -2.7136474149e+02 -5.3018831198e+11 1.5894923644e+07 9.1456551433e+07 1.8842984895e+00 1.3809155374e+01 -3.5109756313e+07
1.5932562308e+05 1.8845733527e-13 4.8313399467e-14 -5.8340581868e+06 2.5943807819e+06 2.4585272026e-18 1.5711115018e-17 1.3136187556e+02 -2.5571947642e+02 -5.3025247888e+11 1.5798900396e+07 9.1653163336e+07 1.9043045806e+00 1.3524220893e+01 -3.3048243968e+07
1.5932752739e+05 1.8846199399e-13 4.8343328468e-14 -5.8338032612e+06 2.5939081363e+06 2.4343123180e-18 1.5721882517e-17 1.3625950038e+02 -2.4082557437e+02 -5.3031365809e+11 1.5695918916e+07 9.1844065007e+07 1.9258712407e+00 1.3286139858e+01 -3.1248483306e+07
1.5932945326e+05 1.8846665858e-13 4.8373617275e-14 -5.8335366273e+06 2.5934581381e+06 2.4098193901e-18 1.5732772202e-17 1.4052402319e+02 -2.2663473548e+02 -5.3037228138e+11 1.5585895595e+07 9.2029720339e+07 1.9489477672e+00 1.3088697841e+01 -2.9667546828e+07
1.5933140221e+05 1.8847133104e-13 4.8404290366e-14 -5.8332591012e+06 2.5930297518e+06 2.3850291601e-18 1.5743792718e-17 1.4416013245e+02 -2.1310867995e+02 -5.3042870890e+11 1.5468755270e+07 9.2210506331e+07 1.9731966183e+00 1.2925943852e+01 -2.8268439290e+07
1.5933337540e+05 1.8847601240e-13 4.8435366973e-14 -5.8329715636e+06 2.5926220922e+06 2.3599266566e-18 1.5754950797e-17 1.4717387677e+02 -2.0021982092e+02 -5.3048323091e+11 1.5344459946e+07 9.2386697682e+07 1.9978560409e+00 1.2792190734e+01 -2.7019402767e+07
1.5933537326e+05 1.8848070180e-13 4.8466854382e-14 -5.8326750279e+06 2.5922344642e+06 2.3345065972e-18 1.5766248863e-17 1.4957379261e+02 -1.8795206694e+02 -5.3053606624e+11 1.5213050636e+07 9.2558445643e+07 2.0215925152e+00 1.2682034435e+01 -2.5893416578e+07
1.5933739485e+05 1.8848539522e-13 4.8498738869e-14 -5.8323707292e+06 2.5918664044e+06 2.3087806729e-18 1.5777681796e-17 1.5137248139e+02 -1.7630150330e+02 -5.3058735837e+11 1.5074704270e+07 9.2725752905e+07 2.0424037758e+00 1.2590396149e+01 -2.4867865206e+07
1.5933943725e+05 1.8849008414e-13 4.8530975062e-14 -5.8320602244e+06 2.5915177092e+06 2.2827860728e-18 1.5789233143e-17 1.5258870856e+02 -1.6527639217e+02 -5.3063717097e+11 1.4929802450e+07 9.2888450997e+07 2.0576950620e+00 1.2512591527e+01 -2.3924327228e+07
1.5934149495e+05 1.8849475447e-13 4.8563476464e-14 -5.8317454702e+06 2.5911884237e+06 2.2565930452e-18 1.5800871769e-17 1.5324987094e+02 -1.5489553927e+02 -5.3068548733e+11 1.4778997569e+07 9.3046194119e+07 2.0646771216e+00 1.2444427467e+01 -2.3048398027e+07
1.5934355963e+05 1.8849938647e-13 4.8596112218e-14 -5.8314288247e+06 2.5908787591e+06 2.2303073960e-18 1.5812550743e-17 1.5339422716e+02 -1.4518395834e+02 -5.3073222015e+11 1.4623246700e+07 9.3198489391e+07 2.0611269437e+00 1.2382316607e+01 -2.2229415170e+07
1.5934562075e+05 1.8850395637e-13 4.8628715909e-14 -5.8311129165e+06 2.5905889244e+06 2.2040633004e-18 1.5824210539e-17 1.5307177902e+02 -1.3616549865e+02 -5.3077723740e+11 1.4463776152e+07 9.3344778598e+07 2.0462503261e+00 1.2323382660e+01 -2.1459952530e+07
1.5934766700e+05 1.8850843978e-13 4.8661108049e-14 -5.8308003742e+06 2.5903189063e+06 2.1780051210e-18 1.5835787108e-17 1.5234266157e+02 -1.2785395254e+02 -5.3082040212e+11 1.4301959206e+07 9.3484562015e+07 2.0211208623e+00 1.2265516415e+01 -2.0735046680e+07
1.5934968813e+05 1.8851281578e-13 4.8693125645e-14 -5.8304934980e+06 2.5900682848e+06 2.1522636181e-18 1.5847222451e-17 1.5127284634e+02 -1.2024596764e+02 -5.3086161417e+11 1.4139137521e+07 9.3617521752e+07 1.9883388921e+00 1.2207349791e+01 -2.0051293681e+07
1.5935167646e+05 1.8851707003e-13 4.8724646478e-14 -5.8301940087e+06 2.5898361713e+06 2.1269364854e-18 1.5858473252e-17 1.4992845143e+02 -1.1331880903e+02 -5.3090083719e+11 1.3976456528e+07 9.3743592384e+07 1.9511307288e+00 1.2148147924e+01 -1.9406063915e+07
1.5935362759e+05 1.8852119571e-13 4.8755599204e-14 -5.8299029633e+06 2.5896212837e+06 2.1020803490e-18 1.5869514434e-17 1.4837067425e+02 -1.0703333605e+02 -5.3093810304e+11 1.3814774575e+07 9.3862956845e+07 1.9124646720e+00 1.2087654027e+01 -1.8797009077e+07
1.5935554006e+05 1.8852519256e-13 4.8785959439e-14 -5.8296208251e+06 2.5894221023e+06 2.0777140269e-18 1.5880337707e-17 1.4665270009e+02 -1.0133992305e+02 -5.3097349831e+11 1.3654656119e+07 9.3975987438e+07 1.8745729106e+00 1.2025931761e+01 -1.8221859901e+07
1.5935741463e+05 1.8852906500e-13 4.8815738234e-14 -5.8293476121e+06 2.5892370292e+06 2.0538278874e-18 1.5890947405e-17 1.4481870405e+02 -9.6184534088e+01 -5.3100714403e+11 1.3496419128e+07 9.4083169364e+07 1.8388815816e+00 1.1963234836e+01 -1.7678400192e+07
1.5935925351e+05 1.8853282020e-13 4.8844969375e-14 -5.8290830524e+06 2.5890645090e+06 2.0303941062e-18 1.5901355938e-17 1.4290429354e+02 -9.1513320430e+01 -5.3103917711e+11 1.3340200097e+07 9.4185034438e+07 1.8061613495e+00 1.1899912784e+01 -1.7164503153e+07
1.5936105968e+05 1.8853646663e-13 4.8873699022e-14 -5.8288267091e+06 2.5889030989e+06 2.0073750132e-18 1.5911580077e-17 1.4093763956e+02 -8.7275412956e+01 -5.3106973702e+11 1.3186013515e+07 9.4282115212e+07 1.7767300621e+00 1.1836348826e+01 -1.6678167547e+07
1.5936105968e+05 1.8853646663e-13 4.8873699022e-14 -5.8288267091e+06 2.5889030989e+06 2.0073750132e-18 1.5911580077e-17 1.4093763956e+02 -8.7275412956e+01 -5.3106973702e+11 1.3186013515e+07 9.4282115212e+07 1.7767300621e+00 1.1836348826e+01 -1.6678167547e+07
