0.0000000000e+00 0.0000000000e+00 0.0000000000e+00 3.1415900000e+08 0.0000000000e+00 0.0000000000e+00 0.0000000000e+00 -1.1783996690e+03 2.2665881990e+02 -4.6638893022e+09 -1.0016397186e+07 1.9265999692e+06 1.0000000000e+01 0.0000000000e+00 -0.0000000000e+00
1.0000000000e+01 2.8740014378e-22 6.9119791483e-28 3.1414721580e+08 2.2665881985e+03 5.7480747475e-23 2.0736326364e-28 -1.1784400543e+03 2.2665881975e+02 -4.6638893022e+09 -1.0016397186e+07 1.9265999692e+06 5.0000000000e+01 0.0000000000e+00 -0.0000000000e+00
6.0000000000e+01 1.0347699105e-20 1.4934076407e-25 3.1408828875e+08 1.3599529089e+04 3.4494918677e-22 7.4678787231e-27 -1.1786420262e+03 2.2665881465e+02 -4.6638893022e+09 -1.0016397186e+07 1.9265999692e+06 2.5000000000e+02 0.0000000000e+00 -0.0000000000e+00
3.1000000000e+02 2.7639897017e-19 2.0626291863e-23 3.1379350191e+08 7.0264219677e+04 1.7839113540e-21 1.9972551524e-25 -1.1796530241e+03 2.2665867958e+02 -4.6638893022e+09 -1.0016397186e+07 1.9265999692e+06 1.2500000000e+03 0.0000000000e+00 -0.0000000000e+00
1.5600000000e+03 7.0214335923e-18 2.6471521549e-21 3.1231576334e+08 3.5358589919e+05 9.0195267958e-21 5.1056924569e-24 -1.1847366824e+03 2.2665523270e+02 -4.6638893022e+09 -1.0016397186e+07 1.9265999692e+06 3.6000000000e+03 0.0000000000e+00 -0.0000000000e+00
5.1600000000e+03 7.7526299151e-17 9.7792353602e-20 3.0802398864e+08 1.1694908029e+06 3.0247684836e-20 5.7421278614e-23 -1.1996513365e+03 2.2661847639e+02 -4.6638893021e+09 -1.0016397187e+07 1.9265999692e+06 3.6000000000e+03 0.0000000000e+00 -0.0000000000e+00
8.7600000000e+03 2.2552840961e-16 4.8864258062e-19 3.0367776529e+08 1.9851879478e+06 5.2078966197e-20 1.7022226355e-22 -1.2149897380e+03 2.2653922374e+02 -4.6638893020e+09 -1.0016397187e+07 1.9265999692e+06 3.6000000000e+03 0.0000000000e+00 -0.0000000000e+00
1.2360000000e+04 4.5325903997e-16 1.4022847997e-18 2.9927552562e+08 2.8005177852e+06 7.4547162596e-20 3.4878576661e-22 -1.2307756284e+03 2.2641376712e+02 -4.6638893019e+09 -1.0016397187e+07 1.9265999692e+06 3.6000000000e+03 0.0000000000e+00 -0.0000000000e+00
1.5960000000e+04 7.6307604817e-16 3.0857997075e-18 2.9481561303e+08 3.6153067190e+06 9.7688854216e-20 5.9895385893e-22 -1.2470347087e+03 2.2623800197e+02 -4.6638893017e+09 -1.0016397187e+07 1.9265999692e+06 3.6000000000e+03 0.0000000000e+00 -0.0000000000e+00
1.9560000000e+04 1.1574744557e-15 5.8084267986e-18 2.9029627454e+08 4.4293655849e+06 1.2154371755e-19 9.2720830680e-22 -1.2637948550e+03 2.2600737425e+02 -4.6638893016e+09 -1.0016397187e+07 1.9265999692e+06 3.6000000000e+03 0.0000000000e+00 -0.0000000000e+00
2.3160000000e+04 1.6390982119e-15 9.8640194824e-18 2.8571565255e+08 5.2424879248e+06 1.4615487625e-19 1.3407573116e-21 -1.2810863656e+03 2.2571681959e+02 -4.6638893014e+09 -1.0016397186e+07 1.9265999692e+06 3.6000000000e+03 0.0000000000e+00 -0.0000000000e+00
2.6760000000e+04 2.2107533096e-15 1.5573837423e-17 2.8107177559e+08 6.0544480256e+06 1.7156930225e-19 1.8476365371e-21 -1.2989422423e+03 2.2536069221e+02 -4.6638893011e+09 -1.0016397186e+07 1.9265999692e+06 3.6000000000e+03 0.0000000000e+00 -0.0000000000e+00
3.0360000000e+04 2.8754224480e-15 2.3289732408e-17 2.7636254807e+08 6.8649986802e+06 1.9783827602e-19 2.4568272249e-21 -1.3173985142e+03 2.2493268200e+02 -4.6638893009e+09 -1.0016397186e+07 1.9265999692e+06 3.6000000000e+03 0.0000000000e+00 -0.0000000000e+00
3.3960000000e+04 3.6362814748e-15 3.3397795250e-17 2.7158573866e+08 7.6738686258e+06 2.2501791662e-19 3.1783948455e-21 -1.3364946099e+03 2.2442571707e+02 -4.6638893006e+09 -1.0016397186e+07 1.9265999692e+06 3.6000000000e+03 0.0000000000e+00 -0.0000000000e+00
3.7560000000e+04 4.4967178809e-15 4.6322545042e-17 2.6673896735e+08 8.4807596003e+06 2.5316979438e-19 4.0236525424e-21 -1.3562737881e+03 2.2383184896e+02 -4.6638893002e+09 -1.0016397186e+07 1.9265999692e+06 3.6000000000e+03 0.0000000000e+00 -0.0000000000e+00
4.1160000000e+04 5.4603516732e-15 6.2531759209e-17 2.6181969078e+08 9.2853429487e+06 2.8236164211e-19 5.0053546691e-21 -1.3767836368e+03 2.2314211660e+02 -4.6638892998e+09 -1.0016397186e+07 1.9265999692e+06 3.6000000000e+03 0.0000000000e+00 -0.0000000000e+00
4.4760000000e+04 6.5310590126e-15 8.2542064157e-17 2.5682518559e+08 1.0087255696e+07 3.1266818417e-19 6.1379270431e-21 -1.3980766567e+03 2.2234638457e+02 -4.6638892993e+09 -1.0016397186e+07 1.9265999692e+06 3.6000000000e+03 0.0000000000e+00 -0.0000000000e+00
4.8360000000e+04 7.7129990853e-15 1.0692543315e-16 2.5175252959e+08 1.0886095979e+07 3.4417210739e-19 7.4377422612e-21 -1.4202109426e+03 2.2143314969e+02 -4.6638892987e+09 -1.0016397186e+07 1.9265999692e+06 3.6000000000e+03 0.0000000000e+00 -0.0000000000e+00
5.1960000000e+04 9.0106447671e-15 1.3631677188e-16 2.4659858019e+08 1.1681417722e+07 3.7696520356e-19 8.9234506516e-21 -1.4432509861e+03 2.2038930845e+02 -4.6638892980e+09 -1.0016397187e+07 1.9265999692e+06 3.6000000000e+03 0.0000000000e+00 -0.0000000000e+00
5.5560000000e+04 1.0428817765e-14 1.7142281539e-16 2.4135994972e+08 1.2472724380e+07 4.1114972086e-19 1.0616380364e-20 -1.4672686258e+03 2.1919987595e+02 -4.6638892971e+09 -1.0016397187e+07 1.9265999692e+06 3.6000000000e+03 0.0000000000e+00 -0.0000000000e+00
5.9160000000e+04 1.1972729067e-14 2.1303261507e-16 2.3603297700e+08 1.3259461576e+07 4.4683997104e-19 1.2541023971e-20 -1.4923441757e+03 2.1784764400e+02 -4.6638892961e+09 -1.0016397186e+07 1.9265999692e+06 3.6000000000e+03 0.0000000000e+00 -0.0000000000e+00
6.2760000000e+04 1.3648025729e-14 2.6202996605e-16 2.3061369446e+08 1.4041008365e+07 4.8416425221e-19 1.4725634106e-20 -1.5185677766e+03 2.1631276262e+02 -4.6638892948e+09 -1.0016397186e+07 1.9265999692e+06 3.6000000000e+03 0.0000000000e+00 -0.0000000000e+00
6.6360000000e+04 1.5460845261e-14 3.1940821812e-16 2.2509778998e+08 1.4816666832e+07 5.2326716341e-19 1.7202957634e-20 -1.5460410219e+03 2.1457222425e+02 -4.6638892932e+09 -1.0016397187e+07 1.9265999692e+06 3.6000000000e+03 0.0000000000e+00 -0.0000000000e+00
6.9960000000e+04 1.7417879191e-14 3.8628803570e-16 2.1948056215e+08 1.5585649611e+07 5.6431240974e-19 2.0011147276e-20 -1.5748789291e+03 2.1259922325e+02 -4.6638892911e+09 -1.0016397187e+07 1.9265999692e+06 3.6000000000e+03 0.0000000000e+00 -0.0000000000e+00
7.3560000000e+04 1.9526447807e-14 4.6393883461e-16 2.1375686784e+08 1.6347064825e+07 6.0748622652e-19 2.3194902644e-20 -1.6052123449e+03 2.1036235418e+02 -4.6638892886e+09 -1.0016397187e+07 1.9265999692e+06 3.6000000000e+03 0.0000000000e+00 -0.0000000000e+00
7.7160000000e+04 2.1794588580e-14 5.5380484123e-16 2.0792106001e+08 1.7099897777e+07 6.5300159172e-19 2.6806910744e-20 -1.6371909050e+03 2.0782459979e+02 -4.6638892854e+09 -1.0016397186e+07 1.9265999692e+06 3.6000000000e+03 0.0000000000e+00 -0.0000000000e+00
8.0760000000e+04 2.4231161496e-14 6.5753701516e-16 2.0196691374e+08 1.7842988524e+07 7.0110345195e-19 3.0909681499e-20 -1.6709867061e+03 2.0494204132e+02 -4.6638892812e+09 -1.0016397186e+07 1.9265999692e+06 3.6000000000e+03 0.0000000000e+00 -0.0000000000e+00
8.4360000000e+04 2.6845975476e-14 7.7703248194e-16 1.9588753739e+08 1.8575004167e+07 7.5207526524e-19 3.5577910358e-20 -1.7067989024e+03 2.0166219865e+02 -4.6638892758e+09 -1.0016397186e+07 1.9265999692e+06 3.6000000000e+03 0.0000000000e+00 -0.0000000000e+00
8.7960000000e+04 2.9649941311e-14 9.1448368749e-16 1.8967526517e+08 1.9294404318e+07 8.0624727397e-19 4.0901552953e-20 -1.7448595184e+03 1.9792186999e+02 -4.6638892687e+09 -1.0016397186e+07 1.9265999692e+06 3.6000000000e+03 0.0000000000e+00 -0.0000000000e+00
9.1560000000e+04 3.2655258322e-14 1.0724402823e-15 1.8332152599e+08 1.9999397625e+07 8.6400707970e-19 4.6989874771e-20 -1.7854408784e+03 1.9364428671e+02 -4.6638892591e+09 -1.0016397186e+07 1.9265999692e+06 3.6000000000e+03 0.0000000000e+00 -0.0000000000e+00
9.5160000000e+04 3.5875644400e-14 1.2538878873e-15 1.7681668181e+08 2.0687886424e+07 9.2581332190e-19 5.3976855925e-20 -1.8288652170e+03 1.8873531595e+02 -4.6638892462e+09 -1.0016397187e+07 1.9265999692e+06 3.6000000000e+03 0.0000000000e+00 -0.0000000000e+00
9.8760000000e+04 3.9326622519e-14 1.4623495593e-15 1.7014982637e+08 2.1357395457e+07 9.9221360527e-19 6.2028510305e-20 -1.8755172750e+03 1.8307831831e+02 -4.6638892283e+09 -1.0016397187e+07 1.9265999692e+06 3.6000000000e+03 0.0000000000e+00 -0.0000000000e+00
1.0236000000e+05 4.3025881828e-14 1.7020182557e-15 1.6330853150e+08 2.2004978802e+07 1.0638683385e-18 7.1352958603e-20 -1.9258610475e+03 1.7652707063e+02 -4.6638892031e+09 -1.0016397187e+07 1.9265999691e+06 3.6000000000e+03 0.0000000000e+00 -0.0000000000e+00
1.0596000000e+05 4.6993738755e-14 1.9779323605e-15 1.5627852309e+08 2.2627096550e+07 1.1415829504e-18 8.2214543479e-20 -1.9804624196e+03 1.6889584888e+02 -4.6638891669e+09 -1.0016397187e+07 1.9265999691e+06 3.6000000000e+03 0.0000000000e+00 -0.0000000000e+00
1.0956000000e+05 5.1253734509e-14 2.2962121895e-15 1.4904326138e+08 2.3219448638e+07 1.2263522241e-18 9.4954013262e-20 -2.0400203140e+03 1.5994524729e+02 -4.6638891134e+09 -1.0016397187e+07 1.9265999692e+06 3.6000000000e+03 0.0000000000e+00 -0.0000000000e+00
1.1316000000e+05 5.5833422306e-14 2.6643847353e-15 1.4158338781e+08 2.3776746691e+07 1.3194225662e-18 1.1001805137e-19 -2.1054104414e+03 1.4936143133e+02 -4.6638890321e+09 -1.0016397186e+07 1.9265999692e+06 3.3311504341e+03 0.0000000000e+00 -0.0000000000e+00
1.1615532978e+05 5.9910831082e-14 3.0154290798e-15 1.3518895274e+08 2.4209024978e+07 1.4043163024e-18 1.2474709803e-19 -2.1650557817e+03 1.3901297644e+02 -4.6638889834e+09 -1.0016397186e+07 1.9265999692e+06 3.0147088266e+03 0.0000000000e+00 -0.0000000000e+00
1.1917003861e+05 6.4283194785e-14 3.4169192603e-15 1.2856444956e+08 2.4610253046e+07 1.4978336767e-18 1.4207050451e-19 -2.2307599887e+03 1.2684175485e+02 -4.6638889080e+09 -1.0016397186e+07 1.9265999692e+06 2.7225185869e+03 0.0000000000e+00 -0.0000000000e+00
1.2161673232e+05 6.8047925235e-14 3.7840266843e-15 1.2303621118e+08 2.4906892397e+07 1.5806961054e-18 1.5838808269e-19 -2.2889781563e+03 1.1537721639e+02 -4.6638888689e+09 -1.0016397186e+07 1.9265999692e+06 2.4632842268e+03 0.0000000000e+00 -0.0000000000e+00
1.2408001655e+05 7.2051825297e-14 4.1969313321e-15 1.1732038479e+08 2.5175115545e+07 1.6714966772e-18 1.7732023157e-19 -2.3527735697e+03 1.0207571132e+02 -4.6638888098e+09 -1.0016397186e+07 1.9265999691e+06 2.2233675501e+03 0.0000000000e+00 -0.0000000000e+00
1.2607489860e+05 7.5464864581e-14 4.5678102121e-15 1.1257165519e+08 2.5366698020e+07 1.7513080626e-18 1.9487516228e-19 -2.4088481101e+03 8.9741823529e+01 -4.6638887802e+09 -1.0016397186e+07 1.9265999691e+06 2.0097746869e+03 0.0000000000e+00 -0.0000000000e+00
1.2788237931e+05 7.8699863979e-14 4.9359572600e-15 1.0816884800e+08 2.5517723680e+07 1.8292049944e-18 2.1283945732e-19 -2.4635775780e+03 7.7120321179e+01 -4.6638887551e+09 -1.0016397186e+07 1.9265999692e+06 1.8214688402e+03 0.0000000000e+00 -0.0000000000e+00
1.2951436400e+05 8.1746011346e-14 5.2978856345e-15 1.0410553048e+08 2.5633340784e+07 1.9047288887e-18 2.3104520438e-19 -2.5166397776e+03 6.4329177485e+01 -4.6638887345e+09 -1.0016397186e+07 1.9265999692e+06 1.6461792149e+03 0.0000000000e+00 -0.0000000000e+00
1.3098022096e+05 8.4590688355e-14 5.6496943186e-15 1.0037952852e+08 2.5718413552e+07 1.9773150149e-18 2.4927973001e-19 -2.5676379360e+03 5.1517814295e+01 -4.6638887182e+09 -1.0016397187e+07 1.9265999692e+06 1.4809343919e+03 0.0000000000e+00 -0.0000000000e+00
1.3228517197e+05 8.7215461413e-14 5.9865273592e-15 9.6997640006e+07 2.5777537277e+07 2.0461831444e-18 2.6725275854e-19 -2.6160238735e+03 3.8890175898e+01 -4.6638887061e+09 -1.0016397187e+07 1.9265999692e+06 1.3221378115e+03 0.0000000000e+00 -0.0000000000e+00
1.3342792607e+05 8.9589954674e-14 6.3016613008e-15 9.3982727928e+07 2.5815143172e+07 2.1101561978e-18 2.8453904204e-19 -2.6609705882e+03 2.6745036483e+01 -4.6638886980e+09 -1.0016397186e+07 1.9265999692e+06 1.1648128541e+03 0.0000000000e+00 -0.0000000000e+00
1.3439338008e+05 9.1654497244e-14 6.5839373374e-15 9.1394513928e+07 2.5835648015e+07 2.1671479110e-18 3.0042132384e-19 -2.7010122954e+03 1.5586332141e+01 -4.6638886936e+09 -1.0016397186e+07 1.9265999692e+06 1.0010606700e+03 0.0000000000e+00 -0.0000000000e+00
1.3511317191e+05 9.3230270283e-14 6.8046995314e-15 8.9439191868e+07 2.5843690263e+07 2.2115485866e-18 3.1311170611e-19 -2.7322076877e+03 6.6702188526e+00 -4.6638886924e+09 -1.0016397186e+07 1.9265999692e+06 8.2406806075e+02 0.0000000000e+00 -0.0000000000e+00
1.3584787575e+05 9.4872302733e-14 7.0397518408e-15 8.7419744431e+07 2.5845072380e+07 2.2586844154e-18 3.2688927392e-19 -2.7653247665e+03 -3.0097382025e+00 -4.6638886908e+09 -1.0016397186e+07 1.9265999692e+06 6.9826121967e+02 0.0000000000e+00 -0.0000000000e+00
1.3654613697e+05 9.6465623826e-14 7.2728220029e-15 8.5477464985e+07 2.5839587090e+07 2.3053042168e-18 3.4082706580e-19 -2.7980792905e+03 -1.2802266804e+01 -4.6638886893e+09 -1.0016397186e+07 1.9265999692e+06 8.6206584024e+02 0.0000000000e+00 -0.0000000000e+00
1.3740820281e+05 9.8478678180e-14 7.5744892930e-15 8.3047258578e+07 2.5823034027e+07 2.3655046506e-18 3.5928543507e-19 -2.8403754071e+03 -2.5770899893e+01 -4.6638886840e+09 -1.0016397186e+07 1.9265999692e+06 9.4462681320e+02 0.0000000000e+00 -0.0000000000e+00
1.3835282962e+05 1.0074576623e-13 7.9241157268e-15 8.0341281264e+07 2.5791498607e+07 2.4351287989e-18 3.8128504689e-19 -2.8892925145e+03 -4.1227568340e+01 -4.6638886735e+09 -1.0016397186e+07 1.9265999692e+06 9.8496914102e+02 0.0000000000e+00 -0.0000000000e+00
1.3933779876e+05 1.0318186642e-13 8.3118717531e-15 7.7469018618e+07 2.5742317728e+07 2.5122299216e-18 4.0647002389e-19 -2.9434628563e+03 -5.8922236884e+01 -4.6638886565e+09 -1.0016397186e+07 1.9265999692e+06 9.9983186195e+02 0.0000000000e+00 -0.0000000000e+00
1.4033763062e+05 1.0573495717e-13 8.7321598188e-15 7.4497045561e+07 2.5673648987e+07 2.5957428121e-18 4.3473475660e-19 -3.0021380307e+03 -7.8780705558e+01 -4.6638886321e+09 -1.0016397186e+07 1.9265999692e+06 9.9773652684e+02 0.0000000000e+00 -0.0000000000e+00
1.4133536715e+05 1.0836883327e-13 9.1812710696e-15 7.1470782803e+07 2.5584254490e+07 2.6850076064e-18 4.6609198826e-19 -3.0648544249e+03 -1.0081192761e+02 -4.6638885993e+09 -1.0016397186e+07 1.9265999692e+06 9.8379876344e+02 0.0000000000e+00 -0.0000000000e+00
1.4231916591e+05 1.1105629368e-13 9.6564788679e-15 6.8423296604e+07 2.5473365748e+07 2.7795831048e-18 5.0062272342e-19 -3.1313020575e+03 -1.2507281589e+02 -4.6638885573e+09 -1.0016397187e+07 1.9265999692e+06 9.6142157288e+02 0.0000000000e+00 -0.0000000000e+00
1.4328058749e+05 1.1377590763e-13 1.0155622467e-14 6.5379588968e+07 2.5340588007e+07 2.8791590807e-18 5.3845381287e-19 -3.2012629667e+03 -1.5165249427e+02 -4.6638885051e+09 -1.0016397186e+07 1.9265999692e+06 9.3301998057e+02 0.0000000000e+00 -0.0000000000e+00
1.4421360747e+05 1.1651026916e-13 1.0676892018e-14 6.2358988292e+07 2.5185827360e+07 2.9835093642e-18 5.7974682773e-19 -3.2745782482e+03 -1.8066448071e+02 -4.6638884418e+09 -1.0016397187e+07 1.9265999692e+06 9.0038068871e+02 0.0000000000e+00 -0.0000000000e+00
1.4511398816e+05 1.1924496222e-13 1.1218708560e-14 5.9376616818e+07 2.5009232657e+07 3.0924642280e-18 6.2469225231e-19 -3.3511286537e+03 -2.1224260725e+02 -4.6638883666e+09 -1.0016397187e+07 1.9265999692e+06 8.6486145268e+02 0.0000000000e+00 -0.0000000000e+00
1.4597884961e+05 1.2196790092e-13 1.1779653467e-14 5.6444359674e+07 2.4811147841e+07 3.2058928655e-18 6.7350647323e-19 -3.4308222799e+03 -2.4653890459e+02 -4.6638882784e+09 -1.0016397187e+07 1.9265999692e+06 8.2751153498e+02 0.0000000000e+00 -0.0000000000e+00
1.4680636114e+05 1.2466888294e-13 1.2358425623e-14 5.3571542159e+07 2.4592072121e+07 3.3236915448e-18 7.2643037823e-19 -3.5135862461e+03 -2.8372261760e+02 -4.6638881765e+09 -1.0016397187e+07 1.9265999692e+06 7.8914964731e+02 0.0000000000e+00 -0.0000000000e+00
1.4759551079e+05 1.2733927153e-13 1.2953815003e-14 5.0765424869e+07 2.4352626275e+07 3.4457751294e-18 7.8372895999e-19 -3.5993607364e+03 -3.2397992705e+02 -4.6638880596e+09 -1.0016397187e+07 1.9265999692e+06 7.5041727030e+02 0.0000000000e+00 -0.0000000000e+00
1.4834592806e+05 1.2997175876e-13 1.3564686373e-14 4.8031578851e+07 2.4093523930e+07 3.5720706691e-18 8.4569159971e-19 -3.6880944967e+03 -3.6751414874e+02 -4.6638879269e+09 -1.0016397187e+07 1.9265999692e+06 7.1181680405e+02 0.0000000000e+00 -0.0000000000e+00
1.4905774486e+05 1.3256018244e-13 1.4189969449e-14 4.5374178142e+07 2.3815546954e+07 3.7025122884e-18 9.1263284835e-19 -3.7797412439e+03 -4.1454628249e+02 -4.6638877773e+09 -1.0016397187e+07 1.9265999692e+06 6.7373988249e+02 0.0000000000e+00 -0.0000000000e+00
1.4973148475e+05 1.3509937966e-13 1.4828653252e-14 4.2796233193e+07 2.3519524314e+07 3.8370368884e-18 9.8489360409e-19 -3.8742566452e+03 -4.6531583935e+02 -4.6638876096e+09 -1.0016397187e+07 1.9265999692e+06 6.3648900254e+02 0.0000000000e+00 -0.0000000000e+00
1.5036797375e+05 1.3758506630e-13 1.5479783285e-14 4.0299780569e+07 2.3206313860e+07 3.9755803359e-18 1.0628426306e-18 -3.9715956415e+03 -5.2008190831e+02 -4.6638874228e+09 -1.0016397186e+07 1.9265999691e+06 6.0029443595e+02 0.0000000000e+00 -0.0000000000e+00
1.5096826819e+05 1.4001373549e-13 1.6142460593e-14 3.7886039406e+07 2.2876786608e+07 4.1180739138e-18 1.1468783904e-18 -4.0717099529e+03 -5.7912444449e+02 -4.6638872158e+09 -1.0016397187e+07 1.9265999692e+06 5.6532769415e+02 0.0000000000e+00 -0.0000000000e+00
1.5153359588e+05 1.4238257034e-13 1.6815842145e-14 3.5555541942e+07 2.2531813160e+07 4.2644408608e-18 1.2374311886e-18 -4.1745456479e+03 -6.4274577518e+02 -4.6638869872e+09 -1.0016397187e+07 1.9265999691e+06 5.3171240299e+02 0.0000000000e+00 -0.0000000000e+00
1.5206530828e+05 1.4468936790e-13 1.7499142152e-14 3.3308243392e+07 2.2172251920e+07 4.4145928611e-18 1.3349656367e-18 -4.2800406768e+03 -7.1127233096e+02 -4.6638867359e+09 -1.0016397187e+07 1.9265999692e+06 4.9953317762e+02 0.0000000000e+00 -0.0000000000e+00
1.5256484146e+05 1.4693247202e-13 1.8191634079e-14 3.1143615099e+07 2.1798938839e+07 4.5684263635e-18 1.4399834592e-18 -4.3881222858e+03 -7.8505661759e+02 -4.6638864607e+09 -1.0016397187e+07 1.9265999692e+06 4.6884293100e+02 0.0000000000e+00 -0.0000000000e+00
1.5303368439e+05 1.4911071352e-13 1.8892653233e-14 2.9060723890e+07 2.1412678414e+07 4.7258186120e-18 1.5530266791e-18 -4.4987042280e+03 -8.6447945392e+02 -4.6638861602e+09 -1.0016397186e+07 1.9265999692e+06 4.3966892597e+02 0.0000000000e+00 -0.0000000000e+00
1.5347335332e+05 1.5122335673e-13 1.9601599841e-14 2.7058299911e+07 2.1014235708e+07 4.8866232728e-18 1.6746812285e-18 -4.6116836908e+03 -9.4995250913e+02 -4.6638858332e+09 -1.0016397186e+07 1.9265999692e+06 4.1201781145e+02 0.0000000000e+00 -0.0000000000e+00
1.5388537113e+05 1.5327005127e-13 2.0317942650e-14 2.5134794750e+07 2.0604329148e+07 5.0506655252e-18 1.8055810489e-18 -4.7269378474e+03 -1.0419211830e+03 -4.6638854784e+09 -1.0016397187e+07 1.9265999692e+06 3.8587982985e+02 0.0000000000e+00 -0.0000000000e+00
1.5427125096e+05 1.5525078875e-13 2.1041223080e-14 2.3288431235e+07 2.0183623894e+07 5.2177364732e-18 1.9464127586e-18 -4.8443199299e+03 -1.1408678853e+03 -4.6638850946e+09 -1.0016397187e+07 1.9265999692e+06 3.6123233695e+02 0.0000000000e+00 -0.0000000000e+00
1.5463248330e+05 1.5716586364e-13 2.1771060053e-14 2.1517246085e+07 1.9752725519e+07 5.3875867007e-18 2.0979209886e-18 -4.9636547015e+03 -1.2473157853e+03 -4.6638846804e+09 -1.0016397186e+07 1.9265999692e+06 3.3804275841e+02 0.0000000000e+00 -0.0000000000e+00
1.5497052605e+05 1.5901583811e-13 2.2507155652e-14 1.9819126309e+07 1.9312173784e+07 5.5599187609e-18 2.2609145158e-18 -5.0847331796e+03 -1.3618331199e+03 -4.6638842348e+09 -1.0016397186e+07 1.9265999692e+06 3.1627107480e+02 0.0000000000e+00 -0.0000000000e+00
1.5528679713e+05 1.6080151054e-13 2.3249301848e-14 1.8191840140e+07 1.8862436226e+07 5.7343783331e-18 2.4362733542e-18 -5.2073064226e+03 -1.4850381767e+03 -4.6638837566e+09 -1.0016397186e+07 1.9265999692e+06 2.9587191953e+02 0.0000000000e+00 -0.0000000000e+00
1.5558266905e+05 1.6252388735e-13 2.3997388590e-14 1.6633063085e+07 1.8403901262e+07 5.9105437127e-18 2.6249570150e-18 -5.3310781457e+03 -1.6176050970e+03 -4.6638832450e+09 -1.0016397186e+07 1.9265999692e+06 2.7679635904e+02 0.0000000000e+00 -0.0000000000e+00
1.5585946541e+05 1.6418415818e-13 2.4751413679e-14 1.5140399592e+07 1.7936870441e+07 6.0879132006e-18 2.8280142057e-18 -5.4556958612e+03 -1.7602706903e+03 -4.6638826992e+09 -1.0016397187e+07 1.9265999692e+06 2.5899341532e+02 0.0000000000e+00 -0.0000000000e+00
1.5611845882e+05 1.6578367421e-13 2.5511494979e-14 1.3711400698e+07 1.7461549405e+07 6.2658898230e-18 3.0465943234e-18 -5.5807401423e+03 -1.9138425094e+03 -4.6638821188e+09 -1.0016397186e+07 1.9265999692e+06 2.4241138834e+02 0.0000000000e+00 -0.0000000000e+00
1.5636087021e+05 1.6732392955e-13 2.6277885692e-14 1.2343577914e+07 1.6978036985e+07 6.4437626229e-18 3.2819612127e-18 -5.7057114789e+03 -2.0792085168e+03 -4.6638815037e+09 -1.0016397186e+07 1.9265999692e+06 2.2699903199e+02 0.0000000000e+00 -0.0000000000e+00
1.5658786924e+05 1.6880654596e-13 2.7050993740e-14 1.1034413484e+07 1.6486311699e+07 6.6206834969e-18 3.5355098210e-18 -5.8300140035e+03 -2.2573487861e+03 -4.6638808544e+09 -1.0016397186e+07 1.9265999692e+06 2.1270663803e+02 0.0000000000e+00 -0.0000000000e+00
1.5680057588e+05 1.7023326075e-13 2.7831406634e-14 9.7813670266e+06 1.5986214616e+07 6.7956381607e-18 3.8087866103e-18 -5.9529350920e+03 -2.4493498433e+03 -4.6638801720e+09 -1.0016397186e+07 1.9265999692e+06 1.9948708955e+02 0.0000000000e+00 -0.0000000000e+00
1.5700006297e+05 1.7160591838e-13 2.8619923820e-14 8.5818784020e+06 1.5477427226e+07 6.9674092544e-18 4.1035149135e-18 -6.0736194416e+03 -2.6564224817e+03 -4.6638794585e+09 -1.0016397186e+07 1.9265999692e+06 1.8729695596e+02 0.0000000000e+00 -0.0000000000e+00
1.5718735993e+05 1.7292646611e-13 2.9417599329e-14 7.4333664348e+06 1.4959442305e+07 7.1345287365e-18 4.4216268996e-18 -6.1910356236e+03 -2.8799242206e+03 -4.6638787173e+09 -1.0016397186e+07 1.9265999692e+06 1.7609772382e+02 0.0000000000e+00 -0.0000000000e+00
1.5736345765e+05 1.7419695433e-13 3.0225798836e-14 6.3332228572e+06 1.4431524942e+07 7.2952153918e-18 4.7653045138e-18 -6.3039321772e+03 -3.1213880691e+03 -4.6638779534e+09 -1.0016397186e+07 1.9265999692e+06 1.6585729241e+02 0.0000000000e+00 -0.0000000000e+00
1.5752931494e+05 1.7541954273e-13 3.1046277255e-14 5.2788004525e+06 1.3892659476e+07 7.4472911841e-18 5.1370328033e-18 -6.4107788398e+03 -3.3825599920e+03 -4.6638771739e+09 -1.0016397186e+07 1.9265999692e+06 1.5655191836e+02 0.0000000000e+00 -0.0000000000e+00
1.5768586686e+05 1.7659651352e-13 3.1881286079e-14 4.2673938899e+06 1.3341475973e+07 7.5880667903e-18 5.5396706028e-18 -6.5096861245e+03 -3.6654485730e+03 -4.6638763893e+09 -1.0016397187e+07 1.9265999692e+06 1.4816888222e+02 0.0000000000e+00 -0.0000000000e+00
1.5783403574e+05 1.7773029368e-13 3.2733724681e-14 3.2962111286e+06 1.2776146423e+07 7.7141809909e-18 5.9765458557e-18 -6.5982924781e+03 -3.9723919860e+03 -4.6638756138e+09 -1.0016397186e+07 1.9265999692e+06 1.4071027056e+02 0.0000000000e+00 -0.0000000000e+00
1.5797474601e+05 1.7882348799e-13 3.3607357657e-14 2.3623327295e+06 1.2194235397e+07 7.8213688482e-18 6.4515861028e-18 -6.6736014057e+03 -4.3061496749e+03 -4.6638748676e+09 -1.0016397186e+07 1.9265999692e+06 1.3031783865e+02 0.0000000000e+00 -0.0000000000e+00
1.5808366492e+05 1.7967928209e-13 3.4332253402e-14 1.6327118702e+06 1.1709619604e+07 7.8904506313e-18 6.8665914428e-18 -6.7221374537e+03 -4.5977275444e+03 -4.6638746235e+09 -1.0016397187e+07 1.9265999692e+06 1.1162080199e+02 0.0000000000e+00 -0.0000000000e+00
1.5817579142e+05 1.8040836474e-13 3.4982443529e-14 1.0119051313e+06 1.1273684955e+07 7.9348834878e-18 7.2545631901e-18 -6.7533554559e+03 -4.8703119297e+03 -4.6638745081e+09 -1.0016397187e+07 1.9265999692e+06 9.5239190043e+01 1.0165364034e-292 -7.1944137220e-285
1.5824934884e+05 1.8099295935e-13 3.5528304036e-14 5.1449580200e+05 1.0906842222e+07 7.9579341534e-18 7.5913932879e-18 -6.7695505824e+03 -5.1069647937e+03 -4.6638744692e+09 -1.0016397187e+07 1.9265999692e+06 7.9121884813e+01 1.0600900880e-268 -7.6409967680e-261
1.5828948380e+05 1.8131250226e-13 3.5836865248e-14 2.4269367631e+05 1.0699147688e+07 7.9647343398e-18 7.7861159517e-18 -6.7743283134e+03 -5.2437746464e+03 -4.6638744672e+09 -1.0016397187e+07 1.9265999692e+06 6.5848528110e+01 1.1441839118e-255 -8.3316180093e-248
1.5835533233e+05 1.8183706323e-13 3.6360550352e-14 -2.0345257059e+05 1.0346137845e+07 7.9652432429e-18 8.1234169301e-18 -6.7746858627e+03 -5.4807583456e+03 -4.6638744458e+09 -1.0016397187e+07 1.9265999692e+06 6.1787768387e+01 1.9913196761e-234 -1.4749630468e-226
1.5841712010e+05 1.8232886940e-13 3.6872804112e-14 -6.2180048225e+05 1.0000239123e+07 7.9514271858e-18 8.4611919849e-18 -6.7649788635e+03 -5.7180751252e+03 -4.6638744315e+09 -1.0016397187e+07 1.9265999692e+06 7.4783035350e+01 1.0681740633e-214 -8.0424573288e-207
1.5849190314e+05 1.8292219841e-13 3.7521731595e-14 -1.1267907720e+06 9.5612605422e+06 7.9120293813e-18 8.8992132193e-18 -6.7372984296e+03 -6.0258236914e+03 -4.6638744020e+09 -1.0016397187e+07 1.9265999692e+06 8.1671689762e+01 3.7480845320e-191 -2.8796782033e-183
1.5857357483e+05 1.8356547356e-13 3.8269369246e-14 -1.6749902161e+06 9.0544907330e+06 7.8338681324e-18 9.4159709409e-18 -6.6823832557e+03 -6.3888915870e+03 -4.6638743675e+09 -1.0016397187e+07 1.9265999692e+06 8.5943538716e+01 5.6527001843e-166 -4.4420891655e-158
1.5865951836e+05 1.8423347780e-13 3.9103567699e-14 -2.2455979705e+06 8.4878725747e+06 7.7017983500e-18 1.0004413587e-17 -6.5895925803e+03 -6.8023244672e+03 -4.6638743168e+09 -1.0016397187e+07 1.9265999692e+06 8.9605004930e+01 2.9249868673e-140 -2.3546447100e-132
1.5874912337e+05 1.8491493842e-13 4.0029306547e-14 -2.8299746986e+06 7.8577691162e+06 7.4954878093e-18 1.0666282859e-17 -6.4446412216e+03 -7.2673460312e+03 -4.6638741523e+09 -1.0016397187e+07 1.9265999692e+06 9.4770301823e+01 1.4851802357e-114 -1.2262069939e-106
1.5884389367e+05 1.8561127835e-13 4.1075290814e-14 -3.4308922284e+06 7.1443534006e+06 7.1816100625e-18 1.1415567565e-17 -6.2241144094e+03 -7.7937846503e+03 -4.6638734668e+09 -1.0016397187e+07 1.9265999692e+06 1.0753729121e+02 6.0030723060e-89 -5.0893959150e-81
1.5895143096e+05 1.8635800615e-13 4.2350772949e-14 -4.0822563061e+06 6.2725889337e+06 6.6772294653e-18 1.2312383882e-17 -5.8697425357e+03 -8.4238772438e+03 -4.6638698367e+09 -1.0016397187e+07 1.9265999692e+06 9.8378920876e+01 1.9549675066e-62 -1.7061251354e-54
1.5903778855e+05 1.8691220810e-13 4.3445796833e-14 -4.5733958345e+06 5.5228117457e+06 6.1360399269e-18 1.3047989214e-17 -5.4895091329e+03 -8.9407048964e+03 -4.6638670224e+09 -1.0016397187e+07 1.9265999692e+06 8.6396125400e+01 1.3007227611e-43 -1.1599518266e-35
1.5912418468e+05 1.8741406225e-13 4.4604507416e-14 -5.0278018240e+06 4.7282977653e+06 5.4578553820e-18 1.3770356054e-17 -5.0130246503e+03 -9.4482313395e+03 -4.6638622752e+09 -1.0016397187e+07 1.9265999692e+06 7.8860669050e+01 1.8002704917e-27 -1.6366986941e-19
1.5920304535e+05 1.8781592362e-13 4.5715204244e-14 -5.4030742810e+06 3.9658097072e+06 4.7140135085e-18 1.4389222187e-17 -4.4904101011e+03 -9.8830394034e+03 -4.6638581005e+09 -1.0016397187e+07 1.9265999692e+06 7.3697043624e+01 1.7432936089e-15 -1.6085427485e-07
1.5926733379e+05 1.8809713418e-13 4.6655166713e-14 -5.6764069863e+06 3.3199746765e+06 4.0221259746e-18 1.4843712048e-17 -4.0042980595e+03 -1.0202358633e+04 -4.6638564437e+09 -1.0016397185e+07 1.9265999722e+06 6.5151489405e+01 6.7245317253e-08 -6.2645978657e+00
1.5929359284e+05 1.8819879759e-13 4.7047184772e-14 -5.7787781637e+06 3.0504992471e+06 3.7191256143e-18 1.5012189717e-17 -3.7914135357e+03 -1.0320728966e+04 -4.6638658991e+09 -1.0016396885e+07 1.9266007804e+06 5.3170845389e+01 2.0896808170e-05 -1.9529815267e+03
1.5930948455e+05 1.8825640694e-13 4.7286525825e-14 -5.8379805895e+06 2.8859430452e+06 3.5304744390e-18 1.5108589618e-17 -3.6588686779e+03 -1.0388456265e+04 -4.6640781440e+09 -1.0016390413e+07 1.9266189410e+06 3.0047178176e+01 4.4798840543e-04 -4.1940079173e+04
1.5932453644e+05 1.8830818061e-13 4.7514599970e-14 -5.8920932435e+06 2.7291126561e+06 3.3483378547e-18 1.5195772247e-17 -3.5308908472e+03 -1.0449678170e+04 -4.6672066529e+09 -1.0016298533e+07 1.9268874094e+06 1.8774796413e+01 6.1207552755e-03 -5.7385627867e+05
1.5933672021e+05 1.8834806571e-13 4.7700155852e-14 -5.9344729489e+06 2.6015061702e+06 3.1985735145e-18 1.5263273934e-17 -3.4255967264e+03 -1.0496887776e+04 -4.6885776922e+09 -1.0015691146e+07 1.9287258391e+06 1.3209963969e+01 4.1272583162e-02 -3.8736191992e+06
1.5934674976e+05 1.8837952134e-13 4.7853509182e-14 -5.9683901911e+06 2.4960411352e+06 3.0738016550e-18 1.5316707993e-17 -3.3376497006e+03 -1.0533544491e+04 -4.7758832736e+09 -1.0013278971e+07 1.9362519648e+06 1.0360054488e+01 1.7247722185e-01 -1.6199456376e+07
1.5935535940e+05 1.8840552086e-13 4.7985572303e-14 -5.9967966793e+06 2.4052256517e+06 2.9656724132e-18 1.5361000058e-17 -3.2608550109e+03 -1.0562021823e+04 -5.0358691916e+09 -1.0006271941e+07 1.9587068552e+06 8.7365327774e+00 5.3127578872e-01 -4.9917848589e+07
1.5936305624e+05 1.8842797268e-13 4.8103951775e-14 -6.0216253782e+06 2.3238483889e+06 2.8682429488e-18 1.5399336676e-17 -3.1904302492e+03 -1.0582481797e+04 -5.6718283557e+09 -9.9895102285e+06 2.0137433549e+06 7.7496615835e+00 1.3390360757e+00 -1.2580257190e+08
1.5937080590e+05 1.8844981821e-13 4.8223437052e-14 -6.0460657652e+06 2.2417880380e+06 2.7694475675e-18 1.5436713938e-17 -3.1163214706e+03 -1.0592947341e+04 -7.2192816976e+09 -9.9495916274e+06 2.1480032443e+06 7.1454403472e+00 3.1377964976e+00 -2.9449961138e+08
1.5937795135e+05 1.8846927990e-13 4.8333858992e-14 -6.0680743076e+06 2.1661121300e+06 2.6777625513e-18 1.5470074253e-17 -3.0427314704e+03 -1.0584801025e+04 -1.0302312896e+10 -9.8716195421e+06 2.4164747245e+06 6.9344002558e+00 6.3977726742e+00 -5.9892353243e+08
1.5938488575e+05 1.8848753857e-13 4.8441243967e-14 -6.0889032490e+06 2.0928212168e+06 2.5882675893e-18 1.5501426107e-17 -2.9629580280e+03 -1.0547307815e+04 -1.6079349277e+10 -9.7280091952e+06 2.9224002810e+06 7.4939506011e+00 1.1909972358e+01 -1.1090859798e+09
1.5939237970e+05 1.8850657083e-13 4.8557534307e-14 -6.1107406521e+06 2.0140925265e+06 2.4910074580e-18 1.5534166446e-17 -2.8619301129e+03 -1.0452291290e+04 -2.7422074110e+10 -9.4501094208e+06 3.9255660546e+06 7.4041127129e+00 2.1467620966e+01 -1.9774831130e+09
1.5939790252e+05 1.8852012948e-13 4.8643391595e-14 -6.1263087564e+06 1.9566819135e+06 2.4189877729e-18 1.5557535058e-17 -2.7735255239e+03 -1.0329210235e+04 -4.0648486694e+10 -9.1287719733e+06 5.1113123749e+06 5.5872148531e+00 3.1262406708e+01 -2.8420121200e+09
1.5940282584e+05 1.8853188040e-13 4.8720036453e-14 -6.1397440423e+06 1.9061984840e+06 2.3545548838e-18 1.5577825692e-17 -2.6821646826e+03 -1.0170198187e+04 -5.6812879127e+10 -8.7369980361e+06 6.5840904387e+06 4.9375121696e+00 4.1829204714e+01 -3.7396329723e+09
1.5940776335e+05 1.8854334609e-13 4.8797001349e-14 -6.1527336777e+06 1.8564873077e+06 2.2897292831e-18 1.5597667474e-17 -2.5771308962e+03 -9.9563824358e+03 -7.7624554074e+10 -8.2313493390e+06 8.5200194520e+06 4.5715971373e+00 5.3671264914e+01 -4.6918528140e+09
1.5941233495e+05 1.8855367627e-13 4.8868348736e-14 -6.1642690429e+06 1.8115233919e+06 2.2295333558e-18 1.5615592771e-17 -2.4674178150e+03 -9.7060919415e+03 -1.0103824386e+11 -7.6582782265e+06 1.0754538523e+07 4.3308604932e+00 6.5061681578e+01 -5.5384319018e+09
1.5941666581e+05 1.8856320832e-13 4.8936013758e-14 -6.1747105273e+06 1.7700860703e+06 2.1723615763e-18 1.5632186817e-17 -2.3528275577e+03 -9.4223257976e+03 -1.2657980120e+11 -7.0256909062e+06 1.3265650392e+07 4.1667409187e+00 7.5515958632e+01 -6.2337646337e+09
1.5942083255e+05 1.8857214517e-13 4.9001181686e-14 -6.1842689973e+06 1.7314654436e+06 2.1172305023e-18 1.5647805483e-17 -2.2338451132e+03 -9.1089876735e+03 -1.5368640038e+11 -6.3435829028e+06 1.6022299117e+07 4.0358570494e+00 8.4649777693e+01 -6.7483335821e+09
1.5942486841e+05 1.8858058207e-13 4.9064363987e-14 -6.1930403129e+06 1.6953724103e+06 2.0637206931e-18 1.5662619357e-17 -2.1118838551e+03 -8.7721728840e+03 -1.8163188536e+11 -5.6264727889e+06 1.8973693287e+07 3.9173280514e+00 9.2181207751e+01 -7.0697336537e+09
1.5942878573e+05 1.8858856445e-13 4.9125747300e-14 -6.2010734154e+06 1.6616927586e+06 2.0116848606e-18 1.5676712692e-17 -1.9888017285e+03 -8.4192611761e+03 -2.0964836480e+11 -4.8910327044e+06 2.2057608203e+07 3.8043674956e+00 9.7988882006e+01 -7.2054409071e+09
1.5943259010e+05 1.8859612137e-13 4.9185412898e-14 -6.2084074084e+06 1.6303457161e+06 1.9610632753e-18 1.5690140766e-17 -1.8664262837e+03 -8.0576019695e+03 -2.3705726533e+11 -4.1531535310e+06 2.5211903916e+07 3.6973236819e+00 1.0211757858e+02 -7.1791736293e+09
1.5943628743e+05 1.8860328099e-13 4.9243448189e-14 -6.2150861876e+06 1.6012242226e+06 1.9117896158e-18 1.5702956740e-17 -1.7462442468e+03 -7.6934802739e+03 -2.6334892199e+11 -3.4258685126e+06 2.8383475323e+07 3.5980441372e+00 1.0473590344e+02 -7.0233747012e+09
1.5943988547e+05 1.8861007333e-13 4.9299970237e-14 -6.2211587255e+06 1.5741919737e+06 1.8637711123e-18 1.5715216660e-17 -1.6293175282e+03 -7.3317308827e+03 -2.8819278477e+11 -2.7187579071e+06 3.1531561391e+07 3.5071548852e+00 1.0607644620e+02 -6.7719213883e+09
1.5944339262e+05 1.8861652769e-13 4.9355106609e-14 -6.2266744757e+06 1.5491020654e+06 1.8169049273e-18 1.5726975034e-17 -1.5163456742e+03 -6.9758530260e+03 -3.1140527330e+11 -2.0383820042e+06 3.4626744181e+07 3.4238257584e+00 1.0638595782e+02 -6.4554383747e+09
1.5944681645e+05 1.8862267006e-13 4.9408972433e-14 -6.2316797271e+06 1.5258132681e+06 1.7710978167e-18 1.5738280150e-17 -1.4077666465e+03 -6.6283047790e+03 -3.3290841425e+11 -1.3890203337e+06 3.7648418431e+07 3.3464935950e+00 1.0589474282e+02 -6.0992501076e+09
1.5945016294e+05 1.8862852204e-13 4.9461658754e-14 -6.2362162402e+06 1.5041973255e+06 1.7262762121e-18 1.5749172189e-17 -1.3038395700e+03 -6.2907786628e+03 -3.5269567430e+11 -7.7331480609e+05 4.0582437677e+07 3.2735561715e+00 1.0480201285e+02 -5.7230332729e+09
1.5945343650e+05 1.8863410128e-13 4.9513231796e-14 -6.2403214335e+06 1.4841395342e+06 1.6823870168e-18 1.5759683700e-17 -1.2046990458e+03 -5.9644028330e+03 -3.7080773441e+11 -1.9272662546e+05 4.3419406976e+07 3.2037525810e+00 1.0327121978e+02 -5.3413140971e+09
1.5945664025e+05 1.8863942237e-13 4.9563738228e-14 -6.2440291669e+06 1.4655363244e+06 1.6393932544e-18 1.5769841208e-17 -1.1103886855e+03 -5.6498789882e+03 -3.8731589184e+11 3.5215268913e+05 4.6153520292e+07 3.1362723512e+00 1.0143084673e+02 -4.9642948650e+09
1.5945977652e+05 1.8864449790e-13 4.9613212183e-14 -6.2473705393e+06 1.4482923575e+06 1.5972681924e-18 1.5779667013e-17 -1.0208831626e+03 -5.3475811230e+03 -4.0231041734e+11 8.6137876312e+05 4.8781731853e+07 3.0707037704e+00 9.9377948219e+01 -4.5987463107e+09
1.5946284723e+05 1.8864933927e-13 4.9661681499e-14 -6.2503744649e+06 1.4323182903e+06 1.5559901039e-18 1.5789180691e-17 -9.3610486718e+02 -5.0576330094e+03 -4.1589209163e+11 1.3354815296e+06 5.1303106506e+07 3.0069192647e+00 9.7182901556e+01 -4.2488404045e+09
1.5946585415e+05 1.8865395720e-13 4.9709172175e-14 -6.2530680102e+06 1.4175294522e+06 1.5155385311e-18 1.5798400135e-17 -8.5593788697e+02 -4.7799731130e+03 -4.2816597629e+11 1.7753240684e+06 5.3718274147e+07 2.9449556008e+00 9.4894472139e+01 -3.9168672740e+09
1.5946879910e+05 1.8865836202e-13 4.9755710949e-14 -6.2554765528e+06 1.4038452677e+06 1.4758921332e-18 1.5807342168e-17 -7.8024010686e+02 -4.5144098862e+03 -4.3923691719e+11 2.1819869111e+06 5.6028963395e+07 2.8849197614e+00 9.2544661404e+01 -3.6038173271e+09
1.5947168402e+05 1.8866256380e-13 4.9801326403e-14 -6.2576238448e+06 1.3911891273e+06 1.4370277863e-18 1.5816022840e-17 -7.0885333082e+02 -4.2606675595e+03 -4.4920646794e+11 2.5566766279e+06 5.8237614144e+07 2.8269263011e+00 9.0153039485e+01 -3.3098307385e+09
1.5947451095e+05 1.8866657231e-13 4.9846049072e-14 -6.2595320391e+06 1.3794884583e+06 1.3989205181e-18 1.5824457529e-17 -6.4161126035e+02 -4.0184222744e+03 -4.5817095985e+11 2.9006576212e+06 6.0347071029e+07 2.7710626394e+00 8.7730428637e+01 -3.0345286840e+09
1.5947728201e+05 1.8867039703e-13 4.9889911016e-14 -6.2612217171e+06 1.3686748261e+06 1.3615439055e-18 1.5832660931e-17 -5.7834532434e+02 -3.7873288661e+03 -4.6622045731e+11 3.2152049470e+06 6.2360355720e+07 2.7173747645e+00 8.5281912463e+01 -2.7772461691e+09
1.5947999939e+05 1.8867404703e-13 4.9932945152e-14 -6.2627119315e+06 1.3586839815e+06 1.3248706624e-18 1.5840647016e-17 -5.1888855389e+02 -3.5670392182e+03 -4.7343835613e+11 3.5015748876e+06 6.4280510626e+07 2.6658654506e+00 8.2809210697e+01 -2.5371872833e+09
1.5948266525e+05 1.8867753098e-13 4.9975184570e-14 -6.2640202689e+06 1.3494558250e+06 1.2888732486e-18 1.5848428971e-17 -4.6307783788e+02 -3.3572135528e+03 -4.7990141412e+11 3.7609894187e+06 6.6110502615e+07 2.6165000805e+00 8.0312490816e+01 -2.3135220611e+09
1.5948528175e+05 1.8868085707e-13 5.0016661925e-14 -6.2651629277e+06 1.3409342892e+06 1.2535243993e-18 1.5856019165e-17 -4.1075492663e+02 -3.1575260978e+03 -4.8568004731e+11 3.9946308363e+06 6.7853174619e+07 2.5692158886e+00 7.7791696019e+01 -2.1054411281e+09
1.5948785097e+05 1.8868403304e-13 5.0057408989e-14 -6.2661548059e+06 1.3330671583e+06 1.2187975266e-18 1.5863429137e-17 -3.6176655063e+02 -2.9676665648e+03 -4.9083876639e+11 4.2036431486e+06 6.9511233003e+07 2.5239324026e+00 7.5247466207e+01 -1.9121811598e+09
1.5949037490e+05 1.8868706613e-13 5.0097456357e-14 -6.2670095933e+06 1.3258058451e+06 1.1846669785e-18 1.5870669611e-17 -3.1596397660e+02 -2.7873387072e+03 -4.9543666599e+11 4.3891373948e+06 7.1087259903e+07 2.4805619912e+00 7.2681720521e+01 -1.7330312328e+09
1.5949285546e+05 1.8868996316e-13 5.0136833326e-14 -6.2677398624e+06 1.3191051456e+06 1.1511081531e-18 1.5877750534e-17 -2.7320226301e+02 -2.6162570281e+03 -4.9952791050e+11 4.5521986549e+06 7.2583741448e+07 2.4390190041e+00 7.0097961195e+01 -1.5673276531e+09
1.5949529448e+05 1.8869273048e-13 5.0175567920e-14 -6.2683571549e+06 1.3129229906e+06 1.1180974867e-18 1.5884681136e-17 -2.3333943343e+02 -2.4541425645e+03 -5.0316218221e+11 4.6938930064e+06 7.4003103946e+07 2.3992270118e+00 6.7501352388e+01 -1.4144428870e+09
1.5949769371e+05 1.8869537408e-13 5.0213687025e-14 -6.2688720616e+06 1.3072202073e+06 1.0856123422e-18 1.5891470007e-17 -1.9623572934e+02 -2.3007184930e+03 -5.0638507536e+11 4.8152732081e+06 7.5347751688e+07 2.3611241006e+00 6.4898622928e+01 -1.2737726059e+09
1.5950005483e+05 1.8869789959e-13 5.0251216620e-14 -6.2692942944e+06 1.3019602988e+06 1.0536308238e-18 1.5898125177e-17 -1.6175304815e+02 -2.1557061091e+03 -5.0923843226e+11 4.9173823703e+06 7.6620101628e+07 2.3246651253e+00 6.2297838458e+01 -1.1447235452e+09
1.5950237950e+05 1.8870031232e-13 5.0288182030e-14 -6.2696327502e+06 1.2971092495e+06 1.0221315592e-18 1.5904654206e-17 -1.2975463966e+02 -2.0188216290e+03 -5.1176062433e+11 5.0012552346e+06 7.7822611070e+07 2.2898217711e+00 5.9708086801e+01 -1.0267038884e+09
1.5950466932e+05 1.8870261728e-13 5.0324608197e-14 -6.2698955678e+06 1.2926353571e+06 9.9109347972e-19 1.5911064263e-17 -1.0010507798e+02 -1.8897740476e+03 -5.1398678743e+11 5.0679170981e+06 7.8957796372e+07 2.2565803515e+00 5.7139116348e+01 -9.1911699085e+08
1.5950692590e+05 1.8870481924e-13 5.0360519901e-14 -6.2700901789e+06 1.2885090890e+06 9.6049562837e-19 1.5917362197e-17 -7.2670495418e+01 -1.7682641573e+03 -5.1594902210e+11 5.1183806816e+06 8.0028241703e+07 2.2249381521e+00 5.4600963163e+01 -8.2135861964e+08
1.5950915084e+05 1.8870692272e-13 5.0395941939e-14 -6.2702233546e+06 1.2847029612e+06 9.3031701714e-19 1.5923554596e-17 -4.7319032732e+01 -1.6539846791e+03 -5.1767657028e+11 5.1536414482e+06 8.1036598274e+07 2.1948988465e+00 5.2103596134e+01 -7.3281738739e+08
1.5951102323e+05 1.8870864085e-13 5.0425761912e-14 -6.2702929962e+06 1.2816927185e+06 9.0491292885e-19 1.5928753439e-17 -2.7260789995e+01 -1.5620632070e+03 -5.1898360224e+11 5.1724232961e+06 8.1848978277e+07 1.9428452038e+00 5.0014663758e+01 -6.6417268028e+08
1.5951244955e+05 1.8870991774e-13 5.0448484244e-14 -6.2703214494e+06 1.2795130670e+06 8.8555656048e-19 1.5932706620e-17 -1.2745431772e+01 -1.4946373174e+03 -5.1989577016e+11 5.1802076091e+06 8.2445706735e+07 1.5881755355e+00 4.8435945986e+01 -6.1537283809e+08
1.5951361110e+05 1.8871093720e-13 5.0466992721e-14 -6.2703296251e+06 1.2778080481e+06 8.6979059318e-19 1.5935921642e-17 -1.4025711889e+00 -1.4413778219e+03 -5.2058854855e+11 5.1824675674e+06 8.2917612560e+07 1.0793470003e+00 4.7160775122e+01 -5.7780048381e+08
1.5951469044e+05 1.8871186810e-13 5.0484194721e-14 -6.2703256220e+06 1.2762784118e+06 8.5513815552e-19 1.5938905813e-17 8.7602405445e+00 -1.3932068932e+03 -5.2119412619e+11 5.1813471094e+06 8.3344886922e+07 1.3871821482e+00 4.5985897371e+01 -5.4458765356e+08
1.5951607763e+05 1.8871304127e-13 5.0506307544e-14 -6.2703047062e+06 1.2743876750e+06 8.3630368613e-19 1.5942736575e-17 2.1298424842e+01 -1.3331497859e+03 -5.2192128512e+11 5.1754422247e+06 8.3878249645e+07 1.5845582369e+00 4.4492377547e+01 -5.0424186790e+08
1.5951766218e+05 1.8871434940e-13 5.0531573202e-14 -6.2702600697e+06 1.2723279277e+06 8.1478516086e-19 1.5947106487e-17 3.4917757697e+01 -1.2670709045e+03 -5.2268580842e+11 5.1626979210e+06 8.4466017254e+07 1.6873278951e+00 4.2812298048e+01 -4.6126789819e+08
1.5951934951e+05 1.8871570487e-13 5.0558485121e-14 -6.2701894774e+06 1.2702472859e+06 7.9186618850e-19 1.5951753271e-17 4.8620293238e+01 -1.1996239192e+03 -5.2342796657e+11 5.1422973703e+06 8.5067067221e+07 1.7460932514e+00 4.1057978144e+01 -4.1900384240e+08
1.5952109561e+05 1.8871706683e-13 5.0586342563e-14 -6.2700928135e+06 1.2682113045e+06 7.6814386497e-19 1.5956555209e-17 6.1960142310e+01 -1.1329406975e+03 -5.2412403600e+11 5.1140163713e+06 8.5662551778e+07 1.7812824424e+00 3.9285019644e+01 -3.7887991852e+08
1.5952287689e+05 1.8871841356e-13 5.0614770052e-14 -6.2699709551e+06 1.2662514336e+06 7.4393817335e-19 1.5961447364e-17 7.4720887658e+01 -1.0681074414e+03 -5.2476513761e+11 5.0779263164e+06 8.6242850405e+07 1.8027418037e+00 3.7525623268e+01 -3.4152451512e+08
1.5952467963e+05 1.8871973260e-13 5.0643548879e-14 -6.2698252428e+06 1.2643826442e+06 7.1943553375e-19 1.5966392160e-17 8.6797984724e+01 -1.0056972134e+03 -5.2534935039e+11 5.0342518777e+06 8.6802867666e+07 1.8157953448e+00 3.5800285460e+01 -3.0717378447e+08
1.5952649543e+05 1.8872101654e-13 5.0672545097e-14 -6.2696572107e+06 1.2626111739e+06 6.9475014376e-19 1.5971366796e-17 9.8146818321e+01 -9.4600329796e+02 -5.2587820051e+11 4.9832958142e+06 8.7339974474e+07 1.8235607737e+00 3.4122813050e+01 -2.7585524814e+08
1.5952831899e+05 1.8872226085e-13 5.0701674406e-14 -6.2694684430e+06 1.2609383765e+06 6.6995390174e-19 1.5976357104e-17 1.0875665943e+02 -8.8915563305e+02 -5.2635491736e+11 4.9253963063e+06 8.7852981746e+07 1.8279753365e+00 3.2502792751e+01 -2.4748109732e+08
1.5953014696e+05 1.8872346278e-13 5.0730883360e-14 -6.2692604960e+06 1.2593628024e+06 6.4509241598e-19 1.5981354262e-17 1.1863641400e+02 -8.3518442715e+02 -5.2678350692e+11 4.8609014273e+06 8.8341580022e+07 1.8302997551e+00 3.0946940089e+01 -2.2189981323e+08
1.5953197726e+05 1.8872462071e-13 5.0760138604e-14 -6.2690348564e+06 1.2578813894e+06 6.2019417933e-19 1.5986352911e-17 1.2780631058e+02 -7.8405735967e+02 -5.2716824023e+11 4.7901532789e+06 8.8806012027e+07 1.8313861360e+00 2.9459901693e+01 -1.9892646438e+08
1.5953380865e+05 1.8872573371e-13 5.0789420366e-14 -6.2687929201e+06 1.2564901749e+06 5.9527611073e-19 1.5991350021e-17 1.3629281687e+02 -7.3570249756e+02 -5.2751336678e+11 4.7134778766e+06 8.9246871095e+07 1.8318296633e+00 2.8044768530e+01 -1.7836119807e+08
1.5953564048e+05 1.8872680132e-13 5.0818718370e-14 -6.2685359832e+06 1.2551847330e+06 5.7034703952e-19 1.5996344176e-17 1.4412542124e+02 -6.9002299684e+02 -5.2782295592e+11 4.6311786006e+06 8.9664971943e+07 1.8320596943e+00 2.6703425410e+01 -1.6000077682e+08
1.5953747254e+05 1.8872782339e-13 5.0848029200e-14 -6.2682652400e+06 1.2539604486e+06 5.4540995456e-19 1.6001335116e-17 1.5133454716e+02 -6.4690682201e+02 -5.2810081361e+11 4.5435318994e+06 9.0061265325e+07 1.8323966974e+00 2.5436801344e+01 -1.4364580745e+08
1.5953930493e+05 1.8872879994e-13 5.0877354564e-14 -6.2679817852e+06 1.2528126888e+06 5.2046348101e-19 1.6006323437e-17 1.5795018177e+02 -6.0623332850e+02 -5.2835044408e+11 4.4507844537e+06 9.0436780275e+07 1.8330897358e+00 2.4245056472e+01 -1.2910520707e+08
1.5954113802e+05 1.8872973112e-13 5.0906700163e-14 -6.2676866179e+06 1.2517369108e+06 4.9550284874e-19 1.6011310394e-17 1.6400097140e+02 -5.6787779365e+02 -5.2857503875e+11 4.3531512696e+06 9.0792584428e+07 1.8343427234e+00 2.3127725804e+01 -1.1619884533e+08
1.5954297237e+05 1.8873061713e-13 5.0936074968e-14 -6.2673806468e+06 1.2507287266e+06 4.7052050433e-19 1.6016297776e-17 1.6951363211e+02 -5.3171456060e+02 -5.2877748142e+11 4.2508143247e+06 9.1129756556e+07 1.8363331401e+00 2.2083831667e+01 -1.0475896007e+08
1.5954480870e+05 1.8873145820e-13 5.0965490809e-14 -6.2670646956e+06 1.2497839406e+06 4.4550646901e-19 1.6021287837e-17 1.7451257613e+02 -4.9761923646e+02 -5.2896036283e+11 4.1439215300e+06 9.1449367453e+07 1.8392266695e+00 2.1111972872e+01 -9.4630746478e+07
1.5954664793e+05 1.8873225454e-13 5.0994962183e-14 -6.2667395075e+06 1.2488985690e+06 4.2044849767e-19 1.6026283261e-17 1.7901969147e+02 -4.6547022390e+02 -5.2912600040e+11 4.0325858056e+06 9.1752466729e+07 1.8431893038e+00 2.0210395532e+01 -8.5672387179e+07
1.5954849112e+05 1.8873300636e-13 5.1024506269e-14 -6.2664057493e+06 1.2480688460e+06 3.9533207310e-19 1.6031287164e-17 1.8305423203e+02 -4.3514977825e+02 -5.2927646040e+11 3.9168841128e+06 9.2040073831e+07 1.8483980226e+00 1.9377049177e+01 -7.7754709732e+07
1.5955033951e+05 1.8873371381e-13 5.1054143104e-14 -6.2660640141e+06 1.2472912226e+06 3.7014025480e-19 1.6036303129e-17 1.8663278889e+02 -4.0654472451e+02 -5.2941358086e+11 3.7968563073e+06 9.2313172130e+07 1.8550509144e+00 1.8609630935e+01 -7.0760603444e+07
1.5955219456e+05 1.8873437699e-13 5.1083895931e-14 -6.2657148222e+06 1.2465623597e+06 3.4485338975e-19 1.6041335258e-17 1.8976932197e+02 -3.7954692765e+02 -5.2953899408e+11 3.6725036803e+06 9.2572705276e+07 1.8633777755e+00 1.7905620000e+01 -6.4584288614e+07
1.5955405794e+05 1.8873499591e-13 5.1113791706e-14 -6.2653586211e+06 1.2458791179e+06 3.1944867834e-19 1.6046388261e-17 1.9247523697e+02 -3.5405357823e+02 -5.2965414828e+11 3.5437870213e+06 9.2819575279e+07 1.8736509918e+00 1.7262304194e+01 -5.9130503472e+07
1.5955593159e+05 1.8873557051e-13 5.1143861796e-14 -6.2649957823e+06 1.2452385448e+06 2.9389959167e-19 1.6051467573e-17 1.9475949392e+02 -3.2996734781e+02 -5.2976032789e+11 3.4106240598e+06 9.3054641891e+07 1.8791510271e+00 1.6676800475e+01 -5.4313657651e+07
1.5955781074e+05 1.8873609871e-13 5.1174029713e-14 -6.2646279831e+06 1.2446400274e+06 2.6827123466e-19 1.6056560409e-17 1.9662254189e+02 -3.0727886922e+02 -5.2985831961e+11 3.2734074195e+06 9.3277908372e+07 1.8773069541e+00 1.6147948551e+01 -5.0071876322e+07
1.5955968805e+05 1.8873657831e-13 5.1204177581e-14 -6.2642574421e+06 1.2440833574e+06 2.4266382804e-19 1.6061647021e-17 1.9806691003e+02 -2.8599658394e+02 -5.2994875069e+11 3.1327571163e+06 9.3489185044e+07 1.8761733376e+00 1.5674354365e+01 -4.6349528378e+07
1.5956156422e+05 1.8873700957e-13 5.1234316783e-14 -6.2638847980e+06 1.2435657059e+06 2.1706776291e-19 1.6066729487e-17 1.9910486808e+02 -2.6603071614e+02 -5.3003257627e+11 2.9887200587e+06 9.3689247411e+07 1.8755620729e+00 1.5251916534e+01 -4.3078201353e+07
1.5956343979e+05 1.8873739270e-13 5.1264455695e-14 -6.2635107005e+06 1.2430844996e+06 1.9147599081e-19 1.6071809365e-17 1.9974813175e+02 -2.4730144611e+02 -5.3011061437e+11 2.8413537370e+06 9.3878783235e+07 1.8753366278e+00 1.4876529996e+01 -4.0198001247e+07
1.5956531512e+05 1.8873772778e-13 5.1294600510e-14 -6.2631358025e+06 1.2426373723e+06 1.6588332230e-19 1.6076887828e-17 2.0000855172e+02 -2.2973734552e+02 -5.3018356683e+11 2.6907278904e+06 9.4058406672e+07 1.8752992154e+00 1.4544080879e+01 -3.7656385960e+07
1.5956719042e+05 1.8873801487e-13 5.1324754246e-14 -6.2627607728e+06 1.2422221495e+06 1.4028726481e-19 1.6081965507e-17 1.9989871441e+02 -2.1327498283e+02 -5.3025203259e+11 2.5369346180e+06 9.4228660651e+07 1.8751806054e+00 1.4250474345e+01 -3.5407347128e+07
1.5956906560e+05 1.8873825393e-13 5.1354915596e-14 -6.2623863091e+06 1.2418368339e+06 1.1468900028e-19 1.6087042291e-17 1.9943255067e+02 -1.9785841164e+02 -5.3031651919e+11 2.3800993904e+06 9.4390020065e+07 1.8746338154e+00 1.3991666328e+01 -3.3410691332e+07
1.5957094024e+05 1.8873844494e-13 5.1385077666e-14 -6.2620131503e+06 1.2414795890e+06 8.9094449540e-20 1.6092117126e-17 1.9862592700e+02 -1.8343851078e+02 -5.3037745292e+11 2.2203924322e+06 9.4542896134e+07 1.8732386818e+00 1.3763699822e+01 -3.1631412626e+07
1.5957281348e+05 1.8873858788e-13 5.1415226792e-14 -6.2616420848e+06 1.2411487213e+06 6.3515275079e-20 1.6097187808e-17 1.9749717841e+02 -1.6997211938e+02 -5.3043518798e+11 2.0580392392e+06 9.4687642575e+07 1.8705206232e+00 1.3562745436e+01 -3.0039142646e+07
1.5957468400e+05 1.8873868279e-13 5.1445341649e-14 -6.2612739539e+06 1.2408426597e+06 3.7969628011e-20 1.6102250844e-17 1.9606752323e+02 -1.5742093535e+02 -5.3049001522e+11 1.8933285659e+06 9.4824564092e+07 1.8659891502e+00 1.3385145579e+01 -2.8607664678e+07
1.5957654998e+05 1.8873872986e-13 5.1475392986e-14 -6.2609096442e+06 1.2405599317e+06 1.2482369359e-20 1.6107301406e-17 1.9436128261e+02 -1.4575016345e+02 -5.3054217095e+11 1.7266156120e+06 9.4953927607e+07 1.8591941321e+00 1.3227460474e+01 -2.7314475195e+07
1.5957840918e+05 1.8873872946e-13 5.1505344264e-14 -6.2605500689e+06 1.2402991366e+06 -1.2915477575e-20 1.6112333439e-17 1.9240582355e+02 -1.3492697001e+02 -5.3059184610e+11 1.5583182681e+06 9.5075976051e+07 1.8497940389e+00 1.3086513340e+01 -2.6140378599e+07
1.5958025897e+05 1.8873868220e-13 5.1535153393e-14 -6.2601961358e+06 1.2400589201e+06 -3.8188208075e-20 1.6117339957e-17 1.9023116302e+02 -1.2491886819e+02 -5.3063919583e+11 1.3889049070e+06 9.5190943845e+07 1.8376200353e+00 1.2959430877e+01 -2.5069102823e+07
1.5958209659e+05 1.8873858895e-13 5.1564775510e-14 -6.2598487045e+06 1.2398379508e+06 -6.3297794204e-20 1.6122313511e-17 1.8786922278e+02 -1.1569223899e+02 -5.3068434929e+11 1.2188739667e+06 9.5299072256e+07 1.8227182000e+00 1.2843674716e+01 -2.4086930091e+07
1.5958391931e+05 1.8873845088e-13 5.1594166440e-14 -6.2595085409e+06 1.2396349046e+06 -8.8206822012e-20 1.6127246767e-17 1.8535279821e+02 -1.0721121532e+02 -5.3072741878e+11 1.0487276437e+06 9.5400622364e+07 1.8053552814e+00 1.2737059736e+01 -2.3182343095e+07
1.5958572467e+05 1.8873826936e-13 5.1623286261e-14 -6.2591762748e+06 1.2394484592e+06 -1.1288150963e-19 1.6132133108e-17 1.8271437715e+02 -9.9437111471e+01 -5.3076850764e+11 8.7894383026e+05 9.5495883471e+07 1.7859832603e+00 1.2637756561e+01 -2.2345692299e+07
1.5958751065e+05 1.8873804595e-13 5.1652102297e-14 -6.2588523714e+06 1.2392772980e+06 -1.3729424294e-19 1.6136967129e-17 1.7998498681e+02 -9.2328471118e+01 -5.3080771593e+11 7.0995116906e+05 9.5585175692e+07 1.7651744692e+00 1.2544277967e+01 -2.1568892918e+07
1.5958927582e+05 1.8873778231e-13 5.1680591077e-14 -6.2585371183e+06 1.2391201240e+06 -1.6142522565e-19 1.6141744972e-17 1.7719323184e+02 -8.5841657412e+01 -5.3084514395e+11 5.4211102303e+05 9.5668846887e+07 1.7435459295e+00 1.2455451316e+01 -2.0845157797e+07
1.5959101937e+05 1.8873748008e-13 5.1708739065e-14 -6.2582306309e+06 1.2389756769e+06 -1.8526309549e-19 1.6146464441e-17 1.7436462847e+02 -7.9931801075e+01 -5.3088089351e+11 3.7570813573e+05 9.5747265330e+07 1.7216913165e+00 1.2370381052e+01 -2.0168768873e+07
1.5959274106e+05 1.8873714085e-13 5.1736542304e-14 -6.2579328706e+06 1.2388427520e+06 -2.0880460990e-19 1.6151124940e-17 1.7152126359e+02 -7.4553884625e+01 -5.3091506759e+11 2.1094961017e+05 9.5820810119e+07 1.7001333444e+00 1.2288406067e+01 -1.9534886112e+07
1.5959444119e+05 1.8873676609e-13 5.1764005283e-14 -6.2576436721e+06 1.2387202147e+06 -2.3205367993e-19 1.6155727285e-17 1.6868174138e+02 -6.9663766935e+01 -5.3094776917e+11 4.7970225208e+04 9.5889861327e+07 1.6792987331e+00 1.2209056329e+01 -1.8939389697e+07
1.5959612049e+05 1.8873635712e-13 5.1791139392e-14 -6.2573627720e+06 1.2386070124e+06 -2.5502006065e-19 1.6160273444e-17 1.6586134547e+02 -6.5219024183e+01 -5.3097909962e+11 -1.1315836570e+05 9.5954791305e+07 1.6595127791e+00 1.2132012146e+01 -1.8378750657e+07
1.5959778001e+05 1.8873591507e-13 5.1817961300e-14 -6.2570898378e+06 1.2385021793e+06 -2.7771796626e-19 1.6164766263e-17 1.6307233588e+02 -6.1179554424e+01 -5.3100915724e+11 -2.7241683952e+05 9.6015957912e+07 1.6410066291e+00 1.2057068109e+01 -1.7849924966e+07
1.5959942101e+05 1.8873544092e-13 5.1844491434e-14 -6.2568244919e+06 1.2384048383e+06 -3.0016478369e-19 1.6169209210e-17 1.6032431219e+02 -5.7507950154e+01 -5.3103803603e+11 -4.2982743454e+05 9.6073699829e+07 1.6239311719e+00 1.1984102646e+01 -1.7350267112e+07
1.5960104494e+05 1.8873493543e-13 5.1870752687e-14 -6.2565663316e+06 1.2383141982e+06 -3.2237997533e-19 1.6173606162e-17 1.5762459260e+02 -5.4169674177e+01 -5.3106582492e+11 -5.8544417558e+05 9.6128333768e+07 1.6083732773e+00 1.1913053265e+01 -1.6877459750e+07
1.5960104494e+05 1.8873493543e-13 5.1870752687e-14 -6.2565663316e+06 1.2383141982e+06 -3.2237997533e-19 1.6173606162e-17 1.5762459260e+02 -5.4169674177e+01 -5.3106582492e+11 -5.8544417558e+05 9.6128333768e+07 1.6083732773e+00 1.1913053265e+01 -1.6877459750e+07
