0.0000000000e+00 0.0000000000e+00 0.0000000000e+00 3.1415900000e+08 0.0000000000e+00 0.0000000000e+00 0.0000000000e+00 -1.1777018830e+03 2.3025697400e+02 -4.6638893074e+09 -1.0010466005e+07 1.9571842790e+06 1.0000000000e+01 0.0000000000e+00 -0.0000000000e+00
1.0000000000e+01 2.8740013952e-22 7.0217049163e-28 3.1414722278e+08 2.3025697395e+03 5.7480746198e-23 2.1065509608e-28 -1.1777422683e+03 2.3025697385e+02 -4.6638893074e+09 -1.0010466005e+07 1.9571842790e+06 5.0000000000e+01 0.0000000000e+00 -0.0000000000e+00
6.0000000000e+01 1.0347698185e-20 1.5171148235e-25 3.1408833062e+08 1.3815418333e+04 3.4494914078e-22 7.5864274739e-27 -1.1779442402e+03 2.3025696867e+02 -4.6638893074e+09 -1.0010466005e+07 1.9571842790e+06 2.5000000000e+02 0.0000000000e+00 -0.0000000000e+00
3.1000000000e+02 2.7639884306e-19 2.0953707592e-23 3.1379371822e+08 7.1379647218e+04 1.7839101229e-21 2.0289582965e-25 -1.1789552373e+03 2.3025683145e+02 -4.6638893074e+09 -1.0010466005e+07 1.9571842790e+06 1.2500000000e+03 0.0000000000e+00 -0.0000000000e+00
1.5600000000e+03 7.0214172215e-18 2.6891609573e-21 3.1231685190e+08 3.5919899007e+05 9.0194951742e-21 5.1867077781e-24 -1.1840388742e+03 2.3025332988e+02 -4.6638893074e+09 -1.0010466005e+07 1.9571842790e+06 3.6000000000e+03 0.0000000000e+00 -0.0000000000e+00
5.1600000000e+03 7.7525688113e-17 9.9343024847e-20 3.0802758965e+08 1.1880561886e+06 3.0247324284e-20 5.8331443641e-23 -1.1989532972e+03 2.3021599101e+02 -4.6638893074e+09 -1.0010466005e+07 1.9571842790e+06 3.6000000000e+03 0.0000000000e+00 -0.0000000000e+00
8.7600000000e+03 2.2552532419e-16 4.9638442447e-19 3.0368388007e+08 2.0167023384e+06 5.2077882285e-20 1.7291736193e-22 -1.2142911904e+03 2.3013548430e+02 -4.6638893072e+09 -1.0010466005e+07 1.9571842790e+06 3.6000000000e+03 0.0000000000e+00 -0.0000000000e+00
1.2360000000e+04 4.5325009028e-16 1.4244826779e-18 2.9928415655e+08 2.8449753739e+06 7.4544909682e-20 3.5430148837e-22 -1.2300762595e+03 2.3000804594e+02 -4.6638893071e+09 -1.0010466005e+07 1.9571842790e+06 3.6000000000e+03 0.0000000000e+00 -0.0000000000e+00
1.5960000000e+04 7.6305613754e-16 3.1346028544e-18 2.9482676368e+08 3.6726989700e+06 9.7684928505e-20 6.0841393487e-22 -1.2463341645e+03 2.2982950953e+02 -4.6638893070e+09 -1.0010466005e+07 1.9571842790e+06 3.6000000000e+03 0.0000000000e+00 -0.0000000000e+00
1.9560000000e+04 1.1574365573e-15 5.9002019110e-18 2.9030994986e+08 4.4996809990e+06 1.2153754906e-19 9.4183365792e-22 -1.2630927351e+03 2.2959525275e+02 -4.6638893068e+09 -1.0010466005e+07 1.9571842790e+06 3.6000000000e+03 0.0000000000e+00 -0.0000000000e+00
2.3160000000e+04 1.6390331140e-15 1.0019718799e-17 2.8573185901e+08 5.3257117813e+06 1.4614581948e-19 1.3618763659e-21 -1.2803822164e+03 2.2930013569e+02 -4.6638893066e+09 -1.0010466005e+07 1.9571842790e+06 3.6000000000e+03 0.0000000000e+00 -0.0000000000e+00
2.6760000000e+04 2.2106493247e-15 1.5819406309e-17 2.8109052140e+08 6.1505620955e+06 1.7155662530e-19 1.8766968929e-21 -1.2982355496e+03 2.2893842884e+02 -4.6638893064e+09 -1.0010466005e+07 1.9571842790e+06 3.6000000000e+03 0.0000000000e+00 -0.0000000000e+00
3.0360000000e+04 2.8752650795e-15 2.3656561665e-17 2.7638384341e+08 6.9739809087e+06 1.9782114792e-19 2.4954088724e-21 -1.3166886942e+03 2.2850372908e+02 -4.6638893062e+09 -1.0010466005e+07 1.9571842790e+06 3.6000000000e+03 0.0000000000e+00 -0.0000000000e+00
3.3960000000e+04 3.6360530342e-15 3.3923224199e-17 2.7160959597e+08 7.7956927788e+06 2.2499539238e-19 3.2282251977e-21 -1.3357809987e+03 2.2798886096e+02 -4.6638893059e+09 -1.0010466005e+07 1.9571842790e+06 3.6000000000e+03 0.0000000000e+00 -0.0000000000e+00
3.7560000000e+04 4.4963970468e-15 4.7050422411e-17 2.6676540161e+08 8.6153948702e+06 2.5314079745e-19 4.0866235737e-21 -1.3555556292e+03 2.2738576036e+02 -4.6638893055e+09 -1.0010466005e+07 1.9571842790e+06 3.6000000000e+03 0.0000000000e+00 -0.0000000000e+00
4.1160000000e+04 5.4599129811e-15 6.3513070039e-17 2.6184871987e+08 9.4327535140e+06 2.8232494364e-19 5.0835425179e-21 -1.3760600669e+03 2.2668533683e+02 -4.6638893051e+09 -1.0010466005e+07 1.9571842790e+06 3.6000000000e+03 0.0000000000e+00 -0.0000000000e+00
4.4760000000e+04 6.5304722637e-15 8.3835632345e-17 2.5685683073e+08 1.0247400227e+07 3.1262237831e-19 6.2336145067e-21 -1.3973466881e+03 2.2587730978e+02 -4.6638893046e+09 -1.0010466005e+07 1.9571842790e+06 3.6000000000e+03 0.0000000000e+00 -0.0000000000e+00
4.8360000000e+04 7.7122286578e-15 1.0859871093e-16 2.5178681582e+08 1.1058927086e+07 3.4411558185e-19 7.5534446981e-21 -1.4194734424e+03 2.2495001262e+02 -4.6638893040e+09 -1.0010466005e+07 1.9571842790e+06 3.6000000000e+03 0.0000000000e+00 -0.0000000000e+00
5.1960000000e+04 9.0096488113e-15 1.3844672963e-16 2.4663553690e+08 1.1866881326e+07 3.7689610432e-19 9.0619459138e-21 -1.4425046518e+03 2.2389015741e+02 -4.6638893033e+09 -1.0010466005e+07 1.9571842790e+06 3.6000000000e+03 0.0000000000e+00 -0.0000000000e+00
5.5560000000e+04 1.0427547259e-14 1.7409694751e-16 2.4139961135e+08 1.2670759008e+07 4.1106590955e-19 1.0780743519e-20 -1.4665119550e+03 2.2268255044e+02 -4.6638893024e+09 -1.0010466005e+07 1.9571842790e+06 3.6000000000e+03 0.0000000000e+00 -0.0000000000e+00
5.9160000000e+04 1.1971126703e-14 2.1635008087e-16 2.3607538382e+08 1.3469997560e+07 4.4673897331e-19 1.2734667734e-20 -1.4915754299e+03 2.2130974627e+02 -4.6638893014e+09 -1.0010466005e+07 1.9571842790e+06 3.6000000000e+03 0.0000000000e+00 -0.0000000000e+00
6.2760000000e+04 1.3646024595e-14 2.6610288819e-16 2.3065889348e+08 1.4263966930e+07 4.8404319474e-19 1.4952356128e-20 -1.5177849370e+03 2.1975162449e+02 -4.6638893001e+09 -1.0010466005e+07 1.9571842790e+06 3.6000000000e+03 0.0000000000e+00 -0.0000000000e+00
6.6360000000e+04 1.5458367267e-14 3.2436316557e-16 2.2514583607e+08 1.5051959051e+07 5.2312269652e-19 1.7466996034e-20 -1.5452417352e+03 2.1798486808e+02 -4.6638892985e+09 -1.0010466005e+07 1.9571842790e+06 3.6000000000e+03 0.0000000000e+00 -0.0000000000e+00
6.9960000000e+04 1.7414833194e-14 3.9226772411e-16 2.1953151934e+08 1.5833175213e+07 5.6414061173e-19 2.0317246164e-20 -1.5740604399e+03 2.1598231587e+02 -4.6638892965e+09 -1.0010466005e+07 1.9571842790e+06 3.6000000000e+03 0.0000000000e+00 -0.0000000000e+00
7.3560000000e+04 1.9522727339e-14 4.7110408364e-16 2.1381081094e+08 1.6606710821e+07 6.0728248444e-19 2.3548389793e-20 -1.6043714121e+03 2.1371215237e+02 -4.6638892940e+09 -1.0010466005e+07 1.9571842790e+06 3.6000000000e+03 0.0000000000e+00 -0.0000000000e+00
7.7160000000e+04 2.1790069102e-14 5.6233683739e-16 2.0797807651e+08 1.7371536868e+07 6.5276045164e-19 2.7213790123e-20 -1.6363236968e+03 2.1113688522e+02 -4.6638892907e+09 -1.0010466005e+07 1.9571842790e+06 3.6000000000e+03 0.0000000000e+00 -0.0000000000e+00
8.0760000000e+04 2.4225697047e-14 6.6763993948e-16 2.0202710619e+08 1.8126477253e+07 7.0081842921e-19 3.1376744073e-20 -1.6700886664e+03 2.0821204275e+02 -4.6638892866e+09 -1.0010466005e+07 1.9571842790e+06 3.6000000000e+03 0.0000000000e+00 -0.0000000000e+00
8.4360000000e+04 2.6839394538e-14 7.8893657572e-16 1.9595102631e+08 1.8870180770e+07 7.5173860163e-19 3.6112867471e-20 -1.7058645805e+03 2.0488449817e+02 -4.6638892812e+09 -1.0010466005e+07 1.9571842790e+06 3.6000000000e+03 0.0000000000e+00 -0.0000000000e+00
8.7960000000e+04 2.9642041686e-14 9.2844884684e-16 1.8974219261e+08 1.9601086196e+07 8.0584962387e-19 4.1513197742e-20 -1.7438823481e+03 2.0109028966e+02 -4.6638892742e+09 -1.0010466005e+07 1.9571842790e+06 3.6000000000e+03 0.0000000000e+00 -0.0000000000e+00
9.1560000000e+04 3.2645800713e-14 1.0887602945e-15 1.8339206008e+08 2.0317378365e+07 8.6353709950e-19 4.7688278569e-20 -1.7844128898e+03 1.9675175052e+02 -4.6638892647e+09 -1.0010466005e+07 1.9571842790e+06 3.6000000000e+03 0.0000000000e+00 -0.0000000000e+00
9.5160000000e+04 3.5864344285e-14 1.2728954497e-15 1.7689102245e+08 2.1016932278e+07 9.2525712634e-19 5.4773608477e-20 -1.8277766546e+03 1.9177368108e+02 -4.6638892519e+09 -1.0010466005e+07 1.9571842790e+06 3.6000000000e+03 0.0000000000e+00 -0.0000000000e+00
9.8760000000e+04 3.9313139753e-14 1.4844222591e-15 1.7022821255e+08 2.1697241137e+07 9.9155403720e-19 6.2937014950e-20 -1.8743560842e+03 1.8603816773e+02 -4.6638892342e+09 -1.0010466005e+07 1.9571842790e+06 3.6000000000e+03 0.0000000000e+00 -0.0000000000e+00
1.0236000000e+05 4.3009807168e-14 1.7275857307e-15 1.6339125074e+08 2.2355322449e+07 1.0630839729e-18 7.2388796422e-20 -1.9246121755e+03 1.7939745727e+02 -4.6638892093e+09 -1.0010466005e+07 1.9571842790e+06 3.6000000000e+03 0.0000000000e+00 -0.0000000000e+00
1.0596000000e+05 4.6974576146e-14 2.0074849209e-15 1.5636592392e+08 2.2987593677e+07 1.1406467125e-18 8.3395923491e-20 -1.9791068438e+03 1.7166397928e+02 -4.6638891736e+09 -1.0010466005e+07 1.9571842790e+06 3.6000000000e+03 0.0000000000e+00 -0.0000000000e+00
1.0956000000e+05 5.1230877432e-14 2.3303112445e-15 1.4913576993e+08 2.3589704806e+07 1.2252294333e-18 9.6302328451e-20 -2.0385336684e+03 1.6259609100e+02 -4.6638891208e+09 -1.0010466005e+07 1.9571842790e+06 3.6000000000e+03 0.0000000000e+00 -0.0000000000e+00
1.1316000000e+05 5.5806121632e-14 2.7036754424e-15 1.4168153040e+08 2.4156308620e+07 1.3180681071e-18 1.1155856078e-19 -2.1037610283e+03 1.5187724165e+02 -4.6638890407e+09 -1.0010466005e+07 1.9571842790e+06 3.3404152187e+03 0.0000000000e+00 -0.0000000000e+00
1.1616416000e+05 5.9891516762e-14 3.0607188765e-15 1.3527317496e+08 2.4597182894e+07 1.4029850257e-18 1.2651751155e-19 -2.1634226564e+03 1.4136725883e+02 -4.6638889920e+09 -1.0010466005e+07 1.9571842790e+06 3.0235562866e+03 0.0000000000e+00 -0.0000000000e+00
1.1918771629e+05 6.4272718027e-14 3.4691398355e-15 1.2863414656e+08 2.5006426055e+07 1.4965223226e-18 1.4411275091e-19 -2.2291408607e+03 1.2900505066e+02 -4.6638889167e+09 -1.0010466005e+07 1.9571842790e+06 2.7305976499e+03 0.0000000000e+00 -0.0000000000e+00
1.2164176857e+05 6.8045577421e-14 3.8426729715e-15 1.2309323794e+08 2.5309048722e+07 1.5794042708e-18 1.6068898689e-19 -2.2873727424e+03 1.1735878227e+02 -4.6638888776e+09 -1.0010466005e+07 1.9571842790e+06 2.4706777854e+03 0.0000000000e+00 -0.0000000000e+00
1.2411244636e+05 7.2058324148e-14 4.2628648022e-15 1.1736420742e+08 2.5582717676e+07 1.6702209071e-18 1.7992260857e-19 -2.3511794427e+03 1.0384546596e+02 -4.6638888186e+09 -1.0010466005e+07 1.9571842790e+06 2.2301342308e+03 0.0000000000e+00 -0.0000000000e+00
1.2611350256e+05 7.5479391554e-14 4.6403756020e-15 1.1260395805e+08 2.5778240175e+07 1.7500495038e-18 1.9776002047e-19 -2.4072660756e+03 9.1313110204e+01 -4.6638887891e+09 -1.0010466005e+07 1.9571842790e+06 2.0159779006e+03 0.0000000000e+00 -0.0000000000e+00
1.2792666406e+05 7.8722291818e-14 5.0151689896e-15 1.0819017076e+08 2.5932407831e+07 1.8279630257e-18 2.1601548328e-19 -2.4620071994e+03 7.8487036804e+01 -4.6638887640e+09 -1.0010466005e+07 1.9571842790e+06 1.8271755074e+03 0.0000000000e+00 -0.0000000000e+00
1.2956387299e+05 8.1776171013e-14 5.3836944684e-15 1.0411640713e+08 2.6050464937e+07 1.9035035757e-18 2.3451858392e-19 -2.5150811011e+03 6.5486975981e+01 -4.6638887433e+09 -1.0010466005e+07 1.9571842790e+06 1.6514274328e+03 0.0000000000e+00 -0.0000000000e+00
1.3103453111e+05 8.4628376627e-14 5.7419804393e-15 1.0038048418e+08 2.6137366720e+07 1.9761075083e-18 2.5305348684e-19 -2.5660917700e+03 5.2464571248e+01 -4.6638887270e+09 -1.0010466005e+07 1.9571842790e+06 1.4857572461e+03 0.0000000000e+00 -0.0000000000e+00
1.3234389139e+05 8.7260451242e-14 6.0850853126e-15 9.6989183454e+07 2.6197794608e+07 2.0449964856e-18 2.7132565804e-19 -2.6144923550e+03 3.9626758731e+01 -4.6638887150e+09 -1.0010466005e+07 1.9571842790e+06 1.3265645199e+03 0.0000000000e+00 -0.0000000000e+00
1.3349069896e+05 8.9642022102e-14 6.4061726485e-15 9.3965322356e+07 2.6236262863e+07 2.1089971350e-18 2.8890382314e-19 -2.6594584583e+03 2.7276546731e+01 -4.6638887069e+09 -1.0010466005e+07 1.9571842790e+06 1.1688710408e+03 0.0000000000e+00 -0.0000000000e+00
1.3445992708e+05 9.1713532988e-14 6.6939141812e-15 9.1368441398e+07 2.6257270581e+07 2.1660325738e-18 3.0506143082e-19 -2.6995308866e+03 1.5924401661e+01 -4.6638887025e+09 -1.0010466005e+07 1.9571842790e+06 1.0047783157e+03 0.0000000000e+00 -0.0000000000e+00
1.3518376661e+05 9.3297399630e-14 6.9193637045e-15 8.9403168151e+07 2.6265541499e+07 2.2105440119e-18 3.1799556419e-19 -2.7308040994e+03 6.8370317227e+00 -4.6638887012e+09 -1.0010466005e+07 1.9571842790e+06 8.2731103117e+02 0.0000000000e+00 -0.0000000000e+00
1.3591887038e+05 9.4939542855e-14 7.1582047637e-15 8.7383684541e+07 2.6266997351e+07 2.2575564699e-18 3.3196708161e-19 -2.7638344993e+03 -2.9791920450e+00 -4.6638886996e+09 -1.0010466005e+07 1.9571842790e+06 6.9694358967e+02 0.0000000000e+00 -0.0000000000e+00
1.3661581397e+05 9.6528987307e-14 7.3944290738e-15 8.5446167790e+07 2.6261505052e+07 2.3039319461e-18 3.4606367547e-19 -2.7964173633e+03 -1.2883293046e+01 -4.6638886981e+09 -1.0010466005e+07 1.9571842790e+06 8.6289837689e+02 0.0000000000e+00 -0.0000000000e+00
1.3747871235e+05 9.8542735056e-14 7.7010170281e-15 8.3015095270e+07 2.6244788331e+07 2.3639748757e-18 3.6478144004e-19 -2.8386028192e+03 -2.6034174228e+01 -4.6638886930e+09 -1.0010466005e+07 1.9571842790e+06 9.4644082330e+02 0.0000000000e+00 -0.0000000000e+00
1.3842515317e+05 1.0081266962e-13 8.0566693224e-15 8.0305640809e+07 2.6212835813e+07 2.4334706528e-18 3.8710844578e-19 -2.8874297346e+03 -4.1720865785e+01 -4.6638886825e+09 -1.0010466005e+07 1.9571842790e+06 9.8734032236e+02 0.0000000000e+00 -0.0000000000e+00
1.3941249349e+05 1.0325294080e-13 8.4512955313e-15 7.7428342435e+07 2.6162918077e+07 2.5104540470e-18 4.1267817699e-19 -2.9415173616e+03 -5.9685858118e+01 -4.6638886657e+09 -1.0010466005e+07 1.9571842790e+06 1.0025522970e+03 0.0000000000e+00 -0.0000000000e+00
1.4041504579e+05 1.0581114176e-13 8.8791673997e-15 7.4450272807e+07 2.6093144994e+07 2.5938514443e-18 4.4138154383e-19 -3.0001113919e+03 -7.9852505968e+01 -4.6638886414e+09 -1.0010466005e+07 1.9571842790e+06 1.0006829831e+03 0.0000000000e+00 -0.0000000000e+00
1.4141572877e+05 1.0845084625e-13 9.3364981605e-15 7.1417141255e+07 2.6002244017e+07 2.6829979717e-18 4.7323082690e-19 -3.0627446932e+03 -1.0222943756e+02 -4.6638886088e+09 -1.0010466005e+07 1.9571842790e+06 9.8688988475e+02 0.0000000000e+00 -0.0000000000e+00
1.4240261866e+05 1.1114470811e-13 9.8205091305e-15 6.8362203525e+07 2.5889421883e+07 2.7774487958e-18 5.0830818174e-19 -3.1291047311e+03 -1.2687437439e+02 -4.6638885670e+09 -1.0010466005e+07 1.9571842790e+06 9.6460013909e+02 0.0000000000e+00 -0.0000000000e+00
1.4336721880e+05 1.1387119237e-13 1.0329001861e-14 6.5310596359e+07 2.5754266781e+07 2.8768906444e-18 5.4674264250e-19 -3.1989714040e+03 -1.5387797435e+02 -4.6638885151e+09 -1.0010466005e+07 1.9571842790e+06 9.3624420579e+02 0.0000000000e+00 -0.0000000000e+00
1.4430346300e+05 1.1661281327e-13 1.0860137498e-14 6.2281749209e+07 2.5596673890e+07 2.9810945206e-18 5.8869872562e-19 -3.2721838215e+03 -1.8335582475e+02 -4.6638884522e+09 -1.0010466005e+07 1.9571842790e+06 9.0361939585e+02 0.0000000000e+00 -0.0000000000e+00
1.4520708240e+05 1.1935509090e-13 1.1412313731e-14 5.9290862941e+07 2.5416786032e+07 3.0898878853e-18 6.3437049063e-19 -3.3486207596e+03 -2.1544426954e+02 -4.6638883773e+09 -1.0010466005e+07 1.9571842790e+06 8.6809114067e+02 0.0000000000e+00 -0.0000000000e+00
1.4607517354e+05 1.2208588664e-13 1.1984092534e-14 5.6349885412e+07 2.5214945011e+07 3.2031370049e-18 6.8397846765e-19 -3.4281882587e+03 -2.5029825057e+02 -4.6638882896e+09 -1.0010466005e+07 1.9571842790e+06 8.3071446551e+02 0.0000000000e+00 -0.0000000000e+00
1.4690588801e+05 1.2479495361e-13 1.2574156328e-14 5.3468192839e+07 2.4991650930e+07 3.3207350098e-18 7.3776823440e-19 -3.5108112334e+03 -2.8809030786e+02 -4.6638881882e+09 -1.0010466005e+07 1.9571842790e+06 7.9231252566e+02 0.0000000000e+00 -0.0000000000e+00
1.4769820053e+05 1.2747361685e-13 1.3181280975e-14 5.0653087608e+07 2.4747527780e+07 3.4425933338e-18 7.9601002364e-19 -3.5964274582e+03 -3.2901030379e+02 -4.6638880719e+09 -1.0010466005e+07 1.9571842790e+06 7.5353029601e+02 0.0000000000e+00 -0.0000000000e+00
1.4845173083e+05 1.3011453538e-13 1.3804319150e-14 4.7910175269e+07 2.4483294095e+07 3.5686352294e-18 8.5899902815e-19 -3.6849830112e+03 -3.7326563731e+02 -4.6638879399e+09 -1.0010466005e+07 1.9571842790e+06 7.1487296382e+02 0.0000000000e+00 -0.0000000000e+00
1.4916660379e+05 1.3271151828e-13 1.4442190325e-14 4.5243658405e+07 2.4199737797e+07 3.6987905794e-18 9.2705621775e-19 -3.7764286289e+03 -4.2108181805e+02 -4.6638877910e+09 -1.0010466005e+07 1.9571842790e+06 6.7673441039e+02 0.0000000000e+00 -0.0000000000e+00
1.4984333820e+05 1.3525937762e-13 1.5093875084e-14 4.2656571017e+07 2.3897694569e+07 3.8329915164e-18 1.0005295651e-18 -3.8707166284e+03 -4.7270332749e+02 -4.6638876243e+09 -1.0010466005e+07 1.9571842790e+06 6.3941896072e+02 0.0000000000e+00 -0.0000000000e+00
1.5048275716e+05 1.3775380757e-13 1.5758412317e-14 4.0150968963e+07 2.3578029203e+07 3.9711685205e-18 1.0797956245e-18 -3.9677981659e+03 -5.2839472827e+02 -4.6638874385e+09 -1.0010466005e+07 1.9571842790e+06 6.0315838295e+02 0.0000000000e+00 -0.0000000000e+00
1.5108591555e+05 1.4019128251e-13 1.6434898374e-14 3.7728086982e+07 2.3241619482e+07 4.1132467661e-18 1.1652614389e-18 -4.0676206697e+03 -5.8844200404e+02 -4.6638872326e+09 -1.0010466005e+07 1.9571842790e+06 5.6812542390e+02 0.0000000000e+00 -0.0000000000e+00
1.5165404097e+05 1.4256896957e-13 1.7122487593e-14 3.5388469644e+07 2.2889342227e+07 4.2591425416e-18 1.2573667718e-18 -4.1701253252e+03 -6.5315412732e+02 -4.6638870054e+09 -1.0010466005e+07 1.9571842790e+06 5.3444473292e+02 0.0000000000e+00 -0.0000000000e+00
1.5218848570e+05 1.4488465237e-13 1.7820393806e-14 3.3132081590e+07 2.2522061159e+07 4.4087595998e-18 1.3565866743e-18 -4.2752445101e+03 -7.2286486349e+02 -4.6638867557e+09 -1.0010466005e+07 1.9571842790e+06 5.0220178450e+02 0.0000000000e+00 -0.0000000000e+00
1.5269068749e+05 1.4713666370e-13 1.8527892597e-14 3.0958400930e+07 2.2140616295e+07 4.5619853110e-18 1.4634344156e-18 -4.3828990921e+03 -7.9793482954e+02 -4.6638864822e+09 -1.0010466005e+07 1.9571842790e+06 4.7145021927e+02 0.0000000000e+00 -0.0000000000e+00
1.5316213771e+05 1.4932382574e-13 1.9244324174e-14 2.8866498805e+07 2.1745814599e+07 4.7186864986e-18 1.5784648144e-18 -4.4929955030e+03 -8.7875383445e+02 -4.6638861837e+09 -1.0010466005e+07 1.9571842790e+06 4.4221792773e+02 0.0000000000e+00 -0.0000000000e+00
1.5360435563e+05 1.5144539635e-13 1.9969096809e-14 2.6855107367e+07 2.1338421634e+07 4.8787048299e-18 1.7022780237e-18 -4.6054225000e+03 -9.6574353867e+02 -4.6638858591e+09 -1.0010466005e+07 1.9571842790e+06 4.1451211281e+02 0.0000000000e+00 -0.0000000000e+00
1.5401886775e+05 1.5350102098e-13 2.0701690858e-14 2.4922677990e+07 2.0919153979e+07 5.0418516243e-18 1.8355238387e-18 -4.7200475184e+03 -1.0593604807e+03 -4.6638855070e+09 -1.0010466005e+07 1.9571842790e+06 3.8832352039e+02 0.0000000000e+00 -0.0000000000e+00
1.5440719127e+05 1.5549068928e-13 2.1441663438e-14 2.3067431113e+07 2.0488672149e+07 5.2079019195e-18 1.9789066149e-18 -4.8367125022e+03 -1.1600995324e+03 -4.6638851262e+09 -1.0010466005e+07 1.9571842790e+06 3.6362998267e+02 0.0000000000e+00 -0.0000000000e+00
1.5477082125e+05 1.5741469605e-13 2.2188653873e-14 2.1287398876e+07 2.0047573796e+07 5.3765876038e-18 2.1331909085e-18 -4.9552290795e+03 -1.2684978620e+03 -4.6638847156e+09 -1.0010466005e+07 1.9571842790e+06 3.4039939600e+02 0.0000000000e+00 -0.0000000000e+00
1.5511122065e+05 1.5927360621e-13 2.2942390140e-14 1.9580461458e+07 1.9596386898e+07 5.5475893830e-18 2.2992079803e-18 -5.0753729177e+03 -1.3851395034e+03 -4.6638842741e+09 -1.0010466005e+07 1.9571842790e+06 3.1859222913e+02 0.0000000000e+00 -0.0000000000e+00
1.5542981288e+05 1.6106822338e-13 2.3702696538e-14 1.7944377873e+07 1.9135562649e+07 5.7205272847e-18 2.4778633455e-18 -5.1968770529e+03 -1.5106606612e+03 -4.6638838007e+09 -1.0010466005e+07 1.9571842790e+06 2.9816364621e+02 0.0000000000e+00 -0.0000000000e+00
1.5572797652e+05 1.6279956203e-13 2.4469502991e-14 1.6376811819e+07 1.8665467716e+07 5.8949493272e-18 2.6701456046e-18 -5.3194239280e+03 -1.6457559143e+03 -4.6638832946e+09 -1.0010466005e+07 1.9571842790e+06 2.7906531561e+02 0.0000000000e+00 -0.0000000000e+00
1.5600704184e+05 1.6446882288e-13 2.5242856435e-14 1.4875353040e+07 1.8186375419e+07 6.0703178626e-18 2.8771368611e-18 -5.4426357978e+03 -1.7911855359e+03 -4.6638827553e+09 -1.0010466005e+07 1.9571842790e+06 2.6124696741e+02 0.0000000000e+00 -0.0000000000e+00
1.5626828880e+05 1.6607737165e-13 2.6022934976e-14 1.3437534552e+07 1.7698455350e+07 6.2459929487e-18 3.1000251279e-18 -5.5660630465e+03 -1.9477842100e+03 -4.6638821825e+09 -1.0010466005e+07 1.9571842790e+06 2.4465775893e+02 0.0000000000e+00 -0.0000000000e+00
1.5651294656e+05 1.6762672109e-13 2.6810065698e-14 1.2060845963e+07 1.7201760721e+07 6.4212118817e-18 3.3401192634e-18 -5.6891698074e+03 -2.1164715249e+03 -4.6638815764e+09 -1.0010466005e+07 1.9571842790e+06 2.2924750776e+02 0.0000000000e+00 -0.0000000000e+00
1.5674219407e+05 1.6911851633e-13 2.7604747353e-14 1.0742742953e+07 1.6696212576e+07 6.5950637047e-18 3.5988671611e-18 -5.8113160529e+03 -2.2982647538e+03 -4.6638809377e+09 -1.0010466005e+07 1.9571842790e+06 2.1496785145e+02 0.0000000000e+00 -0.0000000000e+00
1.5695716192e+05 1.7055452391e-13 2.8407679665e-14 9.4806528766e+06 1.6181579627e+07 6.7664570425e-18 3.8778781921e-18 -5.9317349957e+03 -2.4942946217e+03 -4.6638802680e+09 -1.0010466005e+07 1.9571842790e+06 2.0177340485e+02 0.0000000000e+00 -0.0000000000e+00
1.5715893533e+05 1.7193662468e-13 2.9219801653e-14 8.2719762152e+06 1.5657452006e+07 6.9340789232e-18 4.1789512841e-18 -6.0495041570e+03 -2.7058250341e+03 -4.6638795698e+09 -1.0010466005e+07 1.9571842790e+06 1.8962300244e+02 0.0000000000e+00 -0.0000000000e+00
1.5734855833e+05 1.7326681130e-13 3.0042342514e-14 7.1140833804e+06 1.5123206494e+07 7.0963411995e-18 4.5041105944e-18 -6.1635077234e+03 -2.9342781401e+03 -4.6638788471e+09 -1.0010466005e+07 1.9571842790e+06 1.7848113833e+02 0.0000000000e+00 -0.0000000000e+00
1.5752703947e+05 1.7454719108e-13 3.0876890206e-14 6.0043060353e+06 1.4577959630e+07 7.2513095443e-18 4.8556515743e-18 -6.2723866593e+03 -3.1812666968e+03 -4.6638781057e+09 -1.0010466005e+07 1.9571842790e+06 1.6831976724e+02 0.0000000000e+00 -0.0000000000e+00
1.5769535924e+05 1.7577999551e-13 3.1725485470e-14 4.9399216423e+06 1.4020503382e+07 7.3966073828e-18 5.2362014819e-18 -6.3744712113e+03 -3.4486365848e+03 -4.6638773540e+09 -1.0010466005e+07 1.9571842790e+06 1.5912070009e+02 0.0000000000e+00 -0.0000000000e+00
1.5785447994e+05 1.7696759797e-13 3.2590753042e-14 3.9181293775e+06 1.3449215215e+07 7.5292828212e-18 5.6488002706e-18 -6.4676874134e+03 -3.7385236396e+03 -4.6638766038e+09 -1.0010466005e+07 1.9571842790e+06 1.5087893566e+02 0.0000000000e+00 -0.0000000000e+00
1.5800535887e+05 1.7811254177e-13 3.3476088300e-14 2.9360149246e+06 1.2861930006e+07 7.6456193447e-18 6.0970104853e-18 -6.5494240861e+03 -4.0534308635e+03 -4.6638758716e+09 -1.0010466005e+07 1.9571842790e+06 1.4360740713e+02 0.0000000000e+00 -0.0000000000e+00
1.5813067944e+05 1.7907612390e-13 3.4266111428e-14 2.1114231871e+06 1.2335724986e+07 7.7298755564e-18 6.5192183220e-18 -6.6086215092e+03 -4.3500691224e+03 -4.6638755219e+09 -1.0010466005e+07 1.9571842790e+06 1.2744572590e+02 0.0000000000e+00 -0.0000000000e+00
1.5823729391e+05 1.7990346554e-13 3.4982144638e-14 1.4045826253e+06 1.1857197202e+07 7.7878382336e-18 6.9197556539e-18 -6.6493454043e+03 -4.6314819395e+03 -4.6638753461e+09 -1.0010466005e+07 1.9571842790e+06 1.0945860642e+02 0.0000000000e+00 -0.0000000000e+00
1.5832606865e+05 1.8059647516e-13 3.5612469145e-14 8.1313204085e+05 1.1434779621e+07 7.8225355851e-18 7.2860253808e-18 -6.6737233553e+03 -4.8888187406e+03 -4.6638752713e+09 -1.0010466005e+07 1.9571842790e+06 9.2633678755e+01 2.1020794673e-301 -1.4781561089e-293
1.5839220877e+05 1.8111442254e-13 3.6103991321e-14 3.7133496469e+05 1.1104671146e+07 7.8379077647e-18 7.5801932763e-18 -6.6845236678e+03 -5.0954976432e+03 -4.6638752536e+09 -1.0010466005e+07 1.9571842790e+06 7.5791361306e+01 3.1851597242e-280 -2.2756048916e-272
1.5843581407e+05 1.8145630655e-13 3.6438956884e-14 7.9777241824e+04 1.0879368707e+07 7.8420778859e-18 7.7847841011e-18 -6.6874535459e+03 -5.2392407497e+03 -4.6638752514e+09 -1.0010466005e+07 1.9571842790e+06 5.4093011245e+01 2.4293741060e-266 -1.7542711733e-258
1.5848990708e+05 1.8188048008e-13 3.6867195909e-14 -2.8194753730e+05 1.0590948299e+07 7.8395112543e-18 8.0509892157e-18 -6.6856502607e+03 -5.4262733314e+03 -4.6638752452e+09 -1.0010466005e+07 1.9571842790e+06 6.7942150229e+01 3.1255704631e-249 -2.2876070571e-241
1.5855784923e+05 1.8241261676e-13 3.7426118804e-14 -7.3583610172e+05 1.0213899803e+07 7.8220163129e-18 8.4058077690e-18 -6.6733585207e+03 -5.6755646726e+03 -4.6638752284e+09 -1.0010466005e+07 1.9571842790e+06 7.9991841972e+01 5.8856776977e-228 -4.3827082818e-220
1.5863784107e+05 1.8303669888e-13 3.8116226701e-14 -1.2685154013e+06 9.7474567923e+06 7.7767122983e-18 8.8543357050e-18 -6.6415284531e+03 -5.9906951236e+03 -4.6638751988e+09 -1.0010466005e+07 1.9571842790e+06 8.6512622380e+01 2.6987394536e-203 -2.0517306188e-195
1.5872435369e+05 1.8370605803e-13 3.8904620282e-14 -1.8406853449e+06 9.2134608721e+06 7.6903187124e-18 9.3786779120e-18 -6.5808293360e+03 -6.3590917896e+03 -4.6638751647e+09 -1.0010466005e+07 1.9571842790e+06 9.0783971636e+01 3.1511568694e-177 -2.4511468691e-169
1.5881513766e+05 1.8439816816e-13 3.9782721482e-14 -2.4338702334e+06 8.6174209423e+06 7.5470490639e-18 9.9738478912e-18 -6.4801697665e+03 -6.7772512150e+03 -4.6638751030e+09 -1.0010466005e+07 1.9571842790e+06 9.4827905821e+01 9.5403278294e-151 -7.6038805616e-143
1.5890996557e+05 1.8510395897e-13 4.0759901524e-14 -3.0414295586e+06 7.9527005277e+06 7.3248917484e-18 1.0643619743e-17 -6.3240846502e+03 -7.2478250384e+03 -4.6638748802e+09 -1.0010466005e+07 1.9571842790e+06 1.0123032237e+02 2.5544090604e-124 -2.0885215099e-116
1.5901119589e+05 1.8582926203e-13 4.1875618174e-14 -3.6702380944e+06 7.1921201235e+06 6.9853014261e-18 1.1406984994e-17 -6.0854924850e+03 -7.7841564832e+03 -4.6638739343e+09 -1.0010466005e+07 1.9571842790e+06 1.1118071543e+02 6.7372533450e-98 -5.6582905407e-90
1.5912237661e+05 1.8657839014e-13 4.3192452839e-14 -4.3275044280e+06 6.2925277150e+06 6.4617073887e-18 1.2286142378e-17 -5.7176214742e+03 -8.4018421177e+03 -4.6638698672e+09 -1.0010466005e+07 1.9571842790e+06 1.0012963747e+02 1.2710819158e-71 -1.0980069594e-63
1.5921062237e+05 1.8712535117e-13 4.4307875637e-14 -4.8157200109e+06 5.5291639815e+06 5.9137273183e-18 1.2992951674e-17 -5.3326171236e+03 -8.8984380136e+03 -4.6638670889e+09 -1.0010466005e+07 1.9571842790e+06 8.8287966608e+01 2.5184107503e-53 -2.2207004236e-45
1.5929891033e+05 1.8761850402e-13 4.5485624179e-14 -5.2661803089e+06 4.7220206317e+06 5.2354601874e-18 1.3681077883e-17 -4.8560746170e+03 -9.3819073928e+03 -4.6638626565e+09 -1.0010466005e+07 1.9571842790e+06 8.1073152857e+01 9.2019271637e-38 -8.2629099357e-30
1.5937998349e+05 1.8801369145e-13 4.6618994674e-14 -5.6393143484e+06 3.9443955145e+06 4.4948670601e-18 1.4268615424e-17 -4.3357425986e+03 -9.7947043570e+03 -4.6638588439e+09 -1.0010466005e+07 1.9571842790e+06 7.6545127456e+01 2.8557495529e-26 -2.6000805878e-18
1.5944542215e+05 1.8828606734e-13 4.7566863799e-14 -5.9077496810e+06 3.2935015272e+06 3.8186642829e-18 1.4692055841e-17 -3.8606504827e+03 -1.0092208612e+04 -4.6638574388e+09 -1.0010466005e+07 1.9571842790e+06 6.6361766425e+01 3.5397034101e-19 -3.2510811929e-11
1.5950449480e+05 1.8849227102e-13 4.8444778458e-14 -6.1221959389e+06 2.6902909067e+06 3.1549772462e-18 1.5021956297e-17 -3.3943517788e+03 -1.0323992791e+04 -4.6638567055e+09 -1.0010466005e+07 1.9571842790e+06 5.9542259593e+01 1.4032825682e-14 -1.2962861059e-06
1.5956403706e+05 1.8865914798e-13 4.9347639980e-14 -6.3095647628e+06 2.0696610436e+06 2.4442842838e-18 1.5293931735e-17 -2.8950272645e+03 -1.0515079534e+04 -4.6638562144e+09 -1.0010466005e+07 1.9571842790e+06 5.4631116089e+01 9.1888339683e-12 -8.5184003855e-04
1.5961866818e+05 1.8877423154e-13 5.0188610273e-14 -6.4547602815e+06 1.4913844054e+06 1.7654630579e-18 1.5483273642e-17 -2.4180954573e+03 -1.0648108931e+04 -4.6638561308e+09 -1.0010466005e+07 1.9571842790e+06 5.1103051198e+01 7.8671010704e-11 -7.3017229729e-03
1.5966977123e+05 1.8884791662e-13 5.0983187601e-14 -6.5667147162e+06 9.4489055654e+05 1.1169299997e-18 1.5604632353e-17 -1.9624437605e+03 -1.0733374133e+04 -4.6638562467e+09 -1.0010466005e+07 1.9571842790e+06 4.6358498705e+01 2.1046872535e-11 -1.9520146048e-03
1.5970977048e+05 1.8888237970e-13 5.1608603593e-14 -6.6380352593e+06 5.1469074417e+05 6.0624433786e-19 1.5661110866e-17 -1.6036420225e+03 -1.0773055272e+04 -4.6638563205e+09 -1.0010466005e+07 1.9571842790e+06 4.1146159051e+01 8.0334197324e-13 -7.4373352618e-05
1.5973775715e+05 1.8889435619e-13 5.2047216782e-14 -6.6794097526e+06 2.1297040435e+05 2.4992082388e-19 1.5680595421e-17 -1.3532933136e+03 -1.0786744891e+04 -4.6638563369e+09 -1.0010466005e+07 1.9571842790e+06 3.4810787864e+01 2.5855583360e-14 -2.3892133845e-06
1.5977256794e+05 1.8889538993e-13 5.2593171615e-14 -6.7211327816e+06 -1.6259561139e+05 -1.8966331518e-19 1.5682284934e-17 -1.0444466691e+03 -1.0787931923e+04 -4.6638563962e+09 -1.0010466005e+07 1.9571842790e+06 3.3405015398e+01 9.8219937950e-17 -9.0486273177e-09
1.5980597295e+05 1.8888209002e-13 5.3116746572e-14 -6.7511295656e+06 -5.2276147936e+05 -6.0544157719e-19 1.5661173147e-17 -7.5232575371e+02 -1.0773099030e+04 -4.6638564502e+09 -1.0010466005e+07 1.9571842790e+06 4.2222236305e+01 1.2435717429e-19 -1.1415286664e-11
1.5984819519e+05 1.8884562971e-13 5.3776910758e-14 -6.7752381926e+06 -9.7686310499e+05 -1.1191398087e-18 1.5604314206e-17 -3.9140741977e+02 -1.0733150607e+04 -4.6638566366e+09 -1.0010466005e+07 1.9571842790e+06 3.8295227492e+01 4.4904881222e-24 -4.0994753859e-16
1.5987691061e+05 1.8880859116e-13 5.4224214741e-14 -6.7830335372e+06 -1.2845216964e+06 -1.4591821644e-18 1.5547631099e-17 -1.5249766116e+02 -1.0693325723e+04 -4.6638566632e+09 -1.0010466005e+07 1.9571842790e+06 3.2939031252e+01 1.4162563702e-27 -1.2874126021e-19
1.5990984964e+05 1.8875424770e-13 5.4735041695e-14 -6.7836448204e+06 -1.6358382632e+06 -1.8384273399e-18 1.5466047562e-17 1.1395553743e+02 -1.0636006090e+04 -4.6638567145e+09 -1.0010466005e+07 1.9571842790e+06 3.2269837444e+01 4.7431858380e-32 -4.2883731594e-24
1.5994211947e+05 1.8868909251e-13 5.5232624768e-14 -6.7758717989e+06 -1.9780039215e+06 -2.1975901617e-18 1.5370376897e-17 3.6629911061e+02 -1.0568789006e+04 -4.6638567576e+09 -1.0010466005e+07 1.9571842790e+06 4.2535338085e+01 6.8547054215e-37 -6.1616018782e-29
1.5998465481e+05 1.8858589640e-13 5.5883355676e-14 -6.7534613767e+06 -2.4254057431e+06 -2.6506851398e-18 1.5223032754e-17 6.8463831169e+02 -1.0465266745e+04 -4.6638569129e+09 -1.0010466005e+07 1.9571842790e+06 5.0963627507e+01 6.3469117497e-44 -5.6579492535e-36
1.6003561844e+05 1.8843764647e-13 5.6654098437e-14 -6.7093226822e+06 -2.9551858086e+06 -3.1611565471e-18 1.5019238175e-17 1.0432895169e+03 -1.0322083071e+04 -4.6638572344e+09 -1.0010466005e+07 1.9571842790e+06 5.9791906835e+01 2.8923573146e-53 -2.5506173568e-45
1.6009541035e+05 1.8823187640e-13 5.7544214653e-14 -6.6351680894e+06 -3.5668034867e+06 -3.7132017705e-18 1.4749795262e-17 1.4311499962e+03 -1.0132775650e+04 -4.6638577826e+09 -1.0010466005e+07 1.9571842790e+06 6.9815642277e+01 2.1988375747e-65 -1.9126242404e-57
1.6016522599e+05 1.8795198508e-13 5.8562099063e-14 -6.5207417580e+06 -4.2658815598e+06 -4.2933233852e-18 1.4404977799e-17 1.8387366178e+03 -9.8905109576e+03 -4.6638586006e+09 -1.0010466005e+07 1.9571842790e+06 8.0645461997e+01 6.0703993604e-81 -5.1907871925e-73
1.6024587145e+05 1.8758151658e-13 5.9706848856e-14 -6.3554312546e+06 -5.0516001167e+06 -4.8797281834e-18 1.3981487851e-17 2.2507377301e+03 -9.5929719021e+03 -4.6638596167e+09 -1.0010466005e+07 1.9571842790e+06 8.9475951179e+01 1.5291583328e-100 -1.2807392299e-92
1.6033534740e+05 1.8711942094e-13 6.0936261827e-14 -6.1361442916e+06 -5.8947687448e+06 -5.4329870813e-18 1.3497743073e-17 2.6394509228e+03 -9.2530985123e+03 -4.6638605186e+09 -1.0010466005e+07 1.9571842790e+06 9.3648898792e+01 5.5338835959e-124 -4.5260865742e-116
1.6042899630e+05 1.8658735631e-13 6.2176575089e-14 -5.8726124270e+06 -6.7446349383e+06 -5.9144849483e-18 1.2992082881e-17 2.9777456595e+03 -8.8978276103e+03 -4.6638610671e+09 -1.0010466005e+07 1.9571842790e+06 9.5301624297e+01 4.6848870736e-150 -3.7364045294e-142
1.6052429792e+05 1.8600389870e-13 6.3390697519e-14 -5.5749188818e+06 -7.5757192102e+06 -6.3163426520e-18 1.2490441815e-17 3.2600861544e+03 -8.5453804990e+03 -4.6638613716e+09 -1.0010466005e+07 1.9571842790e+06 9.7262356341e+01 7.4965854887e-178 -5.8280032097e-170
1.6062156028e+05 1.8537278405e-13 6.4581498413e-14 -5.2460512110e+06 -8.3899665734e+06 -6.6494209840e-18 1.2000017892e-17 3.4941030719e+03 -8.2008144201e+03 -4.6638615857e+09 -1.0010466005e+07 1.9571842790e+06 1.0037863628e+02 3.1808656627e-207 -2.4101513153e-199
1.6072193892e+05 1.8469093906e-13 6.5761777156e-14 -4.8852110487e+06 -9.1961036516e+06 -6.9257175202e-18 1.1521411945e-17 3.6882257677e+03 -7.8645515126e+03 -4.6638617912e+09 -1.0010466005e+07 1.9571842790e+06 1.0469477808e+02 2.4881910547e-238 -1.8371486647e-230
1.6082663370e+05 1.8395340610e-13 6.6943262273e-14 -4.4903283096e+06 -1.0002094492e+07 -7.1543908742e-18 1.1054173162e-17 3.8488889759e+03 -7.5362750405e+03 -4.6638620271e+09 -1.0010466005e+07 1.9571842790e+06 1.1016189168e+02 2.1560208859e-271 -1.5508038479e-263
1.6093679559e+05 1.8315447566e-13 6.8135549774e-14 -4.0587470464e+06 -1.0814416119e+07 -7.3422185186e-18 1.0597889786e-17 3.9808544691e+03 -7.2156957088e+03 -4.6638623131e+09 -1.0010466005e+07 1.9571842790e+06 1.1589298325e+02 1.2023338477e-306 -8.4221301733e-299
1.6105268857e+05 1.8229439761e-13 6.9337774642e-14 -3.5909537118e+06 -1.1632400000e+07 -7.4933643458e-18 1.0155511654e-17 4.0870477491e+03 -6.9048860376e+03 -4.6638626478e+09 -1.0010466005e+07 1.9571842790e+06 1.1865075682e+02 0.0000000000e+00 -0.0000000000e+00
1.6117133933e+05 1.8139808706e-13 7.0517722562e-14 -3.1009516816e+06 -1.2434097363e+07 -7.6092275606e-18 9.7399622991e-18 4.1684518807e+03 -6.6129259496e+03 -4.6638629752e+09 -1.0010466005e+07 1.9571842790e+06 1.2157873697e+02 0.0000000000e+00 -0.0000000000e+00
1.6129291806e+05 1.8046740386e-13 7.1677842283e-14 -2.5902481270e+06 -1.3221189478e+07 -7.6959819217e-18 9.3500588754e-18 4.2294044742e+03 -6.3389843912e+03 -4.6638632862e+09 -1.0010466005e+07 1.9571842790e+06 1.2416643181e+02 0.0000000000e+00 -0.0000000000e+00
1.6141708450e+05 1.7950770075e-13 7.2815852813e-14 -2.0622030519e+06 -1.3992152101e+07 -7.7584785937e-18 8.9857562435e-18 4.2733139007e+03 -6.0830296479e+03 -4.6638635694e+09 -1.0010466005e+07 1.9571842790e+06 1.2586803804e+02 0.0000000000e+00 -0.0000000000e+00
1.6154295253e+05 1.7852829657e-13 7.3925290718e-14 -1.5223202203e+06 -1.4742648127e+07 -7.8008115924e-18 8.6477985253e-18 4.3030565675e+03 -5.8455845311e+03 -4.6638638134e+09 -1.0010466005e+07 1.9571842790e+06 1.2581641524e+02 0.0000000000e+00 -0.0000000000e+00
1.6166876895e+05 1.7754505141e-13 7.4993565873e-14 -9.7967797222e+05 -1.5464235576e+07 -7.8265997767e-18 8.3381142574e-18 4.3211750425e+03 -5.6280040078e+03 -4.6638640075e+09 -1.0010466005e+07 1.9571842790e+06 1.2235545971e+02 0.0000000000e+00 -0.0000000000e+00
1.6179112441e+05 1.7658654041e-13 7.5996598732e-14 -4.5033766919e+05 -1.6140781465e+07 -7.8392389829e-18 8.0610093077e-18 4.3300552001e+03 -5.4333133302e+03 -4.6638641420e+09 -1.0010466005e+07 1.9571842790e+06 1.1107843754e+02 0.0000000000e+00 -0.0000000000e+00
1.6185973634e+05 1.7604856580e-13 7.6544635668e-14 -1.5316743481e+05 -1.6510027394e+07 -7.8419521341e-18 7.9150414104e-18 4.3319614282e+03 -5.3307580028e+03 -4.6638641482e+09 -1.0010466005e+07 1.9571842790e+06 9.3805510865e+01 0.0000000000e+00 -0.0000000000e+00
1.6195354185e+05 1.7531293686e-13 7.7278133661e-14 2.5320187412e+05 -1.7003775081e+07 -7.8414202665e-18 7.7255238107e-18 4.3315877442e+03 -5.1976051669e+03 -4.6638641738e+09 -1.0010466005e+07 1.9571842790e+06 1.0755281882e+02 0.0000000000e+00 -0.0000000000e+00
1.6206109467e+05 1.7446983213e-13 7.8097938310e-14 7.1889218204e+05 -1.7554995396e+07 -7.8357222011e-18 7.5214102283e-18 4.3275843505e+03 -5.0541973652e+03 -4.6638642162e+09 -1.0010466005e+07 1.9571842790e+06 1.3861762914e+02 0.0000000000e+00 -0.0000000000e+00
1.6219971230e+05 1.7338454578e-13 7.9123375782e-14 1.3181513597e+06 -1.8243538024e+07 -7.8218990506e-18 7.2771337199e-18 4.3178723676e+03 -4.8825715643e+03 -4.6638643375e+09 -1.0010466005e+07 1.9571842790e+06 1.6510263344e+02 0.0000000000e+00 -0.0000000000e+00
1.6236481493e+05 1.7209500098e-13 8.0302512861e-14 2.0297286835e+06 -1.9033969831e+07 -7.7980770805e-18 7.0107249718e-18 4.3011353317e+03 -4.6953959121e+03 -4.6638645603e+09 -1.0010466005e+07 1.9571842790e+06 1.9213182279e+02 0.0000000000e+00 -0.0000000000e+00
1.6255694675e+05 1.7060000545e-13 8.1622055174e-14 2.8538209423e+06 -1.9916825044e+07 -7.7630028344e-18 6.7299529351e-18 4.2764925790e+03 -4.4981287823e+03 -4.6638649108e+09 -1.0010466005e+07 1.9571842790e+06 2.2174895285e+02 0.0000000000e+00 -0.0000000000e+00
1.6277869571e+05 1.6888369543e-13 8.3081586230e-14 3.7985260162e+06 -2.0891215150e+07 -7.7157847829e-18 6.4393744010e-18 4.2433177315e+03 -4.2939717228e+03 -4.6638654208e+09 -1.0010466005e+07 1.9571842790e+06 2.4955362837e+02 0.0000000000e+00 -0.0000000000e+00
1.6302824933e+05 1.6696541243e-13 8.4651535424e-14 4.8523893018e+06 -2.1936781520e+07 -7.6571975712e-18 6.1485271444e-18 4.2021550458e+03 -4.0896258620e+03 -4.6638660543e+09 -1.0010466005e+07 1.9571842790e+06 2.6634312736e+02 0.0000000000e+00 -0.0000000000e+00
1.6329459246e+05 1.6493471580e-13 8.6251774954e-14 5.9654600613e+06 -2.2999763625e+07 -7.5911068976e-18 5.8733807708e-18 4.1557205161e+03 -3.8963112570e+03 -4.6638666480e+09 -1.0010466005e+07 1.9571842790e+06 2.8520794539e+02 0.0000000000e+00 -0.0000000000e+00
1.6357980041e+05 1.6277999673e-13 8.7888924761e-14 7.1434503953e+06 -2.4084334701e+07 -7.5185471615e-18 5.6122773842e-18 4.1047408992e+03 -3.7128630894e+03 -4.6638672107e+09 -1.0010466005e+07 1.9571842790e+06 3.0568172258e+02 0.0000000000e+00 -0.0000000000e+00
1.6388548213e+05 1.6049365104e-13 8.9565836602e-14 8.3898080431e+06 -2.5192127883e+07 -7.4405195360e-18 5.3643519665e-18 4.0499196075e+03 -3.5386736077e+03 -4.6638677439e+09 -1.0010466005e+07 1.9571842790e+06 3.2790904796e+02 0.0000000000e+00 -0.0000000000e+00
1.6421339118e+05 1.5806743014e-13 9.1285453479e-14 9.7082631994e+06 -2.6324807125e+07 -7.3578832305e-18 5.1287936604e-18 3.9918603114e+03 -3.3731731130e+03 -4.6638682490e+09 -1.0010466005e+07 1.9571842790e+06 3.5201992199e+02 0.0000000000e+00 -0.0000000000e+00
1.6456541110e+05 1.5549261097e-13 9.3050677778e-14 1.1102726326e+07 -2.7483977908e+07 -7.2713842222e-18 4.9048626140e-18 3.9310871258e+03 -3.2158417943e+03 -4.6638687277e+09 -1.0010466005e+07 1.9571842790e+06 3.7815798467e+02 0.0000000000e+00 -0.0000000000e+00
1.6494356908e+05 1.5275995307e-13 9.4864402499e-14 1.2577302247e+07 -2.8671206046e+07 -7.1816726589e-18 4.6918795357e-18 3.8680568369e+03 -3.0662023892e+03 -4.6638691814e+09 -1.0010466005e+07 1.9571842790e+06 4.0647989134e+02 0.0000000000e+00 -0.0000000000e+00
1.6535004898e+05 1.4985966398e-13 9.6729531108e-14 1.4136299109e+07 -2.9888028634e+07 -7.0893171488e-18 4.4892181637e-18 3.8031689420e+03 -2.9238148935e+03 -4.6638696113e+09 -1.0010466005e+07 1.9571842790e+06 4.3715610322e+02 0.0000000000e+00 -0.0000000000e+00
1.6578720508e+05 1.4678136305e-13 9.8648994475e-14 1.5784237564e+07 -3.1135962773e+07 -6.9948164054e-18 4.2962990356e-18 3.7367738315e+03 -2.7882721837e+03 -4.6638700187e+09 -1.0010466005e+07 1.9571842790e+06 4.7037173484e+02 0.0000000000e+00 -0.0000000000e+00
1.6625757681e+05 1.4351404380e-13 1.0062576536e-13 1.7525859950e+07 -3.2416512370e+07 -6.8986088452e-18 4.1125843089e-18 3.6691795315e+03 -2.6591963781e+03 -4.6638704048e+09 -1.0010466005e+07 1.9571842790e+06 5.0632750611e+02 0.0000000000e+00 -0.0000000000e+00
1.6676390432e+05 1.4004603474e-13 1.0266287100e-13 1.9366139461e+07 -3.3731173384e+07 -6.8010805716e-18 3.9375734081e-18 3.6006573139e+03 -2.5362357781e+03 -4.6638707708e+09 -1.0010466005e+07 1.9571842790e+06 5.4524079408e+02 0.0000000000e+00 -0.0000000000e+00
1.6730914511e+05 1.3636495840e-13 1.0476340416e-13 2.1310289278e+07 -3.5081437777e+07 -6.7025720721e-18 3.7707993301e-18 3.5314464011e+03 -2.4190622730e+03 -4.6638711176e+09 -1.0010466005e+07 1.9571842790e+06 5.8734678254e+02 0.0000000000e+00 -0.0000000000e+00
1.6789649190e+05 1.3245768863e-13 1.0693053307e-13 2.3363771640e+07 -3.6468796363e+07 -6.6033838789e-18 3.6118254807e-18 3.4617579435e+03 -2.3073691167e+03 -4.6638714463e+09 -1.0010466005e+07 1.9571842790e+06 6.3289970756e+02 0.0000000000e+00 -0.0000000000e+00
1.6852939160e+05 1.2831030585e-13 1.0916751034e-13 2.5532306809e+07 -3.7894740703e+07 -6.5037813859e-18 3.4602429418e-18 3.3917784036e+03 -2.2008690081e+03 -4.6638717578e+09 -1.0010466005e+07 1.9571842790e+06 6.8217419509e+02 0.0000000000e+00 -0.0000000000e+00
1.6921156580e+05 1.2390805043e-13 1.1147768109e-13 2.7821881840e+07 -3.9360764124e+07 -6.4039989751e-18 3.3156680929e-18 3.3216724557e+03 -2.0992924202e+03 -4.6638720530e+09 -1.0010466005e+07 1.9571842790e+06 7.3546669826e+02 0.0000000000e+00 -0.0000000000e+00
1.6994703250e+05 1.1923527393e-13 1.1386449042e-13 3.0238759125e+07 -4.0868361945e+07 -6.3042435699e-18 3.1777405262e-18 3.2515854816e+03 -2.0023861345e+03 -4.6638723328e+09 -1.0010466005e+07 1.9571842790e+06 7.9309703142e+02 0.0000000000e+00 -0.0000000000e+00
1.7074012953e+05 1.1427538823e-13 1.1633149034e-13 3.2789484598e+07 -4.2419030941e+07 -6.2046977117e-18 3.0461212059e-18 3.1816457328e+03 -1.9099119486e+03 -4.6638725978e+09 -1.0010466005e+07 1.9571842790e+06 8.5540999817e+02 0.0000000000e+00 -0.0000000000e+00
1.7159553953e+05 1.0901081264e-13 1.1888234608e-13 3.5480895508e+07 -4.4014268060e+07 -6.1055222359e-18 2.9204908342e-18 3.1119662103e+03 -1.8216455274e+03 -4.6638728489e+09 -1.0010466005e+07 1.9571842790e+06 9.2277712023e+02 0.0000000000e+00 -0.0000000000e+00
1.7251831665e+05 1.0342291877e-13 1.2152084204e-13 3.8320127646e+07 -4.5655568410e+07 -6.0068586101e-18 2.8005483921e-18 3.0426463076e+03 -1.7373753787e+03 -4.6638730868e+09 -1.0010466005e+07 1.9571842790e+06 9.9559846030e+02 0.0000000000e+00 -0.0000000000e+00
1.7280000000e+05 1.0173492660e-13 1.2230491507e-13 3.9174352073e+07 -4.6141589338e+07 -5.9782889967e-18 2.7667043728e-18 3.0225736333e+03 -1.7135969688e+03 -4.6638730873e+09 -1.0010466005e+07 1.9571842790e+06 1.0506202535e+03 0.0000000000e+00 -0.0000000000e+00
1.7280000000e+05 1.0173492660e-13 1.2230491507e-13 3.9174352073e+07 -4.6141589338e+07 -5.9782889967e-18 2.7667043728e-18 3.0225736333e+03 -1.7135969688e+03 -4.6638730873e+09 -1.0010466005e+07 1.9571842790e+06 1.0506202535e+03 0.0000000000e+00 -0.0000000000e+00
