0.0000000000e+00 0.0000000000e+00 0.0000000000e+00 3.1415900000e+08 0.0000000000e+00 0.0000000000e+00 0.0000000000e+00 -1.1784984552e+03 2.2614462446e+02 -4.6638893045e+09 -1.0017236869e+07 1.9222293079e+06 1.0000000000e+01 0.0000000000e+00 -0.0000000000e+00
1.0000000000e+01 2.8740014438e-22 6.8962987489e-28 3.1414721481e+08 2.2614462441e+03 5.7480747656e-23 2.0689284317e-28 -1.1785388405e+03 2.2614462431e+02 -4.6638893045e+09 -1.0017236869e+07 1.9222293079e+06 5.0000000000e+01 0.0000000000e+00 -0.0000000000e+00
6.0000000000e+01 1.0347699235e-20 1.4900197565e-25 3.1408828282e+08 1.3568677363e+04 3.4494919328e-22 7.4509374655e-27 -1.1787408124e+03 2.2614461922e+02 -4.6638893045e+09 -1.0017236869e+07 1.9222293079e+06 2.5000000000e+02 0.0000000000e+00 -0.0000000000e+00
3.1000000000e+02 2.7639898817e-19 2.0579502322e-23 3.1379347128e+08 7.0104819122e+04 1.7839115283e-21 1.9927245929e-25 -1.1797518104e+03 2.2614448445e+02 -4.6638893045e+09 -1.0017236869e+07 1.9222293079e+06 1.2500000000e+03 0.0000000000e+00 -0.0000000000e+00
1.5600000000e+03 7.0214359100e-18 2.6411488182e-21 3.1231560923e+08 3.5278375851e+05 9.0195312726e-21 5.0941147945e-24 -1.1848354717e+03 2.2614104539e+02 -4.6638893045e+09 -1.0017236869e+07 1.9222293079e+06 3.6000000000e+03 0.0000000000e+00 -0.0000000000e+00
5.1600000000e+03 7.7526385657e-17 9.7570747607e-20 3.0802347884e+08 1.1668377101e+06 3.0247735880e-20 5.7291205828e-23 -1.1997501585e+03 2.2610437233e+02 -4.6638893044e+09 -1.0017236869e+07 1.9222293079e+06 3.6000000000e+03 0.0000000000e+00 -0.0000000000e+00
8.7600000000e+03 2.2552884642e-16 4.8753617097e-19 3.0367689962e+08 1.9806843730e+06 5.2079119653e-20 1.6983709206e-22 -1.2150886319e+03 2.2602529891e+02 -4.6638893043e+09 -1.0017236869e+07 1.9222293079e+06 3.6000000000e+03 0.0000000000e+00 -0.0000000000e+00
1.2360000000e+04 4.5326030704e-16 1.3991123611e-18 2.9927430373e+08 2.7941645584e+06 7.4547481560e-20 3.4799745892e-22 -1.2308746387e+03 2.2590012553e+02 -4.6638893041e+09 -1.0017236869e+07 1.9222293079e+06 3.6000000000e+03 0.0000000000e+00 -0.0000000000e+00
1.5960000000e+04 7.6307886707e-16 3.0788247711e-18 2.9481403442e+08 3.6071050602e+06 9.7689410020e-20 5.9760177803e-22 -1.2471338854e+03 2.2572475648e+02 -4.6638893040e+09 -1.0017236869e+07 1.9222293079e+06 3.6000000000e+03 0.0000000000e+00 -0.0000000000e+00
1.9560000000e+04 1.1574798213e-15 5.7953099800e-18 2.9029433851e+08 4.4193171377e+06 1.2154459091e-19 9.2511790483e-22 -1.2638942548e+03 2.2549464750e+02 -4.6638893038e+09 -1.0017236869e+07 1.9222293079e+06 3.6000000000e+03 0.0000000000e+00 -0.0000000000e+00
2.3160000000e+04 1.6391074286e-15 9.8417657945e-18 2.8571335818e+08 5.2305947935e+06 1.4615615856e-19 1.3377386510e-21 -1.2811860527e+03 2.2520474502e+02 -4.6638893036e+09 -1.0017236869e+07 1.9222293079e+06 3.6000000000e+03 0.0000000000e+00 -0.0000000000e+00
2.6760000000e+04 2.2107680322e-15 1.5538737925e-17 2.8106912173e+08 6.0407128160e+06 1.7157109716e-19 1.8434826182e-21 -1.2990422895e+03 2.2484941526e+02 -4.6638893034e+09 -1.0017236869e+07 1.9222293079e+06 3.6000000000e+03 0.0000000000e+00 -0.0000000000e+00
3.0360000000e+04 2.8754447292e-15 2.3237299442e-17 2.7635953326e+08 6.8494245453e+06 1.9784070122e-19 2.4513120900e-21 -1.3174990043e+03 2.2442236142e+02 -4.6638893032e+09 -1.0017236869e+07 1.9222293079e+06 3.6000000000e+03 0.0000000000e+00 -0.0000000000e+00
3.3960000000e+04 3.6363138193e-15 3.3322690394e-17 2.7158236115e+08 7.6564593163e+06 2.2502110595e-19 3.1712714224e-21 -1.3365956369e+03 2.2391652646e+02 -4.6638893029e+09 -1.0017236869e+07 1.9222293079e+06 3.6000000000e+03 0.0000000000e+00 -0.0000000000e+00
3.7560000000e+04 4.4967633081e-15 4.6218498770e-17 2.6673522503e+08 8.4615195210e+06 2.5317390031e-19 4.0146501857e-21 -1.3563754590e+03 2.2332397847e+02 -4.6638893025e+09 -1.0017236869e+07 1.9222293079e+06 3.6000000000e+03 0.0000000000e+00 -0.0000000000e+00
4.1160000000e+04 5.4604137891e-15 6.2391481077e-17 2.6181558110e+08 9.2642772220e+06 2.8236683870e-19 4.9941763464e-21 -1.3768860741e+03 2.2263577491e+02 -4.6638893021e+09 -1.0017236869e+07 1.9222293079e+06 3.6000000000e+03 0.0000000000e+00 -0.0000000000e+00
4.4760000000e+04 6.5311420941e-15 8.2357142134e-17 2.5682070555e+08 1.0064370231e+07 3.1267467057e-19 6.1242461054e-21 -1.3981800002e+03 2.2184180119e+02 -4.6638893016e+09 -1.0017236869e+07 1.9222293079e+06 3.6000000000e+03 0.0000000000e+00 -0.0000000000e+00
4.8360000000e+04 7.7131081773e-15 1.0668622046e-16 2.5174767565e+08 1.0861397555e+07 3.4418011201e-19 7.4211987232e-21 -1.4203153527e+03 2.2093057754e+02 -4.6638893010e+09 -1.0017236869e+07 1.9222293079e+06 3.6000000000e+03 0.0000000000e+00 -0.0000000000e+00
5.1960000000e+04 9.0107857969e-15 1.3601225944e-16 2.4659334818e+08 1.1654914073e+07 3.7697498908e-19 8.9036468911e-21 -1.4433566475e+03 2.1988902690e+02 -4.6638893003e+09 -1.0017236869e+07 1.9222293079e+06 3.6000000000e+03 0.0000000000e+00 -0.0000000000e+00
5.5560000000e+04 1.0428997676e-14 1.7104048756e-16 2.4135433476e+08 1.2444424300e+07 4.1116159026e-19 1.0592876132e-20 -1.4673757513e+03 2.1870219431e+02 -4.6638892994e+09 -1.0017236869e+07 1.9222293079e+06 3.6000000000e+03 0.0000000000e+00 -0.0000000000e+00
5.9160000000e+04 1.1972955977e-14 2.1255828600e-16 2.3602697338e+08 1.3229375032e+07 4.4685427493e-19 1.2513330577e-20 -1.4924530116e+03 2.1735290561e+02 -4.6638892984e+09 -1.0017236869e+07 1.9222293079e+06 3.6000000000e+03 0.0000000000e+00 -0.0000000000e+00
6.2760000000e+04 1.3648309117e-14 2.6144759338e-16 2.3060729554e+08 1.4009146628e+07 4.8418139779e-19 1.4693207617e-20 -1.5186786090e+03 2.1582134964e+02 -4.6638892971e+09 -1.0017236869e+07 1.9222293079e+06 3.6000000000e+03 0.0000000000e+00 -0.0000000000e+00
6.6360000000e+04 1.5461196188e-14 3.1869969011e-16 2.2509098797e+08 1.4783042626e+07 5.2328762542e-19 1.7165190882e-20 -1.5461541845e+03 2.1408456329e+02 -4.6638892954e+09 -1.0017236869e+07 1.9222293079e+06 3.6000000000e+03 0.0000000000e+00 -0.0000000000e+00
6.9960000000e+04 1.7418310571e-14 3.8543292706e-16 2.1947334799e+08 1.5550277287e+07 5.6433674407e-19 1.9967360419e-20 -1.5749948123e+03 2.1211579194e+02 -4.6638892934e+09 -1.0017236869e+07 1.9222293079e+06 3.6000000000e+03 0.0000000000e+00 -0.0000000000e+00
7.3560000000e+04 1.9526974726e-14 4.6291412532e-16 2.1374923092e+08 1.6309960557e+07 6.0751508710e-19 2.3144331978e-20 -1.6053314081e+03 2.0988368909e+02 -4.6638892909e+09 -1.0017236869e+07 1.9222293079e+06 3.6000000000e+03 0.0000000000e+00 -0.0000000000e+00
7.7160000000e+04 2.1795228683e-14 5.5258459135e-16 2.0791298794e+08 1.7061079790e+07 6.5303575182e-19 2.6748695356e-20 -1.6373136916e+03 2.0735130579e+02 -4.6638892876e+09 -1.0017236869e+07 1.9222293079e+06 3.6000000000e+03 0.0000000000e+00 -0.0000000000e+00
8.0760000000e+04 2.4231935469e-14 6.5609198692e-16 2.0195839198e+08 1.7802477360e+07 7.0114383111e-19 3.0842847276e-20 -1.6711138622e+03 2.0447480282e+02 -4.6638892835e+09 -1.0017236869e+07 1.9222293079e+06 3.6000000000e+03 0.0000000000e+00 -0.0000000000e+00
8.4360000000e+04 2.6846907628e-14 7.7532969870e-16 1.9587854887e+08 1.8532822994e+07 7.5212296376e-19 3.5501350720e-20 -1.7069312010e+03 2.0120179310e+02 -4.6638892781e+09 -1.0017236869e+07 1.9222293079e+06 3.6000000000e+03 0.0000000000e+00 -0.0000000000e+00
8.7960000000e+04 2.9651060301e-14 9.1248591614e-16 1.8966578975e+08 1.9250579298e+07 8.0630361752e-19 4.0814005510e-20 -1.7449978909e+03 1.9746918435e+02 -4.6638892709e+09 -1.0017236869e+07 1.9222293079e+06 3.6000000000e+03 0.0000000000e+00 -0.0000000000e+00
9.1560000000e+04 3.2656598075e-14 1.0701054229e-15 1.8331153983e+08 1.9953958334e+07 8.6407367765e-19 4.6889892880e-20 -1.7855864555e+03 1.9320033736e+02 -4.6638892614e+09 -1.0017236869e+07 1.9222293079e+06 3.6000000000e+03 0.0000000000e+00 -0.0000000000e+00
9.5160000000e+04 3.5877245257e-14 1.2511682492e-15 1.7680615657e+08 2.0640866371e+07 9.2589214470e-19 5.3862773862e-20 -1.8290193832e+03 1.8830127322e+02 -4.6638892484e+09 -1.0017236869e+07 1.9222293079e+06 3.6000000000e+03 0.0000000000e+00 -0.0000000000e+00
9.8760000000e+04 3.9328532713e-14 1.4591909979e-15 1.7013872817e+08 2.1308832683e+07 9.9230708822e-19 6.1898400376e-20 -1.8756817412e+03 1.8265553657e+02 -4.6638892305e+09 -1.0017236869e+07 1.9222293079e+06 3.6000000000e+03 0.0000000000e+00 -0.0000000000e+00
1.0236000000e+05 4.3028159404e-14 1.6983591376e-15 1.6329681955e+08 2.1954916610e+07 1.0639795235e-18 7.1204578123e-20 -1.9260379510e+03 1.7611712557e+02 -4.6638892053e+09 -1.0017236869e+07 1.9222293079e+06 3.6000000000e+03 0.0000000000e+00 -0.0000000000e+00
1.0596000000e+05 4.6996454085e-14 1.9737023149e-15 1.5626614795e+08 2.2575584381e+07 1.1417156829e-18 8.2045269038e-20 -1.9806544620e+03 1.6850058367e+02 -4.6638891690e+09 -1.0017236869e+07 1.9222293079e+06 3.6000000000e+03 0.0000000000e+00 -0.0000000000e+00
1.0956000000e+05 5.1256973655e-14 2.2913305967e-15 1.4903016258e+08 2.3166543135e+07 1.2265114314e-18 9.4760759231e-20 -2.0402309573e+03 1.5956682985e+02 -4.6638891154e+09 -1.0017236869e+07 1.9222293079e+06 3.6000000000e+03 0.0000000000e+00 -0.0000000000e+00
1.1316000000e+05 5.5837291599e-14 2.6587588876e-15 1.4156949064e+08 2.3722512988e+07 1.3196146607e-18 1.0979716942e-19 -2.1056441909e+03 1.4900242496e+02 -4.6638890340e+09 -1.0017236869e+07 1.9222293079e+06 3.6000000000e+03 0.0000000000e+00 -0.0000000000e+00
1.1676000000e+05 6.0770056686e-14 3.0853621424e-15 1.3386119349e+08 2.4236907209e+07 1.4226150041e-18 1.2775077854e-19 -2.1780110204e+03 1.3638843040e+02 -4.6638889061e+09 -1.0017236869e+07 1.9222293079e+06 3.6000000000e+03 0.0000000000e+00 -0.0000000000e+00
1.2036000000e+05 6.6094445710e-14 3.5830301385e-15 1.2587774596e+08 2.4701372177e+07 1.5375763299e-18 1.4943662956e-19 -2.2587814954e+03 1.2115220661e+02 -4.6638886976e+09 -1.0017236869e+07 1.9222293079e+06 3.6000000000e+03 0.0000000000e+00 -0.0000000000e+00
1.2396000000e+05 7.1858207636e-14 4.1671368674e-15 1.1758560020e+08 2.5105106310e+07 1.6672385767e-18 1.7599850612e-19 -2.3498806646e+03 1.0249014462e+02 -4.6638883411e+09 -1.0017236869e+07 1.9222293079e+06 3.6000000000e+03 0.0000000000e+00 -0.0000000000e+00
1.2756000000e+05 7.8120625989e-14 4.8580253592e-15 1.0894310431e+08 2.5433816831e+07 1.8153366319e-18 2.0909266841e-19 -2.4539326158e+03 7.9238575542e+01 -4.6638876972e+09 -1.0017236869e+07 1.9222293079e+06 3.6000000000e+03 0.0000000000e+00 -0.0000000000e+00
1.3116000000e+05 8.4956965383e-14 5.6833764978e-15 9.9897378236e+07 2.5668055479e+07 1.9871264886e-18 2.5121041173e-19 -2.5746301481e+03 4.9647144588e+01 -4.6638864516e+09 -1.0017236869e+07 1.9222293079e+06 3.6000000000e+03 0.0000000000e+00 -0.0000000000e+00
1.3361745394e+05 9.0002433616e-14 6.3433869292e-15 9.3456385943e+07 2.5760079913e+07 2.1218091160e-18 2.8707224115e-19 -2.6692565776e+03 2.4451045141e+01 -4.6638861119e+09 -1.0017236869e+07 1.9222293079e+06 2.9346510528e+03 0.0000000000e+00 -0.0000000000e+00
1.3525482333e+05 9.3556877458e-14 6.8359227183e-15 8.9029438224e+07 2.5784312348e+07 2.2212695492e-18 3.1518112618e-19 -2.7391363078e+03 4.7020732117e+00 -4.6638860418e+09 -1.0017236869e+07 1.9222293079e+06 1.9798330061e+03 0.0000000000e+00 -0.0000000000e+00
1.3723465633e+05 9.8083609365e-14 7.4980882271e-15 8.3515779502e+07 2.5766811243e+07 2.3540576189e-18 3.5489092146e-19 -2.8324316434e+03 -2.3197561775e+01 -4.6638857600e+09 -1.0017236869e+07 1.9222293079e+06 2.4148725164e+03 0.0000000000e+00 -0.0000000000e+00
1.3964952885e+05 1.0398580709e-13 8.4241015136e-15 7.6523041290e+07 2.5662315640e+07 2.5388108211e-18 4.1436072356e-19 -2.9622370697e+03 -6.4980345083e+01 -4.6638843913e+09 -1.0017236869e+07 1.9222293079e+06 2.6176107631e+03 0.0000000000e+00 -0.0000000000e+00
1.4226713961e+05 1.1093205835e-13 9.6130182697e-15 6.8557836635e+07 2.5418955318e+07 2.7758783418e-18 4.9803659818e-19 -3.1287979207e+03 -1.2377003017e+02 -4.6638800418e+09 -1.0017236869e+07 1.9222293079e+06 2.5493106645e+03 0.0000000000e+00 -0.0000000000e+00
1.4481645028e+05 1.1835492897e-13 1.1015963862e-14 6.0338256383e+07 2.5009775153e+07 3.0574468798e-18 6.0854313597e-19 -3.3266246630e+03 -2.0141062355e+02 -4.6638707952e+09 -1.0017236869e+07 1.9222293079e+06 2.3425331177e+03 0.0000000000e+00 -0.0000000000e+00
1.4689206780e+05 1.2498348395e-13 1.2400336268e-14 5.3234999593e+07 2.4506521132e+07 3.3390057108e-18 7.3164824432e-19 -3.5244445852e+03 -2.8790282438e+02 -4.6638625310e+09 -1.0017236869e+07 1.9222293079e+06 2.0824752749e+03 0.0000000000e+00 -0.0000000000e+00
1.4872038771e+05 1.3135633423e-13 1.3865952887e-14 4.6602837773e+07 2.3890260857e+07 3.6426008316e-18 8.7926300849e-19 -3.7377469453e+03 -3.9161522104e+02 -4.6638516647e+09 -1.0017236869e+07 1.9222293079e+06 1.8375142491e+03 0.0000000000e+00 -0.0000000000e+00
1.5031324060e+05 1.3740828162e-13 1.5399364875e-14 4.0473636060e+07 2.3173118754e+07 3.9674686695e-18 1.0554117472e-18 -3.9659952662e+03 -5.1537525252e+02 -4.6638378461e+09 -1.0017236869e+07 1.9222293079e+06 1.6035107134e+03 0.0000000000e+00 -0.0000000000e+00
1.5169045741e+05 1.4310202820e-13 1.6989488957e-14 3.4850228815e+07 2.2367366461e+07 4.3129346519e-18 1.2649888058e-18 -4.2087156012e+03 -6.6262162827e+02 -4.6638206666e+09 -1.0017236869e+07 1.9222293079e+06 1.3882644821e+03 0.0000000000e+00 -0.0000000000e+00
1.5287483615e+05 1.4841901984e-13 1.8627144369e-14 2.9718784524e+07 2.1484609920e+07 4.6780948413e-18 1.5138848929e-18 -4.4652728542e+03 -8.3749309090e+02 -4.6637996685e+09 -1.0017236869e+07 1.9222293079e+06 1.1950824841e+03 0.0000000000e+00 -0.0000000000e+00
1.5388965632e+05 1.5335449707e-13 2.0305160918e-14 2.5055212290e+07 2.0535151360e+07 5.0615707439e-18 1.8092134075e-18 -4.7346985120e+03 -1.0449874308e+03 -4.6637743460e+09 -1.0017236869e+07 1.9222293079e+06 1.0247141640e+03 0.0000000000e+00 -0.0000000000e+00
1.5475730442e+05 1.5791391931e-13 2.2018617973e-14 2.0829293925e+07 1.9527510543e+07 5.4612094263e-18 2.1596283719e-18 -5.0154799486e+03 -1.2911848623e+03 -4.6637441522e+09 -1.0017236869e+07 1.9222293079e+06 8.7646045538e+02 0.0000000000e+00 -0.0000000000e+00
1.5549857004e+05 1.6211033127e-13 2.3765236356e-14 1.7007363860e+07 1.8467990253e+07 5.8736713528e-18 2.5757802458e-18 -5.3052708456e+03 -1.5835682729e+03 -4.6637085177e+09 -1.0017236869e+07 1.9222293079e+06 7.4885561156e+02 0.0000000000e+00 -0.0000000000e+00
1.5613236105e+05 1.6596246893e-13 2.5546021235e-14 1.3553975529e+07 1.7360160177e+07 6.2938176634e-18 3.0709969193e-18 -5.6004607006e+03 -1.9315016817e+03 -4.6636668941e+09 -1.0017236869e+07 1.9222293079e+06 6.4009880692e+02 0.0000000000e+00 -0.0000000000e+00
1.5667569494e+05 1.6949354571e-13 2.7366377159e-14 1.0432764378e+07 1.6204071559e+07 6.7137356051e-18 3.6623626018e-18 -5.8954901062e+03 -2.3469882529e+03 -4.6636188509e+09 -1.0017236869e+07 1.9222293079e+06 5.4833991816e+02 0.0000000000e+00 -0.0000000000e+00
1.5714390142e+05 1.7273082053e-13 2.9238188388e-14 7.6065125673e+06 1.4994841388e+07 7.1210681026e-18 4.3725665033e-18 -6.1816771268e+03 -2.8459691588e+03 -4.6635642997e+09 -1.0017236869e+07 1.9222293079e+06 4.7189535562e+02 0.0000000000e+00 -0.0000000000e+00
1.5755105906e+05 1.7570638554e-13 3.1184080347e-14 5.0360809454e+06 1.3719757103e+07 7.4958597922e-18 5.2334212021e-18 -6.4450013585e+03 -3.4507955425e+03 -4.6635040560e+09 -1.0017236869e+07 1.9222293079e+06 4.0947960845e+02 0.0000000000e+00 -0.0000000000e+00
1.5790920623e+05 1.7844759089e-13 3.3236869152e-14 2.6880664231e+06 1.2358484896e+07 7.8024632969e-18 6.2878154321e-18 -6.6604173739e+03 -4.1916005238e+03 -4.6634429554e+09 -1.0017236869e+07 1.9222293079e+06 3.6067146692e+02 0.0000000000e+00 -0.0000000000e+00
1.5809466656e+05 1.7990648095e-13 3.4466387642e-14 1.4445027141e+06 1.1536580528e+07 7.9230302477e-18 6.9928643036e-18 -6.7451262951e+03 -4.6869595663e+03 -4.6634395435e+09 -1.0017236869e+07 1.9222293079e+06 2.7485237541e+02 3.4345847222e-311 -2.3978953691e-303
1.5825613463e+05 1.8119122744e-13 3.5652890117e-14 3.5156507873e+05 1.0739472983e+07 7.9806210442e-18 7.7236603998e-18 -6.7855889112e+03 -5.2004083059e+03 -4.6634377077e+09 -1.0017236869e+07 1.9222293079e+06 1.8587947775e+02 2.8651366795e-258 -2.0820381646e-250
1.5844201411e+05 1.8267388095e-13 3.7179066505e-14 -9.0918851459e+05 9.7092350532e+06 7.9501153107e-18 8.7293744664e-18 -6.7641559417e+03 -5.9070111771e+03 -4.6634354260e+09 -1.0017236869e+07 1.9222293079e+06 2.0396850478e+02 1.2915386674e-198 -9.8586928010e-191
1.5864598261e+05 1.8427557345e-13 3.9091831088e-14 -2.2748953887e+06 8.4114755409e+06 7.7079728618e-18 1.0069545875e-17 -6.5940295058e+03 -6.8485998418e+03 -4.6634379447e+09 -1.0017236869e+07 1.9222293079e+06 2.2594866651e+02 2.7755607877e-136 -2.2429353557e-128
1.5887193128e+05 1.8594744163e-13 4.1562539980e-14 -3.7158104535e+06 6.7266816171e+06 6.9893980065e-18 1.1845851806e-17 -6.0891672664e+03 -8.0966114916e+03 -4.6634205127e+09 -1.0017236869e+07 1.9222293079e+06 2.5682749989e+02 1.7129780917e-74 -1.4750760313e-66
1.5909917708e+05 1.8738327365e-13 4.4474812075e-14 -4.9924179647e+06 4.7319439214e+06 5.4929600211e-18 1.3780260120e-17 -5.0377875430e+03 -9.4557040149e+03 -4.6631151305e+09 -1.0017236869e+07 1.9222293079e+06 2.3113241749e+02 4.4705682371e-26 -4.0712990523e-18
1.5913110233e+05 1.8755409697e-13 4.4918917117e-14 -5.1500602783e+06 4.4271406678e+06 5.2051667472e-18 1.4040068571e-17 -4.8355873745e+03 -9.6382423765e+03 -4.6631150834e+09 -1.0017236869e+07 1.9222293079e+06 1.5962626364e+02 7.7902344440e-21 -7.1403481964e-13
1.5922425659e+05 1.8799591387e-13 4.6260293396e-14 -5.5702577816e+06 3.5057718092e+06 4.2532104107e-18 1.4742790581e-17 -4.1667540519e+03 -1.0131966593e+04 -4.6631046851e+09 -1.0017236868e+07 1.9222293098e+06 1.7432743179e+02 3.0768557647e-08 -2.8651694866e+00
1.5924168933e+05 1.8806835933e-13 4.6518347829e-14 -5.6417015718e+06 3.3284081216e+06 4.0573308404e-18 1.4862178552e-17 -4.0291313667e+03 -1.0215847168e+04 -4.6631055741e+09 -1.0017236838e+07 1.9222293853e+06 8.7163715895e+01 2.3365050343e-06 -2.1809950430e+02
1.5926185719e+05 1.8814784804e-13 4.6819431041e-14 -5.7213171961e+06 3.1214314563e+06 3.8242496509e-18 1.4994466301e-17 -3.8653709069e+03 -1.0308790039e+04 -4.6632001075e+09 -1.0017233794e+07 1.9222374190e+06 8.5199604852e+01 2.2205046972e-04 -2.0779919853e+04
1.5927444871e+05 1.8819506640e-13 4.7008735626e-14 -5.7693313229e+06 2.9912758469e+06 3.6753545087e-18 1.5073671495e-17 -3.7607542744e+03 -1.0364425970e+04 -4.6644678347e+09 -1.0017194207e+07 1.9223454220e+06 4.6860339366e+01 2.9646290931e-03 -2.7783877262e+05
1.5929174097e+05 1.8825682538e-13 4.7270302704e-14 -5.8331006512e+06 2.8114144255e+06 3.4668493350e-18 1.5177943689e-17 -3.6141289380e+03 -1.0437309846e+04 -4.7019136008e+09 -1.0016071744e+07 1.9255460153e+06 2.8179976552e+01 7.5596433407e-02 -7.0973956617e+06
1.5930655717e+05 1.8830684530e-13 4.7495816951e-14 -5.8856954058e+06 2.6563492328e+06 3.2846806212e-18 1.5262936031e-17 -3.4845338059e+03 -1.0492253559e+04 -5.1748693807e+09 -1.0002424680e+07 1.9660987302e+06 1.7805830039e+01 8.9827814956e-01 -8.4414593084e+07
1.5931877589e+05 1.8834605002e-13 4.7682722303e-14 -5.9275756187e+06 2.5279895425e+06 3.1321438153e-18 1.5329875098e-17 -3.3675466481e+03 -1.0509041544e+04 -8.1605885697e+09 -9.9189836436e+06 2.2231609580e+06 1.2985787240e+01 5.5687889965e+00 -5.2235800195e+08
1.5932975013e+05 1.8837966339e-13 4.7851274349e-14 -5.9638209822e+06 2.4129980615e+06 2.9934692077e-18 1.5387491342e-17 -3.2282863123e+03 -1.0416295031e+04 -2.1182966833e+10 -9.5634355464e+06 3.3555905322e+06 1.1083410584e+01 2.3687783072e+01 -2.1956983854e+09
1.5933921006e+05 1.8840741121e-13 4.7997066247e-14 -5.9934957758e+06 2.3158157376e+06 2.8727397324e-18 1.5435229285e-17 -3.0257477479e+03 -1.0063289769e+04 -5.7958802556e+10 -8.5628541752e+06 6.6412262469e+06 9.8747307379e+00 6.7763236637e+01 -6.0526655037e+09
1.5934561894e+05 1.8842555852e-13 4.8096089506e-14 -6.0122121445e+06 2.2528931266e+06 2.7903695399e-18 1.5466570050e-17 -2.7999832440e+03 -9.5202360742e+03 -1.0914823527e+11 -7.1357706820e+06 1.1444349709e+07 6.6804362794e+00 1.1869919039e+02 -1.0012193597e+10
1.5935158001e+05 1.8844196279e-13 4.8188371972e-14 -6.0280610683e+06 2.1984156067e+06 2.7133737659e-18 1.5495029521e-17 -2.5032793447e+03 -8.7055919749e+03 -1.7926876712e+11 -5.0736063002e+06 1.8538784516e+07 5.9823351358e+00 1.7247803563e+02 -1.3280117302e+10
1.5935756234e+05 1.8845796315e-13 4.8281152310e-14 -6.0419517840e+06 2.1495102488e+06 2.6357754661e-18 1.5522974381e-17 -2.1308028226e+03 -7.6049529695e+03 -2.6318936464e+11 -2.3709729084e+06 2.8061102763e+07 6.2113636687e+00 2.1281052055e+02 -1.4286291045e+10
1.5936377371e+05 1.8847408391e-13 4.8377659759e-14 -6.0538808565e+06 2.1062850582e+06 2.5549089116e-18 1.5551416310e-17 -1.7092375250e+03 -6.3024160378e+03 -3.4731249454e+11 7.2939705738e+05 3.9302521884e+07 6.7120699845e+00 2.2305824881e+02 -1.2380999203e+10
1.5936904132e+05 1.8848736110e-13 4.8459641250e-14 -6.0619686102e+06 2.0759815829e+06 2.4861312159e-18 1.5575151619e-17 -1.3666614802e+03 -5.2161998085e+03 -4.0515060407e+11 3.2305530395e+06 4.8677107096e+07 5.3691534562e+00 2.0734507534e+02 -9.5035036313e+09
1.5937367537e+05 1.8849874152e-13 4.8531865218e-14 -6.0676656086e+06 2.0538513767e+06 2.4255011585e-18 1.5595790912e-17 -1.0981656724e+03 -4.3530352505e+03 -4.4321108185e+11 5.1506847031e+06 5.6137263696e+07 4.6755890298e+00 1.8277404381e+02 -6.9746688870e+09
1.5937835096e+05 1.8850993896e-13 4.8604833035e-14 -6.0722419498e+06 2.0353049709e+06 2.3642284172e-18 1.5616426490e-17 -8.6602030856e+02 -3.6011106696e+03 -4.7069863725e+11 6.7579994850e+06 6.2651858307e+07 4.3651919387e+00 1.5481954445e+02 -4.8740495475e+09
1.5938271615e+05 1.8852013427e-13 4.8673043520e-14 -6.0756138004e+06 2.0209125358e+06 2.3069467933e-18 1.5635550810e-17 -6.8426641847e+02 -3.0105151406e+03 -4.8860391199e+11 7.9608216924e+06 6.7786130745e+07 4.2465344584e+00 1.2980610204e+02 -3.4063783367e+09
1.5938696269e+05 1.8852981238e-13 4.8739479732e-14 -6.0781966781e+06 2.0091775331e+06 2.2511611199e-18 1.5654047097e-17 -5.3666820437e+02 -2.5310051346e+03 -5.0076559790e+11 8.8822544709e+06 7.1972425616e+07 4.2188778783e+00 1.0822668588e+02 -2.3801050806e+09
1.5939118156e+05 1.8853919275e-13 4.8805560851e-14 -6.0801952631e+06 1.9993603466e+06 2.1956865829e-18 1.5672335265e-17 -4.1450359097e+02 -2.1352583776e+03 -5.0920496597e+11 9.5893597496e+06 7.5445489995e+07 4.2368883773e+00 8.9983739918e+01 -1.6636652172e+09
1.5939541845e+05 1.8854837752e-13 4.8872001563e-14 -6.0817284043e+06 1.9910331571e+06 2.1399288909e-18 1.5690628490e-17 -3.1231358291e+02 -1.8058920157e+03 -5.1513171348e+11 1.0124989882e+07 7.8354351208e+07 4.2791893850e+00 7.4771938464e+01 -1.1647929044e+09
1.5939969764e+05 1.8855741412e-13 4.8939184152e-14 -6.0828751688e+06 1.9839133549e+06 2.0835723245e-18 1.5709042744e-17 -2.2625318628e+02 -1.5304022380e+03 -5.1932772223e+11 1.0519941839e+07 8.0805984243e+07 4.3333839965e+00 6.2207159200e+01 -8.1801226826e+08
1.5940403103e+05 1.8856631931e-13 4.9007297774e-14 -6.0836931663e+06 1.9777980770e+06 2.0264629187e-18 1.5727637999e-17 -1.5344891490e+02 -1.2992168428e+03 -5.2231775882e+11 1.0797720774e+07 8.2882110966e+07 4.3915092317e+00 5.1898720762e+01 -5.7711906713e+08
1.5940842253e+05 1.8857509139e-13 4.9076407138e-14 -6.0842274173e+06 1.9725327591e+06 1.9685507811e-18 1.5746438498e-17 -9.1680335066e+01 -1.1047377014e+03 -5.2446161242e+11 1.0976902416e+07 8.4647460250e+07 4.4482383119e+00 4.3484980510e+01 -4.0973943219e+08
1.5941287077e+05 1.8858371744e-13 4.9146493333e-14 -6.0845151036e+06 1.9679943182e+06 1.9098557618e-18 1.5765444687e-17 -3.9198568066e+01 -9.4079691249e+02 -5.2600916776e+11 1.1072470781e+07 8.6154461915e+07 4.4884435599e+00 3.6648349733e+01 -2.9332283392e+08
1.5941559932e+05 1.8858887944e-13 4.9189526011e-14 -6.0845832455e+06 1.9655480047e+06 1.8738359646e-18 1.5777087606e-17 -1.1242626215e+01 -8.5390450464e+02 -5.2673489885e+11 1.1094986058e+07 8.6962578891e+07 3.2589601077e+00 3.3148059381e+01 -2.4061570874e+08
1.5941885828e+05 1.8859491607e-13 4.9240965552e-14 -6.0845704068e+06 1.9629186482e+06 1.8307987446e-18 1.5790980757e-17 1.8497059802e+01 -7.6166860340e+02 -5.2743524496e+11 1.1090755111e+07 8.7829553953e+07 3.3681224785e+00 2.9549605919e+01 -1.9136596489e+08
1.5942222640e+05 1.8860100750e-13 4.9294175672e-14 -6.0844615825e+06 1.9604975624e+06 1.7863030015e-18 1.5805326434e-17 4.5534417639e+01 -6.7777119106e+02 -5.2801130935e+11 1.1054844075e+07 8.8628354340e+07 3.8641837865e+00 2.6404361910e+01 -1.5245988793e+08
1.5942609059e+05 1.8860781144e-13 4.9355282136e-14 -6.0842322609e+06 1.9580448140e+06 1.7352335135e-18 1.5821771493e-17 7.2472639356e+01 -5.9370934916e+02 -5.2853248984e+11 1.0978831977e+07 8.9441089891e+07 4.1140653788e+00 2.3406201168e+01 -1.1899685315e+08
1.5943020465e+05 1.8861483842e-13 4.9420409931e-14 -6.0838824143e+06 1.9557654123e+06 1.6808386109e-18 1.5839267066e-17 9.6914986923e+01 -5.1629236722e+02 -5.2896562285e+11 1.0861745573e+07 9.0203617798e+07 4.2823835495e+00 2.0818532629e+01 -9.2957512714e+07
1.5943448704e+05 1.8862191514e-13 4.9488278721e-14 -6.0834203356e+06 1.9537069994e+06 1.6241941155e-18 1.5857467238e-17 1.1822362615e+02 -4.4676239268e+02 -5.2931947108e+11 1.0704588080e+07 9.0903314005e+07 4.4177454180e+00 1.8678561631e+01 -7.3372953048e+07
1.5943890478e+05 1.8862896129e-13 4.9558374430e-14 -6.0828568903e+06 1.9518733715e+06 1.5657343441e-18 1.5876233571e-17 1.3621353219e+02 -3.8487722363e+02 -5.2960979344e+11 1.0508380527e+07 9.1541410486e+07 4.5457677707e+00 1.6963214372e+01 -5.8867395229e+07
1.5944345055e+05 1.8863594199e-13 4.9630587977e-14 -6.0822030178e+06 1.9502518126e+06 1.5055551899e-18 1.5895536712e-17 1.5083824786e+02 -3.2990613132e+02 -5.2985176216e+11 1.0273300701e+07 9.2123943128e+07 4.6880358566e+00 1.5628281556e+01 -4.8188341521e+07
1.5944813859e+05 1.8864285456e-13 4.9705153476e-14 -6.0814680557e+06 1.9488227066e+06 1.4434668427e-18 1.5915438971e-17 1.6208237725e+02 -2.8098553931e+02 -5.3005818347e+11 9.9980841915e+06 9.2658624454e+07 4.7171663279e+00 1.4620701736e+01 -4.0312864622e+07
1.5945285575e+05 1.8864951623e-13 4.9780276475e-14 -6.0806840569e+06 1.9475998392e+06 1.3809673834e-18 1.5935461916e-17 1.6973004330e+02 -2.3854140635e+02 -5.3023414800e+11 9.6898425817e+06 9.3138976606e+07 4.7574422920e+00 1.3901808170e+01 -3.4594471459e+07
1.5945761319e+05 1.8865593611e-13 4.9856136549e-14 -6.0798650860e+06 1.9465548323e+06 1.3179097424e-18 1.5955654613e-17 1.7401447184e+02 -2.0171116761e+02 -5.3038811608e+11 9.3496799924e+06 9.3572624426e+07 4.8043104011e+00 1.3397482613e+01 -3.0337146679e+07
1.5946241751e+05 1.8866211475e-13 4.9932841450e-14 -6.0790249998e+06 1.9456641946e+06 1.2542070934e-18 1.5976046525e-17 1.7522105280e+02 -1.6990908441e+02 -5.3052565175e+11 8.9795037103e+06 9.3964722632e+07 4.8406658392e+00 1.3040505787e+01 -2.7054074519e+07
1.5946725817e+05 1.8866803055e-13 5.0010225884e-14 -6.0781794103e+06 1.9449092623e+06 1.1899994993e-18 1.5996594257e-17 1.7374169604e+02 -1.4278500239e+02 -5.3065001223e+11 8.5834814261e+06 9.4317988384e+07 4.8343220661e+00 1.2773456073e+01 -2.4416862295e+07
1.5947209249e+05 1.8867362835e-13 5.0087608180e-14 -6.0773474943e+06 1.9442754321e+06 1.1258544370e-18 1.6017117504e-17 1.7012087848e+02 -1.2013693695e+02 -5.3076260205e+11 8.1696301649e+06 9.4633061772e+07 4.7560141804e+00 1.2552870338e+01 -2.2221669840e+07
1.5947684851e+05 1.8867883282e-13 5.0163833838e-14 -6.0765499951e+06 1.9437492635e+06 1.0627286137e-18 1.6037311349e-17 1.6503887962e+02 -1.0173053689e+02 -5.3086375309e+11 7.7494457576e+06 9.4910113814e+07 4.6116950110e+00 1.2352209746e+01 -2.0355512135e+07
1.5948146020e+05 1.8868359263e-13 5.0237838184e-14 -6.0758021346e+06 1.9433149479e+06 1.0015007133e-18 1.6056895721e-17 1.5917854588e+02 -8.7118699372e+01 -5.3095386696e+11 7.3339798999e+06 9.5151272300e+07 4.4417285069e+00 1.2160293344e+01 -1.8756085614e+07
1.5948590193e+05 1.8868791003e-13 5.0309200452e-14 -6.0751085775e+06 1.9429543252e+06 9.4251400886e-19 1.6075761615e-17 1.5306436738e+02 -7.5655159310e+01 -5.3103406362e+11 6.9297407836e+06 9.5361379513e+07 4.2845920272e+00 1.1975322155e+01 -1.7379741627e+07
1.5949018652e+05 1.8869182639e-13 5.0378117525e-14 -6.0744657066e+06 1.9426500993e+06 8.8560061995e-19 1.6093963293e-17 1.4701501884e+02 -6.6664268066e+01 -5.3110593242e+11 6.5384345625e+06 9.5546502505e+07 4.1579796251e+00 1.1799019819e+01 -1.6189430295e+07
1.5949018652e+05 1.8869182639e-13 5.0378117525e-14 -6.0744657066e+06 1.9426500993e+06 8.8560061995e-19 1.6093963293e-17 1.4701501884e+02 -6.6664268066e+01 -5.3110593242e+11 6.5384345625e+06 9.5546502505e+07 4.1579796251e+00 1.1799019819e+01 -1.6189430295e+07
