0.0000000000e+00 0.0000000000e+00 0.0000000000e+00 3.1415900000e+08 0.0000000000e+00 0.0000000000e+00 0.0000000000e+00 -1.1784984552e+03 2.2614462446e+02 -4.6638893045e+09 -1.0017236869e+07 1.9222293079e+06 1.0000000000e+01 0.0000000000e+00 -0.0000000000e+00
1.0000000000e+01 2.8740014438e-22 6.8962987489e-28 3.1414721481e+08 2.2614462441e+03 5.7480747656e-23 2.0689284317e-28 -1.1785388405e+03 2.2614462431e+02 -4.6638893045e+09 -1.0017236869e+07 1.9222293079e+06 5.0000000000e+01 0.0000000000e+00 -0.0000000000e+00
6.0000000000e+01 1.0347699235e-20 1.4900197565e-25 3.1408828282e+08 1.3568677363e+04 3.4494919328e-22 7.4509374655e-27 -1.1787408124e+03 2.2614461922e+02 -4.6638893045e+09 -1.0017236869e+07 1.9222293079e+06 2.5000000000e+02 0.0000000000e+00 -0.0000000000e+00
3.1000000000e+02 2.7639898817e-19 2.0579502322e-23 3.1379347128e+08 7.0104819122e+04 1.7839115283e-21 1.9927245929e-25 -1.1797518104e+03 2.2614448445e+02 -4.6638893045e+09 -1.0017236869e+07 1.9222293079e+06 1.2500000000e+03 0.0000000000e+00 -0.0000000000e+00
1.5600000000e+03 7.0214359100e-18 2.6411488182e-21 3.1231560923e+08 3.5278375851e+05 9.0195312726e-21 5.0941147945e-24 -1.1848354717e+03 2.2614104539e+02 -4.6638893045e+09 -1.0017236869e+07 1.9222293079e+06 3.6000000000e+03 0.0000000000e+00 -0.0000000000e+00
5.1600000000e+03 7.7526385657e-17 9.7570747607e-20 3.0802347884e+08 1.1668377101e+06 3.0247735880e-20 5.7291205828e-23 -1.1997501585e+03 2.2610437233e+02 -4.6638893044e+09 -1.0017236869e+07 1.9222293079e+06 3.6000000000e+03 0.0000000000e+00 -0.0000000000e+00
8.7600000000e+03 2.2552884642e-16 4.8753617097e-19 3.0367689962e+08 1.9806843730e+06 5.2079119653e-20 1.6983709206e-22 -1.2150886319e+03 2.2602529891e+02 -4.6638893043e+09 -1.0017236869e+07 1.9222293079e+06 3.6000000000e+03 0.0000000000e+00 -0.0000000000e+00
1.2360000000e+04 4.5326030704e-16 1.3991123611e-18 2.9927430373e+08 2.7941645584e+06 7.4547481560e-20 3.4799745892e-22 -1.2308746387e+03 2.2590012553e+02 -4.6638893041e+09 -1.0017236869e+07 1.9222293079e+06 3.6000000000e+03 0.0000000000e+00 -0.0000000000e+00
1.5960000000e+04 7.6307886707e-16 3.0788247711e-18 2.9481403442e+08 3.6071050602e+06 9.7689410020e-20 5.9760177803e-22 -1.2471338854e+03 2.2572475648e+02 -4.6638893040e+09 -1.0017236869e+07 1.9222293079e+06 3.6000000000e+03 0.0000000000e+00 -0.0000000000e+00
1.9560000000e+04 1.1574798213e-15 5.7953099800e-18 2.9029433851e+08 4.4193171377e+06 1.2154459091e-19 9.2511790483e-22 -1.2638942548e+03 2.2549464750e+02 -4.6638893038e+09 -1.0017236869e+07 1.9222293079e+06 3.6000000000e+03 0.0000000000e+00 -0.0000000000e+00
2.3160000000e+04 1.6391074286e-15 9.8417657945e-18 2.8571335818e+08 5.2305947935e+06 1.4615615856e-19 1.3377386510e-21 -1.2811860527e+03 2.2520474502e+02 -4.6638893036e+09 -1.0017236869e+07 1.9222293079e+06 3.6000000000e+03 0.0000000000e+00 -0.0000000000e+00
2.6760000000e+04 2.2107680322e-15 1.5538737925e-17 2.8106912173e+08 6.0407128160e+06 1.7157109716e-19 1.8434826182e-21 -1.2990422895e+03 2.2484941526e+02 -4.6638893034e+09 -1.0017236869e+07 1.9222293079e+06 3.6000000000e+03 0.0000000000e+00 -0.0000000000e+00
3.0360000000e+04 2.8754447292e-15 2.3237299442e-17 2.7635953326e+08 6.8494245453e+06 1.9784070122e-19 2.4513120900e-21 -1.3174990043e+03 2.2442236142e+02 -4.6638893032e+09 -1.0017236869e+07 1.9222293079e+06 3.6000000000e+03 0.0000000000e+00 -0.0000000000e+00
3.3960000000e+04 3.6363138193e-15 3.3322690394e-17 2.7158236115e+08 7.6564593163e+06 2.2502110595e-19 3.1712714224e-21 -1.3365956369e+03 2.2391652646e+02 -4.6638893029e+09 -1.0017236869e+07 1.9222293079e+06 3.6000000000e+03 0.0000000000e+00 -0.0000000000e+00
3.7560000000e+04 4.4967633081e-15 4.6218498770e-17 2.6673522503e+08 8.4615195210e+06 2.5317390031e-19 4.0146501857e-21 -1.3563754590e+03 2.2332397847e+02 -4.6638893025e+09 -1.0017236869e+07 1.9222293079e+06 3.6000000000e+03 0.0000000000e+00 -0.0000000000e+00
4.1160000000e+04 5.4604137891e-15 6.2391481077e-17 2.6181558110e+08 9.2642772220e+06 2.8236683870e-19 4.9941763464e-21 -1.3768860741e+03 2.2263577491e+02 -4.6638893021e+09 -1.0017236869e+07 1.9222293079e+06 3.6000000000e+03 0.0000000000e+00 -0.0000000000e+00
4.4760000000e+04 6.5311420941e-15 8.2357142134e-17 2.5682070555e+08 1.0064370231e+07 3.1267467057e-19 6.1242461054e-21 -1.3981800002e+03 2.2184180119e+02 -4.6638893016e+09 -1.0017236869e+07 1.9222293079e+06 3.6000000000e+03 0.0000000000e+00 -0.0000000000e+00
4.8360000000e+04 7.7131081773e-15 1.0668622046e-16 2.5174767565e+08 1.0861397555e+07 3.4418011201e-19 7.4211987232e-21 -1.4203153527e+03 2.2093057754e+02 -4.6638893010e+09 -1.0017236869e+07 1.9222293079e+06 3.6000000000e+03 0.0000000000e+00 -0.0000000000e+00
5.1960000000e+04 9.0107857969e-15 1.3601225944e-16 2.4659334818e+08 1.1654914073e+07 3.7697498908e-19 8.9036468911e-21 -1.4433566475e+03 2.1988902690e+02 -4.6638893003e+09 -1.0017236869e+07 1.9222293079e+06 3.6000000000e+03 0.0000000000e+00 -0.0000000000e+00
5.5560000000e+04 1.0428997676e-14 1.7104048756e-16 2.4135433476e+08 1.2444424300e+07 4.1116159026e-19 1.0592876132e-20 -1.4673757513e+03 2.1870219431e+02 -4.6638892994e+09 -1.0017236869e+07 1.9222293079e+06 3.6000000000e+03 0.0000000000e+00 -0.0000000000e+00
5.9160000000e+04 1.1972955977e-14 2.1255828600e-16 2.3602697338e+08 1.3229375032e+07 4.4685427493e-19 1.2513330577e-20 -1.4924530116e+03 2.1735290561e+02 -4.6638892984e+09 -1.0017236869e+07 1.9222293079e+06 3.6000000000e+03 0.0000000000e+00 -0.0000000000e+00
6.2760000000e+04 1.3648309117e-14 2.6144759338e-16 2.3060729554e+08 1.4009146628e+07 4.8418139779e-19 1.4693207617e-20 -1.5186786090e+03 2.1582134964e+02 -4.6638892971e+09 -1.0017236869e+07 1.9222293079e+06 3.6000000000e+03 0.0000000000e+00 -0.0000000000e+00
6.6360000000e+04 1.5461196188e-14 3.1869969011e-16 2.2509098797e+08 1.4783042626e+07 5.2328762542e-19 1.7165190882e-20 -1.5461541845e+03 2.1408456329e+02 -4.6638892954e+09 -1.0017236869e+07 1.9222293079e+06 3.6000000000e+03 0.0000000000e+00 -0.0000000000e+00
6.9960000000e+04 1.7418310571e-14 3.8543292706e-16 2.1947334799e+08 1.5550277287e+07 5.6433674407e-19 1.9967360419e-20 -1.5749948123e+03 2.1211579194e+02 -4.6638892934e+09 -1.0017236869e+07 1.9222293079e+06 3.6000000000e+03 0.0000000000e+00 -0.0000000000e+00
7.3560000000e+04 1.9526974726e-14 4.6291412532e-16 2.1374923092e+08 1.6309960557e+07 6.0751508710e-19 2.3144331978e-20 -1.6053314081e+03 2.0988368909e+02 -4.6638892909e+09 -1.0017236869e+07 1.9222293079e+06 3.6000000000e+03 0.0000000000e+00 -0.0000000000e+00
7.7160000000e+04 2.1795228683e-14 5.5258459135e-16 2.0791298794e+08 1.7061079790e+07 6.5303575182e-19 2.6748695356e-20 -1.6373136916e+03 2.0735130579e+02 -4.6638892876e+09 -1.0017236869e+07 1.9222293079e+06 3.6000000000e+03 0.0000000000e+00 -0.0000000000e+00
8.0760000000e+04 2.4231935469e-14 6.5609198692e-16 2.0195839198e+08 1.7802477360e+07 7.0114383111e-19 3.0842847276e-20 -1.6711138622e+03 2.0447480282e+02 -4.6638892835e+09 -1.0017236869e+07 1.9222293079e+06 3.6000000000e+03 0.0000000000e+00 -0.0000000000e+00
8.4360000000e+04 2.6846907628e-14 7.7532969870e-16 1.9587854887e+08 1.8532822994e+07 7.5212296376e-19 3.5501350720e-20 -1.7069312010e+03 2.0120179310e+02 -4.6638892781e+09 -1.0017236869e+07 1.9222293079e+06 3.6000000000e+03 0.0000000000e+00 -0.0000000000e+00
8.7960000000e+04 2.9651060301e-14 9.1248591614e-16 1.8966578975e+08 1.9250579298e+07 8.0630361752e-19 4.0814005510e-20 -1.7449978909e+03 1.9746918435e+02 -4.6638892709e+09 -1.0017236869e+07 1.9222293079e+06 3.6000000000e+03 0.0000000000e+00 -0.0000000000e+00
9.1560000000e+04 3.2656598075e-14 1.0701054229e-15 1.8331153983e+08 1.9953958334e+07 8.6407367765e-19 4.6889892880e-20 -1.7855864555e+03 1.9320033736e+02 -4.6638892614e+09 -1.0017236869e+07 1.9222293079e+06 3.4684599579e+03 0.0000000000e+00 -0.0000000000e+00
9.5028459958e+04 3.5755607081e-14 1.2441010688e-15 1.7704663786e+08 2.0616084615e+07 9.2355609607e-19 5.3590405417e-20 -1.8273781029e+03 1.8849263608e+02 -4.6638892507e+09 -1.0017236869e+07 1.9222293079e+06 3.2398859193e+03 0.0000000000e+00 -0.0000000000e+00
9.8268345877e+04 3.8842966815e-14 1.4290462846e-15 1.7105929468e+08 2.1218827067e+07 9.8294289188e-19 6.0731211812e-20 -1.8691025670e+03 1.8347558952e+02 -4.6638892404e+09 -1.0017236869e+07 1.9222293079e+06 3.0253734681e+03 0.0000000000e+00 -0.0000000000e+00
1.0129371935e+05 4.1905338551e-14 1.6239944791e-15 1.6534231037e+08 2.1766030706e+07 1.0421584012e-18 6.8301390624e-20 -1.9107066872e+03 1.7815687095e+02 -4.6638892306e+09 -1.0017236869e+07 1.9222293079e+06 2.8268584974e+03 0.0000000000e+00 -0.0000000000e+00
1.0412057784e+05 4.4933907102e-14 1.8281455368e-15 1.5988302537e+08 2.2261875428e+07 1.1011820481e-18 7.6295462337e-20 -1.9521760071e+03 1.7254033021e+02 -4.6638892213e+09 -1.0017236869e+07 1.9222293079e+06 2.6429990353e+03 0.0000000000e+00 -0.0000000000e+00
1.0676357688e+05 4.7921229730e-14 2.0406951784e-15 1.5466939735e+08 2.2710240574e+07 1.1599917634e-18 8.4707172977e-20 -1.9934950212e+03 1.6663036128e+02 -4.6638892125e+09 -1.0017236869e+07 1.9222293079e+06 2.4724929511e+03 0.0000000000e+00 -0.0000000000e+00
1.0923606983e+05 5.0860959121e-14 2.2608347714e-15 1.4969014894e+08 2.3114714076e+07 1.2185620028e-18 9.3529130625e-20 -2.0346457823e+03 1.6043215762e+02 -4.6638892041e+09 -1.0017236869e+07 1.9222293079e+06 2.3141631600e+03 0.0000000000e+00 -0.0000000000e+00
1.1155023299e+05 5.3747683537e-14 2.4877549928e-15 1.4493473262e+08 2.3478618157e+07 1.2768635260e-18 1.0275263750e-19 -2.0756077466e+03 1.5395183020e+02 -4.6638891961e+09 -1.0017236869e+07 1.9222293079e+06 2.1669447589e+03 0.0000000000e+00 -0.0000000000e+00
1.1371717775e+05 5.6576788775e-14 2.7206483127e-15 1.4039329551e+08 2.3805032959e+07 1.3348631747e-18 1.1236751248e-19 -2.1163576174e+03 1.4719653216e+02 -4.6638891886e+09 -1.0017236869e+07 1.9222293079e+06 2.0298712105e+03 0.0000000000e+00 -0.0000000000e+00
1.1574704896e+05 5.9344335818e-14 2.9587102699e-15 1.3605664944e+08 2.4096817891e+07 1.3925235838e-18 1.2236189307e-19 -2.1568691425e+03 1.4017459794e+02 -4.6638891816e+09 -1.0017236869e+07 1.9222293079e+06 1.9020619692e+03 0.0000000000e+00 -0.0000000000e+00
1.1764911093e+05 6.2046951047e-14 3.2011396178e-15 1.3191624668e+08 2.4356630973e+07 1.4498028104e-18 1.3272201068e-19 -2.1971128533e+03 1.3289570119e+02 -4.6638891750e+09 -1.0017236869e+07 1.9222293079e+06 1.7827114219e+03 0.0000000000e+00 -0.0000000000e+00
1.1943182235e+05 6.4681726384e-14 3.4471373778e-15 1.2796416187e+08 2.4586946446e+07 1.5066538603e-18 1.4343193214e-19 -2.2370557321e+03 1.2537103637e+02 -4.6638891689e+09 -1.0017236869e+07 1.9222293079e+06 1.6710787871e+03 0.0000000000e+00 -0.0000000000e+00
1.2110290114e+05 6.7246126798e-14 3.6959047789e-15 1.2419308054e+08 2.4790070882e+07 1.5630240886e-18 1.5447325809e-19 -2.2766607913e+03 1.1761353065e+02 -4.6638891631e+09 -1.0017236869e+07 1.9222293079e+06 1.5664786199e+03 0.0000000000e+00 -0.0000000000e+00
1.2266937976e+05 6.9737902483e-14 3.9466399843e-15 1.2059629562e+08 2.4968157995e+07 1.6188544347e-18 1.6582476519e-19 -2.3158865356e+03 1.0963809531e+02 -4.6638891579e+09 -1.0017236869e+07 1.9222293079e+06 1.4682715795e+03 0.0000000000e+00 -0.0000000000e+00
1.2413765134e+05 7.2155002784e-14 4.1985334159e-15 1.1716771360e+08 2.5123222359e+07 1.6740784412e-18 1.7746197424e-19 -2.3546862729e+03 1.0146192914e+02 -4.6638891530e+09 -1.0017236869e+07 1.9222293079e+06 1.3758550665e+03 0.0000000000e+00 -0.0000000000e+00
1.2551350640e+05 7.4495488446e-14 4.4507613611e-15 1.1390187284e+08 2.5257152199e+07 1.7286209804e-18 1.8935661911e-19 -2.3930072193e+03 9.3104891592e+01 -4.6638891486e+09 -1.0017236869e+07 1.9222293079e+06 1.2886530979e+03 0.0000000000e+00 -0.0000000000e+00
1.2680215950e+05 7.6757437709e-14 4.7024773550e-15 1.1079397821e+08 2.5371721474e+07 1.7823965772e-18 2.0147597956e-19 -2.4307893209e+03 8.4589971520e+01 -4.6638891446e+09 -1.0017236869e+07 1.9222293079e+06 1.2061044748e+03 0.0000000000e+00 -0.0000000000e+00
1.2800826398e+05 7.8938839858e-14 4.9528005078e-15 1.0783995846e+08 2.5468601415e+07 1.8353071542e-18 2.1378202173e-19 -2.4679636699e+03 7.5943891070e+01 -4.6638891410e+09 -1.0017236869e+07 1.9222293079e+06 1.1276479614e+03 0.0000000000e+00 -0.0000000000e+00
1.2913591194e+05 8.1037467003e-14 5.2007994752e-15 1.0503655634e+08 2.5549371783e+07 1.8872389326e-18 2.2623025994e-19 -2.5044503264e+03 6.7197905357e+01 -4.6638891378e+09 -1.0017236869e+07 1.9222293079e+06 1.0527020102e+03 0.0000000000e+00 -0.0000000000e+00
1.3018861395e+05 8.3050709265e-14 5.4454698959e-15 1.0238146832e+08 2.5615532125e+07 1.9380580471e-18 2.3876819946e-19 -2.5401552384e+03 5.8388896552e+01 -4.6638891350e+09 -1.0017236869e+07 1.9222293079e+06 9.8063437143e+02 0.0000000000e+00 -0.0000000000e+00
1.3116924832e+05 8.4975347776e-14 5.6857014803e-15 9.9873563854e+07 2.5668513432e+07 1.9876041082e-18 2.5133311818e-19 -2.5749657180e+03 4.9560932481e+01 -4.6638891326e+09 -1.0017236869e+07 1.9222293079e+06 9.1071299186e+02 0.0000000000e+00 -0.0000000000e+00
1.3207996131e+05 8.6807219679e-14 5.9202278344e-15 9.7513238353e+07 2.5709690822e+07 2.0356803248e-18 2.6384875270e-19 -2.6087435022e+03 4.0767594912e+01 -4.6638891306e+09 -1.0017236869e+07 1.9222293079e+06 8.4201869742e+02 0.0000000000e+00 -0.0000000000e+00
1.3292198001e+05 8.8540683848e-14 6.1475452781e-15 9.5303009087e+07 2.5740398262e+07 2.0820374355e-18 2.7622003468e-19 -2.6413134628e+03 3.2075677735e+01 -4.6638891290e+09 -1.0017236869e+07 1.9222293079e+06 7.7327339742e+02 0.0000000000e+00 -0.0000000000e+00
1.3369525341e+05 9.0167688138e-14 6.3657707660e-15 9.3248593510e+07 2.5761947224e+07 2.1263454659e-18 2.8832403445e-19 -2.6724437637e+03 2.3571549899e+01 -4.6638891277e+09 -1.0017236869e+07 1.9222293079e+06 7.0245421002e+02 0.0000000000e+00 -0.0000000000e+00
1.3432099881e+05 9.1509801064e-14 6.5494024555e-15 9.1568200762e+07 2.5774438719e+07 2.1635000412e-18 2.9868544684e-19 -2.6985481312e+03 1.6291743455e+01 -4.6638891272e+09 -1.0017236869e+07 1.9222293079e+06 6.3376414435e+02 0.0000000000e+00 -0.0000000000e+00
1.3486680759e+05 9.2699733705e-14 6.7149962711e-15 9.0088933283e+07 2.5781526174e+07 2.1969154034e-18 3.0816962492e-19 -2.7220253716e+03 9.6282715093e+00 -4.6638891269e+09 -1.0017236869e+07 1.9222293079e+06 5.5908732736e+02 0.0000000000e+00 -0.0000000000e+00
1.3530202643e+05 9.3661801384e-14 6.8508217744e-15 8.8900091117e+07 2.5784519175e+07 2.2242671577e-18 3.1604988306e-19 -2.7412423923e+03 4.0916948538e+00 -4.6638891268e+09 -1.0017236869e+07 1.9222293079e+06 4.7113196910e+02 0.0000000000e+00 -0.0000000000e+00
1.3572015047e+05 9.4597422122e-14 6.9846014808e-15 8.7749976470e+07 2.5785083629e+07 2.2511621192e-18 3.2390165896e-19 -2.7601384759e+03 -1.4248705224e+00 -4.6638891267e+09 -1.0017236869e+07 1.9222293079e+06 3.9762577793e+02 0.0000000000e+00 -0.0000000000e+00
1.3611777624e+05 9.5497724093e-14 7.1149222120e-15 8.6648833532e+07 2.5783442749e+07 2.2773231400e-18 3.3163757485e-19 -2.7785189013e+03 -6.8600340125e+00 -4.6638891266e+09 -1.0017236869e+07 1.9222293079e+06 4.9276496166e+02 0.0000000000e+00 -0.0000000000e+00
1.3661054120e+05 9.6628062061e-14 7.2807804245e-15 8.5273948628e+07 2.5778348867e+07 2.3105692118e-18 3.4160906590e-19 -2.8018772002e+03 -1.3865886315e+01 -4.6638891263e+09 -1.0017236869e+07 1.9222293079e+06 5.4703061905e+02 0.0000000000e+00 -0.0000000000e+00
1.3715757182e+05 9.7902360808e-14 7.4707975369e-15 8.3733966580e+07 2.5768553114e+07 2.3485997354e-18 3.5320912478e-19 -2.8285969987e+03 -2.2015951213e+01 -4.6638891258e+09 -1.0017236869e+07 1.9222293079e+06 5.8086501080e+02 0.0000000000e+00 -0.0000000000e+00
1.3773843683e+05 9.9278635738e-14 7.6796983888e-15 8.2082463488e+07 2.5753141332e+07 2.3903502957e-18 3.6618280252e-19 -2.8579304512e+03 -3.1131104559e+01 -4.6638891250e+09 -1.0017236869e+07 1.9222293079e+06 6.0232010164e+02 0.0000000000e+00 -0.0000000000e+00
1.3834075694e+05 1.0073182263e-13 7.9045004607e-15 8.0351638165e+07 2.5731409495e+07 2.4352242245e-18 3.8040730283e-19 -2.8894583456e+03 -4.1125071135e+01 -4.6638891238e+09 -1.0017236869e+07 1.9222293079e+06 6.1532558908e+02 0.0000000000e+00 -0.0000000000e+00
1.3895608253e+05 1.0224483332e-13 8.1432692355e-15 7.8563454400e+07 2.5702805937e+07 2.4828411211e-18 3.9582060257e-19 -2.9229134169e+03 -5.1954274194e+01 -4.6638891223e+09 -1.0017236869e+07 1.9222293079e+06 6.2215610694e+02 0.0000000000e+00 -0.0000000000e+00
1.3957823863e+05 1.0380502692e-13 8.3946331322e-15 7.6734070720e+07 2.5666897879e+07 2.5329384884e-18 4.1239389769e-19 -2.9581112378e+03 -6.3598476371e+01 -4.6638891204e+09 -1.0017236869e+07 1.9222293079e+06 6.2428191235e+02 0.0000000000e+00 -0.0000000000e+00
1.4020252054e+05 1.0540253224e-13 8.6575560966e-15 7.4875967004e+07 2.5623349296e+07 2.5853253742e-18 4.3011881971e-19 -2.9949176475e+03 -7.6051798052e+01 -4.6638891180e+09 -1.0017236869e+07 1.9222293079e+06 6.2272781148e+02 0.0000000000e+00 -0.0000000000e+00
1.4082524836e+05 1.0702934318e-13 8.9312168962e-15 7.2999105013e+07 2.5571904985e+07 2.6398575794e-18 4.4900072755e-19 -3.0332313333e+03 -8.9318004363e+01 -4.6638891152e+09 -1.0017236869e+07 1.9222293079e+06 6.1824761836e+02 0.0000000000e+00 -0.0000000000e+00
1.4144349597e+05 1.0867878522e-13 9.2149392111e-15 7.1111622580e+07 2.5512378400e+07 2.6964231520e-18 4.6905487283e-19 -3.0729736391e+03 -1.0340781090e+02 -4.6638891119e+09 -1.0017236869e+07 1.9222293079e+06 6.1141818235e+02 0.0000000000e+00 -0.0000000000e+00
1.4205491416e+05 1.1034517904e-13 9.5081484808e-15 6.9220278500e+07 2.5444641952e+07 2.7549333075e-18 4.9030406950e-19 -3.1140821860e+03 -1.1833724649e+02 -4.6638891080e+09 -1.0017236869e+07 1.9222293079e+06 6.0269417197e+02 0.0000000000e+00 -0.0000000000e+00
1.4265760833e+05 1.1202361702e-13 9.8103439342e-15 6.7330753570e+07 2.5368619029e+07 2.8153164373e-18 5.1277721307e-19 -3.1565066626e+03 -1.3412661278e+02 -4.6638891037e+09 -1.0017236869e+07 1.9222293079e+06 5.9244207773e+02 0.0000000000e+00 -0.0000000000e+00
1.4325005041e+05 1.1370980828e-13 1.0121079775e-14 6.5447863359e+07 2.5284277274e+07 2.8775139813e-18 5.3650831045e-19 -3.2002059253e+03 -1.5079980261e+02 -4.6638890988e+09 -1.0017236869e+07 1.9222293079e+06 5.8096240296e+02 0.0000000000e+00 -0.0000000000e+00
1.4383101281e+05 1.1539996743e-13 1.0439952146e-14 6.3575714126e+07 2.5191622822e+07 2.9414774826e-18 5.6153583173e-19 -3.2451459288e+03 -1.6838384462e+02 -4.6638890933e+09 -1.0017236869e+07 1.9222293079e+06 5.6850478929e+02 0.0000000000e+00 -0.0000000000e+00
1.4439951760e+05 1.1709073233e-13 1.0766589888e-14 6.1717820586e+07 2.5090695289e+07 3.0071664198e-18 5.8790227423e-19 -3.2912982033e+03 -1.8690859692e+02 -4.6638890871e+09 -1.0017236869e+07 1.9222293079e+06 5.5527871284e+02 0.0000000000e+00 -0.0000000000e+00
1.4495479631e+05 1.1877910157e-13 1.1100647882e-14 5.9877197117e+07 2.4981563369e+07 3.0745465691e-18 6.1565387196e-19 -3.3386387034e+03 -2.0640654300e+02 -4.6638890803e+09 -1.0017236869e+07 1.9222293079e+06 5.4146125625e+02 0.0000000000e+00 -0.0000000000e+00
1.4549625757e+05 1.2046238593e-13 1.1441802164e-14 5.8056430072e+07 2.4864320936e+07 3.1435887343e-18 6.4484040670e-19 -3.3871469165e+03 -2.2691265893e+02 -4.6638890729e+09 -1.0017236869e+07 1.9222293079e+06 5.2720295829e+02 0.0000000000e+00 -0.0000000000e+00
1.4602346053e+05 1.2213816986e-13 1.1789746327e-14 5.6257736124e+07 2.4739083576e+07 3.2142677421e-18 6.7551509423e-19 -3.4368051559e+03 -2.4846433352e+02 -4.6638890647e+09 -1.0017236869e+07 1.9222293079e+06 5.1263228716e+02 0.0000000000e+00 -0.0000000000e+00
1.4653609281e+05 1.2380428032e-13 1.2144188846e-14 5.4483010162e+07 2.4605985468e+07 3.2865616284e-18 7.0773452645e-19 -3.4875979899e+03 -2.7110132754e+02 -4.6638890558e+09 -1.0017236869e+07 1.9222293079e+06 4.9785915560e+02 0.0000000000e+00 -0.0000000000e+00
1.4703395197e+05 1.2545876114e-13 1.2504851083e-14 5.2733865156e+07 2.4465176595e+07 3.3604509666e-18 7.4155865719e-19 -3.5395117696e+03 -2.9486576387e+02 -4.6638890461e+09 -1.0017236869e+07 1.9222293079e+06 4.8297771012e+02 0.0000000000e+00 -0.0000000000e+00
1.4751692968e+05 1.2709985163e-13 1.2871465797e-14 5.1011665801e+07 2.4316820223e+07 3.4359183002e-18 7.7705082192e-19 -3.5925342303e+03 -3.1980214125e+02 -4.6638890356e+09 -1.0017236869e+07 1.9222293079e+06 4.6806861805e+02 0.0000000000e+00 -0.0000000000e+00
1.4798499830e+05 1.2872596839e-13 1.3243776051e-14 4.9317557150e+07 2.4161090621e+07 3.5129476572e-18 8.1427778700e-19 -3.6466541504e+03 -3.4595736895e+02 -4.6638890243e+09 -1.0017236869e+07 1.9222293079e+06 4.5320093218e+02 0.0000000000e+00 -0.0000000000e+00
1.4843819923e+05 1.3033568976e-13 1.3621534410e-14 4.7652489258e+07 2.3998170997e+07 3.5915241230e-18 8.5330982292e-19 -3.7018610507e+03 -3.7338081819e+02 -4.6638890121e+09 -1.0017236869e+07 1.9222293079e+06 4.3843363381e+02 0.0000000000e+00 -0.0000000000e+00
1.4887663286e+05 1.3192774215e-13 1.4004502350e-14 4.6017238614e+07 2.3828251636e+07 3.6716334560e-18 8.9422079762e-19 -3.7581449257e+03 -4.0212438771e+02 -4.6638889991e+09 -1.0017236869e+07 1.9222293079e+06 4.2381696235e+02 0.0000000000e+00 -0.0000000000e+00
1.4930044983e+05 1.3350098819e-13 1.4392449869e-14 4.4412426820e+07 2.3651528202e+07 3.7532617402e-18 9.3708829043e-19 -3.8154959978e+03 -4.3224258383e+02 -4.6638889851e+09 -1.0017236869e+07 1.9222293079e+06 4.0939352106e+02 0.0000000000e+00 -0.0000000000e+00
1.4970984335e+05 1.3505441608e-13 1.4785155213e-14 4.2838537034e+07 2.3468200191e+07 3.8363950591e-18 9.8199372318e-19 -3.8739044896e+03 -4.6379261258e+02 -4.6638889701e+09 -1.0017236869e+07 1.9222293079e+06 3.9519922953e+02 0.0000000000e+00 -0.0000000000e+00
1.5010504258e+05 1.3658713006e-13 1.5182404727e-14 4.1295928537e+07 2.3278469538e+07 3.9210191871e-18 1.0290225080e-18 -3.9333604064e+03 -4.9683448355e+02 -4.6638889541e+09 -1.0017236869e+07 1.9222293079e+06 3.8126415391e+02 0.0000000000e+00 -0.0000000000e+00
1.5048630673e+05 1.3809834192e-13 1.5583992780e-14 3.9784849650e+07 2.3082539335e+07 4.0071192916e-18 1.0782642126e-18 -3.9938533268e+03 -5.3143112587e+02 -4.6638889371e+09 -1.0017236869e+07 1.9222293079e+06 3.6761322003e+02 0.0000000000e+00 -0.0000000000e+00
1.5085391995e+05 1.3958736311e-13 1.5989721768e-14 3.8305449266e+07 2.2880612675e+07 4.0946796397e-18 1.1298127415e-18 -4.0553721973e+03 -5.6764851584e+02 -4.6638889191e+09 -1.0017236869e+07 1.9222293079e+06 3.5426683280e+02 0.0000000000e+00 -0.0000000000e+00
1.5120818678e+05 1.4105359765e-13 1.6399402166e-14 3.6857787212e+07 2.2672891587e+07 4.1836833050e-18 1.1837665342e-18 -4.1179051255e+03 -6.0555581578e+02 -4.6638888999e+09 -1.0017236869e+07 1.9222293079e+06 3.4124143352e+02 0.0000000000e+00 -0.0000000000e+00
1.5154942822e+05 1.4249653557e-13 1.6812852629e-14 3.5441843504e+07 2.2459576072e+07 4.2741118725e-18 1.2402287811e-18 -4.1814391731e+03 -6.4522552620e+02 -4.6638888795e+09 -1.0017236869e+07 1.9222293079e+06 3.2854997724e+02 0.0000000000e+00 -0.0000000000e+00
1.5187797819e+05 1.4391574685e-13 1.7229900137e-14 3.4057526716e+07 2.2240863210e+07 4.3659451341e-18 1.2993076585e-18 -4.2459601423e+03 -6.8673365045e+02 -4.6638888580e+09 -1.0017236869e+07 1.9222293079e+06 3.1620235759e+02 0.0000000000e+00 -0.0000000000e+00
1.5219418055e+05 1.4531087582e-13 1.7650380167e-14 3.2704681525e+07 2.2016946351e+07 4.4591607742e-18 1.3611165821e-18 -4.3114523544e+03 -7.3015987296e+02 -4.6638888352e+09 -1.0017236869e+07 1.9222293079e+06 3.0420577918e+02 0.0000000000e+00 -0.0000000000e+00
1.5249838633e+05 1.4668163593e-13 1.8074136890e-14 3.1383095556e+07 2.1788014365e+07 4.5537340373e-18 1.4257744798e-18 -4.3778984164e+03 -7.7558775126e+02 -4.6638888112e+09 -1.0017236869e+07 1.9222293079e+06 2.9256510722e+02 0.0000000000e+00 -0.0000000000e+00
1.5279095144e+05 1.4802780493e-13 1.8501023413e-14 3.0092505526e+07 2.1554250942e+07 4.6496373823e-18 1.4934060915e-18 -4.4452789784e+03 -8.2310492594e+02 -4.6638887859e+09 -1.0017236869e+07 1.9222293079e+06 2.8128314881e+02 0.0000000000e+00 -0.0000000000e+00
1.5307223459e+05 1.4934922032e-13 1.8930902034e-14 2.8832602867e+07 2.1315833952e+07 4.7468401089e-18 1.5641422879e-18 -4.5135724705e+03 -8.7280334537e+02 -4.6638887592e+09 -1.0017236869e+07 1.9222293079e+06 2.7036092746e+02 0.0000000000e+00 -0.0000000000e+00
1.5334259551e+05 1.5064577510e-13 1.9363644531e-14 2.7603038794e+07 2.1072934836e+07 4.8453079597e-18 1.6381204197e-18 -4.5827548241e+03 -9.2477951042e+02 -4.6638887311e+09 -1.0017236869e+07 1.9222293079e+06 2.5979791599e+02 0.0000000000e+00 -0.0000000000e+00
1.5360239343e+05 1.5191741386e-13 1.9799132476e-14 2.6403428917e+07 2.0825718031e+07 4.9450026911e-18 1.7154846936e-18 -4.6527991694e+03 -9.7913473906e+02 -4.6638887015e+09 -1.0017236869e+07 1.9222293079e+06 2.4959224896e+02 0.0000000000e+00 -0.0000000000e+00
1.5385198568e+05 1.5316412905e-13 2.0237257590e-14 2.5233357416e+07 2.0574340426e+07 5.0458816064e-18 1.7963865815e-18 -4.7236755085e+03 -1.0359754538e+03 -4.6638886705e+09 -1.0017236869e+07 1.9222293079e+06 2.3974091152e+02 0.0000000000e+00 -0.0000000000e+00
1.5409172659e+05 1.5438595749e-13 2.0677922122e-14 2.4092380834e+07 2.0318950828e+07 5.1478970494e-18 1.8809852657e-18 -4.7953503586e+03 -1.0954134940e+03 -4.6638886380e+09 -1.0017236869e+07 1.9222293079e+06 2.3023990662e+02 0.0000000000e+00 -0.0000000000e+00
1.5432196650e+05 1.5558297718e-13 2.1121039276e-14 2.2980031510e+07 2.0059689446e+07 5.2509958476e-18 1.9694481214e-18 -4.8677863613e+03 -1.1575664557e+03 -4.6638886039e+09 -1.0017236869e+07 1.9222293079e+06 2.2108440980e+02 0.0000000000e+00 -0.0000000000e+00
1.5454305091e+05 1.5675530422e-13 2.1566533681e-14 2.1895820684e+07 1.9796687369e+07 5.3551187031e-18 2.0619512468e-18 -4.9409418546e+03 -1.2225580633e+03 -4.6638885682e+09 -1.0017236869e+07 1.9222293079e+06 2.1226889942e+02 0.0000000000e+00 -0.0000000000e+00
1.5475531981e+05 1.5790309002e-13 2.2014341914e-14 2.0839241312e+07 1.9530066044e+07 5.4601995171e-18 2.1586800391e-18 -5.0147703982e+03 -1.2905185748e+03 -4.6638885309e+09 -1.0017236869e+07 1.9222293079e+06 2.0378728732e+02 0.0000000000e+00 -0.0000000000e+00
1.5495910709e+05 1.5902651865e-13 2.2464413088e-14 1.9809770570e+07 1.9259936731e+07 5.5661646468e-18 2.2598298306e-18 -5.0892202518e+03 -1.3615852283e+03 -4.6638884919e+09 -1.0017236869e+07 1.9222293079e+06 1.9563301614e+02 0.0000000000e+00 -0.0000000000e+00
1.5515474011e+05 1.6012580437e-13 2.2916709504e-14 1.8806872153e+07 1.8986399945e+07 5.6729320737e-18 2.3656065830e-18 -5.1642337897e+03 -1.4359027301e+03 -4.6638884511e+09 -1.0017236869e+07 1.9222293079e+06 1.8779917091e+02 0.0000000000e+00 -0.0000000000e+00
1.5534253928e+05 1.6120118937e-13 2.3371207400e-14 1.7829998268e+07 1.8709544844e+07 5.7804104813e-18 2.4762276589e-18 -5.2397468545e+03 -1.5136237966e+03 -4.6638884086e+09 -1.0017236869e+07 1.9222293079e+06 1.8027855886e+02 0.0000000000e+00 -0.0000000000e+00
1.5552281784e+05 1.6225294170e-13 2.3827897786e-14 1.6878591450e+07 1.8429448578e+07 5.8884982193e-18 2.5919226714e-18 -5.3156880276e+03 -1.5949097513e+03 -4.6638883643e+09 -1.0017236869e+07 1.9222293079e+06 1.7306379255e+02 0.0000000000e+00 -0.0000000000e+00
1.5569588163e+05 1.6328135330e-13 2.4286787400e-14 1.5952086147e+07 1.8146175580e+07 5.9970821394e-18 2.7129344286e-18 -5.3919778124e+03 -1.6799311882e+03 -4.6638883182e+09 -1.0017236869e+07 1.9222293079e+06 1.6614736773e+02 0.0000000000e+00 -0.0000000000e+00
1.5586202900e+05 1.6428673828e-13 2.4747899814e-14 1.5049910076e+07 1.7859776757e+07 6.1060362850e-18 2.8395199889e-18 -5.4685277133e+03 -1.7688687136e+03 -4.6638882703e+09 -1.0017236869e+07 1.9222293079e+06 1.5952172535e+02 0.0000000000e+00 -0.0000000000e+00
1.5602155072e+05 1.6526943129e-13 2.5211276681e-14 1.4171485417e+07 1.7570288603e+07 6.2152204041e-18 2.9719518383e-18 -5.5452391909e+03 -1.8619137730e+03 -4.6638882205e+09 -1.0017236869e+07 1.9222293079e+06 1.5317931673e+02 0.0000000000e+00 -0.0000000000e+00
1.5617473004e+05 1.6622978618e-13 2.5676979195e-14 1.3316229787e+07 1.7277732174e+07 6.3244782591e-18 3.1105192149e-18 -5.6220024744e+03 -1.9592695816e+03 -4.6638881688e+09 -1.0017236869e+07 1.9222293079e+06 1.4711266251e+02 0.0000000000e+00 -0.0000000000e+00
1.5632184270e+05 1.6716817465e-13 2.6145089771e-14 1.2483557038e+07 1.6982111929e+07 6.4336356955e-18 3.2555296045e-18 -5.6986952050e+03 -2.0611521753e+03 -4.6638881152e+09 -1.0017236869e+07 1.9222293079e+06 1.4131440731e+02 0.0000000000e+00 -0.0000000000e+00
1.5646315711e+05 1.6808498529e-13 2.6615714010e-14 1.1672877857e+07 1.6683414369e+07 6.5424984254e-18 3.4073104341e-18 -5.7751808783e+03 -2.1677916006e+03 -4.6638880598e+09 -1.0017236869e+07 1.9222293079e+06 1.3577737586e+02 0.0000000000e+00 -0.0000000000e+00
1.5659893449e+05 1.6898062264e-13 2.7088982994e-14 1.0883600168e+07 1.6381606472e+07 6.6508494713e-18 3.5662110048e-18 -5.8513070484e+03 -2.2794332721e+03 -4.6638880025e+09 -1.0017236869e+07 1.9222293079e+06 1.3049462573e+02 0.0000000000e+00 -0.0000000000e+00
1.5672942911e+05 1.6985550652e-13 2.7565055986e-14 1.0115129331e+07 1.6076633847e+07 6.7584462005e-18 3.7326047031e-18 -5.9269032445e+03 -2.3963395269e+03 -4.6638879433e+09 -1.0017236869e+07 1.9222293079e+06 1.2545950218e+02 0.0000000000e+00 -0.0000000000e+00
1.5685488862e+05 1.7071007158e-13 2.8044123616e-14 9.3668681421e+06 1.5768418558e+07 6.8650168665e-18 3.9068915481e-18 -6.0017785407e+03 -2.5187914138e+03 -4.6638878824e+09 -1.0017236869e+07 1.9222293079e+06 1.2066569620e+02 0.0000000000e+00 -0.0000000000e+00
1.5697555431e+05 1.7154476706e-13 2.8526411669e-14 8.6382165814e+06 1.5456856544e+07 6.9702565502e-18 4.0895011411e-18 -6.0757187043e+03 -2.6470907655e+03 -4.6638878198e+09 -1.0017236869e+07 1.9222293079e+06 1.1610730723e+02 0.0000000000e+00 -0.0000000000e+00
1.5709166162e+05 1.7236005679e-13 2.9012185607e-14 7.9285713248e+06 1.5141814534e+07 7.0738223657e-18 4.2808961021e-18 -6.1484828278e+03 -2.7815626134e+03 -4.6638877555e+09 -1.0017236869e+07 1.9222293079e+06 1.1177891302e+02 0.0000000000e+00 -0.0000000000e+00
1.5720344053e+05 1.7315641953e-13 2.9501755993e-14 7.2373249596e+06 1.4823126341e+07 7.1753277572e-18 4.4815760981e-18 -6.2197993217e+03 -2.9225580177e+03 -4.6638876897e+09 -1.0017236869e+07 1.9222293079e+06 1.0767564699e+02 0.0000000000e+00 -0.0000000000e+00
1.5731111618e+05 1.7393434955e-13 2.9995485051e-14 6.5638648971e+06 1.4500588382e+07 7.2743356601e-18 4.6920825910e-18 -6.2893611096e+03 -3.0704574030e+03 -4.6638876226e+09 -1.0017236869e+07 1.9222293079e+06 1.0379329367e+02 0.0000000000e+00 -0.0000000000e+00
1.5741490947e+05 1.7469435766e-13 3.0493794625e-14 5.9075719008e+06 1.4173954233e+07 7.3703502377e-18 4.9130044758e-18 -6.3568198221e+03 -3.2256745202e+03 -4.6638875543e+09 -1.0017236869e+07 1.9222293079e+06 1.0012839772e+02 0.0000000000e+00 -0.0000000000e+00
1.5751503787e+05 1.7543697263e-13 3.0997175927e-14 5.2678182026e+06 1.3842927952e+07 7.4628068017e-18 5.1449848119e-18 -6.4217787163e+03 -3.3886611752e+03 -4.6638874851e+09 -1.0017236869e+07 1.9222293079e+06 9.6678397019e+01 0.0000000000e+00 -0.0000000000e+00
1.5761171627e+05 1.7616274300e-13 3.1506201510e-14 4.6439651347e+06 1.3507155865e+07 7.5510594040e-18 5.3887289049e-18 -6.4837839564e+03 -3.5599129073e+03 -4.6638874154e+09 -1.0017236869e+07 1.9222293079e+06 9.3441787980e+01 0.0000000000e+00 -0.0000000000e+00
1.5770515806e+05 1.7687223957e-13 3.2021540120e-14 4.0353601892e+06 1.3166216379e+07 7.6343654026e-18 5.6450140709e-18 -6.5423137710e+03 -3.7399758498e+03 -4.6638873454e+09 -1.0017236869e+07 1.9222293079e+06 9.0418322475e+01 0.0000000000e+00 -0.0000000000e+00
1.5779557638e+05 1.7756605827e-13 3.2543975167e-14 3.4413334758e+06 1.2819607278e+07 7.7118660519e-18 5.9147014643e-18 -6.5967648154e+03 -3.9294550397e+03 -4.6638872758e+09 -1.0017236869e+07 1.9222293079e+06 8.7609252846e+01 0.0000000000e+00 -0.0000000000e+00
1.5788318563e+05 1.7824482369e-13 3.3074427863e-14 2.8611935143e+06 1.2466729816e+07 7.7825618136e-18 6.1987504411e-18 -6.6464348259e+03 -4.1290245090e+03 -4.6638872070e+09 -1.0017236869e+07 1.9222293079e+06 8.5017619006e+01 0.0000000000e+00 -0.0000000000e+00
1.5796820325e+05 1.7890919280e-13 3.3613986249e-14 2.2942224562e+06 1.2106868720e+07 7.8452805676e-18 6.4982359419e-18 -6.6905002846e+03 -4.3394394985e+03 -4.6638871399e+09 -1.0017236869e+07 1.9222293079e+06 7.9273507066e+01 0.0000000000e+00 -0.0000000000e+00
1.5803952254e+05 1.7947041106e-13 3.4086994411e-14 1.8158674395e+06 1.1790667224e+07 7.8918537381e-18 6.7694821648e-18 -6.7232220462e+03 -4.5300139036e+03 -4.6638871090e+09 -1.0017236869e+07 1.9222293079e+06 7.1910540580e+01 0.0000000000e+00 -0.0000000000e+00
1.5810412237e+05 1.7998142263e-13 3.4532702516e-14 1.3807059211e+06 1.1492126858e+07 7.9278851381e-18 7.0324127548e-18 -6.7485372840e+03 -4.7147458428e+03 -4.6638870888e+09 -1.0017236869e+07 1.9222293079e+06 6.5205442017e+01 4.4806025975e-308 -3.1353004853e-300
1.5816213489e+05 1.8044212933e-13 3.4947885549e-14 9.8865115116e+05 1.1213543363e+07 7.9540432591e-18 7.2836230327e-18 -6.7669156720e+03 -4.8912432286e+03 -4.6638870764e+09 -1.0017236869e+07 1.9222293079e+06 5.8717299376e+01 5.3395222922e-289 -3.7895332021e-281
1.5821328750e+05 1.8084946451e-13 3.5326399118e-14 6.4217896653e+05 1.0959172070e+07 7.9712241513e-18 7.5178047188e-18 -6.7789867648e+03 -5.0557765262e+03 -4.6638870696e+09 -1.0017236869e+07 1.9222293079e+06 5.2116964913e+01 3.0402488663e-272 -2.1853865480e-264
1.5825639108e+05 1.8119327413e-13 3.5654873870e-14 3.4982486990e+05 1.0738137217e+07 7.9806637728e-18 7.7249052566e-18 -6.7856189318e+03 -5.2012829276e+03 -4.6638870667e+09 -1.0017236869e+07 1.9222293079e+06 4.4898358551e+01 3.4730697464e-258 -2.5239752040e-250
1.5828546908e+05 1.8142539149e-13 3.5881596115e-14 1.5247356873e+05 1.0585420668e+07 7.9840694226e-18 7.8698942944e-18 -6.7880117013e+03 -5.3031505198e+03 -4.6638870663e+09 -1.0017236869e+07 1.9222293079e+06 3.7252836544e+01 9.6868613145e-249 -7.0925996767e-241
1.5832272192e+05 1.8172284351e-13 3.6178329221e-14 -1.0041512927e+05 1.0385364008e+07 7.9845244215e-18 8.0620993447e-18 -6.7883313781e+03 -5.4381915269e+03 -4.6638870649e+09 -1.0017236869e+07 1.9222293079e+06 3.3661000983e+01 1.0835323766e-236 -8.0108887072e-229
1.5835638292e+05 1.8199155884e-13 3.6452721577e-14 -3.2888080060e+05 1.0200191420e+07 7.9807503800e-18 8.2422179399e-18 -6.7856797810e+03 -5.5647407329e+03 -4.6638870641e+09 -1.0017236869e+07 1.9222293079e+06 4.1891706401e+01 7.3125062186e-226 -5.4546109717e-218
1.5839827462e+05 1.8232568277e-13 3.6802847979e-14 -6.1300165340e+05 9.9636703140e+06 7.9698283366e-18 8.4752308726e-18 -6.7780060818e+03 -5.7284528780e+03 -4.6638870618e+09 -1.0017236869e+07 1.9222293079e+06 4.6575868336e+01 1.7898649222e-212 -1.3501514691e-204
1.5844485049e+05 1.8269642814e-13 3.7203850623e-14 -9.2837257666e+05 9.6924634563e+06 7.9485195549e-18 8.7462302283e-18 -6.7630347825e+03 -5.9188538371e+03 -4.6638870584e+09 -1.0017236869e+07 1.9222293079e+06 4.9598810571e+01 1.0117317710e-197 -7.7288220466e-190
1.5849444930e+05 1.8308985635e-13 3.7645102645e-14 -1.2632427314e+06 9.3936614807e+06 7.9136614017e-18 9.0491126916e-18 -6.7385438541e+03 -6.1316554925e+03 -4.6638870541e+09 -1.0017236869e+07 1.9222293079e+06 5.1740473123e+01 3.4132905069e-182 -2.6432896560e-174
1.5854618978e+05 1.8349804573e-13 3.8121828436e-14 -1.6110078550e+06 9.0704203789e+06 7.8618564855e-18 9.3812511385e-18 -6.7021463294e+03 -6.3650120578e+03 -4.6638870491e+09 -1.0017236869e+07 1.9222293079e+06 5.3428342840e+01 3.1363952943e-166 -2.4641115924e-158
1.5859961812e+05 1.8391624371e-13 3.8632607337e-14 -1.9677940561e+06 8.7236356644e+06 7.7891913787e-18 9.7419087930e-18 -6.6510926803e+03 -6.6184058828e+03 -4.6638870427e+09 -1.0017236869e+07 1.9222293079e+06 5.4976899971e+01 4.8187579194e-150 -3.8432166427e-142
1.5865459502e+05 1.8434188361e-13 3.9178819573e-14 -2.3316338318e+06 8.3523061041e+06 7.6908432013e-18 1.0131877243e-17 -6.5819944079e+03 -6.8923931283e+03 -4.6638870320e+09 -1.0017236869e+07 1.9222293079e+06 5.6706935125e+01 9.2620388919e-134 -7.5029968535e-126
1.5871130195e+05 1.8477445795e-13 3.9765238125e-14 -2.7023845096e+06 7.9531192966e+06 7.5603688965e-18 1.0553829862e-17 -6.4903246963e+03 -7.1888520736e+03 -4.6638870099e+09 -1.0017236869e+07 1.9222293079e+06 5.9097033652e+01 1.9850399172e-117 -1.6341752850e-109
1.5877039899e+05 1.8521635893e-13 4.0402432478e-14 -3.0825046992e+06 7.5187985171e+06 7.3881116516e-18 1.1013824330e-17 -6.3692987826e+03 -7.5120387756e+03 -4.6638869577e+09 -1.0017236869e+07 1.9222293079e+06 6.3242447293e+01 5.3217461650e-101 -4.4550853030e-93
1.5883364143e+05 1.8567655139e-13 4.1115086505e-14 -3.4803616386e+06 7.0323981213e+06 7.1564377761e-18 1.1526647084e-17 -6.2065274433e+03 -7.8723420092e+03 -4.6638868159e+09 -1.0017236869e+07 1.9222293079e+06 6.4783946243e+01 3.3118176087e-84 -2.8220001155e-76
1.5889842538e+05 1.8613094095e-13 4.1879338456e-14 -3.8759581723e+06 6.5100942332e+06 6.8609478315e-18 1.2069745959e-17 -5.9989196846e+03 -8.2539168890e+03 -4.6638865152e+09 -1.0017236869e+07 1.9222293079e+06 6.0684208590e+01 5.3873844118e-68 -4.6725271703e-60
1.5895910959e+05 1.8653737650e-13 4.2627501768e-14 -4.2330312586e+06 5.9981668994e+06 6.5239012047e-18 1.2588950660e-17 -5.7621146898e+03 -8.6187040041e+03 -4.6638861391e+09 -1.0017236869e+07 1.9222293079e+06 5.6271882685e+01 7.1400044132e-54 -6.2920094377e-46
1.5901538147e+05 1.8689435091e-13 4.3349525578e-14 -4.5501536054e+06 5.5036070493e+06 6.1540211340e-18 1.3072786716e-17 -5.5022413037e+03 -8.9586415247e+03 -4.6638857400e+09 -1.0017236869e+07 1.9222293079e+06 5.2487979686e+01 7.8126556751e-42 -6.9817044725e-34
1.5906786945e+05 1.8720714291e-13 4.4047443319e-14 -4.8317745901e+06 5.0251281296e+06 5.7558236471e-18 1.3519252683e-17 -5.2224724341e+03 -9.2723232608e+03 -4.6638853458e+09 -1.0017236869e+07 1.9222293079e+06 4.9506183378e+01 1.2267700478e-31 -1.1096897452e-23
1.5911737564e+05 1.8748178289e-13 4.4726937397e-14 -5.0830763696e+06 4.5589191417e+06 5.3313665515e-18 1.3929232971e-17 -4.9242538723e+03 -9.5603705877e+03 -4.6638849689e+09 -1.0017236869e+07 1.9222293079e+06 4.7278250896e+01 4.9215183238e-23 -4.4987193587e-15
1.5916465389e+05 1.8772337263e-13 4.5394424872e-14 -5.3085318247e+06 4.1006420165e+06 4.8812981960e-18 1.4304036821e-17 -4.6080411406e+03 -9.8237033631e+03 -4.6638846148e+09 -1.0017236869e+07 1.9222293079e+06 4.5722148884e+01 8.0502641452e-16 -7.4248824089e-08
1.5921037604e+05 1.8793582463e-13 4.6056315760e-14 -5.5116815817e+06 3.6459450836e+06 4.4053475031e-18 1.4644590251e-17 -4.2736437832e+03 -1.0062972196e+04 -4.6638842877e+09 -1.0017236869e+07 1.9222293079e+06 4.3475041729e+01 7.5685610437e-10 -7.0334119324e-02
1.5924614665e+05 1.8808633884e-13 4.6584640853e-14 -5.6595867152e+06 3.2828394224e+06 4.0064224490e-18 1.4891935471e-17 -3.9933637225e+03 -1.0236754010e+04 -4.6638869838e+09 -1.0017236776e+07 1.9222295447e+06 3.8344451795e+01 6.6587660359e-06 -6.2192043310e+02
1.5925816912e+05 1.8813367262e-13 4.6764154618e-14 -5.7070113278e+06 3.1594339811e+06 3.8673959448e-18 1.4970729092e-17 -3.8956851864e+03 -1.0292113089e+04 -4.6639262638e+09 -1.0017235502e+07 1.9222328806e+06 2.1548534976e+01 1.0001871407e-04 -9.3557660945e+03
1.5926940652e+05 1.8817639179e-13 4.6932790399e-14 -5.7502685560e+06 3.0434937619e+06 3.7353011005e-18 1.5042242623e-17 -3.8028752792e+03 -1.0342353280e+04 -4.6643631514e+09 -1.0017221701e+07 1.9222700659e+06 1.3835541729e+01 1.0733367716e-03 -1.0053354895e+05
1.5927826561e+05 1.8820901651e-13 4.7066295057e-14 -5.7836306828e+06 2.9516985177e+06 3.6297444278e-18 1.5097108826e-17 -3.7287034700e+03 -1.0380876970e+04 -4.6668212622e+09 -1.0017145772e+07 1.9224796671e+06 9.6955084920e+00 6.2465867804e-03 -5.8566062442e+05
1.5928540950e+05 1.8823464026e-13 4.7174302128e-14 -5.8100525250e+06 2.8774300323e+06 3.5437389427e-18 1.5140350594e-17 -3.6682452772e+03 -1.0411168691e+04 -4.6757233027e+09 -1.0016875890e+07 1.9232398685e+06 7.4531976848e+00 2.4078016431e-02 -2.2591738325e+06
1.5929136319e+05 1.8825552373e-13 4.7264548666e-14 -5.8317409681e+06 2.8153715784e+06 3.4714728757e-18 1.5175688208e-17 -3.6173868409e+03 -1.0435752495e+04 -4.6999784747e+09 -1.0016152134e+07 1.9253137688e+06 6.0929379289e+00 7.0598156773e-02 -6.6278877902e+06
1.5929648190e+05 1.8827313327e-13 4.7342305230e-14 -5.8501445407e+06 2.7619013637e+06 3.4089227270e-18 1.5205551306e-17 -3.5732499495e+03 -1.0456181662e+04 -4.7548224913e+09 -1.0014538045e+07 1.9300082680e+06 5.1911225915e+00 1.7177127440e-01 -1.6133441883e+07
1.5930099300e+05 1.8828838632e-13 4.7410957584e-14 -5.8661753097e+06 2.7146934863e+06 3.3534824641e-18 1.5231465802e-17 -3.5339253930e+03 -1.0473289944e+04 -4.8638396588e+09 -1.0011368565e+07 1.9393492437e+06 4.5528157233e+00 3.6584978696e-01 -3.4373123932e+07
1.5930504689e+05 1.8830187956e-13 4.7472750896e-14 -5.8804289929e+06 2.6722067603e+06 3.3034139063e-18 1.5254426764e-17 -3.4980799290e+03 -1.0487429998e+04 -5.0612624397e+09 -1.0005691548e+07 1.9562816585e+06 4.0796776719e+00 7.0585965388e-01 -6.6330506276e+07
1.5930912657e+05 1.8831525324e-13 4.7535030638e-14 -5.8946252180e+06 2.6293956811e+06 3.2527945817e-18 1.5277217529e-17 -3.4612443197e+03 -1.0499607021e+04 -5.4409724595e+09 -9.9948874754e+06 1.9888834089e+06 3.7012095988e+00 1.3384180024e+00 -1.2577239092e+08
1.5931282778e+05 1.8832720722e-13 4.7591612654e-14 -5.9073725963e+06 2.5905184676e+06 3.2066730117e-18 1.5297616600e-17 -3.4267671040e+03 -1.0507614502e+04 -6.0663314113e+09 -9.9772691582e+06 2.0426430683e+06 3.3989682797e+00 2.3463857998e+00 -2.2042958064e+08
1.5931622675e+05 1.8833803439e-13 4.7643640270e-14 -5.9189643424e+06 2.5547966386e+06 3.1641544726e-18 1.5316115187e-17 -3.3936987966e+03 -1.0510760534e+04 -7.0389248433e+09 -9.9501092606e+06 2.1263753597e+06 3.1726568205e+00 3.8649733255e+00 -3.6285522246e+08
1.5931939940e+05 1.8834801002e-13 4.7692260166e-14 -5.9296800469e+06 2.5214522212e+06 3.1243281692e-18 1.5333177686e-17 -3.3609723362e+03 -1.0507978142e+04 -8.4945829553e+09 -9.9097770311e+06 2.2519229380e+06 3.0088433225e+00 6.0678406670e+00 -5.6901392835e+08
1.5932240825e+05 1.8835735366e-13 4.7738419408e-14 -5.9397430205e+06 2.4898486412e+06 3.0864364340e-18 1.5349175608e-17 -3.3274825751e+03 -1.0497643511e+04 -1.0615865185e+10 -9.8514035045e+06 2.4353068873e+06 2.9048200161e+00 9.1784379760e+00 -8.5915031606e+08
1.5932531307e+05 1.8836626594e-13 4.7783028226e-14 -5.9493579936e+06 2.4593814799e+06 3.0497440760e-18 1.5364449936e-17 -3.2919023250e+03 -1.0477310776e+04 -1.3660789005e+10 -9.7680981411e+06 2.6993534190e+06 2.8746277006e+00 1.3500020953e+01 -1.2602195682e+09
1.5932818769e+05 1.8837498050e-13 4.7827216827e-14 -5.9587652898e+06 2.4293084578e+06 3.0133279219e-18 1.5379399911e-17 -3.2523017052e+03 -1.0442999237e+04 -1.8035203663e+10 -9.6489701449e+06 3.0802827556e+06 2.9837959312e+00 1.9494610456e+01 -1.8124258741e+09
1.5933117149e+05 1.8838391513e-13 4.7873128752e-14 -5.9684005727e+06 2.3982266536e+06 2.9754202211e-18 1.5394742957e-17 -3.2048591659e+03 -1.0386633413e+04 -2.4550452301e+10 -9.4720933496e+06 3.6510209238e+06 3.7614035150e+00 2.8074094763e+01 -2.5938662057e+09
1.5933377780e+05 1.8839162674e-13 4.7913269496e-14 -5.9766918963e+06 2.3712449457e+06 2.9422196331e-18 1.5407999259e-17 -3.1564008875e+03 -1.0314145135e+04 -3.2426752471e+10 -9.2584718949e+06 4.3463379314e+06 2.7036836880e+00 3.8011038451e+01 -3.4849897710e+09
1.5933601368e+05 1.8839817330e-13 4.7947732605e-14 -5.9836966228e+06 2.3482738005e+06 2.9136731726e-18 1.5419263471e-17 -3.1081994484e+03 -1.0229746945e+04 -4.1236067171e+10 -9.0192391249e+06 5.1309924140e+06 2.2594078878e+00 4.8662381262e+01 -4.4223365031e+09
1.5933802604e+05 1.8840401077e-13 4.7978771859e-14 -5.9899025138e+06 2.3277821265e+06 2.8879306018e-18 1.5429316640e-17 -3.0584864030e+03 -1.0132367389e+04 -5.1103356596e+10 -8.7504128719e+06 6.0187561691e+06 2.0215778761e+00 6.0093198641e+01 -5.4061799288e+09
1.5934004762e+05 1.8840982276e-13 4.8009973565e-14 -5.9960291558e+06 2.3074175901e+06 2.8620235085e-18 1.5439335320e-17 -3.0015039719e+03 -1.0010487672e+04 -6.3138545012e+10 -8.4207793688e+06 7.1145653235e+06 1.8597500755e+00 7.3399331305e+01 -6.5201848349e+09
1.5934190737e+05 1.8841512322e-13 4.8038695385e-14 -6.0015570044e+06 2.2889236354e+06 2.8381499275e-18 1.5448481318e-17 -2.9420283188e+03 -9.8740346902e+03 -7.6291820858e+10 -8.0578093428e+06 8.3290355627e+06 1.7410672704e+00 8.7212071071e+01 -7.6376508999e+09
1.5934364844e+05 1.8842004515e-13 4.8065599639e-14 -6.0066259120e+06 2.2718604975e+06 2.8157656438e-18 1.5456982913e-17 -2.8795993306e+03 -9.7227845911e+03 -9.0541918377e+10 -7.6608418850e+06 9.6654329289e+06 1.6571295145e+00 1.0137555181e+02 -8.7377726382e+09
1.5934530557e+05 1.8842469356e-13 4.8091220529e-14 -6.0113440671e+06 2.2558836123e+06 2.7944305153e-18 1.5465020779e-17 -2.8136886080e+03 -9.5559879709e+03 -1.0590320920e+11 -7.2280141306e+06 1.1131206339e+07 1.5974804244e+00 1.1575755067e+02 -9.8016221300e+09
1.5934690305e+05 1.8842914117e-13 4.8115931753e-14 -6.0157839622e+06 2.2407613414e+06 2.7738363566e-18 1.5472720326e-17 -2.7438967408e+03 -9.3729563207e+03 -1.2236966763e+11 -6.7577715755e+06 1.2732957063e+07 1.5561306544e+00 1.3019006618e+02 -1.0807577177e+10
1.5934845918e+05 1.8843344199e-13 4.8140015134e-14 -6.0199970233e+06 2.2263285496e+06 2.7537504655e-18 1.5480175121e-17 -2.6699060718e+03 -9.1730540050e+03 -1.3991666256e+11 -6.2488038298e+06 1.4476646777e+07 1.5298516401e+00 1.4447464669e+02 -1.1732281819e+10
1.5934998903e+05 1.8843763970e-13 4.8163703084e-14 -6.0240222758e+06 2.2124588149e+06 2.7339805948e-18 1.5487461142e-17 -2.5914381718e+03 -8.9556459154e+03 -1.5850573830e+11 -5.6998923482e+06 1.6368127661e+07 1.5178740874e+00 1.5838930214e+02 -1.2551698401e+10
1.5935150690e+05 1.8844177464e-13 4.8187216560e-14 -6.0278932248e+06 2.1990417047e+06 2.7143434850e-18 1.5494649027e-17 -2.5081770338e+03 -8.7199125201e+03 -1.7809921701e+11 -5.1094454947e+06 1.8414787567e+07 1.5193147364e+00 1.7169997702e+02 -1.3242271490e+10
1.5935302622e+05 1.8844588364e-13 4.8210763249e-14 -6.0316374102e+06 2.1859847693e+06 2.6946664853e-18 1.5501803759e-17 -2.4198041024e+03 -8.4649575527e+03 -1.9864852273e+11 -4.4757866201e+06 2.0624632851e+07 1.5336415920e+00 1.8415055503e+02 -1.3780770840e+10
1.5935455986e+05 1.8845000104e-13 4.8234542973e-14 -6.0352771528e+06 2.1732113427e+06 2.6747831265e-18 1.5508986529e-17 -2.3260168573e+03 -8.1898761769e+03 -2.2008674924e+11 -3.7973384562e+06 2.3005720047e+07 1.5598360669e+00 1.9545956281e+02 -1.4144845282e+10
1.5935611970e+05 1.8845415748e-13 4.8258740121e-14 -6.0388283003e+06 2.1606652929e+06 2.6545395266e-18 1.5516252616e-17 -2.2266048011e+03 -7.8939967868e+03 -2.4230929953e+11 -3.0732307564e+06 2.5564087933e+07 1.5936596446e+00 2.0531557491e+02 -1.4314001917e+10
1.5935771336e+05 1.8845837142e-13 4.8283473636e-14 -6.0422935570e+06 2.1483352923e+06 2.6338363502e-18 1.5523636701e-17 -2.1217203704e+03 -7.5777281014e+03 -2.6511614367e+11 -2.3053524654e+06 2.8296469517e+07 1.6244925085e+00 2.1337192686e+02 -1.4271989429e+10
1.5935933785e+05 1.8846263291e-13 4.8308697754e-14 -6.0456517263e+06 2.1362949734e+06 2.6127121281e-18 1.5531124105e-17 -2.0123859135e+03 -7.2441795826e+03 -2.8811903785e+11 -1.5021634355e+06 3.1176346705e+07 1.6361250118e+00 2.1927154722e+02 -1.4013040674e+10
1.5936097397e+05 1.8846689022e-13 4.8334114758e-14 -6.0488531633e+06 2.1247228682e+06 2.5914167127e-18 1.5538626513e-17 -1.9009226965e+03 -6.9006154645e+03 -3.1069438748e+11 -6.8190231155e+05 3.4141446086e+07 1.6110906673e+00 2.2274528815e+02 -1.3551835164e+10
1.5936258506e+05 1.8847104832e-13 4.8359154820e-14 -6.0518270933e+06 2.1138806102e+06 2.5704285634e-18 1.5545978024e-17 -1.7909546701e+03 -6.5586090766e+03 -3.3204728319e+11 1.2748468493e+05 3.7092403606e+07 1.5503722432e+00 2.2375752682e+02 -1.2930789455e+10
1.5936413544e+05 1.8847501777e-13 4.8383262336e-14 -6.0545221555e+06 2.1039677020e+06 2.5502148912e-18 1.5553020302e-17 -1.6859139865e+03 -6.2294243300e+03 -3.5154941128e+11 8.9961444521e+05 3.9932530438e+07 1.4742378654e+00 2.2258559820e+02 -1.2209931756e+10
1.5936560967e+05 1.8847876322e-13 4.8406196107e-14 -6.0569348529e+06 2.0950132518e+06 2.5309795878e-18 1.5559688949e-17 -1.5875344148e+03 -5.9191334945e+03 -3.6899272685e+11 1.6209675727e+06 4.2609827702e+07 1.4013660201e+00 2.1968619005e+02 -1.1443627174e+10
1.5936701104e+05 1.8848229723e-13 4.8428005353e-14 -6.0590951646e+06 2.0869224396e+06 2.5126828345e-18 1.5566004092e-17 -1.4959791575e+03 -5.6288149965e+03 -3.8449033160e+11 2.2899190490e+06 4.5115248969e+07 1.3393281455e+00 2.1550408992e+02 -1.0668713261e+10
1.5936835037e+05 1.8848565082e-13 4.8448857371e-14 -6.0610414056e+06 2.0795662109e+06 2.4951854457e-18 1.5572018999e-17 -1.4107109503e+03 -5.3572120048e+03 -3.9827045004e+11 2.9102044039e+06 4.7459795421e+07 1.2887688777e+00 2.1039285714e+02 -9.9071132862e+09
1.5936963914e+05 1.8848885568e-13 4.8468929824e-14 -6.0628078871e+06 2.0728268912e+06 2.4783392322e-18 1.5577788707e-17 -1.3310494067e+03 -5.1024993343e+03 -4.1056393249e+11 3.4867219377e+06 4.9659309819e+07 1.2466619656e+00 2.0461789634e+02 -9.1715155923e+09
1.5937088580e+05 1.8849193517e-13 4.8488353531e-14 -6.0644204959e+06 2.0666157214e+06 2.4620350943e-18 1.5583353799e-17 -1.2564530310e+03 -4.8632091079e+03 -4.2155885657e+11 4.0234228191e+06 5.1726511473e+07 1.2121638659e+00 1.9838605625e+02 -8.4700152859e+09
1.5937209796e+05 1.8849490995e-13 4.8507246382e-14 -6.0659008147e+06 2.0608580343e+06 2.4461746241e-18 1.5588750431e-17 -1.1864063112e+03 -4.6378939274e+03 -4.3142166216e+11 4.5241012102e+06 5.3673919190e+07 1.1842970355e+00 1.9185322716e+02 -7.8067952960e+09
1.5937328226e+05 1.8849779777e-13 4.8525711209e-14 -6.0672665682e+06 2.0554920681e+06 2.4306719340e-18 1.5594009880e-17 -1.1204457604e+03 -4.4252258326e+03 -4.4029550026e+11 4.9921838264e+06 5.5513007427e+07 1.1617330733e+00 1.8513708527e+02 -7.1835744608e+09
1.5937444399e+05 1.8850061273e-13 4.8543830277e-14 -6.0685318262e+06 2.0504686964e+06 2.4154583157e-18 1.5599157120e-17 -1.0581867119e+03 -4.2240948961e+03 -4.4829943094e+11 5.4305300105e+06 5.7253359702e+07 1.1434482630e+00 1.7832936479e+02 -6.6007349930e+09
1.5937558744e+05 1.8850336611e-13 4.8561669997e-14 -6.0697079171e+06 2.0457483025e+06 2.4004783093e-18 1.5604212280e-17 -9.9930651646e+02 -4.0335644349e+03 -4.5553359118e+11 5.8415510731e+06 5.8903058042e+07 1.1286567661e+00 1.7150218126e+02 -6.0577703812e+09
1.5937671610e+05 1.8850606708e-13 4.8579284608e-14 -6.0708040967e+06 2.0412984722e+06 2.3856866284e-18 1.5609191785e-17 -9.4353087114e+02 -3.8528334333e+03 -4.6208317960e+11 6.2273081403e+06 6.0469009157e+07 1.1167493969e+00 1.6471244009e+02 -5.5535776495e+09
1.5937783285e+05 1.8850872312e-13 4.8596718910e-14 -6.0718280321e+06 2.0370923200e+06 2.3710458764e-18 1.5614109186e-17 -8.9062345866e+02 -3.6812077288e+03 -4.6802144105e+11 6.5895865751e+06 6.1957194363e+07 1.1072478735e+00 1.5800503158e+02 -5.0866582178e+09
1.5937894010e+05 1.8851134042e-13 4.8614010294e-14 -6.0727861544e+06 2.0331072664e+06 2.3565248518e-18 1.5618975786e-17 -8.4037817500e+02 -3.5180782638e+03 -4.7341191151e+11 6.9299519277e+06 6.3372858154e+07 1.0997712280e+00 1.5141521620e+02 -4.6552600416e+09
1.5938003987e+05 1.8851392412e-13 4.8631190248e-14 -6.0736839194e+06 2.0293241340e+06 2.3420972898e-18 1.5623801100e-17 -7.9261329616e+02 -3.3629047195e+03 -4.7831012575e+11 7.2497919974e+06 6.4720650053e+07 1.0940119931e+00 1.4497045347e+02 -4.2574802433e+09
1.5938113388e+05 1.8851647855e-13 4.8648285496e-14 -6.0745260029e+06 2.0257264688e+06 2.3277409101e-18 1.5628593198e-17 -7.4716704163e+02 -3.2152030482e+03 -4.8276493798e+11 7.5503488612e+06 6.6004732670e+07 1.0897188186e+00 1.3869183205e+02 -3.8913398137e+09
1.5938222360e+05 1.8851900734e-13 4.8665318866e-14 -6.0753164491e+06 2.0223000230e+06 2.3134366909e-18 1.5633358977e-17 -7.0389416607e+02 -3.0745358906e+03 -4.8681955898e+11 7.8327435062e+06 6.7228864738e+07 1.0866835191e+00 1.3259520821e+02 -3.5548381914e+09
1.5938331028e+05 1.8852151356e-13 4.8682309958e-14 -6.0760587860e+06 2.0190323565e+06 2.2991683098e-18 1.5638104356e-17 -6.6266331670e+02 -2.9405051514e+03 -4.9051238212e+11 8.0979949544e+06 6.8396465428e+07 1.0847317877e+00 1.2669212656e+02 -3.2459930523e+09
1.5938439501e+05 1.8852399982e-13 4.8699275673e-14 -6.0767561146e+06 2.0159125250e+06 2.2849217057e-18 1.5642834445e-17 -6.2335494757e+02 -2.8127461411e+03 -4.9387765216e+11 8.3470353723e+06 6.9510665107e+07 1.0837164084e+00 1.2099057159e+02 -2.9628689105e+09
1.5938547873e+05 1.8852646831e-13 4.8716230627e-14 -6.0774111802e+06 2.0129308324e+06 2.2706847274e-18 1.5647553667e-17 -5.8585964810e+02 -2.6909228821e+03 -4.9694601407e+11 8.5807221830e+06 7.0574346001e+07 1.0835111789e+00 1.1549558623e+02 -2.7035972310e+09
1.5938656224e+05 1.8852892091e-13 4.8733187480e-14 -6.0780264293e+06 2.0100786347e+06 2.2564468617e-18 1.5652265857e-17 -5.5007681987e+02 -2.5747244065e+03 -4.9974496638e+11 8.7998476890e+06 7.1590174245e+07 1.0840073423e+00 1.1020978938e+02 -2.4663903098e+09
1.5938764625e+05 1.8853135919e-13 4.8750157204e-14 -6.0786040554e+06 2.0073481796e+06 2.2421990078e-18 1.5656974349e-17 -5.1591358083e+02 -2.4638616873e+03 -5.0229924285e+11 9.0051470378e+06 7.2560626472e+07 1.0851102537e+00 1.0513380598e+02 -2.2495500989e+09
1.5938873136e+05 1.8853378449e-13 4.8767149302e-14 -6.0791460364e+06 2.0047324771e+06 2.2279332945e-18 1.5661682037e-17 -4.8328386768e+02 -2.3580651283e+03 -5.0463113540e+11 9.1973047596e+06 7.3488011534e+07 1.0867372083e+00 1.0026662892e+02 -2.0514733324e+09
1.5938981810e+05 1.8853619790e-13 4.8784171994e-14 -6.0796541658e+06 2.0022251915e+06 2.2136429252e-18 1.5666391434e-17 -4.5210768055e+02 -2.2570824521e+03 -5.0676077058e+11 9.3769602649e+06 7.4374488800e+07 1.0888149083e+00 9.5605922593e+01 -1.8706537566e+09
1.5939090691e+05 1.8853860035e-13 4.8801232361e-14 -6.0801300780e+06 1.9998205537e+06 2.1993220566e-18 1.5671104716e-17 -4.2231046499e+02 -2.1606769797e+03 -5.0870634640e+11 9.5447123697e+06 7.5222083037e+07 1.0912783200e+00 9.1148281704e+01 -1.7056823221e+09
1.5939199819e+05 1.8854099259e-13 4.8818336473e-14 -6.0805752698e+06 1.9975132868e+06 2.1849656913e-18 1.5675823761e-17 -3.9382257690e+02 -2.0686261385e+03 -5.1048433856e+11 9.7011232046e+06 7.6032697325e+07 1.0940694511e+00 8.6889448472e+01 -1.5552456943e+09
1.5939309226e+05 1.8854337522e-13 4.8835489499e-14 -6.0809911185e+06 1.9952985439e+06 2.1705695867e-18 1.5680550182e-17 -3.6657882511e+02 -1.9807201870e+03 -5.1210968033e+11 9.8467215581e+06 7.6808124099e+07 1.0971362164e+00 8.2824496344e+01 -1.4181235991e+09
1.5939418939e+05 1.8854574871e-13 4.8852695796e-14 -6.0813788969e+06 1.9931718558e+06 2.1561301786e-18 1.5685285354e-17 -3.4051808073e+02 -1.8967611279e+03 -5.1359591996e+11 9.9820057401e+06 7.7550054544e+07 1.1004318585e+00 7.8947985943e+01 -1.2931853567e+09
1.5939528983e+05 1.8854811341e-13 4.8869958995e-14 -6.0817397864e+06 1.9911290856e+06 2.1416445119e-18 1.5690030438e-17 -3.1558293278e+02 -1.8165617489e+03 -5.1495535987e+11 1.0107446096e+07 7.8260086908e+07 1.1039135879e+00 7.5254096084e+01 -1.1793858165e+09
1.5939639374e+05 1.8855046958e-13 4.8887282058e-14 -6.0820748878e+06 1.9891663921e+06 2.1271101895e-18 1.5694786402e-17 -2.9171940254e+02 -1.7399448324e+03 -5.1619917878e+11 1.0223487130e+07 7.8939733318e+07 1.1075433137e+00 7.1736736557e+01 -1.0757610006e+09
1.5939750128e+05 1.8855281737e-13 4.8904667355e-14 -6.0823852310e+06 1.9872801954e+06 2.1125253111e-18 1.5699554043e-17 -2.6887666461e+02 -1.6667423731e+03 -5.1733754181e+11 1.0330549508e+07 7.9590426571e+07 1.1112860672e+00 6.8389639026e+01 -9.8142340957e+08
1.5939861257e+05 1.8855515686e-13 4.8922116706e-14 -6.0826717832e+06 1.9854671501e+06 2.0978884326e-18 1.5704333996e-17 -2.4700682412e+02 -1.5967949609e+03 -5.1837969722e+11 1.0429031714e+07 8.0213525459e+07 1.1151101569e+00 6.5206436720e+01 -8.9555736794e+08
1.5939972768e+05 1.8855748805e-13 4.8939631441e-14 -6.0829354557e+06 1.9837241200e+06 2.0831985239e-18 1.5709126758e-17 -2.2606470716e+02 -1.5299511963e+03 -5.1933406341e+11 1.0519311574e+07 8.0810319831e+07 1.1189868206e+00 6.2180729374e+01 -8.1741432585e+08
1.5940084667e+05 1.8855981087e-13 4.8957212436e-14 -6.0831771102e+06 1.9820481577e+06 2.0684549306e-18 1.5713932693e-17 -2.0600767418e+02 -1.4660671693e+03 -5.2020830684e+11 1.0601747615e+07 8.1382035101e+07 1.1228898639e+00 5.9306137269e+01 -7.4630825161e+08
1.5940196956e+05 1.8856212521e-13 4.8974860158e-14 -6.0833975641e+06 1.9804364860e+06 2.0536573406e-18 1.5718752047e-17 -1.8679545393e+02 -1.4050059951e+03 -5.2100941192e+11 1.0676680280e+07 8.1929836266e+07 1.1267956973e+00 5.6576345988e+01 -6.8161116712e+08
1.5940309635e+05 1.8856443089e-13 4.8992574704e-14 -6.0835975948e+06 1.9788864820e+06 2.0388057504e-18 1.5723584963e-17 -1.6838998903e+02 -1.3466373804e+03 -5.2174374397e+11 1.0744433035e+07 8.2454831664e+07 1.1306827015e+00 5.3985142358e+01 -6.2274884123e+08
1.5940422703e+05 1.8856672771e-13 4.9010355829e-14 -6.0837779441e+06 1.9773956628e+06 2.0239004393e-18 1.5728431484e-17 -1.5075530322e+02 -1.2908372512e+03 -5.2241710577e+11 1.0805313346e+07 8.2958076186e+07 1.1345314618e+00 5.1526444427e+01 -5.6919670716e+08
1.5940536157e+05 1.8856901540e-13 4.9028202987e-14 -6.0839393217e+06 1.9759616742e+06 2.0089419407e-18 1.5733291567e-17 -1.3385737392e+02 -1.2374873924e+03 -5.2303478876e+11 1.0859613592e+07 8.3440574405e+07 1.1383248141e+00 4.9194324414e+01 -5.2047597067e+08
1.5940649989e+05 1.8857129369e-13 4.9046115357e-14 -6.0840824077e+06 1.9745822784e+06 1.9939310127e-18 1.5738165093e-17 -1.1766401351e+02 -1.1864751098e+03 -5.2360161951e+11 1.0907611893e+07 8.3903283505e+07 1.1420471406e+00 4.6983026211e+01 -4.7614993855e+08
1.5940764194e+05 1.8857356225e-13 4.9064091874e-14 -6.0842078562e+06 1.9732553459e+06 1.9788686182e-18 1.5743051871e-17 -1.0214476912e+02 -1.1376929451e+03 -5.2412200128e+11 1.0949572850e+07 8.4347115743e+07 1.1456846160e+00 4.4886979693e+01 -4.3582059988e+08
1.5940878762e+05 1.8857582075e-13 4.9082131254e-14 -6.0843162967e+06 1.9719788467e+06 1.9637559010e-18 1.5747951649e-17 -8.7270825264e+01 -1.0910383968e+03 -5.2459995203e+11 1.0985748226e+07 8.4772940874e+07 1.1492250029e+00 4.2900810438e+01 -3.9912541557e+08
1.5940993685e+05 1.8857806884e-13 4.9100232016e-14 -6.0844083369e+06 1.9707508428e+06 1.9485941656e-18 1.5752864118e-17 -7.3014915654e+01 -1.0464136647e+03 -5.2503913874e+11 1.1016377574e+07 8.5181588361e+07 1.1526579600e+00 4.1019346447e+01 -3.6573433374e+08
1.5941108951e+05 1.8858030614e-13 4.9118392519e-14 -6.0844845638e+06 1.9695694819e+06 1.9333848518e-18 1.5757788923e-17 -5.9351237228e+01 -1.0037253987e+03 -5.2544290873e+11 1.1041688818e+07 8.5573849560e+07 1.1559745952e+00 3.9237621490e+01 -3.3534700919e+08
1.5941224548e+05 1.8858253226e-13 4.9136610976e-14 -6.0845455459e+06 1.9684329913e+06 1.9181295162e-18 1.5762725670e-17 -4.6255375503e+01 -9.6288447943e+02 -5.2581431793e+11 1.1061898779e+07 8.5950479624e+07 1.1591674431e+00 3.7550876837e+01 -3.0769024261e+08
1.5941340465e+05 1.8858474683e-13 4.9154885483e-14 -6.0845918344e+06 1.9673396727e+06 1.9028298134e-18 1.5767673927e-17 -3.3704234897e+01 -9.2380581123e+02 -5.2615615659e+11 1.1077213649e+07 8.6312199297e+07 1.0803883321e+00 3.5954560934e+01 -2.8251561423e+08
1.5941437062e+05 1.8858657876e-13 4.9170118640e-14 -6.0846195147e+06 1.9664624684e+06 1.8900783647e-18 1.5771795937e-17 -2.3669160633e+01 -8.9260194522e+02 -5.2641966136e+11 1.1086360129e+07 8.6602048799e+07 9.7884961415e-01 3.4693220714e+01 -2.6331403479e+08
1.5941523328e+05 1.8858820433e-13 4.9183725826e-14 -6.0846361816e+06 1.9657041171e+06 1.8786895362e-18 1.5775475925e-17 -1.5020160449e+01 -8.6573388677e+02 -5.2663987220e+11 1.1091862546e+07 8.6852404187e+07 8.7829280698e-01 3.3617232713e+01 -2.4741763822e+08
1.5941597363e+05 1.8858959160e-13 4.9195406420e-14 -6.0846446254e+06 1.9650714773e+06 1.8689143835e-18 1.5778633376e-17 -7.8244969186e+00 -8.4339629719e+02 -5.2681827380e+11 1.1094648474e+07 8.7061129993e+07 7.6728456531e-01 3.2730184179e+01 -2.3464848460e+08
1.5941650965e+05 1.8859059148e-13 4.9203864734e-14 -6.0846474527e+06 1.9646236396e+06 1.8618365459e-18 1.5780918943e-17 -2.7419914908e+00 -8.2762581223e+02 -5.2694168248e+11 1.1095580925e+07 8.7208828522e+07 6.4012878315e-01 3.2108218841e+01 -2.2587676058e+08
1.5941714978e+05 1.8859178059e-13 4.9213967427e-14 -6.0846473011e+06 1.9640997675e+06 1.8533834599e-18 1.5783647927e-17 3.1911694330e+00 -8.0922186497e+02 -5.2708304969e+11 1.1095530963e+07 8.7381559570e+07 6.4715669699e-01 3.1387078000e+01 -2.1589411195e+08
1.5941779694e+05 1.8859297726e-13 4.9224182814e-14 -6.0846433348e+06 1.9635819699e+06 1.8448369218e-18 1.5786406351e-17 9.0420406655e+00 -7.9107780889e+02 -5.2721964150e+11 1.1094223442e+07 8.7552257355e+07 7.6283160577e-01 3.0681255922e+01 -2.0631919204e+08
1.5941855977e+05 1.8859438072e-13 4.9236226423e-14 -6.0846338648e+06 1.9629864869e+06 1.8347619200e-18 1.5789657173e-17 1.5753364974e+01 -7.7026838682e+02 -5.2737292165e+11 1.1091101788e+07 8.7748551351e+07 8.3543752224e-01 2.9878306928e+01 -1.9566258748e+08
1.5941939521e+05 1.8859590894e-13 4.9249419182e-14 -6.0846177110e+06 1.9623522557e+06 1.8237269672e-18 1.5793216627e-17 2.2879876232e+01 -7.4817112742e+02 -5.2753176506e+11 1.1085776396e+07 8.7957635115e+07 8.8703293692e-01 2.9033714941e+01 -1.8472490856e+08
1.5942028224e+05 1.8859752144e-13 4.9263429961e-14 -6.0845941512e+06 1.9616987276e+06 1.8120093594e-18 1.5796995052e-17 3.0198519713e+01 -7.2547214832e+02 -5.2769076081e+11 1.1078007312e+07 8.8173141188e+07 9.2623643891e-01 2.8175230512e+01 -1.7389339185e+08
1.5942120847e+05 1.8859919413e-13 4.9278063541e-14 -6.0845627428e+06 1.9610374350e+06 1.7997726243e-18 1.5800939568e-17 3.7576761862e+01 -7.0257525721e+02 -5.2784689788e+11 1.1067644588e+07 8.8391321412e+07 9.5738626296e-01 2.7319160024e+01 -1.6338019029e+08
1.5942216586e+05 1.8860091115e-13 4.9293193094e-14 -6.0845232260e+06 1.9603757973e+06 1.7871230302e-18 1.5805015818e-17 4.4929118675e+01 -6.7973716824e+02 -5.2799843114e+11 1.1054596245e+07 8.8609788533e+07 9.8296977844e-01 2.6475803423e+01 -1.5330478957e+08
1.5942314883e+05 1.8860266145e-13 4.9308731004e-14 -6.0844754667e+06 1.9597188164e+06 1.7741340180e-18 1.5809200065e-17 5.2197727640e+01 -6.5712800635e+02 -5.2814435887e+11 1.1038809040e+07 8.8826954735e+07 1.0045387209e+00 2.5651908671e+01 -1.4373230820e+08
1.5942415337e+05 1.8860443697e-13 4.9324614105e-14 -6.0844194200e+06 1.9590699585e+06 1.7608585511e-18 1.5813475202e-17 5.9342215644e+01 -6.3486289690e+02 -5.2828414352e+11 1.1020256100e+07 8.9041739285e+07 1.0231209681e+00 2.4851963000e+01 -1.3469409879e+08
1.5942517649e+05 1.8860623163e-13 4.9340795430e-14 -6.0843551050e+06 1.9584316610e+06 1.7473360291e-18 1.5817828512e-17 6.6333859956e+01 -6.1302018757e+02 -5.2841754793e+11 1.0998928576e+07 8.9253400281e+07 1.0394299786e+00 2.4078942353e+01 -1.2619987446e+08
1.5942621592e+05 1.8860804072e-13 4.9357239253e-14 -6.0842825876e+06 1.9578056447e+06 1.7335964377e-18 1.5822250326e-17 7.3151985258e+01 -5.9165270015e+02 -5.2854453329e+11 1.0974829800e+07 8.9461430993e+07 1.0539798713e+00 2.3334776346e+01 -1.1824527724e+08
1.5942726990e+05 1.8860986055e-13 4.9373917949e-14 -6.0842019684e+06 1.9571931163e+06 1.7196629782e-18 1.5826733170e-17 7.9781619831e+01 -5.7079505330e+02 -5.2866519272e+11 1.0947971074e+07 8.9665492537e+07 1.0671535162e+00 2.2620651665e+01 -1.1081680220e+08
1.5942833705e+05 1.8861168817e-13 4.9390809925e-14 -6.0841133733e+06 1.9565949053e+06 1.7055538002e-18 1.5831271208e-17 8.6211911167e+01 -5.5046861342e+02 -5.2877970664e+11 1.0918368540e+07 8.9865368438e+07 1.0792452631e+00 2.1937217329e+01 -1.0389509108e+08
1.5942941630e+05 1.8861352118e-13 4.9407898225e-14 -6.0840169464e+06 1.9560115586e+06 1.6912831689e-18 1.5835859859e-17 9.2435023609e+01 -5.3068493859e+02 -5.2888831224e+11 1.0886040785e+07 9.0060933100e+07 1.0904877195e+00 2.1284727281e+01 -9.7457175956e+07
1.5943050679e+05 1.8861535764e-13 4.9425169564e-14 -6.0839128451e+06 1.9554434091e+06 1.6768622796e-18 1.5840495537e-17 9.8445346654e+01 -5.1144825080e+02 -5.2899128206e+11 1.0851006980e+07 9.0252129215e+07 1.1010706643e+00 2.0663142190e+01 -9.1478032158e+07
1.5943160786e+05 1.8861719597e-13 4.9442613645e-14 -6.0838012352e+06 1.9548906244e+06 1.6622998226e-18 1.5845175464e-17 1.0423891912e+02 -4.9275723240e+02 -5.2908890909e+11 1.0813285353e+07 9.0438951397e+07 1.1111535522e+00 2.0072202882e+01 -8.5931655143e+07
1.5943271901e+05 1.8861903487e-13 4.9460222692e-14 -6.0836822879e+06 1.9543532443e+06 1.6476023828e-18 1.5849897543e-17 1.0981299949e+02 -4.7460636471e+02 -5.2918149611e+11 1.0772891926e+07 9.0621434030e+07 1.1208746592e+00 1.9511484340e+01 -8.0791810987e+07
1.5943383989e+05 1.8862087332e-13 4.9477991109e-14 -6.0835561764e+06 1.9538312078e+06 1.6327747188e-18 1.5854660267e-17 1.1516574124e+02 -4.5698693747e+02 -5.2926934818e+11 1.0729839421e+07 9.0799642146e+07 1.1303578533e+00 1.8980435728e+01 -7.6032555471e+07
1.5943497024e+05 1.8862271048e-13 4.9495915263e-14 -6.0834230734e+06 1.9533243750e+06 1.6178199527e-18 1.5859462654e-17 1.2029594418e+02 -4.3988781986e+02 -5.2935276740e+11 1.0684136283e+07 9.0973664501e+07 1.1397186058e+00 1.8478410228e+01 -7.1628588070e+07
1.5943610996e+05 1.8862454575e-13 4.9513993347e-14 -6.0832831486e+06 1.9528325420e+06 1.6027396800e-18 1.5864304216e-17 1.2520286510e+02 -4.2329604375e+02 -5.2943204927e+11 1.0635785722e+07 9.1143608405e+07 1.1490671049e+00 1.8004687042e+01 -6.7555484323e+07
1.5943725903e+05 1.8862637867e-13 4.9532225301e-14 -6.0831365663e+06 1.9523554548e+06 1.5875340390e-18 1.5869184931e-17 1.2988606484e+02 -4.0719727195e+02 -5.2950748028e+11 1.0584784832e+07 9.1309595599e+07 1.1585132595e+00 1.7558488290e+01 -6.3789846799e+07
1.5943841754e+05 1.8862820897e-13 4.9550612813e-14 -6.0829834834e+06 1.9518928178e+06 1.5722017136e-18 1.5874105247e-17 1.3434529269e+02 -3.9157614479e+02 -5.2957933633e+11 1.0531123621e+07 9.1471759307e+07 1.1681690567e+00 1.7138991072e+01 -6.0309388522e+07
1.5943958571e+05 1.8863003653e-13 4.9569159349e-14 -6.0828240465e+06 1.9514443016e+06 1.5567399049e-18 1.5879066086e-17 1.3858039028e+02 -3.7641656178e+02 -5.2964788189e+11 1.0474784030e+07 9.1630241888e+07 1.1781524771e+00 1.6745336702e+01 -5.7092974569e+07
1.5944076386e+05 1.8863186142e-13 4.9587870257e-14 -6.0826583895e+06 1.9510095489e+06 1.5411442516e-18 1.5884068869e-17 1.4259121592e+02 -3.6170189058e+02 -5.2971336964e+11 1.0415738806e+07 9.1785193213e+07 1.1885911425e+00 1.6376637184e+01 -5.4120628466e+07
1.5944195246e+05 1.8863368386e-13 4.9606752920e-14 -6.0824866310e+06 1.9505881781e+06 1.5254087008e-18 1.5889115561e-17 1.4637758251e+02 -3.4741512157e+02 -5.2977604048e+11 1.0353950212e+07 9.1936769595e+07 1.1996252795e+00 1.6031979714e+01 -5.1373514483e+07
1.5944315208e+05 1.8863550426e-13 4.9625816960e-14 -6.0823088706e+06 1.9501797866e+06 1.5095253409e-18 1.5894208721e-17 1.4993920178e+02 -3.3353898828e+02 -5.2983612386e+11 1.0289368551e+07 9.2085133081e+07 1.2070084546e+00 1.5710429954e+01 -4.8833904858e+07
1.5944435909e+05 1.8863731662e-13 4.9645004496e-14 -6.0821258603e+06 1.9497853622e+06 1.4935424904e-18 1.5899332881e-17 1.5326397392e+02 -3.2010412407e+02 -5.2989363360e+11 1.0222179531e+07 9.2229930912e+07 1.2089312543e+00 1.5412078138e+01 -4.6493304325e+07
1.5944556802e+05 1.8863911253e-13 4.9664228799e-14 -6.0819386908e+06 1.9494062558e+06 1.4775324527e-18 1.5904464896e-17 1.5633847050e+02 -3.0715464470e+02 -5.2994852336e+11 1.0152700807e+07 9.2370649879e+07 1.2110740960e+00 1.5137090293e+01 -4.4344870943e+07
1.5944677909e+05 1.8864089222e-13 4.9683493397e-14 -6.0817476156e+06 1.9490418772e+06 1.4614923241e-18 1.5909605736e-17 1.5916648009e+02 -2.9466943415e+02 -5.3000101584e+11 1.0080947241e+07 9.2507475265e+07 1.2133933670e+00 1.4884085776e+01 -4.2370922450e+07
1.5944799249e+05 1.8864265583e-13 4.9702801132e-14 -6.0815528908e+06 1.9486916784e+06 1.4454197776e-18 1.5914756185e-17 1.6175151431e+02 -2.8262945857e+02 -5.3005131135e+11 1.0006934783e+07 9.2640573541e+07 1.2158893208e+00 1.4651724382e+01 -4.0555391075e+07
1.5944920838e+05 1.8864440351e-13 4.9722154852e-14 -6.0813547683e+06 1.9483551369e+06 1.4293124818e-18 1.5919917027e-17 1.6409700842e+02 -2.7101718323e+02 -5.3009959163e+11 9.9306787130e+06 9.2770098430e+07 1.2185535122e+00 1.4438691496e+01 -3.8883588527e+07
1.5945042693e+05 1.8864613537e-13 4.9741557274e-14 -6.0811534979e+06 1.9480317558e+06 1.4131682169e-18 1.5925089008e-17 1.6620638179e+02 -2.5981656651e+02 -5.3014602122e+11 9.8521948367e+06 9.2896190743e+07 1.2213664144e+00 1.4243696914e+01 -3.7342087629e+07
1.5945164830e+05 1.8864785148e-13 4.9761010808e-14 -6.0809493289e+06 1.9477210645e+06 1.3969850211e-18 1.5930272791e-17 1.6808310360e+02 -2.4901305644e+02 -5.3019074854e+11 9.7715009266e+06 9.3018978127e+07 1.2242954610e+00 1.4065474373e+01 -3.5918617101e+07
1.5945287259e+05 1.8864955188e-13 4.9780517350e-14 -6.0807425134e+06 1.9474226183e+06 1.3807613636e-18 1.5935468897e-17 1.6973076575e+02 -2.3859358229e+02 -5.3023390687e+11 9.6886183725e+06 9.3138574802e+07 1.2272933578e+00 1.3902781707e+01 -3.4601967636e+07
1.5945409989e+05 1.8865123649e-13 4.9800078041e-14 -6.0805333079e+06 1.9471359994e+06 1.3644963405e-18 1.5940677647e-17 1.7115316354e+02 -2.2854653607e+02 -5.3027561525e+11 9.6035740355e+06 9.3255081353e+07 1.2302948567e+00 1.3754401645e+01 -3.3381908135e+07
1.5945533018e+05 1.8865290520e-13 4.9819692987e-14 -6.0803219773e+06 1.9468608164e+06 1.3481899124e-18 1.5945899085e-17 1.7235438240e+02 -2.1886175390e+02 -5.3031597923e+11 9.5164024075e+06 9.3368584426e+07 1.2332158640e+00 1.3619143511e+01 -3.2249112848e+07
1.5945656340e+05 1.8865455773e-13 4.9839360950e-14 -6.0801087979e+06 1.9465967045e+06 1.3318431555e-18 1.5951132894e-17 1.7333889292e+02 -2.0953047506e+02 -5.3035509150e+11 9.4271479142e+06 9.3479156603e+07 1.2359517583e+00 1.3495845574e+01 -3.1195096189e+07
1.5945779935e+05 1.8865619369e-13 4.9859079022e-14 -6.0798940601e+06 1.9463433248e+06 1.3154585334e-18 1.5956378313e-17 1.7411165109e+02 -2.0054528492e+02 -5.3039303253e+11 9.3358673960e+06 9.3586856366e+07 1.2383786722e+00 1.3383378280e+01 -3.0212155701e+07
1.5945903773e+05 1.8865781256e-13 4.9878842315e-14 -6.0796780721e+06 1.9461003633e+06 1.2990401539e-18 1.5961634057e-17 1.7467820251e+02 -1.9190002055e+02 -5.3042987124e+11 9.2426325204e+06 9.3691728411e+07 1.2403548011e+00 1.3280648157e+01 -2.9293320362e+07
1.5946027808e+05 1.8865941364e-13 4.9898643669e-14 -6.0794611614e+06 1.9458675287e+06 1.2825940066e-18 1.5966898233e-17 1.7504478409e+02 -1.8358964455e+02 -5.3046566557e+11 9.1475320722e+06 9.3793804266e+07 1.2417248548e+00 1.3186602562e+01 -2.8432304385e+07
1.5946151981e+05 1.8866099604e-13 4.9918473436e-14 -6.0792436765e+06 1.9456445498e+06 1.2661281434e-18 1.5972168290e-17 1.7521841731e+02 -1.7561007264e+02 -5.3050046330e+11 9.0506738193e+06 9.3893103413e+07 1.2423276096e+00 1.3100235062e+01 -2.7623464166e+07
1.5946276213e+05 1.8866255875e-13 4.9938319376e-14 -6.0790259862e+06 1.9454311716e+06 1.2496527574e-18 1.5977440994e-17 1.7520698350e+02 -1.6795794830e+02 -5.3053430290e+11 8.9521856269e+06 9.3989635054e+07 1.2420060091e+00 1.3020591258e+01 -2.6861756590e+07
1.5946400414e+05 1.8866410060e-13 4.9958166728e-14 -6.0788084769e+06 1.9452271502e+06 1.2331801290e-18 1.5982712438e-17 1.7501926962e+02 -1.6063036638e+02 -5.3056721467e+11 8.8522155221e+06 9.4083400564e+07 1.2406180230e+00 1.2946774824e+01 -2.6142697403e+07
1.5946524476e+05 1.8866562030e-13 4.9977998435e-14 -6.0785915479e+06 1.9450322470e+06 1.2167244270e-18 1.5987978113e-17 1.7466497307e+02 -1.5362456231e+02 -5.3059922203e+11 8.7509305492e+06 9.4174396514e+07 1.2380512653e+00 1.2877953473e+01 -2.5462319225e+07
1.5946648281e+05 1.8866711650e-13 4.9997795625e-14 -6.0783756039e+06 1.9448462223e+06 1.2003013162e-18 1.5993233033e-17 1.7415465558e+02 -1.4693756715e+02 -5.3063034300e+11 8.6485140328e+06 9.4262618352e+07 1.2342336873e+00 1.2813364253e+01 -2.4817126847e+07
1.5946771704e+05 1.8866858785e-13 5.0017538245e-14 -6.0781610461e+06 1.9446688290e+06 1.1839274224e-18 1.5998471900e-17 1.7349964082e+02 -1.4056587300e+02 -5.3066059187e+11 8.5451615134e+06 9.4348064269e+07 1.2291434865e+00 1.2752317895e+01 -2.4204051558e+07
1.5946894619e+05 1.8867003304e-13 5.0037205869e-14 -6.0779482609e+06 1.9444998068e+06 1.1676196660e-18 1.6003689326e-17 1.7271185645e+02 -1.3450512758e+02 -5.3068998082e+11 8.4410754253e+06 9.4430739070e+07 1.2228126845e+00 1.2694201634e+01 -2.3620403964e+07
1.5947016900e+05 1.8867145090e-13 5.0056778556e-14 -6.0777376098e+06 1.9443388785e+06 1.1513945478e-18 1.6008880053e-17 1.7180363032e+02 -1.2874989808e+02 -5.3071852152e+11 8.3364590970e+06 9.4510657544e+07 1.2153270167e+00 1.2638480259e+01 -2.3063827398e+07
1.5947138433e+05 1.8867284042e-13 5.0076237716e-14 -6.0775294187e+06 1.9441857472e+06 1.1352674352e-18 1.6014039188e-17 1.7078745536e+02 -1.2329351900e+02 -5.3074622652e+11 8.2315104936e+06 9.4587847118e+07 1.2068164998e+00 1.2584695118e+01 -2.2532252523e+07
1.5947259114e+05 1.8867420082e-13 5.0095566814e-14 -6.0773239706e+06 1.9440400963e+06 1.1192519744e-18 1.6019162385e-17 1.6967574665e+02 -1.1812805421e+02 -5.3077311018e+11 8.1264166375e+06 9.4662349303e+07 1.1974468035e+00 1.2532461281e+01 -2.2023856391e+07
1.5947378859e+05 1.8867553155e-13 5.0114751952e-14 -6.0771214998e+06 1.9439015919e+06 1.1033596157e-18 1.6024246002e-17 1.6848060787e+02 -1.1324434734e+02 -5.3079918941e+11 8.0213487917e+06 9.4734220174e+07 1.1874028082e+00 1.2481462861e+01 -2.1537024805e+07
1.5947497599e+05 1.8867683232e-13 5.0133782180e-14 -6.0769221900e+06 1.9437698859e+06 1.0875993578e-18 1.6029287180e-17 1.6721362987e+02 -1.0863216982e+02 -5.3082448393e+11 7.9164592184e+06 9.4803529595e+07 1.1768771532e+00 1.2431447110e+01 -2.1070321048e+07
1.5947615287e+05 1.8867810310e-13 5.0152649622e-14 -6.0767261748e+06 1.9436446210e+06 1.0719776434e-18 1.6034283874e-17 1.6588572916e+02 -1.0428041983e+02 -5.3084901618e+11 7.8118791844e+06 9.4870359729e+07 1.1660566469e+00 1.2382217546e+01 -2.0622458830e+07
1.5947731893e+05 1.8867934407e-13 5.0171349392e-14 -6.0765335408e+06 1.9435254362e+06 1.0564984360e-18 1.6039234834e-17 1.6450703522e+02 -1.0017736052e+02 -5.3087281105e+11 7.7077184589e+06 9.4934802866e+07 1.1551144514e+00 1.2333626714e+01 -2.0192280632e+07
1.5947847404e+05 1.8868055559e-13 5.0189879377e-14 -6.0763443317e+06 1.9434119716e+06 1.0411633994e-18 1.6044139542e-17 1.6308682291e+02 -9.6310859748e+01 -5.3089589543e+11 7.6040658158e+06 9.4996959038e+07 1.1442031167e+00 1.2285568900e+01 -1.9778739585e+07
1.5947961824e+05 1.8868173820e-13 5.0208239911e-14 -6.0761585546e+06 1.9433038737e+06 1.0259721712e-18 1.6048998128e-17 1.6163348724e+02 -9.2668619790e+01 -5.3091829762e+11 7.5009904479e+06 9.5056933552e+07 1.1334526160e+00 1.2237973194e+01 -1.9380885006e+07
1.5948075170e+05 1.8868289256e-13 5.0226433417e-14 -6.0759761855e+06 1.9432007986e+06 1.0109226616e-18 1.6053811273e-17 1.6015455030e+02 -8.9238376165e+01 -5.3094004684e+11 7.3985438126e+06 9.5114834722e+07 1.1229688492e+00 1.2190797062e+01 -1.8997850113e+07
1.5948187467e+05 1.8868401942e-13 5.0244464025e-14 -6.0757971751e+06 1.9431024159e+06 9.9601137255e-19 1.6058580106e-17 1.5865669418e+02 -8.6008065012e+01 -5.3096117268e+11 7.2967618174e+06 9.5170771840e+07 1.1128359129e+00 1.2144020624e+01 -1.8628842024e+07
1.5948298750e+05 1.8868511960e-13 5.0262337219e-14 -6.0756214547e+06 1.9430084101e+06 9.8123368694e-19 1.6063306115e-17 1.5714580929e+02 -8.2965950839e+01 -5.3098170469e+11 7.1956669574e+06 9.5224853538e+07 1.1031171586e+00 1.2097641609e+01 -1.8273132861e+07
1.5948409062e+05 1.8868619393e-13 5.0280059512e-14 -6.0754489405e+06 1.9429184827e+06 9.6658414388e-19 1.6067991056e-17 1.5562705416e+02 -8.0100723408e+01 -5.3100167201e+11 7.0952704677e+06 9.5277186438e+07 1.0938584498e+00 1.2051671085e+01 -1.7930052425e+07
1.5948518448e+05 1.8868724329e-13 5.0297638161e-14 -6.0752795377e+06 1.9428323528e+06 9.5205667077e-19 1.6072636879e-17 1.5410491928e+02 -7.7401562664e+01 -5.3102110306e+11 6.9955742518e+06 9.5327874160e+07 1.0850912858e+00 1.2006129852e+01 -1.7598981617e+07
1.5948626957e+05 1.8868826854e-13 5.0315080939e-14 -6.0751131445e+06 1.9427497568e+06 9.3764477404e-19 1.6077245669e-17 1.5258329132e+02 -7.4858177821e+01 -5.3104002536e+11 6.8965725668e+06 9.5377016623e+07 1.0768341810e+00 1.1961045437e+01 -1.7279346589e+07
1.5948734640e+05 1.8868927053e-13 5.0332395930e-14 -6.0749496543e+06 1.9426704488e+06 9.2334171159e-19 1.6081819588e-17 1.5106551738e+02 -7.2460829416e+01 -5.3105846537e+11 6.7982535994e+06 9.5424709528e+07 1.0690972477e+00 1.1916449706e+01 -1.6970613986e+07
1.5948734640e+05 1.8868927053e-13 5.0332395930e-14 -6.0749496543e+06 1.9426704488e+06 9.2334171159e-19 1.6081819588e-17 1.5106551738e+02 -7.2460829416e+01 -5.3105846537e+11 6.7982535994e+06 9.5424709528e+07 1.0690972477e+00 1.1916449706e+01 -1.6970613986e+07
