0.0000000000e+00 0.0000000000e+00 0.0000000000e+00 3.1415900000e+08 0.0000000000e+00 0.0000000000e+00 0.0000000000e+00 -1.1784984552e+03 2.2614462446e+02 -4.6638893045e+09 -1.0017236869e+07 1.9222293079e+06 1.0000000000e+01 0.0000000000e+00 -0.0000000000e+00
1.0000000000e+01 2.8740014438e-22 6.8962987489e-28 3.1414721481e+08 2.2614462441e+03 5.7480747656e-23 2.0689284317e-28 -1.1785388405e+03 2.2614462431e+02 -4.6638893045e+09 -1.0017236869e+07 1.9222293079e+06 5.0000000000e+01 0.0000000000e+00 -0.0000000000e+00
6.0000000000e+01 1.0347699235e-20 1.4900197565e-25 3.1408828282e+08 1.3568677363e+04 3.4494919328e-22 7.4509374655e-27 -1.1787408124e+03 2.2614461922e+02 -4.6638893045e+09 -1.0017236869e+07 1.9222293079e+06 2.5000000000e+02 0.0000000000e+00 -0.0000000000e+00
3.1000000000e+02 2.7639898817e-19 2.0579502322e-23 3.1379347128e+08 7.0104819122e+04 1.7839115283e-21 1.9927245929e-25 -1.1797518104e+03 2.2614448445e+02 -4.6638893045e+09 -1.0017236869e+07 1.9222293079e+06 1.2500000000e+03 0.0000000000e+00 -0.0000000000e+00
1.5600000000e+03 7.0214359100e-18 2.6411488182e-21 3.1231560923e+08 3.5278375851e+05 9.0195312726e-21 5.0941147945e-24 -1.1848354717e+03 2.2614104539e+02 -4.6638893045e+09 -1.0017236869e+07 1.9222293079e+06 3.6000000000e+03 0.0000000000e+00 -0.0000000000e+00
5.1600000000e+03 7.7526385657e-17 9.7570747607e-20 3.0802347884e+08 1.1668377101e+06 3.0247735880e-20 5.7291205828e-23 -1.1997501585e+03 2.2610437233e+02 -4.6638893044e+09 -1.0017236869e+07 1.9222293079e+06 3.6000000000e+03 0.0000000000e+00 -0.0000000000e+00
8.7600000000e+03 2.2552884642e-16 4.8753617097e-19 3.0367689962e+08 1.9806843730e+06 5.2079119653e-20 1.6983709206e-22 -1.2150886319e+03 2.2602529891e+02 -4.6638893043e+09 -1.0017236869e+07 1.9222293079e+06 3.6000000000e+03 0.0000000000e+00 -0.0000000000e+00
1.2360000000e+04 4.5326030704e-16 1.3991123611e-18 2.9927430373e+08 2.7941645584e+06 7.4547481560e-20 3.4799745892e-22 -1.2308746387e+03 2.2590012553e+02 -4.6638893041e+09 -1.0017236869e+07 1.9222293079e+06 3.6000000000e+03 0.0000000000e+00 -0.0000000000e+00
1.5960000000e+04 7.6307886707e-16 3.0788247711e-18 2.9481403442e+08 3.6071050602e+06 9.7689410020e-20 5.9760177803e-22 -1.2471338854e+03 2.2572475648e+02 -4.6638893040e+09 -1.0017236869e+07 1.9222293079e+06 3.6000000000e+03 0.0000000000e+00 -0.0000000000e+00
1.9560000000e+04 1.1574798213e-15 5.7953099800e-18 2.9029433851e+08 4.4193171377e+06 1.2154459091e-19 9.2511790483e-22 -1.2638942548e+03 2.2549464750e+02 -4.6638893038e+09 -1.0017236869e+07 1.9222293079e+06 3.6000000000e+03 0.0000000000e+00 -0.0000000000e+00
2.3160000000e+04 1.6391074286e-15 9.8417657945e-18 2.8571335818e+08 5.2305947935e+06 1.4615615856e-19 1.3377386510e-21 -1.2811860527e+03 2.2520474502e+02 -4.6638893036e+09 -1.0017236869e+07 1.9222293079e+06 3.6000000000e+03 0.0000000000e+00 -0.0000000000e+00
2.6760000000e+04 2.2107680322e-15 1.5538737925e-17 2.8106912173e+08 6.0407128160e+06 1.7157109716e-19 1.8434826182e-21 -1.2990422895e+03 2.2484941526e+02 -4.6638893034e+09 -1.0017236869e+07 1.9222293079e+06 3.6000000000e+03 0.0000000000e+00 -0.0000000000e+00
3.0360000000e+04 2.8754447292e-15 2.3237299442e-17 2.7635953326e+08 6.8494245453e+06 1.9784070122e-19 2.4513120900e-21 -1.3174990043e+03 2.2442236142e+02 -4.6638893032e+09 -1.0017236869e+07 1.9222293079e+06 3.6000000000e+03 0.0000000000e+00 -0.0000000000e+00
3.3960000000e+04 3.6363138193e-15 3.3322690394e-17 2.7158236115e+08 7.6564593163e+06 2.2502110595e-19 3.1712714224e-21 -1.3365956369e+03 2.2391652646e+02 -4.6638893029e+09 -1.0017236869e+07 1.9222293079e+06 3.6000000000e+03 0.0000000000e+00 -0.0000000000e+00
3.7560000000e+04 4.4967633081e-15 4.6218498770e-17 2.6673522503e+08 8.4615195210e+06 2.5317390031e-19 4.0146501857e-21 -1.3563754590e+03 2.2332397847e+02 -4.6638893025e+09 -1.0017236869e+07 1.9222293079e+06 3.6000000000e+03 0.0000000000e+00 -0.0000000000e+00
4.1160000000e+04 5.4604137891e-15 6.2391481077e-17 2.6181558110e+08 9.2642772220e+06 2.8236683870e-19 4.9941763464e-21 -1.3768860741e+03 2.2263577491e+02 -4.6638893021e+09 -1.0017236869e+07 1.9222293079e+06 3.6000000000e+03 0.0000000000e+00 -0.0000000000e+00
4.4760000000e+04 6.5311420941e-15 8.2357142134e-17 2.5682070555e+08 1.0064370231e+07 3.1267467057e-19 6.1242461054e-21 -1.3981800002e+03 2.2184180119e+02 -4.6638893016e+09 -1.0017236869e+07 1.9222293079e+06 3.6000000000e+03 0.0000000000e+00 -0.0000000000e+00
4.8360000000e+04 7.7131081773e-15 1.0668622046e-16 2.5174767565e+08 1.0861397555e+07 3.4418011201e-19 7.4211987232e-21 -1.4203153527e+03 2.2093057754e+02 -4.6638893010e+09 -1.0017236869e+07 1.9222293079e+06 3.6000000000e+03 0.0000000000e+00 -0.0000000000e+00
5.1960000000e+04 9.0107857969e-15 1.3601225944e-16 2.4659334818e+08 1.1654914073e+07 3.7697498908e-19 8.9036468911e-21 -1.4433566475e+03 2.1988902690e+02 -4.6638893003e+09 -1.0017236869e+07 1.9222293079e+06 3.6000000000e+03 0.0000000000e+00 -0.0000000000e+00
5.5560000000e+04 1.0428997676e-14 1.7104048756e-16 2.4135433476e+08 1.2444424300e+07 4.1116159026e-19 1.0592876132e-20 -1.4673757513e+03 2.1870219431e+02 -4.6638892994e+09 -1.0017236869e+07 1.9222293079e+06 3.6000000000e+03 0.0000000000e+00 -0.0000000000e+00
5.9160000000e+04 1.1972955977e-14 2.1255828600e-16 2.3602697338e+08 1.3229375032e+07 4.4685427493e-19 1.2513330577e-20 -1.4924530116e+03 2.1735290561e+02 -4.6638892984e+09 -1.0017236869e+07 1.9222293079e+06 3.6000000000e+03 0.0000000000e+00 -0.0000000000e+00
6.2760000000e+04 1.3648309117e-14 2.6144759338e-16 2.3060729554e+08 1.4009146628e+07 4.8418139779e-19 1.4693207617e-20 -1.5186786090e+03 2.1582134964e+02 -4.6638892971e+09 -1.0017236869e+07 1.9222293079e+06 3.6000000000e+03 0.0000000000e+00 -0.0000000000e+00
6.6360000000e+04 1.5461196188e-14 3.1869969011e-16 2.2509098797e+08 1.4783042626e+07 5.2328762542e-19 1.7165190882e-20 -1.5461541845e+03 2.1408456329e+02 -4.6638892954e+09 -1.0017236869e+07 1.9222293079e+06 3.6000000000e+03 0.0000000000e+00 -0.0000000000e+00
6.9960000000e+04 1.7418310571e-14 3.8543292706e-16 2.1947334799e+08 1.5550277287e+07 5.6433674407e-19 1.9967360419e-20 -1.5749948123e+03 2.1211579194e+02 -4.6638892934e+09 -1.0017236869e+07 1.9222293079e+06 3.6000000000e+03 0.0000000000e+00 -0.0000000000e+00
7.3560000000e+04 1.9526974726e-14 4.6291412532e-16 2.1374923092e+08 1.6309960557e+07 6.0751508710e-19 2.3144331978e-20 -1.6053314081e+03 2.0988368909e+02 -4.6638892909e+09 -1.0017236869e+07 1.9222293079e+06 3.6000000000e+03 0.0000000000e+00 -0.0000000000e+00
7.7160000000e+04 2.1795228683e-14 5.5258459135e-16 2.0791298794e+08 1.7061079790e+07 6.5303575182e-19 2.6748695356e-20 -1.6373136916e+03 2.0735130579e+02 -4.6638892876e+09 -1.0017236869e+07 1.9222293079e+06 3.6000000000e+03 0.0000000000e+00 -0.0000000000e+00
8.0760000000e+04 2.4231935469e-14 6.5609198692e-16 2.0195839198e+08 1.7802477360e+07 7.0114383111e-19 3.0842847276e-20 -1.6711138622e+03 2.0447480282e+02 -4.6638892835e+09 -1.0017236869e+07 1.9222293079e+06 3.6000000000e+03 0.0000000000e+00 -0.0000000000e+00
8.4360000000e+04 2.6846907628e-14 7.7532969870e-16 1.9587854887e+08 1.8532822994e+07 7.5212296376e-19 3.5501350720e-20 -1.7069312010e+03 2.0120179310e+02 -4.6638892781e+09 -1.0017236869e+07 1.9222293079e+06 3.6000000000e+03 0.0000000000e+00 -0.0000000000e+00
8.7960000000e+04 2.9651060301e-14 9.1248591614e-16 1.8966578975e+08 1.9250579298e+07 8.0630361752e-19 4.0814005510e-20 -1.7449978909e+03 1.9746918435e+02 -4.6638892709e+09 -1.0017236869e+07 1.9222293079e+06 3.6000000000e+03 0.0000000000e+00 -0.0000000000e+00
9.1560000000e+04 3.2656598075e-14 1.0701054229e-15 1.8331153983e+08 1.9953958334e+07 8.6407367765e-19 4.6889892880e-20 -1.7855864555e+03 1.9320033736e+02 -4.6638892614e+09 -1.0017236869e+07 1.9222293079e+06 3.6000000000e+03 0.0000000000e+00 -0.0000000000e+00
9.5160000000e+04 3.5877245257e-14 1.2511682492e-15 1.7680615657e+08 2.0640866371e+07 9.2589214470e-19 5.3862773862e-20 -1.8290193832e+03 1.8830127322e+02 -4.6638892484e+09 -1.0017236869e+07 1.9222293079e+06 3.6000000000e+03 0.0000000000e+00 -0.0000000000e+00
9.8760000000e+04 3.9328532713e-14 1.4591909979e-15 1.7013872817e+08 2.1308832683e+07 9.9230708822e-19 6.1898400376e-20 -1.8756817412e+03 1.8265553657e+02 -4.6638892305e+09 -1.0017236869e+07 1.9222293079e+06 3.6000000000e+03 0.0000000000e+00 -0.0000000000e+00
1.0236000000e+05 4.3028159404e-14 1.6983591376e-15 1.6329681955e+08 2.1954916610e+07 1.0639795235e-18 7.1204578123e-20 -1.9260379510e+03 1.7611712557e+02 -4.6638892053e+09 -1.0017236869e+07 1.9222293079e+06 3.6000000000e+03 0.0000000000e+00 -0.0000000000e+00
1.0596000000e+05 4.6996454085e-14 1.9737023149e-15 1.5626614795e+08 2.2575584381e+07 1.1417156829e-18 8.2045269038e-20 -1.9806544620e+03 1.6850058367e+02 -4.6638891690e+09 -1.0017236869e+07 1.9222293079e+06 3.6000000000e+03 0.0000000000e+00 -0.0000000000e+00
1.0956000000e+05 5.1256973655e-14 2.2913305967e-15 1.4903016258e+08 2.3166543135e+07 1.2265114314e-18 9.4760759231e-20 -2.0402309573e+03 1.5956682985e+02 -4.6638891154e+09 -1.0017236869e+07 1.9222293079e+06 3.6000000000e+03 0.0000000000e+00 -0.0000000000e+00
1.1316000000e+05 5.5837291599e-14 2.6587588876e-15 1.4156949064e+08 2.3722512988e+07 1.3196146607e-18 1.0979716942e-19 -2.1056441909e+03 1.4900242496e+02 -4.6638890340e+09 -1.0017236869e+07 1.9222293079e+06 3.3298398022e+03 0.0000000000e+00 -0.0000000000e+00
1.1615408066e+05 5.9913570199e-14 3.0089475861e-15 1.3517702582e+08 2.4153569775e+07 1.4045051276e-18 1.2449334926e-19 -2.1652872343e+03 1.3867706189e+02 -4.6638889852e+09 -1.0017236869e+07 1.9222293079e+06 3.0134572617e+03 0.0000000000e+00 -0.0000000000e+00
1.1916753792e+05 6.4284683381e-14 3.4094495035e-15 1.2855457840e+08 2.4553659001e+07 1.4980196953e-18 1.4177790049e-19 -2.2309894694e+03 1.2653313955e+02 -4.6638889098e+09 -1.0017236869e+07 1.9222293079e+06 2.7213757579e+03 0.0000000000e+00 -0.0000000000e+00
1.2161319076e+05 6.8048263750e-14 3.7756410207e-15 1.2302813302e+08 2.4849448392e+07 1.5808793729e-18 1.5805851682e-19 -2.2892057040e+03 1.1509457005e+02 -4.6638888706e+09 -1.0017236869e+07 1.9222293079e+06 2.4622384043e+03 0.0000000000e+00 -0.0000000000e+00
1.2407542917e+05 7.2050912250e-14 4.1875071965e-15 1.1731417512e+08 2.5116898041e+07 1.6716776828e-18 1.7694759089e-19 -2.3529995283e+03 1.0182332883e+02 -4.6638888116e+09 -1.0017236869e+07 1.9222293079e+06 2.2224104375e+03 0.0000000000e+00 -0.0000000000e+00
1.2606943796e+05 7.5462815915e-14 4.5574413107e-15 1.1256707546e+08 2.5307921054e+07 1.7514866418e-18 1.9446217165e-19 -2.4090723639e+03 8.9517790445e+01 -4.6638887820e+09 -1.0017236869e+07 1.9222293079e+06 2.0088973091e+03 0.0000000000e+00 -0.0000000000e+00
1.2787611522e+05 7.8696697769e-14 4.9246417756e-15 1.0816582176e+08 2.5458500678e+07 1.8293812337e-18 2.1238488388e-19 -2.4638001878e+03 7.6925503684e+01 -4.6638887569e+09 -1.0017236869e+07 1.9222293079e+06 1.8206617235e+03 0.0000000000e+00 -0.0000000000e+00
1.2950736104e+05 8.1741751562e-14 5.2856308128e-15 1.0410398210e+08 2.5573771502e+07 1.9049027769e-18 2.3054817320e-19 -2.5168607356e+03 6.4164190298e+01 -4.6638887362e+09 -1.0017236869e+07 1.9222293079e+06 1.6454369664e+03 0.0000000000e+00 -0.0000000000e+00
1.3097253901e+05 8.4585363781e-14 5.6365174558e-15 1.0037938363e+08 2.5658584796e+07 1.9774863863e-18 2.4873981871e-19 -2.5678571256e+03 5.1382954184e+01 -4.6638887199e+09 -1.0017236869e+07 1.9222293079e+06 1.4802523234e+03 0.0000000000e+00 -0.0000000000e+00
1.3227686646e+05 8.7209104173e-14 5.9724579514e-15 9.6998826624e+07 2.5717523596e+07 2.0463515642e-18 2.6667015428e-19 -2.6162409895e+03 3.8785311355e+01 -4.6638887079e+09 -1.0017236869e+07 1.9222293079e+06 1.3215117806e+03 0.0000000000e+00 -0.0000000000e+00
1.3341904729e+05 8.9582596387e-14 6.2867449558e-15 9.3985180573e+07 2.5755007300e+07 2.1103207040e-18 2.8391479529e-19 -2.6611849545e+03 2.6669429461e+01 -4.6638886998e+09 -1.0017236869e+07 1.9222293079e+06 1.1642389414e+03 0.0000000000e+00 -0.0000000000e+00
1.3438396743e+05 9.1646153098e-14 6.5682438798e-15 9.1398193004e+07 2.5775440972e+07 2.1673062048e-18 2.9975781917e-19 -2.7012222969e+03 1.5538307270e+01 -4.6638886954e+09 -1.0017236869e+07 1.9222293079e+06 1.0005348964e+03 0.0000000000e+00 -0.0000000000e+00
1.3510318556e+05 9.3220778388e-14 6.7883405769e-15 8.9444282350e+07 2.5783450934e+07 2.2116910778e-18 3.1241350315e-19 -2.7324065865e+03 6.6465725943e+00 -4.6638886942e+09 -1.0017236869e+07 1.9222293079e+06 8.2360979170e+02 0.0000000000e+00 -0.0000000000e+00
1.3583783434e+05 9.4862798845e-14 7.0228522289e-15 8.7424835636e+07 2.5784822680e+07 2.2588445086e-18 3.2616329663e-19 -2.7655360323e+03 -3.0138705393e+00 -4.6638886925e+09 -1.0017236869e+07 1.9222293079e+06 6.9844629126e+02 0.0000000000e+00 -0.0000000000e+00
1.3653628064e+05 9.6456665965e-14 7.2554691469e-15 8.5481885473e+07 2.5779338645e+07 2.3054989054e-18 3.4007814857e-19 -2.7983148626e+03 -1.2790281813e+01 -4.6638886910e+09 -1.0017236869e+07 1.9222293079e+06 8.6194809694e+02 0.0000000000e+00 -0.0000000000e+00
1.3739822873e+05 9.8469622620e-14 7.5564338606e-15 8.3051801309e+07 2.5762809306e+07 2.3657216937e-18 3.5849933344e-19 -2.8406266851e+03 -2.5732789582e+01 -4.6638886858e+09 -1.0017236869e+07 1.9222293079e+06 9.4437050403e+02 0.0000000000e+00 -0.0000000000e+00
1.3834259924e+05 1.0073630889e-13 7.9052012373e-15 8.0346315021e+07 2.5731333764e+07 2.4353640757e-18 3.8045209258e-19 -2.8895566034e+03 -4.1156539883e+01 -4.6638886752e+09 -1.0017236869e+07 1.9222293079e+06 9.8463409471e+02 0.0000000000e+00 -0.0000000000e+00
1.3932723333e+05 1.0317182008e-13 8.2919785364e-15 7.7474763751e+07 2.5682258291e+07 2.5124819233e-18 4.0558204742e-19 -2.9437386958e+03 -5.8812550511e+01 -4.6638886582e+09 -1.0017236869e+07 1.9222293079e+06 9.9944744444e+02 0.0000000000e+00 -0.0000000000e+00
1.4032668078e+05 1.0572418901e-13 8.7111867076e-15 7.4503652099e+07 2.5613747229e+07 2.5960112196e-18 4.3378407874e-19 -3.0024253968e+03 -7.8626965922e+01 -4.6638886338e+09 -1.0017236869e+07 1.9222293079e+06 9.9732015802e+02 0.0000000000e+00 -0.0000000000e+00
1.4132400093e+05 1.0835724175e-13 9.1591279566e-15 7.1478359960e+07 2.5524567570e+07 2.6852928097e-18 4.6507099348e-19 -3.0651535916e+03 -1.0060878414e+02 -4.6638886010e+09 -1.0017236869e+07 1.9222293079e+06 9.8336195218e+02 0.0000000000e+00 -0.0000000000e+00
1.4230736289e+05 1.1104379776e-13 9.6330830549e-15 6.8431926774e+07 2.5413954313e+07 2.7798860085e-18 4.9952363161e-19 -3.1316136602e+03 -1.2481480236e+02 -4.6638885589e+09 -1.0017236869e+07 1.9222293079e+06 9.6097241588e+02 0.0000000000e+00 -0.0000000000e+00
1.4326833530e+05 1.1376244106e-13 1.0130896637e-14 6.5389335468e+07 2.5281515093e+07 2.8794810204e-18 5.3726853294e-19 -3.2015879439e+03 -1.5133392598e+02 -4.6638885067e+09 -1.0017236869e+07 1.9222293079e+06 9.3256439237e+02 0.0000000000e+00 -0.0000000000e+00
1.4420089969e+05 1.1649577696e-13 1.0650763007e-14 6.2369900126e+07 2.5127157522e+07 2.9838520753e-18 5.7846684967e-19 -3.2749178191e+03 -1.8027937863e+02 -4.6638884434e+09 -1.0017236869e+07 1.9222293079e+06 8.9992308342e+02 0.0000000000e+00 -0.0000000000e+00
1.4510082278e+05 1.1922939846e-13 1.1191106556e-14 5.9388731851e+07 2.4951031269e+07 3.0928298431e-18 6.2330855783e-19 -3.3514843167e+03 -2.1178463524e+02 -4.6638883681e+09 -1.0017236869e+07 1.9222293079e+06 8.6440515905e+02 0.0000000000e+00 -0.0000000000e+00
1.4596522794e+05 1.2195122717e-13 1.1750511455e-14 5.6457706881e+07 2.4753480549e+07 3.2062839307e-18 6.7200945534e-19 -3.4311958239e+03 -2.4600131287e+02 -4.6638882799e+09 -1.0017236869e+07 1.9222293079e+06 8.2705906639e+02 0.0000000000e+00 -0.0000000000e+00
1.4679228700e+05 1.2465106707e-13 1.2327678969e-14 5.3586143295e+07 2.4535004405e+07 3.3241110491e-18 7.2480976383e-19 -3.5139797711e+03 -2.8309818844e+02 -4.6638881778e+09 -1.0017236869e+07 1.9222293079e+06 7.8870288939e+02 0.0000000000e+00 -0.0000000000e+00
1.4758098989e+05 1.2732028683e-13 1.2921401126e-14 5.0781295759e+07 2.4296223122e+07 3.4462265456e-18 7.8197373216e-19 -3.5997766823e+03 -3.2326092007e+02 -4.6638880609e+09 -1.0017236869e+07 1.9222293079e+06 7.4997761290e+02 0.0000000000e+00 -0.0000000000e+00
1.4833096751e+05 1.2995158320e-13 1.3530544459e-14 4.8048730424e+07 2.4037849588e+07 3.5725580050e-18 8.4378991682e-19 -3.6885356794e+03 -3.6669224416e+02 -4.6638879281e+09 -1.0017236869e+07 1.9222293079e+06 7.1138524415e+02 0.0000000000e+00 -0.0000000000e+00
1.4904235275e+05 1.3253879809e-13 1.4154040192e-14 4.5392617274e+07 2.3760664770e+07 3.7030401496e-18 9.1057195846e-19 -3.7802108991e+03 -4.1361252095e+02 -4.6638877783e+09 -1.0017236869e+07 1.9222293079e+06 6.7331709870e+02 0.0000000000e+00 -0.0000000000e+00
1.4971566985e+05 1.3507677213e-13 1.4790878605e-14 4.2815963409e+07 2.3465496635e+07 3.8376105518e-18 9.8265975245e-19 -3.8747584805e+03 -4.6426055691e+02 -4.6638876106e+09 -1.0017236869e+07 1.9222293079e+06 6.3607541489e+02 0.0000000000e+00 -0.0000000000e+00
1.5035174526e+05 1.3756122430e-13 1.5440106204e-14 4.0320802650e+07 2.3153201998e+07 3.9762058363e-18 1.0604209587e-18 -3.9721338969e+03 -5.1889466558e+02 -4.6638874236e+09 -1.0017236869e+07 1.9222293079e+06 5.9989025371e+02 0.0000000000e+00 -0.0000000000e+00
1.5095163552e+05 1.3998865038e-13 1.6100824772e-14 3.7908351907e+07 2.2824650862e+07 4.1187581449e-18 1.1442528250e-18 -4.0722894718e+03 -5.7779394856e+02 -4.6638872164e+09 -1.0017236869e+07 1.9222293079e+06 5.6493295231e+02 0.0000000000e+00 -0.0000000000e+00
1.5151656847e+05 1.4235623578e-13 1.6772191729e-14 3.5579141649e+07 2.2480712886e+07 4.2651916928e-18 1.2345843182e-18 -4.1751719598e+03 -6.4125979299e+02 -4.6638869876e+09 -1.0017236869e+07 1.9222293079e+06 5.3132699197e+02 0.0000000000e+00 -0.0000000000e+00
1.5204789546e+05 1.4466177947e-13 1.7453421428e-14 3.3333125738e+07 2.2122245657e+07 4.4154192779e-18 1.3318785740e-18 -4.2807200937e+03 -7.0961759244e+02 -4.6638867362e+09 -1.0017236869e+07 1.9222293079e+06 4.9915686749e+02 0.0000000000e+00 -0.0000000000e+00
1.5254705233e+05 1.4690362686e-13 1.8143787132e-14 3.1169774534e+07 2.1750084478e+07 4.5693386225e-18 1.4366356860e-18 -4.3888620144e+03 -7.8321870694e+02 -4.6638864607e+09 -1.0017236869e+07 1.9222293079e+06 4.6847538976e+02 0.0000000000e+00 -0.0000000000e+00
1.5301552772e+05 1.4908061007e-13 1.8842623562e-14 2.9088154222e+07 2.1365033415e+07 4.7268284315e-18 1.5493958714e-18 -4.4995125014e+03 -8.6244268659e+02 -4.6638861599e+09 -1.0017236869e+07 1.9222293079e+06 4.3930973339e+02 0.0000000000e+00 -0.0000000000e+00
1.5345483745e+05 1.5119199433e-13 1.9549329930e-14 2.7086994635e+07 2.0967857370e+07 4.8877440509e-18 1.6707430573e-18 -4.6125699225e+03 -9.4769979178e+02 -4.6638858326e+09 -1.0017236869e+07 1.9222293079e+06 4.1166647127e+02 0.0000000000e+00 -0.0000000000e+00
1.5386650392e+05 1.5323742993e-13 2.0263373478e-14 2.5164747350e+07 2.0559274933e+07 5.0519125991e-18 1.8013089524e-18 -4.7279128130e+03 -1.0394338536e+03 -4.6638854774e+09 -1.0017236869e+07 1.9222293079e+06 3.8553577578e+02 0.0000000000e+00 -0.0000000000e+00
1.5425203970e+05 1.5521690876e-13 2.0984293568e-14 2.3319635492e+07 2.0139951802e+07 5.2191274248e-18 1.9417776799e-18 -4.8453959823e+03 -1.1381255290e+03 -4.6638850931e+09 -1.0017236869e+07 1.9222293079e+06 3.6089493750e+02 0.0000000000e+00 -0.0000000000e+00
1.5461293464e+05 1.5713072531e-13 2.1711706419e-14 2.1549696373e+07 1.9710494541e+07 5.3891417210e-18 2.0928910720e-18 -4.9648460267e+03 -1.2442960205e+03 -4.6638846785e+09 -1.0017236869e+07 1.9222293079e+06 3.3771131822e+02 0.0000000000e+00 -0.0000000000e+00
1.5495064595e+05 1.5897944143e-13 2.2445310673e-14 1.9852817910e+07 1.9271444422e+07 5.5616610855e-18 2.2554547514e-18 -5.0860561025e+03 -1.3585113491e+03 -4.6638842323e+09 -1.0017236869e+07 1.9222293079e+06 3.1594483285e+02 0.0000000000e+00 -0.0000000000e+00
1.5526659079e+05 1.6076385481e-13 2.3184893984e-14 1.8226769565e+07 1.8823271115e+07 5.7363347667e-18 2.4303451611e-18 -5.2087797759e+03 -1.4813872935e+03 -4.6638837534e+09 -1.0017236869e+07 1.9222293079e+06 2.9555004380e+02 0.0000000000e+00 -0.0000000000e+00
1.5556214083e+05 1.6248497083e-13 2.3930340958e-14 1.6669228427e+07 1.8366365894e+07 5.9127452657e-18 2.6185177459e-18 -5.3327237171e+03 -1.6135951377e+03 -4.6638832411e+09 -1.0017236869e+07 1.9222293079e+06 2.7647793752e+02 0.0000000000e+00 -0.0000000000e+00
1.5583861877e+05 1.6414397767e-13 2.4681642822e-14 1.5177800920e+07 1.7901034043e+07 6.0903958675e-18 2.8210165542e-18 -5.4575389399e+03 -1.7558684181e+03 -4.6638826944e+09 -1.0017236869e+07 1.9222293079e+06 2.5867744259e+02 0.0000000000e+00 -0.0000000000e+00
1.5609729621e+05 1.6574222455e-13 2.5438909378e-14 1.3750040499e+07 1.7427485983e+07 6.2686955425e-18 3.0389856080e-18 -5.5828101940e+03 -1.9090109109e+03 -4.6638821129e+09 -1.0017236869e+07 1.9222293079e+06 2.4209674634e+02 0.0000000000e+00 -0.0000000000e+00
1.5633939296e+05 1.6728120313e-13 2.6202383952e-14 1.2383461612e+07 1.6945826607e+07 6.4469404755e-18 3.2736825020e-18 -5.7080429869e+03 -2.0739061876e+03 -4.6638814965e+09 -1.0017236869e+07 1.9222293079e+06 2.2668446348e+02 0.0000000000e+00 -0.0000000000e+00
1.5656607742e+05 1.6876253204e-13 2.6972462337e-14 1.1075550058e+07 1.6456042066e+07 6.6242912142e-18 3.5264948527e-18 -5.8326475294e+03 -2.2515291709e+03 -4.6638808457e+09 -1.0017236869e+07 1.9222293079e+06 2.1239071014e+02 0.0000000000e+00 -0.0000000000e+00
1.5677846813e+05 1.7018794470e-13 2.7749717089e-14 9.8237697702e+06 1.5957983039e+07 6.7997440522e-18 3.7989604383e-18 -5.9559186292e+03 -2.4429602858e+03 -4.6638801615e+09 -1.0017236869e+07 1.9222293079e+06 1.9916814439e+02 0.0000000000e+00 -0.0000000000e+00
1.5697763628e+05 1.7155928073e-13 2.8534929099e-14 8.6255658551e+06 1.5451343124e+07 6.9720947025e-18 4.0927921927e-18 -6.0770101685e+03 -2.6494030196e+03 -4.6638794459e+09 -1.0017236869e+07 1.9222293079e+06 1.8697304256e+02 0.0000000000e+00 -0.0000000000e+00
1.5716460932e+05 1.7287848136e-13 2.9329129177e-14 7.4783635700e+06 1.4935630441e+07 7.1398914802e-18 4.4099096791e-18 -6.1949022104e+03 -2.8722060348e+03 -4.6638787022e+09 -1.0017236869e+07 1.9222293079e+06 1.7576650360e+02 0.0000000000e+00 -0.0000000000e+00
1.5734037582e+05 1.7414758946e-13 3.0133653643e-14 6.3795626012e+06 1.4410129666e+07 7.3013739252e-18 4.7524793530e-18 -6.3083578765e+03 -3.1128914575e+03 -4.6638779351e+09 -1.0017236869e+07 1.9222293079e+06 1.6551590587e+02 0.0000000000e+00 -0.0000000000e+00
1.5750589173e+05 1.7536875521e-13 3.0950219820e-14 5.3265256723e+06 1.3873850409e+07 7.4543907704e-18 5.1229669425e-18 -6.4158657117e+03 -3.3731916791e+03 -4.6638771518e+09 -1.0017236869e+07 1.9222293079e+06 1.5619679564e+02 0.0000000000e+00 -0.0000000000e+00
1.5766208852e+05 1.7654424881e-13 3.1781030349e-14 4.3165600149e+06 1.3325455771e+07 7.5962878778e-18 5.5242067939e-18 -6.5155609500e+03 -3.6550980783e+03 -4.6638763624e+09 -1.0017236869e+07 1.9222293079e+06 1.4779547016e+02 0.0000000000e+00 -0.0000000000e+00
1.5780988399e+05 1.7767648190e-13 3.2628920029e-14 3.3468896314e+06 1.2763161608e+07 7.7237512988e-18 5.9594952821e-18 -6.6051152501e+03 -3.9609266490e+03 -4.6638755810e+09 -1.0017236869e+07 1.9222293079e+06 1.4031263659e+02 0.0000000000e+00 -0.0000000000e+00
1.5795019663e+05 1.7876803971e-13 3.3497566479e-14 2.4146157313e+06 1.2184591781e+07 7.8325812373e-18 6.4327185722e-18 -6.6815778845e+03 -4.2934077654e+03 -4.6638748273e+09 -1.0017236869e+07 1.9222293079e+06 1.3100097713e+02 0.0000000000e+00 -0.0000000000e+00
1.5805979235e+05 1.7963050018e-13 3.4225025278e-14 1.6795027637e+06 1.1698272270e+07 7.9038563456e-18 6.8501537383e-18 -6.7316549371e+03 -4.5866928020e+03 -4.6638745682e+09 -1.0017236869e+07 1.9222293079e+06 1.1226392864e+02 0.0000000000e+00 -0.0000000000e+00
1.5815267708e+05 1.8036691946e-13 3.4879197180e-14 1.0526387315e+06 1.1259664169e+07 7.9502309682e-18 7.2416502758e-18 -6.7642372013e+03 -4.8617536635e+03 -4.6638744439e+09 -1.0017236869e+07 1.9222293079e+06 9.5902237231e+01 4.1905619391e-292 -2.9671841155e-284
1.5822744187e+05 1.8096231861e-13 3.5433281865e-14 5.4620810990e+05 1.0887278443e+07 7.9748676694e-18 7.5848038765e-18 -6.7815466577e+03 -5.1028493462e+03 -4.6638744001e+09 -1.0017236869e+07 1.9222293079e+06 7.9908946042e+01 1.2764937982e-267 -9.2085162530e-260
1.5825593816e+05 1.8118965956e-13 3.5651375538e-14 3.5289819739e+05 1.0740492677e+07 7.9805909660e-18 7.7226814528e-18 -6.7855677785e+03 -5.1997205092e+03 -4.6638743997e+09 -1.0017236869e+07 1.9222293079e+06 7.0982640445e+01 2.4736038383e-258 -1.7974275011e-250
1.5829848036e+05 1.8152927956e-13 3.5984423869e-14 6.4149260945e+04 1.0516117529e+07 7.9847490445e-18 7.9361904327e-18 -6.7884891956e+03 -5.3497294066e+03 -4.6638743970e+09 -1.0017236869e+07 1.9222293079e+06 4.9496472000e+01 1.5902753181e-244 -1.1683173303e-236
1.5834797683e+05 1.8192446625e-13 3.6383628621e-14 -2.7183577506e+05 1.0246834328e+07 7.9820892999e-18 8.1966530256e-18 -6.7866204904e+03 -5.5327273601e+03 -4.6638743916e+09 -1.0017236869e+07 1.9222293079e+06 6.4466411054e+01 1.4630910375e-228 -1.0889325897e-220
1.5841244325e+05 1.8243856712e-13 3.6923503456e-14 -7.0901056476e+05 9.8821033525e+06 7.9644249891e-18 8.5563211556e-18 -6.7742097534e+03 -5.7854259569e+03 -4.6638743738e+09 -1.0017236869e+07 1.9222293079e+06 7.5909307568e+01 5.7071384342e-208 -4.3215654386e-200
1.5848835255e+05 1.8304159339e-13 3.7590048634e-14 -1.2221487328e+06 9.4309630343e+06 7.9186840053e-18 9.0110721893e-18 -6.7420726763e+03 -6.1049286831e+03 -4.6638743424e+09 -1.0017236869e+07 1.9222293079e+06 8.2060070777e+01 4.3211559174e-184 -3.3407123555e-176
1.5857041262e+05 1.8368812304e-13 3.8351014927e-14 -1.7731005252e+06 8.9148745135e+06 7.8314999770e-18 9.5425237350e-18 -6.6808182037e+03 -6.4783202868e+03 -4.6638743069e+09 -1.0017236869e+07 1.9222293079e+06 8.6045924099e+01 7.5057498973e-159 -5.9371345247e-151
1.5865645855e+05 1.8435621228e-13 3.9197713407e-14 -2.3438971490e+06 8.3394529453e+06 7.6870471721e-18 1.0145429315e-17 -6.5793273624e+03 -6.9019146546e+03 -4.6638742469e+09 -1.0017236869e+07 1.9222293079e+06 8.9757378274e+01 3.2457133290e-133 -2.6306816191e-125
1.5874621593e+05 1.8503676729e-13 4.0138396187e-14 -2.9278260259e+06 7.6988384399e+06 7.4634209926e-18 1.0823196243e-17 -6.4222102396e+03 -7.3781057241e+03 -4.6638740339e+09 -1.0017236869e+07 1.9222293079e+06 9.5529067566e+01 1.2097684947e-107 -1.0058531197e-99
1.5884174499e+05 1.8573440866e-13 4.1208765178e-14 -3.5305615029e+06 6.9684131640e+06 7.1228559486e-18 1.1593708508e-17 -6.1829332464e+03 -7.9194585767e+03 -4.6638731313e+09 -1.0017236869e+07 1.9222293079e+06 1.0595445392e+02 4.0377759474e-82 -3.4483135504e-74
1.5894769945e+05 1.8646254715e-13 4.2484420041e-14 -4.1670102017e+06 6.0961140956e+06 6.5920166864e-18 1.2490883760e-17 -5.8099718259e+03 -8.5498033535e+03 -4.6638689963e+09 -1.0017236869e+07 1.9222293079e+06 9.5589829043e+01 1.9235178177e-56 -1.6900999181e-48
1.5903179814e+05 1.8699441040e-13 4.3565291651e-14 -4.6398012484e+06 5.3557248864e+06 6.0351186427e-18 1.3213275960e-17 -5.4187018122e+03 -9.0573476144e+03 -4.6638661186e+09 -1.0017236869e+07 1.9222293079e+06 8.4139472936e+01 1.5644005200e-38 -1.4034771001e-30
1.5911593762e+05 1.8747410684e-13 4.4706915846e-14 -5.0759885623e+06 4.5726608474e+06 5.3443721298e-18 1.3917543433e-17 -4.9333914386e+03 -9.5521576560e+03 -4.6638614656e+09 -1.0017236869e+07 1.9222293079e+06 7.7157707780e+01 2.8638388367e-23 -2.6170542680e-15
1.5919309533e+05 1.8785809501e-13 4.5804328709e-14 -5.4367043694e+06 3.8190802815e+06 4.5898295707e-18 1.4518814283e-17 -4.4032587135e+03 -9.9746034815e+03 -4.6638574412e+09 -1.0017236869e+07 1.9222293079e+06 7.2677206803e+01 5.5156066330e-12 -5.1117448705e-04
1.5924531364e+05 1.8808299725e-13 4.6572238634e-14 -5.6562572454e+06 3.2913646942e+06 4.0159649112e-18 1.4886392358e-17 -4.0000681448e+03 -1.0232859486e+04 -4.6638594262e+09 -1.0017236782e+07 1.9222295299e+06 6.3263025809e+01 5.4836905021e-06 -5.1211442502e+02
1.5925681573e+05 1.8812842761e-13 4.6743899909e-14 -5.7017312740e+06 3.1733586383e+06 3.8831657660e-18 1.4961976355e-17 -3.9067649176e+03 -1.0285963625e+04 -4.6638882055e+09 -1.0017235845e+07 1.9222319734e+06 3.5634327565e+01 7.4378551169e-05 -6.9562294427e+03
1.5927085023e+05 1.8818177191e-13 4.6954514301e-14 -5.7557499779e+06 3.0285573005e+06 3.7181827392e-18 1.5051277277e-17 -3.7908474961e+03 -1.0348699222e+04 -4.6645053770e+09 -1.0017216399e+07 1.9222845144e+06 2.1788069009e+01 1.4397433796e-03 -1.3487503184e+05
1.5928246293e+05 1.8822414573e-13 4.7129716878e-14 -5.7992067663e+06 2.9080884868e+06 3.5793064959e-18 1.5122626226e-17 -3.6932528313e+03 -1.0398767254e+04 -4.6705718534e+09 -1.0017030672e+07 1.9228021667e+06 1.3927411336e+01 1.3909134299e-02 -1.3046594444e+06
1.5929176628e+05 1.8825692181e-13 4.7270667023e-14 -5.8331982322e+06 2.8111642009e+06 3.4665604225e-18 1.5178058538e-17 -3.6139257249e+03 -1.0437389906e+04 -4.7027286897e+09 -1.0016069819e+07 1.9255513913e+06 1.0011422716e+01 7.5813402908e-02 -7.1177718172e+06
1.5929935122e+05 1.8828286380e-13 4.7385959299e-14 -5.8603614053e+06 2.7318828277e+06 3.3736926284e-18 1.5222079708e-17 -3.5482932580e+03 -1.0467193477e+04 -4.8144133853e+09 -1.0012800316e+07 1.9351154616e+06 7.8522666597e+00 2.7869423049e-01 -2.6181717162e+07
1.5930576579e+05 1.8830425093e-13 4.7483719506e-14 -5.8829412819e+06 2.6646659793e+06 3.2945101019e-18 1.5258467128e-17 -3.4916541430e+03 -1.0489758269e+04 -5.1117948126e+09 -1.0004245887e+07 1.9606204001e+06 6.5348183941e+00 7.9139289538e-01 -7.4369365385e+07
1.5931137359e+05 1.8832253068e-13 4.7569373640e-14 -5.9023792774e+06 2.6057960793e+06 3.2248154694e-18 1.5289634726e-17 -3.4404658913e+03 -1.0504920049e+04 -5.7783286059e+09 -9.9853620927e+06 2.0178781662e+06 5.6684697822e+00 1.8861882043e+00 -1.7722380255e+08
1.5931642185e+05 1.8833865122e-13 4.7646629305e-14 -5.9196260815e+06 2.5527454611e+06 3.1617084918e-18 1.5317171302e-17 -3.3917448601e+03 -1.0510773220e+04 -7.1108458446e+09 -9.9481081981e+06 2.1325746449e+06 5.0800376897e+00 3.9755474691e+00 -3.7321637845e+08
1.5932150189e+05 1.8835455079e-13 4.7724510430e-14 -5.9367221951e+06 2.4993647121e+06 3.0978622839e-18 1.5344376542e-17 -3.3378773839e+03 -1.0501729719e+04 -9.8831770328e+09 -9.8715242033e+06 2.3719140936e+06 4.6822496209e+00 8.1150194988e+00 -7.6009429315e+08
1.5932618414e+05 1.8836891740e-13 4.7796414444e-14 -5.9522203008e+06 2.4502582133e+06 3.0387194925e-18 1.5368998642e-17 -3.2804274142e+03 -1.0468621590e+04 -1.4822937488e+10 -9.7364002114e+06 2.8003763772e+06 4.5239095199e+00 1.5114506941e+01 -1.4094244686e+09
1.5933070804e+05 1.8838253454e-13 4.7865995429e-14 -5.9669132504e+06 2.4030422689e+06 2.9813144962e-18 1.5392372693e-17 -3.2127315291e+03 -1.0397051728e+04 -2.3381304660e+10 -9.5038078266e+06 3.5483100353e+06 4.9951557840e+00 2.6560965989e+01 -2.4568346140e+09
1.5933484703e+05 1.8839476510e-13 4.7929747932e-14 -5.9800548655e+06 2.3602358811e+06 2.9285748549e-18 1.5413399564e-17 -3.1341917702e+03 -1.0276621454e+04 -3.6379949745e+10 -9.1511810133e+06 4.6975398349e+06 4.2526755120e+00 4.2846844835e+01 -3.9129210303e+09
1.5933809189e+05 1.8840420062e-13 4.7979788571e-14 -5.9901035898e+06 2.3271147256e+06 2.8870867554e-18 1.5429645376e-17 -3.0567390039e+03 -1.0128773596e+04 -5.1462685860e+10 -8.7405994296e+06 6.0512666261e+06 3.3086802710e+00 6.0500505424e+01 -5.4407936323e+09
1.5934097342e+05 1.8841246666e-13 4.8024270239e-14 -5.9987945221e+06 2.2981791180e+06 2.8501429939e-18 1.5443897872e-17 -2.9727781176e+03 -9.9456202564e+03 -6.9429461621e+10 -8.2475600399e+06 7.6931859129e+06 2.9006466348e+00 8.0097472097e+01 -7.0672745200e+09
1.5934387407e+05 1.8842067987e-13 4.8069088140e-14 -6.0072743644e+06 2.2696689490e+06 2.8128616108e-18 1.5458081565e-17 -2.8709915923e+03 -9.7013742470e+03 -9.2533604742e+10 -7.6050189950e+06 9.8539820066e+06 2.6508103767e+00 1.0329176349e+02 -8.8827650686e+09
1.5934652488e+05 1.8842809099e-13 4.8110081606e-14 -6.0147427175e+06 2.2443144504e+06 2.7787131319e-18 1.5470903093e-17 -2.7609644539e+03 -9.4182467135e+03 -1.1833152025e+11 -6.8737230342e+06 1.2337136207e+07 2.4962646083e+00 1.2674407413e+02 -1.0573506073e+10
1.5934902115e+05 1.8843498718e-13 4.8148716018e-14 -6.0214891440e+06 2.2211953334e+06 2.7464901669e-18 1.5482857577e-17 -2.6417142816e+03 -9.0955220580e+03 -1.4660392192e+11 -6.0525321169e+06 1.5151687955e+07 2.4163582518e+00 1.4962504747e+02 -1.2045832479e+10
1.5935143750e+05 1.8844158594e-13 4.8186142021e-14 -6.0277185689e+06 2.1996475317e+06 2.7152410212e-18 1.5494322421e-17 -2.5120735932e+03 -8.7310381208e+03 -1.7718734642e+11 -5.1372061638e+06 1.8318269468e+07 2.3962104280e+00 1.7111234676e+02 -1.3214068629e+10
1.5935383372e+05 1.8844805505e-13 4.8223283199e-14 -6.0335712409e+06 2.1792071308e+06 2.6841992414e-18 1.5505591668e-17 -2.3709309308e+03 -8.3221331411e+03 -2.0987355937e+11 -4.1228750421e+06 2.1861261740e+07 2.4301215735e+00 1.9028971534e+02 -1.3996352742e+10
1.5935626384e+05 1.8845453968e-13 4.8260977460e-14 -6.0391479886e+06 2.1595301720e+06 2.6526670764e-18 1.5516923263e-17 -2.2172133479e+03 -7.8658305784e+03 -2.4437991568e+11 -3.0045856767e+06 2.5807505811e+07 2.5109368710e+00 2.0613558327e+02 -1.4319205411e+10
1.5935877477e+05 1.8846115940e-13 4.8299954072e-14 -6.0445072092e+06 2.1404078341e+06 2.6200356294e-18 1.5528534437e-17 -2.0504604226e+03 -7.3607374799e+03 -2.8020264043e+11 -1.7820608132e+06 3.0170139076e+07 2.5941000177e+00 2.1750304340e+02 -1.4126491961e+10
1.5936136887e+05 1.8846791225e-13 4.8340252097e-14 -6.0495977724e+06 2.1220155547e+06 2.5862731288e-18 1.5540432891e-17 -1.8739131639e+03 -6.8168709580e+03 -3.1602594835e+11 -4.8303876779e+05 3.4864062079e+07 2.5772205937e+00 2.2321325909e+02 -1.3413515090e+10
1.5936394609e+05 1.8847453438e-13 4.8380318355e-14 -6.0542009100e+06 2.1051525114e+06 2.5526835920e-18 1.5552163073e-17 -1.6986380121e+03 -6.2694116731e+03 -3.4923519743e+11 8.0620330842e+05 3.9587518653e+07 2.4090371393e+00 2.2283646008e+02 -1.2303099591e+10
1.5936635513e+05 1.8848064603e-13 4.8417797224e-14 -6.0580990984e+06 2.0906604911e+06 2.5212473005e-18 1.5563052308e-17 -1.5385275268e+03 -5.7639021422e+03 -3.7737798396e+11 1.9794049004e+06 4.3949380175e+07 2.2077494038e+00 2.1762148872e+02 -1.1035257429e+10
1.5936856288e+05 1.8848618048e-13 4.8452167504e-14 -6.0613388095e+06 2.0784342947e+06 2.4924074270e-18 1.5572972806e-17 -1.3973743179e+03 -5.3146232709e+03 -4.0036832917e+11 3.0069754519e+06 4.7827495792e+07 2.0542380000e+00 2.0949268316e+02 -9.7853413483e+09
1.5937061712e+05 1.8849127289e-13 4.8484167537e-14 -6.0640797436e+06 2.0679314723e+06 2.4655488644e-18 1.5582156928e-17 -1.2722848860e+03 -4.9140453298e+03 -4.1926787545e+11 3.9098362874e+06 5.1287255871e+07 1.9455182377e+00 1.9977363622e+02 -8.6195628266e+09
1.5937256264e+05 1.8849604490e-13 4.8514491337e-14 -6.0664449115e+06 2.0587250386e+06 2.4400919695e-18 1.5590816781e-17 -1.1601997705e+03 -4.5534464845e+03 -4.3499589195e+11 4.7105311920e+06 5.4404062696e+07 1.8685534621e+00 1.8924904572e+02 -7.5587773434e+09
1.5937443119e+05 1.8850058149e-13 4.8543631357e-14 -6.0685171211e+06 2.0505254525e+06 2.4156252422e-18 1.5599101697e-17 -1.0588310979e+03 -4.2261707488e+03 -4.4821873196e+11 5.4260496141e+06 5.7235383969e+07 1.8144527056e+00 1.7840269959e+02 -6.6067403994e+09
1.5937624564e+05 1.8850494296e-13 4.8571942467e-14 -6.0703536179e+06 2.0431313576e+06 2.3918520864e-18 1.5607118650e-17 -9.6647012793e+02 -3.9271832909e+03 -4.5942558335e+11 6.0691445728e+06 5.9824654605e+07 1.7762107677e+00 1.6754182883e+02 -5.7595929139e+09
1.5937802185e+05 1.8850917072e-13 4.8599670950e-14 -6.0719942891e+06 2.0364022334e+06 2.3685667230e-18 1.5614941793e-17 -8.8186614429e+02 -3.6527773890e+03 -4.6897867592e+11 6.6492182431e+06 6.2203824582e+07 1.7493955569e+00 1.5687182206e+02 -5.0105852004e+09
1.5937977125e+05 1.8851329421e-13 4.8626994383e-14 -6.0734681782e+06 2.0302356228e+06 2.3456208501e-18 1.5622624554e-17 -8.0406123479e+02 -3.4000956879e+03 -4.7715650693e+11 7.1735272212e+06 6.4397500490e+07 1.7310836981e+00 1.4653055905e+02 -4.3516558551e+09
1.5938150233e+05 1.8851733501e-13 4.8654045019e-14 -6.0747972227e+06 2.0245540298e+06 2.3229040856e-18 1.5630206707e-17 -7.3229313283e+02 -3.1668475585e+03 -4.8417941931e+11 7.6478915701e+06 6.6425390210e+07 1.7192571441e+00 1.3660891869e+02 -3.7742995190e+09
1.5938322159e+05 1.8852130928e-13 4.8680923824e-14 -6.0759984957e+06 2.0192970621e+06 2.3003322294e-18 1.5637718617e-17 -6.6593670459e+02 -2.9511390444e+03 -4.9022546111e+11 8.0771220847e+06 6.8303773705e+07 1.7124662511e+00 1.2716413698e+02 -3.2700773841e+09
1.5938493406e+05 1.8852522927e-13 4.8707709284e-14 -6.0770856176e+06 2.0144164817e+06 2.2778398945e-18 1.5645183901e-17 -6.0446703892e+02 -2.7513658254e+03 -4.9544077312e+11 8.4652900192e+06 7.0046428739e+07 1.7096334057e+00 1.1822899772e+02 -2.8309173452e+09
1.5938664369e+05 1.8852910434e-13 4.8734463172e-14 -6.0780696851e+06 2.0098729516e+06 2.2553756845e-18 1.5652621171e-17 -5.4743513933e+02 -2.5661429143e+03 -4.9994672612e+11 8.8159049034e+06 7.1665238860e+07 1.7099333098e+00 1.0981840022e+02 -2.4492826415e+09
1.5938835362e+05 1.8853294166e-13 4.8761234460e-14 -6.0789599046e+06 2.0056338196e+06 2.2328989220e-18 1.5660045219e-17 -4.9445130186e+02 -2.3942567234e+03 -5.0384502610e+11 9.1320362962e+06 7.3170607899e+07 1.7127175884e+00 1.0193417942e+02 -2.1182561299e+09
1.5939006634e+05 1.8853674670e-13 4.8788062053e-14 -6.0797640382e+06 2.0016715606e+06 2.2103773559e-18 1.5667467845e-17 -4.4517335337e+02 -2.2346312427e+03 -5.0722149164e+11 9.4164000655e+06 7.4571752407e+07 1.7174653086e+00 9.4568706470e+01 -1.8315699753e+09
1.5939178381e+05 1.8854052355e-13 4.8814976768e-14 -6.0804887252e+06 1.9979626547e+06 2.1877855091e-18 1.5674898452e-17 -3.9929808576e+02 -2.0863034789e+03 -5.1014892725e+11 9.6714213312e+06 7.5876913986e+07 1.7237501634e+00 8.7707611668e+01 -1.5836004812e+09
1.5939350756e+05 1.8854427520e-13 4.8842002796e-14 -6.0811397195e+06 1.9944867593e+06 2.1651034521e-18 1.5682344492e-17 -3.5655483941e+02 -1.9484051015e+03 -5.1268936053e+11 9.8992816808e+06 7.7093517945e+07 1.7312176694e+00 8.1331856424e+01 -1.3693411784e+09
1.5939523877e+05 1.8854800374e-13 4.8869158813e-14 -6.0817220685e+06 1.9912260888e+06 2.1423158716e-18 1.5689811799e-17 -3.1670058792e+02 -1.8201484158e+03 -5.1489581699e+11 1.0101955388e+07 7.8228294530e+07 1.7395695192e+00 7.5419315815e+01 -1.1843631778e+09
1.5939697834e+05 1.8855171052e-13 4.8896458851e-14 -6.0822402495e+06 1.9881649394e+06 2.1194113424e-18 1.5697304851e-17 -2.7951608334e+02 -1.7008153799e+03 -5.1681375039e+11 1.0281237829e+07 7.9287373841e+07 1.7485521749e+00 6.9945985485e+01 -1.0247688052e+09
1.5939872690e+05 1.8855539629e-13 4.8923912985e-14 -6.0826982758e+06 1.9852893226e+06 2.0963817462e-18 1.5704826979e-17 -2.4480278017e+02 -1.5897488541e+03 -5.1848221009e+11 1.0438768157e+07 8.0276361459e+07 1.7579490136e+00 6.4886899313e+01 -8.8714263472e+08
1.5940048484e+05 1.8855906127e-13 4.8951527911e-14 -6.0830997791e+06 1.9825866772e+06 2.0732217924e-18 1.5712380536e-17 -2.1238032976e+02 -1.4863454735e+03 -5.1993480412e+11 1.0576047741e+07 8.1200400036e+07 1.7675740006e+00 6.0216820695e+01 -7.6850257410e+08
1.5940225242e+05 1.8856270526e-13 4.8979307412e-14 -6.0834480757e+06 1.9800456424e+06 2.0499286211e-18 1.5719967038e-17 -1.8208451881e+02 -1.3900497856e+03 -5.2120050005e+11 1.0694455316e+07 8.2064219975e+07 1.7772675783e+00 5.5910758506e+01 -6.6625277663e+08
1.5940402969e+05 1.8856632771e-13 4.9007252772e-14 -6.0837462182e+06 1.9776558761e+06 2.0265014587e-18 1.5727587285e-17 -1.5376553830e+02 -1.3003493171e+03 -5.2230429638e+11 1.0795259636e+07 8.2872182072e+07 1.7868933041e+00 5.1944343801e+01 -5.7813936932e+08
1.5940581658e+05 1.8856992780e-13 4.9035363133e-14 -6.0839970377e+06 1.9754079085e+06 2.0029413165e-18 1.5735241465e-17 -1.2728651822e+02 -1.2167703875e+03 -5.2326778827e+11 1.0879630137e+07 8.3628313737e+07 1.7963351318e+00 4.8294098178e+01 -5.0220960345e+08
1.5940761291e+05 1.8857350448e-13 4.9063635805e-14 -6.0842031775e+06 1.9732930248e+06 1.9792507258e-18 1.5742929245e-17 -1.0252227643e+02 -1.1388745169e+03 -5.2410964666e+11 1.0948645985e+07 8.4336340059e+07 1.8054955316e+00 4.4937617449e+01 -4.3677467961e+08
1.5940941841e+05 1.8857705651e-13 4.9092066565e-14 -6.0843671197e+06 1.9713031680e+06 1.9554334953e-18 1.5750649855e-17 -7.9358237234e+01 -1.0662553020e+03 -5.2484602569e+11 1.1003303818e+07 8.4999710867e+07 1.8142940264e+00 4.1853688559e+01 -3.8037626597e+08
1.5941123270e+05 1.8858058252e-13 4.9120649908e-14 -6.0844912080e+06 1.9694308613e+06 1.9314944893e-18 1.5758402161e-17 -5.7689490430e+01 -9.9853567235e+02 -5.2549091036e+11 1.1044524421e+07 8.5621624490e+07 1.8226657584e+00 3.9022354644e+01 -3.3175660555e+08
1.5941305537e+05 1.8858408107e-13 4.9149379301e-14 -6.0845776650e+06 1.9676691422e+06 1.9074394224e-18 1.5766184736e-17 -3.7419971045e+01 -9.3536547471e+02 -5.2605641387e+11 1.1073158477e+07 8.6205048708e+07 1.7687887704e+00 3.6424940422e+01 -2.8983202329e+08
1.5941452182e+05 1.8858686405e-13 4.9172504288e-14 -6.0846212191e+06 1.9663326863e+06 1.8880815645e-18 1.5772442633e-17 -2.2125955125e+01 -8.8780314459e+02 -5.2645944524e+11 1.1087552485e+07 8.6646700678e+07 1.5225080252e+00 3.4500390540e+01 -2.6043206052e+08
1.5941571279e+05 1.8858910333e-13 4.9191291787e-14 -6.0846404922e+06 1.9652973273e+06 1.8723577078e-18 1.5777522667e-17 -1.0330160464e+01 -8.5117011019e+02 -5.2675666829e+11 1.1093913867e+07 8.6988419432e+07 1.2830955986e+00 3.3038137800e+01 -2.3904674382e+08
1.5941665752e+05 1.8859086630e-13 4.9206199086e-14 -6.0846459849e+06 1.9645064472e+06 1.8598833168e-18 1.5781550993e-17 -1.3526605745e+00 -8.2331273495e+02 -5.2697506897e+11 1.1095725553e+07 8.7249264282e+07 9.2041762134e-01 3.1938794855e+01 -2.2351304228e+08
1.5941757793e+05 1.8859257258e-13 4.9220726509e-14 -6.0846433242e+06 1.9637607697e+06 1.8477285258e-18 1.5785474576e-17 7.0839610536e+00 -7.9714665032e+02 -5.2717426107e+11 1.1094848425e+07 8.7495107637e+07 1.1600336550e+00 3.0916794533e+01 -2.0949263480e+08
1.5941873797e+05 1.8859470712e-13 4.9239041059e-14 -6.0846291379e+06 1.9628545600e+06 1.8324075684e-18 1.5790418125e-17 1.7298122317e+01 -7.6547588983e+02 -5.2740771480e+11 1.1090172038e+07 8.7793831980e+07 1.3416646066e+00 2.9694442290e+01 -1.9325755280e+08
1.5942007963e+05 1.8859715371e-13 4.9260230338e-14 -6.0845983135e+06 1.9618511645e+06 1.8146851986e-18 1.5796133766e-17 2.8553977316e+01 -7.3057085091e+02 -5.2765541395e+11 1.1080008813e+07 8.8124658618e+07 1.4516341117e+00 2.8367260856e+01 -1.7629099481e+08
1.5942153127e+05 1.8859977405e-13 4.9283165032e-14 -6.0845484112e+06 1.9608168699e+06 1.7955071827e-18 1.5802315695e-17 4.0091075823e+01 -6.9476548224e+02 -5.2789918735e+11 1.1063543040e+07 8.8465922734e+07 1.5274414770e+00 2.7029570590e+01 -1.5988884397e+08
1.5942305871e+05 1.8860250116e-13 4.9307307111e-14 -6.0844783381e+06 1.9597831164e+06 1.7753243051e-18 1.5808818170e-17 5.1547335449e+01 -6.5915009799e+02 -5.2813147266e+11 1.1040389101e+07 8.8807486278e+07 1.5839529110e+00 2.5725147862e+01 -1.4457229730e+08
1.5942464266e+05 1.8860529662e-13 4.9332352873e-14 -6.0843877449e+06 1.9587669252e+06 1.7543911507e-18 1.5815558929e-17 6.2725337903e+01 -6.2429880372e+02 -5.2834912221e+11 1.1010389324e+07 8.9143978095e+07 1.6285210148e+00 2.4476608061e+01 -1.3054004144e+08
1.5942627118e+05 1.8860813615e-13 4.9358114485e-14 -6.0842767186e+06 1.9577780155e+06 1.7328652781e-18 1.5822487120e-17 7.3510515531e+01 -5.9052462052e+02 -5.2855114275e+11 1.0973510823e+07 8.9472433808e+07 1.6652594486e+00 2.3295844762e+01 -1.1783506136e+08
1.5942793644e+05 1.8861100349e-13 4.9384468928e-14 -6.0841456122e+06 1.9568219958e+06 1.7108499645e-18 1.5829569462e-17 8.3834340765e+01 -5.5799442022e+02 -5.2873765866e+11 1.0929787885e+07 8.9791236256e+07 1.6966864035e+00 2.2188770027e+01 -1.0642143615e+08
1.5942963313e+05 1.8861388724e-13 4.9411332864e-14 -6.0839949427e+06 1.9559019945e+06 1.6884152586e-18 1.5836783432e-17 9.3655452628e+01 -5.2678789798e+02 -5.2890938069e+11 1.0879287272e+07 9.0099573520e+07 1.7244645024e+00 2.1157754832e+01 -9.6223601610e+07
1.5943135759e+05 1.8861677919e-13 4.9438649155e-14 -6.0838253265e+06 1.9550195710e+06 1.6656092678e-18 1.5844113604e-17 1.0294909845e+02 -4.9693056972e+02 -5.2906731529e+11 1.0822085884e+07 9.0397136602e+07 1.7497734168e+00 2.0202991234e+01 -8.7147651656e+07
1.5943310737e+05 1.8861967338e-13 4.9466379270e-14 -6.0836374346e+06 1.9541752559e+06 1.6424645287e-18 1.5851549590e-17 1.1170084741e+02 -4.6841341529e+02 -5.2921259928e+11 1.0758255368e+07 9.0683940123e+07 1.7735149390e+00 1.9323295107e+01 -7.9093254013e+07
1.5943488088e+05 1.8862256551e-13 4.9494498912e-14 -6.0834319609e+06 1.9533688879e+06 1.6190016695e-18 1.5859084844e-17 1.1990266884e+02 -4.4120512664e+02 -5.2934640445e+11 1.0687850655e+07 9.0960211110e+07 1.7964353463e+00 1.8516596613e+01 -7.1960363683e+07
1.5943667732e+05 1.8862545259e-13 4.9522995587e-14 -6.0832095966e+06 1.9525998301e+06 1.5952314581e-18 1.5866715996e-17 1.2755039679e+02 -4.1526002009e+02 -5.2946988255e+11 1.0610900640e+07 9.1226317759e+07 1.8192058866e+00 1.7780246563e+01 -6.5652935376e+07
1.5943849652e+05 1.8862833274e-13 4.9551867439e-14 -6.0829710076e+06 1.9518671132e+06 1.5711557870e-18 1.5874442535e-17 1.3464204700e+02 -3.9052327256e+02 -5.2958413477e+11 1.0527399759e+07 9.1482723002e+07 1.8424817911e+00 1.7111209271e+01 -6.0080856323e+07
1.5944033900e+05 1.8863120510e-13 4.9581123018e-14 -6.0827168136e+06 1.9511695304e+06 1.5467678776e-18 1.5882266730e-17 1.4117667469e+02 -3.6693443674e+02 -5.2969019631e+11 1.0437299500e+07 9.1729954198e+07 1.8669521666e+00 1.6506183333e+01 -5.5160809398e+07
1.5944220596e+05 1.8863406977e-13 4.9610781850e-14 -6.0824475648e+06 1.9505056999e+06 1.5220518250e-18 1.5890193776e-17 1.4715358066e+02 -3.4442979769e+02 -5.2978903044e+11 1.0340498934e+07 9.1968583950e+07 1.8933902626e+00 1.5961675639e+01 -5.0816490540e+07
1.5944409935e+05 1.8863692788e-13 4.9640875798e-14 -6.0821637155e+06 1.9498741057e+06 1.4969814764e-18 1.5898232150e-17 1.5257173971e+02 -3.2294389667e+02 -5.2988152883e+11 1.0236833165e+07 9.2199219280e+07 1.9055595951e+00 1.5474044405e+01 -4.6978437458e+07
1.5944600491e+05 1.8863975642e-13 4.9671178535e-14 -6.0818682915e+06 1.9492783066e+06 1.4717457060e-18 1.5906321404e-17 1.5738883844e+02 -3.0258811870e+02 -5.2996776833e+11 1.0127070483e+07 9.2420552415e+07 1.9106693194e+00 1.5043144843e+01 -4.3611894232e+07
1.5944791557e+05 1.8864254426e-13 4.9701578003e-14 -6.0815634562e+06 1.9487187028e+06 1.4464380218e-18 1.5914431706e-17 1.6159609049e+02 -2.8337207655e+02 -5.3004821771e+11 1.0011694635e+07 9.2632323500e+07 1.9165848662e+00 1.4665714133e+01 -4.0664884796e+07
1.5944983216e+05 1.8864529216e-13 4.9732087158e-14 -6.0812501868e+06 1.9481931627e+06 1.4210477888e-18 1.5922566612e-17 1.6520761632e+02 -2.6522336043e+02 -5.3012362160e+11 9.8907621335e+06 9.2835169244e+07 1.9231830988e+00 1.4336524710e+01 -3.8077637818e+07
1.5945175534e+05 1.8864800059e-13 4.9762717018e-14 -6.0809294552e+06 1.9476997412e+06 1.3955659986e-18 1.5930729144e-17 1.6823715878e+02 -2.4807971476e+02 -5.3019461331e+11 9.7643359930e+06 9.3029636872e+07 1.9303573404e+00 1.4050527010e+01 -3.5798433474e+07
1.5945368570e+05 1.8865066984e-13 4.9793476925e-14 -6.0806022296e+06 1.9472366461e+06 1.3699850525e-18 1.5938921863e-17 1.7069899886e+02 -2.3188771245e+02 -5.3026173095e+11 9.6324922240e+06 9.3216195812e+07 1.9378702603e+00 1.3802820801e+01 -3.3782391338e+07
1.5945562357e+05 1.8865329981e-13 4.9824372457e-14 -6.0802694977e+06 1.9468022410e+06 1.3443004956e-18 1.5947146317e-17 1.7260865352e+02 -2.1660263871e+02 -5.3032542625e+11 9.4953361148e+06 9.3395235379e+07 1.9453220080e+00 1.3588664245e+01 -3.1990642311e+07
1.5945756889e+05 1.8865588982e-13 4.9855402822e-14 -6.0799322950e+06 1.9463950468e+06 1.3185131735e-18 1.5955402349e-17 1.7398367305e+02 -2.0218824590e+02 -5.3038607170e+11 9.3530218930e+06 9.3567062737e+07 1.9521237466e+00 1.3403493580e+01 -3.0389644903e+07
1.5945952102e+05 1.8865843846e-13 4.9886557828e-14 -6.0795917348e+06 1.9460137396e+06 1.2926317424e-18 1.5963687294e-17 1.7484452504e+02 -1.8861628649e+02 -5.3044396648e+11 9.2057752282e+06 9.3731902087e+07 1.9574939204e+00 1.3242954119e+01 -2.8950624006e+07
1.5946147851e+05 1.8866094338e-13 4.9917814780e-14 -6.0792490368e+06 1.9456571413e+06 1.2666752306e-18 1.5971995166e-17 1.7521551933e+02 -1.7586565780e+02 -5.3049934218e+11 9.0539163917e+06 9.3889897041e+07 1.9604947540e+00 1.3102942092e+01 -2.7649102598e+07
1.5946343900e+05 1.8866340120e-13 4.9949135950e-14 -6.0789055431e+06 1.9453241985e+06 1.2406751179e-18 1.5980315989e-17 1.7512566338e+02 -1.6392098313e+02 -5.3055236913e+11 8.8978799428e+06 9.4041118731e+07 1.9601288189e+00 1.2979655754e+01 -2.6464493228e+07
1.5946539913e+05 1.8866580760e-13 4.9980467581e-14 -6.0785627137e+06 1.9450139471e+06 1.2146761343e-18 1.5988635546e-17 1.7460925932e+02 -1.5277048809e+02 -5.3060316492e+11 8.7382245781e+06 9.4185582330e+07 1.9554974504e+00 1.2869651652e+01 -2.5379711122e+07
1.5946735463e+05 1.8866815754e-13 5.0011741433e-14 -6.0782220888e+06 1.9447254621e+06 1.1887349581e-18 1.5996935794e-17 1.7370599361e+02 -1.4240320652e+02 -5.3065180576e+11 8.5756261157e+06 9.4323273305e+07 1.9459941188e+00 1.2769899115e+01 -2.4380774782e+07
1.5946930063e+05 1.8867044569e-13 5.0042879413e-14 -6.0778852170e+06 1.9444577984e+06 1.1629163459e-18 1.6005196106e-17 1.7246029115e+02 -1.3280582749e+02 -5.3069834080e+11 8.4108488924e+06 9.4454181609e+07 1.9314723774e+00 1.2677823264e+01 -2.3456373663e+07
1.5947123210e+05 1.8867266708e-13 5.0073800925e-14 -6.0775535567e+06 1.9442099372e+06 1.1372870294e-18 1.6013395220e-17 1.7091985383e+02 -1.2395978301e+02 -5.3074280792e+11 8.2446968971e+06 9.4578338096e+07 1.9123145664e+00 1.2591326358e+01 -2.2597407020e+07
1.5947314441e+05 1.8867481766e-13 5.0104431336e-14 -6.0772283737e+06 1.9439807503e+06 1.1119086964e-18 1.6021513484e-17 1.6913355904e+02 -1.1583929418e+02 -5.3078524817e+11 8.0779539866e+06 9.4695844528e+07 1.8893657734e+00 1.2508780605e+01 -2.1796525017e+07
1.5947503378e+05 1.8867689478e-13 5.0134709413e-14 -6.0769106615e+06 1.9437689959e+06 1.0868318419e-18 1.6029534824e-17 1.6714912949e+02 -1.0841086063e+02 -5.3082571614e+11 7.9113273603e+06 9.4806889655e+07 1.8637577120e+00 1.2428992005e+01 -2.1047714161e+07
1.5947689754e+05 1.8867889731e-13 5.0164591956e-14 -6.0766011031e+06 1.9435733422e+06 1.0620919541e-18 1.6037447958e-17 1.6501105972e+02 -1.0163420777e+02 -5.3086428463e+11 7.7454071573e+06 9.4911748440e+07 1.8366962638e+00 1.2351141752e+01 -2.0345960515e+07
1.5947873423e+05 1.8868082566e-13 5.0194055039e-14 -6.0763000762e+06 1.9433924123e+06 1.0377085190e-18 1.6045246716e-17 1.6275915412e+02 -9.5464247733e+01 -5.3090104407e+11 7.5806480856e+06 9.5010767284e+07 1.8092855550e+00 1.2274715884e+01 -1.9687000668e+07
1.5948054352e+05 1.8868268144e-13 5.0223092422e-14 -6.0760076925e+06 1.9432248340e+06 1.0136863617e-18 1.6052929610e-17 1.6042779137e+02 -8.9853415717e+01 -5.3093609850e+11 7.4173711790e+06 9.5104341600e+07 1.7824247879e+00 1.2199433889e+01 -1.9067149219e+07
1.5948232594e+05 1.8868446717e-13 5.0251712308e-14 -6.0757238540e+06 1.9430692831e+06 9.9001835941e-19 1.6060498967e-17 1.5804582316e+02 -8.4753838951e+01 -5.3096955999e+11 7.2557791393e+06 9.5192892200e+07 1.7567772830e+00 1.2125184068e+01 -1.8483181721e+07
1.5948408272e+05 1.8868618592e-13 5.0279933581e-14 -6.0754483112e+06 1.9429245158e+06 9.6668856809e-19 1.6067959926e-17 1.5563691016e+02 -8.0119028235e+01 -5.3100154339e+11 7.0959778650e+06 9.5276844938e+07 1.7327870479e+00 1.2051969604e+01 -1.7932252475e+07
1.5948581551e+05 1.8868784104e-13 5.0307782310e-14 -6.0751807149e+06 1.9427893872e+06 9.4367513212e-19 1.6075319512e-17 1.5322009608e+02 -7.5905014719e+01 -5.3103216204e+11 6.9379987057e+06 9.5356615503e+07 1.7107184374e+00 1.1979866255e+01 -1.7411833142e+07
1.5948752623e+05 1.8868943597e-13 5.0335288871e-14 -6.0749206573e+06 1.9426628592e+06 9.2095266864e-19 1.6082585874e-17 1.5081046655e+02 -7.2070993622e+01 -5.3106152479e+11 6.7818183028e+06 9.5432599393e+07 1.6907006900e+00 1.1908990735e+01 -1.6919663966e+07
1.5948752623e+05 1.8868943597e-13 5.0335288871e-14 -6.0749206573e+06 1.9426628592e+06 9.2095266864e-19 1.6082585874e-17 1.5081046655e+02 -7.2070993622e+01 -5.3106152479e+11 6.7818183028e+06 9.5432599393e+07 1.6907006900e+00 1.1908990735e+01 -1.6919663966e+07
