0.0000000000e+00 0.0000000000e+00 0.0000000000e+00 3.1415900000e+08 0.0000000000e+00 0.0000000000e+00 0.0000000000e+00 -1.1784984552e+03 2.2614462446e+02 -4.6638893045e+09 -1.0017236869e+07 1.9222293079e+06 1.0000000000e+01 0.0000000000e+00 -0.0000000000e+00
1.0000000000e+01 2.8740014438e-22 6.8962987489e-28 3.1414721481e+08 2.2614462441e+03 5.7480747656e-23 2.0689284317e-28 -1.1785388405e+03 2.2614462431e+02 -4.6638893045e+09 -1.0017236869e+07 1.9222293079e+06 5.0000000000e+01 0.0000000000e+00 -0.0000000000e+00
6.0000000000e+01 1.0347699235e-20 1.4900197565e-25 3.1408828282e+08 1.3568677363e+04 3.4494919328e-22 7.4509374655e-27 -1.1787408124e+03 2.2614461922e+02 -4.6638893045e+09 -1.0017236869e+07 1.9222293079e+06 2.5000000000e+02 0.0000000000e+00 -0.0000000000e+00
3.1000000000e+02 2.7639898817e-19 2.0579502322e-23 3.1379347128e+08 7.0104819122e+04 1.7839115283e-21 1.9927245929e-25 -1.1797518104e+03 2.2614448445e+02 -4.6638893045e+09 -1.0017236869e+07 1.9222293079e+06 1.2500000000e+03 0.0000000000e+00 -0.0000000000e+00
1.5600000000e+03 7.0214359100e-18 2.6411488182e-21 3.1231560923e+08 3.5278375851e+05 9.0195312726e-21 5.0941147945e-24 -1.1848354717e+03 2.2614104539e+02 -4.6638893045e+09 -1.0017236869e+07 1.9222293079e+06 3.6000000000e+03 0.0000000000e+00 -0.0000000000e+00
5.1600000000e+03 7.7526385657e-17 9.7570747607e-20 3.0802347884e+08 1.1668377101e+06 3.0247735880e-20 5.7291205828e-23 -1.1997501585e+03 2.2610437233e+02 -4.6638893044e+09 -1.0017236869e+07 1.9222293079e+06 3.6000000000e+03 0.0000000000e+00 -0.0000000000e+00
8.7600000000e+03 2.2552884642e-16 4.8753617097e-19 3.0367689962e+08 1.9806843730e+06 5.2079119653e-20 1.6983709206e-22 -1.2150886319e+03 2.2602529891e+02 -4.6638893043e+09 -1.0017236869e+07 1.9222293079e+06 3.6000000000e+03 0.0000000000e+00 -0.0000000000e+00
1.2360000000e+04 4.5326030704e-16 1.3991123611e-18 2.9927430373e+08 2.7941645584e+06 7.4547481560e-20 3.4799745892e-22 -1.2308746387e+03 2.2590012553e+02 -4.6638893041e+09 -1.0017236869e+07 1.9222293079e+06 3.6000000000e+03 0.0000000000e+00 -0.0000000000e+00
1.5960000000e+04 7.6307886707e-16 3.0788247711e-18 2.9481403442e+08 3.6071050602e+06 9.7689410020e-20 5.9760177803e-22 -1.2471338854e+03 2.2572475648e+02 -4.6638893040e+09 -1.0017236869e+07 1.9222293079e+06 3.6000000000e+03 0.0000000000e+00 -0.0000000000e+00
1.9560000000e+04 1.1574798213e-15 5.7953099800e-18 2.9029433851e+08 4.4193171377e+06 1.2154459091e-19 9.2511790483e-22 -1.2638942548e+03 2.2549464750e+02 -4.6638893038e+09 -1.0017236869e+07 1.9222293079e+06 3.6000000000e+03 0.0000000000e+00 -0.0000000000e+00
2.3160000000e+04 1.6391074286e-15 9.8417657945e-18 2.8571335818e+08 5.2305947935e+06 1.4615615856e-19 1.3377386510e-21 -1.2811860527e+03 2.2520474502e+02 -4.6638893036e+09 -1.0017236869e+07 1.9222293079e+06 3.6000000000e+03 0.0000000000e+00 -0.0000000000e+00
2.6760000000e+04 2.2107680322e-15 1.5538737925e-17 2.8106912173e+08 6.0407128160e+06 1.7157109716e-19 1.8434826182e-21 -1.2990422895e+03 2.2484941526e+02 -4.6638893034e+09 -1.0017236869e+07 1.9222293079e+06 3.6000000000e+03 0.0000000000e+00 -0.0000000000e+00
3.0360000000e+04 2.8754447292e-15 2.3237299442e-17 2.7635953326e+08 6.8494245453e+06 1.9784070122e-19 2.4513120900e-21 -1.3174990043e+03 2.2442236142e+02 -4.6638893032e+09 -1.0017236869e+07 1.9222293079e+06 3.6000000000e+03 0.0000000000e+00 -0.0000000000e+00
3.3960000000e+04 3.6363138193e-15 3.3322690394e-17 2.7158236115e+08 7.6564593163e+06 2.2502110595e-19 3.1712714224e-21 -1.3365956369e+03 2.2391652646e+02 -4.6638893029e+09 -1.0017236869e+07 1.9222293079e+06 3.6000000000e+03 0.0000000000e+00 -0.0000000000e+00
3.7560000000e+04 4.4967633081e-15 4.6218498770e-17 2.6673522503e+08 8.4615195210e+06 2.5317390031e-19 4.0146501857e-21 -1.3563754590e+03 2.2332397847e+02 -4.6638893025e+09 -1.0017236869e+07 1.9222293079e+06 3.6000000000e+03 0.0000000000e+00 -0.0000000000e+00
4.1160000000e+04 5.4604137891e-15 6.2391481077e-17 2.6181558110e+08 9.2642772220e+06 2.8236683870e-19 4.9941763464e-21 -1.3768860741e+03 2.2263577491e+02 -4.6638893021e+09 -1.0017236869e+07 1.9222293079e+06 3.6000000000e+03 0.0000000000e+00 -0.0000000000e+00
4.4760000000e+04 6.5311420941e-15 8.2357142134e-17 2.5682070555e+08 1.0064370231e+07 3.1267467057e-19 6.1242461054e-21 -1.3981800002e+03 2.2184180119e+02 -4.6638893016e+09 -1.0017236869e+07 1.9222293079e+06 3.6000000000e+03 0.0000000000e+00 -0.0000000000e+00
4.8360000000e+04 7.7131081773e-15 1.0668622046e-16 2.5174767565e+08 1.0861397555e+07 3.4418011201e-19 7.4211987232e-21 -1.4203153527e+03 2.2093057754e+02 -4.6638893010e+09 -1.0017236869e+07 1.9222293079e+06 3.6000000000e+03 0.0000000000e+00 -0.0000000000e+00
5.1960000000e+04 9.0107857969e-15 1.3601225944e-16 2.4659334818e+08 1.1654914073e+07 3.7697498908e-19 8.9036468911e-21 -1.4433566475e+03 2.1988902690e+02 -4.6638893003e+09 -1.0017236869e+07 1.9222293079e+06 3.6000000000e+03 0.0000000000e+00 -0.0000000000e+00
5.5560000000e+04 1.0428997676e-14 1.7104048756e-16 2.4135433476e+08 1.2444424300e+07 4.1116159026e-19 1.0592876132e-20 -1.4673757513e+03 2.1870219431e+02 -4.6638892994e+09 -1.0017236869e+07 1.9222293079e+06 3.6000000000e+03 0.0000000000e+00 -0.0000000000e+00
5.9160000000e+04 1.1972955977e-14 2.1255828600e-16 2.3602697338e+08 1.3229375032e+07 4.4685427493e-19 1.2513330577e-20 -1.4924530116e+03 2.1735290561e+02 -4.6638892984e+09 -1.0017236869e+07 1.9222293079e+06 3.6000000000e+03 0.0000000000e+00 -0.0000000000e+00
6.2760000000e+04 1.3648309117e-14 2.6144759338e-16 2.3060729554e+08 1.4009146628e+07 4.8418139779e-19 1.4693207617e-20 -1.5186786090e+03 2.1582134964e+02 -4.6638892971e+09 -1.0017236869e+07 1.9222293079e+06 3.6000000000e+03 0.0000000000e+00 -0.0000000000e+00
6.6360000000e+04 1.5461196188e-14 3.1869969011e-16 2.2509098797e+08 1.4783042626e+07 5.2328762542e-19 1.7165190882e-20 -1.5461541845e+03 2.1408456329e+02 -4.6638892954e+09 -1.0017236869e+07 1.9222293079e+06 3.6000000000e+03 0.0000000000e+00 -0.0000000000e+00
6.9960000000e+04 1.7418310571e-14 3.8543292706e-16 2.1947334799e+08 1.5550277287e+07 5.6433674407e-19 1.9967360419e-20 -1.5749948123e+03 2.1211579194e+02 -4.6638892934e+09 -1.0017236869e+07 1.9222293079e+06 3.6000000000e+03 0.0000000000e+00 -0.0000000000e+00
7.3560000000e+04 1.9526974726e-14 4.6291412532e-16 2.1374923092e+08 1.6309960557e+07 6.0751508710e-19 2.3144331978e-20 -1.6053314081e+03 2.0988368909e+02 -4.6638892909e+09 -1.0017236869e+07 1.9222293079e+06 3.6000000000e+03 0.0000000000e+00 -0.0000000000e+00
7.7160000000e+04 2.1795228683e-14 5.5258459135e-16 2.0791298794e+08 1.7061079790e+07 6.5303575182e-19 2.6748695356e-20 -1.6373136916e+03 2.0735130579e+02 -4.6638892876e+09 -1.0017236869e+07 1.9222293079e+06 3.6000000000e+03 0.0000000000e+00 -0.0000000000e+00
8.0760000000e+04 2.4231935469e-14 6.5609198692e-16 2.0195839198e+08 1.7802477360e+07 7.0114383111e-19 3.0842847276e-20 -1.6711138622e+03 2.0447480282e+02 -4.6638892835e+09 -1.0017236869e+07 1.9222293079e+06 3.6000000000e+03 0.0000000000e+00 -0.0000000000e+00
8.4360000000e+04 2.6846907628e-14 7.7532969870e-16 1.9587854887e+08 1.8532822994e+07 7.5212296376e-19 3.5501350720e-20 -1.7069312010e+03 2.0120179310e+02 -4.6638892781e+09 -1.0017236869e+07 1.9222293079e+06 3.6000000000e+03 0.0000000000e+00 -0.0000000000e+00
8.7960000000e+04 2.9651060301e-14 9.1248591614e-16 1.8966578975e+08 1.9250579298e+07 8.0630361752e-19 4.0814005510e-20 -1.7449978909e+03 1.9746918435e+02 -4.6638892709e+09 -1.0017236869e+07 1.9222293079e+06 3.6000000000e+03 0.0000000000e+00 -0.0000000000e+00
9.1560000000e+04 3.2656598075e-14 1.0701054229e-15 1.8331153983e+08 1.9953958334e+07 8.6407367765e-19 4.6889892880e-20 -1.7855864555e+03 1.9320033736e+02 -4.6638892614e+09 -1.0017236869e+07 1.9222293079e+06 3.6000000000e+03 0.0000000000e+00 -0.0000000000e+00
9.5160000000e+04 3.5877245257e-14 1.2511682492e-15 1.7680615657e+08 2.0640866371e+07 9.2589214470e-19 5.3862773862e-20 -1.8290193832e+03 1.8830127322e+02 -4.6638892484e+09 -1.0017236869e+07 1.9222293079e+06 3.6000000000e+03 0.0000000000e+00 -0.0000000000e+00
9.8760000000e+04 3.9328532713e-14 1.4591909979e-15 1.7013872817e+08 2.1308832683e+07 9.9230708822e-19 6.1898400376e-20 -1.8756817412e+03 1.8265553657e+02 -4.6638892305e+09 -1.0017236869e+07 1.9222293079e+06 3.6000000000e+03 0.0000000000e+00 -0.0000000000e+00
1.0236000000e+05 4.3028159404e-14 1.6983591376e-15 1.6329681955e+08 2.1954916610e+07 1.0639795235e-18 7.1204578123e-20 -1.9260379510e+03 1.7611712557e+02 -4.6638892053e+09 -1.0017236869e+07 1.9222293079e+06 3.6000000000e+03 0.0000000000e+00 -0.0000000000e+00
1.0596000000e+05 4.6996454085e-14 1.9737023149e-15 1.5626614795e+08 2.2575584381e+07 1.1417156829e-18 8.2045269038e-20 -1.9806544620e+03 1.6850058367e+02 -4.6638891690e+09 -1.0017236869e+07 1.9222293079e+06 3.6000000000e+03 0.0000000000e+00 -0.0000000000e+00
1.0956000000e+05 5.1256973655e-14 2.2913305967e-15 1.4903016258e+08 2.3166543135e+07 1.2265114314e-18 9.4760759231e-20 -2.0402309573e+03 1.5956682985e+02 -4.6638891154e+09 -1.0017236869e+07 1.9222293079e+06 3.6000000000e+03 0.0000000000e+00 -0.0000000000e+00
1.1316000000e+05 5.5837291599e-14 2.6587588876e-15 1.4156949064e+08 2.3722512988e+07 1.3196146607e-18 1.0979716942e-19 -2.1056441909e+03 1.4900242496e+02 -4.6638890340e+09 -1.0017236869e+07 1.9222293079e+06 3.6000000000e+03 0.0000000000e+00 -0.0000000000e+00
1.1676000000e+05 6.0770056686e-14 3.0853621424e-15 1.3386119349e+08 2.4236907209e+07 1.4226150041e-18 1.2775077854e-19 -2.1780110204e+03 1.3638843040e+02 -4.6638889061e+09 -1.0017236869e+07 1.9222293079e+06 3.6000000000e+03 0.0000000000e+00 -0.0000000000e+00
1.2036000000e+05 6.6094445710e-14 3.5830301385e-15 1.2587774596e+08 2.4701372177e+07 1.5375763299e-18 1.4943662956e-19 -2.2587814954e+03 1.2115220661e+02 -4.6638886976e+09 -1.0017236869e+07 1.9222293079e+06 3.6000000000e+03 0.0000000000e+00 -0.0000000000e+00
1.2396000000e+05 7.1858207636e-14 4.1671368674e-15 1.1758560020e+08 2.5105106310e+07 1.6672385767e-18 1.7599850612e-19 -2.3498806646e+03 1.0249014462e+02 -4.6638883411e+09 -1.0017236869e+07 1.9222293079e+06 3.6000000000e+03 0.0000000000e+00 -0.0000000000e+00
1.2756000000e+05 7.8120625989e-14 4.8580253592e-15 1.0894310431e+08 2.5433816831e+07 1.8153366319e-18 2.0909266841e-19 -2.4539326158e+03 7.9238575542e+01 -4.6638876972e+09 -1.0017236869e+07 1.9222293079e+06 3.6000000000e+03 0.0000000000e+00 -0.0000000000e+00
1.3116000000e+05 8.4956965383e-14 5.6833764978e-15 9.9897378236e+07 2.5668055479e+07 1.9871264886e-18 2.5121041173e-19 -2.5746301481e+03 4.9647144588e+01 -4.6638864516e+09 -1.0017236869e+07 1.9222293079e+06 3.6000000000e+03 0.0000000000e+00 -0.0000000000e+00
1.3476000000e+05 9.2465435857e-14 6.6821804950e-15 9.0379420777e+07 2.5780428190e+07 2.1903003971e-18 3.0627969555e-19 -2.7173777459e+03 1.0956113651e+01 -4.6638838246e+09 -1.0017236869e+07 1.9222293079e+06 3.6000000000e+03 0.0000000000e+00 -0.0000000000e+00
1.3836000000e+05 1.0077869062e-13 7.9118213616e-15 8.0296031346e+07 2.5730617631e+07 2.4366860750e-18 3.8087572768e-19 -2.8904854246e+03 -4.1454180921e+01 -4.6638776253e+09 -1.0017236869e+07 1.9222293079e+06 3.6000000000e+03 0.0000000000e+00 -0.0000000000e+00
1.4196000000e+05 1.1008412322e-13 9.4617651466e-15 6.9515549436e+07 2.5455766011e+07 2.7456757148e-18 4.8690790350e-19 -3.1075779103e+03 -1.1595114022e+02 -4.6638605877e+09 -1.0017236869e+07 1.9222293079e+06 3.6000000000e+03 0.0000000000e+00 -0.0000000000e+00
1.4556000000e+05 1.2066300302e-13 1.1482999879e-14 5.7840358506e+07 2.4849790915e+07 3.1519502494e-18 6.4842817752e-19 -3.3930216186e+03 -2.2943338451e+02 -4.6638023232e+09 -1.0017236869e+07 1.9222293079e+06 3.6000000000e+03 0.0000000000e+00 -0.0000000000e+00
1.4864066329e+05 1.3106647703e-13 1.3796123652e-14 4.6900443133e+07 2.3921292808e+07 3.6280010917e-18 8.7179961754e-19 -3.7274893398e+03 -3.8637153036e+02 -4.6636925988e+09 -1.0017236869e+07 1.9222293079e+06 3.1105722603e+03 0.0000000000e+00 -0.0000000000e+00
1.5108839060e+05 1.4055419597e-13 1.6258673096e-14 3.7349840570e+07 2.2744674914e+07 4.1530619313e-18 1.1650290508e-18 -4.0963909085e+03 -5.9239108038e+02 -4.6635394291e+09 -1.0017236869e+07 1.9222293079e+06 2.4983008171e+03 0.0000000000e+00 -0.0000000000e+00
1.5301389038e+05 1.4907281655e-13 1.8840032381e-14 2.9095559458e+07 2.1366483673e+07 4.7262661973e-18 1.5489899314e-18 -4.4991174822e+03 -8.6215747792e+02 -4.6633310796e+09 -1.0017236869e+07 1.9222293079e+06 1.9750549278e+03 0.0000000000e+00 -0.0000000000e+00
1.5451791313e+05 1.5662078874e-13 2.1514778416e-14 2.2019954510e+07 1.9827365236e+07 5.3430288638e-18 2.0510536651e-18 -4.9324476757e+03 -1.2149015506e+03 -4.6630552496e+09 -1.0017236869e+07 1.9222293079e+06 1.5470299206e+03 0.0000000000e+00 -0.0000000000e+00
1.5569094264e+05 1.6325169637e-13 2.4273334835e-14 1.5978743350e+07 1.8154510269e+07 5.9939315345e-18 2.7093694621e-18 -5.3897642345e+03 -1.6774264847e+03 -4.6626968023e+09 -1.0017236869e+07 1.9222293079e+06 1.2070836542e+03 0.0000000000e+00 -0.0000000000e+00
1.5660989969e+05 1.6905356425e-13 2.7128098147e-14 1.0819429774e+07 1.6356604348e+07 6.6597754836e-18 3.5797033223e-18 -5.8575783596e+03 -2.2889128156e+03 -4.6622384308e+09 -1.0017236869e+07 1.9222293079e+06 9.4326921603e+02 0.0000000000e+00 -0.0000000000e+00
1.5733969984e+05 1.7414263303e-13 3.0130380029e-14 6.3838415734e+06 1.4412276798e+07 7.3007563697e-18 4.7511382491e-18 -6.3079239893e+03 -3.1119492136e+03 -4.6616657227e+09 -1.0017236869e+07 1.9222293079e+06 7.4392227603e+02 0.0000000000e+00 -0.0000000000e+00
1.5788069216e+05 1.7822541286e-13 3.3058934698e-14 2.8777698769e+06 1.2477051248e+07 7.7806203768e-18 6.1904193445e-18 -6.6450707952e+03 -4.1231711785e+03 -4.6612814566e+09 -1.0017236869e+07 1.9222293079e+06 6.0385200269e+02 0.0000000000e+00 -0.0000000000e+00
1.5819054021e+05 1.8066820986e-13 3.5156571500e-14 7.9633399441e+05 1.1073346779e+07 7.9643217418e-18 7.4122336266e-18 -6.7741372131e+03 -4.9816035189e+03 -4.6612406310e+09 -1.0017236869e+07 1.9222293079e+06 3.8015455572e+02 1.0953324079e-279 -7.8287220508e-272
1.5857069477e+05 1.8369033974e-13 3.8353707169e-14 -1.7749904552e+06 8.9130467815e+06 7.8310923623e-18 9.5445199609e-18 -6.6805318184e+03 -6.4797228116e+03 -4.6612858055e+09 -1.0017236869e+07 1.9222293079e+06 3.6559172956e+02 9.1387601556e-159 -7.2294632112e-151
1.5893628650e+05 1.8638694064e-13 4.2342470957e-14 -4.1004398140e+06 6.1932648745e+06 6.6578463987e-18 1.2393065672e-17 -5.8562230073e+03 -8.4810775156e+03 -4.6613689896e+09 -1.0017236869e+07 1.9222293079e+06 3.9479692697e+02 4.7270739768e-59 -4.1411665635e-51
1.5897576619e+05 1.8664519056e-13 4.2838439327e-14 -4.3284099259e+06 5.8537314532e+06 6.4203030044e-18 1.2732388391e-17 -5.6893278131e+03 -8.7194816661e+03 -4.6613689334e+09 -1.0017236869e+07 1.9222293079e+06 1.9739846348e+02 3.3969244299e-50 -3.0061806023e-42
1.5917316465e+05 1.8776453663e-13 4.5516522310e-14 -5.3474830943e+06 4.0167824577e+06 4.7955962306e-18 1.4369396065e-17 -4.5478279480e+03 -9.8696239989e+03 -4.6611007433e+09 -1.0017236869e+07 1.9222293079e+06 3.1730286966e+02 1.2502358855e-14 -1.1548392176e-06
1.5920489494e+05 1.8791149697e-13 4.5976241085e-14 -5.4881297910e+06 3.7009650888e+06 4.4643578717e-18 1.4605257515e-17 -4.3151037739e+03 -1.0035337479e+04 -4.6611006893e+09 -1.0017236869e+07 1.9222293079e+06 1.5865143483e+02 1.6590076219e-10 -1.5404184236e-02
1.5922163761e+05 1.8798472348e-13 4.6221776223e-14 -5.5593090798e+06 3.5322412528e+06 4.2820919439e-18 1.4724585569e-17 -4.1870458774e+03 -1.0119175966e+04 -4.6611006925e+09 -1.0017236869e+07 1.9222293083e+06 8.3713321190e+01 1.5637753413e-08 -1.4556451880e+00
1.5928210834e+05 1.8822284849e-13 4.7124451228e-14 -5.7978775037e+06 2.9117077431e+06 3.5834639858e-18 1.5120629156e-17 -3.6961712158e+03 -1.0397356455e+04 -4.6685768271e+09 -1.0017008411e+07 1.9228674509e+06 1.0725672903e+02 1.3096532006e-02 -1.2283991514e+06
1.5929283401e+05 1.8826058770e-13 4.7286974358e-14 -5.8370319871e+06 2.7999488059e+06 3.4534218617e-18 1.5184466122e-17 -3.6046604473e+03 -1.0441792673e+04 -4.7098192200e+09 -1.0015778444e+07 1.9263939610e+06 3.9330170780e+01 9.2070336799e-02 -8.6449477700e+06
1.5931256337e+05 1.8832632779e-13 4.7587669550e-14 -5.9064441933e+06 2.5932257654e+06 3.2098524140e-18 1.5296315268e-17 -3.4291495441e+03 -1.0507156449e+04 -6.0184729753e+09 -9.9785325081e+06 2.0387649666e+06 2.5611800663e+01 2.2707227051e+00 -2.1332732101e+08
1.5932898126e+05 1.8837733462e-13 4.7839526939e-14 -5.9613161917e+06 2.4209593149e+06 3.0031312713e-18 1.5383644605e-17 -3.2399697977e+03 -1.0429378555e+04 -1.9647872143e+10 -9.6050433280e+06 3.2214078675e+06 1.7796015757e+01 2.1658413127e+01 -2.0105272771e+09
1.5934243426e+05 1.8841658197e-13 4.8046941624e-14 -6.0030650426e+06 2.2836991259e+06 2.8312508838e-18 1.5451206978e-17 -2.9222702887e+03 -9.8259532403e+03 -8.0846862132e+10 -7.9310671758e+06 8.7540055317e+06 1.4886877246e+01 9.1882245914e+01 -8.0062509850e+09
1.5935178128e+05 1.8844248283e-13 4.8191575384e-14 -6.0285200086e+06 2.1966915805e+06 2.7106614727e-18 1.5496091659e-17 -2.4894554959e+03 -8.6650824128e+03 -1.8256583776e+11 -4.9723013997e+06 1.8889458879e+07 9.5829710984e+00 1.7465527521e+02 -1.3384287722e+10
1.5936136425e+05 1.8846786328e-13 4.8340288195e-14 -6.0494940189e+06 2.1222037564e+06 2.5862032716e-18 1.5540561016e-17 -1.8699897875e+03 -6.8035148004e+03 -3.1686445365e+11 -4.5010725534e+05 3.4978354584e+07 1.0420905893e+01 2.2343167639e+02 -1.3400207082e+10
1.5937016537e+05 1.8849011959e-13 4.8477238063e-14 -6.0633662837e+06 2.0704561927e+06 2.4713274122e-18 1.5580295005e-17 -1.2951395356e+03 -4.9863345654e+03 -4.1596524338e+11 3.7500812532e+06 5.0661677965e+07 8.9731307370e+00 2.0183158787e+02 -8.8382450653e+09
1.5937708724e+05 1.8850691223e-13 4.8585189241e-14 -6.0709908565e+06 2.0402591622e+06 2.3806917448e-18 1.5610987822e-17 -9.2223163771e+02 -3.7828187090e+03 -4.6453688602e+11 6.3785221797e+06 6.1074860249e+07 7.0639166086e+00 1.6211580018e+02 -5.3653387200e+09
1.5938415115e+05 1.8852340195e-13 4.8695573466e-14 -6.0764210432e+06 2.0170591917e+06 2.2879963927e-18 1.5641939237e-17 -6.2931763301e+02 -2.8313007653e+03 -4.9339726945e+11 8.3147145764e+06 6.9347604616e+07 6.6238866501e+00 1.2189746024e+02 -3.0051840862e+09
1.5939077504e+05 1.8853826908e-13 4.8799279299e-14 -6.0798761999e+06 2.0006204597e+06 2.2009298222e-18 1.5670709079e-17 -4.2374099270e+02 -2.1645817649e+03 -5.0862869468e+11 9.5421544605e+06 7.5186529618e+07 6.5953754534e+00 9.1377325663e+01 -1.7131582469e+09
1.5939737042e+05 1.8855249884e-13 4.8902727462e-14 -6.0821396764e+06 1.9880569999e+06 2.1141237758e-18 1.5699173859e-17 -2.6990264709e+02 -1.6694000241e+03 -5.1729685768e+11 1.0331374689e+07 7.9565566083e+07 6.6934988884e+00 6.8540859970e+01 -9.8521733441e+08
1.5940406392e+05 1.8856635461e-13 4.9007906151e-14 -6.0835334294e+06 1.9781992725e+06 2.0259279421e-18 1.5727924137e-17 -1.5201023626e+02 -1.2942651876e+03 -5.2237651145e+11 1.0806754662e+07 8.2925908851e+07 6.8303748960e+00 5.1694562510e+01 -5.7261402213e+08
1.5941089429e+05 1.8857988484e-13 4.9115433654e-14 -6.0842456003e+06 1.9703853341e+06 1.9358401246e-18 1.5757155998e-17 -6.0674503942e+01 -1.0074008587e+03 -5.2540883337e+11 1.1045103940e+07 8.5538828320e+07 6.9665394665e+00 3.9400000446e+01 -3.3798991839e+08
1.5941563892e+05 1.8858892114e-13 4.9190243661e-14 -6.0844102070e+06 1.9659894789e+06 1.8732145853e-18 1.5777413699e-17 -1.0264745054e+01 -8.5056590014e+02 -5.2676157071e+11 1.1099587171e+07 8.6992904461e+07 5.0179746357e+00 3.3020186180e+01 -2.3874706089e+08
1.5942065690e+05 1.8859815462e-13 4.9269468007e-14 -6.0843474226e+06 1.9620757576e+06 1.8069424150e-18 1.5798805613e-17 3.3861536145e+01 -7.1375281759e+02 -5.2777132149e+11 1.1078883159e+07 8.8283568171e+07 5.8024406404e+00 2.7739163488e+01 -1.6847998134e+08
1.5942645934e+05 1.8860841686e-13 4.9361211324e-14 -6.0840263951e+06 1.9583216558e+06 1.7302633320e-18 1.5823509152e-17 7.5219839390e+01 -5.8485499161e+02 -5.2858433380e+11 1.0972501253e+07 8.9526729229e+07 6.4693963757e+00 2.3102026900e+01 -1.1579230938e+08
1.5943292874e+05 1.8861933392e-13 4.9463668887e-14 -6.0834180625e+06 1.9549245556e+06 1.6447152341e-18 1.5851021836e-17 1.1122106673e+02 -4.6973896960e+02 -5.2920608069e+11 1.0767618445e+07 9.0669521164e+07 6.8201678128e+00 1.9363512129e+01 -7.9451875442e+07
1.5943974890e+05 1.8863024344e-13 4.9571874353e-14 -6.0825580639e+06 1.9520628022e+06 1.5544694413e-18 1.5880002520e-17 1.3942339829e+02 -3.7314069069e+02 -5.2966265925e+11 1.0468390389e+07 9.1663679177e+07 7.1110038738e+00 1.6661517713e+01 -5.6413729065e+07
1.5944685991e+05 1.8864096255e-13 4.9684904498e-14 -6.0814898802e+06 1.9497055066e+06 1.4603143302e-18 1.5910203135e-17 1.5951153610e+02 -2.9290125965e+02 -5.3000852492e+11 1.0076845237e+07 9.2526072415e+07 7.3358868250e+00 1.4848497101e+01 -4.2094204458e+07
1.5945419579e+05 1.8865131879e-13 4.9801734197e-14 -6.0802711861e+06 1.9478077534e+06 1.3631204943e-18 1.5941350431e-17 1.7132036306e+02 -2.2702971766e+02 -5.3028202620e+11 9.5967786778e+06 9.3271992171e+07 7.4165337413e+00 1.3732077129e+01 -3.3197934134e+07
1.5946161233e+05 1.8866106385e-13 4.9920080525e-14 -6.0789816092e+06 1.9463268862e+06 1.2647994454e-18 1.5972838290e-17 1.7520293264e+02 -1.7444889405e+02 -5.3050567030e+11 9.0426072151e+06 9.3906974670e+07 7.5309163028e+00 1.3087493594e+01 -2.7504086257e+07
1.5946914324e+05 1.8867021284e-13 5.0040491037e-14 -6.0776688055e+06 1.9451757766e+06 1.1649063796e-18 1.6004814948e-17 1.7248657102e+02 -1.3312280094e+02 -5.3069688755e+11 8.4229567527e+06 9.4449211061e+07 7.5496897276e+00 1.2680537313e+01 -2.3484497968e+07
1.5947669293e+05 1.8867862934e-13 5.0161443452e-14 -6.0763921447e+06 1.9442940457e+06 1.0647129849e-18 1.6036877940e-17 1.6512727159e+02 -1.0203799780e+02 -5.3086205952e+11 7.7620477547e+06 9.4904912076e+07 7.3062278673e+00 1.2355632479e+01 -2.0386011228e+07
1.5948399916e+05 1.8868605402e-13 5.0278725914e-14 -6.0752195683e+06 1.9436330083e+06 9.6770630774e-19 1.6067915193e-17 1.5561048993e+02 -8.0109145081e+01 -5.3100175336e+11 7.1018312342e+06 9.5276661801e+07 6.8926487606e+00 1.2051476869e+01 -1.7928649654e+07
1.5949089181e+05 1.8869240858e-13 5.0389577343e-14 -6.0741803340e+06 1.9431349260e+06 8.7615461065e-19 1.6097203797e-17 1.4591200048e+02 -6.5237972314e+01 -5.3111844272e+11 6.4726473388e+06 9.5577978313e+07 6.5373907635e+00 1.1767574777e+01 -1.5987109080e+07
1.5949089181e+05 1.8869240858e-13 5.0389577343e-14 -6.0741803340e+06 1.9431349260e+06 8.7615461065e-19 1.6097203797e-17 1.4591200048e+02 -6.5237972314e+01 -5.3111844272e+11 6.4726473388e+06 9.5577978313e+07 6.5373907635e+00 1.1767574777e+01 -1.5987109080e+07
